/*--------------------------------*- C++ -*----------------------------------*\
  =========                 |
  \\      /  F ield         | OpenFOAM: The Open Source CFD Toolbox
   \\    /   O peration     | Website:  https://openfoam.org
    \\  /    A nd           | Version:  12
     \\/     M anipulation  |
\*---------------------------------------------------------------------------*/
FoamFile
{
    format      ascii;
    class       volScalarField;
    location    "2";
    object      p;
}
// * * * * * * * * * * * * * * * * * * * * * * * * * * * * * * * * * * * * * //

dimensions      [0 2 -2 0 0 0 0];

internalField   nonuniform List<scalar> 
5625
(
2.27444e-07
-9.32681e-06
-5.55604e-05
-0.00014101
-0.00025609
-0.000391581
-0.000539852
-0.000694718
-0.000851331
-0.00100605
-0.00115621
-0.00129992
-0.00143581
-0.0015629
-0.00168042
-0.00178772
-0.00188417
-0.00196906
-0.00204165
-0.00210107
-0.00214635
-0.00217645
-0.00219025
-0.00218662
-0.00216445
-0.00212267
-0.00206035
-0.00197672
-0.0018712
-0.00174353
-0.00159372
-0.00142218
-0.0012297
-0.00101752
-0.000787321
-0.000541362
-0.000282232
-1.28685e-05
0.000262992
0.000541452
0.000818279
0.00108896
0.0013488
0.00159306
0.00181703
0.00201618
0.00218627
0.00232348
0.0024245
0.00248669
0.00250815
0.00248778
0.00242535
0.00232154
0.00217796
0.00199705
0.00178214
0.00153732
0.00126733
0.000977531
0.000673719
0.000362046
4.88987e-05
-0.000259224
-0.000555819
-0.000834471
-0.00108896
-0.00131336
-0.00150225
-0.00165092
-0.00175586
-0.00181547
-0.00183111
-0.00181028
-0.00177672
9.68009e-06
-1.38921e-07
-4.17405e-05
-0.000117559
-0.000219391
-0.000339617
-0.00047188
-0.000610955
-0.000752603
-0.000893517
-0.0010312
-0.00116378
-0.00128987
-0.00140843
-0.00151862
-0.00161969
-0.00171096
-0.00179169
-0.00186113
-0.00191842
-0.00196262
-0.00199276
-0.00200778
-0.00200663
-0.00198829
-0.00195178
-0.00189624
-0.00182095
-0.00172543
-0.0016094
-0.0014729
-0.00131632
-0.00114039
-0.000946268
-0.000735533
-0.00051029
-0.000272837
-2.60351e-05
0.000226663
0.000481685
0.000735087
0.000982674
0.0012201
0.00144296
0.00164689
0.0018277
0.00198147
0.00210466
0.00219425
0.00224781
0.00226362
0.0022407
0.0021789
0.00207892
0.00194229
0.00177136
0.00156926
0.00133986
0.0010876
0.000817493
0.000534938
0.000245648
-4.44867e-05
-0.000329493
-0.000603429
-0.000860494
-0.00109513
-0.00130215
-0.00147687
-0.00161538
-0.00171488
-0.00177416
-0.0017937
-0.00177701
-0.00174328
5.60615e-05
4.08139e-05
-1.4821e-06
-7.20469e-05
-0.000164218
-0.00027201
-0.000390427
-0.00051521
-0.000642818
-0.000770413
-0.000895775
-0.0010172
-0.00113335
-0.00124321
-0.00134592
-0.00144071
-0.00152686
-0.00160366
-0.00167031
-0.001726
-0.00176982
-0.00180084
-0.00181806
-0.00182051
-0.00180721
-0.00177725
-0.00172982
-0.00166425
-0.00158007
-0.001477
-0.00135508
-0.00121461
-0.00105628
-0.000881117
-0.000690573
-0.000486519
-0.000271109
-4.70703e-05
0.000182543
0.000414379
0.000644776
0.00086984
0.00108553
0.00128775
0.00147245
0.00163572
0.00177392
0.00188375
0.00196243
0.0020077
0.002018
0.00199244
0.00193095
0.00183421
0.00170372
0.00154172
0.00135121
0.00113581
0.000899733
0.000647662
0.000384643
0.000115973
-0.000152912
-0.000416546
-0.00066954
-0.000906688
-0.00112307
-0.00131415
-0.00147593
-0.00160509
-0.00169926
-0.00175722
-0.00177802
-0.00176073
-0.00172207
0.000143513
0.000116976
6.7203e-05
-4.66288e-06
-9.36829e-05
-0.000195254
-0.000305416
-0.000420759
-0.000538428
-0.000656104
-0.000771945
-0.000884504
-0.000992641
-0.00109543
-0.0011921
-0.00128193
-0.00136424
-0.00143831
-0.0015034
-0.0015587
-0.00160333
-0.00163639
-0.00165692
-0.00166395
-0.00165654
-0.0016338
-0.00159491
-0.00153921
-0.00146617
-0.00137551
-0.00126718
-0.00114141
-0.000998778
-0.000840197
-0.000666967
-0.000480777
-0.000283674
-7.81514e-05
0.000132951
0.000346468
0.000558945
0.000766697
0.000965889
0.00115262
0.00132302
0.00147337
0.00160016
0.00170025
0.00177097
0.00181016
0.00181633
0.00178866
0.00172707
0.00163226
0.00150569
0.00134955
0.00116672
0.000960705
0.000735553
0.000495739
0.000246064
-8.4604e-06
-0.000262724
-0.000511632
-0.000750204
-0.000973677
-0.00117759
-0.00135789
-0.00151098
-0.00163384
-0.00172421
-0.00178053
-0.00180051
-0.00178028
-0.00173625
0.000263551
0.000220851
0.000158173
8.00907e-05
-1.04405e-05
-0.000110177
-0.000216057
-0.000325454
-0.000436189
-0.000546497
-0.000654969
-0.000760493
-0.000862181
-0.000959297
-0.00105119
-0.00113726
-0.00121688
-0.00128939
-0.00135409
-0.00141018
-0.00145683
-0.00149312
-0.00151811
-0.00153084
-0.00153034
-0.0015157
-0.00148609
-0.00144076
-0.00137917
-0.00130091
-0.00120587
-0.00109415
-0.000966215
-0.000822833
-0.000665153
-0.000494706
-0.000313397
-0.000123538
7.21966e-05
0.000270796
0.000468953
0.000663127
0.000849609
0.00102462
0.00118438
0.00132525
0.0014438
0.00153695
0.00160205
0.001637
0.00164029
0.00161112
0.00154941
0.00145584
0.00133182
0.00117952
0.00100176
0.000801958
0.000584065
0.000352424
0.000111679
-0.000133354
-0.000377795
-0.000616818
-0.000845747
-0.00106015
-0.00125591
-0.0014293
-0.001577
-0.00169619
-0.00178459
-0.00184033
-0.00186027
-0.00183909
-0.00179307
0.0004073
0.000344921
0.000265371
0.000177431
8.19499e-05
-1.91928e-05
-0.000123774
-0.000229912
-0.0003361
-0.000441139
-0.000544089
-0.000644216
-0.000740928
-0.000833723
-0.000922132
-0.00100568
-0.00108383
-0.00115602
-0.00122157
-0.00127973
-0.00132966
-0.00137047
-0.00140119
-0.00142083
-0.00142839
-0.00142291
-0.00140348
-0.00136929
-0.00131968
-0.00125415
-0.00117244
-0.00107454
-0.000960756
-0.000831706
-0.000688383
-0.000532158
-0.000364794
-0.000188448
-5.65944e-06
0.000180683
0.000367381
0.000550979
0.000727842
0.000894235
0.00104642
0.00118076
0.00129384
0.00138256
0.00144423
0.00147672
0.0014785
0.00144872
0.00138726
0.00129476
0.00117261
0.00102293
0.000848497
0.000652699
0.000439419
0.00021293
-2.22224e-05
-0.000261342
-0.000499706
-0.000732673
-0.000955785
-0.00116485
-0.00135601
-0.00152578
-0.00167104
-0.00178911
-0.0018777
-0.00193477
-0.00195683
-0.00193804
-0.00189415
0.000566754
0.000482285
0.000383064
0.000282541
0.000179448
7.4325e-05
-3.13947e-05
-0.000136545
-0.000240279
-0.000341971
-0.000441165
-0.000537528
-0.000630797
-0.00072073
-0.000807062
-0.000889474
-0.000967559
-0.00104082
-0.00110863
-0.00117027
-0.00122493
-0.00127167
-0.00130952
-0.00133743
-0.00135434
-0.00135921
-0.00135102
-0.00132886
-0.00129193
-0.00123961
-0.00117146
-0.00108734
-0.00098737
-0.00087201
-0.000742087
-0.000598816
-0.000443813
-0.000279102
-0.000107107
6.93776e-05
0.000247222
0.000423018
0.00059315
0.00075388
0.000901443
0.00103216
0.00114253
0.00122938
0.00128996
0.00132203
0.00132396
0.00129483
0.00123444
0.00114336
0.00102294
0.000875252
0.000703044
0.000509676
0.000299005
7.52749e-05
-0.000157013
-0.000393226
-0.000628727
-0.000858987
-0.00107969
-0.0012868
-0.00147664
-0.0016459
-0.00179162
-0.0019112
-0.00200241
-0.00206315
-0.00208986
-0.0020769
-0.00203884
0.000734448
0.000626336
0.000505532
0.000390452
0.00027774
0.00016663
5.78027e-05
-4.82647e-05
-0.000151373
-0.00025147
-0.000348588
-0.000442809
-0.000534211
-0.00062283
-0.000708623
-0.000791438
-0.000870998
-0.000946887
-0.00101855
-0.00108528
-0.00114626
-0.00120054
-0.00124709
-0.00128479
-0.00131251
-0.00132908
-0.00133338
-0.00132433
-0.00130098
-0.00126255
-0.00120842
-0.00113826
-0.00105201
-0.000949954
-0.000832738
-0.000701417
-0.000557463
-0.000402777
-0.000239681
-7.09002e-05
0.000100479
0.000271059
0.000437204
0.000595123
0.000740973
0.000870969
0.000981496
0.00106924
0.00113129
0.00116526
0.0011694
0.00114263
0.00108463
0.000995896
0.00087767
0.000731973
0.000561526
0.000369665
0.000160243
-6.25002e-05
-0.000294064
-0.000529828
-0.00076518
-0.000995639
-0.00121695
-0.00142519
-0.00161676
-0.00178847
-0.00193748
-0.00206126
-0.00215762
-0.00222449
-0.00225848
-0.00225445
-0.00222534
0.000903386
0.000770682
0.000627063
0.00049607
0.000372289
0.00025368
0.000140196
3.16429e-05
-7.24189e-05
-0.000172502
-0.000269132
-0.000362802
-0.00045394
-0.000542866
-0.000629762
-0.000714653
-0.000797389
-0.000877643
-0.000954909
-0.00102851
-0.0010976
-0.00116121
-0.00121823
-0.00126747
-0.00130766
-0.00133752
-0.00135575
-0.00136113
-0.00135252
-0.00132892
-0.00128953
-0.00123381
-0.00116149
-0.00107265
-0.000967758
-0.000847699
-0.000713793
-0.000567822
-0.000412015
-0.00024904
-8.19612e-05
8.58073e-05
0.000250576
0.000408465
0.000555509
0.000687769
0.000801453
0.00089305
0.000959445
0.000998047
0.00100688
0.000984701
0.00093101
0.000846139
0.00073123
0.000588214
0.000419758
0.000229174
2.0312e-05
-0.000202568
-0.000434937
-0.000672145
-0.000909553
-0.00114267
-0.00136724
-0.00157936
-0.00177547
-0.00195243
-0.00210746
-0.00223808
-0.00234215
-0.00241763
-0.00246142
-0.00246906
-0.00245143
0.00106696
0.000909151
0.000741994
0.000594217
0.000458372
0.00033116
0.000211821
9.94961e-05
-6.88218e-06
-0.000108388
-0.00020603
-0.000300716
-0.000393218
-0.000484138
-0.000573883
-0.00066265
-0.000750417
-0.00083694
-0.000921758
-0.0010042
-0.00108341
-0.00115835
-0.00122784
-0.00129057
-0.00134515
-0.00139012
-0.00142403
-0.00144543
-0.00145299
-0.00144548
-0.00142188
-0.0013814
-0.00132355
-0.0012482
-0.0011556
-0.00104646
-0.000921939
-0.000783691
-0.000633855
-0.000475046
-0.000310319
-0.00014312
2.27833e-05
0.000183392
0.000334578
0.000472205
0.000592255
0.000690963
0.000764949
0.000811346
0.000827914
0.000813137
0.000766297
0.000687515
0.000577764
0.000438848
0.000273347
8.45303e-05
-0.000123759
-0.000347236
-0.000581324
-0.000821305
-0.00106247
-0.00130026
-0.00153036
-0.00174882
-0.00195205
-0.00213689
-0.00230056
-0.00244061
-0.00255489
-0.00264139
-0.00269735
-0.00271904
-0.00271495
0.00121883
0.00103574
0.000844715
0.000679665
0.000531119
0.000394527
0.000268414
0.000151263
4.13799e-05
-6.28635e-05
-0.000162954
-0.000260206
-0.000355727
-0.000450395
-0.000544836
-0.000639412
-0.000734219
-0.00082909
-0.000923597
-0.00101707
-0.00110862
-0.00119714
-0.00128134
-0.00135979
-0.00143094
-0.00149315
-0.00154477
-0.00158412
-0.00160963
-0.00161983
-0.00161342
-0.00158937
-0.00154693
-0.00148572
-0.00140578
-0.0013076
-0.00119216
-0.00106099
-0.000916123
-0.000760111
-0.000596002
-0.000427285
-0.00025782
-9.1749e-05
6.66074e-05
0.000212875
0.00034276
0.000452189
0.000537451
0.000595335
0.000623259
0.000619375
0.000582653
0.000512939
0.00041097
0.000278366
0.000117574
-6.82162e-05
-0.000275186
-0.000499031
-0.000735113
-0.000978624
-0.00122474
-0.00146879
-0.00170633
-0.00193328
-0.00214597
-0.00234115
-0.00251597
-0.00266794
-0.00279488
-0.00289474
-0.00296505
-0.00300291
-0.00301406
0.00135288
0.00114458
0.000929659
0.000747145
0.000585547
0.000439053
0.00030547
0.000182619
6.81802e-05
-4.00246e-05
-0.000143953
-0.000245314
-0.000345545
-0.000445787
-0.000546872
-0.00064932
-0.000753333
-0.000858809
-0.000965345
-0.00107226
-0.00117861
-0.00128319
-0.00138463
-0.00148132
-0.00157154
-0.00165346
-0.00172517
-0.00178477
-0.0018304
-0.00186032
-0.00187295
-0.00186695
-0.0018413
-0.00179535
-0.00172887
-0.00164212
-0.0015359
-0.00141154
-0.00127098
-0.00111669
-0.000951704
-0.000779547
-0.000604178
-0.000429899
-0.000261246
-0.000102868
4.06198e-05
0.000164778
0.000265497
0.000339149
0.000382726
0.000393959
0.00037142
0.000314589
0.000223889
0.000100677
-5.27953e-05
-0.000233466
-0.000437579
-0.000660824
-0.000898501
-0.00114569
-0.00139743
-0.00164886
-0.00189537
-0.00213268
-0.00235695
-0.00256476
-0.00275311
-0.00291941
-0.00306135
-0.00317683
-0.00326357
-0.0033195
-0.00334737
0.0014631
0.0012299
0.000991301
0.000791372
0.000616589
0.000459873
0.000318296
0.000189007
6.90614e-05
-4.42646e-05
-0.000153392
-0.000260416
-0.000367089
-0.000474805
-0.00058459
-0.000697106
-0.000812652
-0.000931176
-0.00105229
-0.00117528
-0.00129914
-0.00142258
-0.00154406
-0.00166184
-0.00177398
-0.00187843
-0.00197302
-0.00205558
-0.00212395
-0.00217608
-0.00221006
-0.00222424
-0.00221727
-0.0021882
-0.00213649
-0.00206215
-0.00196574
-0.00184838
-0.00171187
-0.00155857
-0.00139148
-0.00121416
-0.00103065
-0.000845431
-0.000663262
-0.000489097
-0.000327922
-0.000184596
-6.36977e-05
3.06448e-05
9.49032e-05
0.00012629
0.000122875
8.36686e-05
8.67322e-06
-0.000101108
-0.000243703
-0.000416248
-0.000615096
-0.000835965
-0.0010741
-0.00132447
-0.00158193
-0.00184139
-0.002098
-0.00234721
-0.00258493
-0.00280747
-0.00301161
-0.00319454
-0.00335378
-0.00348704
-0.00359225
-0.00366799
-0.00371392
0.00154362
0.001286
0.00102416
0.00080706
0.000619137
0.000452029
0.000302058
0.000165692
3.93581e-05
-8.02115e-05
-0.000195893
-0.000310156
-0.000425058
-0.00054223
-0.00066288
-0.000787798
-0.000917367
-0.00105157
-0.00119003
-0.00133197
-0.00147633
-0.00162169
-0.00176637
-0.00190843
-0.00204573
-0.00217594
-0.00229664
-0.00240535
-0.00249957
-0.0025769
-0.0026351
-0.00267215
-0.00268633
-0.00267634
-0.0026413
-0.00258091
-0.00249544
-0.00238578
-0.00225351
-0.00210088
-0.0019308
-0.00174684
-0.00155311
-0.00135426
-0.00115528
-0.000961465
-0.000778201
-0.000610828
-0.000464465
-0.000343831
-0.000253074
-0.000195615
-0.00017401
-0.000189841
-0.000243648
-0.0003349
-0.000462012
-0.000622404
-0.000812613
-0.00102843
-0.00126508
-0.00151739
-0.00178003
-0.00204763
-0.00231504
-0.00257736
-0.00283012
-0.00306931
-0.00329136
-0.00349315
-0.00367191
-0.00382508
-0.00395072
-0.00404798
-0.00411328
0.00158864
0.00130727
0.00102283
0.000788958
0.000588074
0.000410519
0.000251845
0.000107827
-2.57384e-05
-0.00015266
-0.000276261
-0.000399379
-0.000524359
-0.000653058
-0.000786853
-0.00092665
-0.0010729
-0.00122562
-0.0013844
-0.00154844
-0.00171656
-0.00188722
-0.00205859
-0.00222851
-0.0023946
-0.00255427
-0.00270479
-0.00284333
-0.00296706
-0.00307319
-0.00315908
-0.0032223
-0.00326075
-0.00327268
-0.00325687
-0.00321261
-0.00313983
-0.00303915
-0.00291187
-0.00276006
-0.00258651
-0.00239475
-0.00218895
-0.00197388
-0.00175479
-0.00153731
-0.00132727
-0.00113055
-0.000952871
-0.000799644
-0.000675748
-0.000585367
-0.000531817
-0.000517422
-0.000543411
-0.000609867
-0.000715721
-0.000858796
-0.0010359
-0.00124298
-0.00147526
-0.00172746
-0.00199403
-0.00226929
-0.00254769
-0.00282391
-0.00309304
-0.00335056
-0.00359249
-0.00381528
-0.00401573
-0.00419095
-0.00433899
-0.00445949
-0.0045455
0.00159249
0.00128822
0.000981982
0.000731881
0.000518326
0.000330351
0.000162724
1.05162e-05
-0.00013111
-0.000266499
-0.000399416
-0.000533051
-0.000670031
-0.000812426
-0.000961767
-0.00111906
-0.00128483
-0.00145909
-0.00164141
-0.00183094
-0.00202638
-0.00222607
-0.00242796
-0.00262972
-0.00282868
-0.00302197
-0.00320653
-0.00337917
-0.00353666
-0.0036758
-0.0037935
-0.0038869
-0.00395342
-0.00399086
-0.00399753
-0.00397231
-0.0039147
-0.00382494
-0.00370402
-0.00355376
-0.00337678
-0.00317648
-0.00295705
-0.00272337
-0.00248094
-0.00223571
-0.00199398
-0.00176222
-0.00154685
-0.00135404
-0.00118953
-0.00105841
-0.000964907
-0.000912259
-0.000902556
-0.000936664
-0.00101419
-0.00113351
-0.00129184
-0.00148533
-0.0017093
-0.0019584
-0.00222682
-0.00250855
-0.00279757
-0.00308805
-0.00337449
-0.00365182
-0.00391544
-0.00416125
-0.00438553
-0.00458492
-0.00475735
-0.00490291
-0.00501106
0.00154963
0.0012235
0.00089643
0.000630761
0.000404908
0.000206602
2.98053e-05
-0.000131117
-0.000281637
-0.000426633
-0.000570303
-0.000716182
-0.000867164
-0.00102552
-0.00119293
-0.0013705
-0.00155878
-0.00175781
-0.00196713
-0.0021858
-0.00241243
-0.00264518
-0.00288184
-0.00311982
-0.00335619
-0.00358777
-0.00381113
-0.0040227
-0.00421883
-0.00439585
-0.00455021
-0.00467852
-0.00477768
-0.00484499
-0.00487821
-0.00487571
-0.00483651
-0.00476038
-0.00464795
-0.00450065
-0.00432085
-0.0041118
-0.00387762
-0.00362327
-0.00335443
-0.00307739
-0.00279895
-0.00252617
-0.00226625
-0.00202622
-0.00181282
-0.00163217
-0.0014896
-0.00138943
-0.00133484
-0.00132765
-0.00136837
-0.00145609
-0.00158856
-0.00176233
-0.00197285
-0.00221475
-0.00248199
-0.00276818
-0.00306679
-0.00337135
-0.00367566
-0.00397394
-0.00426087
-0.00453163
-0.00478186
-0.00500755
-0.00520638
-0.00537901
-0.00551082
0.00145473
0.00110793
0.000761162
0.000480694
0.000242988
3.44759e-05
-0.000151687
-0.000321852
-0.000482122
-0.000637901
-0.000793813
-0.000953729
-0.0011208
-0.0012975
-0.00148562
-0.00168637
-0.00190035
-0.00212758
-0.00236758
-0.00261931
-0.00288128
-0.00315149
-0.00342751
-0.00370652
-0.00398531
-0.00426034
-0.00452783
-0.00478377
-0.00502406
-0.00524454
-0.00544111
-0.00560984
-0.00574703
-0.00584939
-0.00591408
-0.00593886
-0.00592218
-0.00586327
-0.00576222
-0.00562007
-0.00543881
-0.00522144
-0.00497196
-0.00469531
-0.00439732
-0.0040846
-0.00376441
-0.00344448
-0.00313279
-0.00283737
-0.00256604
-0.00232614
-0.00212428
-0.00196608
-0.00185599
-0.0017971
-0.00179098
-0.00183768
-0.00193571
-0.00208212
-0.00227268
-0.00250203
-0.00276395
-0.00305165
-0.00335799
-0.00367581
-0.00399808
-0.00431812
-0.00462974
-0.00492726
-0.00520547
-0.00545961
-0.00568701
-0.00588883
-0.00604599
0.00130265
0.000936585
0.000571401
0.000277
2.79404e-05
-0.000190622
-0.000386348
-0.000566298
-0.000737205
-0.00090499
-0.00107469
-0.00125051
-0.00143584
-0.00163335
-0.00184496
-0.00207195
-0.00231496
-0.00257402
-0.00284859
-0.00313756
-0.00343931
-0.00375169
-0.00407205
-0.00439732
-0.00472397
-0.00504814
-0.00536562
-0.00567198
-0.00596261
-0.00623282
-0.00647791
-0.00669334
-0.00687477
-0.00701822
-0.00712018
-0.0071777
-0.00718857
-0.00715135
-0.00706554
-0.0069316
-0.00675109
-0.00652663
-0.00626199
-0.00596203
-0.00563264
-0.00528072
-0.00491395
-0.00454072
-0.00416988
-0.00381049
-0.00347158
-0.00316187
-0.00288944
-0.00266144
-0.00248387
-0.00236129
-0.00229667
-0.00229125
-0.00234455
-0.00245435
-0.00261686
-0.00282687
-0.00307804
-0.00336315
-0.00367446
-0.00400395
-0.00434365
-0.00468584
-0.00502326
-0.00534918
-0.00565736
-0.00594213
-0.00620038
-0.00643364
-0.0066181
0.00108861
0.000704822
0.000322666
1.52873e-05
-0.000244578
-0.00047302
-0.000678508
-0.000868813
-0.00105128
-0.00123234
-0.00141744
-0.00161109
-0.00181695
-0.00203782
-0.0022758
-0.00253221
-0.00280775
-0.00310243
-0.00341568
-0.00374631
-0.00409256
-0.00445211
-0.00482213
-0.00519926
-0.00557967
-0.00595913
-0.00633302
-0.00669642
-0.00704419
-0.00737106
-0.00767171
-0.0079409
-0.00817359
-0.00836505
-0.00851096
-0.00860763
-0.00865202
-0.00864195
-0.00857618
-0.00845452
-0.0082779
-0.0080485
-0.00776971
-0.00744621
-0.00708387
-0.00668977
-0.006272
-0.00583958
-0.00540221
-0.00497007
-0.00455351
-0.00416276
-0.00380756
-0.00349684
-0.00323842
-0.00303863
-0.00290214
-0.00283172
-0.00282817
-0.00289027
-0.00301488
-0.00319712
-0.00343061
-0.00370776
-0.00402014
-0.00435883
-0.00471474
-0.00507894
-0.0054429
-0.00579864
-0.00613871
-0.00645631
-0.00674778
-0.00701492
-0.00722886
0.000808161
0.00040838
1.08373e-05
-0.000308482
-0.000578565
-0.000816703
-0.00103217
-0.00123342
-0.00142841
-0.00162407
-0.00182622
-0.00203971
-0.00226841
-0.00251531
-0.00278262
-0.00307176
-0.00338344
-0.0037177
-0.0040739
-0.00445079
-0.00484649
-0.00525852
-0.00568381
-0.00611876
-0.00655922
-0.00700055
-0.00743772
-0.0078653
-0.00827759
-0.00866869
-0.00903261
-0.00936336
-0.00965511
-0.00990229
-0.0100997
-0.0102428
-0.0103277
-0.0103512
-0.0103113
-0.010207
-0.0100385
-0.00980734
-0.00951643
-0.00917012
-0.00877417
-0.00833571
-0.00786318
-0.00736616
-0.00685521
-0.00634163
-0.00583718
-0.0053537
-0.00490282
-0.00449548
-0.00414156
-0.00384955
-0.00362614
-0.00347599
-0.00340152
-0.00340286
-0.00347781
-0.00362202
-0.00382921
-0.00409149
-0.00439975
-0.00474407
-0.00511412
-0.00549955
-0.00589037
-0.0062771
-0.00665084
-0.00700347
-0.00733064
-0.00763428
-0.00788015
0.000457305
4.34281e-05
-0.000367779
-0.000697922
-0.000977599
-0.00122524
-0.0014509
-0.00166372
-0.00187224
-0.00208384
-0.00230477
-0.00254014
-0.00279406
-0.00306971
-0.0033694
-0.00369464
-0.00404619
-0.00442408
-0.00482765
-0.00525558
-0.00570587
-0.00617587
-0.00666232
-0.00716132
-0.00766842
-0.00817859
-0.00868632
-0.00918567
-0.00967035
-0.0101338
-0.0105693
-0.01097
-0.0113293
-0.0116407
-0.011898
-0.0120957
-0.0122289
-0.0122935
-0.0122863
-0.0122055
-0.0120504
-0.0118217
-0.0115219
-0.0111546
-0.0107255
-0.0102415
-0.00971144
-0.00914523
-0.00855428
-0.00795099
-0.00734855
-0.00676057
-0.00620067
-0.00568204
-0.00521696
-0.00481635
-0.00448934
-0.00424289
-0.00408146
-0.00400691
-0.00401833
-0.00411221
-0.00428257
-0.00452137
-0.00481881
-0.00516394
-0.00554504
-0.00595017
-0.00636761
-0.00678615
-0.00719518
-0.00758502
-0.00795041
-0.00829346
-0.00857395
3.25558e-05
-0.000393365
-0.000816381
-0.00115616
-0.00144477
-0.00170172
-0.00193781
-0.00216283
-0.00238589
-0.00261484
-0.00285627
-0.00311561
-0.00339717
-0.00370431
-0.00403948
-0.00440425
-0.00479944
-0.0052251
-0.00568055
-0.00616439
-0.00667452
-0.00720815
-0.00776179
-0.0083313
-0.00891186
-0.00949807
-0.0100839
-0.010663
-0.0112283
-0.0117726
-0.0122884
-0.0127681
-0.013204
-0.0135886
-0.0139149
-0.0141762
-0.0143663
-0.0144802
-0.0145136
-0.0144634
-0.0143282
-0.0141075
-0.0138031
-0.013418
-0.0129575
-0.0124282
-0.0118389
-0.0112001
-0.0105237
-0.00982326
-0.00911334
-0.00840937
-0.0077271
-0.00708215
-0.00648948
-0.00596281
-0.0055141
-0.00515305
-0.00488667
-0.00471897
-0.00465081
-0.00467986
-0.00480078
-0.00500551
-0.00528373
-0.00562337
-0.00601124
-0.00643361
-0.00687677
-0.00732751
-0.00777322
-0.00820235
-0.00860861
-0.00899418
-0.00931217
-0.000468994
-0.000904759
-0.00133761
-0.00168576
-0.00198262
-0.00224866
-0.00249541
-0.00273329
-0.00297192
-0.00321961
-0.0034833
-0.00376868
-0.00408031
-0.0044217
-0.00479542
-0.00520317
-0.00564579
-0.00612337
-0.00663521
-0.00717988
-0.00775516
-0.00835812
-0.00898508
-0.00963161
-0.0102926
-0.0109622
-0.0116339
-0.0123008
-0.0129552
-0.0135891
-0.0141943
-0.0147621
-0.0152841
-0.0157516
-0.0161564
-0.0164906
-0.0167471
-0.0169194
-0.017002
-0.0169907
-0.0168827
-0.0166768
-0.0163735
-0.0159751
-0.0154862
-0.0149133
-0.0142648
-0.0135514
-0.0127856
-0.0119818
-0.0111559
-0.0103252
-0.0095077
-0.00872152
-0.00798455
-0.00731364
-0.00672401
-0.00622857
-0.00583739
-0.00555722
-0.00539118
-0.00533861
-0.0053952
-0.00555317
-0.00580179
-0.00612798
-0.00651695
-0.006953
-0.00742019
-0.00790297
-0.00838642
-0.00885685
-0.00930664
-0.00973803
-0.0100966
-0.0010496
-0.00149288
-0.00193347
-0.00228869
-0.00259306
-0.00286796
-0.0031256
-0.00337697
-0.0036322
-0.00390002
-0.00418769
-0.00450119
-0.00484527
-0.00522363
-0.00563896
-0.00609306
-0.00658684
-0.00712044
-0.00769315
-0.00830349
-0.00894918
-0.00962714
-0.0103335
-0.0110635
-0.0118118
-0.0125722
-0.0133375
-0.0141003
-0.0148523
-0.0155847
-0.0162883
-0.0169538
-0.0175713
-0.0181314
-0.0186246
-0.0190417
-0.0193743
-0.0196145
-0.0197557
-0.0197923
-0.0197201
-0.0195367
-0.0192413
-0.0188356
-0.0183231
-0.0177098
-0.0170038
-0.0162157
-0.0153582
-0.0144466
-0.0134979
-0.0125312
-0.0115666
-0.0106249
-0.00972719
-0.00889367
-0.00814322
-0.00749246
-0.0069551
-0.00654122
-0.00625682
-0.00610352
-0.0060785
-0.0061747
-0.00638124
-0.00668411
-0.00706691
-0.0075118
-0.00800035
-0.00851437
-0.00903624
-0.00954976
-0.0100458
-0.0105264
-0.010929
-0.00171081
-0.00215916
-0.00260531
-0.00296621
-0.00327734
-0.00356085
-0.00382956
-0.00409504
-0.00436788
-0.00465717
-0.00497051
-0.00531412
-0.00569297
-0.00611092
-0.00657081
-0.00707453
-0.0076231
-0.00821667
-0.00885457
-0.00953529
-0.0102565
-0.0110149
-0.0118066
-0.0126264
-0.0134688
-0.014327
-0.0151935
-0.0160601
-0.016918
-0.0177575
-0.0185686
-0.0193409
-0.0200636
-0.0207259
-0.0213173
-0.0218272
-0.0222459
-0.0225641
-0.0227737
-0.0228677
-0.0228405
-0.0226883
-0.0224091
-0.0220031
-0.0214734
-0.0208248
-0.0200649
-0.0192039
-0.0182549
-0.0172331
-0.0161569
-0.0150467
-0.0139248
-0.0128148
-0.0117408
-0.0107268
-0.00979559
-0.00896799
-0.00826191
-0.00769146
-0.00726623
-0.0069908
-0.00686451
-0.00688151
-0.00703117
-0.00729876
-0.00766632
-0.00811375
-0.00861988
-0.00916351
-0.00972396
-0.0102821
-0.0108269
-0.0113604
-0.0118106
-0.00245343
-0.00290431
-0.00335375
-0.0037189
-0.00403598
-0.0043278
-0.00460776
-0.00488792
-0.00517929
-0.00549133
-0.00583193
-0.00620754
-0.00662335
-0.00708338
-0.00759061
-0.00814706
-0.00875382
-0.00941111
-0.0101183
-0.0108738
-0.0116753
-0.0125194
-0.0134019
-0.0143176
-0.0152604
-0.0162232
-0.017198
-0.018176
-0.0191476
-0.0201025
-0.0210296
-0.0219175
-0.0227544
-0.0235284
-0.0242275
-0.02484
-0.0253546
-0.0257607
-0.0260487
-0.02621
-0.0262376
-0.0261261
-0.0258719
-0.025474
-0.0249349
-0.0242582
-0.0234499
-0.0225202
-0.0214821
-0.0203506
-0.0191446
-0.017886
-0.0165991
-0.01531
-0.014046
-0.0128349
-0.0117036
-0.0106777
-0.00977979
-0.00902878
-0.0084386
-0.00801759
-0.00776801
-0.00768593
-0.00776148
-0.00797958
-0.00832083
-0.00876282
-0.00928143
-0.00985212
-0.0104507
-0.0110547
-0.0116509
-0.0122408
-0.0127423
-0.00327744
-0.00372824
-0.00417865
-0.00454656
-0.00486875
-0.00516854
-0.00545986
-0.00575519
-0.00606595
-0.0064019
-0.00677122
-0.00718058
-0.00763536
-0.00813975
-0.00869687
-0.00930887
-0.00997694
-0.0107014
-0.0114816
-0.012316
-0.0132022
-0.0141367
-0.0151152
-0.0161321
-0.0171811
-0.0182546
-0.0193443
-0.0204405
-0.0215331
-0.0226108
-0.0236617
-0.0246734
-0.025633
-0.0265273
-0.027343
-0.0280672
-0.0286871
-0.0291907
-0.0295667
-0.0298052
-0.0298976
-0.0298367
-0.0296172
-0.0292359
-0.0286956
-0.0280004
-0.0271531
-0.0261616
-0.0250392
-0.0238007
-0.0224657
-0.0210568
-0.0196001
-0.018124
-0.0166588
-0.015236
-0.0138869
-0.0126421
-0.0115296
-0.0105736
-0.00979315
-0.0092014
-0.0088044
-0.00860098
-0.00858274
-0.00873474
-0.00903646
-0.00946319
-0.0099877
-0.0105818
-0.0112172
-0.0118678
-0.0125177
-0.0131677
-0.0137246
-0.00418202
-0.00463009
-0.00507907
-0.00544824
-0.00577463
-0.006082
-0.00638469
-0.00669559
-0.00702646
-0.00738735
-0.00778667
-0.00823131
-0.00872683
-0.00927759
-0.00988686
-0.0105569
-0.011289
-0.0120836
-0.0129401
-0.0138569
-0.0148317
-0.0158608
-0.0169397
-0.0180626
-0.0192229
-0.0204126
-0.0216227
-0.0228432
-0.024063
-0.02527
-0.0264516
-0.0275942
-0.0286838
-0.029706
-0.0306463
-0.0314904
-0.0322241
-0.032834
-0.0333073
-0.0336325
-0.0337994
-0.0337994
-0.0336254
-0.0332713
-0.0327354
-0.03203
-0.0311607
-0.03012
-0.0289181
-0.0275771
-0.0261164
-0.0245585
-0.0229308
-0.0212634
-0.0195892
-0.0179431
-0.0163612
-0.0148789
-0.0135299
-0.0123447
-0.0113483
-0.0105595
-0.00998923
-0.00964003
-0.00950593
-0.00957281
-0.00981945
-0.0102191
-0.0107412
-0.0113537
-0.012024
-0.0127214
-0.013427
-0.0141409
-0.0147571
-0.00516548
-0.00560815
-0.00605331
-0.00642217
-0.00675182
-0.00706628
-0.00738028
-0.00770703
-0.00805857
-0.00844522
-0.0088756
-0.00935679
-0.00989452
-0.0104933
-0.0111566
-0.0118868
-0.0126852
-0.0135524
-0.0144879
-0.0154901
-0.0165566
-0.0176837
-0.0188666
-0.0200995
-0.0213752
-0.0226854
-0.0240206
-0.0253702
-0.0267223
-0.0280641
-0.0293819
-0.0306611
-0.0318867
-0.0330432
-0.0341148
-0.0350857
-0.0359405
-0.0366644
-0.0372431
-0.0376637
-0.0379146
-0.0379858
-0.0378699
-0.0375617
-0.0370548
-0.0363433
-0.0354374
-0.0343565
-0.033098
-0.031663
-0.0300826
-0.0283806
-0.0265848
-0.0247261
-0.0228394
-0.0209627
-0.0191362
-0.0174006
-0.0157958
-0.0143585
-0.0131209
-0.0121082
-0.0113376
-0.0108163
-0.0105421
-0.0105025
-0.0106762
-0.0110347
-0.0115445
-0.012169
-0.012871
-0.0136146
-0.0143776
-0.0151589
-0.0158386
-0.00622532
-0.00665991
-0.00709886
-0.00746581
-0.00779773
-0.00811872
-0.00844382
-0.00878653
-0.00915912
-0.00957212
-0.0100343
-0.010553
-0.0111341
-0.0117822
-0.0125009
-0.0132927
-0.0141592
-0.0151009
-0.0161174
-0.0172072
-0.0183677
-0.0195953
-0.020885
-0.0222307
-0.0236249
-0.0250589
-0.0265226
-0.0280048
-0.0294929
-0.0309733
-0.0324313
-0.0338515
-0.0352177
-0.0365131
-0.0377209
-0.038824
-0.0398057
-0.0406497
-0.0413406
-0.0418639
-0.0422064
-0.0423569
-0.0423061
-0.0420475
-0.041576
-0.0408853
-0.0399764
-0.0388559
-0.0375305
-0.0360192
-0.0343352
-0.032501
-0.0305456
-0.0285007
-0.0264029
-0.0242928
-0.0222147
-0.0202141
-0.0183371
-0.0166274
-0.0151246
-0.0138618
-0.0128632
-0.0121425
-0.011702
-0.0115322
-0.0116128
-0.011914
-0.0123993
-0.013028
-0.0137573
-0.014546
-0.0153677
-0.0162198
-0.016967
-0.00735817
-0.00778209
-0.00821243
-0.00857588
-0.00890899
-0.00923585
-0.00957171
-0.0099303
-0.0103241
-0.0107637
-0.0112582
-0.011815
-0.0124401
-0.0131383
-0.0139133
-0.0147677
-0.0157033
-0.0167207
-0.0178194
-0.0189981
-0.0202542
-0.0215838
-0.0229819
-0.024442
-0.0259565
-0.0275162
-0.0291104
-0.0307272
-0.0323535
-0.0339747
-0.0355754
-0.0371391
-0.0386484
-0.0400857
-0.0414329
-0.0426717
-0.0437842
-0.0447529
-0.045561
-0.0461928
-0.0466336
-0.0468707
-0.046893
-0.0466918
-0.0462604
-0.0455933
-0.0446882
-0.0435467
-0.0421865
-0.0406163
-0.0388394
-0.0368888
-0.0347868
-0.0325656
-0.0302632
-0.0279225
-0.0255908
-0.0233185
-0.0211573
-0.0191584
-0.0173693
-0.0158316
-0.0145779
-0.0136296
-0.0129953
-0.0126699
-0.0126349
-0.0128605
-0.0133073
-0.0139304
-0.0146814
-0.0155131
-0.0163942
-0.0173203
-0.0181391
-0.00855991
-0.00897061
-0.00939001
-0.00974835
-0.0100815
-0.0104135
-0.0107596
-0.0111338
-0.0115486
-0.0120149
-0.0125417
-0.0131367
-0.013806
-0.0145545
-0.0153861
-0.0163035
-0.0173085
-0.0184018
-0.0195832
-0.0208512
-0.0222032
-0.0236352
-0.0251422
-0.0267173
-0.0283525
-0.0300382
-0.0317634
-0.0335154
-0.0352803
-0.0370429
-0.0387867
-0.0404944
-0.0421477
-0.0437278
-0.0452155
-0.0465916
-0.0478369
-0.0489328
-0.0498614
-0.0506057
-0.05115
-0.05148
-0.0515832
-0.0514493
-0.0510699
-0.0504389
-0.0495527
-0.0484117
-0.0470238
-0.0454002
-0.0435567
-0.0415054
-0.039272
-0.0368886
-0.0343934
-0.0318304
-0.0292492
-0.0267041
-0.0242524
-0.0219522
-0.0198593
-0.0180246
-0.0164902
-0.0152867
-0.0144304
-0.0139224
-0.0137476
-0.0138769
-0.0142692
-0.0148752
-0.0156409
-0.0165123
-0.0174528
-0.0184557
-0.0193501
-0.00982564
-0.0102207
-0.0106269
-0.0109785
-0.0113106
-0.0116467
-0.0120024
-0.0123916
-0.012827
-0.0133196
-0.0138784
-0.0145113
-0.0152244
-0.0160229
-0.0169106
-0.0178905
-0.0189644
-0.0201332
-0.0213967
-0.0227533
-0.0242005
-0.0257343
-0.0273492
-0.0290384
-0.0307933
-0.0326041
-0.034459
-0.0363449
-0.0382472
-0.0401497
-0.0420354
-0.0438858
-0.0456818
-0.0474036
-0.049031
-0.0505437
-0.0519218
-0.0531454
-0.0541957
-0.0550546
-0.0557054
-0.0561328
-0.0563231
-0.0562645
-0.0559472
-0.055364
-0.0545102
-0.0533847
-0.051991
-0.0503372
-0.0484357
-0.0463006
-0.0439545
-0.0414274
-0.0387562
-0.0359849
-0.0331644
-0.0303519
-0.0276094
-0.0250015
-0.0225923
-0.0204424
-0.0186044
-0.0171193
-0.0160132
-0.0152948
-0.0149544
-0.0149649
-0.0152845
-0.0158602
-0.0166319
-0.0175387
-0.018538
-0.0196201
-0.0205938
-0.0111498
-0.011527
-0.0119178
-0.0122611
-0.0125908
-0.01293
-0.0132944
-0.0136978
-0.014153
-0.0146711
-0.0152611
-0.015931
-0.016687
-0.0175344
-0.0184771
-0.0195183
-0.0206598
-0.0219026
-0.0232465
-0.02469
-0.0262306
-0.027864
-0.0295848
-0.0313857
-0.033258
-0.0351911
-0.037173
-0.0391899
-0.0412264
-0.0432658
-0.0452901
-0.0472799
-0.0492153
-0.0510757
-0.0528398
-0.0544866
-0.0559951
-0.0573448
-0.0585159
-0.0594895
-0.0602481
-0.0607753
-0.0610566
-0.061079
-0.0608318
-0.0603062
-0.0594961
-0.0583988
-0.057015
-0.0553497
-0.0534117
-0.0512145
-0.0487782
-0.0461298
-0.0433041
-0.040344
-0.0373006
-0.0342327
-0.031206
-0.0282906
-0.0255586
-0.0230804
-0.0209197
-0.0191293
-0.0177465
-0.0167899
-0.0162569
-0.0161247
-0.0163516
-0.0168817
-0.0176494
-0.0185859
-0.0196425
-0.0208057
-0.0218622
-0.0125262
-0.0128834
-0.0132569
-0.0135902
-0.0139162
-0.0142574
-0.0146293
-0.0150458
-0.0155197
-0.016062
-0.0166819
-0.0173873
-0.0181846
-0.0190792
-0.020075
-0.0211753
-0.0223822
-0.0236965
-0.0251182
-0.0266458
-0.0282767
-0.0300066
-0.0318297
-0.0337386
-0.0357242
-0.0377756
-0.0398801
-0.0420233
-0.0441894
-0.0463607
-0.0485184
-0.0506425
-0.0527122
-0.054706
-0.056602
-0.0583782
-0.0600129
-0.061485
-0.062774
-0.0638603
-0.0647256
-0.0653531
-0.0657274
-0.0658346
-0.0656631
-0.0652029
-0.0644467
-0.0633898
-0.0620308
-0.0603716
-0.0584186
-0.0561825
-0.0536802
-0.0509357
-0.047981
-0.0448566
-0.0416124
-0.0383075
-0.0350099
-0.0317943
-0.0287399
-0.0259264
-0.0234289
-0.0213131
-0.0196291
-0.0184073
-0.0176547
-0.0173544
-0.0174669
-0.0179347
-0.0186864
-0.0196459
-0.0207573
-0.0220028
-0.0231454
-0.0139482
-0.0142835
-0.0146377
-0.0149597
-0.0152806
-0.0156225
-0.0160005
-0.0164287
-0.0169197
-0.0174845
-0.0181324
-0.0188713
-0.0197076
-0.0206468
-0.021693
-0.0228495
-0.0241185
-0.0255009
-0.0269967
-0.0286044
-0.0303213
-0.0321431
-0.0340637
-0.0360755
-0.0381691
-0.0403331
-0.0425543
-0.0448178
-0.0471069
-0.0494035
-0.0516879
-0.0539395
-0.0561366
-0.058257
-0.0602781
-0.0621772
-0.0639322
-0.0655211
-0.0669231
-0.068118
-0.0690873
-0.0698134
-0.0702804
-0.0704742
-0.0703819
-0.0699931
-0.0692989
-0.0682933
-0.0669726
-0.0653366
-0.0633885
-0.0611362
-0.0585932
-0.0557798
-0.0527241
-0.0494635
-0.0460455
-0.0425281
-0.0389798
-0.0354785
-0.0321092
-0.0289602
-0.026118
-0.0236614
-0.0216551
-0.0201429
-0.019144
-0.0186498
-0.0186251
-0.0190118
-0.0197343
-0.0207085
-0.0218712
-0.0231998
-0.0244311
-0.0154088
-0.0157205
-0.0160538
-0.0163629
-0.0166773
-0.0170183
-0.017401
-0.0178391
-0.0183452
-0.0189303
-0.0196037
-0.0203733
-0.0212456
-0.0222262
-0.0233192
-0.024528
-0.0258549
-0.0273009
-0.028866
-0.0305487
-0.0323463
-0.0342542
-0.0362663
-0.0383747
-0.0405695
-0.042839
-0.0451696
-0.0475457
-0.0499501
-0.0523639
-0.0547668
-0.0571375
-0.0594536
-0.0616922
-0.0638302
-0.0658443
-0.0677118
-0.0694104
-0.0709188
-0.0722167
-0.0732851
-0.0741063
-0.0746641
-0.0749438
-0.0749324
-0.0746185
-0.0739925
-0.0730469
-0.0717764
-0.0701785
-0.0682538
-0.066007
-0.0634481
-0.0605931
-0.0574661
-0.0541002
-0.0505392
-0.0468385
-0.0430657
-0.0393
-0.0356306
-0.0321532
-0.0289651
-0.0261583
-0.0238128
-0.0219882
-0.0207176
-0.0200036
-0.0198179
-0.0201037
-0.020782
-0.0217614
-0.0229707
-0.0243823
-0.0257049
-0.0169004
-0.0171873
-0.0174982
-0.0177931
-0.0180996
-0.0184381
-0.0188235
-0.0192694
-0.0197882
-0.0203909
-0.0210867
-0.0218836
-0.0227882
-0.023806
-0.0249414
-0.0261977
-0.0275774
-0.0290815
-0.0307101
-0.0324616
-0.0343332
-0.0363204
-0.0384167
-0.0406141
-0.0429022
-0.0452691
-0.0477004
-0.0501803
-0.0526909
-0.0552126
-0.0577245
-0.0602047
-0.0626302
-0.0649775
-0.0672228
-0.0693426
-0.0713137
-0.0731135
-0.0747205
-0.0761142
-0.0772755
-0.0781866
-0.0788313
-0.0791947
-0.0792635
-0.079026
-0.0784719
-0.0775928
-0.0763818
-0.0748346
-0.0729494
-0.0707279
-0.0681763
-0.0653065
-0.0621378
-0.0586984
-0.0550276
-0.0511766
-0.0472105
-0.0432079
-0.0392602
-0.0354689
-0.0319407
-0.0287808
-0.0260848
-0.0239292
-0.0223639
-0.0214052
-0.0210342
-0.0211981
-0.0218159
-0.0227895
-0.0240399
-0.0255336
-0.0269493
-0.0184157
-0.0186766
-0.018964
-0.0192433
-0.0195404
-0.0198747
-0.0202608
-0.020712
-0.0212406
-0.0218576
-0.0225721
-0.0233922
-0.0243245
-0.0253746
-0.026547
-0.0278452
-0.0292716
-0.0308274
-0.0325125
-0.0343257
-0.0362638
-0.0383223
-0.0404945
-0.0427722
-0.0451447
-0.0475995
-0.0501221
-0.0526959
-0.0553025
-0.0579218
-0.0605324
-0.0631116
-0.0656358
-0.0680813
-0.0704236
-0.072639
-0.0747038
-0.0765954
-0.078292
-0.0797732
-0.0810199
-0.0820144
-0.0827406
-0.0831836
-0.0833303
-0.0831686
-0.082688
-0.0818792
-0.0807345
-0.0792479
-0.0774155
-0.0752362
-0.0727127
-0.0698528
-0.0666708
-0.0631896
-0.0594429
-0.0554767
-0.0513519
-0.0471446
-0.0429465
-0.0388627
-0.0350077
-0.0314986
-0.0284466
-0.0259466
-0.0240666
-0.0228398
-0.0222595
-0.0222798
-0.0228196
-0.0237752
-0.02506
-0.0266341
-0.0281441
-0.019947
-0.0201813
-0.0204442
-0.0207068
-0.020993
-0.0213213
-0.0217056
-0.0221593
-0.0226944
-0.0233218
-0.0240507
-0.0248891
-0.0258439
-0.0269205
-0.0281238
-0.0294572
-0.0309233
-0.0325233
-0.0342573
-0.0361239
-0.03812
-0.0402409
-0.0424798
-0.0448282
-0.0472752
-0.0498079
-0.0524113
-0.0550683
-0.0577601
-0.060466
-0.0631641
-0.0658311
-0.068443
-0.0709755
-0.073404
-0.0757041
-0.0778523
-0.0798256
-0.0816023
-0.083162
-0.0844858
-0.0855563
-0.0863574
-0.0868747
-0.0870951
-0.0870067
-0.0865989
-0.085862
-0.0847876
-0.0833685
-0.081599
-0.0794756
-0.0769979
-0.0741696
-0.0710001
-0.0675069
-0.0637173
-0.0596715
-0.0554245
-0.0510483
-0.0466324
-0.0422835
-0.0381216
-0.0342743
-0.0308676
-0.0280148
-0.0258043
-0.0242881
-0.0234754
-0.02333
-0.0237734
-0.0246977
-0.0260089
-0.0276609
-0.0292661
-0.0214868
-0.0216942
-0.021932
-0.0221769
-0.0224508
-0.0227709
-0.0231509
-0.0236039
-0.0241417
-0.0247751
-0.0255134
-0.0263646
-0.0273356
-0.0284323
-0.0296593
-0.0310205
-0.0325184
-0.0341543
-0.0359285
-0.0378395
-0.0398842
-0.0420579
-0.0443535
-0.0467624
-0.0492733
-0.051873
-0.0545462
-0.0572753
-0.060041
-0.0628221
-0.0655961
-0.0683395
-0.0710277
-0.0736359
-0.0761394
-0.0785134
-0.0807342
-0.082779
-0.0846259
-0.0862548
-0.087647
-0.0887852
-0.089654
-0.0902392
-0.090528
-0.0905088
-0.0901712
-0.0895054
-0.0885026
-0.0871548
-0.085455
-0.0833978
-0.0809797
-0.0782009
-0.0750663
-0.0715877
-0.0677861
-0.0636949
-0.0593623
-0.0548544
-0.0502568
-0.0456749
-0.041232
-0.0370638
-0.0333101
-0.0301022
-0.0275497
-0.0257262
-0.0246594
-0.0243264
-0.0246542
-0.0255326
-0.0268615
-0.0285878
-0.0302885
-0.023028
-0.0232084
-0.0234208
-0.0236472
-0.0239073
-0.0242172
-0.0245902
-0.0250388
-0.025575
-0.0262094
-0.0269513
-0.0278089
-0.0287894
-0.0298986
-0.0311416
-0.0325222
-0.0340431
-0.035706
-0.0375109
-0.0394565
-0.0415398
-0.0437559
-0.0460977
-0.0485562
-0.05112
-0.0537756
-0.0565072
-0.0592969
-0.0621249
-0.0649696
-0.0678081
-0.0706164
-0.0733694
-0.0760422
-0.0786095
-0.0810467
-0.0833297
-0.0854357
-0.0873431
-0.0890318
-0.0904834
-0.0916811
-0.0926097
-0.0932557
-0.0936066
-0.0936514
-0.0933798
-0.0927824
-0.0918501
-0.0905746
-0.088948
-0.0869631
-0.0846145
-0.0818989
-0.0788171
-0.0753756
-0.0715892
-0.067484
-0.0631008
-0.0584983
-0.0537563
-0.0489767
-0.0442832
-0.0398174
-0.0357304
-0.032171
-0.0292702
-0.0271248
-0.0257843
-0.0252424
-0.025435
-0.0262522
-0.0275888
-0.0293852
-0.0311809
-0.0245635
-0.0247175
-0.0249045
-0.0251118
-0.0253568
-0.0256543
-0.026017
-0.0264574
-0.0269872
-0.0276169
-0.0283561
-0.0292131
-0.0301953
-0.0313089
-0.0325591
-0.0339499
-0.0354845
-0.0371643
-0.0389899
-0.0409598
-0.0430711
-0.0453187
-0.0476957
-0.0501927
-0.0527981
-0.0554982
-0.0582767
-0.0611156
-0.0639944
-0.0668913
-0.069783
-0.0726448
-0.0754517
-0.0781781
-0.0807988
-0.0832887
-0.0856238
-0.0877813
-0.0897397
-0.0914792
-0.0929815
-0.0942303
-0.0952109
-0.0959101
-0.0963163
-0.0964188
-0.0962079
-0.0956743
-0.0948095
-0.0936047
-0.0920515
-0.0901418
-0.0878682
-0.085225
-0.0822092
-0.0788225
-0.0750736
-0.0709816
-0.0665793
-0.0619172
-0.0570676
-0.0521267
-0.0472163
-0.0424803
-0.0380792
-0.0341775
-0.0309274
-0.0284496
-0.0268181
-0.026047
-0.0260848
-0.0268247
-0.028158
-0.0300195
-0.0319093
-0.0260868
-0.0262154
-0.0263775
-0.0265653
-0.0267938
-0.0270766
-0.0274259
-0.0278537
-0.0283717
-0.0289905
-0.0297199
-0.0305685
-0.031544
-0.0326529
-0.0339008
-0.035292
-0.0368299
-0.0385164
-0.0403518
-0.0423352
-0.0444634
-0.0467316
-0.0491324
-0.0516566
-0.0542923
-0.0570255
-0.0598397
-0.0627164
-0.0656349
-0.068573
-0.0715068
-0.0744115
-0.0772617
-0.0800316
-0.0826955
-0.0852285
-0.0876064
-0.0898063
-0.0918069
-0.0935885
-0.0951333
-0.0964253
-0.0974501
-0.0981953
-0.0986496
-0.098803
-0.0986464
-0.0981711
-0.0973686
-0.0962306
-0.0947484
-0.0929132
-0.0907164
-0.0881501
-0.0852083
-0.0818886
-0.0781941
-0.0741372
-0.0697426
-0.0650522
-0.0601294
-0.0550632
-0.0499702
-0.0449947
-0.0403027
-0.0360729
-0.0324773
-0.0296609
-0.0277241
-0.0267048
-0.0265681
-0.0272139
-0.0285324
-0.0304529
-0.0324353
-0.0275922
-0.0276966
-0.0278349
-0.028003
-0.0282138
-0.0284795
-0.0288118
-0.0292223
-0.0297227
-0.0303237
-0.0310355
-0.0318671
-0.0328265
-0.0339209
-0.0351563
-0.0365374
-0.0380679
-0.0397498
-0.0415841
-0.0435696
-0.0457036
-0.0479809
-0.0503944
-0.0529345
-0.0555894
-0.0583446
-0.0611835
-0.0640872
-0.0670347
-0.0700034
-0.0729692
-0.0759069
-0.0787907
-0.0815945
-0.0842927
-0.0868599
-0.089272
-0.091506
-0.0935409
-0.0953569
-0.0969366
-0.0982643
-0.0993261
-0.10011
-0.100605
-0.100803
-0.100694
-0.10027
-0.0995234
-0.0984464
-0.0970302
-0.0952658
-0.0931437
-0.0906545
-0.0877899
-0.0845438
-0.0809147
-0.0769086
-0.0725426
-0.0678498
-0.0628842
-0.0577257
-0.0524841
-0.0473002
-0.0423432
-0.0378035
-0.0338712
-0.0307139
-0.0284603
-0.0271754
-0.026845
-0.0273795
-0.0286705
-0.0306435
-0.0327164
-0.0290744
-0.0291567
-0.0292723
-0.0294209
-0.029613
-0.0298592
-0.0301706
-0.0305587
-0.0310351
-0.0316108
-0.0322964
-0.0331015
-0.0340349
-0.0351042
-0.0363161
-0.0376758
-0.0391875
-0.0408534
-0.0426749
-0.0446513
-0.0467796
-0.0490548
-0.0514698
-0.0540149
-0.0566781
-0.0594448
-0.062298
-0.0652185
-0.0681851
-0.0711748
-0.0741631
-0.0771246
-0.0800332
-0.0828627
-0.0855869
-0.0881805
-0.0906193
-0.0928803
-0.0949423
-0.096786
-0.0983939
-0.0997507
-0.100843
-0.101659
-0.102188
-0.102423
-0.102354
-0.101974
-0.101277
-0.100254
-0.0988965
-0.0971964
-0.0951436
-0.0927277
-0.0899386
-0.0867673
-0.0832084
-0.0792623
-0.0749392
-0.0702636
-0.0652797
-0.0600575
-0.0546981
-0.0493362
-0.0441403
-0.0393123
-0.0350558
-0.0315589
-0.0289797
-0.0274135
-0.0268707
-0.0272761
-0.0285263
-0.0305444
-0.0327055
-0.0305291
-0.0305916
-0.0306865
-0.0308161
-0.0309883
-0.0312125
-0.031499
-0.0318591
-0.0323045
-0.0328466
-0.0334968
-0.0342652
-0.0351617
-0.0361946
-0.0373713
-0.0386979
-0.0401791
-0.0418167
-0.0436139
-0.0455697
-0.047681
-0.0499431
-0.0523488
-0.0548884
-0.0575496
-0.0603177
-0.0631755
-0.0661035
-0.0690801
-0.072082
-0.0750846
-0.0780619
-0.0809877
-0.0838353
-0.0865786
-0.089192
-0.0916511
-0.0939329
-0.0960162
-0.0978816
-0.099512
-0.100892
-0.102009
-0.102851
-0.103408
-0.103673
-0.103637
-0.103294
-0.102638
-0.10166
-0.100353
-0.0987092
-0.0967175
-0.0943674
-0.0916475
-0.088547
-0.0850572
-0.0811737
-0.0769006
-0.0722544
-0.0672699
-0.0620067
-0.0565557
-0.0510431
-0.0456316
-0.0405369
-0.0359745
-0.0321424
-0.0292307
-0.0273688
-0.0265952
-0.0268535
-0.0280489
-0.030104
-0.0323504
-0.0319526
-0.0319984
-0.0320752
-0.0321865
-0.032338
-0.0325376
-0.0327948
-0.0331208
-0.0335275
-0.0340271
-0.0346315
-0.0353523
-0.0362001
-0.0371844
-0.0383136
-0.0395947
-0.0410331
-0.0426313
-0.044392
-0.0463156
-0.0483989
-0.0506372
-0.0530233
-0.0555474
-0.0581971
-0.0609575
-0.0638111
-0.0667381
-0.0697167
-0.0727233
-0.0757328
-0.0787191
-0.0816555
-0.0845152
-0.0872718
-0.0898994
-0.0923736
-0.0946712
-0.0967709
-0.0986534
-0.100301
-0.1017
-0.102836
-0.103699
-0.104278
-0.104567
-0.104558
-0.104244
-0.10362
-0.102679
-0.101413
-0.0998144
-0.0978732
-0.0955783
-0.0929178
-0.0898792
-0.0864514
-0.0826266
-0.0784033
-0.0737911
-0.0688159
-0.0635271
-0.0580051
-0.0523661
-0.04676
-0.0414017
-0.0365671
-0.0324086
-0.0291577
-0.0269859
-0.0259633
-0.0260562
-0.0271819
-0.0292653
-0.0315937
-0.0333426
-0.0333755
-0.033437
-0.0335312
-0.0336613
-0.0338334
-0.0340566
-0.0343418
-0.0347015
-0.0351486
-0.0356964
-0.0363575
-0.0371442
-0.0380671
-0.0391359
-0.0403586
-0.0417412
-0.0432885
-0.0450014
-0.0468814
-0.0489258
-0.0511301
-0.0534869
-0.0559864
-0.058616
-0.0613605
-0.0642021
-0.0671209
-0.0700947
-0.0730994
-0.0761098
-0.0790993
-0.0820411
-0.084908
-0.0876733
-0.090311
-0.0927962
-0.0951058
-0.0972182
-0.0991142
-0.100776
-0.102189
-0.103341
-0.104219
-0.104816
-0.105123
-0.105134
-0.104842
-0.104242
-0.103328
-0.102092
-0.100527
-0.0986243
-0.0963715
-0.0937568
-0.0907669
-0.0873891
-0.0836126
-0.0794318
-0.0748502
-0.0698859
-0.0645785
-0.0589975
-0.0532488
-0.047469
-0.0418395
-0.0367658
-0.0322985
-0.0287009
-0.026204
-0.0249143
-0.0248228
-0.0258632
-0.0279655
-0.0303724
-0.0346975
-0.034722
-0.0347721
-0.0348507
-0.0349585
-0.0351003
-0.0352843
-0.0355213
-0.0358246
-0.0362087
-0.0366877
-0.0372763
-0.0379885
-0.0388366
-0.0398316
-0.0409825
-0.0422973
-0.0437808
-0.0454346
-0.0472603
-0.0492559
-0.0514167
-0.0537354
-0.056202
-0.0588038
-0.0615253
-0.0643485
-0.0672529
-0.0702162
-0.0732139
-0.0762204
-0.0792089
-0.082152
-0.0850224
-0.0877931
-0.0904377
-0.0929311
-0.09525
-0.0973726
-0.0992794
-0.100953
-0.102378
-0.103541
-0.104432
-0.105042
-0.105362
-0.105386
-0.105109
-0.104525
-0.103628
-0.102411
-0.100868
-0.0989889
-0.0967628
-0.0941776
-0.0912195
-0.0878747
-0.0841304
-0.0799778
-0.0754157
-0.0704553
-0.0651275
-0.0594917
-0.0536446
-0.0477127
-0.0418319
-0.0364552
-0.0317352
-0.0277949
-0.0249572
-0.0233811
-0.0230856
-0.0240243
-0.0261354
-0.0286171
-0.0360171
-0.0360386
-0.0360818
-0.0361467
-0.0362316
-0.0363395
-0.0364785
-0.0366589
-0.0368957
-0.0372053
-0.0376025
-0.0381047
-0.0387281
-0.0394872
-0.0403946
-0.0414609
-0.0426949
-0.0441021
-0.0456858
-0.0474471
-0.0493845
-0.0514933
-0.0537661
-0.0561928
-0.0587603
-0.0614529
-0.0642523
-0.0671376
-0.070086
-0.0730729
-0.076072
-0.0790563
-0.0819981
-0.0848696
-0.0876434
-0.0902931
-0.0927931
-0.0951197
-0.0972509
-0.0991669
-0.10085
-0.102285
-0.103458
-0.104359
-0.104977
-0.105306
-0.105339
-0.105069
-0.104493
-0.103603
-0.102394
-0.100859
-0.0989884
-0.0967719
-0.0941974
-0.0912508
-0.0879178
-0.0841843
-0.0800392
-0.0754776
-0.0705053
-0.0651458
-0.059449
-0.0535019
-0.0474283
-0.0413566
-0.0355648
-0.0306222
-0.026367
-0.0231747
-0.0212909
-0.0207704
-0.0215897
-0.023699
-0.0262515
-0.0373029
-0.0373276
-0.0373692
-0.0374228
-0.0374838
-0.037553
-0.0376392
-0.037755
-0.0379148
-0.0381377
-0.0384383
-0.038839
-0.0393586
-0.0400139
-0.0408195
-0.0417876
-0.0429281
-0.0442478
-0.0457507
-0.0474382
-0.0493089
-0.0513581
-0.0535783
-0.0559591
-0.0584872
-0.0611465
-0.0639181
-0.0667808
-0.0697115
-0.0726849
-0.0756745
-0.0786527
-0.0815916
-0.084463
-0.0872391
-0.089893
-0.0923989
-0.0947327
-0.096872
-0.0987966
-0.100489
-0.101932
-0.103113
-0.104021
-0.104646
-0.10498
-0.105015
-0.104748
-0.104171
-0.103279
-0.102066
-0.100525
-0.0986467
-0.0964214
-0.0938366
-0.0908786
-0.0875324
-0.0837835
-0.0796191
-0.0750317
-0.0700232
-0.0646109
-0.0588367
-0.0527791
-0.0465619
-0.0403127
-0.0341074
-0.0288683
-0.0243363
-0.0207767
-0.018563
-0.0177952
-0.0184763
-0.0205722
-0.0231917
-0.0385574
-0.0385931
-0.0386395
-0.0386846
-0.0387213
-0.0387485
-0.0387739
-0.0388184
-0.0388943
-0.0390091
-0.0391938
-0.0394761
-0.0398759
-0.040412
-0.0411012
-0.0419577
-0.0429925
-0.0442137
-0.0456261
-0.0472312
-0.0490277
-0.051011
-0.0531733
-0.0555037
-0.0579886
-0.0606113
-0.0633526
-0.0661907
-0.069102
-0.0720607
-0.0750399
-0.0780115
-0.0809472
-0.0838184
-0.0865968
-0.0892552
-0.0917673
-0.0941086
-0.0962564
-0.0981898
-0.0998905
-0.101342
-0.102531
-0.103445
-0.104073
-0.104408
-0.104443
-0.10417
-0.103585
-0.102682
-0.101453
-0.0998916
-0.0979893
-0.0957354
-0.0931179
-0.0901229
-0.0867356
-0.0829407
-0.0787247
-0.0740784
-0.0690007
-0.0635046
-0.0576251
-0.0514318
-0.0450407
-0.0385863
-0.0321368
-0.0264157
-0.0215754
-0.0176655
-0.0151082
-0.01407
-0.0145923
-0.0166623
-0.0193447
-0.0397851
-0.039841
-0.0399
-0.0399403
-0.039953
-0.039937
-0.0398968
-0.0398467
-0.0398096
-0.0398035
-0.0398622
-0.0400114
-0.0402754
-0.0406767
-0.041235
-0.0419666
-0.0428842
-0.0439968
-0.0453097
-0.0468251
-0.0485414
-0.0504538
-0.0525541
-0.0548311
-0.0572704
-0.059855
-0.0625648
-0.0653777
-0.0682693
-0.0712134
-0.0741825
-0.0771482
-0.0800815
-0.0829533
-0.0857352
-0.0883992
-0.0909187
-0.0932688
-0.095426
-0.0973692
-0.0990793
-0.10054
-0.101735
-0.102654
-0.103284
-0.103618
-0.103647
-0.103365
-0.102764
-0.101839
-0.100582
-0.0989863
-0.0970423
-0.0947393
-0.0920651
-0.0890058
-0.0855462
-0.081671
-0.0773663
-0.0726217
-0.0674343
-0.0618141
-0.0557908
-0.0494253
-0.0428225
-0.036127
-0.0294803
-0.0231991
-0.0180416
-0.0137692
-0.0108372
-0.00949729
-0.009836
-0.0118661
-0.0146073
-0.0409923
-0.0410796
-0.0411603
-0.0411987
-0.0411838
-0.0411135
-0.0409938
-0.0408368
-0.0406692
-0.0405292
-0.0404446
-0.0404426
-0.0405534
-0.0408039
-0.0412169
-0.0418109
-0.0426002
-0.0435949
-0.044801
-0.0462205
-0.0478519
-0.04969
-0.0517259
-0.053948
-0.056341
-0.0588872
-0.0615659
-0.0643543
-0.0672272
-0.070158
-0.0731186
-0.07608
-0.0790127
-0.0818872
-0.0846744
-0.087346
-0.0898749
-0.0922355
-0.0944039
-0.0963583
-0.098079
-0.0995484
-0.100751
-0.101674
-0.102305
-0.102635
-0.102655
-0.102356
-0.101733
-0.100777
-0.0994805
-0.0978354
-0.0958318
-0.0934584
-0.0907024
-0.0875496
-0.0839844
-0.0799915
-0.0755564
-0.0706685
-0.0653237
-0.0595302
-0.0533143
-0.0467308
-0.039877
-0.0329043
-0.0259846
-0.0191991
-0.0136342
-0.00898499
-0.00564219
-0.00396579
-0.00409316
-0.00606769
-0.00886373
-0.0421883
-0.0423205
-0.0424335
-0.0424734
-0.0424274
-0.0422928
-0.0420777
-0.0418006
-0.0414928
-0.0411957
-0.0409421
-0.0407674
-0.0407063
-0.0407895
-0.0410428
-0.0414872
-0.0421383
-0.0430072
-0.0441003
-0.0454196
-0.0469632
-0.0487251
-0.050696
-0.0528631
-0.0552107
-0.0577198
-0.0603692
-0.0631351
-0.0659918
-0.0689118
-0.0718664
-0.0748261
-0.0777609
-0.0806407
-0.0834359
-0.0861178
-0.0886585
-0.0910319
-0.0932137
-0.0951811
-0.0969139
-0.0983936
-0.0996039
-0.100531
-0.101161
-0.101485
-0.101491
-0.101172
-0.100518
-0.099522
-0.098174
-0.0964648
-0.0943834
-0.0919177
-0.0890539
-0.0857769
-0.0820709
-0.0779198
-0.073309
-0.0682275
-0.0626709
-0.0566464
-0.0501785
-0.0433184
-0.0361579
-0.0288433
-0.0215546
-0.0144008
-0.00826495
-0.00316399
0.000605801
0.00264985
0.00276465
0.000863503
-0.00198342
-0.0433861
-0.04358
-0.0437379
-0.0437826
-0.0437006
-0.0434904
-0.0431638
-0.0427464
-0.0422755
-0.0417958
-0.0413504
-0.0409818
-0.0407299
-0.0406295
-0.0407095
-0.0409931
-0.0414974
-0.0422342
-0.04321
-0.0444265
-0.045881
-0.0475668
-0.0494737
-0.0515877
-0.0538922
-0.0563671
-0.0589903
-0.0617371
-0.0645809
-0.0674936
-0.0704458
-0.0734073
-0.0763476
-0.079236
-0.0820424
-0.0847375
-0.0872929
-0.0896819
-0.0918794
-0.0938619
-0.0956084
-0.0970995
-0.0983179
-0.0992483
-0.099877
-0.100192
-0.100181
-0.0998359
-0.0991451
-0.098099
-0.0966874
-0.094899
-0.0927215
-0.090141
-0.0871426
-0.0837099
-0.079826
-0.075474
-0.0706388
-0.065309
-0.0594802
-0.0531593
-0.0463702
-0.0391626
-0.0316237
-0.0238927
-0.0161622
-0.00865337
-0.0017933
0.00377792
0.00802074
0.0104837
0.0108815
0.00907558
0.00618206
-0.0446043
-0.0448804
-0.045098
-0.0451498
-0.0450237
-0.044722
-0.044262
-0.0436776
-0.0430151
-0.0423269
-0.0416656
-0.0410814
-0.0406196
-0.0403197
-0.0402138
-0.040327
-0.0406778
-0.0412781
-0.0421342
-0.0432472
-0.0446134
-0.0462251
-0.0480707
-0.0501352
-0.0524004
-0.0548454
-0.0574468
-0.0601789
-0.0630143
-0.065924
-0.068878
-0.0718455
-0.0747952
-0.077696
-0.0805172
-0.0832288
-0.085802
-0.0882093
-0.0904248
-0.0924245
-0.0941863
-0.0956898
-0.0969167
-0.0978504
-0.0984759
-0.0987795
-0.0987487
-0.0983715
-0.0976361
-0.0965309
-0.0950436
-0.0931609
-0.0908685
-0.0881507
-0.0849905
-0.0813697
-0.0772697
-0.0726723
-0.0675613
-0.0619248
-0.0557581
-0.0490682
-0.0418793
-0.034241
-0.0262387
-0.0180094
-0.00976202
-0.00177238
0.00584057
0.011963
0.0167467
0.0196942
0.0204242
0.0187399
0.0158043
-0.0458688
-0.0462524
-0.0465465
-0.0466056
-0.0464226
-0.046007
-0.0453848
-0.0446014
-0.043715
-0.0427886
-0.0418847
-0.0410617
-0.0403711
-0.0398567
-0.0395536
-0.0394888
-0.0396812
-0.0401427
-0.040879
-0.0418901
-0.043171
-0.0447125
-0.0465015
-0.0485214
-0.0507528
-0.0531733
-0.0557583
-0.0584811
-0.0613133
-0.0642252
-0.0671858
-0.0701637
-0.073127
-0.0760441
-0.0788837
-0.0816151
-0.084209
-0.0866372
-0.0888731
-0.0908918
-0.0926701
-0.0941868
-0.0954223
-0.0963586
-0.0969793
-0.0972691
-0.0972137
-0.0967992
-0.096012
-0.0948381
-0.0932629
-0.0912709
-0.0888451
-0.0859674
-0.0826181
-0.0787765
-0.0744216
-0.0695331
-0.0640931
-0.0580885
-0.0515139
-0.0443762
-0.0367004
-0.0285365
-0.0199709
-0.0111413
-0.00225834
0.0064006
0.0146613
0.0215226
0.0269692
0.0304688
0.0315873
0.0300563
0.0270838
-0.0472167
-0.0477388
-0.0481281
-0.048191
-0.0479308
-0.04737
-0.0465483
-0.0455266
-0.0443784
-0.0431799
-0.0420044
-0.0409186
-0.0399804
-0.0392377
-0.0387282
-0.0384797
-0.0385114
-0.0388345
-0.0394534
-0.0403665
-0.0415671
-0.0430442
-0.0447828
-0.0467647
-0.0489688
-0.0513713
-0.0539463
-0.0566659
-0.0595008
-0.0624201
-0.0653924
-0.0683853
-0.0713666
-0.0743038
-0.0771652
-0.0799196
-0.0825368
-0.0849882
-0.0872462
-0.0892851
-0.0910808
-0.0926109
-0.0938545
-0.0947922
-0.0954061
-0.095679
-0.0955947
-0.0951373
-0.0942907
-0.0930385
-0.0913634
-0.0892471
-0.0866697
-0.0836097
-0.0800443
-0.0759496
-0.0713012
-0.0660758
-0.0602528
-0.0538169
-0.0467613
-0.0390922
-0.0308346
-0.02204
-0.0127963
-0.00324222
0.00641535
0.0158928
0.024838
0.0326514
0.0388527
0.0430106
0.0445972
0.0432611
0.040258
-0.0487018
-0.0494005
-0.0499045
-0.0499605
-0.0495918
-0.0488423
-0.0477722
-0.0464632
-0.0450088
-0.0434998
-0.0420212
-0.0406483
-0.0394447
-0.0384616
-0.0377385
-0.0373035
-0.037175
-0.0373626
-0.0378689
-0.0386902
-0.0398176
-0.0412379
-0.0429339
-0.0448857
-0.0470701
-0.049462
-0.0520339
-0.0547568
-0.0576002
-0.0605326
-0.0635214
-0.0665339
-0.069537
-0.0724979
-0.0753841
-0.0781639
-0.0808065
-0.0832826
-0.0855639
-0.0876237
-0.0894369
-0.0909799
-0.0922305
-0.0931679
-0.0937723
-0.0940248
-0.0939069
-0.0934005
-0.0924869
-0.0911469
-0.0893603
-0.0871053
-0.0843586
-0.0810949
-0.0772875
-0.0729083
-0.0679288
-0.0623217
-0.0560623
-0.0491318
-0.0415207
-0.0332333
-0.0242938
-0.0147541
-0.00470374
0.00571677
0.0162985
0.0267327
0.036565
0.0455238
0.0525873
0.0575666
0.0597276
0.0586399
0.0556151
-0.0504042
-0.0513246
-0.0519613
-0.0519877
-0.0514623
-0.0504635
-0.0490807
-0.0474227
-0.0456097
-0.0437476
-0.0419326
-0.040248
-0.0387624
-0.0375293
-0.0365883
-0.0359669
-0.0356814
-0.0357394
-0.0361405
-0.0368785
-0.0379416
-0.0393142
-0.0409768
-0.042907
-0.0450801
-0.0474691
-0.0500451
-0.0527778
-0.0556356
-0.0585862
-0.0615962
-0.0646322
-0.0676606
-0.0706479
-0.0735611
-0.076368
-0.0790373
-0.0815388
-0.0838436
-0.085924
-0.0877539
-0.0893086
-0.0905644
-0.091499
-0.0920907
-0.0923187
-0.0921623
-0.0916008
-0.0906127
-0.0891758
-0.0872664
-0.0848592
-0.0819267
-0.0784394
-0.0743659
-0.0696731
-0.0643275
-0.0582961
-0.0515493
-0.0440629
-0.0358229
-0.0268296
-0.0171047
-0.0066985
0.00429897
0.0157447
0.0274221
0.039008
0.0500478
0.0602176
0.0683827
0.0744106
0.077293
0.0765402
0.0735128
-0.0524442
-0.0536382
-0.054419
-0.0543725
-0.0536169
-0.0522849
-0.0505041
-0.0484178
-0.046186
-0.0439236
-0.0417372
-0.039717
-0.0379346
-0.0364441
-0.0352842
-0.0344795
-0.0340436
-0.0339804
-0.0342862
-0.0349512
-0.0359607
-0.0372959
-0.0389349
-0.040853
-0.0430233
-0.0454171
-0.0480041
-0.0507528
-0.0536304
-0.0566037
-0.0596388
-0.0627015
-0.0657576
-0.0687731
-0.0717147
-0.0745495
-0.0772456
-0.0797722
-0.0820997
-0.0841995
-0.0860445
-0.0876087
-0.0888671
-0.0897956
-0.090371
-0.0905702
-0.0903701
-0.0897473
-0.0886776
-0.0871352
-0.085093
-0.0825214
-0.0793887
-0.0756603
-0.0712996
-0.0662677
-0.0605247
-0.0540313
-0.0467506
-0.0386517
-0.0297134
-0.0199296
-0.00931591
0.00208169
0.0141762
0.0268247
0.0398075
0.0527999
0.0653442
0.0768527
0.0864765
0.0937234
0.0976501
0.0974037
0.0944162
-0.0550065
-0.0565286
-0.0574482
-0.0572502
-0.0561528
-0.0543692
-0.0520746
-0.0494667
-0.0467443
-0.0440296
-0.0414354
-0.0390562
-0.0369645
-0.0352127
-0.0338357
-0.0328544
-0.0322773
-0.0321041
-0.0323265
-0.0329307
-0.0338983
-0.0352074
-0.0368331
-0.0387484
-0.0409242
-0.0433303
-0.0459347
-0.0487046
-0.0516066
-0.0546063
-0.0576692
-0.0607606
-0.0638458
-0.0668903
-0.0698603
-0.0727226
-0.0754446
-0.077995
-0.0803433
-0.0824604
-0.0843179
-0.0858887
-0.0871463
-0.0880653
-0.0886203
-0.0887862
-0.0885374
-0.0878478
-0.08669
-0.085035
-0.0828515
-0.0801057
-0.0767611
-0.0727778
-0.0681131
-0.0627216
-0.0565564
-0.0495699
-0.041717
-0.0329571
-0.0232594
-0.0126076
-0.00100751
0.0115046
0.02485
0.0388921
0.0534156
0.0680963
0.082446
0.0957154
0.10734
0.11618
0.121417
0.121833
0.118945
-0.0583797
-0.0602754
-0.0612908
-0.0608024
-0.0591898
-0.0567799
-0.0538252
-0.0505982
-0.0472937
-0.0440669
-0.0410276
-0.0382677
-0.0358568
-0.0338426
-0.0322543
-0.031106
-0.0304002
-0.0301304
-0.0302831
-0.0308399
-0.0317782
-0.0330726
-0.0346953
-0.0366169
-0.0388061
-0.041231
-0.0438582
-0.0466539
-0.0495835
-0.0526121
-0.0557044
-0.0588254
-0.0619398
-0.0650129
-0.0680103
-0.0708984
-0.0736444
-0.0762162
-0.0785828
-0.0807141
-0.0825809
-0.0841549
-0.0854083
-0.0863138
-0.0868445
-0.0869729
-0.0866711
-0.0859102
-0.0846595
-0.0828864
-0.0805558
-0.0776293
-0.0740652
-0.069818
-0.0648387
-0.0590747
-0.0524708
-0.0449705
-0.0365179
-0.0270612
-0.0165564
-0.00497291
0.00769897
0.0214391
0.0361854
0.0518172
0.0681323
0.0848109
0.101353
0.11701
0.131084
0.142123
0.149167
0.150524
0.147905
-0.0630236
-0.065301
-0.0662898
-0.0652684
-0.0628745
-0.0596034
-0.0558018
-0.0518009
-0.047825
-0.0440274
-0.040508
-0.0373487
-0.0346125
-0.0323393
-0.0305492
-0.0292474
-0.028428
-0.0280774
-0.0281759
-0.0286997
-0.0296218
-0.0309132
-0.032543
-0.0344793
-0.036689
-0.0391383
-0.0417927
-0.0446173
-0.0475767
-0.0506353
-0.0537576
-0.0569078
-0.0600505
-0.0631505
-0.0661734
-0.0690851
-0.0718523
-0.0744425
-0.0768241
-0.0789663
-0.080839
-0.0824127
-0.0836583
-0.0845472
-0.0850502
-0.085138
-0.0847803
-0.0839452
-0.082599
-0.0807056
-0.0782257
-0.0751164
-0.0713309
-0.0668178
-0.0615214
-0.0553815
-0.0483341
-0.0403124
-0.0312487
-0.0210769
-0.00973687
0.00282113
0.0166288
0.031691
0.0479733
0.0653851
0.0837541
0.102787
0.122004
0.140659
0.157691
0.171689
0.18121
0.184377
0.18248
-0.0696893
-0.0722506
-0.0729278
-0.0709595
-0.0673947
-0.0629273
-0.0579937
-0.0530645
-0.0483303
-0.0438919
-0.0398553
-0.0362824
-0.0332201
-0.0306967
-0.0287198
-0.0272826
-0.026369
-0.0259564
-0.0260182
-0.0265248
-0.0274446
-0.0287448
-0.0303916
-0.0323506
-0.034587
-0.0370655
-0.0397505
-0.0426062
-0.0455966
-0.0486857
-0.0518373
-0.0550155
-0.0581848
-0.0613097
-0.0643556
-0.067288
-0.0700735
-0.0726791
-0.0750727
-0.0772227
-0.0790983
-0.0806689
-0.0819043
-0.0827742
-0.0832479
-0.0832939
-0.0828796
-0.0819704
-0.0805297
-0.0785178
-0.0758914
-0.0726034
-0.0686017
-0.0638294
-0.0582238
-0.051717
-0.0442358
-0.0357025
-0.026036
-0.0151545
-0.00297777
0.0105676
0.0255427
0.0419876
0.0599098
0.0792679
0.0999453
0.12171
0.144141
0.166505
0.187563
0.205927
0.219348
0.225262
0.224587
-0.0796482
-0.0821195
-0.0818643
-0.0782664
-0.0729214
-0.0668023
-0.0606036
-0.054523
-0.0488253
-0.0436338
-0.0390219
-0.0350197
-0.0316379
-0.0288831
-0.0267437
-0.0251972
-0.0242148
-0.023764
-0.0238103
-0.024318
-0.0252509
-0.0265726
-0.0282467
-0.0302366
-0.0325059
-0.0350181
-0.0377367
-0.0406254
-0.0436476
-0.0467669
-0.0499471
-0.0531522
-0.0563464
-0.0594942
-0.0625607
-0.0655116
-0.068313
-0.0709318
-0.0733352
-0.0754912
-0.0773682
-0.0789347
-0.0801593
-0.0810103
-0.0814555
-0.0814615
-0.0809935
-0.0800145
-0.0784849
-0.0763618
-0.0735985
-0.0701435
-0.0659402
-0.0609258
-0.0550316
-0.0481819
-0.0402943
-0.03128
-0.021044
-0.00948688
0.00349373
0.0179998
0.0341288
0.0519668
0.07158
0.0929994
0.116198
0.14105
0.167252
0.194183
0.220702
0.245086
0.264401
0.274881
0.276728
-0.0951075
-0.0964305
-0.0939695
-0.0875357
-0.079425
-0.0710821
-0.0631364
-0.0557859
-0.0490743
-0.0430995
-0.0378878
-0.0334455
-0.0297694
-0.0268222
-0.0245624
-0.0229468
-0.0219322
-0.0214751
-0.0215331
-0.0220648
-0.0230296
-0.024388
-0.0261013
-0.0281313
-0.0304405
-0.0329916
-0.0357475
-0.0386715
-0.0417269
-0.0448772
-0.0480861
-0.0513177
-0.0545361
-0.0577061
-0.0607926
-0.0637612
-0.0665781
-0.0692096
-0.071623
-0.0737855
-0.0756649
-0.077229
-0.0784454
-0.0792811
-0.0797026
-0.0796748
-0.0791609
-0.0781215
-0.076515
-0.0742953
-0.0714125
-0.0678117
-0.0634318
-0.0582053
-0.0520576
-0.044906
-0.0366597
-0.0272189
-0.016475
-0.00431046
0.00940068
0.024792
0.042003
0.0611763
0.0824529
0.105963
0.131809
0.160033
0.190542
0.222964
0.25638
0.288811
0.316729
0.334904
0.342871
-0.119775
-0.11749
-0.110201
-0.0985963
-0.0863445
-0.0751931
-0.0652154
-0.0563645
-0.0485928
-0.0418412
-0.0360905
-0.0313145
-0.0274382
-0.0243819
-0.0220751
-0.020454
-0.0194608
-0.0190421
-0.0191485
-0.0197338
-0.0207543
-0.0221684
-0.0239359
-0.0260178
-0.028376
-0.030973
-0.0337717
-0.0367352
-0.0398271
-0.043011
-0.0462508
-0.0495108
-0.0527553
-0.0559492
-0.0590577
-0.0620463
-0.0648811
-0.0675285
-0.0699553
-0.0721286
-0.0740154
-0.075583
-0.0767982
-0.077627
-0.0780344
-0.0779844
-0.0774385
-0.0763551
-0.0746908
-0.0723971
-0.0694217
-0.0657065
-0.0611871
-0.055792
-0.0494415
-0.0420473
-0.033511
-0.0237234
-0.0125632
0.000104064
0.0144277
0.0305735
0.0487259
0.0690905
0.0918967
0.117399
0.145875
0.177607
0.212835
0.251631
0.29361
0.337202
0.378304
0.409931
0.429536
-0.160069
-0.14854
-0.130617
-0.110611
-0.0930888
-0.0783851
-0.0660063
-0.0555316
-0.0466773
-0.039301
-0.0332371
-0.0283227
-0.0244126
-0.0213869
-0.019148
-0.0176148
-0.016718
-0.0163976
-0.0165999
-0.0172765
-0.0183827
-0.0198762
-0.0217169
-0.0238661
-0.0262858
-0.028939
-0.0317891
-0.0347998
-0.0379349
-0.0411587
-0.0444355
-0.0477298
-0.0510064
-0.0542305
-0.0573674
-0.0603828
-0.0632429
-0.065914
-0.0683627
-0.070556
-0.0724606
-0.0740431
-0.0752697
-0.0761059
-0.0765156
-0.0764616
-0.0759045
-0.074801
-0.073107
-0.0707709
-0.0677393
-0.0639524
-0.0593429
-0.0538364
-0.0473497
-0.0397902
-0.0310538
-0.0210237
-0.00956842
0.00346079
0.0182335
0.0349447
0.0538215
0.0751322
0.0991993
0.126417
0.157271
0.192362
0.232411
0.278207
0.330392
0.388595
0.449
0.50264
0.541533
-0.234034
-0.193625
-0.152871
-0.120803
-0.0965706
-0.0779373
-0.0632347
-0.0514778
-0.0421293
-0.0346771
-0.0287348
-0.0240284
-0.0203585
-0.0175769
-0.0155713
-0.0142534
-0.0135517
-0.0134061
-0.0137645
-0.0145801
-0.0158101
-0.0174142
-0.019354
-0.0215923
-0.0240927
-0.0268193
-0.0297365
-0.032809
-0.0360015
-0.039279
-0.0426063
-0.0459486
-0.0492712
-0.0525395
-0.0557193
-0.0587764
-0.0616772
-0.0643881
-0.0668756
-0.0691065
-0.0710474
-0.0726646
-0.073924
-0.0747906
-0.075228
-0.0751988
-0.0746609
-0.07357
-0.0718858
-0.0695495
-0.0665106
-0.0627081
-0.0580726
-0.052528
-0.0459894
-0.0383616
-0.0295373
-0.019395
-0.00779675
0.00541593
0.0204269
0.0374527
0.0567531
0.0786475
0.103538
0.131946
0.164568
0.202353
0.246616
0.29916
0.362298
0.438205
0.526478
0.620875
0.705512
-0.40656
-0.26169
-0.16924
-0.120296
-0.0899244
-0.0686478
-0.0532301
-0.0419671
-0.0335023
-0.0269723
-0.0218745
-0.0179036
-0.0148595
-0.0126049
-0.0110414
-0.0100953
-0.00970776
-0.00982941
-0.010417
-0.0114309
-0.0128341
-0.0145911
-0.016667
-0.0190278
-0.0216395
-0.0244682
-0.0274801
-0.0306412
-0.0339173
-0.0372744
-0.0406782
-0.0440945
-0.0474891
-0.050828
-0.0540772
-0.057203
-0.0601719
-0.0629503
-0.065505
-0.0678027
-0.0698099
-0.0714929
-0.0728173
-0.0737483
-0.0742498
-0.0742912
-0.0738167
-0.0727814
-0.0711506
-0.0688704
-0.0658895
-0.0621432
-0.0575613
-0.0520684
-0.0455798
-0.038
-0.029221
-0.0191206
-0.00755858
0.00562679
0.020625
0.037662
0.0570132
0.0790235
0.104139
0.132959
0.166317
0.205428
0.252137
0.309346
0.381656
0.476022
0.602961
0.780643
1.00128
-0.745905
-0.357879
-0.179961
-0.1124
-0.0769879
-0.0543627
-0.0398293
-0.030224
-0.0234224
-0.0183307
-0.0144216
-0.0114158
-0.00914965
-0.00752238
-0.00646776
-0.00593802
-0.00589492
-0.00630504
-0.00713726
-0.00836146
-0.00994778
-0.0118662
-0.0140865
-0.0165778
-0.019309
-0.0222484
-0.0253638
-0.0286226
-0.0319921
-0.0354389
-0.0389296
-0.0424307
-0.0459084
-0.0493293
-0.0526596
-0.0558658
-0.0589148
-0.061773
-0.0644075
-0.066785
-0.0688721
-0.070635
-0.072039
-0.0730485
-0.0736229
-0.073757
-0.0733798
-0.0724172
-0.0708629
-0.0686784
-0.0657921
-0.062141
-0.0576584
-0.0522702
-0.0458924
-0.0384308
-0.0297787
-0.0198152
-0.00840151
0.00462269
0.0194457
0.0362927
0.0554393
0.0772328
0.102126
0.130735
0.163937
0.203051
0.250196
0.309024
0.386334
0.495627
0.665504
0.962464
1.44993
)
;

boundaryField
{
    movingWall
    {
        type            zeroGradient;
    }
    fixedWalls
    {
        type            zeroGradient;
    }
    frontAndBack
    {
        type            empty;
    }
}


// ************************************************************************* //
