/*--------------------------------*- C++ -*----------------------------------*\
  =========                 |
  \\      /  F ield         | OpenFOAM: The Open Source CFD Toolbox
   \\    /   O peration     | Website:  https://openfoam.org
    \\  /    A nd           | Version:  12
     \\/     M anipulation  |
\*---------------------------------------------------------------------------*/
FoamFile
{
    format      ascii;
    class       volScalarField;
    location    "1.5";
    object      k;
}
// * * * * * * * * * * * * * * * * * * * * * * * * * * * * * * * * * * * * * //

dimensions      [0 2 -2 0 0 0 0];

internalField   nonuniform List<scalar> 
5625
(
2.11445e-09
1.42576e-08
3.14251e-08
5.12191e-08
7.22423e-08
9.34302e-08
1.13916e-07
1.33006e-07
1.5018e-07
1.65094e-07
1.77588e-07
1.87673e-07
1.95522e-07
2.01443e-07
2.05856e-07
2.09261e-07
2.12199e-07
2.15223e-07
2.18866e-07
2.23612e-07
2.2988e-07
2.38007e-07
2.48249e-07
2.60779e-07
2.75706e-07
2.93085e-07
3.1294e-07
3.35287e-07
3.60148e-07
3.8757e-07
4.17629e-07
4.50434e-07
4.86122e-07
5.24846e-07
5.66764e-07
6.12025e-07
6.60757e-07
7.13057e-07
7.68983e-07
8.28552e-07
8.91728e-07
9.58416e-07
1.02845e-06
1.10159e-06
1.17748e-06
1.25563e-06
1.33537e-06
1.41586e-06
1.49599e-06
1.57437e-06
1.64928e-06
1.71866e-06
1.78004e-06
1.83041e-06
1.86541e-06
1.88179e-06
1.88343e-06
1.86122e-06
1.81301e-06
1.73848e-06
1.63835e-06
1.51478e-06
1.37168e-06
1.21451e-06
1.04987e-06
8.84762e-07
7.25823e-07
5.78539e-07
4.46731e-07
3.32354e-07
2.35646e-07
1.55583e-07
9.0628e-08
3.98818e-08
5.87611e-09
1.59668e-08
1.26884e-07
2.8178e-07
4.60036e-07
6.49261e-07
8.39926e-07
1.02425e-06
1.19599e-06
1.35048e-06
1.48462e-06
1.59699e-06
1.68767e-06
1.75823e-06
1.81145e-06
1.85111e-06
1.8817e-06
1.90808e-06
1.93526e-06
1.968e-06
2.01068e-06
2.06705e-06
2.14015e-06
2.23227e-06
2.34498e-06
2.47924e-06
2.63555e-06
2.81413e-06
3.01511e-06
3.2387e-06
3.48532e-06
3.75568e-06
4.05074e-06
4.37175e-06
4.7201e-06
5.0972e-06
5.50439e-06
5.94282e-06
6.41337e-06
6.91657e-06
7.45255e-06
8.02098e-06
8.62103e-06
9.25123e-06
9.90936e-06
1.05922e-05
1.12955e-05
1.20132e-05
1.27377e-05
1.3459e-05
1.41648e-05
1.48395e-05
1.54647e-05
1.60183e-05
1.64732e-05
1.67896e-05
1.69332e-05
1.69457e-05
1.67422e-05
1.63046e-05
1.56309e-05
1.47275e-05
1.36141e-05
1.2326e-05
1.09121e-05
9.43177e-06
7.94778e-06
6.51955e-06
5.19623e-06
4.01204e-06
2.98446e-06
2.11557e-06
1.39607e-06
8.11863e-07
3.54645e-07
4.43666e-08
3.38486e-08
2.89183e-07
6.46453e-07
1.05765e-06
1.49408e-06
1.93375e-06
2.35871e-06
2.75459e-06
3.11059e-06
3.41966e-06
3.67847e-06
3.88728e-06
4.04969e-06
4.17217e-06
4.26344e-06
4.33387e-06
4.39473e-06
4.4575e-06
4.53323e-06
4.63198e-06
4.7624e-06
4.9315e-06
5.14454e-06
5.40516e-06
5.71557e-06
6.07695e-06
6.48986e-06
6.95466e-06
7.47191e-06
8.04267e-06
8.66864e-06
9.3522e-06
1.00963e-05
1.09043e-05
1.17795e-05
1.2725e-05
1.37435e-05
1.48371e-05
1.60069e-05
1.72529e-05
1.85744e-05
1.9969e-05
2.1433e-05
2.29609e-05
2.45448e-05
2.61741e-05
2.78345e-05
2.95078e-05
3.11707e-05
3.27939e-05
3.43418e-05
3.57716e-05
3.70328e-05
3.80661e-05
3.87747e-05
3.90855e-05
3.91064e-05
3.86248e-05
3.76043e-05
3.6041e-05
3.39496e-05
3.13753e-05
2.83988e-05
2.51334e-05
2.17159e-05
1.82915e-05
1.49976e-05
1.19476e-05
9.22007e-06
6.85484e-06
4.856e-06
3.20146e-06
1.85822e-06
8.06675e-07
9.38601e-08
5.52295e-08
4.83565e-07
1.08628e-06
1.78092e-06
2.51835e-06
3.26117e-06
3.979e-06
4.64749e-06
5.24843e-06
5.7699e-06
6.20633e-06
6.55825e-06
6.83179e-06
7.03796e-06
7.19157e-06
7.31022e-06
7.41299e-06
7.51934e-06
7.64792e-06
7.81575e-06
8.03745e-06
8.32483e-06
8.68679e-06
9.12948e-06
9.65666e-06
1.02704e-05
1.09717e-05
1.17613e-05
1.26404e-05
1.3611e-05
1.4676e-05
1.58399e-05
1.71078e-05
1.84853e-05
1.99782e-05
2.15918e-05
2.33303e-05
2.51968e-05
2.71925e-05
2.93171e-05
3.15679e-05
3.394e-05
3.64258e-05
3.90145e-05
4.16916e-05
4.44379e-05
4.72286e-05
5.00322e-05
5.28097e-05
5.55125e-05
5.80823e-05
6.04492e-05
6.25315e-05
6.42366e-05
6.5394e-05
6.5889e-05
6.59187e-05
6.51049e-05
6.33877e-05
6.07609e-05
5.72444e-05
5.29102e-05
4.78916e-05
4.23791e-05
3.66048e-05
3.08168e-05
2.52503e-05
2.00992e-05
1.54973e-05
1.15114e-05
8.14693e-06
5.36465e-06
3.10757e-06
1.34277e-06
1.52435e-07
7.93957e-08
7.02085e-07
1.5827e-06
2.59946e-06
3.6794e-06
4.76724e-06
5.81822e-06
6.79659e-06
7.67563e-06
8.43794e-06
9.07543e-06
9.58904e-06
9.98791e-06
1.02883e-05
1.05121e-05
1.06853e-05
1.08358e-05
1.09924e-05
1.11823e-05
1.14305e-05
1.17584e-05
1.21834e-05
1.27183e-05
1.33723e-05
1.41509e-05
1.50573e-05
1.6093e-05
1.72595e-05
1.85586e-05
1.99937e-05
2.15695e-05
2.32927e-05
2.51708e-05
2.72122e-05
2.9425e-05
3.18163e-05
3.43912e-05
3.71528e-05
4.01012e-05
4.32333e-05
4.65429e-05
5.00199e-05
5.36504e-05
5.74158e-05
6.12928e-05
6.52518e-05
6.92566e-05
7.32624e-05
7.7215e-05
8.10484e-05
8.46834e-05
8.80258e-05
9.09647e-05
9.33761e-05
9.50169e-05
9.57208e-05
9.57786e-05
9.46393e-05
9.21978e-05
8.84422e-05
8.3389e-05
7.71312e-05
6.98547e-05
6.18338e-05
5.34091e-05
4.49495e-05
3.68067e-05
2.92719e-05
2.2546e-05
1.67281e-05
1.18247e-05
7.77584e-06
4.49573e-06
1.93595e-06
2.17576e-07
1.05836e-07
9.40297e-07
2.12501e-06
3.49534e-06
4.95174e-06
6.41889e-06
7.83595e-06
9.15446e-06
1.03383e-05
1.13641e-05
1.22211e-05
1.29108e-05
1.34459e-05
1.38485e-05
1.41486e-05
1.43813e-05
1.45848e-05
1.47978e-05
1.50573e-05
1.53969e-05
1.58457e-05
1.64268e-05
1.71578e-05
1.80508e-05
1.91134e-05
2.03501e-05
2.17632e-05
2.33549e-05
2.51281e-05
2.70876e-05
2.92403e-05
3.1595e-05
3.41618e-05
3.69513e-05
3.99731e-05
4.32348e-05
4.6741e-05
5.04922e-05
5.44846e-05
5.87096e-05
6.31537e-05
6.77987e-05
7.26213e-05
7.75934e-05
8.26815e-05
8.78463e-05
9.30416e-05
9.82128e-05
0.000103295
0.000108211
0.000112866
0.000117149
0.000120925
0.000124039
0.000126199
0.000127155
0.000127281
0.000125885
0.000122772
0.000117922
0.000111336
0.000103119
9.3502e-05
8.2843e-05
7.15971e-05
6.0266e-05
4.93344e-05
3.92081e-05
3.01688e-05
2.23568e-05
1.57826e-05
1.03637e-05
5.98133e-06
2.56914e-06
2.87344e-07
1.34212e-07
1.1954e-06
2.70636e-06
4.45682e-06
6.31845e-06
8.19392e-06
1.00048e-05
1.16887e-05
1.31995e-05
1.45072e-05
1.55985e-05
1.64756e-05
1.71551e-05
1.76661e-05
1.80472e-05
1.83439e-05
1.86053e-05
1.88811e-05
1.92189e-05
1.96617e-05
2.02465e-05
2.10029e-05
2.19533e-05
2.31131e-05
2.44921e-05
2.60961e-05
2.79283e-05
2.99919e-05
3.22909e-05
3.48315e-05
3.76226e-05
4.06748e-05
4.4e-05
4.76098e-05
5.15136e-05
5.57172e-05
6.02212e-05
6.50204e-05
7.01031e-05
7.54513e-05
8.10408e-05
8.68421e-05
9.28211e-05
9.89396e-05
0.000105156
0.000111423
0.000117692
0.000123904
0.000129991
0.000135873
0.000141448
0.000146593
0.000151154
0.000154947
0.000157661
0.000158919
0.000159161
0.000157611
0.000153926
0.000148086
0.000140066
0.000129968
0.000118058
0.000104768
9.06637e-05
7.63813e-05
6.25487e-05
4.97008e-05
3.82166e-05
2.82908e-05
1.99458e-05
1.30784e-05
7.53569e-06
3.2304e-06
3.60342e-07
1.6429e-07
1.46548e-06
3.32207e-06
5.4758e-06
7.7676e-06
1.00765e-05
1.2305e-05
1.43758e-05
1.62319e-05
1.78367e-05
1.9174e-05
2.02472e-05
2.10776e-05
2.17016e-05
2.21676e-05
2.25323e-05
2.28567e-05
2.32024e-05
2.3628e-05
2.41867e-05
2.49239e-05
2.58758e-05
2.70699e-05
2.8525e-05
3.0253e-05
3.22611e-05
3.45534e-05
3.71339e-05
4.00075e-05
4.31816e-05
4.66664e-05
5.04734e-05
5.46148e-05
5.91008e-05
6.39379e-05
6.91264e-05
7.46593e-05
8.0521e-05
8.66878e-05
9.31283e-05
9.98051e-05
0.000106676
0.000113697
0.000120822
0.000128006
0.000135203
0.000142365
0.00014944
0.000156366
0.000163065
0.000169436
0.000175347
0.000180626
0.000185061
0.000188343
0.000189938
0.00019033
0.000188727
0.000184589
0.000177904
0.000168616
0.000156811
0.000142774
0.000126993
0.000110126
9.2937e-05
7.61954e-05
6.05763e-05
4.65726e-05
3.44514e-05
2.4261e-05
1.58854e-05
9.13886e-06
3.91129e-06
4.35594e-07
1.95911e-07
1.74919e-06
3.96887e-06
6.54647e-06
9.29055e-06
1.20549e-05
1.47217e-05
1.71979e-05
1.94148e-05
2.13289e-05
2.29215e-05
2.41975e-05
2.51834e-05
2.59239e-05
2.64781e-05
2.69147e-05
2.73075e-05
2.77308e-05
2.82549e-05
2.89435e-05
2.98506e-05
3.10196e-05
3.24826e-05
3.42621e-05
3.6372e-05
3.88204e-05
4.16123e-05
4.4752e-05
4.82449e-05
5.2099e-05
5.63241e-05
6.09312e-05
6.59303e-05
7.13272e-05
7.71215e-05
8.33041e-05
8.98553e-05
9.67451e-05
0.000103934
0.000111375
0.000119017
0.000126807
0.000134693
0.000142629
0.000150574
0.000158489
0.000166341
0.000174088
0.000181681
0.000189048
0.00019609
0.000202664
0.000208583
0.000213603
0.000217421
0.000219351
0.000219905
0.000218326
0.000213849
0.000206486
0.000196143
0.000182882
0.000166986
0.00014897
0.000129558
0.00010962
9.00587e-05
7.16936e-05
5.51481e-05
4.07831e-05
2.86929e-05
1.87621e-05
1.07776e-05
4.60599e-06
5.12472e-07
2.28959e-07
2.04555e-06
4.64438e-06
7.66464e-06
1.08809e-05
1.41203e-05
1.72437e-05
2.0141e-05
2.27317e-05
2.49651e-05
2.68201e-05
2.83037e-05
2.94483e-05
3.03079e-05
3.0953e-05
3.14654e-05
3.19325e-05
3.24419e-05
3.30762e-05
3.391e-05
3.50061e-05
3.64145e-05
3.81727e-05
4.03058e-05
4.28297e-05
4.57533e-05
4.90817e-05
5.28188e-05
5.69698e-05
6.15414e-05
6.65419e-05
7.19789e-05
7.78568e-05
8.41736e-05
9.09176e-05
9.80654e-05
0.000105581
0.000113416
0.000121513
0.00012981
0.000138244
0.000146756
0.000155295
0.000163821
0.000172307
0.000180731
0.000189078
0.000197323
0.000205429
0.00021333
0.000220923
0.000228055
0.000234517
0.000240042
0.000244305
0.000246535
0.000247233
0.000245722
0.000241012
0.000233149
0.000221997
0.000207586
0.00019017
0.000170263
0.00014862
0.000126183
0.000103972
8.29489e-05
6.38825e-05
4.72517e-05
3.32215e-05
2.1696e-05
1.24445e-05
5.31084e-06
5.90696e-07
2.63351e-07
2.35385e-06
5.34689e-06
8.82724e-06
1.25339e-05
1.62662e-05
1.98622e-05
2.31943e-05
2.61696e-05
2.87302e-05
3.08528e-05
3.25471e-05
3.38524e-05
3.48327e-05
3.5571e-05
3.61633e-05
3.6711e-05
3.73158e-05
3.80732e-05
3.90684e-05
4.03733e-05
4.20446e-05
4.41241e-05
4.66398e-05
4.96086e-05
5.30396e-05
5.69372e-05
6.13041e-05
6.61434e-05
7.14592e-05
7.72554e-05
8.35332e-05
9.02879e-05
9.75051e-05
0.000105158
0.000113203
0.000121587
0.000130241
0.00013909
0.000148061
0.000157083
0.0001661
0.000175071
0.000183973
0.000192798
0.000201549
0.00021023
0.000218832
0.000227326
0.000235646
0.000243677
0.000251252
0.000258141
0.000264056
0.00026865
0.000271105
0.000271909
0.000270476
0.000265636
0.000257451
0.000245753
0.000230524
0.000211971
0.000190571
0.000167072
0.000142452
0.00011782
9.42757e-05
7.27422e-05
5.3842e-05
3.78398e-05
2.46832e-05
1.41366e-05
6.0245e-06
6.7001e-07
2.99028e-07
2.67359e-06
6.07518e-06
1.0032e-05
1.42462e-05
1.84876e-05
2.25706e-05
2.63494e-05
2.97182e-05
3.26119e-05
3.50056e-05
3.69123e-05
3.8379e-05
3.94808e-05
4.03144e-05
4.09904e-05
4.16257e-05
4.2336e-05
4.323e-05
4.44039e-05
4.5938e-05
4.78955e-05
5.03221e-05
5.32478e-05
5.669e-05
6.06568e-05
6.51507e-05
7.01719e-05
7.57196e-05
8.17928e-05
8.8388e-05
9.54966e-05
0.000103101
0.000111169
0.000119656
0.000128498
0.000137618
0.000146931
0.000156349
0.00016579
0.000175188
0.000184499
0.0001937
0.000202794
0.000211798
0.000220739
0.000229637
0.000238495
0.000247281
0.00025592
0.000264282
0.000272179
0.000279364
0.000285534
0.000290334
0.000292924
0.000293792
0.000292421
0.000287541
0.000279208
0.000267215
0.000251498
0.000232196
0.00020972
0.000184769
0.000158319
0.000131536
0.00010564
8.1716e-05
6.05549e-05
4.25523e-05
2.77268e-05
1.58551e-05
6.74718e-06
7.50396e-07
3.35949e-07
3.00443e-06
6.82841e-06
1.12775e-05
1.60151e-05
2.07807e-05
2.53637e-05
2.95995e-05
3.3369e-05
3.66002e-05
3.92668e-05
4.13862e-05
4.30139e-05
4.42374e-05
4.51678e-05
4.59317e-05
4.66615e-05
4.74879e-05
4.85327e-05
4.99028e-05
5.16869e-05
5.39535e-05
5.67518e-05
6.01127e-05
6.40529e-05
6.85786e-05
7.36889e-05
7.93794e-05
8.56435e-05
9.2472e-05
9.98511e-05
0.000107758
0.000116159
0.000125002
0.00013422
0.000143726
0.000153426
0.000163218
0.000173008
0.000182718
0.000192296
0.000201716
0.000210985
0.000220134
0.000229208
0.000238253
0.000247299
0.000256347
0.000265355
0.00027423
0.000282822
0.000290924
0.000298276
0.00030457
0.000309453
0.000312089
0.000312981
0.000311648
0.000306795
0.000298466
0.000286402
0.000270491
0.000250798
0.000227643
0.000201643
0.000173728
0.000145085
0.00011703
9.08097e-05
6.74036e-05
4.73718e-05
3.08357e-05
1.76044e-05
7.4803e-06
8.31992e-07
3.74089e-07
3.34613e-06
7.60604e-06
1.25626e-05
1.7839e-05
2.31428e-05
2.82379e-05
3.29395e-05
3.71155e-05
4.06868e-05
4.36268e-05
4.59578e-05
4.7745e-05
4.90895e-05
5.0118e-05
5.09736e-05
5.18052e-05
5.27587e-05
5.39687e-05
5.55526e-05
5.76067e-05
6.02043e-05
6.33966e-05
6.72146e-05
7.1673e-05
7.67742e-05
8.25124e-05
8.88766e-05
9.58515e-05
0.000103417
0.000111546
0.000120198
0.000129319
0.000138835
0.000148656
0.000158676
0.000168783
0.000178869
0.000188844
0.000198642
0.000208232
0.000217622
0.000226849
0.000235973
0.000245063
0.000254175
0.00026334
0.000272545
0.00028173
0.000290777
0.000299514
0.000307721
0.000315129
0.000321436
0.000326301
0.00032891
0.000329792
0.000328473
0.000323682
0.000315467
0.000303502
0.000287631
0.000267844
0.000244358
0.000217681
0.000188658
0.000158454
0.000128446
0.000100037
7.44084e-05
5.2317e-05
3.40227e-05
1.9391e-05
8.2262e-06
9.1504e-07
4.13434e-07
3.6986e-06
8.40776e-06
1.38866e-05
1.97167e-05
2.55722e-05
3.11901e-05
3.63654e-05
4.09523e-05
4.48652e-05
4.80774e-05
5.06175e-05
5.25617e-05
5.40257e-05
5.5153e-05
5.6104e-05
5.70448e-05
5.81363e-05
5.95259e-05
6.13408e-05
6.36839e-05
6.66324e-05
7.02383e-05
7.4531e-05
7.95217e-05
8.52076e-05
9.15758e-05
9.86061e-05
0.000106272
0.00011454
0.000123365
0.000132689
0.000142433
0.000152502
0.000162783
0.000173155
0.000183498
0.000193705
0.000203697
0.000213435
0.000222919
0.00023219
0.000241321
0.000250397
0.000259499
0.000268687
0.000277976
0.000287336
0.000296676
0.000305855
0.00031468
0.000322921
0.000330309
0.000336552
0.000341331
0.000343861
0.000344709
0.000343375
0.000338652
0.0003306
0.00031884
0.000303161
0.000283491
0.000259946
0.000232909
0.000203105
0.000171632
0.000139892
0.000109414
8.15912e-05
5.74091e-05
3.73029e-05
2.12228e-05
8.98776e-06
9.99851e-07
4.53981e-07
4.06179e-06
9.23349e-06
1.52495e-05
2.16477e-05
2.80678e-05
3.42187e-05
3.98743e-05
4.48752e-05
4.91295e-05
5.26116e-05
5.5357e-05
5.74546e-05
5.90357e-05
6.02619e-05
6.13119e-05
6.23689e-05
6.36091e-05
6.51922e-05
6.72543e-05
6.99039e-05
7.32206e-05
7.72558e-05
8.20358e-05
8.75666e-05
9.38379e-05
0.000100828
0.000108504
0.000116828
0.000125748
0.0001352
0.000145104
0.000155359
0.000165847
0.000176441
0.000187006
0.000197424
0.000207599
0.000217479
0.000227053
0.000236363
0.000245484
0.00025452
0.000263573
0.00027273
0.000282036
0.000291489
0.000301026
0.00031053
0.000319831
0.000328722
0.000336965
0.000344298
0.000350442
0.000355102
0.000357525
0.000358323
0.00035694
0.000352264
0.000344356
0.000332828
0.000317403
0.000297962
0.000274536
0.000247379
0.000217075
0.000184611
0.000151361
0.000118948
8.89713e-05
6.26692e-05
4.06921e-05
2.31084e-05
9.76817e-06
1.08677e-06
4.95733e-07
4.43577e-06
1.00833e-05
1.66511e-05
2.36318e-05
3.06289e-05
3.73223e-05
4.3464e-05
4.88809e-05
5.34752e-05
5.72232e-05
6.01689e-05
6.24149e-05
6.411e-05
6.54346e-05
6.65866e-05
6.77665e-05
6.91657e-05
7.09552e-05
7.32793e-05
7.62507e-05
7.99498e-05
8.44256e-05
8.96997e-05
9.57708e-05
0.000102619
0.000110212
0.000118504
0.000127438
0.000136945
0.00014694
0.000157321
0.000167965
0.000178736
0.000189495
0.000200107
0.000210462
0.000220489
0.000230167
0.000239526
0.000248646
0.000257639
0.000266629
0.000275728
0.000285015
0.000294515
0.000304196
0.000313962
0.000323665
0.000333115
0.000342091
0.00035035
0.000357638
0.000363689
0.000368226
0.000370536
0.000371273
0.000369801
0.000365125
0.000357293
0.000345938
0.000330738
0.000311533
0.000288297
0.00026117
0.000230581
0.000197372
0.000162835
0.000128637
9.65606e-05
6.81148e-05
4.42054e-05
2.50566e-05
1.05706e-05
1.17613e-06
5.38703e-07
4.82065e-06
1.09574e-05
1.80919e-05
2.56693e-05
3.32556e-05
4.05002e-05
4.71331e-05
5.29667e-05
5.78982e-05
6.19067e-05
6.50463e-05
6.74347e-05
6.92395e-05
7.06614e-05
7.19176e-05
7.32267e-05
7.47941e-05
7.6802e-05
7.94011e-05
8.27068e-05
8.67986e-05
9.17214e-05
9.74901e-05
0.000104094
0.000111503
0.000119669
0.000128532
0.000138018
0.000148036
0.000158481
0.000169227
0.000180135
0.000191057
0.000201847
0.00021238
0.000222567
0.000232368
0.000241802
0.000250943
0.000259908
0.000268838
0.000277872
0.000287119
0.00029664
0.000306433
0.000316429
0.000326502
0.000336473
0.000346134
0.000355252
0.000363581
0.000370874
0.000376878
0.00038131
0.000383519
0.000384193
0.000382592
0.000377844
0.000369983
0.000358669
0.000343583
0.000324523
0.000301439
0.000274387
0.00024365
0.000209896
0.000174285
0.000138464
0.000104361
7.37586e-05
4.78558e-05
2.70751e-05
1.1398e-05
1.26827e-06
5.82909e-07
5.21657e-06
1.18562e-05
1.95722e-05
2.77607e-05
3.59481e-05
4.37525e-05
5.08804e-05
5.71304e-05
6.23949e-05
6.66572e-05
6.99827e-05
7.25063e-05
7.44156e-05
7.59325e-05
7.72947e-05
7.87382e-05
8.04824e-05
8.27189e-05
8.56037e-05
8.92531e-05
9.37436e-05
9.91144e-05
0.000105371
0.000112493
0.000120436
0.000129137
0.000138519
0.000148487
0.000158932
0.000169725
0.000180725
0.000191777
0.000202726
0.000213434
0.000223792
0.000233741
0.000243281
0.000252475
0.00026144
0.000270328
0.0002793
0.000288498
0.000298019
0.000307898
0.0003181
0.000328521
0.000338999
0.000349334
0.000359296
0.000368643
0.00037713
0.000384512
0.000390542
0.000394909
0.000397047
0.000397662
0.000395896
0.000390998
0.000382982
0.000371535
0.000356376
0.000337283
0.000314211
0.000287173
0.000256329
0.000222169
0.000185672
0.000148399
0.000112363
7.96063e-05
5.16531e-05
2.91708e-05
1.2253e-05
1.36347e-06
6.28377e-07
5.62374e-06
1.27802e-05
2.10928e-05
2.99067e-05
3.87071e-05
4.70791e-05
5.47053e-05
6.13702e-05
6.69622e-05
7.14698e-05
7.49718e-05
7.76219e-05
7.96293e-05
8.12384e-05
8.27074e-05
8.42897e-05
8.62178e-05
8.86913e-05
9.18698e-05
9.58686e-05
0.000100759
0.000106573
0.000113306
0.000120923
0.000129365
0.000138554
0.000148393
0.000158768
0.000169549
0.00018059
0.000191734
0.000202819
0.000213692
0.000224229
0.000234348
0.000244028
0.000253315
0.000262316
0.000271188
0.000280109
0.000289254
0.000298757
0.000308695
0.000319071
0.000329812
0.00034078
0.000351784
0.000362596
0.000372971
0.00038266
0.000391412
0.000398984
0.000405127
0.000409498
0.0004116
0.000412165
0.000410218
0.000405094
0.000396796
0.00038503
0.000369561
0.000350194
0.0003269
0.000299709
0.000268696
0.00023419
0.000196958
0.000158401
0.000120545
8.5656e-05
5.56038e-05
3.13492e-05
1.31376e-05
1.46197e-06
6.75154e-07
6.04238e-06
1.37298e-05
2.26546e-05
3.21085e-05
4.15336e-05
5.04807e-05
5.86076e-05
6.56845e-05
7.15967e-05
7.63397e-05
8.00073e-05
8.27738e-05
8.48719e-05
8.65692e-05
8.81449e-05
8.98692e-05
9.19867e-05
9.47036e-05
9.81809e-05
0.000102531
0.000107819
0.000114066
0.000121255
0.000129337
0.000138237
0.00014786
0.000158088
0.00016879
0.000179817
0.000191009
0.000202197
0.000213219
0.000223935
0.000234241
0.000244093
0.000253511
0.00026259
0.00027148
0.000280372
0.000289464
0.00029893
0.000308892
0.000319398
0.000330416
0.000341835
0.000353483
0.00036514
0.000376555
0.000387468
0.000397618
0.000406751
0.000414617
0.00042097
0.000425428
0.000427542
0.000428075
0.000425951
0.000420549
0.000411858
0.000399599
0.000383573
0.000363644
0.000339829
0.00031222
0.000280871
0.000245986
0.000208111
0.000168425
0.000128876
9.18982e-05
5.97099e-05
3.36143e-05
1.40533e-05
1.56392e-06
7.23269e-07
6.47279e-06
1.47058e-05
2.42585e-05
3.43671e-05
4.44286e-05
5.39579e-05
6.25868e-05
7.00717e-05
7.62955e-05
8.12621e-05
8.50827e-05
8.79541e-05
9.01342e-05
9.19147e-05
9.35959e-05
9.54644e-05
9.77751e-05
0.000100739
0.000104517
0.000109217
0.000114894
0.000121557
0.000129177
0.000137689
0.000147
0.000156997
0.000167544
0.000178493
0.000189678
0.000200929
0.000212075
0.00022296
0.000233462
0.00024351
0.000253099
0.000262299
0.000271248
0.000280138
0.000289186
0.0002986
0.000308547
0.000319125
0.000330352
0.000342157
0.000354394
0.000366855
0.000379293
0.000391436
0.000403008
0.000413736
0.000423359
0.000431622
0.000438277
0.000442917
0.000445099
0.000445629
0.000443366
0.000437668
0.000428511
0.000415616
0.000398809
0.000378019
0.00035334
0.000324973
0.00029302
0.000257619
0.000219117
0.000178424
0.000137318
9.83163e-05
6.39698e-05
3.59683e-05
1.50011e-05
1.66944e-06
7.72756e-07
6.91534e-06
1.57089e-05
2.59058e-05
3.6684e-05
4.73936e-05
5.75115e-05
6.6643e-05
7.45302e-05
8.1055e-05
8.62318e-05
9.01911e-05
9.31546e-05
9.54067e-05
9.72644e-05
9.90489e-05
0.000101062
0.000103568
0.000106781
0.000110859
0.000115902
0.000121955
0.000129014
0.000137035
0.000145935
0.000155605
0.000165914
0.000176709
0.000187826
0.00019909
0.000210322
0.000221356
0.00023205
0.00024231
0.000252101
0.000261464
0.000270517
0.000279441
0.000288462
0.000297816
0.00030771
0.000318297
0.000329649
0.000341745
0.000354477
0.000367663
0.000381063
0.0003944
0.000407384
0.000419721
0.000431127
0.000441333
0.000450082
0.000457123
0.000462044
0.000464361
0.000464925
0.000462593
0.000456629
0.000446987
0.000433369
0.000415605
0.000393678
0.000367784
0.000338265
0.00030535
0.000269193
0.000229989
0.000188362
0.00014583
0.000104888
6.83779e-05
3.84121e-05
1.59813e-05
1.77859e-06
8.23654e-07
7.37043e-06
1.674e-05
2.75976e-05
3.90607e-05
5.04298e-05
6.11423e-05
7.07757e-05
7.90582e-05
8.58717e-05
9.12433e-05
9.53253e-05
9.83665e-05
0.00010068
0.000102607
0.000104492
0.000106649
0.00010935
0.000112811
0.000117184
0.00012256
0.000128973
0.000136403
0.000144788
0.000154032
0.000164008
0.000174566
0.000185541
0.000196754
0.000208024
0.000219173
0.000230045
0.000240521
0.000250536
0.000260101
0.000269302
0.000278303
0.000287326
0.000296621
0.000306434
0.000316967
0.000328349
0.00034062
0.000353721
0.000367508
0.00038176
0.000396206
0.000410543
0.000424458
0.000437641
0.0004498
0.00046066
0.000469962
0.000477456
0.000482756
0.000485282
0.000485926
0.00048363
0.000477476
0.000467392
0.000453037
0.000434215
0.000410932
0.000383493
0.00035241
0.000318107
0.000280854
0.000240774
0.000198218
0.00015437
0.000111585
7.29255e-05
4.09448e-05
1.69938e-05
1.89134e-06
8.76012e-07
7.83845e-06
1.77999e-05
2.93353e-05
4.14989e-05
5.35389e-05
6.48512e-05
7.49847e-05
8.36536e-05
9.07416e-05
9.62907e-05
0.000100477
0.000103581
0.000105942
0.000107932
0.000109912
0.000112211
0.000115106
0.000118811
0.000123472
0.000129168
0.000135918
0.00014369
0.000152403
0.000161944
0.00017217
0.000182918
0.000194007
0.000205253
0.000216471
0.00022749
0.000238171
0.000248421
0.000258216
0.000267608
0.000276733
0.000285797
0.000295053
0.00030477
0.000315195
0.000326516
0.000338836
0.000352156
0.000366383
0.000381331
0.000396744
0.00041232
0.000427727
0.000442633
0.000456714
0.000469669
0.000481223
0.00049112
0.000499114
0.00050488
0.000507697
0.000508476
0.000506341
0.000500124
0.000489708
0.000474682
0.00045479
0.00043002
0.000400764
0.000367717
0.000331564
0.000292789
0.000251554
0.00020799
0.000162902
0.000118378
7.76006e-05
4.35641e-05
1.80381e-05
2.00765e-06
9.2988e-07
8.31987e-06
1.88895e-05
3.11203e-05
4.40001e-05
5.67223e-05
6.86392e-05
7.92694e-05
8.83142e-05
9.56603e-05
0.000101367
0.000105639
0.000108787
0.000111184
0.000113227
0.000115297
0.000117734
0.000120819
0.000124762
0.0001297
0.0001357
0.000142765
0.000150846
0.000159847
0.000169638
0.000180062
0.000190941
0.000202089
0.000213314
0.000224436
0.000235296
0.000245777
0.000255819
0.000265438
0.000274733
0.000283884
0.000293133
0.00030276
0.000313044
0.000324226
0.000336472
0.000349853
0.000364337
0.000379786
0.000395977
0.000412618
0.000429375
0.000445891
0.000461813
0.000476807
0.000490569
0.000502826
0.000513334
0.000521859
0.000528141
0.000531346
0.000532319
0.000530485
0.000524368
0.000513789
0.000498243
0.000477367
0.000451085
0.000419831
0.000384473
0.000346
0.000305217
0.00026245
0.000217705
0.000171399
0.000125236
8.23887e-05
4.62667e-05
1.91131e-05
2.12742e-06
9.85313e-07
8.81515e-06
2.001e-05
3.29542e-05
4.65662e-05
5.99817e-05
7.25068e-05
8.36292e-05
9.30371e-05
0.000100623
0.000106466
0.000110802
0.000113976
0.000116394
0.00011848
0.000120633
0.000123204
0.000126474
0.000130647
0.000135849
0.000142133
0.000149487
0.000157844
0.000167092
0.000177087
0.000187659
0.00019862
0.000209778
0.000220941
0.000231939
0.000242628
0.00025292
0.000262791
0.000272299
0.000281586
0.000290875
0.000300438
0.000310573
0.000321561
0.000333629
0.000346918
0.000361466
0.000377199
0.00039394
0.000411427
0.00042933
0.000447285
0.000464912
0.00048184
0.000497728
0.000512273
0.000525214
0.000536325
0.000545395
0.000552202
0.000555901
0.000557133
0.000555732
0.000549908
0.000539386
0.00052354
0.000501867
0.000474168
0.000440849
0.00040292
0.00036169
0.000318376
0.000273615
0.000227417
0.000179848
0.000132129
8.72732e-05
4.90481e-05
2.02177e-05
2.2505e-06
1.04237e-06
9.32479e-06
2.11624e-05
3.48386e-05
4.91991e-05
6.33187e-05
7.64547e-05
8.80629e-05
9.78191e-05
0.000105623
0.00011158
0.000115957
0.000119137
0.000121561
0.000123678
0.000125908
0.000128606
0.000132054
0.000136447
0.000141899
0.000148446
0.000156061
0.00016466
0.000174117
0.000184273
0.000194948
0.000205948
0.000217078
0.000228153
0.000239013
0.000249539
0.000259671
0.000269424
0.000278899
0.000288279
0.000297822
0.000307826
0.000318597
0.000330412
0.000343478
0.000357907
0.0003737
0.000390743
0.000408816
0.000427617
0.000446784
0.00046592
0.000484624
0.000502514
0.000519244
0.000534519
0.000548096
0.000559775
0.000569377
0.000576712
0.000581002
0.000582562
0.000581702
0.000576375
0.000566158
0.000550294
0.0005281
0.000499195
0.000463876
0.000423231
0.000378878
0.000332513
0.00028523
0.000237209
0.000188252
0.00013903
9.22359e-05
5.19028e-05
2.13504e-05
2.37674e-06
1.1011e-06
9.84933e-06
2.23478e-05
3.67751e-05
5.19006e-05
6.67347e-05
8.04834e-05
9.25691e-05
0.000102657
0.000110656
0.000116699
0.000121093
0.000124259
0.000126673
0.000128811
0.000131108
0.000133927
0.000137545
0.000142147
0.000147831
0.00015462
0.000162468
0.000171276
0.000180904
0.000191183
0.000201923
0.000212928
0.000224005
0.000234978
0.000245703
0.000256088
0.000266105
0.000275808
0.000285338
0.000294916
0.00030483
0.000315396
0.000326919
0.000339666
0.000353821
0.000369463
0.000386553
0.000404935
0.000424348
0.00044445
0.000464846
0.000485112
0.000504829
0.000523606
0.000541101
0.00055703
0.000571175
0.000583367
0.000593463
0.000601313
0.000606278
0.000608255
0.00060799
0.000603362
0.000593713
0.000578147
0.000555776
0.000525985
0.000488868
0.000445501
0.000397762
0.000347862
0.000297492
0.00024719
0.000196631
0.000145919
9.72577e-05
5.48244e-05
2.25092e-05
2.50592e-06
1.16159e-06
1.03893e-05
2.35675e-05
3.87655e-05
5.46728e-05
7.02313e-05
8.45931e-05
9.7146e-05
0.000107545
0.000115714
0.000121817
0.000126201
0.00012933
0.000131718
0.000133866
0.000136223
0.000139155
0.000142933
0.000147731
0.000153632
0.00016064
0.000168693
0.000177679
0.000187446
0.000197813
0.000208589
0.000219575
0.000230585
0.000241456
0.000252064
0.000262344
0.000272304
0.000282036
0.000291715
0.000301597
0.000311993
0.000323229
0.000335605
0.00034937
0.000364681
0.000381582
0.000399992
0.000419711
0.00044044
0.000461799
0.00048336
0.000504677
0.000525316
0.000544883
0.000563044
0.000579536
0.000594167
0.000606804
0.000617342
0.000625665
0.000631353
0.000633908
0.0006342
0.000630462
0.00062163
0.000606689
0.000584529
0.000554258
0.000515676
0.000469733
0.000418478
0.000364636
0.000310608
0.000257492
0.000205027
0.000152781
0.000102319
5.78052e-05
2.36921e-05
2.63783e-06
1.22389e-06
1.09454e-05
2.48226e-05
4.08117e-05
5.75175e-05
7.381e-05
8.87836e-05
0.000101791
0.00011248
0.00012079
0.000126923
0.000131269
0.00013434
0.000136685
0.000138831
0.000141239
0.000144277
0.000148206
0.000153187
0.000159287
0.000166492
0.000174726
0.000183862
0.000193738
0.000204169
0.000214958
0.000225913
0.000236855
0.000247636
0.000258157
0.000268383
0.000278353
0.000288196
0.000298121
0.000308409
0.000319391
0.000331393
0.000344703
0.000359549
0.000376059
0.000394237
0.00041396
0.000434988
0.000456979
0.000479521
0.000502156
0.00052442
0.000545871
0.000566116
0.000584835
0.00060179
0.00061682
0.000629828
0.000640752
0.000649506
0.000655897
0.000659183
0.000660006
0.000657291
0.000649498
0.000635496
0.000613947
0.000583659
0.000544056
0.000495831
0.000441085
0.000383002
0.000324774
0.000268266
0.000213501
0.000159611
0.000107402
6.08368e-05
2.48967e-05
2.77217e-06
1.28808e-06
1.15181e-05
2.61146e-05
4.29155e-05
6.04369e-05
7.7472e-05
9.30549e-05
0.000106503
0.000117456
0.000125877
0.000132007
0.000136288
0.000139278
0.000141564
0.000143697
0.000146148
0.000149283
0.000153354
0.000158506
0.000164788
0.000172171
0.000180562
0.000189825
0.000199788
0.000210262
0.000221054
0.000231974
0.000242858
0.000253575
0.000264052
0.000274281
0.000284336
0.000294377
0.000304641
0.000315431
0.00032709
0.000339937
0.000354243
0.000370211
0.000387936
0.000407381
0.000428384
0.000450661
0.000473836
0.000497462
0.00052106
0.000544151
0.000566291
0.000587095
0.000606261
0.000623578
0.00063892
0.00065223
0.000663487
0.000672656
0.000679638
0.000683757
0.000685155
0.000683518
0.000676939
0.000664153
0.000643602
0.000613779
0.000573681
0.000523608
0.00046556
0.000403077
0.000340173
0.000279667
0.000222131
0.000166415
0.000112487
6.39093e-05
2.61201e-05
2.90863e-06
1.35424e-06
1.21082e-05
2.74448e-05
4.50789e-05
6.3433e-05
8.12186e-05
9.74062e-05
0.000111277
0.000122467
0.000130965
0.00013706
0.000141247
0.000144133
0.000146344
0.000148453
0.00015094
0.000154165
0.000158369
0.00016368
0.000170129
0.000177671
0.000186202
0.000195572
0.000205606
0.000216114
0.000226905
0.0002378
0.000248646
0.000259336
0.000269819
0.000280118
0.000290336
0.000300661
0.000311354
0.000322732
0.000335147
0.0003489
0.00036424
0.000381346
0.000400277
0.000420956
0.000443177
0.000466622
0.000490877
0.00051547
0.000539904
0.000563693
0.000586394
0.000607637
0.000627143
0.000644729
0.000660304
0.000673851
0.000685388
0.000694928
0.000702424
0.000707406
0.000709457
0.000708872
0.000703632
0.000692283
0.000673074
0.000644187
0.000604166
0.000552792
0.000491794
0.00042491
0.000356954
0.000291856
0.00023101
0.000173209
0.00011756
6.7012e-05
2.73591e-05
3.04686e-06
1.42244e-06
1.27163e-05
2.88147e-05
4.7304e-05
6.65078e-05
8.50508e-05
0.000101837
0.00011611
0.000127506
0.000136047
0.000142071
0.000146134
0.000148895
0.000151016
0.000153092
0.000155608
0.000158917
0.000163247
0.000168706
0.00017531
0.000182997
0.000191651
0.000201116
0.000211213
0.000221753
0.000232551
0.000243438
0.000254279
0.000264986
0.000275534
0.000285973
0.000296433
0.000307127
0.000318329
0.000330368
0.000343605
0.000358305
0.000374697
0.000392934
0.000413037
0.00043489
0.000458248
0.000482756
0.000507971
0.000533401
0.000558535
0.000582888
0.000606024
0.000627592
0.000647339
0.000665111
0.000680853
0.00069458
0.000706351
0.000716215
0.000724158
0.000729955
0.000732808
0.000733151
0.000729322
0.000719565
0.000701983
0.000674459
0.00063509
0.000583042
0.000519592
0.000448481
0.000375225
0.000304981
0.00024024
0.00018002
0.000122607
7.01334e-05
2.86102e-05
3.18645e-06
1.49277e-06
1.33432e-05
3.02259e-05
4.9593e-05
6.96633e-05
8.89697e-05
0.000106345
0.000120998
0.000132567
0.000141112
0.00014703
0.00015094
0.000153554
0.000155572
0.000157608
0.000160148
0.000163537
0.000167985
0.000173586
0.000180334
0.000188157
0.000196925
0.000206479
0.000216638
0.000227216
0.000238037
0.000248944
0.00025982
0.000270597
0.000281274
0.000291926
0.000302707
0.000313846
0.00032563
0.000338393
0.000352499
0.000368165
0.000385605
0.000404944
0.000426165
0.000449111
0.000473503
0.000498952
0.000524995
0.000551121
0.000576818
0.000601601
0.000625053
0.000646843
0.000666745
0.000684635
0.00070049
0.000714356
0.000726323
0.000736475
0.000744835
0.000751286
0.000755102
0.000756249
0.000753833
0.000745751
0.00073
0.0007042
0.000666022
0.000613968
0.000548686
0.000473696
0.000395045
0.000319174
0.000249932
0.000186885
0.000127617
7.32607e-05
2.98694e-05
3.32694e-06
1.56532e-06
1.39896e-05
3.16798e-05
5.19478e-05
7.29016e-05
9.29759e-05
0.00011093
0.000125936
0.000137642
0.000146152
0.000151927
0.000155655
0.000158104
0.000160007
0.000161997
0.000164557
0.000168024
0.000172588
0.000178324
0.000185212
0.000193164
0.000202044
0.000211687
0.000221915
0.000232548
0.000243416
0.00025438
0.000265338
0.000276243
0.000287116
0.000298055
0.000309231
0.000320888
0.000333316
0.000346854
0.000361846
0.000378485
0.000396949
0.000417341
0.000439604
0.000463545
0.000488852
0.00051511
0.000541838
0.000568518
0.000594638
0.000619727
0.000643384
0.000665305
0.00068529
0.000703247
0.000719177
0.000733153
0.000745291
0.000755702
0.000764443
0.000771448
0.000776214
0.000778154
0.000777059
0.000770665
0.000756864
0.000733066
0.000696549
0.000645153
0.000578747
0.000500385
0.000416417
0.00033454
0.000260195
0.000193852
0.000132585
7.63808e-05
3.11321e-05
3.46782e-06
1.64019e-06
1.46563e-05
3.31783e-05
5.43709e-05
7.62245e-05
9.70699e-05
0.000115589
0.00013092
0.000142724
0.000151156
0.000156752
0.00016027
0.000162535
0.000164316
0.000166256
0.000168838
0.000172382
0.000177062
0.000182933
0.000189959
0.00019804
0.000207034
0.000216776
0.000227088
0.000237798
0.000248748
0.000259813
0.000270906
0.000282002
0.000293141
0.000304437
0.000316079
0.000328317
0.000341441
0.00035579
0.000371663
0.000389266
0.000408713
0.000430091
0.000453303
0.000478124
0.000504213
0.000531139
0.000558406
0.000585497
0.000611908
0.000637183
0.000660947
0.000682921
0.000702935
0.000720921
0.000736904
0.000750977
0.000763274
0.000773925
0.000783011
0.000790498
0.000796113
0.000798895
0.000798957
0.000794203
0.000782388
0.000760774
0.000726297
0.00067618
0.000609401
0.000528315
0.000439285
0.000351153
0.00027113
0.000200973
0.000137509
7.94799e-05
3.23935e-05
3.60855e-06
1.71747e-06
1.53443e-05
3.4723e-05
5.68644e-05
7.9634e-05
0.000101252
0.000120319
0.000135943
0.000147802
0.000156114
0.000161494
0.000164777
0.000166844
0.000168497
0.000170388
0.000172994
0.00017662
0.000181419
0.000187428
0.000194595
0.000202812
0.000211931
0.000221787
0.000232206
0.000243026
0.000254099
0.000265314
0.000276602
0.000287954
0.000299427
0.00031115
0.00032332
0.000336192
0.00035005
0.000365219
0.000381981
0.000400509
0.000420882
0.000443159
0.000467212
0.000492786
0.000519519
0.000546965
0.000574624
0.000601986
0.00062856
0.000653914
0.000677699
0.000699663
0.000719663
0.000737656
0.000753683
0.000767853
0.000780308
0.000791192
0.000800601
0.000808529
0.000814792
0.000818547
0.000819532
0.000816327
0.000806454
0.00078711
0.000754947
0.000706646
0.000640247
0.000557194
0.000463526
0.000369053
0.000282827
0.000208308
0.000142389
8.25442e-05
3.36483e-05
3.74852e-06
1.79726e-06
1.60543e-05
3.63156e-05
5.94305e-05
8.31316e-05
0.000105521
0.000125118
0.000140998
0.000152869
0.000161017
0.000166144
0.000169169
0.000171028
0.00017255
0.000174397
0.000177035
0.00018075
0.000185676
0.000191831
0.00019915
0.000207516
0.000216777
0.00022677
0.000237329
0.000248297
0.000259541
0.000270962
0.000282507
0.000294182
0.000306056
0.000318269
0.000331024
0.00034457
0.000359186
0.000375178
0.000392814
0.000412216
0.000433443
0.00045652
0.000481294
0.000507485
0.000534715
0.000562531
0.000590437
0.000617935
0.000644554
0.000669889
0.000693618
0.000715521
0.000735478
0.000753466
0.000769541
0.000783818
0.000796443
0.000807562
0.00081728
0.000825611
0.000832411
0.000837064
0.000838878
0.000837054
0.000829012
0.000811928
0.000782247
0.00073619
0.000670879
0.000586678
0.00048897
0.000388218
0.000295364
0.000215918
0.000147233
8.55599e-05
3.4891e-05
3.8871e-06
1.87969e-06
1.67872e-05
3.79581e-05
6.20715e-05
8.67188e-05
0.000109878
0.00012998
0.000146078
0.000157915
0.000165854
0.000170693
0.000173439
0.000175083
0.000176479
0.00017829
0.000180971
0.000184789
0.000189856
0.000196171
0.000203659
0.000212193
0.000221622
0.000231784
0.00024252
0.000253683
0.000265151
0.000276839
0.000288706
0.00030077
0.000313111
0.000325873
0.00033926
0.000353513
0.000368898
0.000385706
0.000404176
0.000424394
0.000446388
0.000470155
0.000495519
0.000522184
0.000549762
0.0005778
0.000605811
0.000633316
0.00065987
0.000685097
0.000708706
0.000730505
0.000750399
0.00076838
0.000784514
0.000798917
0.000811732
0.000823099
0.000833123
0.000841825
0.000849088
0.000854499
0.000857088
0.000856441
0.000850064
0.000835148
0.000808011
0.000764499
0.000700908
0.000616398
0.000515386
0.00040858
0.0003088
0.000223861
0.000152051
8.85136e-05
3.61154e-05
4.02359e-06
1.96484e-06
1.75441e-05
3.96521e-05
6.47893e-05
9.03966e-05
0.000114319
0.000134902
0.000151175
0.000162928
0.000170613
0.000175131
0.000177584
0.000179012
0.00018029
0.000182079
0.000184821
0.000188759
0.000193986
0.000200484
0.000208163
0.000216893
0.000226522
0.000236893
0.000247853
0.000259264
0.000271016
0.000283034
0.00029529
0.000307808
0.000320677
0.000334042
0.0003481
0.000363083
0.000379238
0.000396838
0.000416092
0.000437051
0.000459717
0.000484055
0.000509874
0.000536867
0.000564643
0.000592755
0.000620735
0.000648124
0.000674509
0.000699546
0.000722978
0.000744638
0.000764454
0.000782431
0.000798641
0.000813195
0.000826227
0.000837863
0.000848199
0.000857255
0.000864931
0.000870926
0.000874265
0.000874566
0.000869658
0.000856746
0.000832117
0.000791326
0.000729975
0.000645968
0.000542501
0.000430038
0.000323183
0.000232188
0.000156856
9.13923e-05
3.73153e-05
4.15727e-06
2.05284e-06
1.83258e-05
4.13994e-05
6.7586e-05
9.41656e-05
0.000118844
0.000139876
0.000156278
0.000167898
0.000175285
0.000179449
0.000181601
0.000182817
0.000183991
0.000185779
0.000188604
0.000192689
0.000198102
0.000204809
0.000212711
0.000221674
0.000231545
0.000242171
0.000253408
0.000265127
0.000277228
0.000289643
0.000302354
0.000315392
0.000328846
0.000342859
0.000357619
0.000373344
0.000390262
0.000408618
0.000428594
0.000450211
0.000473442
0.000498227
0.000524361
0.000551534
0.000579359
0.000607402
0.000635216
0.000662373
0.000688493
0.000713266
0.000736466
0.000757956
0.000777683
0.000795663
0.000811966
0.000826698
0.000839977
0.000851909
0.00086257
0.000871972
0.000880023
0.000886461
0.000890492
0.000891535
0.000887871
0.000876748
0.0008545
0.000816489
0.000757765
0.000675004
0.000569996
0.000452455
0.000338495
0.000240948
0.000161665
9.41843e-05
3.84839e-05
4.28737e-06
2.1438e-06
1.91332e-05
4.32019e-05
7.0463e-05
9.80256e-05
0.000123447
0.000144894
0.000161377
0.000172812
0.000179858
0.000183637
0.000185487
0.000186504
0.000187594
0.000189409
0.000192348
0.00019661
0.000202243
0.000209196
0.000217361
0.000226599
0.000236762
0.0002477
0.000259275
0.000271367
0.000283884
0.000296766
0.00031
0.00032362
0.000337712
0.000352414
0.0003679
0.00038437
0.000402031
0.0004211
0.000441725
0.000463905
0.00048759
0.000512692
0.000539
0.000566206
0.000593932
0.000621766
0.000649287
0.0006761
0.000701862
0.000726299
0.000749218
0.000770509
0.000790134
0.00080812
0.000824535
0.000839471
0.000853026
0.000865282
0.000876289
0.000886039
0.000894434
0.000901234
0.000905818
0.000907463
0.000904801
0.000895215
0.000875144
0.000839868
0.000784016
0.00070315
0.000597523
0.000475642
0.000354664
0.000250184
0.000166499
9.68791e-05
3.96141e-05
4.41306e-06
2.23784e-06
1.99672e-05
4.5061e-05
7.34217e-05
0.000101976
0.000128125
0.000149947
0.000166457
0.000177656
0.000184314
0.000187691
0.000189243
0.00019008
0.000191115
0.00019299
0.000196081
0.00020056
0.000206454
0.000213698
0.000222174
0.000231742
0.000242254
0.000253567
0.000265548
0.000278085
0.000291091
0.000304512
0.000318337
0.000332599
0.000347379
0.000362804
0.000379031
0.000396241
0.000414617
0.000434345
0.00045554
0.000478183
0.000502203
0.00052749
0.00055383
0.000580923
0.000608408
0.000635896
0.000663
0.000689362
0.000714678
0.00073871
0.000761297
0.000782356
0.000801866
0.000819858
0.000836396
0.000851558
0.000865417
0.000878025
0.0008894
0.000899505
0.000908227
0.000915331
0.000920326
0.000922447
0.000920551
0.00091223
0.000894076
0.000861395
0.000808526
0.00073008
0.000624724
0.000499373
0.000371633
0.000259932
0.000171377
9.94673e-05
4.06983e-05
4.53345e-06
2.33505e-06
2.08288e-05
4.69781e-05
7.64626e-05
0.000106013
0.000132869
0.000155022
0.000171503
0.000182415
0.000188634
0.000191603
0.000192871
0.000193553
0.000194571
0.000196548
0.000199836
0.000204581
0.000210786
0.000218374
0.000227219
0.000237179
0.000248108
0.000259867
0.00027233
0.000285389
0.000298961
0.000312995
0.000327479
0.000342442
0.000357956
0.000374132
0.00039111
0.000409047
0.000428102
0.000448426
0.000470108
0.000493109
0.000517342
0.00054268
0.000568912
0.000595748
0.000622851
0.000649862
0.000676431
0.000702238
0.000727019
0.000750576
0.000772781
0.000793573
0.000812946
0.000830937
0.000847604
0.000863006
0.00087719
0.000890174
0.000901939
0.000912411
0.000921451
0.00092882
0.000934098
0.000936575
0.000935223
0.000927893
0.000911357
0.000881051
0.000831147
0.000755512
0.000651233
0.000523387
0.000389318
0.000270217
0.00017632
0.000101939
4.17283e-05
4.64761e-06
2.43554e-06
2.17186e-05
4.89544e-05
7.95857e-05
0.000110135
0.000137671
0.000160103
0.000176494
0.000187062
0.000192805
0.00019537
0.000196374
0.000196935
0.00019798
0.000200111
0.00020365
0.000208717
0.000215294
0.000223288
0.000232569
0.000242992
0.000254415
0.000266702
0.000279729
0.000293393
0.000307612
0.000322336
0.000337548
0.00035327
0.000369559
0.000386512
0.000404244
0.000422889
0.000442579
0.000463434
0.000485512
0.000508763
0.000533085
0.000558342
0.000584326
0.000610767
0.000637352
0.000663759
0.000689676
0.000714826
0.000738988
0.000762
0.000783766
0.000804249
0.000823459
0.000841434
0.000858224
0.000873871
0.000888391
0.000901767
0.000913937
0.000924787
0.000934143
0.000941747
0.00094721
0.000949916
0.000948909
0.000942305
0.000927067
0.000898849
0.000851789
0.000779209
0.000676703
0.000547379
0.000407592
0.000281012
0.000181345
0.000104286
4.26951e-05
4.75452e-06
2.53942e-06
2.26375e-05
5.09906e-05
8.27898e-05
0.000114335
0.000142518
0.000165172
0.000181409
0.000191571
0.000196813
0.000198983
0.000199752
0.000200236
0.000201362
0.000203707
0.000207562
0.000213016
0.000220032
0.000228506
0.0002383
0.000249268
0.00026127
0.000274172
0.000287854
0.000302212
0.000317166
0.000332659
0.000348669
0.000365205
0.000382311
0.00040006
0.000418546
0.000437876
0.000458152
0.000479466
0.00050185
0.000525242
0.000549531
0.000574575
0.000600176
0.000626085
0.000652022
0.000677702
0.000702855
0.00072725
0.000750705
0.0007731
0.000794368
0.000814496
0.000833506
0.000851439
0.000868335
0.000884217
0.000899073
0.000912846
0.000925429
0.000936662
0.000946329
0.000954144
0.000959726
0.000962521
0.000961691
0.000955568
0.000941295
0.000914831
0.000870404
0.00080098
0.00070082
0.000571028
0.00042629
0.000292269
0.00018647
0.000106499
4.35895e-05
4.8531e-06
2.64675e-06
2.35858e-05
5.30869e-05
8.60726e-05
0.000118604
0.000147393
0.000170205
0.000186223
0.000195906
0.000200639
0.000202437
0.000203007
0.000203468
0.000204739
0.000207368
0.00021161
0.000217527
0.000225061
0.000234095
0.000244487
0.000256092
0.000268767
0.000282381
0.000296815
0.000311963
0.000327741
0.000344086
0.000360965
0.000378373
0.000396334
0.000414898
0.000434134
0.000454121
0.000474934
0.000496634
0.000519231
0.000542656
0.000566791
0.000591495
0.000616582
0.00064183
0.000666993
0.000691828
0.00071611
0.000739652
0.000762316
0.000784019
0.000804725
0.000824443
0.000843208
0.000861061
0.000878033
0.000894128
0.000909303
0.000923462
0.000936452
0.000948063
0.000958031
0.000966033
0.000971676
0.000974443
0.00097363
0.000967772
0.00095413
0.000929052
0.00088698
0.000820681
0.000723312
0.000593992
0.000445219
0.000303952
0.00019171
0.000108575
4.44021e-05
4.94228e-06
2.7576e-06
2.45639e-05
5.52428e-05
8.94297e-05
0.000122932
0.000152275
0.000175172
0.0001909
0.000200039
0.000204264
0.000205722
0.000206138
0.00020664
0.000208131
0.000211122
0.000215833
0.000222296
0.000230433
0.000240119
0.000251204
0.000263543
0.000276994
0.000291424
0.000306713
0.000322752
0.000339448
0.000356732
0.000374553
0.00039289
0.000411745
0.000431143
0.000451125
0.00047174
0.000493039
0.000515053
0.000537774
0.000561125
0.00058499
0.000609231
0.000633681
0.000658145
0.000682417
0.000706296
0.000729603
0.000752199
0.000773988
0.000794923
0.000814999
0.000834247
0.00085271
0.000870432
0.000887436
0.000903704
0.000919163
0.000933679
0.000947053
0.000959022
0.000969269
0.000977428
0.000983077
0.000985715
0.000984782
0.000978972
0.00096565
0.00094158
0.000901524
0.00083821
0.000743948
0.000615933
0.000464144
0.000315997
0.000197071
0.000110508
4.51231e-05
5.02091e-06
2.87203e-06
2.5572e-05
5.74569e-05
9.28552e-05
0.000127304
0.000157138
0.000180036
0.000195395
0.000203941
0.000207665
0.000208827
0.000209145
0.000209762
0.000211557
0.000214998
0.000220267
0.000227366
0.000236202
0.000246636
0.000258516
0.000271695
0.000286029
0.000301384
0.000317636
0.00033467
0.000352385
0.000370695
0.000389534
0.000408859
0.000428648
0.000448898
0.000469621
0.000490839
0.000512574
0.000534834
0.000557592
0.000580771
0.000604256
0.000627921
0.000651618
0.000675186
0.000698458
0.000721278
0.000743516
0.000765077
0.000785908
0.000805999
0.000825375
0.000844084
0.000862181
0.000879711
0.000896685
0.000913066
0.000928754
0.000943577
0.000957288
0.000969574
0.000980063
0.000988336
0.000993934
0.00099635
0.000995186
0.000989211
0.000975906
0.000952474
0.000914058
0.000853498
0.000762519
0.000636522
0.000482798
0.000328313
0.000202553
0.000112294
4.57422e-05
5.08781e-06
2.99003e-06
2.66096e-05
5.97269e-05
9.63401e-05
0.000131698
0.000161949
0.000184755
0.000199657
0.000207574
0.000210816
0.000211738
0.000212024
0.000212844
0.000215035
0.000219022
0.000224944
0.000232777
0.000242409
0.000253694
0.000266475
0.000280603
0.000295931
0.000312324
0.00032965
0.000347786
0.000366617
0.000386044
0.000405978
0.000426351
0.000447115
0.000468238
0.000489702
0.0005115
0.000533627
0.000556071
0.00057879
0.000601706
0.000624714
0.000647701
0.000670543
0.000693114
0.000715289
0.000736959
0.000758041
0.000778486
0.000798283
0.000817457
0.00083606
0.000854157
0.000871815
0.000889076
0.000905943
0.000922359
0.000938198
0.00095325
0.000967227
0.000979763
0.000990432
0.000998758
0.00100424
0.00100634
0.00100485
0.000998503
0.000984927
0.000961781
0.000924607
0.000866498
0.000778847
0.000655436
0.000500885
0.000340777
0.000208136
0.000113932
4.62489e-05
5.14172e-06
3.11161e-06
2.76764e-05
6.20489e-05
9.98722e-05
0.000136091
0.000166669
0.000189281
0.00020363
0.000210897
0.00021369
0.000214441
0.000214774
0.000215894
0.000218583
0.000223215
0.000229891
0.000238558
0.000249089
0.000261328
0.000275117
0.000290302
0.000306736
0.000324276
0.000342785
0.000362128
0.000382175
0.000402806
0.00042391
0.000445393
0.000467176
0.000489196
0.000511404
0.000533766
0.000556251
0.000578826
0.000601441
0.00062402
0.000646468
0.00066869
0.000690592
0.000712083
0.000733081
0.000753525
0.000773379
0.000792638
0.000811332
0.000829519
0.000847276
0.000864686
0.000881822
0.000898726
0.000915391
0.000931742
0.000947628
0.000962806
0.000976945
0.000989635
0.00100039
0.00100868
0.00101395
0.00101564
0.00101373
0.00100682
0.000992712
0.000969518
0.000933185
0.000877175
0.000792779
0.000672397
0.000518086
0.00035324
0.00021379
0.000115417
4.66321e-05
5.18131e-06
3.23671e-06
2.87711e-05
6.44175e-05
0.000103436
0.000140448
0.000171247
0.000193561
0.000207247
0.000213867
0.000216266
0.000216914
0.000217393
0.00021892
0.000222215
0.000227598
0.00023513
0.000244732
0.00025626
0.000269556
0.000284456
0.000300802
0.000318446
0.000337239
0.000357033
0.00037768
0.000399035
0.000420953
0.0004433
0.000465951
0.000488796
0.000511739
0.000534702
0.000557621
0.00058044
0.00060311
0.000625574
0.000647759
0.000669585
0.00069098
0.000711879
0.000732229
0.000751992
0.000771153
0.000789723
0.000807741
0.000825274
0.000842412
0.000859254
0.000875898
0.000892423
0.000908869
0.000925219
0.000941384
0.000957185
0.000972353
0.000986519
0.000999228
0.00100995
0.00101808
0.00102303
0.00102419
0.00102177
0.00101408
0.000999223
0.000975665
0.000939785
0.000885484
0.000804175
0.000687148
0.000534073
0.000365517
0.000219487
0.00011675
4.68599e-05
5.20336e-06
3.36524e-06
2.98921e-05
6.68251e-05
0.000107009
0.00014473
0.000175625
0.000197518
0.000210456
0.000216445
0.000218524
0.000219141
0.000219883
0.000221936
0.00022595
0.000232191
0.000240679
0.00025131
0.000263933
0.000278378
0.000294482
0.000312084
0.00033103
0.000351166
0.000372333
0.00039437
0.000417111
0.000440389
0.000464042
0.000487914
0.000511862
0.000535758
0.000559491
0.000582969
0.000606115
0.000628862
0.000651149
0.000672909
0.00069408
0.000714612
0.000734474
0.00075365
0.000772147
0.000789994
0.000807248
0.000823988
0.000840317
0.000856352
0.000872214
0.000888012
0.00090383
0.000919705
0.00093561
0.000951441
0.000966999
0.000981987
0.000996007
0.00100856
0.00101907
0.0010269
0.00103136
0.0010319
0.00102884
0.00102015
0.00100435
0.000980148
0.000944287
0.000891364
0.000812905
0.000699452
0.0005485
0.000377382
0.00022518
0.000117933
4.6943e-05
5.20965e-06
3.49708e-06
3.10372e-05
6.92621e-05
0.000110567
0.000148888
0.000179732
0.000201071
0.000213197
0.00021859
0.00022044
0.000221124
0.000222257
0.000224961
0.00022981
0.000237013
0.000246551
0.000258301
0.000272102
0.000287778
0.000305163
0.000324097
0.000344419
0.000365968
0.000388576
0.000412066
0.000436251
0.000460943
0.00048595
0.000511085
0.000536171
0.000561048
0.000585572
0.000609623
0.000633103
0.000655932
0.000678042
0.000699376
0.00071989
0.00073956
0.000758385
0.000776389
0.000793621
0.000810154
0.000826085
0.000841533
0.000856631
0.000871523
0.000886345
0.000901218
0.000916226
0.000931403
0.000946714
0.000962039
0.000977163
0.000991767
0.00100543
0.00101761
0.0010277
0.00103501
0.0010388
0.00103864
0.00103473
0.00102483
0.00100783
0.000982577
0.000946366
0.000894318
0.000818602
0.000709077
0.00056102
0.00038857
0.000230798
0.000118963
4.69096e-05
5.20116e-06
3.63204e-06
3.22035e-05
7.17155e-05
0.000114077
0.000152862
0.000183488
0.000204137
0.000215416
0.000220276
0.000222002
0.000222876
0.000224542
0.000228028
0.000233827
0.00024209
0.000252763
0.000265708
0.000280753
0.000297722
0.000316446
0.000336763
0.000358508
0.000381514
0.000405601
0.000430577
0.000456238
0.000482372
0.000508758
0.000535179
0.000561426
0.000587305
0.000612643
0.00063729
0.000661129
0.000684064
0.000706027
0.000726968
0.00074686
0.000765705
0.000783534
0.000800407
0.000816412
0.000831664
0.000846296
0.000860461
0.000874322
0.000888041
0.000901771
0.000915637
0.000929725
0.000944064
0.00095861
0.000973232
0.0009877
0.00100168
0.00101472
0.00102627
0.00103569
0.00104223
0.0010451
0.00104418
0.00103915
0.00102766
0.00100932
0.000983196
0.000946627
0.000895052
0.000821068
0.000715639
0.00057129
0.000398788
0.000236247
0.000119833
4.67028e-05
5.17389e-06
3.76992e-06
3.33871e-05
7.41694e-05
0.000117497
0.000156584
0.000186808
0.000206633
0.000217067
0.000221498
0.000223206
0.000224433
0.000226785
0.000231185
0.000238044
0.000247454
0.000259334
0.000273531
0.000289866
0.000308165
0.000328258
0.00034998
0.000373163
0.000397634
0.000423202
0.000449663
0.000476795
0.000504364
0.000532124
0.00055983
0.000587241
0.000614132
0.000640301
0.000665572
0.000689806
0.000712896
0.000734769
0.000755382
0.000774725
0.000792823
0.000809737
0.000825559
0.000840414
0.00085445
0.000867837
0.000880754
0.000893387
0.000905916
0.000918503
0.000931279
0.000944327
0.000957672
0.000971261
0.000984954
0.00099851
0.00101158
0.00102371
0.00103433
0.00104277
0.00104826
0.00104996
0.00104807
0.00104144
0.00102849
0.00100897
0.000981647
0.000944374
0.000893178
0.00082122
0.000718651
0.000578971
0.000407713
0.000241405
0.000120538
4.63326e-05
5.12816e-06
3.91045e-06
3.45831e-05
7.66034e-05
0.000120779
0.000159975
0.0001896
0.000208481
0.000218121
0.000222262
0.000224096
0.000225859
0.000229059
0.000234504
0.000242521
0.000253151
0.000266289
0.00028177
0.000299416
0.000319053
0.000340511
0.000363624
0.000388223
0.000414126
0.000441137
0.000469039
0.000497595
0.000526552
0.000555645
0.0005846
0.000613151
0.000641045
0.00066805
0.000693969
0.000718641
0.000741946
0.000763808
0.000784187
0.000803087
0.000820553
0.000836669
0.000851557
0.000865372
0.000878291
0.00089051
0.000902233
0.000913662
0.000924989
0.000936384
0.000947979
0.000959855
0.000972031
0.000984447
0.000996957
0.00100931
0.00102117
0.00103205
0.00104139
0.00104852
0.00105256
0.0010528
0.00104972
0.0010415
0.00102697
0.00100593
0.000977281
0.00093915
0.000888071
0.000817877
0.000719063
0.000583195
0.000414977
0.000246114
0.000121065
4.58028e-05
5.06448e-06
4.05334e-06
3.57855e-05
7.89922e-05
0.000123866
0.000162946
0.000191774
0.000209623
0.000218578
0.000222599
0.000224754
0.000227256
0.000231469
0.000238079
0.000247335
0.000259235
0.000273653
0.000290422
0.000309366
0.000330313
0.000353095
0.000377546
0.000403495
0.000430755
0.000459124
0.000488376
0.000518264
0.000548519
0.000578858
0.000608988
0.000638621
0.000667478
0.000695305
0.000721882
0.000747029
0.000770615
0.000792554
0.00081281
0.000831395
0.000848367
0.00086383
0.000877927
0.000890835
0.000902755
0.000913901
0.000924493
0.000934746
0.000944859
0.000955005
0.000965316
0.000975872
0.000986683
0.000997686
0.00100873
0.00101958
0.00102986
0.00103914
0.00104682
0.00105215
0.00105439
0.00105335
0.00104861
0.00103838
0.0010222
0.000999573
0.000969546
0.000930494
0.0008794
0.000810759
0.000715664
0.000584516
0.000420027
0.000250173
0.000121355
4.51197e-05
4.98359e-06
4.1982e-06
3.69864e-05
8.13041e-05
0.000126687
0.000165402
0.000193242
0.000210041
0.000218499
0.000222581
0.000225309
0.000228763
0.000234146
0.000242024
0.000252573
0.000265759
0.000281446
0.000299468
0.000319655
0.000341841
0.00036586
0.000391549
0.000418735
0.000447228
0.000476823
0.000507286
0.000538363
0.000569776
0.000601229
0.000632416
0.00066303
0.000692774
0.000721376
0.000748596
0.000774237
0.000798154
0.000820253
0.000840496
0.000858896
0.00087552
0.000890482
0.000903939
0.000916081
0.000927123
0.000937291
0.000946813
0.00095591
0.000964785
0.000973612
0.000982519
0.000991584
0.00100081
0.00101014
0.00101942
0.00102841
0.00103677
0.00104402
0.00104959
0.00105289
0.00105315
0.0010505
0.00104354
0.00103126
0.00101334
0.000989109
0.000957734
0.000917806
0.000866697
0.000799528
0.000708082
0.000582626
0.000422279
0.000253362
0.000121451
4.42982e-05
4.88656e-06
4.34457e-06
3.81756e-05
8.34995e-05
0.000129164
0.000167245
0.000193944
0.000209799
0.00021799
0.000222382
0.000225937
0.000230553
0.000237243
0.000246456
0.000258312
0.000272755
0.00028965
0.00030884
0.000330163
0.000353462
0.000378577
0.000405348
0.000433602
0.00046315
0.000493782
0.000525264
0.000557337
0.000589716
0.0006221
0.000654175
0.000685622
0.000716132
0.000745418
0.000773225
0.000799343
0.000823611
0.000845925
0.00086624
0.000884566
0.000900968
0.000915565
0.000928516
0.000940016
0.000950285
0.000959552
0.000968044
0.000975982
0.000983572
0.000990983
0.000998344
0.00100573
0.00101314
0.00102051
0.00102771
0.00103452
0.00104053
0.00104542
0.00104858
0.00104944
0.00104773
0.00104272
0.00103333
0.00101907
0.000999359
0.000973582
0.000940986
0.000900344
0.000849361
0.000783735
0.000695973
0.000576485
0.000422504
0.00025512
0.000121306
4.33441e-05
4.77359e-06
4.4918e-06
3.93393e-05
8.55279e-05
0.000131202
0.000168379
0.00019386
0.000208959
0.0002171
0.000222168
0.000226845
0.000232811
0.000240899
0.000251464
0.000264582
0.000280192
0.000298169
0.000318372
0.000340654
0.00036487
0.000390869
0.000418495
0.000447581
0.000477938
0.000509356
0.000541602
0.000574414
0.00060751
0.000640585
0.000673322
0.000705398
0.000736497
0.000766322
0.000794607
0.000821128
0.000845714
0.000868247
0.000888669
0.000906982
0.000923244
0.000937565
0.000950101
0.000961043
0.000970603
0.000979005
0.000986468
0.00099321
0.000999436
0.00100531
0.00101096
0.00101647
0.00102181
0.00102694
0.00103177
0.00103606
0.00103941
0.00104161
0.00104198
0.00104042
0.00103614
0.00102843
0.00101675
0.00100047
0.000979036
0.000951871
0.000918299
0.00087724
0.000826681
0.000762829
0.000678929
0.000565809
0.000419159
0.000255626
0.000120812
4.22541e-05
4.64384e-06
4.63892e-06
4.0458e-05
8.73244e-05
0.000132698
0.00016872
0.000193095
0.000207581
0.000216088
0.000222194
0.000228243
0.00023569
0.000245201
0.000257053
0.000271305
0.000287906
0.000306751
0.000327722
0.000350694
0.000375537
0.000402115
0.00043028
0.000459872
0.000490707
0.000522578
0.000555253
0.000588476
0.000621966
0.000655422
0.000688526
0.000720959
0.000752402
0.00078255
0.000811131
0.000837912
0.000862707
0.000885386
0.000905877
0.000924165
0.000940293
0.000954358
0.000966502
0.000976902
0.000985758
0.000993277
0.000999663
0.00100513
0.00100988
0.00101408
0.00101785
0.00102128
0.00102433
0.00102696
0.00102918
0.00103068
0.00103105
0.00103034
0.00102798
0.00102342
0.00101633
0.00100609
0.000992147
0.000973953
0.000950989
0.00092273
0.000888564
0.00084753
0.000797853
0.000736173
0.000656471
0.000550201
0.000411916
0.000254369
0.00011989
4.10051e-05
4.49531e-06
4.78425e-06
4.15031e-05
8.88032e-05
0.000133534
0.000168285
0.000191552
0.000205901
0.000215191
0.000222629
0.000230278
0.000239244
0.000250092
0.000263058
0.000278204
0.000295504
0.000314886
0.000336263
0.000359536
0.000384598
0.000411332
0.000439603
0.000469263
0.000500134
0.000532018
0.000564687
0.000597894
0.000631363
0.000664799
0.000697891
0.000730321
0.000761776
0.000791944
0.000820551
0.000847356
0.000872159
0.000894818
0.00091524
0.000933395
0.000949304
0.000963042
0.000974732
0.000984532
0.000992621
0.000999179
0.00100439
0.00100846
0.00101162
0.00101401
0.00101584
0.00101709
0.00101769
0.00101762
0.00101699
0.00101547
0.00101284
0.00100901
0.00100362
0.000996206
0.000986412
0.000973746
0.000957733
0.000937895
0.000913765
0.000884861
0.000850632
0.000810213
0.000762021
0.000703091
0.000628125
0.000529271
0.000400399
0.000250639
0.000118376
3.9592e-05
4.32677e-06
4.9248e-06
4.24311e-05
8.98495e-05
0.000133559
0.000166997
0.000189456
0.000204137
0.000214629
0.000223663
0.000232933
0.000243303
0.000255254
0.000269014
0.000284668
0.000302232
0.000321675
0.000342952
0.000365996
0.000390727
0.000417052
0.000444856
0.000474007
0.000504341
0.000535666
0.000567768
0.000600409
0.000633324
0.000666226
0.000698812
0.000730771
0.000761801
0.00079161
0.000819896
0.000846407
0.000870936
0.000893323
0.00091346
0.000931295
0.000946827
0.000960108
0.000971236
0.000980346
0.000987591
0.000993112
0.000997061
0.000999674
0.00100118
0.00100168
0.00100128
0.00100009
0.000998007
0.000995154
0.000991564
0.000987082
0.000981509
0.000974723
0.000966458
0.000956382
0.000944163
0.000929413
0.000911737
0.000890725
0.00086597
0.000837039
0.00080342
0.000764326
0.000718368
0.00066294
0.0005934
0.000502639
0.000384205
0.000244114
0.000116081
3.80063e-05
4.13654e-06
5.05482e-06
4.31741e-05
9.03141e-05
0.000132807
0.000164798
0.000186939
0.000202451
0.000214441
0.000225137
0.000235852
0.000247306
0.000259934
0.000273984
0.000289589
0.000306815
0.000325684
0.000346199
0.000368332
0.00039203
0.000417235
0.000443919
0.000471921
0.00050108
0.000531216
0.000562133
0.000593608
0.00062539
0.000657203
0.000688754
0.000719738
0.000749842
0.000778767
0.000806234
0.000831987
0.000855808
0.000877521
0.000896997
0.000914162
0.000928988
0.000941498
0.000951768
0.000959905
0.000966033
0.000970241
0.00097266
0.000973593
0.000973292
0.000971912
0.000969225
0.000965623
0.000961097
0.000955694
0.000949441
0.000942271
0.000934056
0.00092469
0.000913991
0.00090172
0.000887611
0.000871362
0.000852652
0.00083114
0.000806472
0.00077826
0.000746039
0.000709107
0.000666244
0.000615179
0.000551868
0.000469963
0.000363021
0.000234372
0.000112759
3.62296e-05
3.92201e-06
5.16382e-06
4.36243e-05
9.00256e-05
0.000130924
0.000161745
0.000184053
0.000200772
0.000214264
0.000226377
0.000238099
0.000250065
0.00026272
0.00027636
0.00029118
0.000307309
0.00032489
0.000343958
0.000364478
0.000386424
0.00040977
0.000434438
0.000460353
0.000487397
0.000515407
0.00054421
0.000573606
0.00060336
0.000633211
0.00066288
0.000692073
0.000720487
0.000747827
0.000773817
0.000798198
0.000820744
0.000841266
0.000859618
0.000875703
0.000889471
0.000900917
0.000910095
0.000917087
0.000921985
0.000924816
0.00092575
0.000925283
0.000923522
0.000920223
0.000915687
0.000910089
0.000903498
0.000895978
0.000887574
0.000878277
0.000868024
0.000856749
0.000844336
0.000830622
0.000815411
0.000798471
0.00077955
0.000758373
0.00073464
0.000708011
0.000678067
0.000644184
0.000605306
0.00055949
0.000503258
0.00043101
0.000336557
0.000220997
0.000108097
3.42503e-05
3.67964e-06
5.23299e-06
4.36021e-05
8.87535e-05
0.000127684
0.000157692
0.000180552
0.000198475
0.000213156
0.000225974
0.000237896
0.000249571
0.000261469
0.000273939
0.00028723
0.00030151
0.00031691
0.000333524
0.00035141
0.000370573
0.000391031
0.000412737
0.000435634
0.000459628
0.000484609
0.000510412
0.000536846
0.000563695
0.000590718
0.000617656
0.000644231
0.000670158
0.000695155
0.00071895
0.00074129
0.000761944
0.00078072
0.00079746
0.000812052
0.000824428
0.000834559
0.000842488
0.000848263
0.000851954
0.000853447
0.000853169
0.000851665
0.00084846
0.000843797
0.00083789
0.000830884
0.000822882
0.00081397
0.000804212
0.000793641
0.000782245
0.000769997
0.000756833
0.000742651
0.000727316
0.00071066
0.00069249
0.000672588
0.000650705
0.00062655
0.000599751
0.000569769
0.000535708
0.000495949
0.00044758
0.000385744
0.000304666
0.000203659
0.000101715
3.20229e-05
3.4027e-06
5.23238e-06
4.29614e-05
8.59293e-05
0.000122764
0.000152158
0.000175428
0.00019394
0.000209028
0.000221705
0.000232867
0.000243204
0.000253276
0.000263513
0.000274236
0.000285653
0.000297969
0.000311317
0.000325797
0.000341477
0.000358349
0.000376386
0.000395542
0.000415745
0.000436898
0.00045887
0.000481494
0.000504581
0.000527919
0.000551272
0.000574392
0.000597016
0.000618882
0.000639737
0.000659338
0.000677465
0.000693927
0.000708565
0.00072126
0.000731932
0.000740537
0.000747107
0.000751663
0.000754254
0.0007546
0.000753689
0.00075132
0.000747277
0.000741915
0.000735372
0.000727786
0.000719271
0.000709931
0.000699839
0.000689056
0.000677601
0.000665482
0.00065267
0.000639109
0.000624711
0.000609362
0.000592918
0.00057521
0.000556038
0.000535159
0.000512258
0.000486882
0.000458302
0.000425216
0.000385282
0.000334429
0.000267401
0.000182175
9.3199e-05
2.94654e-05
3.08125e-06
5.11208e-06
4.11741e-05
8.09508e-05
0.000115415
0.000143778
0.000166412
0.000184213
0.000198217
0.000209334
0.000218462
0.000226361
0.000233679
0.00024091
0.000248424
0.000256536
0.000265402
0.000275153
0.000285885
0.000297668
0.000310517
0.00032442
0.000339341
0.000355222
0.000371985
0.000389524
0.000407704
0.000426367
0.000445333
0.000464404
0.000483365
0.000501989
0.000520048
0.000537317
0.000553578
0.000568634
0.000582307
0.000594449
0.000604943
0.000613709
0.000620696
0.000625917
0.000629395
0.0006311
0.000630869
0.000629646
0.000626959
0.000622846
0.000617574
0.000611264
0.000604043
0.00059602
0.0005873
0.000577956
0.000568062
0.000557651
0.000546749
0.000535353
0.000523437
0.000510948
0.000497812
0.000483926
0.000469164
0.000453374
0.00043636
0.000417873
0.000397552
0.000374831
0.000348722
0.000317446
0.000277771
0.000225111
0.000156523
8.22199e-05
2.63947e-05
2.70352e-06
4.76938e-06
3.755e-05
7.29715e-05
0.000104138
0.000129772
0.000149719
0.000164739
0.00017589
0.000184084
0.000190262
0.000195228
0.000199583
0.00020379
0.000208194
0.000213067
0.000218577
0.000224832
0.000231915
0.000239881
0.00024875
0.000258517
0.000269151
0.000280608
0.000292829
0.000305731
0.000319212
0.000333149
0.000347403
0.000361817
0.000376221
0.000390435
0.000404275
0.000417558
0.000430107
0.000441757
0.000452358
0.000461785
0.000469934
0.000476734
0.000482133
0.000486126
0.00048875
0.000489912
0.000489588
0.000488443
0.000486071
0.000482578
0.000478142
0.000472867
0.000466859
0.000460209
0.000453012
0.000445328
0.000437232
0.000428753
0.000419927
0.000410764
0.000401255
0.000391373
0.000381071
0.000370282
0.000358918
0.000346868
0.000333991
0.000320101
0.000304932
0.000288078
0.000268845
0.000245985
0.000217138
0.000178587
0.000126954
6.86192e-05
2.2554e-05
2.26856e-06
4.07971e-06
3.14274e-05
6.06748e-05
8.62291e-05
0.00010634
0.00012122
0.00013176
0.000139019
0.00014389
0.00014717
0.000149512
0.000151402
0.000153201
0.000155171
0.000157514
0.000160361
0.000163793
0.000167862
0.000172607
0.000178042
0.000184163
0.000190949
0.000198367
0.000206374
0.000214914
0.000223914
0.000233292
0.000242949
0.000252776
0.000262654
0.000272456
0.00028205
0.000291304
0.00030009
0.000308285
0.000315779
0.000322477
0.000328298
0.000333185
0.000337095
0.000340011
0.000341959
0.000342888
0.000342704
0.00034196
0.000340353
0.0003379
0.000334761
0.000331012
0.000326729
0.000321976
0.000316825
0.000311322
0.000305528
0.000299465
0.000293165
0.000286642
0.000279899
0.000272923
0.000265688
0.000258154
0.000250266
0.000241952
0.000233119
0.000223643
0.000213351
0.00020198
0.000189088
0.00017389
0.000154862
0.000129352
9.4183e-05
5.24476e-05
1.76631e-05
1.81354e-06
2.96901e-06
2.2305e-05
4.26246e-05
5.94089e-05
7.18156e-05
8.05207e-05
8.63613e-05
9.01203e-05
9.24143e-05
9.37498e-05
9.45312e-05
9.50599e-05
9.55577e-05
9.61831e-05
9.70581e-05
9.82634e-05
9.98473e-05
0.000101841
0.000104264
0.000107125
0.000110422
0.000114142
0.000118267
0.000122771
0.000127619
0.000132773
0.000138182
0.00014379
0.000149534
0.000155343
0.000161141
0.00016685
0.000172391
0.000177684
0.000182655
0.000187234
0.000191359
0.000194979
0.000198055
0.000200555
0.000202465
0.000203788
0.000204536
0.000204525
0.000204218
0.000203427
0.000202056
0.000200265
0.000198091
0.000195584
0.000192776
0.000189718
0.000186435
0.000182966
0.000179329
0.000175545
0.000171628
0.000167581
0.0001634
0.000159073
0.000154581
0.000149892
0.000144968
0.000139756
0.000134188
0.000128165
0.000121543
0.000114084
0.000105369
9.45767e-05
8.01703e-05
5.98346e-05
3.43287e-05
1.18007e-05
1.28579e-06
1.60272e-06
1.09036e-05
2.01983e-05
2.7466e-05
3.27009e-05
3.63165e-05
3.8714e-05
4.02274e-05
4.11156e-05
4.15889e-05
4.18181e-05
4.19338e-05
4.20334e-05
4.21865e-05
4.24481e-05
4.28547e-05
4.34281e-05
4.4183e-05
4.51283e-05
4.62679e-05
4.76014e-05
4.91248e-05
5.08302e-05
5.27069e-05
5.47413e-05
5.69166e-05
5.92125e-05
6.16054e-05
6.40685e-05
6.65721e-05
6.90839e-05
7.15701e-05
7.39959e-05
7.63268e-05
7.85294e-05
8.05725e-05
8.24279e-05
8.40715e-05
8.5484e-05
8.66507e-05
8.75621e-05
8.82166e-05
8.86298e-05
8.86978e-05
8.86164e-05
8.8356e-05
8.78217e-05
8.70916e-05
8.61896e-05
8.51374e-05
8.3942e-05
8.26317e-05
8.12156e-05
7.97136e-05
7.81345e-05
7.6488e-05
7.47808e-05
7.30157e-05
7.1192e-05
6.93054e-05
6.73481e-05
6.53081e-05
6.3169e-05
6.09094e-05
5.85004e-05
5.59021e-05
5.30555e-05
4.98649e-05
4.61661e-05
4.16366e-05
3.56613e-05
2.71348e-05
1.59289e-05
5.47317e-06
6.53476e-07
2.50043e-07
1.24649e-06
2.27047e-06
3.06883e-06
3.64664e-06
4.0477e-06
4.31567e-06
4.48585e-06
4.58601e-06
4.63908e-06
4.66394e-06
4.67525e-06
4.68406e-06
4.69827e-06
4.72411e-06
4.76586e-06
4.82603e-06
4.90636e-06
5.00788e-06
5.13109e-06
5.27598e-06
5.44216e-06
5.62879e-06
5.83473e-06
6.0585e-06
6.29827e-06
6.55184e-06
6.81663e-06
7.08969e-06
7.36774e-06
7.64723e-06
7.92439e-06
8.19536e-06
8.45626e-06
8.70336e-06
8.93311e-06
9.14233e-06
9.32826e-06
9.48867e-06
9.62185e-06
9.72668e-06
9.80275e-06
9.85225e-06
9.86303e-06
9.85582e-06
9.82988e-06
9.77336e-06
9.6939e-06
9.59513e-06
9.47954e-06
9.34873e-06
9.20492e-06
9.04915e-06
8.88354e-06
8.7092e-06
8.52722e-06
8.33838e-06
8.14305e-06
7.94122e-06
7.73246e-06
7.51595e-06
7.29043e-06
7.05415e-06
6.80478e-06
6.53926e-06
6.2533e-06
5.94067e-06
5.59132e-06
5.18822e-06
4.69797e-06
4.05654e-06
3.14133e-06
1.91369e-06
7.15492e-07
1.13043e-07
)
;

boundaryField
{
    movingWall
    {
        type            kqRWallFunction;
        value           nonuniform List<scalar> 
75
(
2.50043e-07
1.24649e-06
2.27047e-06
3.06883e-06
3.64664e-06
4.0477e-06
4.31567e-06
4.48585e-06
4.58601e-06
4.63908e-06
4.66394e-06
4.67525e-06
4.68406e-06
4.69827e-06
4.72411e-06
4.76586e-06
4.82603e-06
4.90636e-06
5.00788e-06
5.13109e-06
5.27598e-06
5.44216e-06
5.62879e-06
5.83473e-06
6.0585e-06
6.29827e-06
6.55184e-06
6.81663e-06
7.08969e-06
7.36774e-06
7.64723e-06
7.92439e-06
8.19536e-06
8.45626e-06
8.70336e-06
8.93311e-06
9.14233e-06
9.32826e-06
9.48867e-06
9.62185e-06
9.72668e-06
9.80275e-06
9.85225e-06
9.86303e-06
9.85582e-06
9.82988e-06
9.77336e-06
9.6939e-06
9.59513e-06
9.47954e-06
9.34873e-06
9.20492e-06
9.04915e-06
8.88354e-06
8.7092e-06
8.52722e-06
8.33838e-06
8.14305e-06
7.94122e-06
7.73246e-06
7.51595e-06
7.29043e-06
7.05415e-06
6.80478e-06
6.53926e-06
6.2533e-06
5.94067e-06
5.59132e-06
5.18822e-06
4.69797e-06
4.05654e-06
3.14133e-06
1.91369e-06
7.15492e-07
1.13043e-07
)
;
    }
    fixedWalls
    {
        type            kqRWallFunction;
        value           nonuniform List<scalar> 
225
(
2.11445e-09
1.59668e-08
3.38486e-08
5.52295e-08
7.93957e-08
1.05836e-07
1.34212e-07
1.6429e-07
1.95911e-07
2.28959e-07
2.63351e-07
2.99028e-07
3.35949e-07
3.74089e-07
4.13434e-07
4.53981e-07
4.95733e-07
5.38703e-07
5.82909e-07
6.28377e-07
6.75154e-07
7.23269e-07
7.72756e-07
8.23654e-07
8.76012e-07
9.2988e-07
9.85313e-07
1.04237e-06
1.1011e-06
1.16159e-06
1.22389e-06
1.28808e-06
1.35424e-06
1.42244e-06
1.49277e-06
1.56532e-06
1.64019e-06
1.71747e-06
1.79726e-06
1.87969e-06
1.96484e-06
2.05284e-06
2.1438e-06
2.23784e-06
2.33505e-06
2.43554e-06
2.53942e-06
2.64675e-06
2.7576e-06
2.87203e-06
2.99003e-06
3.11161e-06
3.23671e-06
3.36524e-06
3.49708e-06
3.63204e-06
3.76992e-06
3.91045e-06
4.05334e-06
4.1982e-06
4.34457e-06
4.4918e-06
4.63892e-06
4.78425e-06
4.9248e-06
5.05482e-06
5.16382e-06
5.23299e-06
5.23238e-06
5.11208e-06
4.76938e-06
4.07971e-06
2.96901e-06
1.60272e-06
2.50043e-07
5.87611e-09
4.43666e-08
9.38601e-08
1.52435e-07
2.17576e-07
2.87344e-07
3.60342e-07
4.35594e-07
5.12472e-07
5.90696e-07
6.7001e-07
7.50396e-07
8.31992e-07
9.1504e-07
9.99851e-07
1.08677e-06
1.17613e-06
1.26827e-06
1.36347e-06
1.46197e-06
1.56392e-06
1.66944e-06
1.77859e-06
1.89134e-06
2.00765e-06
2.12742e-06
2.2505e-06
2.37674e-06
2.50592e-06
2.63783e-06
2.77217e-06
2.90863e-06
3.04686e-06
3.18645e-06
3.32694e-06
3.46782e-06
3.60855e-06
3.74852e-06
3.8871e-06
4.02359e-06
4.15727e-06
4.28737e-06
4.41306e-06
4.53345e-06
4.64761e-06
4.75452e-06
4.8531e-06
4.94228e-06
5.02091e-06
5.08781e-06
5.14172e-06
5.18131e-06
5.20336e-06
5.20965e-06
5.20116e-06
5.17389e-06
5.12816e-06
5.06448e-06
4.98359e-06
4.88656e-06
4.77359e-06
4.64384e-06
4.49531e-06
4.32677e-06
4.13654e-06
3.92201e-06
3.67964e-06
3.4027e-06
3.08125e-06
2.70352e-06
2.26856e-06
1.81354e-06
1.28579e-06
6.53476e-07
1.13043e-07
2.11445e-09
1.42576e-08
3.14251e-08
5.12191e-08
7.22423e-08
9.34302e-08
1.13916e-07
1.33006e-07
1.5018e-07
1.65094e-07
1.77588e-07
1.87673e-07
1.95522e-07
2.01443e-07
2.05856e-07
2.09261e-07
2.12199e-07
2.15223e-07
2.18866e-07
2.23612e-07
2.2988e-07
2.38007e-07
2.48249e-07
2.60779e-07
2.75706e-07
2.93085e-07
3.1294e-07
3.35287e-07
3.60148e-07
3.8757e-07
4.17629e-07
4.50434e-07
4.86122e-07
5.24846e-07
5.66764e-07
6.12025e-07
6.60757e-07
7.13057e-07
7.68983e-07
8.28552e-07
8.91728e-07
9.58416e-07
1.02845e-06
1.10159e-06
1.17748e-06
1.25563e-06
1.33537e-06
1.41586e-06
1.49599e-06
1.57437e-06
1.64928e-06
1.71866e-06
1.78004e-06
1.83041e-06
1.86541e-06
1.88179e-06
1.88343e-06
1.86122e-06
1.81301e-06
1.73848e-06
1.63835e-06
1.51478e-06
1.37168e-06
1.21451e-06
1.04987e-06
8.84762e-07
7.25823e-07
5.78539e-07
4.46731e-07
3.32354e-07
2.35646e-07
1.55583e-07
9.0628e-08
3.98818e-08
5.87611e-09
)
;
    }
    frontAndBack
    {
        type            empty;
    }
}


// ************************************************************************* //
