/*--------------------------------*- C++ -*----------------------------------*\
  =========                 |
  \\      /  F ield         | OpenFOAM: The Open Source CFD Toolbox
   \\    /   O peration     | Website:  https://openfoam.org
    \\  /    A nd           | Version:  12
     \\/     M anipulation  |
\*---------------------------------------------------------------------------*/
FoamFile
{
    format      ascii;
    class       volScalarField;
    location    "5.5";
    object      epsilon;
}
// * * * * * * * * * * * * * * * * * * * * * * * * * * * * * * * * * * * * * //

dimensions      [0 2 -3 0 0 0 0];

internalField   nonuniform List<scalar> 
5625
(
4.32349e-07
2.92431e-06
6.50834e-06
1.07676e-05
1.55035e-05
2.05917e-05
2.59484e-05
3.152e-05
3.72791e-05
4.3223e-05
4.93729e-05
5.57724e-05
6.24866e-05
6.96001e-05
7.72161e-05
8.5454e-05
9.44484e-05
0.000104347
0.000115308
0.000127502
0.000141106
0.000156303
0.000173281
0.000192234
0.000213352
0.000236826
0.000262844
0.000291587
0.000323229
0.000357933
0.000395849
0.000437115
0.000481853
0.000530168
0.000582147
0.000637858
0.000697348
0.000760642
0.000827738
0.000898601
0.000973157
0.00105128
0.00113278
0.00121737
0.00130466
0.0013941
0.00148496
0.00157628
0.00166682
0.00175503
0.001839
0.00191641
0.00198452
0.00203994
0.00207748
0.00209434
0.00209503
0.00206818
0.0020123
0.00192715
0.0018136
0.0016742
0.00151342
0.00133747
0.00115376
0.00097014
0.000793961
0.000631262
0.000486187
0.000360784
0.000255184
0.000168122
9.77657e-05
4.29733e-05
6.32966e-06
8.16933e-07
1.59278e-06
3.19118e-06
5.1654e-06
7.38255e-06
9.77423e-06
1.22977e-05
1.49265e-05
1.76471e-05
2.0458e-05
2.33692e-05
2.64011e-05
2.95846e-05
3.29598e-05
3.65755e-05
4.04884e-05
4.47625e-05
4.94682e-05
5.46813e-05
6.04827e-05
6.69573e-05
7.41935e-05
8.22823e-05
9.13163e-05
0.000101389
0.000112594
0.000125023
0.000138766
0.000153911
0.000170539
0.000188729
0.000208552
0.000230073
0.000253348
0.000278427
0.000305348
0.000334139
0.000364818
0.000397385
0.000431823
0.000468095
0.000506129
0.000545821
0.000587015
0.000629492
0.000672954
0.000717008
0.000761142
0.000804708
0.000846903
0.000886753
0.000923102
0.000954589
0.000979588
0.000995634
0.00100191
0.000999907
0.000984873
0.000956201
0.000913932
0.000858645
0.000791668
0.000715148
0.000631966
0.000545498
0.000459273
0.000376589
0.000300158
0.000231864
0.00017267
0.000122697
8.14729e-05
4.83694e-05
2.35259e-05
1.19487e-05
1.73561e-06
1.55231e-06
2.45966e-06
3.73939e-06
5.22582e-06
6.85086e-06
8.57767e-06
1.0385e-05
1.22623e-05
1.4208e-05
1.62288e-05
1.8339e-05
2.05598e-05
2.29195e-05
2.54523e-05
2.81984e-05
3.12033e-05
3.45169e-05
3.81939e-05
4.22927e-05
4.68752e-05
5.20065e-05
5.77541e-05
6.4188e-05
7.13794e-05
7.94007e-05
8.83251e-05
9.82252e-05
0.000109173
0.000121239
0.00013449
0.000148991
0.000164803
0.00018198
0.00020057
0.000220612
0.000242136
0.000265158
0.000289679
0.000315678
0.000343112
0.000371903
0.000401937
0.000433049
0.00046502
0.00049756
0.000530302
0.000562788
0.000594459
0.000624654
0.000652604
0.000677434
0.000698154
0.000713571
0.000721855
0.0007236
0.000718594
0.000704423
0.000680864
0.000648142
0.00060684
0.000558011
0.000503195
0.000444354
0.000383717
0.000323576
0.00026605
0.000212882
0.000165294
0.000123945
8.89941e-05
6.02979e-05
3.78452e-05
2.2969e-05
2.52848e-05
2.83999e-06
1.86081e-06
2.32706e-06
3.22532e-06
4.34014e-06
5.59077e-06
6.93779e-06
8.36004e-06
9.84725e-06
1.13974e-05
1.30156e-05
1.47131e-05
1.65076e-05
1.8422e-05
2.04848e-05
2.27294e-05
2.51939e-05
2.79208e-05
3.09569e-05
3.4353e-05
3.81634e-05
4.24462e-05
4.7263e-05
5.26783e-05
5.87595e-05
6.55767e-05
7.32021e-05
8.17096e-05
9.11742e-05
0.000101671
0.000113275
0.000126057
0.000140086
0.000155425
0.000172128
0.000190238
0.000209784
0.000230776
0.0002532
0.000277015
0.000302142
0.000328466
0.00035582
0.000383986
0.000412688
0.000441587
0.000470279
0.000498291
0.00052508
0.000550041
0.00057251
0.000591784
0.00060713
0.000617228
0.000621282
0.000620284
0.000613056
0.000598417
0.00057628
0.00054689
0.000510761
0.000468769
0.000422167
0.000372543
0.000321697
0.000271475
0.000223583
0.000179413
0.000139942
0.000105713
7.69206e-05
5.36367e-05
3.63268e-05
2.74093e-05
4.10775e-05
4.09693e-06
2.34e-06
2.45347e-06
3.0815e-06
3.95374e-06
4.97253e-06
6.09277e-06
7.29129e-06
8.55702e-06
9.88726e-06
1.12861e-05
1.27636e-05
1.43354e-05
1.60224e-05
1.78505e-05
1.98504e-05
2.20576e-05
2.45123e-05
2.72592e-05
3.03473e-05
3.38304e-05
3.77668e-05
4.22194e-05
4.72555e-05
5.2947e-05
5.937e-05
6.66045e-05
7.47344e-05
8.38457e-05
9.40265e-05
0.000105365
0.000117945
0.000131847
0.000147142
0.000163888
0.000182126
0.000201873
0.000223117
0.000245809
0.00026986
0.000295134
0.000321445
0.000348547
0.000376144
0.000403887
0.000431383
0.000458197
0.000483861
0.000507875
0.000529718
0.000548865
0.00056479
0.000576982
0.000584001
0.00058615
0.000583941
0.00057608
0.000561799
0.000540914
0.000513479
0.000479843
0.000440689
0.000397099
0.000350525
0.000302684
0.000255383
0.000210311
0.000168853
0.000131978
0.000100228
7.38459e-05
5.30568e-05
3.87046e-05
3.41825e-05
5.86542e-05
5.48415e-06
2.92845e-06
2.72933e-06
3.14075e-06
3.8325e-06
4.68861e-06
5.65683e-06
6.71113e-06
7.83911e-06
9.03734e-06
1.03093e-05
1.16646e-05
1.3118e-05
1.46899e-05
1.64055e-05
1.82952e-05
2.03946e-05
2.27443e-05
2.53902e-05
2.83836e-05
3.17814e-05
3.56465e-05
4.00476e-05
4.50601e-05
5.07651e-05
5.72501e-05
6.46083e-05
7.29382e-05
8.23418e-05
9.29234e-05
0.000104787
0.00011803
0.000132732
0.000148972
0.000166804
0.00018625
0.000207297
0.000229888
0.000253917
0.00027922
0.00030558
0.000332727
0.000360326
0.000388005
0.000415363
0.000441982
0.000467446
0.000491355
0.000513303
0.000532917
0.000549844
0.000563735
0.000574285
0.000580304
0.000582194
0.000580392
0.000573487
0.00056073
0.000541712
0.000516209
0.000484264
0.000446327
0.000403334
0.000356714
0.000308287
0.000260056
0.000213952
0.000171584
0.000134088
0.000102109
7.59586e-05
5.59804e-05
4.33383e-05
4.23212e-05
7.74962e-05
6.98853e-06
3.59891e-06
3.10682e-06
3.33252e-06
3.87938e-06
4.61301e-06
5.47306e-06
6.42994e-06
7.46985e-06
8.58868e-06
9.78963e-06
1.10821e-05
1.24813e-05
1.40077e-05
1.56874e-05
1.75521e-05
1.9639e-05
2.19913e-05
2.46586e-05
2.76967e-05
3.11688e-05
3.51453e-05
3.97044e-05
4.49327e-05
5.09236e-05
5.77787e-05
6.56081e-05
7.45269e-05
8.46544e-05
9.61108e-05
0.000109016
0.000123476
0.000139588
0.000157415
0.000176989
0.000198298
0.000221276
0.000245794
0.000271657
0.000298602
0.000326303
0.000354378
0.000382426
0.000410025
0.000436761
0.000462253
0.000486169
0.000508229
0.000528239
0.000546043
0.000561513
0.000574514
0.000584831
0.000591829
0.000594994
0.000595101
0.000590709
0.000580807
0.000564624
0.00054153
0.000511223
0.000473888
0.000430317
0.000381956
0.000330815
0.000279232
0.000229548
0.000183779
0.000143383
0.000109219
8.17183e-05
6.13293e-05
4.95053e-05
5.13652e-05
9.72305e-05
8.60298e-06
4.3378e-06
3.56152e-06
3.62085e-06
4.04615e-06
4.68354e-06
5.46419e-06
6.35499e-06
7.34034e-06
8.41551e-06
9.58365e-06
1.08546e-05
1.22441e-05
1.37742e-05
1.54726e-05
1.73734e-05
1.95169e-05
2.19507e-05
2.47294e-05
2.79157e-05
3.15808e-05
3.58051e-05
4.06787e-05
4.6302e-05
5.27856e-05
6.02497e-05
6.8822e-05
7.86372e-05
8.9833e-05
0.000102545
0.000116897
0.000133001
0.000150943
0.000170764
0.000192455
0.000215942
0.000241079
0.000267638
0.000295315
0.000323733
0.000352459
0.000381033
0.000409002
0.000435945
0.000461506
0.000485419
0.000507518
0.000527739
0.000546106
0.000562684
0.00057754
0.000590677
0.000601953
0.000611011
0.000617345
0.000620171
0.000619409
0.000613329
0.00060076
0.000580607
0.000552204
0.000515445
0.000470949
0.000420153
0.00036525
0.000308949
0.000254092
0.000203227
0.000158281
0.000120444
9.03451e-05
6.85616e-05
5.68262e-05
6.10605e-05
0.000117595
1.03244e-05
5.13814e-06
4.07979e-06
3.9852e-06
4.30568e-06
4.86561e-06
5.58776e-06
6.43516e-06
7.39053e-06
8.4486e-06
9.61269e-06
1.08933e-05
1.23077e-05
1.38796e-05
1.56393e-05
1.76241e-05
1.98789e-05
2.24567e-05
2.54194e-05
2.88382e-05
3.27946e-05
3.73814e-05
4.27028e-05
4.88746e-05
5.60251e-05
6.42934e-05
7.3827e-05
8.47789e-05
9.73023e-05
0.000111543
0.000127629
0.000145661
0.000165699
0.00018774
0.00021171
0.000237448
0.000264701
0.000293123
0.000322284
0.000351695
0.000380838
0.000409209
0.000436364
0.000461951
0.00048575
0.000507681
0.000527802
0.000546286
0.000563382
0.000579348
0.000594389
0.000608586
0.000621826
0.000633762
0.000643857
0.000650935
0.000653802
0.000652065
0.000643639
0.000626913
0.000600862
0.000565079
0.000519945
0.000466802
0.000407945
0.000346404
0.000285532
0.000228491
0.000177803
0.000135128
0.000101394
7.73692e-05
6.50858e-05
7.1259e-05
0.000138417
1.21523e-05
5.99654e-06
4.65373e-06
4.41324e-06
4.64135e-06
5.13808e-06
5.818e-06
6.63988e-06
7.5848e-06
8.64702e-06
9.83026e-06
1.11462e-05
1.26136e-05
1.42587e-05
1.61153e-05
1.8225e-05
2.06381e-05
2.34144e-05
2.66238e-05
3.03478e-05
3.46798e-05
3.97262e-05
4.56072e-05
5.24564e-05
6.04207e-05
6.96587e-05
8.03366e-05
9.26236e-05
0.000106684
0.000122666
0.00014069
0.000160832
0.000183103
0.000207437
0.000233666
0.000261518
0.000290614
0.000320476
0.000350555
0.000380269
0.000409057
0.000436427
0.000462017
0.000485621
0.000507218
0.000526962
0.000545152
0.000562186
0.000578494
0.000594461
0.000610358
0.000626271
0.000642048
0.000657268
0.000671223
0.000682857
0.000690033
0.000692112
0.000688136
0.000675264
0.00065214
0.000618047
0.000573059
0.000518293
0.000455997
0.0003894
0.000322306
0.000258523
0.000201278
0.000152846
0.000114593
8.75685e-05
7.41587e-05
8.18794e-05
0.000159623
1.40884e-05
6.91173e-06
5.27879e-06
4.89735e-06
5.04244e-06
5.48737e-06
6.13836e-06
6.94954e-06
7.90035e-06
8.9847e-06
1.02069e-05
1.15799e-05
1.31249e-05
1.48709e-05
1.68558e-05
1.91262e-05
2.17389e-05
2.47614e-05
2.82734e-05
3.23674e-05
3.71502e-05
4.27436e-05
4.92846e-05
5.69254e-05
6.58323e-05
7.61824e-05
8.81586e-05
0.000101942
0.000117701
0.000135576
0.000155665
0.000177999
0.000202524
0.000229079
0.000257383
0.000287034
0.000317514
0.000348218
0.000378499
0.000407728
0.000435355
0.000460976
0.000484378
0.000505567
0.000524759
0.000542352
0.000558863
0.000574861
0.000590884
0.000607362
0.000624555
0.000642492
0.000660941
0.000679384
0.000696993
0.000712615
0.000724535
0.00073003
0.000730221
0.000721582
0.000702026
0.000670549
0.000626841
0.000571652
0.000506997
0.000436116
0.000363143
0.000292503
0.000228212
0.000173314
0.000129774
9.90503e-05
8.39741e-05
9.28684e-05
0.000181135
1.61359e-05
7.88392e-06
5.95256e-06
5.43276e-06
5.50183e-06
5.90446e-06
6.53777e-06
7.35106e-06
8.32206e-06
9.44442e-06
1.07232e-05
1.2173e-05
1.38175e-05
1.56894e-05
1.7831e-05
2.02948e-05
2.31449e-05
2.64577e-05
3.03233e-05
3.48468e-05
4.01493e-05
4.63688e-05
5.36603e-05
6.21946e-05
7.21567e-05
8.37405e-05
9.71416e-05
0.000112547
0.000130119
0.000149979
0.000172183
0.000196698
0.00022338
0.000251954
0.000282007
0.000312994
0.000344263
0.000375106
0.000404818
0.000432778
0.000458521
0.000481798
0.000502608
0.000521199
0.000538034
0.000553721
0.000568941
0.000584352
0.000600518
0.000617837
0.000636492
0.000656422
0.000677304
0.000698543
0.000719248
0.000738226
0.000754086
0.000763765
0.000766979
0.000762877
0.000747522
0.00071966
0.000678551
0.000624443
0.000558916
0.000484996
0.000406953
0.000329747
0.00025822
0.000196334
0.000146839
0.000111754
9.44996e-05
0.000104205
0.000202936
1.82991e-05
8.91428e-06
6.67405e-06
6.01654e-06
6.01485e-06
6.38329e-06
7.00872e-06
7.83554e-06
8.83966e-06
1.00145e-05
1.13661e-05
1.29108e-05
1.46753e-05
1.66962e-05
1.9021e-05
2.17088e-05
2.48317e-05
2.84756e-05
3.27424e-05
3.77504e-05
4.3636e-05
5.05541e-05
5.86775e-05
6.81956e-05
7.93099e-05
9.2228e-05
0.000107153
0.000124269
0.000143721
0.000165595
0.000189887
0.000216479
0.000245116
0.000275391
0.000306748
0.000338502
0.000369889
0.000400134
0.000428532
0.000454538
0.000477838
0.000498396
0.000516459
0.000532519
0.000547252
0.000561422
0.000575787
0.000591016
0.00060762
0.000625901
0.000645937
0.000667564
0.000690387
0.000713773
0.000736839
0.000758452
0.000777341
0.000791094
0.000797183
0.00079724
0.000786627
0.00076331
0.000726123
0.000674711
0.000610038
0.000534667
0.000452759
0.000369646
0.000290978
0.000221761
0.000165736
0.00012566
0.000105732
0.000115893
0.000225052
2.05836e-05
1.00047e-05
7.44327e-06
6.64714e-06
6.57847e-06
6.91979e-06
7.54607e-06
8.39686e-06
9.44612e-06
1.0687e-05
1.21266e-05
1.37833e-05
1.56871e-05
1.7879e-05
2.04121e-05
2.33528e-05
2.67816e-05
3.07953e-05
3.55077e-05
4.10514e-05
4.75784e-05
5.52607e-05
6.42886e-05
7.48682e-05
8.72153e-05
0.000101546
0.000118064
0.00013694
0.000158289
0.000182144
0.000208421
0.000236899
0.000267193
0.000298755
0.000330886
0.00036278
0.000393596
0.000422543
0.000448982
0.000472511
0.000493025
0.000510732
0.00052613
0.00053993
0.000552959
0.00056606
0.000579988
0.000595344
0.000612531
0.000631724
0.000652883
0.000675759
0.000699913
0.000724725
0.000749372
0.000772836
0.000793934
0.000810937
0.000820772
0.000823788
0.000818291
0.000800247
0.000768136
0.00072096
0.000658927
0.000583899
0.000499641
0.000411613
0.000326184
0.000249481
0.000186437
0.000140776
0.000117689
0.000127954
0.000247531
2.29957e-05
1.11578e-05
8.26095e-06
7.32388e-06
7.19102e-06
7.51122e-06
8.14634e-06
9.03089e-06
1.01366e-05
1.14565e-05
1.29986e-05
1.47838e-05
1.68453e-05
1.92291e-05
2.19945e-05
2.52154e-05
2.89818e-05
3.34015e-05
3.86011e-05
4.47276e-05
5.19491e-05
6.0454e-05
7.04492e-05
8.21551e-05
9.57977e-05
0.000111596
0.000129745
0.00015039
0.000173601
0.00019934
0.000227429
0.000257522
0.000289098
0.000321463
0.000353792
0.000385189
0.000414783
0.000441831
0.000465821
0.000486551
0.00050416
0.000519111
0.000532124
0.000544073
0.000555867
0.000568346
0.00058219
0.000597877
0.000615672
0.000635615
0.000657559
0.000681198
0.000706083
0.000731645
0.000757166
0.000781775
0.000804462
0.000823763
0.000837336
0.000843128
0.00084232
0.000829979
0.000803786
0.000762135
0.000704412
0.00063158
0.000546699
0.000455048
0.000363522
0.00027938
0.000208933
0.00015713
0.000130405
0.000140419
0.00027044
2.55426e-05
1.23765e-05
9.12835e-06
8.04683e-06
7.85167e-06
8.15596e-06
8.80734e-06
9.73495e-06
1.09081e-05
1.23195e-05
1.39781e-05
1.59075e-05
1.81446e-05
2.07404e-05
2.37609e-05
2.72881e-05
3.14219e-05
3.62815e-05
4.20066e-05
4.8759e-05
5.67221e-05
6.61003e-05
7.71147e-05
8.9997e-05
0.000104978
0.000122273
0.000142057
0.000164438
0.000189426
0.000216895
0.000246555
0.000277928
0.000310352
0.000343
0.000374946
0.000405246
0.000433055
0.000457741
0.000478977
0.000496798
0.000511597
0.000524071
0.000535114
0.000545697
0.000556734
0.000568998
0.000583037
0.000599172
0.000617529
0.000638022
0.000660425
0.000684398
0.000709514
0.000735262
0.000761053
0.000786182
0.000809821
0.000830708
0.000847369
0.000856677
0.000859229
0.000852684
0.000832848
0.000797621
0.000745598
0.000676715
0.000593041
0.000499305
0.000402631
0.000311324
0.000233219
0.000174756
0.000143924
0.000153331
0.000293852
2.82321e-05
1.36641e-05
1.00472e-05
8.81663e-06
8.56026e-06
8.8532e-06
9.52787e-06
1.05075e-05
1.17587e-05
1.32736e-05
1.50625e-05
1.71514e-05
1.95813e-05
2.24084e-05
2.57058e-05
2.95639e-05
3.40929e-05
3.94236e-05
4.57092e-05
5.31256e-05
6.18711e-05
7.21642e-05
8.42379e-05
9.83308e-05
0.000114673
0.000133465
0.000154854
0.000178896
0.000205526
0.000234516
0.000265453
0.000297725
0.000330531
0.000362937
0.000393949
0.00042263
0.000448219
0.000470248
0.000488617
0.000503613
0.000515872
0.000526283
0.000535848
0.000545585
0.000556354
0.000568728
0.000583144
0.000599789
0.000618645
0.000639518
0.00066213
0.000686132
0.000711137
0.000736717
0.000762391
0.000787616
0.000811721
0.000833662
0.000852304
0.000865253
0.000870583
0.000869104
0.000855629
0.000827246
0.000781893
0.000718461
0.000637796
0.000543687
0.000443086
0.000345139
0.000259274
0.000193692
0.000158295
0.000166733
0.000317841
3.10727e-05
1.50244e-05
1.10196e-05
9.63431e-06
9.31716e-06
9.60278e-06
1.03075e-05
1.13477e-05
1.26873e-05
1.43177e-05
1.62502e-05
1.85135e-05
2.11526e-05
2.42295e-05
2.78243e-05
3.20365e-05
3.69863e-05
4.28165e-05
4.96933e-05
5.78064e-05
6.73677e-05
7.86075e-05
9.17673e-05
0.000107087
0.00012479
0.000145053
0.000167982
0.00019357
0.000221662
0.00025192
0.000283801
0.000316559
0.000349278
0.000380942
0.000410538
0.000437186
0.000460266
0.000479517
0.000495085
0.000507506
0.000517625
0.000526467
0.000535186
0.000544557
0.000555349
0.000568115
0.000583095
0.000600287
0.000619601
0.000640753
0.000663433
0.000687303
0.000712031
0.000737273
0.000762647
0.00078774
0.000811997
0.000834526
0.000854354
0.000870038
0.000878417
0.000880399
0.000872899
0.000851272
0.000813045
0.000756175
0.00068015
0.000587452
0.000484388
0.000380593
0.000287053
0.000213971
0.00017357
0.000180669
0.000342478
3.40733e-05
1.64613e-05
1.20478e-05
1.05013e-05
1.01232e-05
1.04051e-05
1.11463e-05
1.22557e-05
1.36939e-05
1.54514e-05
1.75405e-05
1.99924e-05
2.28565e-05
2.62006e-05
3.01121e-05
3.46994e-05
4.00932e-05
4.64479e-05
5.39422e-05
6.27786e-05
7.31807e-05
8.5388e-05
9.96462e-05
0.000116192
0.000135231
0.00015691
0.000181282
0.000208263
0.000237601
0.000268838
0.000301305
0.000334133
0.000366315
0.000396792
0.000424581
0.000448912
0.000469347
0.000485861
0.00049885
0.00050907
0.000517543
0.000525481
0.000533651
0.00054306
0.0005543
0.000567718
0.000583374
0.000601201
0.000620981
0.00064239
0.000665109
0.00068883
0.000713268
0.000738143
0.000763157
0.00078799
0.000812176
0.000834952
0.000855516
0.000872741
0.000884049
0.000888379
0.000885804
0.000870373
0.000839174
0.000789473
0.000719402
0.00062985
0.000525964
0.000417384
0.000316471
0.000235614
0.000189792
0.00019518
0.000367823
3.72434e-05
1.79793e-05
1.31344e-05
1.14193e-05
1.09795e-05
1.12611e-05
1.20449e-05
1.32319e-05
1.47787e-05
1.66747e-05
1.89329e-05
2.15873e-05
2.46914e-05
2.83188e-05
3.25646e-05
3.75459e-05
4.34039e-05
5.03041e-05
5.84369e-05
6.80161e-05
7.9275e-05
9.24589e-05
0.000107813
0.000125563
0.000145892
0.000168905
0.000194591
0.000222782
0.000253119
0.000285026
0.000317713
0.00035021
0.000381449
0.000410372
0.000436074
0.000457937
0.00047574
0.000489701
0.000500451
0.000508943
0.000516408
0.00052368
0.000531891
0.000541765
0.000553747
0.000567987
0.000584449
0.000603024
0.000623328
0.000645054
0.000667885
0.000691546
0.000715791
0.000740393
0.000765114
0.000789693
0.000813725
0.000836534
0.000857428
0.000875413
0.000888802
0.000895051
0.000895748
0.000885582
0.000860772
0.00081828
0.000755032
0.000670167
0.000567189
0.000455138
0.0003474
0.000258628
0.000206995
0.000210303
0.000393925
4.05932e-05
1.95828e-05
1.42823e-05
1.23901e-05
1.18877e-05
1.21718e-05
1.30044e-05
1.42772e-05
1.59426e-05
1.79881e-05
2.04277e-05
2.32974e-05
2.66553e-05
3.05809e-05
3.51766e-05
4.05685e-05
4.69074e-05
5.43697e-05
6.31562e-05
7.34903e-05
8.5612e-05
9.97688e-05
0.0001162
0.000135115
0.000156665
0.000180904
0.000207749
0.000236941
0.000268013
0.000300272
0.000332824
0.000364623
0.000394577
0.000421671
0.000445121
0.000464499
0.000479811
0.000491513
0.000500438
0.000507827
0.00051453
0.000521781
0.000530453
0.000541131
0.00055406
0.000569282
0.000586777
0.000606174
0.00062711
0.00064927
0.000672353
0.000696108
0.000720328
0.000744827
0.000769408
0.000793849
0.00081777
0.000840546
0.000861526
0.000879788
0.000894162
0.000902026
0.000904381
0.00089821
0.000878683
0.000842864
0.000786761
0.000707789
0.000607415
0.000493413
0.000379657
0.000283003
0.000225193
0.000226065
0.000420823
4.41333e-05
2.12769e-05
1.54946e-05
1.34162e-05
1.28494e-05
1.31389e-05
1.40262e-05
1.53931e-05
1.71866e-05
1.93925e-05
2.20248e-05
2.51221e-05
2.87465e-05
3.29833e-05
3.79424e-05
4.37583e-05
5.05912e-05
5.86272e-05
6.80762e-05
7.91689e-05
9.21492e-05
0.000107262
0.000124737
0.000144759
0.000167439
0.000192773
0.000220602
0.00025057
0.000282103
0.000314403
0.000346491
0.000377277
0.000405678
0.000430769
0.000451919
0.00046891
0.000481981
0.000491801
0.000499515
0.000506011
0.000512591
0.000520258
0.000529757
0.000541469
0.000555531
0.000572044
0.000590644
0.000610972
0.000632667
0.000655405
0.000678902
0.000702933
0.000727325
0.000751928
0.000776575
0.000801067
0.000825032
0.000847851
0.000868866
0.000887177
0.000901761
0.000910377
0.000913498
0.000909734
0.000894045
0.00086383
0.000814601
0.000742262
0.00064602
0.000531714
0.000413002
0.000308715
0.000244362
0.000242495
0.000448537
4.78761e-05
2.30667e-05
1.67745e-05
1.44996e-05
1.38665e-05
1.4164e-05
1.5112e-05
1.6581e-05
1.85122e-05
2.08887e-05
2.37245e-05
2.70604e-05
3.09624e-05
3.55217e-05
4.0855e-05
4.71051e-05
5.44408e-05
6.30566e-05
7.317e-05
8.50165e-05
9.88403e-05
0.00011488
0.000133349
0.000154401
0.000178103
0.000204386
0.000233008
0.000263518
0.000295241
0.000327292
0.000358627
0.000388144
0.000414812
0.000437824
0.000456732
0.000471534
0.000482692
0.000491159
0.000497879
0.000504122
0.000511026
0.000519492
0.000530071
0.000543017
0.00055858
0.000576432
0.000596238
0.000617615
0.000640193
0.000663646
0.000687709
0.000712186
0.000736939
0.000761853
0.000786789
0.000811566
0.00083581
0.000858878
0.000880051
0.000898371
0.000912799
0.00092136
0.000924592
0.000921677
0.000908194
0.000882094
0.00083888
0.000773353
0.000682453
0.000569514
0.000447137
0.000335675
0.000264503
0.000259606
0.000477077
5.18329e-05
2.49577e-05
1.81254e-05
1.56431e-05
1.49413e-05
1.52493e-05
1.62638e-05
1.78429e-05
1.99209e-05
2.24777e-05
2.55269e-05
2.91112e-05
3.33003e-05
3.81909e-05
4.39065e-05
5.05973e-05
5.84399e-05
6.76359e-05
7.84083e-05
9.09947e-05
0.000105636
0.000122561
0.00014196
0.000163952
0.000188552
0.000215623
0.000244839
0.000275659
0.000307316
0.000338856
0.000369199
0.000397263
0.000422101
0.000443054
0.000459867
0.000472756
0.000482408
0.000489827
0.00049613
0.000502565
0.000510186
0.000519731
0.000531579
0.000546172
0.000563257
0.000582543
0.000603652
0.000626174
0.00064973
0.000674001
0.000698744
0.000723797
0.00074906
0.00077446
0.000799895
0.000825205
0.000850014
0.000873639
0.000895262
0.000913783
0.000928002
0.000935993
0.000938871
0.000935482
0.000922563
0.000898807
0.000860227
0.000801082
0.000716292
0.000606288
0.000481712
0.000363745
0.000285616
0.000277406
0.000506442
5.60154e-05
2.69552e-05
1.95507e-05
1.68491e-05
1.60759e-05
1.63969e-05
1.74837e-05
1.91806e-05
2.14142e-05
2.41604e-05
2.74318e-05
3.12727e-05
3.57564e-05
4.09847e-05
4.70873e-05
5.42213e-05
6.257e-05
7.23406e-05
8.37591e-05
9.70629e-05
0.000112486
0.000130242
0.000150494
0.000173323
0.000198686
0.000226377
0.000255988
0.000286893
0.000318252
0.000349059
0.000378229
0.000404729
0.000427723
0.000446716
0.000461655
0.000472946
0.000481518
0.000488311
0.000494642
0.000501664
0.000510313
0.000521095
0.000534665
0.00055091
0.000569606
0.000590402
0.000612874
0.000636593
0.000661174
0.000686311
0.00071179
0.000737488
0.000763353
0.000789366
0.000815474
0.000841549
0.000867229
0.000891786
0.000914285
0.000933429
0.000947657
0.00095495
0.00095722
0.000952409
0.000938562
0.000915272
0.00087954
0.000825747
0.000747287
0.000641548
0.000516344
0.000392762
0.000307672
0.000295894
0.000536618
6.04364e-05
2.90649e-05
2.10543e-05
1.81206e-05
1.72729e-05
1.76092e-05
1.87741e-05
2.05964e-05
2.29938e-05
2.59375e-05
2.94387e-05
3.35428e-05
3.83262e-05
4.38958e-05
5.03869e-05
5.79624e-05
6.68111e-05
7.71441e-05
8.91887e-05
0.000103178
0.000119338
0.00013786
0.000158878
0.00018243
0.000208414
0.000236555
0.000266368
0.000297153
0.000328012
0.000357911
0.000385787
0.000410681
0.00043189
0.000449096
0.000462441
0.000472557
0.000480326
0.000486968
0.000493719
0.000501671
0.000511461
0.000523963
0.000539269
0.000557247
0.000577609
0.000599944
0.000623791
0.000648704
0.000674299
0.000700289
0.000726492
0.000752835
0.000779328
0.000806019
0.000832921
0.000859956
0.000886795
0.000912683
0.000936572
0.000956975
0.000971635
0.000978526
0.000980164
0.000973445
0.000957476
0.000932838
0.000897917
0.000847912
0.000775397
0.000674883
0.000550628
0.000422531
0.000330619
0.000315064
0.000567581
6.51091e-05
3.12929e-05
2.26398e-05
1.94605e-05
1.8535e-05
1.88888e-05
2.01373e-05
2.20923e-05
2.46612e-05
2.78097e-05
3.15467e-05
3.59185e-05
4.10046e-05
4.69159e-05
5.3793e-05
6.18038e-05
7.11412e-05
8.20184e-05
9.46614e-05
0.000109297
0.000126138
0.000145353
0.000167042
0.000191197
0.000217658
0.000246083
0.000275918
0.000306401
0.000336595
0.000365461
0.000391981
0.000415294
0.000434843
0.000450483
0.000462525
0.000471777
0.000479212
0.000486085
0.000493597
0.000502574
0.000514011
0.000528282
0.000545386
0.000565137
0.000587172
0.000611027
0.000636207
0.000662254
0.000688792
0.000715555
0.000742404
0.000769327
0.000796407
0.000823776
0.000851531
0.000879666
0.000907908
0.000935504
0.000961309
0.000983652
0.000999583
0.00100666
0.00100786
0.000999244
0.000980367
0.000952798
0.000916573
0.000868372
0.000800804
0.000705997
0.000584166
0.000452823
0.000354384
0.000334898
0.000599301
7.00478e-05
3.36454e-05
2.43114e-05
2.08719e-05
1.98649e-05
2.02384e-05
2.15762e-05
2.36708e-05
2.64181e-05
2.97772e-05
3.37545e-05
3.83965e-05
4.37852e-05
5.00355e-05
5.72922e-05
6.57275e-05
7.55369e-05
8.69339e-05
0.000100141
0.000115377
0.000132836
0.000152663
0.000174923
0.000199558
0.000226355
0.000254907
0.000284602
0.00031463
0.000344034
0.000371793
0.000396954
0.000418769
0.000436832
0.000451171
0.00046228
0.000470984
0.00047845
0.00048589
0.000494295
0.000504755
0.000517943
0.000534024
0.000552961
0.000574479
0.000598145
0.000623448
0.000649866
0.000676933
0.000704284
0.000731682
0.000759044
0.000786424
0.000813993
0.000841982
0.000870589
0.0008999
0.000929723
0.000959344
0.000987548
0.00101249
0.00103082
0.00103894
0.00104015
0.0010301
0.00100802
0.0009763
0.000936753
0.0008881
0.000823916
0.000734736
0.00061658
0.000483386
0.000378876
0.000355372
0.000631737
7.52669e-05
3.61291e-05
2.60733e-05
2.23581e-05
2.12658e-05
2.1661e-05
2.30933e-05
2.5334e-05
2.82657e-05
3.18401e-05
3.60602e-05
4.09723e-05
4.66608e-05
5.32439e-05
6.08701e-05
6.97145e-05
7.9974e-05
9.18607e-05
0.000105591
0.000121373
0.000139382
0.000159737
0.000182463
0.000207458
0.000234455
0.000262991
0.000292408
0.000321862
0.000350394
0.000377021
0.00040087
0.000421317
0.000438107
0.000451424
0.000461886
0.000470434
0.000478261
0.000486431
0.000496122
0.000508254
0.000523212
0.00054114
0.000561896
0.000585126
0.000610333
0.000636964
0.000664477
0.000692401
0.000720389
0.000748244
0.000775941
0.000803615
0.000831534
0.000860035
0.000889437
0.000919931
0.000951437
0.000983318
0.00101433
0.00104246
0.00106437
0.00107468
0.00107653
0.00106595
0.00104088
0.00100428
0.000959647
0.000908182
0.000845344
0.000761112
0.000647546
0.000513944
0.000403983
0.000376453
0.00066484
8.07819e-05
3.87507e-05
2.79298e-05
2.39226e-05
2.27408e-05
2.31596e-05
2.46915e-05
2.70842e-05
3.02054e-05
3.3998e-05
3.84613e-05
4.36412e-05
4.96236e-05
5.65298e-05
6.45111e-05
7.37447e-05
8.44275e-05
9.67684e-05
0.000110977
0.000127247
0.000145733
0.000166527
0.000189616
0.000214855
0.000241927
0.000270324
0.000299348
0.000328144
0.000355764
0.000381279
0.000403909
0.000423157
0.000438911
0.000451496
0.000461638
0.000470345
0.00047871
0.000487957
0.000499186
0.000513006
0.000529778
0.000549539
0.000572056
0.000596898
0.000623514
0.000651314
0.000679738
0.000708322
0.000736741
0.000764846
0.000792679
0.000820462
0.000848563
0.000877437
0.000907529
0.000939155
0.000972363
0.00100664
0.00104076
0.00107263
0.00109903
0.00111298
0.00111632
0.00110641
0.00107907
0.00103739
0.000986311
0.000929738
0.000865867
0.000785309
0.000676808
0.000544214
0.000429577
0.000398096
0.000698554
8.6609e-05
4.15176e-05
2.98855e-05
2.5569e-05
2.42932e-05
2.47375e-05
2.63739e-05
2.89237e-05
3.22382e-05
3.62504e-05
4.09551e-05
4.63974e-05
5.26647e-05
5.98807e-05
6.8199e-05
7.77977e-05
8.88726e-05
0.000101628
0.000116264
0.000132959
0.000151849
0.000172994
0.000196347
0.000221721
0.000248757
0.000276911
0.00030546
0.000333547
0.000360254
0.000384719
0.00040626
0.000424504
0.000439472
0.000451611
0.000461715
0.000470778
0.000480025
0.000490634
0.000503425
0.000518985
0.000537567
0.000559105
0.000583282
0.000609598
0.000637455
0.000666231
0.000695358
0.000724383
0.000753014
0.000781155
0.000808921
0.000836623
0.000864733
0.000893824
0.000924469
0.000957122
0.000991977
0.00102868
0.0010661
0.00110216
0.00113358
0.0011528
0.00115868
0.00115077
0.00112237
0.00107599
0.00101761
0.00095386
0.000886381
0.000807682
0.000704209
0.000573911
0.000455513
0.000420249
0.000732808
9.2765e-05
4.44372e-05
3.19452e-05
2.7301e-05
2.59266e-05
2.63979e-05
2.81433e-05
3.08548e-05
3.43649e-05
3.85962e-05
4.35381e-05
4.92347e-05
5.57748e-05
6.32838e-05
7.19172e-05
8.18531e-05
9.32849e-05
0.000106411
0.000121421
0.000138478
0.000157696
0.000179106
0.000202629
0.000228041
0.000254948
0.000282779
0.000310799
0.000338162
0.000363992
0.000387502
0.000408111
0.000425565
0.000439997
0.000451938
0.000462234
0.000471986
0.000482394
0.000494409
0.00050883
0.000526139
0.000546483
0.000569703
0.000595404
0.000623025
0.000651927
0.000681468
0.000711077
0.000740319
0.000768945
0.000796917
0.000824426
0.00085187
0.000879824
0.000908974
0.000940022
0.000973562
0.00100994
0.001049
0.00108975
0.00113019
0.00116704
0.00119302
0.00120272
0.00119815
0.00117028
0.00112014
0.00105418
0.000981541
0.000907846
0.000828741
0.000729696
0.000602762
0.000481634
0.000442848
0.000767524
9.92677e-05
4.75173e-05
3.41138e-05
2.91225e-05
2.76445e-05
2.81445e-05
3.0003e-05
3.28795e-05
3.65863e-05
4.10339e-05
4.62064e-05
5.21465e-05
5.8944e-05
6.67261e-05
7.56494e-05
8.58912e-05
9.76415e-05
0.000111092
0.000126421
0.000143776
0.000163248
0.000184843
0.000208451
0.000233818
0.000260521
0.000287973
0.000315438
0.000342094
0.000367116
0.000389795
0.000409651
0.000426535
0.000440681
0.000452681
0.000463454
0.000474144
0.000485787
0.000499295
0.000515371
0.000534395
0.000556416
0.000581189
0.000608249
0.000636984
0.000666721
0.000696805
0.000726673
0.00075592
0.000784341
0.000811963
0.00083905
0.000866087
0.000893744
0.000922811
0.00095411
0.000988375
0.00102611
0.00106736
0.00111133
0.00115618
0.00119861
0.00123244
0.00124766
0.00124747
0.00122203
0.00116959
0.00109637
0.00101363
0.000931233
0.000849118
0.000753337
0.000630523
0.000507772
0.000465817
0.00080261
0.000106136
5.0766e-05
3.63964e-05
3.10378e-05
2.9451e-05
2.9981e-05
3.19561e-05
3.50002e-05
3.8903e-05
4.35621e-05
4.89559e-05
5.51257e-05
6.21624e-05
7.01947e-05
7.93796e-05
8.98933e-05
0.000101922
0.000115649
0.000131241
0.000148831
0.000168488
0.000190194
0.000213814
0.000239067
0.000265512
0.000292554
0.000319467
0.000345461
0.00036977
0.000391764
0.000411058
0.0004276
0.000441704
0.00045402
0.000465495
0.000477256
0.000490239
0.000505282
0.000522997
0.000543668
0.000567249
0.00059342
0.000621653
0.000651295
0.00068165
0.000712059
0.000741978
0.000771037
0.000799082
0.000826205
0.000852743
0.000879261
0.000906512
0.000935379
0.000966792
0.00100162
0.00104051
0.00108372
0.0011307
0.00117982
0.00122787
0.00126956
0.00129296
0.00129757
0.00127666
0.00122383
0.0011443
0.00105079
0.00095747
0.00086954
0.000775318
0.000656985
0.000533754
0.000489072
0.00083796
0.000113388
5.41921e-05
3.87985e-05
3.3051e-05
3.135e-05
3.19111e-05
3.40059e-05
3.72188e-05
4.13152e-05
4.61788e-05
5.17821e-05
5.81653e-05
6.54202e-05
7.36771e-05
8.30932e-05
9.38429e-05
0.000106107
0.000120063
0.000135865
0.000153629
0.000173407
0.00019516
0.00021873
0.000243818
0.000269973
0.000296598
0.000322987
0.000348391
0.000372104
0.000393574
0.000412505
0.000428925
0.000443214
0.000456056
0.000468409
0.000481377
0.000495761
0.000512344
0.00053165
0.000553868
0.000578868
0.00060626
0.000635468
0.000665805
0.000696563
0.000727092
0.000756873
0.000785579
0.000813113
0.00083963
0.000865534
0.000891461
0.000918236
0.000946821
0.000978237
0.00101347
0.00105331
0.00109822
0.00114791
0.00120104
0.00125466
0.00130381
0.00133706
0.00134773
0.00133312
0.00128209
0.00119778
0.00109346
0.000987396
0.000890787
0.000795938
0.000681992
0.000559403
0.000512515
0.000873458
0.000121046
5.78041e-05
4.13254e-05
3.51667e-05
3.33458e-05
3.39388e-05
3.61557e-05
3.95375e-05
4.38231e-05
4.8882e-05
5.46805e-05
6.12581e-05
6.8708e-05
7.71618e-05
8.6777e-05
9.77258e-05
0.000110185
0.000124322
0.000140282
0.000158166
0.000178009
0.000199755
0.000223228
0.000248117
0.000273968
0.000300192
0.000326109
0.000351015
0.000374267
0.000395386
0.000414153
0.000430664
0.000445347
0.0004589
0.000472279
0.000486524
0.000502351
0.000520446
0.000541266
0.000564907
0.000591164
0.00061959
0.000649566
0.000680388
0.000711345
0.000741806
0.000771288
0.000799512
0.000826438
0.000852282
0.000877512
0.000902821
0.000929093
0.000957353
0.000988694
0.0010242
0.00106479
0.00111112
0.00116317
0.00121992
0.00127877
0.00133498
0.0013789
0.00139722
0.00139028
0.00134345
0.0012564
0.00114189
0.00102173
0.000913648
0.000815596
0.000705444
0.000584542
0.000536041
0.000908973
0.00012913
6.16114e-05
4.39831e-05
3.73895e-05
3.54428e-05
3.60684e-05
3.84089e-05
4.19583e-05
4.64269e-05
5.16695e-05
5.76467e-05
6.43977e-05
7.20174e-05
8.06392e-05
9.04205e-05
0.000101532
0.000114144
0.000128418
0.000144488
0.000162444
0.000182305
0.000204001
0.000227345
0.000252021
0.000277574
0.000303435
0.000328953
0.000353471
0.000376408
0.000397352
0.000416151
0.000432954
0.000448219
0.000462642
0.000477166
0.000492714
0.000509997
0.000529551
0.000551784
0.000576705
0.000604043
0.000633305
0.000663845
0.000694948
0.000725916
0.000756146
0.000785197
0.000812844
0.000839104
0.000864252
0.000888807
0.000913512
0.000939297
0.000967228
0.000998455
0.00103413
0.00107531
0.00112279
0.00117683
0.00123673
0.00130031
0.00136311
0.00141743
0.00144557
0.00144699
0.00140684
0.00131951
0.00119608
0.00106104
0.000938887
0.000834775
0.00072731
0.000609003
0.000559531
0.000944363
0.000137663
6.56234e-05
4.67773e-05
3.97242e-05
3.76457e-05
3.83041e-05
4.0769e-05
4.44832e-05
4.91268e-05
5.45393e-05
6.06766e-05
6.75782e-05
7.53414e-05
8.41016e-05
9.40164e-05
0.000105254
0.000117981
0.000132352
0.000148491
0.000166477
0.000186319
0.000207936
0.000231135
0.000255598
0.000280881
0.000306434
0.000331643
0.000355898
0.000378673
0.000399621
0.00041864
0.00043592
0.00045193
0.000467353
0.000483087
0.000499988
0.00051869
0.000539631
0.000563153
0.000589194
0.000617428
0.000647326
0.000678228
0.000709422
0.000740232
0.000770092
0.000798612
0.000825621
0.000851194
0.000875656
0.000899575
0.000923729
0.000949078
0.000976719
0.00100783
0.00104363
0.00108525
0.00113364
0.00118929
0.00125186
0.00131961
0.00138859
0.00145176
0.00149232
0.00150228
0.00147116
0.00138627
0.00125578
0.00110576
0.000967217
0.000854018
0.00074763
0.000632624
0.000582861
0.000979473
0.000146667
6.98499e-05
4.9714e-05
4.21757e-05
3.99592e-05
4.06502e-05
4.32395e-05
4.71142e-05
5.19227e-05
5.74896e-05
6.37666e-05
7.07949e-05
7.86749e-05
8.75442e-05
9.75611e-05
0.000108892
0.000121699
0.000136131
0.000152304
0.000170289
0.000190086
0.000211609
0.000234662
0.000258932
0.000283989
0.000309307
0.00033431
0.000358434
0.000381208
0.000402333
0.000421751
0.000439674
0.000456567
0.000473091
0.000490089
0.000508363
0.000528427
0.000550661
0.000575331
0.000602321
0.00063126
0.000661598
0.000692668
0.000723777
0.00075428
0.000783658
0.000811574
0.000837914
0.000862808
0.000886629
0.000909981
0.000933669
0.00095867
0.000986093
0.00101714
0.00105304
0.00109502
0.00114411
0.00120104
0.00126578
0.00133706
0.0014115
0.0014826
0.00153603
0.00155573
0.0015353
0.0014557
0.00132056
0.00115605
0.00099929
0.000873904
0.000766518
0.000655258
0.000605896
0.00101414
0.000156167
7.43006e-05
5.27994e-05
4.47492e-05
4.23882e-05
4.31114e-05
4.58239e-05
4.98534e-05
5.48149e-05
6.05189e-05
6.69143e-05
7.40449e-05
8.20153e-05
9.09661e-05
0.000101056
0.000112451
0.000125309
0.000139773
0.000155954
0.000173916
0.000193655
0.000215082
0.000238004
0.000262115
0.000287005
0.000312176
0.000337088
0.000361222
0.000384153
0.000405626
0.000425609
0.000444323
0.000462218
0.00047992
0.000498221
0.000517842
0.000539208
0.000562623
0.000588292
0.000616052
0.000645506
0.00067609
0.000707147
0.000738011
0.000768078
0.000796884
0.000824147
0.000849813
0.000874063
0.000897311
0.00092019
0.000943522
0.000968291
0.000995603
0.00102666
0.00106271
0.00110499
0.00115464
0.00121255
0.00127901
0.00135317
0.00143225
0.00151036
0.00157601
0.00160691
0.00159822
0.0015267
0.0013898
0.0012119
0.0010357
0.000895014
0.000784151
0.000676774
0.000628494
0.00104819
0.000166185
7.89858e-05
5.60394e-05
4.74496e-05
4.49376e-05
4.56921e-05
4.85258e-05
5.27026e-05
5.78037e-05
6.36263e-05
7.01181e-05
7.73272e-05
8.53633e-05
9.43705e-05
0.000104509
0.000115943
0.000128828
0.000143304
0.000159477
0.000177406
0.000197087
0.000218431
0.00024125
0.000265254
0.000290051
0.000315173
0.000340117
0.000364405
0.000387652
0.000409632
0.000430333
0.000449971
0.00046897
0.000487908
0.000507521
0.000528452
0.000551035
0.000575511
0.000602022
0.000630375
0.000660156
0.0006908
0.000721674
0.000752147
0.000781669
0.000809831
0.000836415
0.000861422
0.00088508
0.000907841
0.00093036
0.000953467
0.000978142
0.00100548
0.00103666
0.00107292
0.00111552
0.00116565
0.00122431
0.00129206
0.00136848
0.00145141
0.0015357
0.0016117
0.00165569
0.00165896
0.00159816
0.00146269
0.0012732
0.00107696
0.000917904
0.000800769
0.000697059
0.000650505
0.00108143
0.000176747
8.39152e-05
5.94403e-05
5.02822e-05
4.76124e-05
4.83968e-05
5.13486e-05
5.5664e-05
6.08899e-05
6.68118e-05
7.33784e-05
8.06437e-05
8.87236e-05
9.77664e-05
0.000107934
0.000119389
0.000132287
0.000146763
0.000162922
0.000180822
0.000200457
0.000221744
0.000244505
0.000268465
0.000293255
0.000318437
0.000343543
0.000368131
0.000391846
0.000414488
0.000436046
0.000456723
0.000476907
0.000497125
0.000518044
0.000540225
0.000563931
0.000589339
0.000616533
0.000645301
0.000675224
0.000705753
0.000736285
0.000766239
0.000795121
0.000822586
0.000848478
0.000872852
0.000895985
0.000918358
0.000940642
0.00096367
0.000988407
0.00101592
0.00104738
0.00108397
0.00112695
0.00117752
0.00123677
0.00130547
0.00138357
0.00146952
0.00155902
0.00164339
0.00170175
0.00171683
0.00166901
0.00153829
0.00133966
0.00112326
0.000943132
0.000816675
0.000716024
0.000671774
0.00111366
0.000187878
8.90988e-05
6.30078e-05
5.32519e-05
5.04177e-05
5.12299e-05
5.42955e-05
5.87393e-05
6.40743e-05
7.00763e-05
7.66974e-05
8.39995e-05
9.21057e-05
0.000101169
0.000111353
0.000122821
0.000135726
0.000150203
0.000166354
0.000184239
0.000203855
0.000225127
0.000247888
0.00027188
0.000296761
0.00032212
0.000347521
0.000372553
0.000396886
0.000420331
0.000442874
0.00046469
0.000486124
0.000507649
0.000529851
0.000553214
0.000577936
0.00060414
0.000631858
0.000660867
0.000690756
0.000721003
0.000751048
0.000780365
0.000808527
0.000835253
0.000860451
0.000884232
0.000906913
0.000929003
0.000951185
0.000974286
0.000999254
0.00102713
0.00105902
0.00109609
0.00113954
0.00119058
0.00125034
0.00131971
0.001399
0.0014872
0.00158083
0.00167219
0.00174405
0.00177166
0.00173827
0.00161553
0.00141078
0.0011746
0.000971276
0.000832232
0.000733607
0.000692138
0.00114469
0.0001996
9.45461e-05
6.67476e-05
5.63636e-05
5.33581e-05
5.41955e-05
5.73696e-05
6.19306e-05
6.73583e-05
7.3422e-05
8.008e-05
8.74037e-05
9.55247e-05
0.000104601
0.000114798
0.00012628
0.000139199
0.000153688
0.000169852
0.000187751
0.000207391
0.000228702
0.000251534
0.000275649
0.000300726
0.000326384
0.000352217
0.000377836
0.00040293
0.000427311
0.000450951
0.000473993
0.000496728
0.00051957
0.000543021
0.000567488
0.000593116
0.000619976
0.000648061
0.000677141
0.000706828
0.000736637
0.00076606
0.000794637
0.000822008
0.000847963
0.000872473
0.000895704
0.00091801
0.000939926
0.000962142
0.000985476
0.00101085
0.00103927
0.00107179
0.00110951
0.00115359
0.00120517
0.00126539
0.00133526
0.00141531
0.00150505
0.0016018
0.00169886
0.00178241
0.00182323
0.00180509
0.0016933
0.00148593
0.00123108
0.00100285
0.000847828
0.000749764
0.000711428
0.00117427
0.000211937
0.000100266
7.06648e-05
5.96218e-05
5.6438e-05
5.72974e-05
6.05735e-05
6.52394e-05
7.07439e-05
7.6853e-05
8.35341e-05
9.08705e-05
9.90027e-05
0.000108094
0.000118313
0.000129822
0.000142774
0.000157303
0.000173514
0.000191474
0.000211192
0.000232613
0.000255601
0.000279937
0.000305327
0.000331413
0.000357813
0.000384159
0.00041015
0.000435591
0.00046043
0.000484769
0.000508844
0.000533
0.000557657
0.000583144
0.000609562
0.000636941
0.000665236
0.000694227
0.000723553
0.000752779
0.000781458
0.000809199
0.000835719
0.000860878
0.000884712
0.000907438
0.000929449
0.0009513
0.000973686
0.000997414
0.00102338
0.00105253
0.00108588
0.00112446
0.00116932
0.00122156
0.00128229
0.00135252
0.00143301
0.00152368
0.00162259
0.00172424
0.00181691
0.00187153
0.00186873
0.00177049
0.00156432
0.00129265
0.00103831
0.000863854
0.000764465
0.000729466
0.00120217
0.000224911
0.000106266
7.4764e-05
6.30304e-05
5.96614e-05
6.05386e-05
6.39091e-05
6.86672e-05
7.42337e-05
8.03751e-05
8.70715e-05
9.44196e-05
0.00010257
0.000111691
0.000121952
0.000133517
0.000146538
0.00016115
0.000177461
0.000195542
0.000215412
0.000237027
0.000260269
0.000284939
0.000310763
0.000337409
0.000364515
0.000391726
0.000418742
0.000445356
0.000471485
0.000497182
0.000522622
0.00054808
0.000573891
0.000600311
0.000627404
0.000655163
0.000683521
0.000712269
0.000741087
0.000769596
0.000797419
0.000824242
0.000849858
0.000874203
0.000897376
0.000919645
0.000941439
0.000963334
0.000986027
0.00101031
0.00103704
0.00106714
0.00110152
0.00114116
0.001187
0.00124006
0.00130136
0.00137191
0.00145258
0.00154363
0.00164382
0.00174874
0.00184821
0.00191682
0.00192862
0.00184606
0.00164499
0.00135912
0.00107783
0.000880742
0.000777703
0.000746069
0.00122814
0.000238541
0.000112553
7.90487e-05
6.65928e-05
6.30312e-05
6.39213e-05
6.73776e-05
7.22153e-05
7.7831e-05
8.39966e-05
9.07083e-05
9.8078e-05
0.000106266
0.000115446
0.000125787
0.000137454
0.000150598
0.000165355
0.000181836
0.000200118
0.000220231
0.000242142
0.00026575
0.000290875
0.000317266
0.000344609
0.000372558
0.000400768
0.000428931
0.000456823
0.000484323
0.000511427
0.000538248
0.000564986
0.000591894
0.000619161
0.000646814
0.000674821
0.0007031
0.000731464
0.000759638
0.000787309
0.000814178
0.00084001
0.00086468
0.000888199
0.00091073
0.000932593
0.000954251
0.000976297
0.000999431
0.00102443
0.00105211
0.00108334
0.00111898
0.00115988
0.00120691
0.00126095
0.00132293
0.00139379
0.00147447
0.00156546
0.0016661
0.00177304
0.00187753
0.00195848
0.0019847
0.0019191
0.00172688
0.00143008
0.00112151
0.00089898
0.000789507
0.00076106
0.0012519
0.000252844
0.000119133
8.35215e-05
7.03111e-05
6.65496e-05
6.74464e-05
7.09791e-05
7.58845e-05
8.15402e-05
8.7729e-05
9.44665e-05
0.000101881
0.000110142
0.000119427
0.000129907
0.000141742
0.000155085
0.000170071
0.000186815
0.0002054
0.000225864
0.000248192
0.000272293
0.000298009
0.000325105
0.000353287
0.000382219
0.000411557
0.000440986
0.000470253
0.000499192
0.000527746
0.000555955
0.000583945
0.000611891
0.000639917
0.000668021
0.00069615
0.00072422
0.00075207
0.000779481
0.000806209
0.000832039
0.000856821
0.000880513
0.000903204
0.00092512
0.00094663
0.000968234
0.000990541
0.00101425
0.00104011
0.00106892
0.00110148
0.00113857
0.00118095
0.00122937
0.00128457
0.00134734
0.00141855
0.0014991
0.00158967
0.00169005
0.00179785
0.0019058
0.00199657
0.00203692
0.00198889
0.00180886
0.00150503
0.00116965
0.000918911
0.000799933
0.000774262
0.00127317
0.000267832
0.000126008
8.81832e-05
7.41862e-05
7.0217e-05
7.11131e-05
7.47123e-05
7.96754e-05
8.53673e-05
9.15877e-05
9.83747e-05
0.000105873
0.000114263
0.000123722
0.00013442
0.000146515
0.000160157
0.000175483
0.000192608
0.000211622
0.000232573
0.000255455
0.000280195
0.00030665
0.000334602
0.00036377
0.000393826
0.000424423
0.000455229
0.00048596
0.000516403
0.000546438
0.000576037
0.000605248
0.000634172
0.000662873
0.000691324
0.000719462
0.000747205
0.000774429
0.000800973
0.000826673
0.000851397
0.000875086
0.000897785
0.000919657
0.000940994
0.000962215
0.000983851
0.00100653
0.00103094
0.00105782
0.00108793
0.00112199
0.00116072
0.00120477
0.00125476
0.00131128
0.00137497
0.00144656
0.0015269
0.00161673
0.00171622
0.00182384
0.00193379
0.0020316
0.00208532
0.00205485
0.00188978
0.00158326
0.00122255
0.000940726
0.000809059
0.000785508
0.00129167
0.000283512
0.000133179
9.3033e-05
7.82172e-05
7.4032e-05
7.49189e-05
7.85744e-05
8.35882e-05
8.93202e-05
9.55932e-05
0.00010247
0.000110114
0.000118709
0.000128437
0.000139462
0.000151938
0.000166011
0.000181815
0.00019947
0.000219067
0.000240664
0.000264265
0.00028981
0.00031717
0.000346141
0.000376452
0.000407777
0.000439762
0.000472055
0.000504334
0.000536339
0.000567883
0.000598867
0.000629268
0.000659112
0.000688411
0.000717118
0.000745164
0.000772481
0.000798986
0.000824584
0.00084919
0.000872765
0.000895341
0.000917048
0.000938128
0.000958936
0.00097994
0.0010017
0.00102486
0.0010501
0.00107815
0.0011097
0.00114544
0.00118597
0.00123185
0.00128356
0.00134154
0.00140625
0.00147824
0.00155827
0.00164711
0.00174515
0.00185159
0.00196209
0.00206444
0.00213004
0.00211651
0.00196855
0.00166387
0.00128014
0.000964851
0.00081702
0.000794636
0.0013071
0.000299885
0.000140643
9.80675e-05
8.24011e-05
7.7991e-05
7.88586e-05
8.25612e-05
8.76236e-05
9.34103e-05
9.97729e-05
0.000106802
0.000114676
0.000123584
0.000133706
0.000145199
0.000158211
0.00017288
0.00018934
0.000207707
0.000228077
0.000250512
0.000275024
0.000301566
0.000330018
0.000360188
0.000391809
0.000424555
0.000458062
0.000491951
0.000525862
0.000559482
0.00059256
0.000624927
0.000656487
0.000687199
0.00071703
0.000745914
0.000773787
0.000800602
0.000826321
0.000850919
0.000874396
0.000896806
0.000918274
0.000939017
0.000959353
0.0009797
0.00100057
0.00102256
0.00104631
0.00107251
0.00110185
0.00113498
0.00117252
0.00121499
0.00126282
0.00131636
0.00137587
0.00144164
0.00151403
0.00159365
0.00168123
0.00177732
0.00188168
0.00199128
0.00209599
0.00217129
0.00217357
0.0020441
0.00174579
0.00134216
0.000991677
0.000823991
0.000801503
0.00131916
0.000316944
0.000148392
0.00010328
8.6732e-05
8.20872e-05
8.29245e-05
8.66669e-05
9.17837e-05
9.7654e-05
0.000104164
0.000111433
0.000119653
0.000129016
0.000139694
0.000151836
0.000165579
0.000181055
0.000198388
0.000217694
0.000239066
0.000262569
0.000288222
0.000315983
0.000345742
0.000377311
0.000410427
0.000444758
0.000479925
0.000515523
0.000551151
0.000586441
0.00062108
0.000654829
0.000687524
0.000719065
0.000749376
0.000778382
0.000806025
0.000832289
0.000857186
0.000880764
0.000903112
0.000924375
0.000944772
0.000964607
0.000984272
0.00100425
0.00102509
0.00104741
0.00107188
0.00109915
0.00112989
0.00116471
0.00120414
0.00124861
0.00129845
0.00135385
0.00141491
0.0014817
0.00155441
0.00163348
0.00171952
0.00181315
0.0019146
0.00202195
0.00212721
0.00220925
0.00222587
0.00211556
0.00182784
0.00140812
0.00102161
0.000830202
0.000805622
0.00132738
0.000334675
0.000156417
0.000108662
9.12008e-05
8.63109e-05
8.71063e-05
9.08852e-05
9.60734e-05
0.000102076
0.000108818
0.000116449
0.000125169
0.000135168
0.000146607
0.000159625
0.000174346
0.000190887
0.000209364
0.000229884
0.000252538
0.000277387
0.000304451
0.000333694
0.000365006
0.000398204
0.000433021
0.000469119
0.000506099
0.000543528
0.000580963
0.000617984
0.000654217
0.000689357
0.000723177
0.000755523
0.000786286
0.000815383
0.000842772
0.000868471
0.000892549
0.000915128
0.000936384
0.000956558
0.000975959
0.000994975
0.00101407
0.00103378
0.00105471
0.00107748
0.00110276
0.00113121
0.00116343
0.00119999
0.00124135
0.00128784
0.00133966
0.00139686
0.00145936
0.00152706
0.00159991
0.00167819
0.00176237
0.00185305
0.00195078
0.00205461
0.00215852
0.00224456
0.00227343
0.00218223
0.00190879
0.0014773
0.00105513
0.000835971
0.000807151
0.00133104
0.00035305
0.000164701
0.000114199
9.57947e-05
9.06486e-05
9.13913e-05
9.52107e-05
0.000100504
0.000106712
0.000113806
0.000121959
0.000131378
0.000142245
0.000154706
0.000168883
0.000184884
0.00020281
0.000222761
0.000244833
0.000269107
0.000295637
0.000324438
0.000355472
0.000388628
0.00042372
0.000460475
0.000498544
0.000537509
0.000576907
0.000616254
0.000655079
0.000692952
0.000729508
0.000764464
0.000797617
0.000828832
0.000858024
0.000885174
0.000910338
0.000933644
0.00095529
0.00097554
0.000994725
0.00101324
0.00103157
0.00105022
0.0010698
0.00109093
0.00111426
0.00114045
0.00117013
0.00120388
0.00124218
0.00128542
0.00133384
0.0013875
0.00144631
0.00151004
0.00157838
0.00165108
0.00172823
0.00181013
0.0018973
0.00199054
0.00208965
0.00219037
0.00227782
0.00231623
0.00224348
0.00198738
0.00154908
0.00109228
0.00084159
0.000806796
0.00133121
0.000372032
0.00017322
0.000119873
0.000100497
9.50834e-05
9.57658e-05
9.9642e-05
0.000105097
0.000111621
0.000119229
0.000128116
0.000138488
0.000150514
0.000164319
0.000180005
0.000197659
0.000217359
0.000239189
0.000263223
0.000289527
0.00031814
0.000349068
0.000382262
0.000417605
0.000454902
0.000493873
0.000534152
0.000575302
0.00061683
0.000658216
0.00069894
0.000738523
0.000776545
0.000812674
0.00084667
0.000878375
0.000907711
0.000934684
0.000959391
0.000982024
0.00100285
0.00102223
0.00104057
0.00105836
0.00107614
0.00109451
0.00111409
0.00113554
0.00115953
0.00118668
0.00121761
0.00125284
0.0012928
0.00133778
0.00138791
0.00144314
0.00150324
0.00156781
0.00163635
0.00170844
0.00178397
0.00186306
0.00194612
0.00203409
0.00212736
0.00222317
0.0023095
0.00235439
0.00229879
0.00206234
0.00162256
0.00113307
0.000847234
0.000803691
0.00132703
0.000391573
0.000181945
0.00012566
0.000105285
9.95956e-05
0.000100218
0.000104187
0.000109895
0.000116891
0.000125231
0.000135124
0.000146771
0.000160319
0.000175867
0.000193491
0.00021325
0.000235201
0.000259397
0.000285889
0.000314716
0.000345898
0.00037942
0.000415215
0.000453155
0.000493028
0.000534543
0.000577317
0.000620891
0.000664747
0.000708328
0.000751078
0.000792471
0.000832043
0.000869423
0.000904338
0.00093662
0.000966198
0.000993107
0.00101749
0.0010396
0.00105979
0.00107847
0.00109615
0.0011134
0.00113081
0.00114904
0.00116876
0.00119063
0.00121532
0.00124344
0.00127556
0.00131214
0.00135354
0.00139997
0.00145144
0.0015078
0.00156867
0.0016335
0.00170163
0.00177246
0.00184572
0.00192132
0.00199957
0.00208145
0.00216781
0.0022571
0.00233998
0.00238841
0.00234732
0.00213244
0.00169659
0.00117743
0.000853242
0.000798023
0.00131815
0.00041161
0.000190838
0.000131529
0.000110136
0.000104165
0.000104742
0.00010887
0.000114971
0.000122654
0.000132016
0.000143268
0.000156592
0.000172109
0.000189888
0.00020997
0.000232385
0.000257158
0.000284308
0.000313852
0.000345795
0.000380127
0.000416801
0.000455727
0.000496751
0.000539646
0.000584098
0.000629709
0.000675999
0.000722425
0.000768404
0.000813347
0.000856692
0.000897943
0.000936695
0.000972657
0.00100565
0.00103563
0.00106264
0.00108689
0.00110869
0.00112844
0.00114665
0.00116389
0.00118079
0.00119801
0.00121625
0.0012362
0.00125853
0.0012839
0.00131288
0.00134601
0.00138367
0.00142616
0.00147357
0.00152583
0.00158266
0.00164356
0.00170785
0.00177473
0.00184345
0.00191358
0.00198485
0.00205745
0.0021324
0.00221079
0.00229212
0.00236934
0.00241844
0.00238854
0.00219643
0.00176978
0.00122513
0.00085997
0.000789962
0.00130464
0.000432064
0.000199853
0.000137445
0.00011502
0.000108774
0.000109346
0.000113748
0.000120447
0.000129117
0.000139877
0.000152933
0.000168436
0.000186472
0.000207071
0.000230239
0.000255969
0.000284246
0.000315049
0.00034835
0.000384114
0.000422284
0.000462775
0.00050546
0.000550154
0.0005966
0.000644463
0.000693325
0.000742687
0.000791987
0.000840621
0.000887977
0.000933468
0.000976576
0.00101688
0.00105406
0.00108797
0.00111854
0.00114589
0.00117024
0.00119196
0.00121152
0.0012295
0.00124652
0.00126326
0.00128044
0.00129878
0.00131899
0.00134173
0.00136763
0.00139725
0.00143104
0.00146934
0.00151233
0.00156004
0.00161229
0.00166869
0.00172864
0.00179135
0.00185589
0.00192142
0.00198736
0.00205327
0.0021193
0.00218639
0.00225585
0.0023279
0.00239747
0.00244444
0.00242271
0.00225246
0.00184048
0.00127572
0.000867774
0.000779694
0.00128662
0.000452845
0.000208933
0.000143363
0.000119911
0.000113415
0.000114068
0.000118928
0.000126524
0.000136583
0.000149234
0.000164654
0.000182953
0.000204171
0.000228299
0.0002553
0.000285121
0.000317703
0.000352976
0.000390861
0.000431266
0.00047408
0.000519166
0.000566348
0.000615399
0.000666026
0.000717867
0.000770479
0.000823348
0.000875896
0.000927507
0.000977556
0.00102545
0.00107064
0.00111272
0.00115136
0.00118641
0.00121783
0.00124577
0.00127049
0.0012924
0.00131203
0.00132999
0.00134698
0.00136371
0.00138093
0.00139936
0.00141973
0.00144269
0.00146882
0.00149864
0.00153253
0.00157077
0.00161346
0.00166052
0.00171169
0.00176649
0.00182423
0.00188403
0.0019449
0.00200594
0.00206642
0.00212581
0.0021842
0.0022425
0.00230209
0.00236373
0.00242394
0.00246613
0.00244958
0.00229928
0.00190682
0.00132844
0.000877044
0.000767429
0.00126434
0.000473844
0.000218008
0.000149236
0.000124788
0.000118102
0.000118993
0.0001246
0.000133516
0.000145505
0.000160677
0.000179159
0.000201004
0.000226201
0.000254694
0.000286395
0.000321203
0.000359007
0.000399683
0.000443089
0.000489067
0.000537441
0.000588009
0.000640533
0.000694734
0.000750274
0.000806755
0.000863708
0.000920603
0.000976852
0.00103183
0.00108492
0.00113552
0.00118309
0.00122721
0.00126758
0.00130404
0.00133659
0.00136538
0.00139073
0.00141307
0.00143298
0.00145111
0.00146817
0.00148492
0.00150212
0.00152049
0.00154075
0.00156351
0.00158934
0.00161867
0.00165184
0.00168905
0.00173031
0.00177547
0.00182419
0.00187592
0.00192991
0.00198524
0.00204087
0.00209591
0.00214949
0.00220107
0.00225074
0.0022993
0.00234819
0.00239849
0.00244794
0.00248298
0.00246873
0.00233575
0.00196678
0.00138213
0.000888111
0.000753358
0.00123805
0.000494934
0.000226994
0.000155011
0.00012965
0.000122891
0.000124292
0.000131082
0.000141912
0.000156545
0.000175037
0.000197437
0.000223729
0.000253837
0.000287651
0.000325031
0.000365824
0.000409862
0.00045696
0.000506906
0.000559468
0.000614396
0.000671411
0.000730204
0.00079043
0.000851698
0.000913565
0.000975534
0.00103705
0.00109753
0.00115635
0.00121288
0.00126654
0.00131682
0.00136328
0.00140566
0.0014438
0.00147773
0.00150761
0.0015338
0.00155675
0.00157706
0.0015954
0.00161251
0.00162914
0.00164606
0.00166399
0.00168361
0.0017055
0.00173018
0.00175804
0.00178935
0.00182421
0.00186261
0.0019043
0.00194891
0.00199582
0.00204427
0.00209332
0.002142
0.00218935
0.0022345
0.00227698
0.00231682
0.00235478
0.00239227
0.00243055
0.00246819
0.0024934
0.00247817
0.00236008
0.00201812
0.0014353
0.00090122
0.000737606
0.00120771
0.000515958
0.000235786
0.000160636
0.000134529
0.000127913
0.000130268
0.000138888
0.000152447
0.000170654
0.000193461
0.000220811
0.000252596
0.000288669
0.000328857
0.000372968
0.000420795
0.000472111
0.000526666
0.00058418
0.000644343
0.000706822
0.000771257
0.000837259
0.000904407
0.000972247
0.00104029
0.00110799
0.00117478
0.00124006
0.00130322
0.00136364
0.00142076
0.00147407
0.00152319
0.00156783
0.00160788
0.00164338
0.00167452
0.00170165
0.00172525
0.00174592
0.00176433
0.00178123
0.00179736
0.00181349
0.00183031
0.00184845
0.00186848
0.00189084
0.00191589
0.00194384
0.00197474
0.00200851
0.00204487
0.00208342
0.00212353
0.00216447
0.00220535
0.00224523
0.00228319
0.00231841
0.00235055
0.00237959
0.00240624
0.00243186
0.00245774
0.00248255
0.00249717
0.00248018
0.00237089
0.0020585
0.00148612
0.000916615
0.000720286
0.0011732
0.000536716
0.000244254
0.00016607
0.000139525
0.000133426
0.000137439
0.000148824
0.00016621
0.000189173
0.000217506
0.000251006
0.00028945
0.000332609
0.000380249
0.000432127
0.000487981
0.000547533
0.000610474
0.000676457
0.000745102
0.000815996
0.000888695
0.000962727
0.00103759
0.00111277
0.0011877
0.00126182
0.0013345
0.00140516
0.00147315
0.0015379
0.00159884
0.00165551
0.00170753
0.00175464
0.00179675
0.0018339
0.00186631
0.00189431
0.00191839
0.00193915
0.00195726
0.00197342
0.00198838
0.00200289
0.00201758
0.00203309
0.0020499
0.00206844
0.00208902
0.0021118
0.00213682
0.00216395
0.00219291
0.00222332
0.00225457
0.002286
0.00231679
0.00234611
0.00237311
0.00239711
0.00241791
0.00243542
0.00245033
0.00246391
0.00247679
0.00248859
0.00249379
0.00247285
0.00237174
0.00208422
0.00153225
0.000934336
0.000701445
0.00113406
0.000556926
0.000252235
0.000171302
0.000144851
0.000139899
0.000146652
0.000162118
0.00018477
0.000213954
0.000249224
0.000290186
0.000336486
0.000387809
0.000443862
0.000504356
0.000568993
0.000637454
0.000709389
0.000784401
0.000862054
0.000941869
0.00102333
0.00110589
0.00118897
0.00127199
0.00135431
0.00143531
0.00151436
0.00159081
0.00166404
0.00173346
0.00179852
0.00185876
0.00191384
0.00196351
0.00200768
0.00204641
0.0020799
0.0021085
0.00213268
0.00215301
0.00217013
0.00218473
0.00219754
0.00220931
0.00222057
0.00223197
0.00224393
0.00225688
0.00227109
0.00228671
0.00230379
0.00232219
0.00234166
0.00236188
0.00238233
0.00240241
0.00242146
0.00243876
0.00245361
0.00246544
0.00247435
0.00248
0.00248293
0.00248367
0.00248457
0.00248563
0.00248081
0.00245376
0.00235786
0.00209425
0.00157134
0.000954172
0.000681129
0.00109003
0.000576153
0.000259517
0.000176394
0.000150898
0.000148155
0.000159253
0.000180588
0.000210334
0.000247458
0.000291188
0.000340902
0.000396106
0.000456404
0.000521462
0.000590973
0.000664624
0.000742087
0.000822999
0.00090695
0.000993475
0.00108206
0.00117214
0.0012631
0.00135433
0.00144515
0.00153488
0.00162284
0.00170835
0.00179073
0.00186933
0.00194354
0.00201281
0.00207669
0.00213482
0.00218696
0.00223304
0.00227309
0.00230731
0.00233602
0.00235968
0.00237884
0.00239407
0.00240605
0.0024155
0.0024232
0.00242949
0.00243519
0.00244055
0.00244606
0.002452
0.00245854
0.00246575
0.00247354
0.00248172
0.00249006
0.00249816
0.00250557
0.00251175
0.00251617
0.00251823
0.00251755
0.00251423
0.00250737
0.00249844
0.00248915
0.0024799
0.00247024
0.00245568
0.00242173
0.00232933
0.0020915
0.00160075
0.000975405
0.000659299
0.00104071
0.000593648
0.000265838
0.000181582
0.000158284
0.000159586
0.000177296
0.000206849
0.000245868
0.000292763
0.000346368
0.000405816
0.000470489
0.000539946
0.00061386
0.000691948
0.000773934
0.00085953
0.000948408
0.00104019
0.00113443
0.00123063
0.00132819
0.00142651
0.0015249
0.00162267
0.00171907
0.00181338
0.00190485
0.00199275
0.00207638
0.00215511
0.00222835
0.00229562
0.00235655
0.00241089
0.00245852
0.00249947
0.00253391
0.00256212
0.00258454
0.00260169
0.00261405
0.00262229
0.00262719
0.00262963
0.0026295
0.00262813
0.00262532
0.00262188
0.00261806
0.00261404
0.00260998
0.00260587
0.00260163
0.00259714
0.00259217
0.00258638
0.00257941
0.00257071
0.0025598
0.00254654
0.00253155
0.00251468
0.00249639
0.00247739
0.00245849
0.00243935
0.00241626
0.00237631
0.00228597
0.00207022
0.0016151
0.000996677
0.00063622
0.000985488
0.000608126
0.000270862
0.000187413
0.000168017
0.000176464
0.000203824
0.000244472
0.000295057
0.000353314
0.000417651
0.000487004
0.00056071
0.000638373
0.000719756
0.000804684
0.000892993
0.0009845
0.00107898
0.00117614
0.0012756
0.00137692
0.00147957
0.00158293
0.00168635
0.00178909
0.0018904
0.00198949
0.00208557
0.00217783
0.00226553
0.00234796
0.00242449
0.00249458
0.0025578
0.00261387
0.0026626
0.002704
0.00273817
0.00276537
0.00278598
0.0028005
0.00280926
0.00281295
0.00281258
0.00280922
0.00280192
0.00279227
0.00278068
0.00276758
0.00275334
0.00273825
0.00272253
0.0027063
0.00268961
0.00267245
0.00265461
0.00263594
0.00261623
0.00259545
0.00257343
0.00254998
0.0025252
0.00249919
0.00247239
0.00244538
0.00241862
0.00239166
0.00236126
0.00231676
0.00222817
0.00203217
0.0016181
0.00101639
0.00061209
0.000923538
0.000617392
0.000274147
0.000194694
0.000182244
0.000202148
0.000243092
0.000297835
0.00036183
0.000432085
0.000506697
0.000584587
0.000665225
0.000748415
0.000834141
0.000922457
0.00101341
0.001107
0.00120317
0.00130178
0.00140256
0.00150519
0.00160922
0.00171411
0.00181923
0.00192388
0.00202729
0.00212864
0.0022271
0.00232181
0.00241195
0.00249673
0.00257545
0.00264749
0.00271233
0.0027696
0.00281907
0.00286063
0.00289436
0.00292043
0.00293918
0.00295108
0.00295609
0.00295536
0.00295072
0.00294082
0.00292666
0.0029094
0.00288944
0.00286728
0.00284335
0.00281805
0.00279171
0.00276454
0.00273668
0.00270821
0.00267925
0.00264981
0.00261982
0.00258919
0.00255786
0.00252582
0.00249316
0.00246002
0.0024267
0.00239356
0.00236078
0.00232777
0.00229156
0.00224315
0.00215732
0.00197874
0.00160573
0.00103089
0.000587142
0.000853104
0.000617951
0.000275218
0.000204757
0.000204479
0.00024157
0.000300269
0.000371288
0.000448905
0.000529679
0.000611781
0.000694477
0.000777672
0.000861603
0.000946652
0.00103322
0.00112165
0.0012122
0.001305
0.0014001
0.0014974
0.00159668
0.00169762
0.00179976
0.00190256
0.00200536
0.00210742
0.00220791
0.00230598
0.00240073
0.00249127
0.00257675
0.00265638
0.00272942
0.00279528
0.00285347
0.00290366
0.00294565
0.00297942
0.00300507
0.00302285
0.00303323
0.00303556
0.00303249
0.00302427
0.00300974
0.00299065
0.00296774
0.0029415
0.00291248
0.0028812
0.00284813
0.00281371
0.00277825
0.00274199
0.00270517
0.00266798
0.00263051
0.00259282
0.00255495
0.00251691
0.00247873
0.00244049
0.00240231
0.00236434
0.00232674
0.00228946
0.0022517
0.00221086
0.00215924
0.00207594
0.00191288
0.00157798
0.00103692
0.00056255
0.000771746
0.000603953
0.00027412
0.000219336
0.000240407
0.000300821
0.000380002
0.000466782
0.000554902
0.000641333
0.000725051
0.000806193
0.000885464
0.000963769
0.001042
0.00112095
0.00120128
0.00128349
0.00136789
0.00145468
0.00154392
0.00163551
0.00172924
0.00182474
0.00192156
0.00201911
0.00211668
0.0022135
0.00230871
0.0024014
0.00249067
0.0025756
0.00265528
0.00272891
0.00279579
0.00285534
0.0029071
0.00295075
0.00298614
0.00301328
0.0030323
0.00304361
0.00304643
0.00304325
0.00303456
0.00301895
0.00299825
0.00297316
0.00294419
0.00291191
0.00287693
0.00283973
0.00280081
0.00276058
0.00271943
0.00267763
0.00263545
0.00259306
0.00255059
0.00250814
0.00246579
0.00242358
0.00238157
0.0023398
0.00229831
0.00225705
0.00221575
0.00217351
0.00212812
0.00207295
0.00199055
0.00184049
0.00153871
0.00103659
0.000538534
0.000676532
0.000563343
0.00026998
0.000243477
0.000297135
0.000384886
0.000482972
0.000579984
0.00067099
0.000754782
0.000831991
0.000904066
0.000972682
0.00103943
0.00110568
0.00117255
0.00124089
0.00131136
0.00138431
0.0014601
0.00153898
0.00162093
0.00170568
0.00179293
0.00188231
0.00197332
0.00206533
0.00215762
0.00224937
0.00233969
0.00242766
0.00251233
0.00259278
0.00266813
0.00273755
0.00280034
0.0028559
0.0029038
0.00294372
0.00297556
0.00299929
0.00301514
0.00302289
0.00302269
0.00301758
0.00300539
0.0029871
0.00296392
0.00293624
0.00290459
0.00286958
0.00283182
0.00279185
0.00275013
0.00270715
0.00266319
0.00261857
0.00257352
0.00252824
0.00248287
0.00243752
0.00239223
0.00234702
0.00230188
0.00225671
0.00221134
0.00216533
0.00211776
0.0020656
0.00200328
0.00191662
0.0017723
0.0014956
0.00102835
0.000514437
0.000567243
0.00048142
0.000262043
0.000285726
0.000380942
0.00049369
0.000602462
0.000699457
0.000783553
0.000856437
0.000920704
0.000979034
0.00103384
0.00108714
0.00114051
0.00119523
0.00125218
0.00131196
0.00137502
0.00144167
0.00151204
0.00158614
0.00166392
0.00174517
0.00182953
0.00191655
0.00200569
0.00209628
0.00218758
0.00227874
0.00236885
0.00245694
0.00254205
0.00262322
0.00269951
0.00277007
0.00283416
0.00289113
0.00294051
0.00298186
0.00301501
0.00304001
0.00305675
0.00306547
0.00306615
0.00306105
0.00304904
0.00303109
0.00300749
0.00297888
0.00294598
0.00290943
0.00286986
0.00282775
0.00278362
0.00273781
0.00269069
0.00264258
0.00259369
0.00254421
0.00249422
0.00244376
0.00239277
0.00234112
0.00228857
0.00223475
0.002179
0.00212018
0.00205595
0.0019813
0.00188431
0.00173648
0.00146989
0.00102064
0.000491411
0.000453175
0.000349827
0.000259359
0.000358509
0.000497415
0.000627226
0.000737506
0.000827769
0.00090159
0.000963147
0.00101634
0.0010645
0.00111032
0.0011559
0.00120284
0.00125224
0.00130497
0.00136165
0.00142279
0.00148858
0.00155914
0.00163449
0.00171457
0.0017992
0.0018881
0.00198088
0.00207704
0.00217597
0.00227693
0.00237907
0.00248144
0.002583
0.00268267
0.00277932
0.00287183
0.00295913
0.00304021
0.00311415
0.0031802
0.00323774
0.00328629
0.00332562
0.00335541
0.00337599
0.00338736
0.00338782
0.00338309
0.00337119
0.0033506
0.00332326
0.00329016
0.00325207
0.00320963
0.00316345
0.00311402
0.00306189
0.00300749
0.00295118
0.00289323
0.00283381
0.00277299
0.0027107
0.00264678
0.00258093
0.00251268
0.00244138
0.00236603
0.00228508
0.0021958
0.00209305
0.00196559
0.00178757
0.00149701
0.0010299
0.000476648
0.000321122
0.000188536
0.000295552
0.000505897
0.000699161
0.000856206
0.000980009
0.00107759
0.00115599
0.00122143
0.00127893
0.0013324
0.00138488
0.0014387
0.0014956
0.0015568
0.00162318
0.00169539
0.00177389
0.001859
0.00195087
0.00204955
0.00215498
0.00226698
0.00238528
0.00250944
0.00263892
0.00277298
0.00291072
0.00305107
0.00319279
0.00333449
0.00347468
0.00361177
0.00374415
0.0038702
0.0039884
0.0040973
0.00419566
0.00428242
0.00435673
0.00441811
0.00446592
0.00450083
0.00452248
0.00452747
0.00452443
0.00451279
0.00448731
0.00445145
0.00440734
0.0043559
0.00429784
0.00423394
0.00416501
0.00409178
0.00401481
0.00393457
0.00385136
0.00376531
0.00367638
0.00358434
0.00348877
0.00338904
0.00328426
0.0031732
0.00305415
0.00292454
0.00278018
0.00261379
0.00241074
0.0021407
0.00173715
0.00114441
0.000488092
0.000163136
0.000117581
0.000587113
0.00107752
0.00147296
0.00177687
0.00201022
0.00219318
0.00234135
0.00246697
0.00257959
0.00268661
0.00279371
0.00290521
0.00302425
0.00315305
0.00329318
0.00344579
0.00361172
0.00379156
0.00398562
0.00419398
0.0044165
0.00465283
0.0049024
0.00516436
0.00543754
0.00572039
0.00601101
0.00630712
0.00660604
0.00690481
0.00720018
0.00748872
0.00776694
0.00803137
0.00827868
0.00850582
0.00871008
0.00888923
0.00904153
0.00916597
0.00926133
0.0093295
0.00936838
0.00937239
0.00936225
0.0093309
0.00926973
0.00918902
0.00909126
0.00897798
0.00885112
0.00871216
0.0085629
0.00840467
0.0082386
0.00806553
0.00788589
0.00769977
0.00750684
0.00730638
0.00709723
0.00687776
0.00664574
0.00639819
0.00613088
0.00583758
0.00550811
0.00512508
0.00465441
0.00403063
0.00312885
0.00190906
0.000714264
0.000112867
)
;

boundaryField
{
    movingWall
    {
        type            epsilonWallFunction;
        value           nonuniform List<scalar> 
75
(
0.000117581
0.000587113
0.00107752
0.00147296
0.00177687
0.00201022
0.00219318
0.00234135
0.00246697
0.00257959
0.00268661
0.00279371
0.00290521
0.00302425
0.00315305
0.00329318
0.00344579
0.00361172
0.00379156
0.00398562
0.00419398
0.0044165
0.00465283
0.0049024
0.00516436
0.00543754
0.00572039
0.00601101
0.00630712
0.00660604
0.00690481
0.00720018
0.00748872
0.00776694
0.00803137
0.00827868
0.00850582
0.00871008
0.00888923
0.00904153
0.00916597
0.00926133
0.0093295
0.00936838
0.00937239
0.00936225
0.0093309
0.00926973
0.00918902
0.00909126
0.00897798
0.00885112
0.00871216
0.0085629
0.00840467
0.0082386
0.00806553
0.00788589
0.00769977
0.00750684
0.00730638
0.00709723
0.00687776
0.00664574
0.00639819
0.00613088
0.00583758
0.00550811
0.00512508
0.00465441
0.00403063
0.00312885
0.00190906
0.000714264
0.000112867
)
;
    }
    fixedWalls
    {
        type            epsilonWallFunction;
        value           nonuniform List<scalar> 
225
(
4.32349e-07
8.16933e-07
1.73561e-06
2.83999e-06
4.09693e-06
5.48415e-06
6.98853e-06
8.60298e-06
1.03244e-05
1.21523e-05
1.40884e-05
1.61359e-05
1.82991e-05
2.05836e-05
2.29957e-05
2.55426e-05
2.82321e-05
3.10727e-05
3.40733e-05
3.72434e-05
4.05932e-05
4.41333e-05
4.78761e-05
5.18329e-05
5.60154e-05
6.04364e-05
6.51091e-05
7.00478e-05
7.52669e-05
8.07819e-05
8.6609e-05
9.2765e-05
9.92677e-05
0.000106136
0.000113388
0.000121046
0.00012913
0.000137663
0.000146667
0.000156167
0.000166185
0.000176747
0.000187878
0.0001996
0.000211937
0.000224911
0.000238541
0.000252844
0.000267832
0.000283512
0.000299885
0.000316944
0.000334675
0.00035305
0.000372032
0.000391573
0.00041161
0.000432064
0.000452845
0.000473844
0.000494934
0.000515958
0.000536716
0.000556926
0.000576153
0.000593648
0.000608126
0.000617392
0.000617951
0.000603953
0.000563343
0.00048142
0.000349827
0.000188536
0.000117581
6.32966e-06
1.19487e-05
2.52848e-05
4.10775e-05
5.86542e-05
7.74962e-05
9.72305e-05
0.000117595
0.000138417
0.000159623
0.000181135
0.000202936
0.000225052
0.000247531
0.00027044
0.000293852
0.000317841
0.000342478
0.000367823
0.000393925
0.000420823
0.000448537
0.000477077
0.000506442
0.000536618
0.000567581
0.000599301
0.000631737
0.00066484
0.000698554
0.000732808
0.000767524
0.00080261
0.00083796
0.000873458
0.000908973
0.000944363
0.000979473
0.00101414
0.00104819
0.00108143
0.00111366
0.00114469
0.00117427
0.00120217
0.00122814
0.0012519
0.00127317
0.00129167
0.0013071
0.00131916
0.00132738
0.00133104
0.00133121
0.00132703
0.00131815
0.00130464
0.00128662
0.00126434
0.00123805
0.00120771
0.0011732
0.00113406
0.00109003
0.00104071
0.000985488
0.000923538
0.000853104
0.000771746
0.000676532
0.000567243
0.000453175
0.000321122
0.000163136
0.000112867
4.32349e-07
2.92431e-06
6.50834e-06
1.07676e-05
1.55035e-05
2.05917e-05
2.59484e-05
3.152e-05
3.72791e-05
4.3223e-05
4.93729e-05
5.57724e-05
6.24866e-05
6.96001e-05
7.72161e-05
8.5454e-05
9.44484e-05
0.000104347
0.000115308
0.000127502
0.000141106
0.000156303
0.000173281
0.000192234
0.000213352
0.000236826
0.000262844
0.000291587
0.000323229
0.000357933
0.000395849
0.000437115
0.000481853
0.000530168
0.000582147
0.000637858
0.000697348
0.000760642
0.000827738
0.000898601
0.000973157
0.00105128
0.00113278
0.00121737
0.00130466
0.0013941
0.00148496
0.00157628
0.00166682
0.00175503
0.001839
0.00191641
0.00198452
0.00203994
0.00207748
0.00209434
0.00209503
0.00206818
0.0020123
0.00192715
0.0018136
0.0016742
0.00151342
0.00133747
0.00115376
0.00097014
0.000793961
0.000631262
0.000486187
0.000360784
0.000255184
0.000168122
9.77657e-05
4.29733e-05
6.32966e-06
)
;
    }
    frontAndBack
    {
        type            empty;
    }
}


// ************************************************************************* //
