/*--------------------------------*- C++ -*----------------------------------*\
  =========                 |
  \\      /  F ield         | OpenFOAM: The Open Source CFD Toolbox
   \\    /   O peration     | Website:  https://openfoam.org
    \\  /    A nd           | Version:  12
     \\/     M anipulation  |
\*---------------------------------------------------------------------------*/
FoamFile
{
    format      ascii;
    class       volScalarField;
    location    "5.5";
    object      k;
}
// * * * * * * * * * * * * * * * * * * * * * * * * * * * * * * * * * * * * * //

dimensions      [0 2 -2 0 0 0 0];

internalField   nonuniform List<scalar> 
5625
(
1.91999e-10
1.29864e-09
2.89025e-09
4.78173e-09
6.88484e-09
9.14442e-09
1.15233e-08
1.39975e-08
1.6555e-08
1.91947e-08
2.19257e-08
2.47677e-08
2.77494e-08
3.09084e-08
3.42906e-08
3.7949e-08
4.19433e-08
4.63391e-08
5.12071e-08
5.66223e-08
6.26635e-08
6.94123e-08
7.69526e-08
8.53692e-08
9.47476e-08
1.05172e-07
1.16727e-07
1.29492e-07
1.43544e-07
1.58955e-07
1.75794e-07
1.9412e-07
2.13988e-07
2.35445e-07
2.58529e-07
2.8327e-07
3.09689e-07
3.37798e-07
3.67595e-07
3.99066e-07
4.32176e-07
4.66871e-07
5.03064e-07
5.40632e-07
5.79397e-07
6.19118e-07
6.59469e-07
7.00023e-07
7.40233e-07
7.79408e-07
8.16698e-07
8.51079e-07
8.81325e-07
9.05937e-07
9.22608e-07
9.30095e-07
9.30401e-07
9.18478e-07
8.93663e-07
8.55848e-07
8.05419e-07
7.43512e-07
6.7211e-07
5.93969e-07
5.12384e-07
4.30837e-07
3.52596e-07
2.80342e-07
2.15914e-07
1.60223e-07
1.13326e-07
7.46624e-08
4.34173e-08
1.90842e-08
2.81098e-09
1.45115e-09
1.15651e-08
2.59339e-08
4.29767e-08
6.19157e-08
8.22584e-08
1.03671e-07
1.2594e-07
1.48956e-07
1.72708e-07
1.97281e-07
2.2285e-07
2.49675e-07
2.78094e-07
3.0852e-07
3.41429e-07
3.7736e-07
4.16901e-07
4.6069e-07
5.09403e-07
5.63749e-07
6.24462e-07
6.92297e-07
7.68017e-07
8.52392e-07
9.46184e-07
1.05014e-06
1.16499e-06
1.29142e-06
1.43009e-06
1.58159e-06
1.74649e-06
1.92525e-06
2.11831e-06
2.326e-06
2.54861e-06
2.78631e-06
3.03921e-06
3.30729e-06
3.59043e-06
3.88832e-06
4.20046e-06
4.52609e-06
4.86409e-06
5.21288e-06
5.57029e-06
5.93339e-06
6.29838e-06
6.66032e-06
7.01303e-06
7.34888e-06
7.65866e-06
7.93139e-06
8.15368e-06
8.3043e-06
8.36977e-06
8.37142e-06
8.26217e-06
8.03699e-06
7.69513e-06
7.24015e-06
6.68235e-06
6.03961e-06
5.3367e-06
4.60316e-06
3.87023e-06
3.16717e-06
2.51799e-06
1.93916e-06
1.43882e-06
1.01746e-06
6.69995e-07
3.88961e-07
1.69714e-07
2.12255e-08
3.08303e-09
2.64188e-08
5.96274e-08
9.9017e-08
1.42778e-07
1.89772e-07
2.39226e-07
2.90645e-07
3.43778e-07
3.98601e-07
4.55309e-07
5.14307e-07
5.76197e-07
6.41764e-07
7.11959e-07
7.8789e-07
8.70801e-07
9.62057e-07
1.06313e-06
1.1756e-06
1.30109e-06
1.44132e-06
1.59804e-06
1.77302e-06
1.96806e-06
2.18494e-06
2.4254e-06
2.69115e-06
2.98381e-06
3.30492e-06
3.6559e-06
4.03807e-06
4.45258e-06
4.90042e-06
5.38245e-06
5.89929e-06
6.45141e-06
7.039e-06
7.66202e-06
8.3201e-06
9.01244e-06
9.73775e-06
1.04941e-05
1.12786e-05
1.20875e-05
1.29154e-05
1.37552e-05
1.4598e-05
1.54321e-05
1.62429e-05
1.70129e-05
1.77209e-05
1.83418e-05
1.88461e-05
1.91821e-05
1.93226e-05
1.93225e-05
1.90637e-05
1.85384e-05
1.77451e-05
1.66917e-05
1.54019e-05
1.39167e-05
1.22931e-05
1.05996e-05
8.90831e-06
7.28678e-06
5.79044e-06
4.45713e-06
3.30535e-06
2.33592e-06
1.53677e-06
8.90486e-07
3.86136e-07
4.49154e-08
5.04478e-09
4.43039e-08
1.00475e-07
1.67183e-07
2.41306e-07
3.20891e-07
4.04623e-07
4.91661e-07
5.81574e-07
6.74324e-07
7.70245e-07
8.70023e-07
9.74682e-07
1.08556e-06
1.20427e-06
1.33269e-06
1.47295e-06
1.62737e-06
1.79846e-06
1.98889e-06
2.20146e-06
2.4391e-06
2.70478e-06
3.00157e-06
3.33253e-06
3.70072e-06
4.10918e-06
4.56084e-06
5.05852e-06
5.6049e-06
6.20246e-06
6.85348e-06
7.55998e-06
8.32368e-06
9.14598e-06
1.00279e-05
1.09702e-05
1.19729e-05
1.30357e-05
1.41575e-05
1.53366e-05
1.65701e-05
1.78542e-05
1.91833e-05
2.05501e-05
2.19452e-05
2.33562e-05
2.47675e-05
2.61597e-05
2.75088e-05
2.87858e-05
2.99563e-05
3.09799e-05
3.18106e-05
3.23568e-05
3.25792e-05
3.25761e-05
3.21377e-05
3.12535e-05
2.99201e-05
2.81488e-05
2.5977e-05
2.34726e-05
2.07316e-05
1.787e-05
1.5011e-05
1.22705e-05
9.74307e-06
7.49327e-06
5.55202e-06
3.91997e-06
2.57586e-06
1.48964e-06
6.4296e-07
7.29693e-08
7.27752e-09
6.45496e-08
1.46894e-07
2.4485e-07
3.5374e-07
4.70651e-07
5.93628e-07
7.21423e-07
8.53402e-07
9.89506e-07
1.13023e-06
1.27659e-06
1.4301e-06
1.59273e-06
1.76688e-06
1.95533e-06
2.16122e-06
2.38798e-06
2.63934e-06
2.91925e-06
3.23189e-06
3.58159e-06
3.97281e-06
4.41011e-06
4.89809e-06
5.44136e-06
6.04445e-06
6.7118e-06
7.44768e-06
8.25612e-06
9.14086e-06
1.01053e-05
1.11524e-05
1.22845e-05
1.35036e-05
1.48107e-05
1.62064e-05
1.76901e-05
1.92604e-05
2.09144e-05
2.26483e-05
2.44566e-05
2.63319e-05
2.82648e-05
3.02438e-05
3.2254e-05
3.42774e-05
3.6292e-05
3.82709e-05
4.01816e-05
4.19851e-05
4.36351e-05
4.50768e-05
4.62492e-05
4.70204e-05
4.73347e-05
4.73383e-05
4.6721e-05
4.54628e-05
4.35558e-05
4.101e-05
3.7874e-05
3.42426e-05
3.02541e-05
2.60787e-05
2.18997e-05
1.78903e-05
1.4193e-05
1.09043e-05
8.07028e-06
5.69128e-06
3.73483e-06
2.15583e-06
9.2735e-07
1.04192e-07
9.74169e-09
8.68118e-08
1.98041e-07
3.30584e-07
4.78007e-07
6.36299e-07
8.02776e-07
9.75725e-07
1.15428e-06
1.33836e-06
1.52864e-06
1.72651e-06
1.93405e-06
2.15394e-06
2.38947e-06
2.64443e-06
2.92312e-06
3.23023e-06
3.57087e-06
3.95048e-06
4.37477e-06
4.84971e-06
5.38146e-06
5.97633e-06
6.64068e-06
7.38089e-06
8.20329e-06
9.11403e-06
1.0119e-05
1.12238e-05
1.24334e-05
1.37524e-05
1.51845e-05
1.67325e-05
1.83982e-05
2.01822e-05
2.20835e-05
2.40998e-05
2.62271e-05
2.84592e-05
3.07884e-05
3.32046e-05
3.56958e-05
3.82478e-05
4.08437e-05
4.3464e-05
4.60861e-05
4.8683e-05
5.12231e-05
5.36685e-05
5.59734e-05
5.80828e-05
5.99305e-05
6.14411e-05
6.24533e-05
6.28803e-05
6.29101e-05
6.21465e-05
6.05394e-05
5.80755e-05
5.47569e-05
5.06385e-05
4.5839e-05
4.05388e-05
3.49653e-05
2.93677e-05
2.39851e-05
1.90156e-05
1.45952e-05
1.07893e-05
7.59893e-06
4.97967e-06
2.86939e-06
1.23119e-06
1.37663e-07
1.2414e-08
1.10903e-07
2.53446e-07
4.23561e-07
6.12896e-07
8.16213e-07
1.03001e-06
1.25206e-06
1.48122e-06
1.71741e-06
1.96149e-06
2.21529e-06
2.4815e-06
2.76361e-06
3.06588e-06
3.39326e-06
3.75132e-06
4.14619e-06
4.58452e-06
5.07339e-06
5.62029e-06
6.23302e-06
6.91967e-06
7.68851e-06
8.54793e-06
9.50631e-06
1.05719e-05
1.17529e-05
1.30568e-05
1.44907e-05
1.60609e-05
1.77728e-05
1.96302e-05
2.16356e-05
2.37898e-05
2.60911e-05
2.85359e-05
3.1118e-05
3.38285e-05
3.66562e-05
3.95873e-05
4.26061e-05
4.56947e-05
4.88338e-05
5.20027e-05
5.51788e-05
5.83375e-05
6.1451e-05
6.44867e-05
6.74054e-05
7.01586e-05
7.26858e-05
7.49119e-05
7.67473e-05
7.80173e-05
7.85811e-05
7.86597e-05
7.7799e-05
7.58928e-05
7.29234e-05
6.88807e-05
6.38193e-05
5.7876e-05
5.12686e-05
4.42797e-05
3.72254e-05
3.04151e-05
2.41103e-05
1.84941e-05
1.36576e-05
9.60701e-06
6.28667e-06
3.61666e-06
1.54881e-06
1.72718e-07
1.52818e-08
1.36725e-07
3.12853e-07
5.23323e-07
7.57714e-07
1.00945e-06
1.27412e-06
1.54892e-06
1.83244e-06
2.12456e-06
2.42639e-06
2.74021e-06
3.06939e-06
3.41835e-06
3.79242e-06
4.19782e-06
4.64154e-06
5.1313e-06
5.67546e-06
6.28294e-06
6.9632e-06
7.7261e-06
8.58185e-06
9.54093e-06
1.06139e-05
1.18114e-05
1.31438e-05
1.46211e-05
1.62526e-05
1.80467e-05
2.00106e-05
2.21495e-05
2.44668e-05
2.69632e-05
2.96367e-05
3.24817e-05
3.54895e-05
3.86475e-05
4.19402e-05
4.53489e-05
4.88526e-05
5.2429e-05
5.60553e-05
5.97085e-05
6.33663e-05
6.7007e-05
7.06083e-05
7.41457e-05
7.75904e-05
8.09055e-05
8.40425e-05
8.69376e-05
8.95073e-05
9.16476e-05
9.31817e-05
9.38976e-05
9.40412e-05
9.31316e-05
9.09837e-05
8.75809e-05
8.28967e-05
7.69801e-05
6.99775e-05
6.21347e-05
5.37808e-05
4.52941e-05
3.70543e-05
2.93913e-05
2.25436e-05
1.66372e-05
1.169e-05
7.63928e-06
4.38813e-06
1.87619e-06
2.08893e-07
1.83395e-08
1.64236e-07
3.76151e-07
6.29653e-07
9.12116e-07
1.21551e-06
1.53446e-06
1.86551e-06
2.20696e-06
2.55866e-06
2.92197e-06
3.29971e-06
3.69602e-06
4.11628e-06
4.56705e-06
5.05592e-06
5.59148e-06
6.18318e-06
6.84126e-06
7.57668e-06
8.40106e-06
9.32651e-06
1.03656e-05
1.15312e-05
1.28362e-05
1.42935e-05
1.59156e-05
1.77144e-05
1.97006e-05
2.18833e-05
2.42698e-05
2.68643e-05
2.96681e-05
3.26784e-05
3.58881e-05
3.92853e-05
4.28537e-05
4.65724e-05
5.04167e-05
5.43595e-05
5.83724e-05
6.24275e-05
6.64989e-05
7.05636e-05
7.46021e-05
7.85979e-05
8.25354e-05
8.63979e-05
9.01628e-05
9.37974e-05
9.72538e-05
0.000100464
0.000103336
0.000105751
0.000107534
0.000108397
0.00010861
0.000107687
0.000105353
0.000101599
9.63805e-05
8.97352e-05
8.18086e-05
7.28607e-05
6.32534e-05
5.34162e-05
4.37943e-05
3.47882e-05
2.66997e-05
1.97006e-05
1.38306e-05
9.02653e-06
5.17742e-06
2.21054e-06
2.45882e-07
2.15865e-08
1.93434e-07
4.43325e-07
7.42505e-07
1.07601e-06
1.43425e-06
1.81079e-06
2.20152e-06
2.60437e-06
3.01919e-06
3.44765e-06
3.89312e-06
4.36059e-06
4.85654e-06
5.38884e-06
5.96663e-06
6.60019e-06
7.30088e-06
8.08102e-06
8.95378e-06
9.93311e-06
1.10336e-05
1.22702e-05
1.36584e-05
1.52136e-05
1.69508e-05
1.88847e-05
2.10285e-05
2.33937e-05
2.59897e-05
2.88223e-05
3.18934e-05
3.52001e-05
3.87338e-05
4.248e-05
4.64181e-05
5.05216e-05
5.47593e-05
5.90967e-05
6.34983e-05
6.79298e-05
7.23604e-05
7.6765e-05
8.11254e-05
8.54298e-05
8.96711e-05
9.38446e-05
9.79423e-05
0.000101949
0.000105834
0.000109549
0.000113019
0.000116142
0.000118787
0.000120779
0.000121765
0.000122036
0.000121116
0.000118648
0.000114631
0.000109002
0.000101782
9.31036e-05
8.32258e-05
7.25247e-05
6.14656e-05
5.05498e-05
4.02474e-05
3.09311e-05
2.28301e-05
1.60184e-05
1.04421e-05
5.98076e-06
2.55002e-06
2.83552e-07
2.50257e-08
2.24351e-07
5.14435e-07
8.61961e-07
1.24948e-06
1.66576e-06
2.1032e-06
2.55698e-06
3.02469e-06
3.50615e-06
4.00336e-06
4.52034e-06
5.063e-06
5.63901e-06
6.25769e-06
6.92982e-06
7.66759e-06
8.4844e-06
9.39481e-06
1.04144e-05
1.15595e-05
1.28474e-05
1.42958e-05
1.59225e-05
1.77454e-05
1.97817e-05
2.20475e-05
2.45572e-05
2.73223e-05
3.03508e-05
3.36458e-05
3.72049e-05
4.10187e-05
4.50704e-05
4.93355e-05
5.37823e-05
5.83726e-05
6.30641e-05
6.7813e-05
7.25771e-05
7.73194e-05
8.2011e-05
8.66327e-05
9.11759e-05
9.56409e-05
0.000100034
0.00010436
0.000108622
0.000112806
0.000116884
0.000120799
0.000124471
0.000127784
0.000130598
0.000132737
0.000133805
0.000134114
0.0001332
0.000130647
0.000126454
0.000120545
0.000112917
0.000103681
9.30748e-05
8.14709e-05
6.93512e-05
5.72601e-05
4.57331e-05
3.5219e-05
2.60168e-05
1.82493e-05
1.18835e-05
6.79652e-06
2.89389e-06
3.21765e-07
2.86627e-08
2.57037e-07
5.89597e-07
9.88201e-07
1.43276e-06
1.91031e-06
2.41201e-06
2.93227e-06
3.46829e-06
4.01991e-06
4.5895e-06
5.18177e-06
5.80364e-06
6.46409e-06
7.17401e-06
7.94598e-06
8.79419e-06
9.73429e-06
1.07832e-05
1.1959e-05
1.32808e-05
1.47685e-05
1.64423e-05
1.83227e-05
2.04297e-05
2.27825e-05
2.53982e-05
2.82912e-05
3.1472e-05
3.49457e-05
3.87109e-05
4.27585e-05
4.70701e-05
5.16185e-05
5.63669e-05
6.12708e-05
6.62798e-05
7.13412e-05
7.64039e-05
8.14229e-05
8.63634e-05
9.12036e-05
9.59358e-05
0.000100565
0.000105108
0.000109581
0.000114002
0.000118376
0.00012269
0.00012691
0.000130972
0.000134782
0.000138219
0.000141132
0.000143345
0.00014445
0.000144774
0.000143855
0.00014126
0.000136977
0.000130913
0.000123042
0.000113441
0.000102317
9.00153e-05
7.70151e-05
6.38871e-05
5.12245e-05
3.9555e-05
2.92591e-05
2.05239e-05
1.33515e-05
7.62487e-06
3.24207e-06
3.60493e-07
3.25053e-08
2.91566e-07
6.68974e-07
1.12149e-06
1.62623e-06
2.16835e-06
2.73774e-06
3.32795e-06
3.9358e-06
4.56116e-06
5.20677e-06
5.87813e-06
6.58326e-06
7.33255e-06
8.13858e-06
9.01588e-06
9.9808e-06
1.10513e-05
1.22469e-05
1.35884e-05
1.50974e-05
1.67966e-05
1.87089e-05
2.08572e-05
2.32634e-05
2.59478e-05
2.8928e-05
3.22173e-05
3.58237e-05
3.97476e-05
4.3981e-05
4.85056e-05
5.32921e-05
5.83001e-05
6.34795e-05
6.87723e-05
7.41168e-05
7.94522e-05
8.47243e-05
8.98901e-05
9.4923e-05
9.98137e-05
0.000104571
0.000109216
0.000113779
0.00011829
0.000122771
0.000127225
0.000131635
0.000135955
0.000140112
0.000144001
0.000147494
0.000150439
0.000152655
0.000153754
0.000154071
0.000153131
0.000150527
0.000146226
0.000140115
0.000132147
0.000122361
0.000110917
9.812e-05
8.44249e-05
7.04092e-05
5.67118e-05
4.39382e-05
3.25607e-05
2.28469e-05
1.48494e-05
8.46732e-06
3.59504e-06
3.99779e-07
3.65633e-08
3.28026e-07
7.52765e-07
1.26214e-06
1.83032e-06
2.44046e-06
3.08106e-06
3.7448e-06
4.42808e-06
5.13079e-06
5.85611e-06
6.61039e-06
7.40284e-06
8.24539e-06
9.1524e-06
1.01405e-05
1.12283e-05
1.24364e-05
1.37867e-05
1.53028e-05
1.70092e-05
1.89311e-05
2.10941e-05
2.35229e-05
2.6241e-05
2.92693e-05
3.26246e-05
3.6318e-05
4.03529e-05
4.47236e-05
4.94128e-05
5.4391e-05
5.96157e-05
6.50323e-05
7.05765e-05
7.6178e-05
8.1766e-05
8.72758e-05
9.26551e-05
9.78693e-05
0.000102905
0.000107772
0.000112495
0.000117114
0.000121672
0.000126204
0.000130731
0.000135251
0.000139735
0.000144124
0.000148332
0.000152249
0.000155741
0.000158661
0.00016082
0.000161878
0.000162172
0.000161193
0.000158594
0.000154329
0.000148253
0.000140301
0.000130474
0.000118882
0.000105776
9.15656e-05
7.68147e-05
6.21908e-05
4.83719e-05
3.59287e-05
2.52254e-05
1.63822e-05
9.32637e-06
3.95365e-06
4.39711e-07
4.0848e-08
3.66521e-07
8.41204e-07
1.41054e-06
2.04556e-06
2.7273e-06
3.44278e-06
4.18374e-06
4.94613e-06
5.72987e-06
6.53865e-06
7.37969e-06
8.26352e-06
9.20369e-06
1.02165e-05
1.13208e-05
1.25376e-05
1.389e-05
1.54028e-05
1.71022e-05
1.90154e-05
2.11703e-05
2.35946e-05
2.63147e-05
2.93549e-05
3.27357e-05
3.64721e-05
4.05712e-05
4.50305e-05
4.98353e-05
5.49575e-05
6.03543e-05
6.59687e-05
7.17312e-05
7.75643e-05
8.33875e-05
8.91252e-05
9.4714e-05
0.000100109
0.000105292
0.000110266
0.000115061
0.000119723
0.000124305
0.000128857
0.000133416
0.000137996
0.000142582
0.000147129
0.000151567
0.000155799
0.000159707
0.00016316
0.000166015
0.000168077
0.00016907
0.000169327
0.000168292
0.000165697
0.000161488
0.000155495
0.000147628
0.000137862
0.000126255
0.000112996
9.8433e-05
8.30957e-05
6.76584e-05
5.28595e-05
3.93709e-05
2.76675e-05
1.79558e-05
1.02052e-05
4.319e-06
4.80406e-07
4.53722e-08
4.07164e-07
9.3455e-07
1.56712e-06
2.27257e-06
3.02965e-06
3.82383e-06
4.64582e-06
5.4911e-06
6.35963e-06
7.25562e-06
8.18727e-06
9.1665e-06
1.02086e-05
1.1332e-05
1.25577e-05
1.39093e-05
1.54126e-05
1.7095e-05
1.89856e-05
2.11143e-05
2.35111e-05
2.62055e-05
2.92253e-05
3.25946e-05
3.63326e-05
4.04508e-05
4.49509e-05
4.98224e-05
5.504e-05
6.05626e-05
6.63328e-05
7.22785e-05
7.83162e-05
8.43571e-05
9.03147e-05
9.61135e-05
0.000101697
0.000107036
0.000112129
0.000117004
0.000121711
0.000126313
0.000130873
0.000135444
0.000140055
0.000144709
0.000149375
0.000153993
0.000158476
0.00016272
0.000166605
0.000170002
0.000172774
0.000174719
0.000175632
0.000175843
0.000174732
0.000172126
0.000167957
0.000162055
0.000154299
0.000144642
0.000133104
0.000119806
0.00010503
8.92444e-05
7.31085e-05
5.74017e-05
4.28935e-05
3.01812e-05
1.95766e-05
1.11071e-05
4.69233e-06
5.21994e-07
5.01497e-08
4.50082e-07
1.03309e-06
1.73235e-06
2.51199e-06
3.34836e-06
4.22521e-06
5.13219e-06
6.06424e-06
7.02136e-06
8.00832e-06
9.0344e-06
1.0113e-05
1.12612e-05
1.24996e-05
1.38517e-05
1.53436e-05
1.70038e-05
1.88626e-05
2.09515e-05
2.33029e-05
2.59489e-05
2.89204e-05
3.22454e-05
3.59474e-05
4.00425e-05
4.45378e-05
4.94276e-05
5.46914e-05
6.02919e-05
6.61736e-05
7.22638e-05
7.84758e-05
8.4714e-05
9.0882e-05
9.68918e-05
0.000102674
0.000108186
0.000113418
0.000118392
0.000123159
0.000127789
0.000132358
0.000136935
0.000141566
0.000146271
0.000151035
0.00015581
0.000160518
0.000165062
0.000169329
0.000173198
0.000176544
0.000179239
0.000181061
0.00018189
0.000182049
0.000180839
0.000178193
0.000174026
0.000168178
0.000160511
0.000150959
0.000139517
0.000126251
0.000111363
9.52521e-05
7.85304e-05
6.19945e-05
4.64998e-05
3.27732e-05
2.12504e-05
1.20356e-05
5.07484e-06
5.64608e-07
5.51954e-08
4.9541e-07
1.13713e-06
1.90673e-06
2.76454e-06
3.68432e-06
4.64801e-06
5.64405e-06
6.66684e-06
7.7164e-06
8.7981e-06
9.92232e-06
1.1104e-05
1.23623e-05
1.372e-05
1.52031e-05
1.68404e-05
1.8663e-05
2.07039e-05
2.29971e-05
2.55772e-05
2.84778e-05
3.17308e-05
3.53636e-05
3.93976e-05
4.38453e-05
4.87071e-05
5.39686e-05
5.9598e-05
6.55441e-05
7.17365e-05
7.80877e-05
8.44978e-05
9.08622e-05
9.70814e-05
0.000103072
0.000108776
0.000114171
0.000119271
0.000124123
0.0001288
0.000133389
0.000137974
0.000142622
0.000147371
0.000152224
0.000157146
0.000162071
0.000166907
0.000171545
0.000175865
0.000179746
0.000183067
0.000185707
0.00018742
0.000188167
0.000188269
0.000186937
0.000184212
0.000179987
0.000174122
0.00016648
0.00015698
0.000145607
0.000132387
0.000117451
0.00010111
8.39088e-05
6.6628e-05
5.01886e-05
3.54477e-05
2.29822e-05
1.29937e-05
5.46768e-06
6.08373e-07
6.05255e-08
5.43292e-07
1.24699e-06
2.09079e-06
3.03097e-06
4.03851e-06
5.09336e-06
6.1827e-06
7.30027e-06
8.44612e-06
9.62624e-06
1.08522e-05
1.21406e-05
1.35127e-05
1.49936e-05
1.66118e-05
1.83989e-05
2.03886e-05
2.26163e-05
2.51186e-05
2.79316e-05
3.10903e-05
3.46263e-05
3.8566e-05
4.29276e-05
4.77182e-05
5.29305e-05
5.85398e-05
6.45014e-05
7.07499e-05
7.71999e-05
8.37503e-05
9.02907e-05
9.67116e-05
0.000102916
0.00010883
0.000114414
0.00011967
0.000124637
0.000129388
0.000134016
0.00013862
0.000143287
0.000148076
0.00015301
0.000158074
0.000163213
0.000168342
0.000173356
0.000178135
0.000182555
0.000186494
0.000189833
0.000192452
0.000194083
0.000194757
0.000194799
0.000193325
0.000190475
0.000186125
0.000180149
0.000172431
0.000162887
0.000151505
0.000138292
0.00012332
0.000106815
8.9226e-05
7.12866e-05
5.39538e-05
3.8206e-05
2.47759e-05
1.39842e-05
5.87183e-06
6.53396e-07
6.61567e-08
5.9388e-07
1.36303e-06
2.28511e-06
3.31208e-06
4.41194e-06
5.56248e-06
6.74945e-06
7.9659e-06
9.21187e-06
1.0494e-05
1.18251e-05
1.32236e-05
1.47128e-05
1.63204e-05
1.80773e-05
2.00178e-05
2.21783e-05
2.45966e-05
2.73111e-05
3.03594e-05
3.3777e-05
3.7595e-05
4.18372e-05
4.65176e-05
5.16368e-05
5.71784e-05
6.3106e-05
6.93615e-05
7.5865e-05
8.25171e-05
8.92052e-05
9.58122e-05
0.000102228
0.000108364
0.000114162
0.000119605
0.000124722
0.000129579
0.000134272
0.000138911
0.000143602
0.000148427
0.000153433
0.000158628
0.000163973
0.000169395
0.000174792
0.000180045
0.000185024
0.000189603
0.000193655
0.00019706
0.000199703
0.000201288
0.000201913
0.000201883
0.000200259
0.000197241
0.000192697
0.000186511
0.000178593
0.000168874
0.000157359
0.000144062
0.000129018
0.00011237
9.44648e-05
7.5951e-05
5.77843e-05
4.10463e-05
2.66337e-05
1.50092e-05
6.28807e-06
6.99765e-07
7.21071e-08
6.47335e-07
1.4856e-06
2.49029e-06
3.60872e-06
4.80566e-06
6.05658e-06
7.34565e-06
8.66512e-06
1.0015e-05
1.14025e-05
1.2842e-05
1.43535e-05
1.59628e-05
1.76998e-05
1.95984e-05
2.16952e-05
2.40292e-05
2.66403e-05
2.95685e-05
3.28525e-05
3.65276e-05
4.06232e-05
4.51599e-05
5.01465e-05
5.55756e-05
6.14205e-05
6.76327e-05
7.41402e-05
8.08491e-05
8.76479e-05
9.44156e-05
0.000101032
0.000107393
0.000113422
0.000119083
0.000124386
0.000129385
0.000134174
0.00013887
0.000143594
0.000148452
0.000153518
0.000158825
0.000164358
0.000170059
0.000175836
0.000181569
0.000187127
0.000192372
0.000197171
0.000201395
0.00020492
0.00020763
0.000209212
0.000209819
0.00020971
0.000207939
0.000204721
0.00019992
0.00019343
0.000185183
0.000175142
0.000163337
0.000149816
0.000134608
0.000117795
9.96134e-05
8.06001e-05
6.16653e-05
4.39633e-05
2.8556e-05
1.60702e-05
6.71698e-06
7.47545e-07
7.83955e-08
7.03822e-07
1.61509e-06
2.70694e-06
3.92174e-06
5.22078e-06
6.57695e-06
7.97267e-06
9.39928e-06
1.08567e-05
1.23529e-05
1.39034e-05
1.55306e-05
1.72622e-05
1.9131e-05
2.11732e-05
2.34283e-05
2.59372e-05
2.8742e-05
3.18838e-05
3.54017e-05
3.933e-05
4.3696e-05
4.8516e-05
5.37921e-05
5.95084e-05
6.56271e-05
7.20868e-05
7.88023e-05
8.56671e-05
9.256e-05
9.93549e-05
0.000105934
0.000112204
0.000118105
0.000123626
0.000128806
0.000133728
0.000138508
0.00014328
0.000148171
0.000153282
0.000158675
0.000164365
0.000170316
0.000176449
0.000182651
0.000188789
0.000194719
0.000200294
0.000205373
0.000209824
0.000213521
0.000216343
0.000217964
0.000218576
0.000218404
0.000216498
0.000213066
0.000207966
0.000201096
0.000192402
0.000181881
0.000169611
0.000155691
0.000140178
0.000123124
0.000104669
8.52143e-05
6.55789e-05
4.69491e-05
3.05417e-05
1.71682e-05
7.15891e-06
7.96777e-07
8.5044e-08
7.63512e-07
1.75189e-06
2.93572e-06
4.25206e-06
5.65843e-06
7.12488e-06
8.63188e-06
1.01697e-05
1.17381e-05
1.33458e-05
1.501e-05
1.67548e-05
1.86105e-05
2.06125e-05
2.27997e-05
2.52137e-05
2.78978e-05
3.08955e-05
3.42487e-05
3.79964e-05
4.21714e-05
4.67975e-05
5.18861e-05
5.7432e-05
6.34095e-05
6.97695e-05
7.64381e-05
8.33175e-05
9.02907e-05
9.72298e-05
0.000104008
0.000110515
0.00011667
0.000122438
0.000127835
0.000132928
0.000137826
0.000142668
0.000147597
0.00015274
0.000158192
0.000163998
0.000170152
0.000176596
0.000183231
0.000189927
0.000196534
0.000202895
0.000208856
0.000214267
0.000218993
0.000222904
0.000225882
0.000227582
0.000228219
0.000228017
0.000226002
0.000222362
0.000216949
0.00020965
0.000200415
0.000189273
0.000176355
0.000161836
0.000145835
0.000128416
0.000109644
8.97784e-05
6.95063e-05
4.99928e-05
3.25881e-05
1.83033e-05
7.61399e-06
8.47477e-07
9.20726e-08
8.2659e-07
1.89642e-06
3.17731e-06
4.60062e-06
6.11976e-06
7.70167e-06
9.32461e-06
1.09776e-05
1.26603e-05
1.43822e-05
1.61618e-05
1.80257e-05
2.00066e-05
2.21424e-05
2.44746e-05
2.70473e-05
2.99054e-05
3.30936e-05
3.66543e-05
4.06255e-05
4.50378e-05
4.99112e-05
5.5251e-05
6.10438e-05
6.72542e-05
7.38215e-05
8.066e-05
8.76608e-05
9.46988e-05
0.000101643
0.00010837
0.000114781
0.000120815
0.000126461
0.000131764
0.000136819
0.000141759
0.00014674
0.000151909
0.000157391
0.000163268
0.000169566
0.000176259
0.000183266
0.000190468
0.000197716
0.000204845
0.000211686
0.000218074
0.000223856
0.000228891
0.000233052
0.000236218
0.000238037
0.00023872
0.000238528
0.000236445
0.00023263
0.000226919
0.000219178
0.000209346
0.000197469
0.000183736
0.000168407
0.000151703
0.000133744
0.000114563
9.42855e-05
7.34292e-05
5.3082e-05
3.46911e-05
1.94752e-05
8.08216e-06
8.99641e-07
9.95022e-08
8.93252e-07
2.04911e-06
3.43241e-06
4.96839e-06
6.60599e-06
8.30866e-06
1.00522e-05
1.18243e-05
1.36242e-05
1.54623e-05
1.73589e-05
1.93426e-05
2.14489e-05
2.37182e-05
2.61947e-05
2.89243e-05
3.19537e-05
3.53284e-05
3.90906e-05
4.32769e-05
4.7915e-05
5.30202e-05
5.85913e-05
6.46064e-05
7.10199e-05
7.77601e-05
8.47304e-05
9.18132e-05
9.88781e-05
0.000105795
0.000112447
0.000118752
0.00012467
0.000130219
0.000135471
0.000140547
0.000145602
0.000150801
0.000156294
0.000162198
0.000168578
0.000175441
0.000182738
0.000190368
0.000198189
0.000206034
0.000213724
0.000221077
0.00022792
0.000234095
0.000239459
0.000243889
0.000247268
0.000249242
0.000249992
0.000249852
0.000247758
0.000243823
0.000237863
0.000229706
0.000219266
0.000206584
0.000191896
0.000175558
0.000157917
0.000139205
0.000119473
9.87387e-05
7.73323e-05
5.62032e-05
3.68452e-05
2.06829e-05
8.56319e-06
9.53245e-07
1.07355e-07
9.637e-07
2.21043e-06
3.70176e-06
5.35638e-06
7.11832e-06
8.94719e-06
1.0816e-05
1.27107e-05
1.46305e-05
1.65865e-05
1.86007e-05
2.07042e-05
2.29353e-05
2.53369e-05
2.79555e-05
3.08393e-05
3.40359e-05
3.75914e-05
4.15473e-05
4.59382e-05
5.07885e-05
5.61081e-05
6.18888e-05
6.81e-05
7.46863e-05
8.15657e-05
8.86324e-05
9.57623e-05
0.000102823
0.000109688
0.000116254
0.000122455
0.000128276
0.000133764
0.000139017
0.000144181
0.000149426
0.000154922
0.000160818
0.000167219
0.000174172
0.000181662
0.000189618
0.000197916
0.000206393
0.000214866
0.000223138
0.000231017
0.000238323
0.000244894
0.000250591
0.000255295
0.0002589
0.000261064
0.000261907
0.000261852
0.000259815
0.000255837
0.000249705
0.000241202
0.000230191
0.000216685
0.000200949
0.000183425
0.000164615
0.000144906
0.000124434
0.000103154
8.1205e-05
5.93425e-05
3.90439e-05
2.1925e-05
9.05669e-06
1.00825e-06
1.15656e-07
1.03815e-06
2.38084e-06
3.98613e-06
5.76563e-06
7.65801e-06
9.61858e-06
1.16172e-05
1.3638e-05
1.56798e-05
1.77546e-05
1.98866e-05
2.21092e-05
2.44633e-05
2.69949e-05
2.97526e-05
3.27862e-05
3.61446e-05
3.98735e-05
4.40136e-05
4.8597e-05
5.36439e-05
5.91589e-05
6.51263e-05
7.15071e-05
7.82364e-05
8.52233e-05
9.23547e-05
9.95026e-05
0.000106536
0.000113336
0.000119813
0.000125923
0.000131678
0.00013715
0.000142464
0.000147784
0.000153293
0.000159162
0.000165534
0.000172498
0.000180081
0.000188249
0.000196903
0.000205899
0.000215054
0.000224165
0.000233022
0.000241422
0.000249179
0.000256134
0.000262151
0.000267122
0.00027095
0.000273336
0.000274308
0.000274352
0.00027245
0.000268517
0.000262316
0.000253571
0.000242076
0.000227789
0.000210966
0.000192126
0.000171929
0.000150966
0.000129523
0.00010756
8.5043e-05
6.24867e-05
4.12797e-05
2.31994e-05
9.56216e-06
1.0646e-06
1.24429e-07
1.11681e-06
2.56084e-06
4.2863e-06
6.1972e-06
8.22632e-06
1.03242e-05
1.2457e-05
1.4607e-05
1.67725e-05
1.89666e-05
2.12154e-05
2.35554e-05
2.60302e-05
2.86883e-05
3.15808e-05
3.47588e-05
3.82718e-05
4.21655e-05
4.64787e-05
5.12408e-05
5.64677e-05
6.21579e-05
6.82886e-05
7.48127e-05
8.16568e-05
8.87225e-05
9.58915e-05
0.000103035
0.000110025
0.000116756
0.000123153
0.000129196
0.000134923
0.00014043
0.000145867
0.000151414
0.000157257
0.000163568
0.000170478
0.000178059
0.000186319
0.000195198
0.000204575
0.000214282
0.000224117
0.000233859
0.000243284
0.000252183
0.000260366
0.000267677
0.000273989
0.000279205
0.000283245
0.000285871
0.000287012
0.000287162
0.000285468
0.000281676
0.000275524
0.00026667
0.000254823
0.000239854
0.000221972
0.000201741
0.000179975
0.000157501
0.000134829
0.000111999
8.88499e-05
6.56244e-05
4.35443e-05
2.45038e-05
1.00789e-05
1.12222e-06
1.337e-07
1.19993e-06
2.75094e-06
4.60311e-06
6.65222e-06
8.82457e-06
1.10653e-05
1.33366e-05
1.56185e-05
1.79087e-05
2.02217e-05
2.25859e-05
2.50406e-05
2.76325e-05
3.04127e-05
3.34344e-05
3.67501e-05
4.04097e-05
4.4458e-05
4.8932e-05
5.38579e-05
5.9247e-05
6.50918e-05
7.13628e-05
7.80051e-05
8.49381e-05
9.20577e-05
9.92428e-05
0.000106366
0.000113307
0.000119972
0.000126308
0.000132316
0.000138058
0.000143657
0.00014928
0.000155119
0.000161362
0.000168174
0.000175674
0.000183915
0.000192881
0.00020249
0.000212597
0.000223012
0.000233511
0.000243858
0.00025382
0.000263179
0.000271748
0.000279375
0.000285947
0.00029138
0.000295612
0.000298487
0.000299819
0.000300091
0.000298667
0.000295108
0.00028913
0.000280318
0.000268284
0.000252786
0.00023394
0.000212312
0.000188847
0.000164626
0.000140448
0.000116526
9.26379e-05
6.87466e-05
4.58292e-05
2.58353e-05
1.06063e-05
1.18102e-06
1.43496e-07
1.28774e-06
2.95168e-06
4.93741e-06
7.13182e-06
9.45406e-06
1.18432e-05
1.42571e-05
1.6673e-05
1.90885e-05
2.15193e-05
2.39963e-05
2.65621e-05
2.92665e-05
3.21634e-05
3.53078e-05
3.87534e-05
4.25501e-05
4.67418e-05
5.13633e-05
5.64373e-05
6.19704e-05
6.79496e-05
7.43385e-05
8.10759e-05
8.80751e-05
9.52282e-05
0.000102414
0.000109508
0.000116401
0.000123014
0.000129313
0.000135324
0.000141132
0.000146879
0.000152749
0.00015894
0.00016564
0.000173002
0.000181131
0.000190059
0.000199748
0.00021009
0.000220918
0.000232017
0.000243149
0.000254062
0.000264513
0.000274283
0.000283188
0.000291085
0.000297875
0.000303493
0.000307893
0.000311007
0.00031255
0.000312961
0.000311849
0.000308607
0.000302922
0.00029431
0.000282276
0.000266444
0.000246793
0.000223836
0.000198607
0.00017244
0.000146478
0.000121206
9.64285e-05
7.18482e-05
4.81257e-05
2.71905e-05
1.11432e-05
1.24091e-06
1.53847e-07
1.3805e-06
3.16362e-06
5.29011e-06
7.63719e-06
1.01161e-05
1.26593e-05
1.52194e-05
1.77712e-05
2.03116e-05
2.28581e-05
2.54446e-05
2.81169e-05
3.09283e-05
3.39353e-05
3.71949e-05
4.07615e-05
4.46851e-05
4.90081e-05
5.37631e-05
5.89691e-05
6.46283e-05
7.07221e-05
7.72084e-05
8.40202e-05
9.10668e-05
9.82383e-05
0.000105415
0.000112479
0.000119333
0.000125913
0.000132208
0.000138264
0.000144188
0.000150139
0.000156314
0.000162912
0.000170113
0.000178064
0.000186847
0.000196476
0.000206887
0.000217949
0.000229471
0.00024122
0.000252938
0.000264363
0.000275247
0.00028537
0.000294556
0.000302673
0.000309639
0.000315408
0.000319958
0.000323266
0.000325045
0.000325611
0.000324836
0.000321978
0.000316693
0.000308431
0.000296591
0.000280649
0.000260405
0.000236261
0.000209279
0.000181021
0.000153014
0.00012611
0.000100252
7.49278e-05
5.04255e-05
2.85653e-05
1.16887e-05
1.30176e-06
1.64782e-07
1.47846e-06
3.38736e-06
5.66212e-06
8.16955e-06
1.08122e-05
1.35148e-05
1.62245e-05
1.89132e-05
2.15774e-05
2.42368e-05
2.69284e-05
2.97018e-05
3.26137e-05
3.57234e-05
3.90897e-05
4.27678e-05
4.68071e-05
5.12489e-05
5.61231e-05
6.14452e-05
6.7213e-05
7.3403e-05
7.99682e-05
8.68372e-05
9.39166e-05
0.000101096
0.000108261
0.0001153
0.00012213
0.000128705
0.000135032
0.000141178
0.000147268
0.000153476
0.000160006
0.000167056
0.000174797
0.000183359
0.00019281
0.000203138
0.000214256
0.00022601
0.000238186
0.000250533
0.00026278
0.000274656
0.000285909
0.000296325
0.000305735
0.000314022
0.000321121
0.000327008
0.000331683
0.000335152
0.000337179
0.000337914
0.000337478
0.000335052
0.000330253
0.000322475
0.000311014
0.000295196
0.000274614
0.000249492
0.000220847
0.00019042
0.000160139
0.000131314
0.000104146
7.79891e-05
5.27205e-05
2.99555e-05
1.22415e-05
1.36343e-06
1.76333e-07
1.58191e-06
3.6235e-06
6.05443e-06
8.73015e-06
1.15435e-05
1.44109e-05
1.72733e-05
2.00992e-05
2.28854e-05
2.56538e-05
2.84453e-05
3.13133e-05
3.43184e-05
3.75226e-05
4.09864e-05
4.47657e-05
4.89095e-05
5.34572e-05
5.84363e-05
6.3859e-05
6.97191e-05
7.59889e-05
8.26172e-05
8.95298e-05
9.6632e-05
0.000103816
0.00011097
0.000117997
0.000124824
0.000131424
0.000137822
0.000144103
0.000150408
0.000156921
0.000163852
0.00017139
0.000179694
0.000188882
0.000198998
0.000210009
0.000221805
0.000234208
0.000246986
0.000259871
0.000272581
0.00028484
0.000296397
0.000307044
0.000316623
0.000325034
0.000332228
0.000338202
0.000342976
0.000346576
0.000348853
0.000349778
0.000349658
0.000347692
0.000343439
0.000336253
0.000325337
0.000309871
0.000289228
0.00026339
0.000233253
0.000200659
0.000167923
0.000136892
0.000108157
8.10408e-05
5.50039e-05
3.13561e-05
1.28002e-05
1.42576e-06
1.88533e-07
1.69114e-06
3.8727e-06
6.46804e-06
9.32028e-06
1.23116e-05
1.53489e-05
1.83663e-05
2.13292e-05
2.42347e-05
2.71073e-05
2.99924e-05
3.29479e-05
3.6038e-05
3.93279e-05
4.28796e-05
4.67496e-05
5.0986e-05
5.56269e-05
6.06973e-05
6.62063e-05
7.21441e-05
7.84794e-05
8.51583e-05
9.21047e-05
9.92244e-05
0.000106413
0.000113567
0.000120597
0.000127447
0.000134106
0.000140616
0.000147077
0.000153642
0.000160502
0.000167872
0.000175923
0.000184804
0.000194615
0.000205382
0.000217048
0.00022948
0.000242479
0.000255796
0.00026915
0.000282253
0.000294825
0.00030662
0.00031744
0.000327139
0.000335633
0.00034289
0.000348925
0.000353774
0.000357481
0.00035999
0.00036115
0.000361292
0.000359797
0.000356122
0.000349604
0.00033937
0.000324463
0.000304038
0.000277787
0.000246398
0.000211722
0.000176415
0.000142914
0.000112333
8.40964e-05
5.72697e-05
3.27617e-05
1.3363e-05
1.48856e-06
2.01417e-07
1.80646e-06
4.13562e-06
6.90399e-06
9.94128e-06
1.31177e-05
1.63298e-05
1.95042e-05
2.2603e-05
2.5624e-05
2.85952e-05
3.15668e-05
3.46017e-05
3.77683e-05
4.11346e-05
4.47644e-05
4.87143e-05
5.3032e-05
5.7754e-05
6.29028e-05
6.8485e-05
7.44878e-05
8.08773e-05
8.75975e-05
9.45723e-05
0.000101709
0.000108908
0.000116074
0.00012313
0.000130033
0.000136787
0.000143449
0.000150134
0.000156999
0.000164242
0.000172081
0.000180658
0.000190116
0.000200539
0.00021193
0.00022421
0.000237225
0.000250757
0.000264543
0.000278293
0.000291715
0.000304531
0.000316502
0.000327441
0.000337218
0.000345761
0.000353057
0.000359134
0.000364044
0.000367844
0.000370549
0.000371972
0.00037234
0.000371302
0.000368211
0.000362402
0.00035295
0.000338776
0.000318831
0.00029249
0.00026015
0.000223559
0.000185639
0.00014944
0.000116725
8.71743e-05
5.95139e-05
3.41665e-05
1.39282e-05
1.55162e-06
2.1502e-07
1.92817e-06
4.41296e-06
7.36337e-06
1.05945e-05
1.39634e-05
1.73548e-05
2.06874e-05
2.39202e-05
2.7052e-05
3.01152e-05
3.31655e-05
3.62713e-05
3.95053e-05
4.29385e-05
4.66363e-05
5.06558e-05
5.5044e-05
5.98357e-05
6.50516e-05
7.06959e-05
7.67534e-05
8.31887e-05
8.9945e-05
9.69467e-05
0.000104105
0.000111326
0.000118522
0.000125629
0.000132616
0.000139501
0.000146356
0.000153304
0.000160505
0.000168162
0.000176482
0.000185592
0.000195619
0.00020663
0.000218607
0.00023145
0.000244985
0.00025898
0.00027316
0.00028723
0.000300898
0.000313891
0.000325982
0.000336993
0.000346811
0.00035538
0.000362698
0.000368806
0.00037377
0.000377659
0.000380519
0.000382208
0.000382791
0.000382172
0.000379648
0.000374558
0.000365948
0.00035264
0.000333403
0.000307293
0.000274343
0.000236085
0.000195592
0.000156519
0.000121385
9.0297e-05
6.17338e-05
3.55646e-05
1.44937e-05
1.61471e-06
2.2938e-07
2.05661e-06
4.70544e-06
7.8473e-06
1.12813e-05
1.48498e-05
1.84247e-05
2.19162e-05
2.52801e-05
2.85171e-05
3.1665e-05
3.47855e-05
3.79531e-05
4.12452e-05
4.4736e-05
4.84923e-05
5.25716e-05
5.70201e-05
6.18716e-05
6.71449e-05
7.28423e-05
7.89473e-05
8.54233e-05
9.22139e-05
9.92457e-05
0.000106434
0.000113691
0.000120939
0.000128124
0.00013523
0.000142284
0.00014937
0.000156615
0.000164182
0.000172275
0.000181078
0.00019072
0.000201295
0.000212862
0.000225377
0.000238722
0.000252708
0.000267091
0.000281587
0.000295901
0.000309744
0.000322852
0.00033501
0.000346055
0.000355886
0.000364463
0.000371794
0.000377931
0.000382947
0.000386921
0.000389914
0.000391852
0.000392652
0.0003924
0.000390407
0.000386016
0.000378268
0.000365916
0.000347571
0.000321992
0.000288795
0.000249184
0.000206242
0.000164183
0.00012636
9.34899e-05
6.39288e-05
3.69495e-05
1.50573e-05
1.67757e-06
2.44538e-07
2.19213e-06
5.01382e-06
8.35691e-06
1.2003e-05
1.57783e-05
1.95405e-05
2.31907e-05
2.66818e-05
3.00177e-05
3.32419e-05
3.64237e-05
3.96439e-05
4.29849e-05
4.65242e-05
5.033e-05
5.44603e-05
5.89606e-05
6.38635e-05
6.91866e-05
7.49308e-05
8.10788e-05
8.75941e-05
9.44214e-05
0.00010149
0.000108721
0.000116033
0.000123357
0.000130652
0.000137909
0.000145168
0.000152519
0.000160092
0.00016805
0.000176588
0.000185877
0.000196035
0.000207131
0.000219209
0.000232206
0.000245987
0.00026035
0.00027504
0.000289774
0.000304257
0.000318206
0.000331372
0.000343551
0.000354596
0.000364421
0.000372995
0.000380338
0.000386506
0.00039158
0.000395641
0.000398755
0.000400915
0.000401944
0.000401998
0.000400487
0.000396751
0.00038985
0.000378497
0.000361177
0.00033639
0.000303309
0.00026271
0.00021753
0.000172446
0.00013169
9.67808e-05
6.61004e-05
3.8315e-05
1.56165e-05
1.73994e-06
2.60532e-07
2.33507e-06
5.33886e-06
8.89337e-06
1.27611e-05
1.67502e-05
2.07029e-05
2.45106e-05
2.81243e-05
3.15516e-05
3.48434e-05
3.80771e-05
4.13407e-05
4.47219e-05
4.83013e-05
5.21487e-05
5.63224e-05
6.08676e-05
6.58157e-05
7.11835e-05
7.69711e-05
8.31612e-05
8.97177e-05
9.65878e-05
0.000103705
0.000110994
0.000118382
0.000125811
0.000133245
0.000140688
0.000148186
0.000155832
0.000163758
0.000172122
0.000181109
0.000190882
0.000201531
0.000213111
0.000225648
0.000239064
0.000253208
0.000267868
0.000282787
0.00029768
0.000312258
0.000326251
0.000339421
0.00035158
0.000362599
0.000372401
0.000380969
0.000388327
0.000394537
0.000399678
0.000403833
0.00040707
0.000409412
0.000410694
0.000410991
0.000409906
0.000406764
0.000400662
0.000390311
0.000374097
0.000350311
0.000317688
0.000276498
0.000229368
0.000181296
0.000137411
0.000100198
6.82519e-05
3.9655e-05
1.61689e-05
1.80153e-06
2.77407e-07
2.48581e-06
5.68136e-06
9.45785e-06
1.35568e-05
1.77665e-05
2.19122e-05
2.58756e-05
2.96061e-05
3.31165e-05
3.64666e-05
3.97429e-05
4.30411e-05
4.64544e-05
5.00665e-05
5.39491e-05
5.81606e-05
6.27456e-05
6.77353e-05
7.31455e-05
7.89763e-05
8.52107e-05
9.18144e-05
9.87372e-05
0.000105916
0.000113284
0.000120773
0.000128334
0.00013594
0.000143601
0.000151369
0.000159338
0.000167636
0.000176414
0.00018585
0.000196089
0.0002072
0.00021922
0.000232158
0.000245924
0.000260355
0.000275232
0.000290298
0.000305272
0.000319876
0.000333851
0.000346977
0.000359083
0.000370051
0.000379821
0.000388382
0.000395764
0.000402028
0.000407251
0.000411513
0.000414881
0.000417384
0.000418907
0.000419418
0.000418696
0.000416075
0.000410702
0.000401313
0.000386241
0.000363603
0.000331742
0.000290365
0.000241643
0.000190695
0.000143548
0.000103768
7.03884e-05
4.09633e-05
1.67117e-05
1.86201e-06
2.95203e-07
2.6447e-06
6.0421e-06
1.00515e-05
1.43915e-05
1.88282e-05
2.31688e-05
2.72848e-05
3.11253e-05
3.471e-05
3.81088e-05
4.14185e-05
4.4743e-05
4.81814e-05
5.18205e-05
5.57336e-05
5.99792e-05
6.46018e-05
6.9632e-05
7.50856e-05
8.09628e-05
8.72477e-05
9.3908e-05
0.000100897
0.000108157
0.000115624
0.000123241
0.000130964
0.000138773
0.000146683
0.000154749
0.000163062
0.000171747
0.000180943
0.000190818
0.000201499
0.000213035
0.000225445
0.000238722
0.000252765
0.000267403
0.000282417
0.000297549
0.000312529
0.000327091
0.000340993
0.00035403
0.00036605
0.000376949
0.000386679
0.000395235
0.000402651
0.000408985
0.000414308
0.000418694
0.000422203
0.000424863
0.000426604
0.000427315
0.000426893
0.000424714
0.000419986
0.000411489
0.000397546
0.000376145
0.000345298
0.000304126
0.000254223
0.000200595
0.000150122
0.000107515
7.25163e-05
4.22342e-05
1.72419e-05
1.92106e-06
3.13965e-07
2.81214e-06
6.42189e-06
1.06755e-05
1.52662e-05
1.99361e-05
2.44724e-05
2.8737e-05
3.26798e-05
3.63292e-05
3.9767e-05
4.31013e-05
4.6445e-05
4.99029e-05
5.35652e-05
5.75062e-05
6.1785e-05
6.64459e-05
7.1519e-05
7.70203e-05
8.29507e-05
8.92959e-05
9.60261e-05
0.000103098
0.000110459
0.000118052
0.000125825
0.000133739
0.000141781
0.00014997
0.000158358
0.000167034
0.000176113
0.000185726
0.000196024
0.000207116
0.000219033
0.000231778
0.000245328
0.000259572
0.000274338
0.000289406
0.000304527
0.00031944
0.000333896
0.00034767
0.000360577
0.000372481
0.000383293
0.000392976
0.000401531
0.000408991
0.000415411
0.000420855
0.000425384
0.000429049
0.00043187
0.000433809
0.000434712
0.000434534
0.00043272
0.000428542
0.000420845
0.000407978
0.000387847
0.000358205
0.000317594
0.000266951
0.000210926
0.00015712
0.000111459
7.46435e-05
4.34625e-05
1.77566e-05
1.97832e-06
3.33736e-07
2.98848e-06
6.82149e-06
1.13308e-05
1.61821e-05
2.10905e-05
2.58225e-05
3.02303e-05
3.42666e-05
3.79707e-05
4.1438e-05
4.4789e-05
4.81462e-05
5.16199e-05
5.53037e-05
5.92731e-05
6.35872e-05
6.82901e-05
7.34121e-05
7.89692e-05
8.49636e-05
9.13827e-05
9.81997e-05
0.000105375
0.000112861
0.000120606
0.000128563
0.000136699
0.000145004
0.000153497
0.000162228
0.00017128
0.000180758
0.00019078
0.000201479
0.000212946
0.000225196
0.000238217
0.00025197
0.000266339
0.000281153
0.000296196
0.000311227
0.000326003
0.000340291
0.000353885
0.000366622
0.000378381
0.000389089
0.000398718
0.000407274
0.000414789
0.000421311
0.000426894
0.000431588
0.000435427
0.000438422
0.000440542
0.000441633
0.000441651
0.000440131
0.000436408
0.000429403
0.000417526
0.00039865
0.000370336
0.0003306
0.000279661
0.000221596
0.000164506
0.000115621
7.67795e-05
4.46437e-05
1.82526e-05
2.03343e-06
3.54559e-07
3.17408e-06
7.24164e-06
1.20185e-05
1.71397e-05
2.22915e-05
2.72178e-05
3.17623e-05
3.58825e-05
3.96309e-05
4.31185e-05
4.64795e-05
4.98461e-05
5.33345e-05
5.7041e-05
6.10421e-05
6.5397e-05
7.01497e-05
7.53302e-05
8.09554e-05
8.70286e-05
9.35393e-05
0.000100464
0.000107766
0.000115403
0.000123329
0.0001315
0.000139888
0.000148483
0.000157303
0.000166395
0.000175832
0.000185707
0.000196125
0.000207197
0.000218999
0.00023153
0.000244764
0.000258649
0.000273067
0.000287849
0.000302787
0.000317655
0.000332225
0.000346285
0.00035965
0.000372177
0.000383763
0.000394349
0.000403915
0.000412471
0.000420047
0.000426686
0.000432427
0.000437306
0.00044134
0.000444523
0.000446819
0.000448098
0.000448274
0.000446984
0.000443624
0.000437196
0.000426198
0.000408521
0.000381594
0.000342988
0.000292179
0.000232497
0.000172253
0.000120015
7.8934e-05
4.57736e-05
1.87263e-05
2.08599e-06
3.76475e-07
3.3693e-06
7.68304e-06
1.27393e-05
1.81397e-05
2.35385e-05
2.86564e-05
3.33296e-05
3.7523e-05
4.13052e-05
4.48048e-05
4.81706e-05
5.15448e-05
5.50494e-05
5.8783e-05
6.28228e-05
6.7228e-05
7.20421e-05
7.72953e-05
8.30051e-05
8.91761e-05
9.57999e-05
0.000102856
0.000110312
0.00011813
0.000126265
0.000134681
0.000143349
0.000152261
0.00016143
0.000170896
0.000180722
0.000190988
0.000201782
0.000213197
0.000225289
0.000238045
0.000251428
0.000265374
0.000279765
0.000294437
0.000309194
0.000323826
0.000338124
0.000351898
0.000364985
0.000377263
0.000388646
0.000399089
0.000408581
0.000417133
0.000424776
0.00043154
0.000437455
0.000442538
0.000446786
0.000450176
0.000452653
0.000454109
0.000454422
0.000453311
0.000450229
0.000444263
0.000434017
0.000417446
0.000391909
0.000354624
0.000304332
0.000243501
0.000180316
0.000124652
8.11156e-05
4.68479e-05
1.91741e-05
2.13556e-06
3.99522e-07
3.57444e-06
8.14626e-06
1.34938e-05
1.9182e-05
2.48302e-05
3.01353e-05
3.49276e-05
3.91828e-05
4.29884e-05
4.64927e-05
4.98602e-05
5.32429e-05
5.67683e-05
6.0537e-05
6.46265e-05
6.90955e-05
7.39872e-05
7.93316e-05
8.51469e-05
9.14392e-05
9.8202e-05
0.000105418
0.000113058
0.000121086
0.000129464
0.000138155
0.000147131
0.000156383
0.000165918
0.000175769
0.000185984
0.00019663
0.000207779
0.000219501
0.000231836
0.000244761
0.000258227
0.000272162
0.000286451
0.000300937
0.000315439
0.000329764
0.000343726
0.000357158
0.00036992
0.000381909
0.000393058
0.000403335
0.000412737
0.000421279
0.000428986
0.000435882
0.000441982
0.000447284
0.000451765
0.000455378
0.00045805
0.000459672
0.000460108
0.000459135
0.00045626
0.000450642
0.000441013
0.00042543
0.000401234
0.000365394
0.000315955
0.000254464
0.000188637
0.000129517
8.33326e-05
4.78629e-05
1.95918e-05
2.18168e-06
4.23734e-07
3.78978e-06
8.6318e-06
1.42824e-05
2.0266e-05
2.61646e-05
3.16504e-05
3.65507e-05
4.08554e-05
4.46743e-05
4.81774e-05
5.15455e-05
5.49407e-05
5.84952e-05
6.23111e-05
6.64655e-05
7.10164e-05
7.60064e-05
8.14653e-05
8.74118e-05
9.38531e-05
0.000100785
0.000108192
0.000116049
0.000124322
0.000132974
0.00014197
0.000151283
0.000160897
0.000170814
0.000181055
0.000191657
0.000202668
0.000214144
0.000226137
0.000238666
0.0002517
0.000265183
0.000279038
0.000293151
0.000307378
0.000321554
0.000335505
0.000349071
0.000362105
0.000374494
0.000386154
0.000397036
0.000407122
0.000416415
0.000424934
0.000432699
0.000439726
0.000446015
0.000451546
0.000456273
0.000460126
0.000463006
0.000464792
0.000465335
0.000464472
0.000461746
0.000456371
0.000447222
0.000432486
0.000409547
0.00037521
0.0003269
0.000265231
0.000197133
0.000134586
8.55924e-05
4.8815e-05
1.99755e-05
2.22388e-06
4.49141e-07
4.01553e-06
9.13994e-06
1.5105e-05
2.13905e-05
2.75382e-05
3.31961e-05
3.81914e-05
4.25325e-05
4.63552e-05
4.98531e-05
5.32237e-05
5.66387e-05
6.02345e-05
6.41138e-05
6.83528e-05
7.30083e-05
7.81221e-05
8.37236e-05
8.98315e-05
9.64542e-05
0.000103589
0.000111223
0.000119332
0.000127885
0.000136846
0.000146179
0.000155854
0.00016585
0.000176162
0.000186797
0.000197779
0.000209138
0.000220912
0.000233133
0.000245807
0.000258893
0.000272328
0.000286034
0.000299901
0.000313799
0.00032758
0.000341095
0.000354205
0.00036679
0.000378758
0.000390049
0.00040063
0.000410496
0.000419657
0.000428134
0.000435945
0.000443096
0.000449572
0.000455335
0.000460316
0.000464417
0.000467517
0.000469469
0.00047011
0.000469327
0.000466705
0.000461479
0.000452678
0.000438638
0.000416839
0.000384002
0.000337039
0.000275642
0.000205713
0.000139841
8.79017e-05
4.97022e-05
2.03207e-05
2.26167e-06
4.75765e-07
4.25185e-06
9.67078e-06
1.59609e-05
2.25533e-05
2.89464e-05
3.4765e-05
3.98404e-05
4.42043e-05
4.80222e-05
5.15129e-05
5.48909e-05
5.83368e-05
6.19901e-05
6.59534e-05
7.03012e-05
7.50889e-05
8.03567e-05
8.61334e-05
9.24378e-05
9.92788e-05
0.000106655
0.000114554
0.000122954
0.000131823
0.000141127
0.000150828
0.000160891
0.00017129
0.000182006
0.000193037
0.000204389
0.000216075
0.000228116
0.000240525
0.000253293
0.000266372
0.000279697
0.000293187
0.000306743
0.000320246
0.00033357
0.000346588
0.000359186
0.000371271
0.000382775
0.000393657
0.000403901
0.000413516
0.000422518
0.000430931
0.000438768
0.000446028
0.000452681
0.00045867
0.000463903
0.000468256
0.000471579
0.000473699
0.000474431
0.000473704
0.000471147
0.000465989
0.000457411
0.000443912
0.000423112
0.000391722
0.000346264
0.000285537
0.000214266
0.00014525
9.02625e-05
5.05223e-05
2.06231e-05
2.29453e-06
5.03619e-07
4.49878e-06
1.02241e-05
1.68491e-05
2.37509e-05
3.03826e-05
3.63476e-05
4.1486e-05
4.58588e-05
4.96644e-05
5.31486e-05
5.65424e-05
6.00341e-05
6.37654e-05
6.78377e-05
7.23231e-05
7.72748e-05
8.27312e-05
8.872e-05
9.52598e-05
0.00010236
0.000110018
0.000118224
0.000126955
0.00013618
0.000145863
0.000155963
0.000166439
0.000177257
0.000188387
0.000199812
0.000211522
0.000223515
0.00023579
0.000248345
0.000261157
0.000274175
0.000287329
0.000300543
0.000313724
0.000326772
0.00033958
0.000352047
0.000364084
0.000375623
0.000386619
0.000397052
0.000406925
0.000416256
0.000425069
0.000433389
0.000441227
0.000448572
0.000455382
0.000461581
0.000467054
0.000471651
0.000475194
0.000477478
0.000478292
0.0004776
0.00047507
0.00046991
0.000461441
0.000448332
0.000428373
0.000398338
0.000354477
0.000294762
0.000222665
0.00015077
9.26736e-05
5.12736e-05
2.08781e-05
2.32194e-06
5.32703e-07
4.75625e-06
1.07994e-05
1.77673e-05
2.49785e-05
3.18385e-05
3.79318e-05
4.31141e-05
4.74815e-05
5.12692e-05
5.47504e-05
5.8172e-05
6.17287e-05
6.55627e-05
6.97731e-05
7.44289e-05
7.95804e-05
8.52637e-05
9.15053e-05
9.83225e-05
0.000105724
0.000113709
0.000122264
0.000131369
0.00014099
0.000151088
0.000161617
0.000172531
0.000183783
0.000195335
0.000207152
0.000219208
0.000231483
0.00024396
0.000256621
0.000269431
0.000282334
0.000295263
0.000308143
0.000320895
0.000333434
0.000345675
0.000357543
0.000368974
0.000379925
0.000390376
0.000400325
0.000409791
0.000418803
0.000427394
0.000435588
0.000443394
0.000450792
0.000457729
0.000464109
0.000469797
0.000474619
0.000478365
0.000480801
0.000481682
0.000481005
0.000478467
0.000473241
0.000464777
0.000451914
0.000432631
0.000403827
0.000361596
0.000303168
0.000230771
0.000156343
9.51257e-05
5.19552e-05
2.10811e-05
2.34337e-06
5.63007e-07
5.02405e-06
1.13957e-05
1.87128e-05
2.62296e-05
3.33028e-05
3.95028e-05
4.47079e-05
4.90559e-05
5.2822e-05
5.63073e-05
5.97728e-05
6.34177e-05
6.73829e-05
7.17643e-05
7.66268e-05
8.2017e-05
8.79685e-05
9.45056e-05
0.000101644
0.000109393
0.000117748
0.000126698
0.000136218
0.000146274
0.000156821
0.000167809
0.000179183
0.000190885
0.000202863
0.000215069
0.000227458
0.000239993
0.000252642
0.000265371
0.000278136
0.000290879
0.000303533
0.000316031
0.000328306
0.00034029
0.000351923
0.000363152
0.00037394
0.000384269
0.00039414
0.000403573
0.0004126
0.000421261
0.000429593
0.000437624
0.000445358
0.000452768
0.000459788
0.000466308
0.000472173
0.000477183
0.000481102
0.000483663
0.000484584
0.0004839
0.000481315
0.000475965
0.000467414
0.000454664
0.000435889
0.000408171
0.000367549
0.000310627
0.000238435
0.000161898
9.76041e-05
5.2566e-05
2.12263e-05
2.35797e-06
5.94502e-07
5.3018e-06
1.20115e-05
1.96812e-05
2.74954e-05
3.47619e-05
4.10425e-05
4.62475e-05
5.0563e-05
5.43067e-05
5.78069e-05
6.13367e-05
6.50971e-05
6.92257e-05
7.38139e-05
7.8922e-05
8.45919e-05
9.08541e-05
9.77305e-05
0.000105235
0.000113375
0.000122145
0.000131531
0.000141507
0.000152034
0.000163064
0.000174537
0.00018639
0.000198555
0.000210965
0.000223554
0.000236263
0.000249039
0.000261832
0.000274596
0.000287279
0.000299821
0.000312161
0.000324238
0.000335999
0.000347395
0.000358388
0.000368949
0.000379068
0.000388749
0.000398015
0.000406904
0.000415462
0.000423739
0.000431776
0.000439602
0.000447217
0.000454587
0.000461636
0.00046824
0.000474224
0.000479369
0.000483413
0.000486055
0.000486975
0.000486256
0.000483581
0.000478046
0.000469324
0.000456539
0.000438112
0.000411351
0.000372272
0.00031702
0.000245505
0.000167348
0.000100095
5.31057e-05
2.12975e-05
2.36447e-06
6.27143e-07
5.58893e-06
1.26445e-05
2.06669e-05
2.87651e-05
3.61986e-05
4.25297e-05
4.77105e-05
5.1982e-05
5.57063e-05
5.92368e-05
6.28555e-05
6.67625e-05
7.10898e-05
7.59229e-05
8.13167e-05
8.73078e-05
9.39231e-05
0.000101182
0.000109095
0.000117667
0.000126892
0.000136753
0.000147221
0.000158251
0.00016979
0.000181772
0.00019412
0.000206757
0.000219599
0.000232567
0.000245585
0.000258582
0.000271496
0.000284269
0.000296842
0.000309155
0.000321152
0.000332782
0.000344005
0.000354793
0.000365127
0.000375005
0.00038444
0.000393458
0.000402103
0.000410428
0.000418492
0.000426352
0.000434056
0.00044163
0.000449072
0.000456341
0.000463351
0.000469965
0.000475995
0.000481201
0.000485299
0.000487959
0.000488819
0.00048803
0.000485207
0.000479369
0.000470354
0.000457417
0.000439167
0.000413183
0.000375704
0.00032224
0.000251821
0.000172588
0.000102576
5.35761e-05
2.13146e-05
2.36477e-06
6.60864e-07
5.8846e-06
1.3292e-05
2.16627e-05
3.00246e-05
3.75928e-05
4.394e-05
4.90722e-05
5.32913e-05
5.70038e-05
6.0585e-05
6.43217e-05
6.841e-05
7.29736e-05
7.80913e-05
8.38106e-05
9.0163e-05
9.71716e-05
0.000104851
0.000113212
0.000122253
0.000131967
0.000142335
0.000153321
0.000164879
0.000176947
0.000189451
0.000202305
0.000215416
0.00022869
0.00024203
0.000255345
0.00026855
0.000281568
0.000294331
0.000306776
0.000318844
0.000330483
0.000341654
0.000352333
0.000362508
0.000372183
0.000381377
0.000390127
0.000398479
0.000406496
0.000414245
0.000421795
0.00042921
0.000436541
0.000443812
0.000451018
0.000458113
0.000465001
0.000471536
0.000477516
0.000482689
0.000486748
0.000489339
0.000490039
0.000489106
0.000486017
0.00047988
0.000470622
0.000457539
0.000439361
0.000413835
0.000377589
0.000326183
0.000257226
0.000177496
0.000105015
5.39751e-05
2.12662e-05
2.35734e-06
6.95576e-07
6.18773e-06
1.395e-05
2.26591e-05
3.12572e-05
3.89206e-05
4.52465e-05
5.03068e-05
5.44698e-05
5.81843e-05
6.18424e-05
6.5731e-05
7.0038e-05
7.48774e-05
8.03186e-05
8.64015e-05
9.31528e-05
0.00010059
0.000108725
0.000117563
0.000127102
0.000137331
0.000148225
0.000159748
0.000171846
0.000184452
0.000197481
0.00021084
0.000224423
0.000238121
0.000251824
0.000265425
0.000278825
0.000291936
0.000304681
0.000316992
0.000328812
0.000340096
0.000350816
0.000360961
0.000370537
0.000379569
0.000388098
0.000396177
0.000403875
0.000411268
0.000418436
0.000425457
0.000432399
0.000439314
0.000446226
0.000453126
0.000459961
0.00046663
0.000472978
0.000478794
0.000483814
0.000487703
0.000490077
0.000490548
0.000489453
0.000486091
0.000479603
0.000469986
0.000456632
0.000438447
0.000413431
0.000378195
0.000328563
0.000261561
0.000181937
0.000107368
5.43003e-05
2.11424e-05
2.34157e-06
7.31168e-07
6.49691e-06
1.46136e-05
2.36446e-05
3.24427e-05
4.01549e-05
4.64202e-05
5.13891e-05
5.5499e-05
5.92368e-05
6.30045e-05
6.70832e-05
7.16488e-05
7.68035e-05
8.26052e-05
8.9087e-05
9.62696e-05
0.000104165
0.00011278
0.000122118
0.000132172
0.000142928
0.000154358
0.00016642
0.000179057
0.000192194
0.00020574
0.000219591
0.000233631
0.000247738
0.000261788
0.000275662
0.000289249
0.000302447
0.000315174
0.000327358
0.000338943
0.000349892
0.000360186
0.000369827
0.00037884
0.000387265
0.000395161
0.000402601
0.000409669
0.000416452
0.000423042
0.000429522
0.000435963
0.000442418
0.000448908
0.00045542
0.000461897
0.000468233
0.000474268
0.000479785
0.000484491
0.000488078
0.000490154
0.000490324
0.000488961
0.000485157
0.000478239
0.000468205
0.000454519
0.000436231
0.000411585
0.000377502
0.000329461
0.000264636
0.000185763
0.000109579
5.45493e-05
2.09453e-05
2.31755e-06
7.67502e-07
6.8104e-06
1.52768e-05
2.4605e-05
3.35575e-05
4.12664e-05
4.74322e-05
5.22968e-05
5.6366e-05
6.01574e-05
6.40742e-05
6.83851e-05
7.32502e-05
7.87574e-05
8.49538e-05
9.18645e-05
9.95029e-05
0.000107876
0.000116988
0.000126836
0.00013741
0.000148692
0.00016065
0.000173239
0.000186396
0.000200042
0.000214078
0.000228393
0.000242862
0.000257352
0.000271727
0.000285857
0.000299619
0.000312903
0.000325619
0.000337693
0.000349071
0.000359721
0.000369632
0.000378819
0.00038732
0.00039519
0.000402505
0.00040935
0.000415822
0.000422019
0.000428037
0.000433966
0.000439877
0.00044582
0.000451816
0.000457849
0.000463857
0.00046973
0.000475308
0.000480353
0.000484615
0.00048775
0.000489341
0.000489142
0.000487353
0.000482971
0.000475568
0.000465075
0.000451016
0.000432571
0.000408202
0.000375139
0.000329099
0.000266104
0.000188814
0.000111575
5.47028e-05
2.06766e-05
2.28554e-06
8.04417e-07
7.12601e-06
1.59318e-05
2.55234e-05
3.4575e-05
4.2224e-05
4.82559e-05
5.30136e-05
5.70667e-05
6.09518e-05
6.50635e-05
6.9651e-05
7.48551e-05
8.0749e-05
8.73684e-05
9.47292e-05
0.000102839
0.000111701
0.000121312
0.000131667
0.000142751
0.000154541
0.000167004
0.000180089
0.000193731
0.000207844
0.000222327
0.000237061
0.000251914
0.000266746
0.000281413
0.000295774
0.000309696
0.000323065
0.000335782
0.00034777
0.000358977
0.000369374
0.000378959
0.000387756
0.000395811
0.000403192
0.000409987
0.00041629
0.000422207
0.000427843
0.000433298
0.000438662
0.000444007
0.000449381
0.000454801
0.00046025
0.000465663
0.00047093
0.000475883
0.000480308
0.000483936
0.000486434
0.000487369
0.000486738
0.000484325
0.00047924
0.000471309
0.000460329
0.000445885
0.000427265
0.000403128
0.000371002
0.000326865
0.000266394
0.00019077
0.000113268
5.47636e-05
2.03412e-05
2.24597e-06
8.41719e-07
7.44105e-06
1.65694e-05
2.63796e-05
3.5466e-05
4.29977e-05
4.88704e-05
5.35334e-05
5.76089e-05
6.16379e-05
6.59947e-05
7.09028e-05
7.64819e-05
8.27897e-05
8.98502e-05
9.76717e-05
0.000106256
0.000115601
0.000125701
0.000136543
0.00014811
0.000160375
0.000173301
0.000186833
0.000200904
0.000215425
0.000230292
0.000245382
0.000260559
0.000275677
0.000290588
0.000305142
0.000319203
0.000332647
0.000345372
0.000357299
0.000368374
0.000378571
0.000387892
0.000396366
0.000404046
0.00041101
0.000417348
0.000423164
0.000428566
0.000433663
0.000438557
0.000443335
0.000448069
0.000452804
0.000457556
0.000462305
0.000466986
0.000471489
0.000475654
0.000479267
0.000482074
0.000483747
0.000483903
0.000482696
0.000479449
0.000473625
0.000465114
0.000453636
0.000438822
0.000420054
0.00039616
0.000364944
0.000322692
0.000264992
0.000191541
0.000114547
5.47593e-05
1.99451e-05
2.19925e-06
8.79182e-07
7.75221e-06
1.71781e-05
2.71506e-05
3.61996e-05
4.35607e-05
4.92641e-05
5.38636e-05
5.80152e-05
6.22461e-05
6.6899e-05
7.21676e-05
7.81489e-05
8.48853e-05
9.23911e-05
0.000100668
0.000109712
0.000119518
0.000130073
0.000141364
0.000153367
0.000166053
0.00017938
0.000193292
0.000207717
0.000222567
0.000237736
0.0002531
0.000268522
0.000283854
0.000298943
0.00031364
0.000327801
0.0003413
0.000354031
0.000365911
0.000376884
0.000386926
0.000396038
0.000404252
0.000411624
0.000418232
0.00042417
0.000429544
0.000434462
0.000439032
0.000443353
0.000447511
0.000451577
0.000455591
0.00045957
0.000463493
0.000467297
0.000470874
0.000474076
0.000476689
0.00047849
0.000479151
0.000478536
0.000476435
0.000472211
0.000465669
0.000456551
0.000444592
0.000429463
0.000410622
0.00038704
0.000356774
0.000316434
0.000261672
0.000191361
0.000115166
5.4609e-05
1.94879e-05
2.14535e-06
9.16528e-07
8.05529e-06
1.77438e-05
2.78099e-05
3.67457e-05
4.38935e-05
4.94392e-05
5.40285e-05
5.83225e-05
6.28161e-05
6.78114e-05
7.34688e-05
7.98634e-05
8.70244e-05
9.49582e-05
0.000103661
0.000113126
0.000123343
0.000134298
0.000145972
0.00015834
0.000171367
0.000185009
0.000199208
0.000213892
0.000228971
0.00024434
0.000259877
0.000275445
0.000290897
0.000306082
0.000320848
0.000335052
0.000348566
0.000361278
0.000373106
0.000383989
0.000393901
0.00040284
0.000410837
0.000417945
0.00042424
0.000429816
0.000434773
0.000439216
0.00044325
0.00044697
0.000450459
0.000453785
0.000456986
0.00046008
0.000463058
0.000465845
0.000468323
0.000470396
0.000471834
0.000472465
0.000472068
0.000470488
0.000467247
0.000462117
0.000454823
0.00044511
0.000432733
0.000417392
0.000398605
0.000375468
0.000346255
0.000307908
0.000256276
0.000189489
0.000115282
5.4316e-05
1.89711e-05
2.08406e-06
9.53402e-07
8.34483e-06
1.82492e-05
2.83284e-05
3.70766e-05
4.39881e-05
4.9419e-05
5.40685e-05
5.85774e-05
6.33891e-05
6.87578e-05
7.48111e-05
8.16046e-05
8.91575e-05
9.74711e-05
0.000106539
0.000116351
0.000126896
0.000138157
0.000150114
0.000162738
0.000175994
0.000189833
0.000204198
0.000219016
0.000234198
0.00024964
0.000265223
0.000280815
0.000296271
0.000311443
0.000326182
0.000340346
0.000353805
0.000366447
0.000378186
0.000388958
0.000398732
0.000407501
0.00041529
0.000422146
0.000428141
0.000433358
0.000437894
0.000441847
0.000445313
0.000448384
0.000451137
0.000453651
0.000455974
0.000458095
0.000459989
0.000461589
0.000462822
0.000463638
0.00046375
0.00046319
0.000461631
0.000458802
0.000454507
0.000448477
0.00044046
0.000430226
0.000417547
0.000402152
0.000383608
0.000361111
0.000333125
0.000296927
0.000248638
0.00018586
0.000114508
5.38259e-05
1.83843e-05
2.01453e-06
9.89303e-07
8.61343e-06
1.86727e-05
2.86747e-05
3.71715e-05
4.38777e-05
4.92606e-05
5.40389e-05
5.88244e-05
6.39894e-05
6.97342e-05
7.6156e-05
8.3296e-05
9.11672e-05
9.97691e-05
0.000109094
0.000119133
0.000129875
0.000141303
0.000153394
0.000166121
0.000179447
0.000193323
0.000207691
0.000222479
0.0002376
0.000252954
0.000268427
0.000283888
0.0002992
0.000314221
0.000328804
0.000342809
0.000356109
0.000368591
0.000380164
0.000390763
0.000400347
0.000408905
0.000416452
0.000423028
0.000428692
0.000433521
0.000437623
0.000441076
0.000443956
0.000446347
0.000448316
0.000449942
0.000451227
0.000452215
0.000452905
0.000453222
0.000453125
0.000452625
0.000451453
0.000449528
0.000446696
0.000442725
0.00043742
0.000430559
0.000421925
0.000411313
0.000398516
0.000383285
0.000365226
0.000343621
0.000317117
0.0002833
0.000238607
0.000180304
0.000112643
5.30739e-05
1.77263e-05
1.93631e-06
1.02346e-06
8.85059e-06
1.89867e-05
2.88157e-05
3.70451e-05
4.35678e-05
4.89726e-05
5.39729e-05
5.90798e-05
6.45958e-05
7.06735e-05
7.73868e-05
8.4768e-05
9.28288e-05
0.000101571
0.000110989
0.000121075
0.000131822
0.000143215
0.000155234
0.000167851
0.000181032
0.000194727
0.000208881
0.000223423
0.000238271
0.000253329
0.000268488
0.000283645
0.000298655
0.000313374
0.000327661
0.00034138
0.000354402
0.000366616
0.000377929
0.000388267
0.000397585
0.000405863
0.000413107
0.000419345
0.000424627
0.000429018
0.000432585
0.000435398
0.000437541
0.000439102
0.000440145
0.000440773
0.000440958
0.000440784
0.000440268
0.000439301
0.000437896
0.000436033
0.000433562
0.000430383
0.000426372
0.00042136
0.00041518
0.000407654
0.000398594
0.000387827
0.000375161
0.000360366
0.000343087
0.00032269
0.000297981
0.000266838
0.000226029
0.000172654
0.000109529
5.19743e-05
1.69933e-05
1.84869e-06
1.05453e-06
9.04071e-06
1.9156e-05
2.87331e-05
3.66764e-05
4.30743e-05
4.86058e-05
5.38754e-05
5.92934e-05
6.50973e-05
7.13997e-05
7.82604e-05
8.57098e-05
9.37634e-05
0.000102429
0.000111707
0.000121593
0.000132085
0.000143179
0.000154873
0.000167127
0.000179907
0.00019317
0.000206861
0.000220916
0.000235259
0.000249799
0.000264431
0.000279032
0.000293481
0.000307646
0.000321393
0.000334589
0.000347109
0.000358842
0.000369691
0.000379578
0.000388449
0.000396278
0.000403059
0.000408809
0.000413567
0.000417386
0.000420324
0.000422426
0.000423776
0.000424477
0.000424611
0.000424302
0.000423477
0.00042216
0.000420452
0.000418301
0.000415695
0.000412618
0.000408992
0.000404735
0.000399753
0.000393923
0.000387114
0.000379184
0.000369979
0.000359346
0.000347119
0.000333086
0.000316929
0.00029809
0.000275525
0.000247385
0.000210776
0.000162784
0.000104978
5.04196e-05
1.61779e-05
1.7506e-06
1.08025e-06
9.16008e-06
1.91345e-05
2.83997e-05
3.6044e-05
4.24214e-05
4.81405e-05
5.36598e-05
5.92893e-05
6.52331e-05
7.15689e-05
7.8353e-05
8.56296e-05
9.34302e-05
0.00010176
0.000110626
0.000120028
0.000129973
0.000140457
0.000151465
0.000162985
0.00017499
0.000187441
0.000200288
0.000213478
0.000226938
0.000240585
0.000254321
0.000268031
0.000281599
0.000294902
0.000307811
0.000320202
0.000331952
0.000342951
0.000353103
0.000362332
0.00037058
0.000377806
0.000383997
0.000389157
0.000393316
0.000396518
0.000398807
0.000400198
0.000400785
0.000400704
0.000400115
0.000398864
0.000397086
0.000394816
0.000392114
0.000388976
0.000385402
0.000381385
0.000376889
0.000371861
0.000366234
0.000359923
0.00035283
0.000344844
0.000335843
0.000325698
0.000314261
0.000301344
0.000286664
0.000269737
0.000249667
0.000224864
0.000192774
0.00015058
9.88115e-05
4.82717e-05
1.5277e-05
1.64055e-06
1.09671e-06
9.17179e-06
1.88977e-05
2.77225e-05
3.51388e-05
4.15528e-05
4.7428e-05
5.30861e-05
5.87708e-05
6.46143e-05
7.07198e-05
7.71479e-05
8.39396e-05
9.11295e-05
9.87467e-05
0.00010681
0.000115324
0.000124309
0.00013377
0.000143698
0.000154086
0.000164916
0.00017616
0.000187781
0.000199725
0.000211927
0.00022431
0.000236787
0.000249254
0.000261602
0.000273716
0.000285478
0.000296768
0.00030747
0.000317478
0.000326697
0.000335049
0.000342473
0.000348925
0.000354384
0.000358845
0.000362333
0.000364882
0.000366518
0.000367216
0.000367139
0.000366533
0.000365208
0.000363257
0.000360785
0.000357833
0.000354453
0.000350668
0.00034649
0.000341927
0.000336969
0.000331586
0.000325739
0.000319369
0.000312407
0.000304771
0.000296365
0.000287082
0.000276795
0.000265338
0.000252466
0.000237769
0.000220502
0.000199331
0.000172042
0.000135999
9.08997e-05
4.53629e-05
1.42675e-05
1.51543e-06
1.0977e-06
9.04575e-06
1.83141e-05
2.66483e-05
3.38568e-05
4.02418e-05
4.60904e-05
5.16329e-05
5.70488e-05
6.24533e-05
6.7957e-05
7.36362e-05
7.95478e-05
8.57469e-05
9.22756e-05
9.91646e-05
0.000106446
0.00011413
0.000122224
0.000130729
0.000139639
0.000148943
0.000158619
0.000168639
0.000178957
0.000189519
0.000200259
0.000211099
0.00022195
0.000232714
0.000243287
0.00025356
0.000263426
0.000272778
0.000281516
0.00028955
0.000296805
0.000303219
0.000308749
0.00031337
0.000317069
0.000319868
0.000321793
0.000322847
0.000322959
0.000322543
0.000321476
0.000319711
0.000317391
0.000314583
0.000311334
0.000307696
0.000303705
0.000299383
0.000294749
0.000289807
0.000284548
0.000278949
0.000272975
0.000266579
0.0002597
0.000252266
0.00024419
0.000235367
0.000225657
0.000214855
0.000202627
0.000188378
0.000171033
0.000148736
0.00011909
8.11684e-05
4.15114e-05
1.31145e-05
1.37091e-06
1.07284e-06
8.67266e-06
1.72456e-05
2.5021e-05
3.19017e-05
3.79811e-05
4.34293e-05
4.84376e-05
5.31476e-05
5.76934e-05
6.22022e-05
6.67797e-05
7.15082e-05
7.64411e-05
8.16239e-05
8.70915e-05
9.28754e-05
9.89933e-05
0.000105456
0.000112267
0.000119424
0.000126921
0.000134741
0.000142863
0.000151251
0.000159863
0.000168643
0.000177529
0.000186444
0.000195307
0.000204028
0.000212516
0.000220675
0.000228414
0.000235644
0.000242285
0.000248268
0.000253538
0.000258052
0.000261785
0.000264724
0.000266882
0.000268288
0.000268886
0.00026873
0.000268128
0.00026687
0.000265041
0.00026273
0.000259994
0.000256882
0.000253444
0.000249715
0.000245727
0.000241498
0.000237043
0.000232363
0.000227449
0.00022228
0.000216826
0.000211044
0.000204883
0.000198274
0.000191135
0.000183355
0.000174771
0.000165127
0.00015397
0.000140487
0.000123204
0.000100031
6.96198e-05
3.65756e-05
1.17367e-05
1.20177e-06
1.0007e-06
7.90599e-06
1.55271e-05
2.25242e-05
2.86727e-05
3.39456e-05
3.84808e-05
4.24669e-05
4.60748e-05
4.94551e-05
5.27387e-05
5.60316e-05
5.94153e-05
6.29455e-05
6.66649e-05
7.06056e-05
7.47943e-05
7.92492e-05
8.39807e-05
8.89928e-05
9.42852e-05
9.98532e-05
0.000105686
0.000111768
0.000118074
0.00012457
0.000131217
0.000137964
0.000144756
0.000151526
0.000158206
0.000164722
0.000170998
0.000176962
0.000182541
0.000187669
0.000192291
0.000196358
0.000199834
0.000202698
0.000204934
0.000206547
0.000207576
0.000207919
0.000207724
0.000207148
0.000206017
0.000204448
0.000202492
0.000200196
0.000197602
0.000194753
0.00019168
0.000188413
0.000184969
0.000181366
0.000177609
0.000173698
0.000169621
0.00016536
0.000160889
0.000156169
0.000151155
0.000145784
0.000139975
0.00013361
0.000126505
0.000118344
0.000108558
9.60709e-05
7.91909e-05
5.63767e-05
3.04897e-05
1.00203e-05
1.00764e-06
8.55174e-07
6.60826e-06
1.28852e-05
1.85869e-05
2.3366e-05
2.7267e-05
3.04587e-05
3.31392e-05
3.54808e-05
3.76226e-05
3.96755e-05
4.17257e-05
4.38383e-05
4.60582e-05
4.84176e-05
5.09403e-05
5.3645e-05
5.65451e-05
5.96485e-05
6.29586e-05
6.64754e-05
7.01954e-05
7.41115e-05
7.82129e-05
8.24832e-05
8.69005e-05
9.14373e-05
9.606e-05
0.00010073
0.000105401
0.000110027
0.000114554
0.00011893
0.000123102
0.000127017
0.00013063
0.000133897
0.000136782
0.000139259
0.000141308
0.000142919
0.000144086
0.000144844
0.000145111
0.000144988
0.000144603
0.000143818
0.000142708
0.000141318
0.000139682
0.000137831
0.000135794
0.000133597
0.000131263
0.000128806
0.00012624
0.000123573
0.000120807
0.000117938
0.000114956
0.000111846
0.000108583
0.000105138
0.000101471
9.75276e-05
9.32313e-05
8.84637e-05
8.30251e-05
7.6558e-05
6.83688e-05
5.72517e-05
4.17631e-05
2.32791e-05
7.84139e-06
8.05007e-07
6.21418e-07
4.68114e-06
9.0266e-06
1.27486e-05
1.56781e-05
1.79561e-05
1.9749e-05
2.12081e-05
2.24545e-05
2.35805e-05
2.46561e-05
2.57343e-05
2.68547e-05
2.80452e-05
2.93251e-05
3.07085e-05
3.22057e-05
3.38242e-05
3.5569e-05
3.74422e-05
3.94441e-05
4.15725e-05
4.38236e-05
4.61912e-05
4.86663e-05
5.12367e-05
5.38869e-05
5.65979e-05
5.9347e-05
6.21087e-05
6.48544e-05
6.75537e-05
7.01747e-05
7.26856e-05
7.50551e-05
7.72539e-05
7.92553e-05
8.10367e-05
8.25797e-05
8.38711e-05
8.49034e-05
8.56694e-05
8.61899e-05
8.64252e-05
8.6391e-05
8.62171e-05
8.58154e-05
8.5188e-05
8.43885e-05
8.34369e-05
8.23483e-05
8.11437e-05
7.98375e-05
7.8444e-05
7.69737e-05
7.54365e-05
7.38385e-05
7.21823e-05
7.04669e-05
6.86881e-05
6.68376e-05
6.49034e-05
6.28687e-05
6.07114e-05
5.84012e-05
5.58955e-05
5.31296e-05
4.99957e-05
4.6304e-05
4.16813e-05
3.54299e-05
2.64999e-05
1.52231e-05
5.23542e-06
5.70432e-07
3.34907e-07
2.283e-06
4.26307e-06
5.86605e-06
7.09422e-06
8.03491e-06
8.76969e-06
9.36401e-06
9.86873e-06
1.03227e-05
1.07554e-05
1.11897e-05
1.16425e-05
1.2126e-05
1.26491e-05
1.32176e-05
1.38361e-05
1.45079e-05
1.52352e-05
1.60191e-05
1.686e-05
1.77569e-05
1.87086e-05
1.97126e-05
2.07652e-05
2.18617e-05
2.29958e-05
2.41596e-05
2.53438e-05
2.65378e-05
2.77293e-05
2.89056e-05
3.00528e-05
3.1157e-05
3.22045e-05
3.31822e-05
3.40781e-05
3.48817e-05
3.55842e-05
3.61791e-05
3.66626e-05
3.70302e-05
3.729e-05
3.74313e-05
3.74378e-05
3.73895e-05
3.72514e-05
3.69994e-05
3.66709e-05
3.62741e-05
3.58128e-05
3.52983e-05
3.47363e-05
3.41342e-05
3.3497e-05
3.28291e-05
3.21336e-05
3.14121e-05
3.06648e-05
2.989e-05
2.90847e-05
2.82441e-05
2.73613e-05
2.64271e-05
2.54291e-05
2.43497e-05
2.31627e-05
2.1825e-05
2.02621e-05
1.83278e-05
1.57428e-05
1.2007e-05
7.05884e-06
2.42693e-06
2.89789e-07
5.22163e-08
2.60731e-07
4.78517e-07
6.54128e-07
7.89088e-07
8.92718e-07
9.7397e-07
1.03977e-06
1.09555e-06
1.14557e-06
1.1931e-06
1.24066e-06
1.29017e-06
1.34304e-06
1.40024e-06
1.46247e-06
1.53024e-06
1.60393e-06
1.6838e-06
1.76998e-06
1.86251e-06
1.96133e-06
2.06628e-06
2.17712e-06
2.29345e-06
2.41477e-06
2.54038e-06
2.66945e-06
2.80095e-06
2.9337e-06
3.06638e-06
3.19755e-06
3.32569e-06
3.44925e-06
3.56668e-06
3.67651e-06
3.77738e-06
3.8681e-06
3.94765e-06
4.01529e-06
4.07055e-06
4.1129e-06
4.14318e-06
4.16045e-06
4.16222e-06
4.15772e-06
4.1438e-06
4.11663e-06
4.08079e-06
4.03737e-06
3.98707e-06
3.93072e-06
3.86901e-06
3.80273e-06
3.73246e-06
3.65871e-06
3.58184e-06
3.50207e-06
3.41941e-06
3.33373e-06
3.24471e-06
3.15182e-06
3.05436e-06
2.95132e-06
2.84139e-06
2.72268e-06
2.59243e-06
2.44611e-06
2.27601e-06
2.06699e-06
1.78997e-06
1.3895e-06
8.478e-07
3.17199e-07
5.01233e-08
)
;

boundaryField
{
    movingWall
    {
        type            kqRWallFunction;
        value           nonuniform List<scalar> 
75
(
5.22163e-08
2.60731e-07
4.78517e-07
6.54128e-07
7.89088e-07
8.92718e-07
9.7397e-07
1.03977e-06
1.09555e-06
1.14557e-06
1.1931e-06
1.24066e-06
1.29017e-06
1.34304e-06
1.40024e-06
1.46247e-06
1.53024e-06
1.60393e-06
1.6838e-06
1.76998e-06
1.86251e-06
1.96133e-06
2.06628e-06
2.17712e-06
2.29345e-06
2.41477e-06
2.54038e-06
2.66945e-06
2.80095e-06
2.9337e-06
3.06638e-06
3.19755e-06
3.32569e-06
3.44925e-06
3.56668e-06
3.67651e-06
3.77738e-06
3.8681e-06
3.94765e-06
4.01529e-06
4.07055e-06
4.1129e-06
4.14318e-06
4.16045e-06
4.16222e-06
4.15772e-06
4.1438e-06
4.11663e-06
4.08079e-06
4.03737e-06
3.98707e-06
3.93072e-06
3.86901e-06
3.80273e-06
3.73246e-06
3.65871e-06
3.58184e-06
3.50207e-06
3.41941e-06
3.33373e-06
3.24471e-06
3.15182e-06
3.05436e-06
2.95132e-06
2.84139e-06
2.72268e-06
2.59243e-06
2.44611e-06
2.27601e-06
2.06699e-06
1.78997e-06
1.3895e-06
8.478e-07
3.17199e-07
5.01233e-08
)
;
    }
    fixedWalls
    {
        type            kqRWallFunction;
        value           nonuniform List<scalar> 
225
(
1.91999e-10
1.45115e-09
3.08303e-09
5.04478e-09
7.27752e-09
9.74169e-09
1.2414e-08
1.52818e-08
1.83395e-08
2.15865e-08
2.50257e-08
2.86627e-08
3.25053e-08
3.65633e-08
4.0848e-08
4.53722e-08
5.01497e-08
5.51954e-08
6.05255e-08
6.61567e-08
7.21071e-08
7.83955e-08
8.5044e-08
9.20726e-08
9.95022e-08
1.07355e-07
1.15656e-07
1.24429e-07
1.337e-07
1.43496e-07
1.53847e-07
1.64782e-07
1.76333e-07
1.88533e-07
2.01417e-07
2.1502e-07
2.2938e-07
2.44538e-07
2.60532e-07
2.77407e-07
2.95203e-07
3.13965e-07
3.33736e-07
3.54559e-07
3.76475e-07
3.99522e-07
4.23734e-07
4.49141e-07
4.75765e-07
5.03619e-07
5.32703e-07
5.63007e-07
5.94502e-07
6.27143e-07
6.60864e-07
6.95576e-07
7.31168e-07
7.67502e-07
8.04417e-07
8.41719e-07
8.79182e-07
9.16528e-07
9.53402e-07
9.89303e-07
1.02346e-06
1.05453e-06
1.08025e-06
1.09671e-06
1.0977e-06
1.07284e-06
1.0007e-06
8.55174e-07
6.21418e-07
3.34907e-07
5.22163e-08
2.81098e-09
2.12255e-08
4.49154e-08
7.29693e-08
1.04192e-07
1.37663e-07
1.72718e-07
2.08893e-07
2.45882e-07
2.83552e-07
3.21765e-07
3.60493e-07
3.99779e-07
4.39711e-07
4.80406e-07
5.21994e-07
5.64608e-07
6.08373e-07
6.53396e-07
6.99765e-07
7.47545e-07
7.96777e-07
8.47477e-07
8.99641e-07
9.53245e-07
1.00825e-06
1.0646e-06
1.12222e-06
1.18102e-06
1.24091e-06
1.30176e-06
1.36343e-06
1.42576e-06
1.48856e-06
1.55162e-06
1.61471e-06
1.67757e-06
1.73994e-06
1.80153e-06
1.86201e-06
1.92106e-06
1.97832e-06
2.03343e-06
2.08599e-06
2.13556e-06
2.18168e-06
2.22388e-06
2.26167e-06
2.29453e-06
2.32194e-06
2.34337e-06
2.35797e-06
2.36447e-06
2.36477e-06
2.35734e-06
2.34157e-06
2.31755e-06
2.28554e-06
2.24597e-06
2.19925e-06
2.14535e-06
2.08406e-06
2.01453e-06
1.93631e-06
1.84869e-06
1.7506e-06
1.64055e-06
1.51543e-06
1.37091e-06
1.20177e-06
1.00764e-06
8.05007e-07
5.70432e-07
2.89789e-07
5.01233e-08
1.91999e-10
1.29864e-09
2.89025e-09
4.78173e-09
6.88484e-09
9.14442e-09
1.15233e-08
1.39975e-08
1.6555e-08
1.91947e-08
2.19257e-08
2.47677e-08
2.77494e-08
3.09084e-08
3.42906e-08
3.7949e-08
4.19433e-08
4.63391e-08
5.12071e-08
5.66223e-08
6.26635e-08
6.94123e-08
7.69526e-08
8.53692e-08
9.47476e-08
1.05172e-07
1.16727e-07
1.29492e-07
1.43544e-07
1.58955e-07
1.75794e-07
1.9412e-07
2.13988e-07
2.35445e-07
2.58529e-07
2.8327e-07
3.09689e-07
3.37798e-07
3.67595e-07
3.99066e-07
4.32176e-07
4.66871e-07
5.03064e-07
5.40632e-07
5.79397e-07
6.19118e-07
6.59469e-07
7.00023e-07
7.40233e-07
7.79408e-07
8.16698e-07
8.51079e-07
8.81325e-07
9.05937e-07
9.22608e-07
9.30095e-07
9.30401e-07
9.18478e-07
8.93663e-07
8.55848e-07
8.05419e-07
7.43512e-07
6.7211e-07
5.93969e-07
5.12384e-07
4.30837e-07
3.52596e-07
2.80342e-07
2.15914e-07
1.60223e-07
1.13326e-07
7.46624e-08
4.34173e-08
1.90842e-08
2.81098e-09
)
;
    }
    frontAndBack
    {
        type            empty;
    }
}


// ************************************************************************* //
