/*--------------------------------*- C++ -*----------------------------------*\
  =========                 |
  \\      /  F ield         | OpenFOAM: The Open Source CFD Toolbox
   \\    /   O peration     | Website:  https://openfoam.org
    \\  /    A nd           | Version:  12
     \\/     M anipulation  |
\*---------------------------------------------------------------------------*/
FoamFile
{
    format      ascii;
    class       volScalarField;
    location    "8.5";
    object      p;
}
// * * * * * * * * * * * * * * * * * * * * * * * * * * * * * * * * * * * * * //

dimensions      [0 2 -2 0 0 0 0];

internalField   nonuniform List<scalar> 
5625
(
-1.71067e-09
-1.83392e-05
-9.33273e-05
-0.000227725
-0.000405928
-0.000612962
-0.000836321
-0.00106554
-0.00129212
-0.0015093
-0.00171184
-0.0018957
-0.00205787
-0.00219609
-0.00230876
-0.00239472
-0.00245314
-0.00248348
-0.00248537
-0.00245856
-0.0024029
-0.00231831
-0.00220477
-0.00206235
-0.00189115
-0.00169141
-0.00146345
-0.00120776
-0.000924984
-0.000615978
-0.000281824
7.6137e-05
0.000456284
0.000856698
0.00127514
0.00170905
0.00215553
0.00261141
0.00307325
0.00353721
0.00399931
0.00445534
0.00490096
0.00533175
0.00574326
0.0061311
0.00649102
0.00681898
0.00711124
0.00736446
0.00757575
0.00774275
0.00786373
0.0079376
0.00796401
0.00794334
0.00787677
0.00776624
0.00761451
0.00742509
0.00720227
0.00695102
0.00667703
0.00638661
0.00608666
0.00578464
0.0054885
0.00520662
0.00494773
0.00472078
0.00453453
0.00439713
0.00431543
0.00429184
0.004307
1.81661e-05
-2.49719e-07
-6.71155e-05
-0.00018513
-0.000341118
-0.000522684
-0.000719386
-0.000922279
-0.00112386
-0.001318
-0.00149981
-0.00166544
-0.00181193
-0.00193702
-0.002039
-0.00211663
-0.00216898
-0.00219541
-0.00219543
-0.00216872
-0.00211506
-0.00203431
-0.00192642
-0.00179139
-0.00162935
-0.00144048
-0.00122512
-0.000983725
-0.000716931
-0.000425564
-0.000110667
0.000226474
0.000584311
0.000961015
0.00135447
0.00176224
0.0021816
0.00260961
0.00304297
0.0034781
0.0039113
0.00433864
0.00475606
0.00515945
0.00554467
0.00590766
0.00624448
0.00655139
0.00682497
0.00706214
0.00726025
0.00741718
0.00753136
0.00760187
0.00762842
0.00761147
0.00755216
0.00745239
0.00731478
0.00714267
0.0069401
0.00671174
0.0064629
0.00619944
0.00592776
0.00565467
0.00538742
0.00513352
0.00490071
0.00469673
0.004529
0.00440427
0.00432878
0.00430664
0.00432203
9.34144e-05
6.63442e-05
-1.07638e-06
-0.000109748
-0.000249306
-0.000410117
-0.000583846
-0.000763128
-0.000941601
-0.00111393
-0.00127573
-0.00142349
-0.0015544
-0.00166629
-0.00175747
-0.00182664
-0.00187285
-0.00189536
-0.00189363
-0.00186726
-0.00181597
-0.00173957
-0.00163795
-0.00151111
-0.00135909
-0.00118209
-0.000980389
-0.000754422
-0.000504782
-0.000232246
6.2201e-05
0.00037735
0.000711743
0.00106366
0.00143113
0.00181185
0.00220332
0.00260275
0.00300704
0.0034129
0.00381687
0.00421529
0.0046044
0.00498037
0.00533936
0.00567762
0.0059915
0.00627756
0.00653263
0.00675389
0.00693893
0.00708582
0.00719316
0.00726013
0.00728655
0.00727289
0.00722029
0.00713057
0.00700623
0.00685042
0.00666692
0.00646011
0.0062349
0.00599671
0.00575139
0.00550514
0.00526445
0.005036
0.00482654
0.00464271
0.00449077
0.00437641
0.0043055
0.00428403
0.00429894
0.000229453
0.000184815
0.000106208
-3.67357e-06
-0.000137441
-0.000287761
-0.000447946
-0.000611976
-0.000774563
-0.000931186
-0.00107807
-0.00121212
-0.00133083
-0.00143221
-0.00151469
-0.00157705
-0.00161834
-0.00163783
-0.00163496
-0.0016093
-0.00156054
-0.00148844
-0.00139287
-0.00127375
-0.00113111
-0.000965091
-0.000775929
-0.000564003
-0.000329847
-7.41693e-05
0.000202124
0.000497913
0.000811842
0.00114231
0.00148746
0.00184517
0.00221307
0.00258853
0.00296865
0.00335036
0.00373038
0.00410526
0.00447146
0.00482538
0.0051634
0.00548197
0.00577766
0.00604723
0.0062877
0.00649642
0.00667113
0.00681001
0.00691179
0.00697572
0.00700165
0.00699006
0.00694208
0.00685944
0.00674454
0.00660038
0.00643054
0.00623912
0.00603074
0.00581044
0.00558362
0.00535596
0.00513335
0.00492182
0.00472735
0.00455583
0.00441276
0.00430323
0.00423296
0.00420856
0.00421896
0.000411831
0.00034284
0.000245056
0.000126333
-9.13107e-06
-0.00015616
-0.000309468
-0.000464225
-0.000616159
-0.000761572
-0.000897327
-0.00102082
-0.00112992
-0.0012229
-0.00129838
-0.00135528
-0.00139273
-0.00141003
-0.00140666
-0.00138219
-0.00133627
-0.00126865
-0.00117915
-0.00106767
-0.000934172
-0.000778743
-0.000601557
-0.000402924
-0.000183301
5.66884e-05
0.000316233
0.000594313
0.000889688
0.00120088
0.00152615
0.00186354
0.0022108
0.00256546
0.0029248
0.0032859
0.00364565
0.00400077
0.00434789
0.00468357
0.00500437
0.00530687
0.0055878
0.00584404
0.00607275
0.00627138
0.00643776
0.00657017
0.00666736
0.00672863
0.00675386
0.0067435
0.00669864
0.00662096
0.00651275
0.00637686
0.00621672
0.00603621
0.00583968
0.00563185
0.00541775
0.00520262
0.00499188
0.00479098
0.00460534
0.00444021
0.00430055
0.004191
0.00411683
0.00408418
0.00408446
0.000626504
0.00052864
0.000406208
0.000273199
0.000130629
-1.83758e-05
-0.000169766
-0.00031979
-0.000465134
-0.0006029
-0.000730607
-0.000846171
-0.000947872
-0.00103431
-0.00110434
-0.00115704
-0.00119169
-0.00120767
-0.00120449
-0.00118174
-0.00113909
-0.00107626
-0.000993029
-0.000889256
-0.000764858
-0.000619842
-0.000454313
-0.000268498
-6.2762e-05
0.000162369
0.000406189
0.000667793
0.000946058
0.00123963
0.00154692
0.00186608
0.00219501
0.00253139
0.00287264
0.00321597
0.00355841
0.00389682
0.00422797
0.00454852
0.00485515
0.00514455
0.00541354
0.00565909
0.00587842
0.00606904
0.00622883
0.00635608
0.00644959
0.00650865
0.00653312
0.00652343
0.00648061
0.00640627
0.00630262
0.00617239
0.00601883
0.00584568
0.00565703
0.00545734
0.00525134
0.0050439
0.00484002
0.00464471
0.00446288
0.00429929
0.00415842
0.0040445
0.0039621
0.00391619
0.00390143
0.00086143
0.000731961
0.000581285
0.000430052
0.000276257
0.00012114
-3.23384e-05
-0.000181396
-0.000323607
-0.000456842
-0.000579261
-0.000689314
-0.000785715
-0.000867404
-0.000933517
-0.000983341
-0.00101629
-0.00103186
-0.00102964
-0.00100925
-0.000970364
-0.000912695
-0.000835998
-0.000740072
-0.000624779
-0.00049005
-0.000335908
-0.000162486
2.99535e-05
0.000240995
0.000470048
0.000716331
0.000978849
0.00125638
0.00154745
0.00185036
0.00216315
0.00248361
0.00280929
0.00313752
0.00346544
0.00379003
0.00410813
0.00441649
0.00471186
0.004991
0.00525077
0.00548817
0.00570043
0.0058851
0.00604003
0.00616354
0.00625437
0.00631179
0.00633563
0.00632627
0.00628468
0.00621239
0.00611152
0.0059847
0.00583504
0.00566612
0.00548186
0.00528649
0.00508447
0.00488041
0.00467894
0.0044847
0.00430221
0.0041358
0.00398956
0.00386731
0.00377283
0.00370962
0.00367615
0.00110601
0.000943519
0.000762395
0.0005902
0.000422129
0.000257711
9.89575e-05
-5.22161e-05
-0.000194203
-0.000325595
-0.000445173
-0.000551913
-0.000644967
-0.000723635
-0.000787339
-0.000835593
-0.000867981
-0.00088413
-0.000883697
-0.00086636
-0.00083181
-0.000779752
-0.000709908
-0.000622031
-0.000515914
-0.00039141
-0.000248448
-8.70573e-05
9.26112e-05
0.000290262
0.00050543
0.000737463
0.000985498
0.00124844
0.00152497
0.0018135
0.00211218
0.00241894
0.00273144
0.0030471
0.00336315
0.00367665
0.00398449
0.00428348
0.0045704
0.00484202
0.00509519
0.00532694
0.00553445
0.00571523
0.00586712
0.00598836
0.00607765
0.00613419
0.00615775
0.00614864
0.00610774
0.00603653
0.005937
0.00581171
0.00566366
0.00549628
0.00531336
0.00511893
0.00491727
0.00471273
0.0045097
0.0043125
0.00412535
0.00395223
0.00379689
0.00366281
0.00355298
0.00346937
0.00341464
0.00135096
0.0011549
0.000942134
0.000747191
0.000562685
0.000386597
0.00022011
6.43645e-05
-7.97832e-05
-0.000211599
-0.000330457
-0.000435839
-0.00052733
-0.00060459
-0.000667336
-0.000715315
-0.000748291
-0.000766023
-0.000768262
-0.000754736
-0.00072516
-0.000679231
-0.000616642
-0.000537092
-0.000440304
-0.000326042
-0.000194137
-4.45044e-05
0.000122824
0.000307682
0.000509739
0.000728477
0.000963172
0.00121287
0.00147637
0.00175221
0.00203869
0.00233382
0.00263535
0.00294081
0.00324748
0.00355246
0.0038527
0.00414501
0.00442616
0.00469291
0.00494209
0.00517064
0.00537572
0.00555474
0.00570546
0.00582604
0.00591507
0.00597169
0.00599555
0.00598687
0.00594645
0.00587566
0.00577643
0.00565119
0.00550287
0.00533477
0.00515057
0.00495417
0.00474969
0.0045413
0.00433319
0.00412947
0.00393411
0.00375082
0.00358311
0.00343418
0.00330629
0.00319991
0.00312219
0.00158812
0.00135852
0.00111362
0.000894865
0.000692472
0.000503016
0.000326948
0.000164713
1.64789e-05
-0.000117649
-0.0002376
-0.000343345
-0.000434886
-0.000512237
-0.000575405
-0.000624371
-0.00065908
-0.000679428
-0.000685257
-0.000676354
-0.000652453
-0.000613245
-0.000558387
-0.000487524
-0.000400301
-0.00029639
-0.000175512
-3.74655e-05
0.00011785
0.000290402
0.000480003
0.000686276
0.000908639
0.00114628
0.00139812
0.00166285
0.00193885
0.00222425
0.00251689
0.00281436
0.00311399
0.00341291
0.00370807
0.00399629
0.00427429
0.00453878
0.00478652
0.00501436
0.00521936
0.00539881
0.00555036
0.00567203
0.00576231
0.00582018
0.00584518
0.00583741
0.00579756
0.00572691
0.00562727
0.00550099
0.00535091
0.00518024
0.00499257
0.00479171
0.00458165
0.00436646
0.00415019
0.0039368
0.00373007
0.00353356
0.0033506
0.00318421
0.00303601
0.00290509
0.00280321
0.00181022
0.00154747
0.00127045
0.00102736
0.00080618
0.000602191
0.000415195
0.000245003
9.11515e-05
-4.68408e-05
-0.000169428
-0.000277042
-0.000370084
-0.000448909
-0.000513803
-0.000564979
-0.000602557
-0.000626568
-0.000636943
-0.000633521
-0.000616057
-0.00058423
-0.00053766
-0.000475929
-0.0003986
-0.000305245
-0.000195469
-6.89434e-05
7.45694e-05
0.000235182
0.000412853
0.000607357
0.000818258
0.00104488
0.00128631
0.00154132
0.00180843
0.00208586
0.00237153
0.00266308
0.00295788
0.00325308
0.00354562
0.00383225
0.00410967
0.00437449
0.00462335
0.00485301
0.00506036
0.00524256
0.00539708
0.0055218
0.00561501
0.00567557
0.00570283
0.00569676
0.00565792
0.00558745
0.00548707
0.00535905
0.00520611
0.00503142
0.00483849
0.00463106
0.00441307
0.0041885
0.00396135
0.00373549
0.00351461
0.00330217
0.00310142
0.0029153
0.00274487
0.002588
0.00246113
0.00201068
0.00171545
0.00140666
0.00113911
0.000898663
0.0006794
0.000480531
0.000301288
0.000140619
-2.50543e-06
-0.000129031
-0.000239825
-0.00033567
-0.000417242
-0.000485097
-0.000539663
-0.000581235
-0.000609964
-0.000625868
-0.000628834
-0.000618629
-0.000594916
-0.000557272
-0.000505209
-0.000438202
-0.000355714
-0.000257228
-0.00014228
-1.04856e-05
0.000138418
0.000304547
0.000487831
0.000687989
0.000904497
0.00113657
0.00138312
0.00164277
0.00191383
0.00219431
0.00248189
0.00277396
0.00306768
0.00335994
0.00364747
0.00392684
0.00419458
0.00444719
0.00468125
0.0048935
0.00508091
0.00524074
0.00537066
0.00546877
0.00553372
0.00556467
0.00556142
0.00552437
0.00545451
0.00535345
0.00522334
0.00506684
0.00488705
0.00468744
0.00447171
0.00424378
0.00400762
0.00376721
0.0035264
0.00328888
0.00305808
0.00283726
0.00262938
0.00243506
0.00225106
0.00209854
0.00218352
0.00185661
0.00151666
0.00122481
0.000964943
0.000729996
0.000518634
0.000329549
0.000161138
1.18574e-05
-0.000119702
-0.00023482
-0.000334635
-0.000420128
-0.000492109
-0.000551211
-0.000597885
-0.000632399
-0.000654846
-0.000665152
-0.000663091
-0.000648301
-0.000620306
-0.000578545
-0.000522394
-0.000451201
-0.000364319
-0.000261137
-0.000141119
-3.84025e-06
0.000150978
0.000323432
0.000513401
0.000720516
0.000944132
0.0011833
0.00143676
0.00170292
0.00197984
0.00226526
0.0025566
0.00285098
0.00314527
0.00343611
0.00371998
0.00399325
0.00425228
0.00449345
0.00471329
0.00490854
0.00507622
0.00521376
0.00531901
0.00539037
0.00542678
0.00542783
0.00539372
0.00532527
0.00522396
0.00509182
0.00493144
0.00474586
0.00453851
0.00431311
0.00407357
0.00382392
0.00356816
0.00331021
0.0030538
0.00280245
0.00255949
0.00232799
0.00210826
0.00189603
0.00171725
0.00232316
0.00196551
0.00159515
0.00127941
0.00100021
0.000749429
0.00052521
0.000325738
0.000148886
-7.37404e-06
-0.00014489
-0.000265329
-0.000370167
-0.00046067
-0.000537884
-0.000602632
-0.000655509
-0.000696887
-0.000726922
-0.000745571
-0.000752603
-0.000747623
-0.000730097
-0.000699376
-0.000654734
-0.000595393
-0.000520565
-0.000429486
-0.000321458
-0.000195886
-5.23168e-05
0.000109519
0.000289672
0.000487937
0.000703822
0.000936518
0.00118488
0.00144742
0.00172227
0.00200721
0.00229968
0.00259679
0.00289534
0.0031919
0.0034828
0.00376428
0.00403249
0.0042836
0.00451388
0.00471981
0.00489814
0.00504598
0.00516092
0.00524106
0.00528507
0.00529227
0.00526264
0.00519682
0.0050961
0.00496239
0.0047982
0.00460651
0.00439074
0.00415463
0.00390215
0.0036374
0.00336448
0.00308742
0.00281011
0.00253618
0.00226917
0.00201231
0.0017657
0.00152413
0.0013184
0.00242438
0.00203699
0.00163715
0.00129807
0.000999825
0.000733258
0.00049602
0.000285809
9.99996e-05
-6.38991e-05
-0.000208151
-0.00033479
-0.000445608
-0.000542137
-0.000625645
-0.000697125
-0.000757302
-0.000806639
-0.000845345
-0.000873394
-0.00089054
-0.000896345
-0.000890206
-0.000871382
-0.000839028
-0.000792235
-0.000730065
-0.000651591
-0.00055594
-0.000442338
-0.000310147
-0.000158912
1.15983e-05
0.000201354
0.000410025
0.000636955
0.000881127
0.00114115
0.00141525
0.00170126
0.00199662
0.00229842
0.00260342
0.00290806
0.00320856
0.00350096
0.00378121
0.00404522
0.00428898
0.00450867
0.0047007
0.00486186
0.00498938
0.00508104
0.00513517
0.00515081
0.00512765
0.00506609
0.00496724
0.00483285
0.00466533
0.00446761
0.00424311
0.0039956
0.00372915
0.00344797
0.00315632
0.00285843
0.00255836
0.00225998
0.00196708
0.00168317
0.00140819
0.00113609
0.000902585
0.00248223
0.00206621
0.00163789
0.00127616
0.000959306
0.00067716
0.000426901
0.000205752
1.0612e-05
-0.000161455
-0.000313109
-0.000446731
-0.000564409
-0.000667927
-0.000758751
-0.000838034
-0.000906615
-0.000965032
-0.00101353
-0.0010521
-0.00108046
-0.00109812
-0.0011044
-0.00109845
-0.00107931
-0.00104591
-0.000997173
-0.000931984
-0.000849291
-0.000748124
-0.000627651
-0.000487218
-0.000326399
-0.000145037
5.67189e-05
0.000278371
0.000519047
0.000777475
0.00105197
0.00134041
0.00164029
0.00194865
0.00226219
0.00257726
0.00288993
0.00319604
0.00349129
0.00377132
0.00403181
0.00426858
0.00447768
0.0046555
0.00479888
0.0049052
0.00497243
0.00499924
0.00498499
0.00492981
0.00483456
0.00470084
0.00453091
0.00432766
0.00409449
0.00383526
0.00355412
0.00325547
0.00294377
0.00262349
0.00229897
0.00197436
0.0016538
0.00134114
0.00103625
0.000732268
0.00046997
0.00249205
0.00204854
0.00159285
0.00120927
0.000874343
0.000576946
0.000313783
8.16176e-05
-0.000123116
-0.00030378
-0.000463414
-0.000604727
-0.000730091
-0.000841518
-0.000940662
-0.00102881
-0.00110692
-0.00117557
-0.00123504
-0.00128531
-0.00132607
-0.00135676
-0.00137661
-0.00138465
-0.0013798
-0.00136082
-0.00132647
-0.00127544
-0.0012065
-0.00111846
-0.00101027
-0.000881084
-0.000730252
-0.000557414
-0.000362527
-0.000145907
9.17322e-05
0.000349254
0.000625076
0.000917159
0.00122301
0.00153967
0.00186379
0.0021916
0.00251901
0.00284166
0.00315498
0.00345433
0.00373501
0.00399245
0.00422229
0.00442049
0.00458342
0.004708
0.00479177
0.00483298
0.0048306
0.00478442
0.00469504
0.00456381
0.00439287
0.00418501
0.00394366
0.00367273
0.00337653
0.00305964
0.0027268
0.00238276
0.00203221
0.00167968
0.0013297
0.000986564
0.00065011
0.0003127
2.03632e-05
0.00244935
0.00197957
0.0014977
0.00109314
0.000740793
0.000428568
0.000152712
-9.04596e-05
-0.000304965
-0.000494579
-0.000662705
-0.000812367
-0.0009462
-0.00106643
-0.00117489
-0.00127299
-0.00136175
-0.00144183
-0.00151351
-0.00157675
-0.00163119
-0.0016762
-0.0017109
-0.00173421
-0.00174487
-0.00174153
-0.00172272
-0.00168695
-0.00163278
-0.00155879
-0.00146373
-0.00134649
-0.00120622
-0.00104231
-0.000854521
-0.000642962
-0.000408165
-0.000151111
0.000126743
0.000423448
0.000736555
0.00106312
0.00139973
0.00174252
0.00208724
0.00242931
0.00276389
0.00308599
0.00339054
0.00367254
0.00392715
0.00414983
0.00433643
0.00448336
0.00458764
0.00464701
0.00466002
0.00462604
0.00454532
0.00441897
0.00424892
0.00403789
0.00378928
0.00350708
0.00319577
0.00286017
0.00250532
0.00213634
0.00175832
0.00137622
0.000995064
0.000619648
0.000249835
-0.000122783
-0.000446671
0.00234987
0.00185512
0.00134833
0.000923756
0.000554691
0.000228134
-6.01315e-05
-0.000314232
-0.000538626
-0.000737489
-0.000914574
-0.00107321
-0.00121627
-0.0013462
-0.00146496
-0.0015741
-0.0016747
-0.00176745
-0.00185265
-0.0019302
-0.00199971
-0.00206044
-0.00211142
-0.00215142
-0.00217904
-0.00219272
-0.00219083
-0.00217166
-0.00213352
-0.0020748
-0.00199397
-0.00188968
-0.00176083
-0.00160657
-0.00142642
-0.00122025
-0.000988402
-0.000731665
-0.000451346
-0.00014928
0.000172156
0.000510041
0.000860923
0.00122085
0.00158542
0.00194981
0.00230892
0.00265737
0.0029897
0.00330042
0.00358417
0.00383584
0.00405072
0.0042246
0.00435391
0.00443581
0.00446833
0.00445035
0.00438172
0.00426322
0.00409655
0.0038843
0.00362983
0.00333724
0.00301116
0.00265669
0.00227921
0.00188428
0.00147745
0.00106418
0.000650076
0.000240491
-0.000164636
-0.000574497
-0.000931732
0.00218958
0.00167121
0.00114082
0.000697264
0.00031226
-2.80746e-05
-0.000328412
-0.000593314
-0.000827671
-0.00103605
-0.00122253
-0.00139073
-0.00154378
-0.00168429
-0.00181437
-0.00193567
-0.00204933
-0.00215606
-0.00225615
-0.00234947
-0.00243554
-0.00251354
-0.00258237
-0.00264066
-0.00268684
-0.00271917
-0.0027358
-0.00273481
-0.00271426
-0.00267228
-0.0026071
-0.00251708
-0.00240085
-0.0022573
-0.00208565
-0.00188556
-0.0016571
-0.00140085
-0.00111795
-0.000810067
-0.000479489
-0.000129088
0.000237675
0.000616771
0.00100364
0.00139327
0.00178021
0.00215876
0.00252297
0.00286686
0.00318449
0.00347012
0.00371837
0.00392435
0.00408381
0.00419326
0.00425007
0.00425258
0.00420014
0.00409312
0.00393295
0.00372202
0.00346366
0.00316201
0.00282192
0.00244875
0.00204832
0.00162662
0.00118976
0.000743777
0.00029491
-0.000150834
-0.000593412
-0.00104282
-0.0014355
0.00196462
0.00142406
0.000871502
0.00041004
9.92741e-06
-0.000343585
-0.000655618
-0.000931162
-0.00117553
-0.00139365
-0.00158996
-0.00176833
-0.00193211
-0.0020841
-0.00222654
-0.00236115
-0.00248914
-0.00261122
-0.00272766
-0.00283829
-0.00294254
-0.00303949
-0.00312791
-0.00320627
-0.00327283
-0.00332565
-0.00336266
-0.00338169
-0.00338057
-0.00335713
-0.00330933
-0.00323525
-0.00313319
-0.00300176
-0.00283989
-0.00264692
-0.00242267
-0.00216746
-0.0018822
-0.00156838
-0.00122816
-0.000864311
-0.000480287
-8.01663e-05
0.000331364
0.000749064
0.00116721
0.00157968
0.00198009
0.00236187
0.00271846
0.00304342
0.00333065
0.00357447
0.00376986
0.00391254
0.00399917
0.0040274
0.00399599
0.00390483
0.00375497
0.00354858
0.00328889
0.00298008
0.00262718
0.00223591
0.00181246
0.00136341
0.000895435
0.000415236
-7.02313e-05
-0.000554233
-0.00103659
-0.00152814
-0.00195866
0.0016714
0.00111016
0.000536909
5.86854e-05
-0.000355663
-0.000721717
-0.00104504
-0.00133104
-0.00158544
-0.00181355
-0.0020201
-0.00220923
-0.00238452
-0.0025489
-0.00270476
-0.00285389
-0.00299753
-0.0031364
-0.00327074
-0.00340032
-0.00352449
-0.00364222
-0.00375212
-0.00385252
-0.00394149
-0.00401687
-0.00407635
-0.00411754
-0.00413798
-0.00413521
-0.00410689
-0.00405076
-0.00396483
-0.00384734
-0.00369691
-0.00351254
-0.00329373
-0.00304051
-0.00275353
-0.00243404
-0.00208402
-0.00170613
-0.00130374
-0.000880972
-0.000442602
5.92877e-06
0.000458603
0.000908909
0.00134995
0.00177459
0.00217556
0.00254569
0.00287802
0.00316603
0.00340378
0.00358613
0.00370887
0.00376886
0.00376415
0.00369404
0.0035591
0.0033612
0.00310342
0.00278995
0.00242601
0.00201763
0.0015715
0.00109474
0.000594724
7.88729e-05
-0.000445056
-0.000969519
-0.00149417
-0.00203075
-0.00250181
0.00130655
0.00072622
0.000133831
-0.000359958
-0.000787629
-0.00116556
-0.00149974
-0.001796
-0.00206045
-0.00229877
-0.00251598
-0.00271649
-0.00290405
-0.00308178
-0.00325216
-0.00341704
-0.00357771
-0.00373489
-0.00388876
-0.00403905
-0.004185
-0.00432546
-0.00445892
-0.00458351
-0.00469712
-0.00479736
-0.00488171
-0.00494747
-0.00499192
-0.00501229
-0.00500588
-0.00497014
-0.00490267
-0.00480138
-0.00466448
-0.00449063
-0.00427896
-0.00402916
-0.00374154
-0.0034171
-0.00305755
-0.00266539
-0.0022439
-0.00179714
-0.00132999
-0.000848037
-0.000357588
0.000134457
0.000620693
0.00109335
0.00154445
0.00196597
0.00235005
0.00268919
0.00297645
0.00320568
0.00337166
0.00347034
0.00349889
0.0034559
0.00334137
0.00315675
0.0029049
0.00258998
0.00221736
0.00179339
0.00132528
0.00082078
0.000287981
-0.000264871
-0.000829131
-0.00139636
-0.00196601
-0.00255079
-0.00306544
0.000866971
0.000269219
-0.000340675
-0.000848783
-0.00128883
-0.00167794
-0.00202253
-0.00232884
-0.00260337
-0.00285212
-0.00308043
-0.00329292
-0.00349356
-0.00368561
-0.00387163
-0.00405356
-0.0042327
-0.00440976
-0.00458488
-0.00475772
-0.00492743
-0.00509274
-0.00525197
-0.0054031
-0.00554379
-0.00567145
-0.00578328
-0.00587633
-0.00594756
-0.00599387
-0.00601222
-0.00599967
-0.00595345
-0.00587104
-0.00575027
-0.00558935
-0.00538701
-0.00514255
-0.00485588
-0.00452768
-0.00415936
-0.00375317
-0.00331223
-0.00284054
-0.00234296
-0.00182525
-0.00129394
-0.000756315
-0.000220299
0.000305695
0.000812909
0.00129243
0.0017354
0.00213324
0.00247788
0.002762
0.00297924
0.00312445
0.00319381
0.00318501
0.00309734
0.00293173
0.0026907
0.00237832
0.00200006
0.00156263
0.00107372
0.000541778
-2.43017e-05
-0.000615381
-0.00122183
-0.00183422
-0.00245175
-0.00308819
-0.00364976
0.000349869
-0.000263567
-0.000889266
-0.0014104
-0.00186184
-0.00226142
-0.00261597
-0.00293211
-0.00321673
-0.00347614
-0.00371598
-0.00394109
-0.00415563
-0.00436297
-0.00456581
-0.00476611
-0.0049652
-0.00516378
-0.00536195
-0.00555929
-0.00575485
-0.00594724
-0.00613462
-0.00631479
-0.00648522
-0.00664307
-0.00678528
-0.00690862
-0.0070097
-0.00708511
-0.00713143
-0.0071453
-0.00712354
-0.00706318
-0.00696159
-0.00681653
-0.00662626
-0.0063896
-0.00610604
-0.00577583
-0.00540003
-0.00498058
-0.00452036
-0.00402322
-0.00349399
-0.00293849
-0.00236348
-0.0017766
-0.00118626
-0.00060155
-3.20305e-05
0.000512432
0.0010219
0.00148659
0.00189718
0.00224502
0.00252246
0.00272305
0.00284179
0.00287532
0.00282204
0.00268219
0.00245785
0.0021529
0.00177286
0.00132474
0.000816776
0.000258125
-0.000341447
-0.000971817
-0.00162227
-0.00228227
-0.00295075
-0.00364259
-0.00425474
-0.000247245
-0.000874551
-0.00151429
-0.00204712
-0.00250894
-0.00291825
-0.00328229
-0.00360805
-0.00390276
-0.00417308
-0.00442488
-0.00466325
-0.00489251
-0.00511616
-0.00533699
-0.00555702
-0.00577758
-0.00599937
-0.00622245
-0.0064463
-0.00666991
-0.00689172
-0.00710977
-0.00732167
-0.00752466
-0.00771569
-0.00789142
-0.00804831
-0.00818265
-0.00829066
-0.00836852
-0.00841245
-0.0084188
-0.00838413
-0.00830531
-0.00817957
-0.00800465
-0.00777884
-0.00750113
-0.00717128
-0.0067899
-0.00635855
-0.00587978
-0.00535722
-0.00479559
-0.00420072
-0.00357953
-0.00293996
-0.00229092
-0.00164214
-0.00100402
-0.00038743
0.000196523
0.000736769
0.00122256
0.0016438
0.0019913
0.00225716
0.00243499
0.00252014
0.00250993
0.00240374
0.00220306
0.00191143
0.00153438
0.00107914
0.000554499
-2.96346e-05
-0.000662554
-0.00133307
-0.00202925
-0.00273935
-0.00346199
-0.00421325
-0.00487995
-0.000926514
-0.00156581
-0.00221777
-0.00276091
-0.00323209
-0.00365039
-0.00402344
-0.00435858
-0.0046634
-0.00494485
-0.00520906
-0.00546132
-0.00570612
-0.00594709
-0.0061871
-0.00642822
-0.00667181
-0.00691853
-0.00716841
-0.00742087
-0.00767477
-0.00792846
-0.0081798
-0.00842623
-0.0086648
-0.00889219
-0.00910479
-0.00929876
-0.00947004
-0.00961447
-0.00972781
-0.00980583
-0.00984439
-0.00983953
-0.00978756
-0.00968514
-0.00952943
-0.00931814
-0.00904966
-0.00872319
-0.00833879
-0.00789755
-0.00740162
-0.00685431
-0.00626013
-0.00562485
-0.00495545
-0.00426014
-0.00354828
-0.00283022
-0.00211721
-0.00142117
-0.000754422
-0.000129452
0.000441451
0.000946531
0.00137492
0.00171701
0.00196477
0.00211206
0.00215487
0.0020915
0.00192264
0.00165139
0.00128309
0.000825214
0.000287026
-0.000320765
-0.000986454
-0.00169768
-0.00244119
-0.00320389
-0.00398403
-0.00479898
-0.00552449
-0.00168972
-0.00233906
-0.00300136
-0.00355342
-0.0040329
-0.00445942
-0.00484099
-0.00518529
-0.00550021
-0.00579301
-0.00607004
-0.00633682
-0.00659797
-0.00685727
-0.00711764
-0.00738122
-0.00764937
-0.00792276
-0.00820135
-0.00848452
-0.00877103
-0.0090591
-0.00934646
-0.00963035
-0.00990762
-0.0101747
-0.0104277
-0.0106625
-0.0108747
-0.0110597
-0.0112128
-0.0113293
-0.0114045
-0.0114341
-0.0114135
-0.011339
-0.011207
-0.0110145
-0.0107592
-0.0104398
-0.0100557
-0.00960732
-0.00909635
-0.00852567
-0.00789948
-0.00722337
-0.00650434
-0.00575076
-0.00497236
-0.0041801
-0.00338606
-0.00260321
-0.00184517
-0.00112593
-0.000459457
0.000140672
0.000661681
0.00109202
0.00142176
0.00164299
0.00175011
0.00174007
0.00161255
0.00136996
0.00101737
0.000562348
1.4622e-05
-0.000614303
-0.00131166
-0.00206381
-0.00285606
-0.00367382
-0.0045149
-0.00539805
-0.00618692
-0.00253823
-0.00319564
-0.00386637
-0.00442592
-0.00491262
-0.0053466
-0.00573618
-0.00608938
-0.00641439
-0.00671873
-0.00700899
-0.00729088
-0.00756917
-0.00784775
-0.00812963
-0.00841699
-0.00871123
-0.00901298
-0.00932221
-0.0096382
-0.00995963
-0.0102846
-0.0106107
-0.0109351
-0.0112543
-0.0115645
-0.0118617
-0.0121412
-0.0123984
-0.0126283
-0.0128257
-0.0129855
-0.0131024
-0.0131713
-0.0131872
-0.0131456
-0.0130423
-0.0128735
-0.0126363
-0.0123284
-0.0119485
-0.0114965
-0.0109734
-0.0103815
-0.00972463
-0.00900807
-0.00823868
-0.00742494
-0.00657685
-0.00570592
-0.004825
-0.00394813
-0.00309026
-0.00226696
-0.001494
-0.000786965
-0.00016075
0.000370898
0.000795878
0.00110418
0.00128831
0.00134357
0.00126834
0.0010641
0.000735471
0.00028996
-0.000262299
-0.000909014
-0.0016363
-0.00242917
-0.00327131
-0.00414649
-0.00505202
-0.00600809
-0.00686517
-0.00347303
-0.0041365
-0.00481372
-0.0053793
-0.00587215
-0.00631279
-0.00670987
-0.00707169
-0.00740674
-0.00772278
-0.00802663
-0.00832416
-0.00862032
-0.00891908
-0.00922356
-0.00953597
-0.00985775
-0.0101895
-0.0105312
-0.0108821
-0.0112408
-0.0116052
-0.0119728
-0.0123407
-0.012705
-0.013062
-0.013407
-0.0137354
-0.014042
-0.0143213
-0.0145679
-0.0147759
-0.0149396
-0.0150532
-0.0151112
-0.0151082
-0.0150391
-0.0148995
-0.0146856
-0.0143943
-0.0140235
-0.0135722
-0.0130407
-0.0124307
-0.0117454
-0.0109896
-0.0101699
-0.00929495
-0.00837474
-0.00742126
-0.0064481
-0.00547031
-0.00450421
-0.00356698
-0.00267633
-0.00184999
-0.00110522
-0.000458223
7.6418e-05
0.00048627
0.000761568
0.000895635
0.000885195
0.000730539
0.000435544
7.51391e-06
-0.000543131
-0.00120334
-0.00195809
-0.00279092
-0.00368377
-0.00461858
-0.00559209
-0.00662601
-0.00755638
-0.00449467
-0.00516215
-0.00584391
-0.00641408
-0.00691198
-0.00735849
-0.00776252
-0.00813266
-0.00847766
-0.00880551
-0.00912324
-0.00943689
-0.00975154
-0.0100713
-0.0103994
-0.010738
-0.0110887
-0.011452
-0.011828
-0.0122157
-0.0126138
-0.0130201
-0.013432
-0.0138462
-0.0142591
-0.0146662
-0.015063
-0.0154443
-0.0158046
-0.0161382
-0.0164388
-0.0167004
-0.0169164
-0.0170805
-0.0171864
-0.0172279
-0.0171992
-0.0170949
-0.0169103
-0.0166414
-0.0162852
-0.0158398
-0.0153046
-0.0146803
-0.0139697
-0.0131768
-0.0123081
-0.0113717
-0.0103778
-0.0093387
-0.00826861
-0.00718355
-0.00610113
-0.00504023
-0.00402057
-0.00306219
-0.0021849
-0.00140763
-0.000747791
-0.000220605
0.00016151
0.000389479
0.000457993
0.000365778
0.00011568
-0.000285442
-0.000827034
-0.00149536
-0.00227422
-0.00314561
-0.00408957
-0.00508601
-0.00613099
-0.00724784
-0.00825686
-0.00560323
-0.00627271
-0.00695707
-0.00753038
-0.00803224
-0.0084838
-0.00889422
-0.00927233
-0.00962713
-0.00996683
-0.0102986
-0.0106288
-0.0109624
-0.0113039
-0.0116564
-0.0120222
-0.012403
-0.0127993
-0.0132111
-0.0136375
-0.0140771
-0.0145276
-0.0149864
-0.0154499
-0.0159143
-0.0163752
-0.0168275
-0.0172659
-0.0176844
-0.0180769
-0.0184367
-0.0187572
-0.0190312
-0.0192517
-0.0194116
-0.019504
-0.0195222
-0.0194598
-0.0193111
-0.0190711
-0.0187358
-0.0183023
-0.0177688
-0.0171353
-0.0164034
-0.0155768
-0.014661
-0.0136641
-0.0125961
-0.0114693
-0.0102985
-0.00910054
-0.0078943
-0.00670034
-0.00554046
-0.00443713
-0.00341292
-0.00248975
-0.00168818
-0.00102663
-0.000520587
-0.000181997
-1.86488e-05
-3.38101e-05
-0.000226036
-0.000589217
-0.00111287
-0.00178268
-0.0025813
-0.00348907
-0.00448401
-0.00554378
-0.00666366
-0.00786863
-0.00896186
-0.00679837
-0.00746785
-0.00815291
-0.00872793
-0.00923266
-0.00968844
-0.0101046
-0.0104903
-0.0108547
-0.0112062
-0.0115521
-0.011899
-0.012252
-0.0126157
-0.0129932
-0.0133872
-0.013799
-0.0142295
-0.0146786
-0.0151453
-0.0156282
-0.0161251
-0.016633
-0.0171486
-0.0176676
-0.0181855
-0.018697
-0.0191964
-0.0196775
-0.0201336
-0.0205578
-0.0209426
-0.0212803
-0.0215634
-0.0217837
-0.0219336
-0.0220055
-0.021992
-0.0218863
-0.0216823
-0.0213749
-0.0209599
-0.0204345
-0.0197976
-0.0190497
-0.0181936
-0.0172341
-0.0161788
-0.0150374
-0.013822
-0.0125478
-0.0112323
-0.00989555
-0.00855978
-0.00724885
-0.00598778
-0.00480204
-0.00371683
-0.00275617
-0.00194208
-0.00129361
-0.000826069
-0.000550246
-0.000471903
-0.000591451
-0.000903903
-0.00139912
-0.00206239
-0.00287524
-0.00381634
-0.00486149
-0.00598591
-0.00718394
-0.00848232
-0.00966553
-0.00807928
-0.00874684
-0.00943072
-0.0100061
-0.0105126
-0.0109718
-0.0113931
-0.0117859
-0.0121595
-0.0125226
-0.0128826
-0.0132462
-0.0136188
-0.0140049
-0.014408
-0.0148306
-0.0152743
-0.0157399
-0.0162273
-0.0167357
-0.0172636
-0.0178086
-0.0183679
-0.0189379
-0.0195143
-0.0200923
-0.0206665
-0.0212307
-0.0217786
-0.022303
-0.0227964
-0.0232508
-0.0236581
-0.0240097
-0.024297
-0.0245113
-0.0246439
-0.0246865
-0.0246313
-0.0244709
-0.0241989
-0.0238099
-0.0232998
-0.0226663
-0.0219086
-0.0210284
-0.0200297
-0.0189194
-0.0177065
-0.016403
-0.0150241
-0.0135876
-0.0121147
-0.0106293
-0.00915713
-0.00772593
-0.00636416
-0.0051005
-0.00396279
-0.00297704
-0.00216636
-0.00154999
-0.00114229
-0.000952098
-0.000982226
-0.00122927
-0.00168381
-0.00233092
-0.00315117
-0.00412149
-0.00521532
-0.00640522
-0.00768446
-0.00908153
-0.0103607
-0.00944473
-0.0101085
-0.0107895
-0.0113638
-0.0118711
-0.0123327
-0.0127586
-0.0131579
-0.0135404
-0.0139146
-0.0142885
-0.0146687
-0.0150608
-0.0154694
-0.0158981
-0.0163496
-0.0168256
-0.0173268
-0.0178534
-0.0184044
-0.0189785
-0.0195732
-0.0201857
-0.0208122
-0.0214484
-0.0220893
-0.0227292
-0.0233619
-0.0239804
-0.0245774
-0.0251448
-0.0256741
-0.0261565
-0.0265828
-0.0269434
-0.0272288
-0.0274293
-0.0275356
-0.0275386
-0.0274296
-0.0272011
-0.0268461
-0.0263593
-0.0257368
-0.0249764
-0.0240782
-0.0230456
-0.0218858
-0.0206052
-0.0192153
-0.0177316
-0.0161722
-0.0145589
-0.0129171
-0.0112746
-0.00966162
-0.00810974
-0.0066513
-0.00531823
-0.00414098
-0.00314723
-0.0023607
-0.00180001
-0.00147773
-0.00139969
-0.00156464
-0.00196433
-0.00258397
-0.00340329
-0.00439751
-0.00553761
-0.00679322
-0.0081564
-0.00965743
-0.0110385
-0.010893
-0.0115513
-0.0122276
-0.0127997
-0.0133067
-0.01377
-0.0141996
-0.0146048
-0.0149955
-0.0153805
-0.0157677
-0.016164
-0.0165751
-0.0170059
-0.0174601
-0.0179404
-0.0184486
-0.0189857
-0.0195518
-0.0201461
-0.0207672
-0.0214127
-0.0220797
-0.0227644
-0.0234624
-0.0241685
-0.024877
-0.0255812
-0.026274
-0.0269475
-0.0275933
-0.0282024
-0.0287652
-0.0292719
-0.0297121
-0.0300752
-0.0303508
-0.0305282
-0.0305972
-0.0305479
-0.0303711
-0.0300587
-0.0296037
-0.0290006
-0.0282455
-0.0273363
-0.0262749
-0.0250728
-0.0237315
-0.0222585
-0.0206716
-0.0189886
-0.017232
-0.0154285
-0.0136078
-0.0118024
-0.0100472
-0.00837803
-0.00683135
-0.00544234
-0.00424378
-0.00326452
-0.00252813
-0.00205163
-0.00184464
-0.00190872
-0.00223734
-0.00281629
-0.00362469
-0.00463616
-0.00581906
-0.00713991
-0.00858937
-0.0101995
-0.0116888
-0.0124221
-0.0130733
-0.0137435
-0.0143121
-0.0148178
-0.015282
-0.0157144
-0.0161248
-0.0165229
-0.0169179
-0.0173176
-0.0177293
-0.0181588
-0.018611
-0.01909
-0.0195985
-0.0201386
-0.0207113
-0.0213168
-0.0219544
-0.0226228
-0.0233196
-0.024042
-0.024786
-0.0255473
-0.0263206
-0.0270998
-0.0278782
-0.0286483
-0.0294018
-0.03013
-0.0308233
-0.0314715
-0.0320639
-0.0325896
-0.0330369
-0.0333944
-0.0336503
-0.033793
-0.0338115
-0.033695
-0.033434
-0.0330197
-0.0324453
-0.0317056
-0.0307975
-0.0297179
-0.0284697
-0.0270734
-0.0255295
-0.0238416
-0.0220353
-0.0201336
-0.0181648
-0.0161597
-0.0141528
-0.012182
-0.0102871
-0.00850898
-0.00688792
-0.0054623
-0.00426673
-0.00333047
-0.00267587
-0.0023171
-0.00225937
-0.00249856
-0.00302156
-0.00380725
-0.00482776
-0.00604881
-0.00743358
-0.00897117
-0.0106954
-0.012299
-0.0140294
-0.0146722
-0.015335
-0.015899
-0.0164026
-0.0168667
-0.0173012
-0.0177157
-0.0181203
-0.0185241
-0.0189354
-0.0193612
-0.0198079
-0.0202805
-0.0207831
-0.0213188
-0.0218897
-0.0224971
-0.0231413
-0.0238218
-0.0245371
-0.0252853
-0.0260633
-0.0268673
-0.0276928
-0.0285344
-0.029386
-0.0302406
-0.0310905
-0.031927
-0.032741
-0.0335223
-0.0342602
-0.0349433
-0.0355598
-0.0360973
-0.0365431
-0.0368845
-0.0371085
-0.0372027
-0.037155
-0.0369541
-0.0365898
-0.0360533
-0.0353381
-0.0344402
-0.0333577
-0.0320865
-0.0306313
-0.0290087
-0.0272302
-0.025304
-0.0232578
-0.0211223
-0.0189287
-0.0167132
-0.0145164
-0.012382
-0.0103553
-0.00848227
-0.00680717
-0.00537103
-0.00420958
-0.00335133
-0.00281602
-0.00261337
-0.00274252
-0.00319213
-0.00394132
-0.00496098
-0.00621419
-0.00766058
-0.00928751
-0.0111306
-0.0128548
-0.0157123
-0.0163455
-0.0169998
-0.0175584
-0.0180589
-0.018522
-0.0189575
-0.0193752
-0.0197851
-0.0201964
-0.0206176
-0.0210561
-0.0215183
-0.0220095
-0.022534
-0.0230952
-0.0236954
-0.024336
-0.0250176
-0.0257397
-0.0265012
-0.0273
-0.0281331
-0.028997
-0.0298869
-0.0307975
-0.0317224
-0.0326546
-0.033586
-0.0345078
-0.0354102
-0.0362827
-0.037114
-0.0378921
-0.0386042
-0.0392372
-0.0397772
-0.0402105
-0.0405228
-0.0407004
-0.0407295
-0.0405973
-0.0402918
-0.0398025
-0.0391206
-0.0382398
-0.0371568
-0.0358688
-0.0343746
-0.0326874
-0.0308135
-0.0287728
-0.0265912
-0.0242919
-0.0219084
-0.0194794
-0.0170481
-0.014662
-0.0123712
-0.010227
-0.00828029
-0.00657903
-0.00516617
-0.00407736
-0.00333889
-0.00296608
-0.00296229
-0.0033188
-0.00401557
-0.00502262
-0.00630047
-0.00780507
-0.00952184
-0.0114882
-0.013339
-0.0174675
-0.0180904
-0.0187353
-0.0192878
-0.0197844
-0.0202457
-0.0206812
-0.0211007
-0.0215143
-0.0219314
-0.0223607
-0.0228097
-0.0232851
-0.0237926
-0.0243368
-0.0249211
-0.0255483
-0.0262199
-0.0269368
-0.0276987
-0.0285046
-0.0293526
-0.0302398
-0.0311626
-0.0321164
-0.0330957
-0.0340942
-0.0351046
-0.0361186
-0.037127
-0.0381198
-0.0390859
-0.0400136
-0.04089
-0.0417018
-0.0424347
-0.0430742
-0.0436052
-0.0440122
-0.0442801
-0.0443937
-0.0443384
-0.0441004
-0.0436674
-0.0430283
-0.0421746
-0.0410999
-0.0398005
-0.0382745
-0.0365275
-0.0345755
-0.0324358
-0.0301213
-0.0276605
-0.0250874
-0.022442
-0.01977
-0.0171221
-0.0145531
-0.01212
-0.00988034
-0.00788954
-0.00619859
-0.0048512
-0.00388134
-0.00331109
-0.00314919
-0.00339051
-0.00401669
-0.00499733
-0.00629062
-0.00784871
-0.00965497
-0.0117485
-0.0137319
-0.0192918
-0.019904
-0.020539
-0.0210847
-0.0215769
-0.0220354
-0.0224696
-0.0228894
-0.0233049
-0.0237257
-0.0241606
-0.0246175
-0.0251033
-0.0256241
-0.0261848
-0.0267892
-0.0274402
-0.0281399
-0.0288892
-0.0296882
-0.0305361
-0.031431
-0.0323703
-0.0333504
-0.0343668
-0.0354139
-0.0364853
-0.0375736
-0.0386703
-0.039766
-0.0408503
-0.0419116
-0.0429376
-0.0439149
-0.0448294
-0.0456661
-0.0464093
-0.0470428
-0.0475501
-0.0479146
-0.0481195
-0.0481487
-0.0479865
-0.0476187
-0.0470321
-0.0462159
-0.0451614
-0.0438629
-0.042318
-0.0405295
-0.0385081
-0.0362677
-0.0338261
-0.0312082
-0.0284479
-0.0255857
-0.0226691
-0.0197518
-0.0168929
-0.0141548
-0.011602
-0.00929794
-0.00730216
-0.00566746
-0.00443663
-0.00363978
-0.00329235
-0.00339402
-0.00392902
-0.0048673
-0.00616497
-0.00777041
-0.00966481
-0.0118889
-0.0140107
-0.0211817
-0.0217831
-0.0224082
-0.022947
-0.0234341
-0.0238888
-0.0243205
-0.0247388
-0.0251539
-0.0255757
-0.0260132
-0.0264746
-0.0269673
-0.0274976
-0.0280709
-0.0286914
-0.0293624
-0.0300863
-0.0308644
-0.0316969
-0.0325834
-0.0335222
-0.0345108
-0.0355457
-0.0366224
-0.0377354
-0.0388783
-0.0400434
-0.0412222
-0.0424049
-0.0435807
-0.0447378
-0.0458632
-0.046943
-0.0479624
-0.0489054
-0.0497555
-0.0504955
-0.0511077
-0.0515739
-0.0518762
-0.0519966
-0.0519178
-0.0516234
-0.0510984
-0.0503295
-0.0493059
-0.0480196
-0.0464662
-0.0446462
-0.0425659
-0.0402367
-0.037676
-0.034908
-0.0319652
-0.0288884
-0.0257262
-0.0225345
-0.0193763
-0.0163196
-0.0134354
-0.0107954
-0.00846849
-0.00651746
-0.00499506
-0.00394084
-0.00337835
-0.00331347
-0.00373429
-0.0046119
-0.00590089
-0.00754593
-0.00952599
-0.0118835
-0.0141491
-0.0231337
-0.0237247
-0.0243403
-0.0248721
-0.0253538
-0.0258038
-0.0262314
-0.0266461
-0.0270582
-0.0274777
-0.0279141
-0.028376
-0.0288711
-0.0294063
-0.0299874
-0.0306192
-0.0313053
-0.0320487
-0.0328508
-0.0337125
-0.0346333
-0.035612
-0.0366462
-0.0377325
-0.0388665
-0.0400428
-0.0412547
-0.0424947
-0.0437539
-0.0450224
-0.046289
-0.0475414
-0.0487664
-0.0499492
-0.0510744
-0.0521254
-0.0530846
-0.0539339
-0.0546542
-0.0552264
-0.0556308
-0.0558481
-0.055859
-0.0556454
-0.0551901
-0.0544776
-0.0534946
-0.0522309
-0.0506795
-0.0488382
-0.0467101
-0.0443039
-0.0416349
-0.0387259
-0.035608
-0.0323214
-0.0289151
-0.025447
-0.0219832
-0.0185965
-0.0153648
-0.012368
-0.00968475
-0.00738857
-0.00554341
-0.00419968
-0.00339066
-0.00313004
-0.00341113
-0.00420734
-0.00547239
-0.00714752
-0.00920949
-0.0117023
-0.014117
-0.0251443
-0.0257261
-0.026333
-0.0268582
-0.0273341
-0.0277785
-0.0282002
-0.0286088
-0.0290147
-0.0294282
-0.029859
-0.0303163
-0.0308085
-0.031343
-0.0319262
-0.0325634
-0.0332589
-0.0340159
-0.0348365
-0.0357219
-0.0366719
-0.0376856
-0.0387608
-0.0398942
-0.0410817
-0.0423176
-0.0435954
-0.0449073
-0.0462445
-0.0475965
-0.0489521
-0.0502986
-0.0516221
-0.0529075
-0.0541385
-0.0552978
-0.0563672
-0.0573272
-0.0581579
-0.0588388
-0.059349
-0.0596674
-0.0597733
-0.0596465
-0.0592678
-0.0586195
-0.0576861
-0.0564545
-0.0549154
-0.0530635
-0.0508989
-0.0484274
-0.0456616
-0.0426221
-0.0393383
-0.0358489
-0.0322028
-0.028459
-0.0246861
-0.0209613
-0.0173686
-0.0139963
-0.0109329
-0.00826351
-0.00606426
-0.00439791
-0.00330918
-0.00282134
-0.00293465
-0.00362619
-0.00484973
-0.00654351
-0.00868221
-0.0113114
-0.0138799
-0.0272102
-0.0277845
-0.0283842
-0.0289036
-0.0293736
-0.0298113
-0.0302252
-0.0306248
-0.0310207
-0.0314234
-0.0318433
-0.0322902
-0.0327732
-0.0333003
-0.0338786
-0.0345143
-0.0352122
-0.0359762
-0.0368087
-0.0377114
-0.0386845
-0.0397274
-0.0408382
-0.0420137
-0.0432497
-0.0445408
-0.0458804
-0.0472606
-0.0486722
-0.0501049
-0.0515468
-0.052985
-0.0544051
-0.0557914
-0.0571271
-0.0583941
-0.0595733
-0.0606443
-0.0615863
-0.0623774
-0.0629954
-0.0634179
-0.0636224
-0.063587
-0.0632905
-0.062713
-0.0618365
-0.0606457
-0.0591282
-0.0572759
-0.0550857
-0.0525604
-0.0497095
-0.046551
-0.0431116
-0.0394284
-0.0355492
-0.0315332
-0.0274507
-0.0233825
-0.0194184
-0.0156544
-0.0121892
-0.00911963
-0.00653528
-0.00451263
-0.00310959
-0.00236101
-0.00227598
-0.00283694
-0.00399894
-0.00569783
-0.00790652
-0.0106722
-0.0133987
-0.0293283
-0.0298976
-0.0304925
-0.0310072
-0.0314714
-0.0319013
-0.0323051
-0.0326923
-0.0330735
-0.0334599
-0.0338626
-0.0342921
-0.0347583
-0.0352703
-0.0358359
-0.036462
-0.0371543
-0.0379173
-0.0387541
-0.0396667
-0.040656
-0.0417214
-0.0428614
-0.0440729
-0.045352
-0.0466931
-0.0480896
-0.0495335
-0.0510155
-0.0525249
-0.0540496
-0.0555763
-0.0570901
-0.0585748
-0.0600129
-0.0613857
-0.0626732
-0.0638543
-0.064907
-0.0658083
-0.0665349
-0.0670627
-0.067368
-0.0674269
-0.0672163
-0.0667144
-0.0659008
-0.0647576
-0.0632697
-0.0614261
-0.0592204
-0.0566522
-0.0537278
-0.0504618
-0.0468782
-0.0430114
-0.0389075
-0.0346251
-0.0302353
-0.0258216
-0.0214785
-0.0173095
-0.0134231
-0.00992822
-0.0069286
-0.0045158
-0.00276278
-0.00171802
-0.00140167
-0.00180349
-0.00288131
-0.00456954
-0.00683973
-0.00974092
-0.0126291
-0.0314962
-0.032064
-0.032657
-0.0331687
-0.0336273
-0.0340483
-0.0344393
-0.0348099
-0.0351711
-0.0355347
-0.0359127
-0.0363166
-0.0367573
-0.0372449
-0.0377885
-0.0383958
-0.0390733
-0.0398264
-0.0406588
-0.0415731
-0.0425705
-0.043651
-0.044813
-0.046054
-0.0473697
-0.0487549
-0.0502028
-0.0517052
-0.0532526
-0.0548342
-0.0564374
-0.0580485
-0.0596522
-0.0612318
-0.0627692
-0.0642448
-0.0656381
-0.066927
-0.0680885
-0.0690987
-0.0699328
-0.0705658
-0.0709721
-0.0711265
-0.0710039
-0.0705805
-0.0698338
-0.0687432
-0.0672912
-0.0654636
-0.063251
-0.0606496
-0.0576621
-0.0542998
-0.0505831
-0.0465435
-0.0422247
-0.0376835
-0.032991
-0.0282323
-0.0235059
-0.0189215
-0.0145971
-0.0106539
-0.00721007
-0.00437357
-0.00223415
-0.000856164
-0.000273174
-0.000484565
-0.00145284
-0.0031122
-0.00543355
-0.008468
-0.0115208
-0.0337119
-0.0342828
-0.034878
-0.0353888
-0.0358423
-0.0362529
-0.036628
-0.0369771
-0.0373119
-0.037645
-0.0379895
-0.0383581
-0.0387631
-0.039216
-0.0397269
-0.0403048
-0.0409572
-0.0416903
-0.0425087
-0.0434154
-0.0444122
-0.0454994
-0.0466757
-0.0479387
-0.0492842
-0.0507069
-0.0522
-0.0537551
-0.0553625
-0.0570109
-0.0586877
-0.0603785
-0.0620676
-0.0637377
-0.0653702
-0.0669449
-0.0684402
-0.0698335
-0.0711007
-0.072217
-0.0731563
-0.0738925
-0.0743985
-0.0746476
-0.074613
-0.074269
-0.0735909
-0.0725559
-0.0711437
-0.0693375
-0.0671245
-0.0644976
-0.0614561
-0.0580073
-0.0541681
-0.0499664
-0.0454426
-0.0406514
-0.0356625
-0.0305617
-0.02545
-0.0204427
-0.0156664
-0.011254
-0.00733871
-0.00404562
-0.00148302
0.000266669
0.00115385
0.00116689
0.000336366
-0.00127332
-0.00363344
-0.00679761
-0.0100175
-0.0359746
-0.0365543
-0.0371568
-0.0376697
-0.0381186
-0.0385171
-0.0388724
-0.0391942
-0.0394949
-0.0397884
-0.040089
-0.0404112
-0.0407689
-0.0411749
-0.0416411
-0.0421778
-0.0427935
-0.0434955
-0.0442891
-0.0451782
-0.0461648
-0.0472497
-0.0484319
-0.049709
-0.0510769
-0.0525301
-0.0540618
-0.0556634
-0.0573248
-0.0590344
-0.0607792
-0.0625444
-0.0643137
-0.0660694
-0.0677922
-0.069461
-0.0710539
-0.072547
-0.0739157
-0.0751338
-0.0761746
-0.0770104
-0.0776131
-0.0779543
-0.0780057
-0.0777398
-0.0771298
-0.0761508
-0.0747801
-0.0729978
-0.0707885
-0.0681415
-0.0650525
-0.0615252
-0.0575724
-0.053218
-0.0484989
-0.0434665
-0.0381884
-0.0327498
-0.0272531
-0.021818
-0.0165784
-0.0116785
-0.00726618
-0.00348453
-0.000461903
0.0016991
0.00293014
0.00320439
0.00254281
0.00100636
-0.00137792
-0.00466682
-0.00805547
-0.0382844
-0.0388803
-0.0394966
-0.0400149
-0.0404599
-0.0408444
-0.0411752
-0.0414626
-0.0417201
-0.0419631
-0.0422078
-0.0424707
-0.0427675
-0.0431131
-0.043521
-0.0440031
-0.0445694
-0.045228
-0.0459854
-0.0468458
-0.0478122
-0.0488853
-0.0500644
-0.0513473
-0.0527297
-0.0542063
-0.0557697
-0.0574111
-0.0591203
-0.0608851
-0.0626921
-0.0645259
-0.0663699
-0.0682057
-0.0700131
-0.0717707
-0.0734556
-0.0750432
-0.0765079
-0.0778227
-0.0789598
-0.0798902
-0.0805848
-0.0810136
-0.081147
-0.0809557
-0.080411
-0.0794859
-0.0781554
-0.0763971
-0.0741925
-0.0715278
-0.0683953
-0.0647946
-0.0607346
-0.056235
-0.0513285
-0.0460629
-0.0405027
-0.0347312
-0.0288513
-0.0229852
-0.0172732
-0.0118695
-0.00693638
-0.00263529
0.000884028
0.00349692
0.00511355
0.00568862
0.00523033
0.00379368
0.00140223
-0.00200492
-0.00556331
-0.0406433
-0.0412645
-0.0419024
-0.0424304
-0.0428721
-0.0432399
-0.0435404
-0.0437849
-0.0439882
-0.0441679
-0.0443426
-0.0445311
-0.0447517
-0.0450214
-0.0453559
-0.0457688
-0.0462716
-0.0468738
-0.0475824
-0.0484028
-0.0493381
-0.0503895
-0.0515564
-0.0528365
-0.0542256
-0.055718
-0.0573061
-0.0589808
-0.0607313
-0.0625451
-0.0644082
-0.0663049
-0.0682176
-0.0701274
-0.0720136
-0.073854
-0.0756247
-0.0773006
-0.0788551
-0.0802603
-0.0814872
-0.082506
-0.0832861
-0.0837964
-0.0840058
-0.0838833
-0.0833987
-0.0825229
-0.0812286
-0.0794911
-0.0772892
-0.0746059
-0.0714302
-0.0677579
-0.0635939
-0.0589537
-0.0538654
-0.0483725
-0.0425359
-0.0364361
-0.0301747
-0.0238755
-0.0176833
-0.0117614
-0.00628529
-0.0014348
0.00261755
0.00572376
0.00776975
0.00868821
0.00847095
0.00716393
0.00478492
0.00126763
-0.00246085
-0.0430553
-0.0437129
-0.0443821
-0.0449246
-0.0453636
-0.0457111
-0.0459742
-0.0461651
-0.0463011
-0.0464024
-0.0464905
-0.0465874
-0.0467143
-0.0468909
-0.047135
-0.0474626
-0.0478869
-0.0484184
-0.0490653
-0.0498335
-0.0507267
-0.0517462
-0.0528916
-0.0541604
-0.0555483
-0.0570491
-0.058655
-0.0603563
-0.0621419
-0.0639986
-0.0659118
-0.0678652
-0.0698406
-0.0718183
-0.073777
-0.0756937
-0.0775438
-0.0793012
-0.0809384
-0.0824267
-0.0837362
-0.0848357
-0.0856936
-0.0862777
-0.0865553
-0.086494
-0.0860619
-0.085228
-0.0839631
-0.0822402
-0.0800354
-0.0773291
-0.0741068
-0.0703609
-0.0660923
-0.061312
-0.0560439
-0.0503267
-0.0442169
-0.0377914
-0.0311495
-0.0244148
-0.0177353
-0.0112815
-0.00524108
0.000188359
0.0048098
0.00845162
0.010973
0.0122806
0.0123458
0.0112019
0.00885782
0.00524017
0.00134188
-0.045527
-0.0462347
-0.0469469
-0.0475094
-0.0479458
-0.0482683
-0.0484846
-0.048609
-0.0486618
-0.0486667
-0.0486491
-0.0486345
-0.0486478
-0.0487119
-0.0488469
-0.0490719
-0.0494014
-0.0498475
-0.0504191
-0.0511227
-0.0519625
-0.05294
-0.0540546
-0.0553038
-0.0566827
-0.0581848
-0.0598018
-0.0615236
-0.0633381
-0.0652317
-0.0671892
-0.0691933
-0.0712254
-0.0732649
-0.0752898
-0.0772761
-0.0791986
-0.0810303
-0.0827427
-0.0843062
-0.0856899
-0.0868616
-0.0877884
-0.088437
-0.0887733
-0.0887636
-0.0883742
-0.0875726
-0.0863276
-0.0846099
-0.0823935
-0.0796558
-0.0763796
-0.0725538
-0.0681754
-0.0632514
-0.057801
-0.0518582
-0.0454748
-0.038723
-0.0316991
-0.024525
-0.0173502
-0.0103506
-0.00372426
0.00231439
0.00754032
0.0117612
0.0148066
0.016553
0.0169464
0.016003
0.0137197
0.0100133
0.00594591
-0.0480689
-0.0488434
-0.0496122
-0.0502011
-0.0506343
-0.0509252
-0.0510829
-0.0511246
-0.0510749
-0.050962
-0.050816
-0.0506672
-0.0505447
-0.0504746
-0.0504792
-0.0505832
-0.050801
-0.0511464
-0.0516288
-0.0522554
-0.0530306
-0.0539562
-0.0550312
-0.0562526
-0.0576154
-0.0591122
-0.0607342
-0.0624704
-0.0643082
-0.0662333
-0.0682294
-0.0702786
-0.0723616
-0.0744568
-0.0765414
-0.0785907
-0.0805785
-0.0824769
-0.0842565
-0.0858868
-0.0873357
-0.0885701
-0.089556
-0.0902586
-0.0906428
-0.0906733
-0.0903151
-0.0895338
-0.0882964
-0.0865718
-0.0843315
-0.0815507
-0.0782091
-0.0742926
-0.0697947
-0.0647182
-0.059078
-0.0529032
-0.0462406
-0.0391577
-0.0317464
-0.0241258
-0.0164453
-0.00888403
-0.00164781
0.005034
0.010896
0.0157411
0.0193637
0.0216031
0.0223755
0.021675
0.0194818
0.0157002
0.0114649
-0.0506959
-0.0515575
-0.0523994
-0.0530212
-0.0534494
-0.0536994
-0.0537831
-0.0537221
-0.0535462
-0.05329
-0.0529894
-0.0526802
-0.052396
-0.0521664
-0.0520212
-0.0519841
-0.0520721
-0.0523009
-0.05268
-0.0532171
-0.053917
-0.0547811
-0.0558081
-0.0569946
-0.0583346
-0.0598202
-0.0614416
-0.063187
-0.0650431
-0.0669944
-0.0690241
-0.0711132
-0.0732415
-0.0753866
-0.0775247
-0.0796303
-0.0816763
-0.0836337
-0.0854724
-0.0871605
-0.0886652
-0.0899522
-0.0909864
-0.0917317
-0.0921517
-0.0922097
-0.0918692
-0.0910943
-0.0898501
-0.0881037
-0.0858244
-0.0829851
-0.0795628
-0.0755405
-0.0709083
-0.0656654
-0.0598222
-0.0534034
-0.0464504
-0.0390257
-0.0312161
-0.0231373
-0.0149365
-0.00679439
0.00108028
0.00845003
0.014973
0.020487
0.0247468
0.0275406
0.0287489
0.0283394
0.0262703
0.0224292
0.0180272
-0.0534294
-0.0544026
-0.0553369
-0.0559984
-0.0564175
-0.0566138
-0.0566034
-0.0564142
-0.0560835
-0.0556534
-0.0551675
-0.0546683
-0.0541934
-0.0537778
-0.0534652
-0.0532705
-0.0532044
-0.0532976
-0.0535586
-0.0539941
-0.0546083
-0.0554022
-0.0563739
-0.0575188
-0.0588303
-0.0602996
-0.0619157
-0.063666
-0.0655359
-0.0675092
-0.0695678
-0.0716921
-0.0738606
-0.0760501
-0.0782358
-0.0803912
-0.0824882
-0.084497
-0.0863863
-0.0881234
-0.0896741
-0.0910031
-0.0920741
-0.0928499
-0.0932927
-0.0933644
-0.0930269
-0.0922429
-0.0909756
-0.0891902
-0.0868541
-0.0839377
-0.0804158
-0.0762685
-0.0714827
-0.0660541
-0.0599891
-0.0533077
-0.0460465
-0.0382626
-0.0300376
-0.0214823
-0.0127413
-0.00399577
0.00454456
0.0126533
0.0199001
0.02611
0.0310694
0.0344879
0.0361975
0.036134
0.0342281
0.0303457
0.0257781
-0.0562991
-0.0574138
-0.0584629
-0.0591701
-0.0595729
-0.0596973
-0.0595664
-0.0592169
-0.0586961
-0.0580559
-0.0573488
-0.0566254
-0.0559288
-0.0553107
-0.0547997
-0.0544118
-0.054179
-0.0541212
-0.0542504
-0.0545731
-0.0550924
-0.0558084
-0.0567183
-0.0578164
-0.0590949
-0.0605438
-0.0621509
-0.0639024
-0.0657827
-0.0677743
-0.0698581
-0.0720133
-0.0742174
-0.0764462
-0.0786739
-0.0808729
-0.083014
-0.0850666
-0.0869981
-0.0887749
-0.0903616
-0.0917218
-0.092818
-0.0936116
-0.0940635
-0.0941341
-0.093784
-0.092974
-0.0916658
-0.0898225
-0.0874095
-0.0843952
-0.0807517
-0.0764566
-0.0714937
-0.0658552
-0.0595439
-0.0525753
-0.0449811
-0.036813
-0.0281473
-0.0190895
-0.00978037
-0.000400897
0.00883268
0.0176974
0.0258237
0.0327511
0.0384603
0.0425815
0.0448687
0.0452155
0.0435187
0.0396159
0.0348835
-0.0593463
-0.0606385
-0.061828
-0.0625857
-0.0629596
-0.0629866
-0.0627003
-0.0621496
-0.0613952
-0.0605014
-0.0595304
-0.0585395
-0.0575892
-0.0567331
-0.0559879
-0.0553866
-0.0549737
-0.0547544
-0.0547412
-0.0549415
-0.0553582
-0.0559902
-0.0568332
-0.0578805
-0.0591227
-0.0605483
-0.0621439
-0.0638942
-0.0657822
-0.0677893
-0.0698951
-0.0720777
-0.0743134
-0.0765769
-0.0788412
-0.0810778
-0.0832565
-0.0853453
-0.0873108
-0.0891181
-0.0907309
-0.0921113
-0.0932207
-0.0940191
-0.0944661
-0.0945206
-0.0941415
-0.093288
-0.09192
-0.0899987
-0.0874874
-0.0843522
-0.0805629
-0.0760942
-0.0709271
-0.0650505
-0.0584632
-0.0511767
-0.0432177
-0.0346328
-0.0254923
-0.0158964
-0.0059808
0.00407449
0.0140425
0.0236825
0.0327998
0.0405714
0.0470677
0.0519759
0.0549293
0.0557629
0.05433
0.0504313
0.0455338
-0.0626279
-0.064141
-0.0655
-0.0663092
-0.0666339
-0.0665276
-0.0660392
-0.0652354
-0.0641938
-0.0629934
-0.0617059
-0.0604042
-0.0591655
-0.0580262
-0.0570212
-0.0562001
-0.0555844
-0.0551867
-0.0550193
-0.0550887
-0.0553963
-0.0559395
-0.0567125
-0.0577064
-0.0589104
-0.0603113
-0.0618939
-0.0636415
-0.0655357
-0.0675564
-0.0696819
-0.0718889
-0.0741526
-0.0764466
-0.0787428
-0.0810115
-0.0832212
-0.0853391
-0.0873305
-0.0891593
-0.0907881
-0.0921779
-0.0932885
-0.0940788
-0.0945068
-0.0945299
-0.0941054
-0.0931906
-0.0917437
-0.0897237
-0.0870919
-0.083812
-0.0798511
-0.0751813
-0.0697805
-0.0636341
-0.0567373
-0.0490969
-0.0407351
-0.0316927
-0.0220343
-0.0118537
-0.00128122
0.00950786
0.0202851
0.0307899
0.04081
0.049678
0.0570823
0.0628502
0.0665683
0.0679811
0.0668794
0.0630147
0.0579506
-0.0662225
-0.0680088
-0.0695687
-0.0704245
-0.0706676
-0.0703771
-0.0696249
-0.068501
-0.0671056
-0.0655334
-0.0638701
-0.0622216
-0.0606455
-0.0591918
-0.0579078
-0.0568347
-0.0559953
-0.0554047
-0.0550731
-0.0550048
-0.0551988
-0.0556504
-0.0563516
-0.0572915
-0.058457
-0.059833
-0.0614027
-0.0631474
-0.0650471
-0.0670802
-0.0692237
-0.071453
-0.0737419
-0.0760628
-0.0783863
-0.0806817
-0.0829164
-0.0850564
-0.0870658
-0.0889075
-0.0905426
-0.091931
-0.0930312
-0.0938007
-0.0941959
-0.0941726
-0.0936865
-0.0926931
-0.0911483
-0.0890094
-0.086235
-0.0827863
-0.078628
-0.0737289
-0.0680636
-0.0616141
-0.0543713
-0.0463375
-0.0375296
-0.0279825
-0.0177545
-0.00693247
0.00435997
0.0159541
0.0276253
0.0390916
0.050045
0.0601856
0.0686347
0.075378
0.0799961
0.0821064
0.0814219
0.0776287
0.0723952
-0.070239
-0.0723609
-0.0741548
-0.0750412
-0.0751523
-0.0746057
-0.0735066
-0.0719766
-0.0701433
-0.06812
-0.0660306
-0.063971
-0.062009
-0.0602069
-0.0586137
-0.0572662
-0.0561882
-0.0553939
-0.0548909
-0.0546804
-0.0547587
-0.0551183
-0.0557482
-0.0566352
-0.0577637
-0.0591163
-0.0606742
-0.0624168
-0.0643225
-0.0663679
-0.0685286
-0.0707784
-0.0730901
-0.0754346
-0.0777815
-0.0800988
-0.0823528
-0.0845082
-0.0865282
-0.0883742
-0.0900064
-0.0913832
-0.0924619
-0.0931983
-0.0935476
-0.0934638
-0.0929008
-0.0918121
-0.0901518
-0.0878745
-0.0849365
-0.0812964
-0.0769157
-0.0717599
-0.0658001
-0.059014
-0.0513879
-0.0429191
-0.0336186
-0.0235147
-0.0126582
-0.0011283
0.0109595
0.023444
0.0361057
0.0486547
0.0607449
0.0721322
0.0818474
0.0897911
0.0954669
0.0984183
0.0982608
0.0945886
0.0891819
-0.0748302
-0.0773611
-0.0794199
-0.0803026
-0.0802037
-0.0792995
-0.0777423
-0.075695
-0.0733163
-0.0707618
-0.0681693
-0.0656317
-0.0632364
-0.0610485
-0.0591166
-0.0574751
-0.0561457
-0.0551398
-0.0544611
-0.0541071
-0.0540704
-0.0543398
-0.0549014
-0.0557387
-0.0568334
-0.0581657
-0.0597145
-0.0614572
-0.0633701
-0.0654285
-0.0676061
-0.0698756
-0.0722082
-0.0745736
-0.0769403
-0.079275
-0.0815429
-0.0837075
-0.085731
-0.0875736
-0.0891941
-0.0905498
-0.0915965
-0.0922888
-0.0925801
-0.0924229
-0.0917691
-0.0905704
-0.0887784
-0.0863455
-0.0832254
-0.0793734
-0.0747478
-0.0693105
-0.0630283
-0.0558741
-0.0478291
-0.0388844
-0.0290441
-0.0183288
-0.00678028
0.00553172
0.0185017
0.0319779
0.0457488
0.0595294
0.0729602
0.0856446
0.0969454
0.106283
0.113252
0.117243
0.117762
0.11428
0.108697
-0.0802117
-0.0832362
-0.0855824
-0.0863955
-0.0859673
-0.0845611
-0.082396
-0.0796858
-0.0766388
-0.073451
-0.0702592
-0.0671799
-0.064301
-0.0616892
-0.0593917
-0.0574392
-0.0558486
-0.0546265
-0.0537715
-0.0532761
-0.0531283
-0.0533127
-0.0538114
-0.0546045
-0.0556707
-0.0569874
-0.0585311
-0.0602771
-0.0621998
-0.0642726
-0.0664678
-0.0687565
-0.0711087
-0.0734929
-0.0758762
-0.0782242
-0.0805012
-0.0826695
-0.08469
-0.086522
-0.088123
-0.089449
-0.0904547
-0.091093
-0.0913158
-0.0910741
-0.0903178
-0.0889966
-0.0870598
-0.0844573
-0.0811397
-0.0770593
-0.0721706
-0.0664312
-0.0598032
-0.0522541
-0.0437586
-0.0343007
-0.0238761
-0.0124957
-0.000190561
0.012982
0.0269295
0.0415132
0.0565334
0.0717132
0.086677
0.100929
0.114061
0.125052
0.133648
0.138965
0.140373
0.137184
0.131427
-0.0866938
-0.090304
-0.0929382
-0.0935634
-0.0926227
-0.0905089
-0.0875338
-0.0839753
-0.080106
-0.076151
-0.0722735
-0.0685808
-0.0651652
-0.0620932
-0.0594069
-0.0571304
-0.0552735
-0.0538355
-0.0528083
-0.0521779
-0.0519268
-0.0520346
-0.0524787
-0.0532357
-0.0542808
-0.0555885
-0.0571327
-0.0588865
-0.0608224
-0.062912
-0.0651261
-0.0674344
-0.0698055
-0.0722067
-0.0746041
-0.0769623
-0.0792441
-0.0814112
-0.0834233
-0.0852385
-0.0868133
-0.0881026
-0.0890595
-0.0896359
-0.0897821
-0.0894473
-0.0885797
-0.0871269
-0.0850358
-0.0822538
-0.0787283
-0.0744082
-0.0692438
-0.0631882
-0.0561979
-0.048234
-0.0392639
-0.0292628
-0.018216
-0.00612265
0.00700018
0.0211111
0.0361352
0.0519521
0.0683796
0.0851528
0.101898
0.118111
0.133238
0.146314
0.15687
0.164014
0.16665
0.163921
0.158008
-0.0947299
-0.0990149
-0.101891
-0.102121
-0.100387
-0.0972729
-0.0932161
-0.0885723
-0.0836726
-0.0788299
-0.0741625
-0.0697799
-0.0657759
-0.0622113
-0.0591191
-0.0565125
-0.0543909
-0.0527438
-0.0515543
-0.0508008
-0.0504589
-0.0505023
-0.0509038
-0.0516355
-0.0526692
-0.0539763
-0.0555282
-0.0572958
-0.0592495
-0.0613593
-0.0635944
-0.0659234
-0.0683134
-0.0707309
-0.0731407
-0.0755063
-0.07779
-0.079952
-0.0819514
-0.0837451
-0.0852887
-0.0865359
-0.0874388
-0.0879478
-0.088012
-0.0875789
-0.0865949
-0.0850056
-0.0827556
-0.0797896
-0.0760519
-0.0714875
-0.0660426
-0.0596651
-0.0523052
-0.043917
-0.0344588
-0.0238956
-0.0122002
0.000643014
0.0146347
0.0297542
0.0459504
0.0631293
0.0811356
0.0997289
0.118554
0.137102
0.154651
0.17049
0.18351
0.192971
0.197291
0.195302
0.189301
-0.105
-0.110017
-0.11299
-0.112472
-0.109518
-0.104993
-0.0994901
-0.0934511
-0.0873856
-0.08147
-0.0758593
-0.0706996
-0.0660578
-0.0619761
-0.0584702
-0.0555374
-0.0531622
-0.0513216
-0.0499876
-0.0491293
-0.0487145
-0.0487107
-0.0490853
-0.0498059
-0.0508406
-0.0521579
-0.0537266
-0.0555152
-0.0574926
-0.0596272
-0.0618866
-0.0642383
-0.0666484
-0.0690822
-0.0715037
-0.0738756
-0.0761591
-0.0783138
-0.0802978
-0.0820674
-0.083577
-0.0847794
-0.0856257
-0.0860651
-0.0860455
-0.0855129
-0.0844122
-0.0826867
-0.0802792
-0.0771313
-0.0731845
-0.0683799
-0.062659
-0.0559643
-0.0482393
-0.0394298
-0.0294845
-0.0183558
-0.00600208
0.00761063
0.0225049
0.0386866
0.0561365
0.0747973
0.094554
0.115207
0.136434
0.157737
0.178378
0.197544
0.213829
0.226225
0.233136
0.232421
0.226509
-0.11855
-0.124259
-0.126987
-0.125115
-0.12029
-0.113786
-0.106351
-0.0986681
-0.0910903
-0.0838779
-0.0772271
-0.0712149
-0.0658992
-0.061292
-0.0573812
-0.0541411
-0.0515372
-0.0495302
-0.0480792
-0.0471428
-0.0466802
-0.0466519
-0.0470198
-0.0477471
-0.0487984
-0.0501391
-0.0517356
-0.0535546
-0.0555632
-0.0577283
-0.0600167
-0.0623944
-0.0648269
-0.0672786
-0.0697127
-0.0720911
-0.0743745
-0.0765217
-0.0784901
-0.0802352
-0.0817108
-0.082869
-0.0836598
-0.0840316
-0.083931
-0.0833029
-0.0820905
-0.0802357
-0.0776788
-0.0743592
-0.070215
-0.0651839
-0.0592026
-0.0522077
-0.044136
-0.0349242
-0.02451
-0.0128324
0.000167554
0.0145451
0.0303495
0.0476199
0.0663779
0.0866159
0.108278
0.131228
0.155209
0.179777
0.20422
0.227472
0.24827
0.264996
0.275567
0.276827
0.271381
-0.137047
-0.143147
-0.14489
-0.140623
-0.132955
-0.123606
-0.11366
-0.103833
-0.0944639
-0.0858225
-0.0780248
-0.0711279
-0.0651393
-0.0600282
-0.0557471
-0.0522409
-0.0494514
-0.0473206
-0.0457929
-0.0448151
-0.0443378
-0.0443143
-0.0447011
-0.0454573
-0.046544
-0.0479241
-0.0495619
-0.0514225
-0.0534716
-0.055675
-0.0579985
-0.0604074
-0.0628665
-0.0653395
-0.067789
-0.0701766
-0.0724623
-0.0746045
-0.07656
-0.0782839
-0.0797293
-0.0808478
-0.0815887
-0.0818996
-0.0817263
-0.0810126
-0.0797005
-0.0777302
-0.0750403
-0.0715678
-0.0672481
-0.062015
-0.0558011
-0.0485371
-0.0401526
-0.0305753
-0.0197313
-0.00754465
0.00606233
0.0211691
0.0378559
0.0562015
0.0762785
0.0981438
0.121822
0.147273
0.174348
0.202711
0.231729
0.260319
0.287098
0.309871
0.325688
0.330519
0.326506
-0.163282
-0.168811
-0.167998
-0.159607
-0.147548
-0.13421
-0.120994
-0.10855
-0.0971653
-0.086946
-0.0779514
-0.0701819
-0.063567
-0.0580162
-0.0534358
-0.0497346
-0.046827
-0.0446344
-0.0430852
-0.0421149
-0.0416651
-0.041683
-0.04212
-0.0429317
-0.0440764
-0.0455151
-0.0472104
-0.0491262
-0.0512274
-0.0534789
-0.0558459
-0.0582934
-0.0607855
-0.0632857
-0.0657564
-0.0681588
-0.0704524
-0.0725956
-0.0745449
-0.0762549
-0.0776785
-0.0787669
-0.0794689
-0.0797317
-0.0795003
-0.0787178
-0.0773253
-0.0752615
-0.0724636
-0.0688668
-0.0644038
-0.0590053
-0.0525997
-0.0451124
-0.0364659
-0.0265792
-0.0153667
-0.00273735
0.0114063
0.0271695
0.0446666
0.0640216
0.0853669
0.108838
0.134564
0.162639
0.193079
0.225737
0.260173
0.29545
0.329928
0.361142
0.385425
0.396817
0.396179
-0.202083
-0.204472
-0.197946
-0.18249
-0.163706
-0.145054
-0.127831
-0.112305
-0.098595
-0.0867115
-0.0765774
-0.068038
-0.0609188
-0.0550542
-0.0502945
-0.0465077
-0.0435789
-0.0414085
-0.0399101
-0.0390088
-0.0386388
-0.0387419
-0.0392662
-0.0401645
-0.0413937
-0.0429132
-0.0446849
-0.0466722
-0.0488394
-0.0511513
-0.053573
-0.0560691
-0.0586037
-0.0611404
-0.0636414
-0.0660677
-0.0683792
-0.0705338
-0.0724881
-0.0741967
-0.0756123
-0.0766859
-0.0773663
-0.0776003
-0.0773326
-0.0765057
-0.07506
-0.0729334
-0.0700619
-0.0663792
-0.0618161
-0.0563005
-0.0497572
-0.042107
-0.0332663
-0.0231457
-0.0116489
0.00132934
0.0159058
0.0322117
0.0503962
0.070631
0.0931142
0.118073
0.14576
0.176444
0.210371
0.247696
0.288337
0.331734
0.376472
0.41993
0.457261
0.480124
0.487151
-0.261438
-0.254865
-0.236551
-0.208978
-0.180639
-0.155227
-0.133006
-0.113925
-0.0978275
-0.0844356
-0.0733786
-0.0643043
-0.0569081
-0.0509352
-0.0461752
-0.0424552
-0.039633
-0.0375911
-0.0362316
-0.0354721
-0.0352421
-0.0354805
-0.0361337
-0.0371536
-0.0384964
-0.0401217
-0.0419914
-0.0440689
-0.0463189
-0.0487063
-0.0511966
-0.0537546
-0.0563448
-0.0589307
-0.0614751
-0.0639392
-0.0662828
-0.0684643
-0.0704402
-0.0721655
-0.073593
-0.0746736
-0.0753562
-0.0755877
-0.0753127
-0.0744735
-0.0730103
-0.0708599
-0.0679579
-0.0642372
-0.0596272
-0.0540537
-0.0474386
-0.0396992
-0.0307469
-0.0204856
-0.00880978
0.00439809
0.0192716
0.0359653
0.0546608
0.0755758
0.0989739
0.125177
0.154578
0.187648
0.224931
0.267007
0.314373
0.367213
0.424938
0.485233
0.542297
0.585031
0.608976
-0.354588
-0.326469
-0.284171
-0.237485
-0.19641
-0.16226
-0.134319
-0.111739
-0.0936863
-0.0792784
-0.0677711
-0.0585833
-0.0512681
-0.0454822
-0.0409613
-0.0375005
-0.0349392
-0.0331496
-0.0320285
-0.0314912
-0.0314665
-0.0318938
-0.0327202
-0.0338987
-0.0353867
-0.0371449
-0.0391363
-0.0413253
-0.0436773
-0.0461585
-0.0487347
-0.0513716
-0.0540342
-0.0566868
-0.0592924
-0.0618128
-0.0642084
-0.0664378
-0.068458
-0.0702243
-0.0716899
-0.072806
-0.0735217
-0.0737841
-0.0735383
-0.0727266
-0.0712899
-0.0691627
-0.0662809
-0.0625787
-0.0579839
-0.052421
-0.0458101
-0.0380663
-0.0290974
-0.0188028
-0.00707064
0.00622565
0.0212322
0.0381213
0.0571004
0.0784246
0.102414
0.129477
0.160141
0.195088
0.235203
0.281597
0.3356
0.398633
0.47179
0.554502
0.641402
0.718925
0.774862
-0.519232
-0.42911
-0.336276
-0.261347
-0.204169
-0.160751
-0.127894
-0.103175
-0.0844447
-0.0700943
-0.0589977
-0.0503691
-0.0436522
-0.0384486
-0.0344691
-0.0314998
-0.029379
-0.027982
-0.0272102
-0.0269836
-0.027236
-0.0279111
-0.02896
-0.0303391
-0.0320087
-0.033932
-0.036074
-0.0384013
-0.0408808
-0.04348
-0.046166
-0.0489056
-0.0516649
-0.0544089
-0.0571014
-0.059705
-0.0621808
-0.064488
-0.0665843
-0.0684254
-0.069965
-0.0711549
-0.0719448
-0.072282
-0.0721127
-0.0713794
-0.0700249
-0.0679773
-0.0651771
-0.0615615
-0.0570559
-0.0515841
-0.0450659
-0.0374155
-0.0285396
-0.0183356
-0.00668876
0.00653152
0.0214774
0.0383301
0.0573108
0.0786958
0.102839
0.130207
0.161421
0.197337
0.239141
0.288494
0.347716
0.419959
0.509128
0.618834
0.74999
0.896541
1.03071
-0.892018
-0.585168
-0.377892
-0.263283
-0.191209
-0.142116
-0.108397
-0.0848819
-0.0679937
-0.0555311
-0.0461574
-0.0390264
-0.0335825
-0.0294512
-0.026374
-0.0241661
-0.0226915
-0.0218467
-0.0215502
-0.0217362
-0.0223495
-0.0233428
-0.0246745
-0.0263069
-0.028205
-0.0303362
-0.0326687
-0.0351718
-0.0378149
-0.0405674
-0.0433983
-0.0462758
-0.0491674
-0.0520393
-0.0548565
-0.0575825
-0.0601792
-0.0626069
-0.0648239
-0.0667868
-0.0684499
-0.0697658
-0.0706845
-0.0711543
-0.0711276
-0.0705423
-0.0693284
-0.0674294
-0.0647913
-0.061348
-0.0570214
-0.051737
-0.0454159
-0.0379735
-0.0293175
-0.0193466
-0.00794766
0.00500813
0.0196706
0.0362182
0.0548689
0.0758963
0.099653
0.126608
0.157402
0.192944
0.234557
0.284242
0.345118
0.42214
0.522983
0.65909
0.851469
1.14374
1.52548
-1.60763
-0.801148
-0.409555
-0.249871
-0.165765
-0.114496
-0.0828468
-0.0626969
-0.0491186
-0.0395067
-0.0324777
-0.0272417
-0.0233224
-0.0204224
-0.0183469
-0.0169624
-0.016172
-0.0159022
-0.0160945
-0.0167005
-0.0176785
-0.0189919
-0.0206072
-0.0224932
-0.0246204
-0.0269603
-0.0294848
-0.032166
-0.0349759
-0.0378859
-0.0408669
-0.0438887
-0.0469201
-0.0499286
-0.0528804
-0.0557399
-0.0584702
-0.0610321
-0.063385
-0.065486
-0.0672904
-0.068751
-0.0698178
-0.0704369
-0.070585
-0.0701776
-0.0691139
-0.0673944
-0.0649558
-0.0617153
-0.0576009
-0.0525405
-0.0464571
-0.0392677
-0.0308825
-0.0212033
-0.0101211
0.00248739
0.0167647
0.0328791
0.0510347
0.0714855
0.0945577
0.120684
0.150459
0.184738
0.224804
0.272705
0.331911
0.408689
0.514738
0.672347
0.933531
1.44318
2.35002
)
;

boundaryField
{
    movingWall
    {
        type            zeroGradient;
    }
    fixedWalls
    {
        type            zeroGradient;
    }
    frontAndBack
    {
        type            empty;
    }
}


// ************************************************************************* //
