/*--------------------------------*- C++ -*----------------------------------*\
  =========                 |
  \\      /  F ield         | OpenFOAM: The Open Source CFD Toolbox
   \\    /   O peration     | Website:  https://openfoam.org
    \\  /    A nd           | Version:  12
     \\/     M anipulation  |
\*---------------------------------------------------------------------------*/
FoamFile
{
    format      ascii;
    class       volScalarField;
    location    "9";
    object      epsilon;
}
// * * * * * * * * * * * * * * * * * * * * * * * * * * * * * * * * * * * * * //

dimensions      [0 2 -3 0 0 0 0];

internalField   nonuniform List<scalar> 
5625
(
1.60089e-11
3.02308e-11
6.40855e-11
1.04505e-10
1.50046e-10
1.99617e-10
2.52424e-10
3.07856e-10
3.65411e-10
4.24655e-10
4.85202e-10
5.46693e-10
6.08796e-10
6.71194e-10
7.33586e-10
7.95683e-10
8.57205e-10
9.17886e-10
9.77466e-10
1.0357e-09
1.09234e-09
1.14716e-09
1.19994e-09
1.25046e-09
1.29854e-09
1.34398e-09
1.3866e-09
1.42624e-09
1.46274e-09
1.49596e-09
1.52577e-09
1.55205e-09
1.5747e-09
1.59363e-09
1.60877e-09
1.62004e-09
1.62741e-09
1.63084e-09
1.63032e-09
1.62583e-09
1.61739e-09
1.60501e-09
1.58874e-09
1.56864e-09
1.54477e-09
1.51722e-09
1.48607e-09
1.45146e-09
1.4135e-09
1.37233e-09
1.3281e-09
1.281e-09
1.23119e-09
1.17887e-09
1.12424e-09
1.06754e-09
1.00898e-09
9.48818e-10
8.87303e-10
8.24705e-10
7.61304e-10
6.97395e-10
6.33285e-10
5.69297e-10
5.05771e-10
4.43068e-10
3.81575e-10
3.21717e-10
2.63963e-10
2.08857e-10
1.57062e-10
1.09429e-10
6.71207e-11
3.16663e-11
1.67689e-11
1.0823e-10
5.88772e-11
5.7306e-11
6.84538e-11
8.56039e-11
1.06355e-10
1.29554e-10
1.54537e-10
1.80866e-10
2.08224e-10
2.36355e-10
2.65047e-10
2.94112e-10
3.23381e-10
3.52696e-10
3.81911e-10
4.10886e-10
4.39489e-10
4.67591e-10
4.95073e-10
5.21817e-10
5.47713e-10
5.72654e-10
5.9654e-10
6.19274e-10
6.40766e-10
6.60931e-10
6.7969e-10
6.96968e-10
7.12697e-10
7.26816e-10
7.39269e-10
7.50005e-10
7.58982e-10
7.66164e-10
7.7152e-10
7.75028e-10
7.76671e-10
7.76441e-10
7.74337e-10
7.70358e-10
7.64517e-10
7.56834e-10
7.47334e-10
7.36049e-10
7.2302e-10
7.08294e-10
6.91923e-10
6.73968e-10
6.54497e-10
6.33584e-10
6.11309e-10
5.8776e-10
5.63029e-10
5.37217e-10
5.10431e-10
4.82783e-10
4.54391e-10
4.25382e-10
3.95888e-10
3.66048e-10
3.3601e-10
3.05932e-10
2.75981e-10
2.4634e-10
2.17212e-10
1.88826e-10
1.61456e-10
1.35443e-10
1.11255e-10
8.95947e-11
7.16785e-11
6.00291e-11
6.1688e-11
1.13393e-10
2.40564e-10
1.17917e-10
9.09391e-11
8.58633e-11
9.00203e-11
9.92728e-11
1.11757e-10
1.2646e-10
1.42758e-10
1.60232e-10
1.78577e-10
1.97558e-10
2.16985e-10
2.36698e-10
2.56556e-10
2.76435e-10
2.96219e-10
3.15804e-10
3.35091e-10
3.53989e-10
3.72408e-10
3.90269e-10
4.07491e-10
4.24003e-10
4.39733e-10
4.54618e-10
4.68594e-10
4.81606e-10
4.93601e-10
5.04528e-10
5.14345e-10
5.23011e-10
5.3049e-10
5.36752e-10
5.41769e-10
5.45521e-10
5.47991e-10
5.49167e-10
5.49041e-10
5.47614e-10
5.44883e-10
5.40859e-10
5.35555e-10
5.28989e-10
5.21183e-10
5.12166e-10
5.01971e-10
4.90637e-10
4.78207e-10
4.64729e-10
4.50258e-10
4.34851e-10
4.18573e-10
4.01491e-10
3.83681e-10
3.65221e-10
3.46196e-10
3.26697e-10
3.06819e-10
2.86668e-10
2.66355e-10
2.46002e-10
2.25743e-10
2.05729e-10
1.86131e-10
1.67153e-10
1.49046e-10
1.32134e-10
1.1686e-10
1.03883e-10
9.42684e-11
8.9972e-11
9.53332e-11
1.23634e-10
2.52212e-10
3.97605e-10
1.90746e-10
1.38309e-10
1.19238e-10
1.13409e-10
1.14562e-10
1.20009e-10
1.28345e-10
1.3873e-10
1.50617e-10
1.63617e-10
1.77444e-10
1.91875e-10
2.06728e-10
2.21854e-10
2.37122e-10
2.52418e-10
2.6764e-10
2.82696e-10
2.97499e-10
3.11972e-10
3.2604e-10
3.39635e-10
3.52695e-10
3.65157e-10
3.76967e-10
3.88073e-10
3.98426e-10
4.0798e-10
4.16696e-10
4.24536e-10
4.31465e-10
4.37455e-10
4.42478e-10
4.46513e-10
4.49541e-10
4.51548e-10
4.52524e-10
4.52461e-10
4.51361e-10
4.4922e-10
4.46047e-10
4.41853e-10
4.36651e-10
4.30462e-10
4.23309e-10
4.1522e-10
4.06227e-10
3.96367e-10
3.85681e-10
3.74215e-10
3.62021e-10
3.49153e-10
3.35671e-10
3.21641e-10
3.07134e-10
2.92226e-10
2.77001e-10
2.6155e-10
2.45971e-10
2.30373e-10
2.14881e-10
1.99633e-10
1.8479e-10
1.70547e-10
1.57141e-10
1.44874e-10
1.34155e-10
1.25561e-10
1.19975e-10
1.18873e-10
1.25076e-10
1.45147e-10
2.00207e-10
4.17303e-10
5.72e-10
2.72426e-10
1.93236e-10
1.6054e-10
1.45703e-10
1.40001e-10
1.39789e-10
1.43215e-10
1.49203e-10
1.57064e-10
1.66323e-10
1.76635e-10
1.87736e-10
1.99418e-10
2.11509e-10
2.23866e-10
2.36366e-10
2.48901e-10
2.61376e-10
2.73705e-10
2.8581e-10
2.9762e-10
3.09068e-10
3.20095e-10
3.30642e-10
3.40658e-10
3.50094e-10
3.58905e-10
3.6705e-10
3.74491e-10
3.81194e-10
3.87128e-10
3.92266e-10
3.96583e-10
4.00059e-10
4.02678e-10
4.04426e-10
4.05292e-10
4.05272e-10
4.04365e-10
4.02568e-10
3.99889e-10
3.96337e-10
3.91926e-10
3.86673e-10
3.80599e-10
3.73731e-10
3.66098e-10
3.57734e-10
3.48678e-10
3.38973e-10
3.28668e-10
3.17814e-10
3.06471e-10
2.94701e-10
2.82575e-10
2.70168e-10
2.57564e-10
2.44855e-10
2.32146e-10
2.19551e-10
2.07204e-10
1.95258e-10
1.83895e-10
1.73336e-10
1.63861e-10
1.55836e-10
1.4976e-10
1.46355e-10
1.46753e-10
1.52895e-10
1.68611e-10
2.03062e-10
2.86336e-10
6.01191e-10
7.58982e-10
3.60328e-10
2.53099e-10
2.06663e-10
1.83171e-10
1.71187e-10
1.66001e-10
1.6526e-10
1.67625e-10
1.72254e-10
1.78579e-10
1.86189e-10
1.9478e-10
2.04111e-10
2.13989e-10
2.24256e-10
2.34775e-10
2.45432e-10
2.56123e-10
2.66758e-10
2.77257e-10
2.87545e-10
2.97556e-10
3.07228e-10
3.16506e-10
3.25337e-10
3.33675e-10
3.41477e-10
3.48701e-10
3.55311e-10
3.61275e-10
3.66563e-10
3.71148e-10
3.75007e-10
3.78121e-10
3.80474e-10
3.82053e-10
3.82848e-10
3.82853e-10
3.82069e-10
3.80492e-10
3.78131e-10
3.74992e-10
3.71091e-10
3.66443e-10
3.61069e-10
3.54995e-10
3.48249e-10
3.40865e-10
3.32882e-10
3.24342e-10
3.15293e-10
3.05789e-10
2.95888e-10
2.85654e-10
2.7516e-10
2.64485e-10
2.53716e-10
2.4295e-10
2.32299e-10
2.21888e-10
2.11862e-10
2.02393e-10
1.93689e-10
1.86003e-10
1.79658e-10
1.75084e-10
1.72877e-10
1.73921e-10
1.79623e-10
1.92454e-10
2.17367e-10
2.66392e-10
3.79362e-10
7.99083e-10
9.54957e-10
4.52623e-10
3.16332e-10
2.55951e-10
2.23935e-10
2.0597e-10
1.96202e-10
1.91739e-10
1.90955e-10
1.9284e-10
1.96723e-10
2.02129e-10
2.08704e-10
2.16178e-10
2.24332e-10
2.3299e-10
2.42005e-10
2.51248e-10
2.6061e-10
2.69996e-10
2.79319e-10
2.88503e-10
2.97479e-10
3.06183e-10
3.14558e-10
3.22552e-10
3.30116e-10
3.37207e-10
3.43785e-10
3.49813e-10
3.55259e-10
3.60094e-10
3.64291e-10
3.67828e-10
3.70686e-10
3.72849e-10
3.74303e-10
3.75041e-10
3.75057e-10
3.74351e-10
3.72919e-10
3.70769e-10
3.6791e-10
3.64355e-10
3.6012e-10
3.55228e-10
3.49703e-10
3.43574e-10
3.36877e-10
3.29649e-10
3.21935e-10
3.13785e-10
3.05251e-10
2.96396e-10
2.87286e-10
2.77997e-10
2.68614e-10
2.59228e-10
2.49947e-10
2.40891e-10
2.32195e-10
2.2402e-10
2.16555e-10
2.10029e-10
2.04732e-10
2.01035e-10
1.99437e-10
2.00643e-10
2.05711e-10
2.16352e-10
2.35608e-10
2.69644e-10
3.33543e-10
4.77442e-10
1.00738e-09
1.157e-09
5.4787e-10
3.81806e-10
3.07317e-10
2.66839e-10
2.43077e-10
2.28984e-10
2.21097e-10
2.17485e-10
2.16961e-10
2.18743e-10
2.22285e-10
2.27186e-10
2.33138e-10
2.399e-10
2.47275e-10
2.55102e-10
2.63242e-10
2.71578e-10
2.80007e-10
2.88436e-10
2.96787e-10
3.04985e-10
3.12965e-10
3.20669e-10
3.28041e-10
3.35033e-10
3.41601e-10
3.47702e-10
3.53302e-10
3.58367e-10
3.62867e-10
3.66777e-10
3.70073e-10
3.72737e-10
3.74753e-10
3.76109e-10
3.76795e-10
3.76806e-10
3.76144e-10
3.74804e-10
3.72794e-10
3.70123e-10
3.66806e-10
3.6286e-10
3.58306e-10
3.5317e-10
3.47483e-10
3.4128e-10
3.34603e-10
3.27495e-10
3.2001e-10
3.12205e-10
3.04144e-10
2.95898e-10
2.87546e-10
2.79177e-10
2.70891e-10
2.628e-10
2.55034e-10
2.47741e-10
2.41097e-10
2.35312e-10
2.30642e-10
2.27412e-10
2.26043e-10
2.2711e-10
2.31433e-10
2.40258e-10
2.55618e-10
2.8116e-10
3.24321e-10
4.03363e-10
5.79109e-10
1.22309e-09
1.36261e-09
6.44864e-10
4.48621e-10
3.59943e-10
3.11066e-10
2.81649e-10
2.63419e-10
2.52328e-10
2.46125e-10
2.43441e-10
2.43378e-10
2.45311e-10
2.4879e-10
2.53471e-10
2.59085e-10
2.65417e-10
2.72289e-10
2.79553e-10
2.8708e-10
2.94761e-10
3.02498e-10
3.10206e-10
3.17809e-10
3.25238e-10
3.32432e-10
3.39334e-10
3.45893e-10
3.52064e-10
3.57806e-10
3.63081e-10
3.67854e-10
3.72098e-10
3.75785e-10
3.78892e-10
3.81402e-10
3.83296e-10
3.84564e-10
3.85197e-10
3.85189e-10
3.84542e-10
3.83252e-10
3.81328e-10
3.78781e-10
3.75625e-10
3.71877e-10
3.67561e-10
3.62704e-10
3.57337e-10
3.51499e-10
3.4523e-10
3.38579e-10
3.316e-10
3.24353e-10
3.16906e-10
3.09334e-10
3.01721e-10
2.94163e-10
2.86764e-10
2.79648e-10
2.72952e-10
2.66838e-10
2.61498e-10
2.57162e-10
2.54115e-10
2.52718e-10
2.53447e-10
2.56957e-10
2.64189e-10
2.76586e-10
2.96516e-10
3.28254e-10
3.80544e-10
4.74908e-10
6.83106e-10
1.44364e-09
1.56963e-09
7.42568e-10
5.1602e-10
4.13175e-10
3.55988e-10
3.21047e-10
2.98839e-10
2.8472e-10
2.76117e-10
2.7147e-10
2.69761e-10
2.70288e-10
2.72544e-10
2.7615e-10
2.80809e-10
2.86285e-10
2.92384e-10
2.98945e-10
3.05832e-10
3.12925e-10
3.20123e-10
3.27335e-10
3.34479e-10
3.41486e-10
3.48289e-10
3.54831e-10
3.6106e-10
3.66928e-10
3.72393e-10
3.77416e-10
3.81963e-10
3.86005e-10
3.89513e-10
3.92467e-10
3.94845e-10
3.96633e-10
3.97819e-10
3.98394e-10
3.98353e-10
3.97699e-10
3.96427e-10
3.94549e-10
3.92074e-10
3.89017e-10
3.85399e-10
3.81243e-10
3.76578e-10
3.71437e-10
3.6586e-10
3.5989e-10
3.53578e-10
3.46981e-10
3.40162e-10
3.33193e-10
3.26153e-10
3.19132e-10
3.1223e-10
3.05561e-10
2.99255e-10
2.93461e-10
2.88354e-10
2.84143e-10
2.81078e-10
2.79474e-10
2.79732e-10
2.82384e-10
2.88168e-10
2.98151e-10
3.13976e-10
3.38358e-10
3.76208e-10
4.376e-10
5.47359e-10
7.88304e-10
1.66666e-09
1.77617e-09
8.40078e-10
5.8336e-10
4.66467e-10
4.01097e-10
3.60769e-10
3.34731e-10
3.1774e-10
3.06899e-10
3.00453e-10
2.97264e-10
2.9655e-10
2.97748e-10
3.00439e-10
3.043e-10
3.09071e-10
3.14543e-10
3.20543e-10
3.26923e-10
3.33557e-10
3.40337e-10
3.47166e-10
3.53961e-10
3.60645e-10
3.67151e-10
3.73419e-10
3.79395e-10
3.8503e-10
3.90281e-10
3.95107e-10
3.99475e-10
4.03353e-10
4.06715e-10
4.09538e-10
4.11802e-10
4.13492e-10
4.14596e-10
4.15106e-10
4.15018e-10
4.14334e-10
4.13052e-10
4.11181e-10
4.08735e-10
4.05729e-10
4.02185e-10
3.98126e-10
3.93583e-10
3.88593e-10
3.83195e-10
3.77437e-10
3.71371e-10
3.65057e-10
3.58563e-10
3.51963e-10
3.45342e-10
3.38793e-10
3.32425e-10
3.26358e-10
3.20731e-10
3.15704e-10
3.11466e-10
3.08242e-10
3.06305e-10
3.06001e-10
3.07769e-10
3.12203e-10
3.20122e-10
3.32723e-10
3.51853e-10
3.80575e-10
4.24442e-10
4.94862e-10
6.19968e-10
8.93657e-10
1.88997e-09
1.98058e-09
9.36615e-10
6.50087e-10
5.19358e-10
4.45974e-10
4.0041e-10
3.70689e-10
3.50972e-10
3.38036e-10
3.29935e-10
3.25409e-10
3.23594e-10
3.23873e-10
3.25783e-10
3.28975e-10
3.33168e-10
3.38135e-10
3.4369e-10
3.49674e-10
3.55954e-10
3.62415e-10
3.68955e-10
3.75485e-10
3.81927e-10
3.8821e-10
3.94272e-10
4.00056e-10
4.05513e-10
4.10597e-10
4.15268e-10
4.19491e-10
4.23235e-10
4.26472e-10
4.2918e-10
4.31339e-10
4.32934e-10
4.33953e-10
4.34389e-10
4.3424e-10
4.33505e-10
4.32185e-10
4.30291e-10
4.27836e-10
4.24838e-10
4.21318e-10
4.17303e-10
4.12825e-10
4.07922e-10
4.02636e-10
3.97016e-10
3.91119e-10
3.85008e-10
3.78752e-10
3.72431e-10
3.66133e-10
3.5996e-10
3.54023e-10
3.48453e-10
3.43395e-10
3.39023e-10
3.35538e-10
3.33182e-10
3.32255e-10
3.33127e-10
3.36284e-10
3.42379e-10
3.52313e-10
3.67411e-10
3.89728e-10
4.22672e-10
4.72437e-10
5.51753e-10
6.92038e-10
9.98181e-10
2.11149e-09
2.18147e-09
1.03151e-09
7.15731e-10
5.71463e-10
4.90271e-10
4.39642e-10
4.06388e-10
3.84084e-10
3.69188e-10
3.59562e-10
3.53824e-10
3.51031e-10
3.50509e-10
3.51754e-10
3.5439e-10
3.58111e-10
3.62675e-10
3.67881e-10
3.73561e-10
3.79574e-10
3.85797e-10
3.92124e-10
3.9846e-10
4.04725e-10
4.10844e-10
4.16753e-10
4.22393e-10
4.27713e-10
4.32668e-10
4.37215e-10
4.41319e-10
4.44948e-10
4.48075e-10
4.50677e-10
4.52735e-10
4.54234e-10
4.55163e-10
4.55514e-10
4.55287e-10
4.54481e-10
4.53098e-10
4.51151e-10
4.48654e-10
4.45624e-10
4.42086e-10
4.38069e-10
4.33604e-10
4.28733e-10
4.23501e-10
4.17958e-10
4.12164e-10
4.06184e-10
4.00093e-10
3.93974e-10
3.8792e-10
3.82038e-10
3.76446e-10
3.71281e-10
3.667e-10
3.62886e-10
3.60054e-10
3.58467e-10
3.58443e-10
3.60385e-10
3.64826e-10
3.72469e-10
3.84305e-10
4.01786e-10
4.27168e-10
4.64202e-10
5.19713e-10
6.07731e-10
7.62907e-10
1.10093e-09
2.32923e-09
2.37768e-09
1.12423e-09
7.79909e-10
6.22467e-10
5.33708e-10
4.78199e-10
4.41568e-10
4.16817e-10
4.00088e-10
3.89056e-10
3.82221e-10
3.78559e-10
3.7734e-10
3.78022e-10
3.80194e-10
3.83534e-10
3.87781e-10
3.9272e-10
3.98174e-10
4.03992e-10
4.10044e-10
4.16219e-10
4.22419e-10
4.28558e-10
4.3456e-10
4.40357e-10
4.45891e-10
4.51106e-10
4.55958e-10
4.60403e-10
4.64405e-10
4.67932e-10
4.70957e-10
4.73457e-10
4.75414e-10
4.76811e-10
4.7764e-10
4.77893e-10
4.77571e-10
4.76672e-10
4.75203e-10
4.73174e-10
4.70601e-10
4.67506e-10
4.63911e-10
4.59848e-10
4.55353e-10
4.50465e-10
4.45234e-10
4.39713e-10
4.33964e-10
4.28056e-10
4.22066e-10
4.16081e-10
4.10202e-10
4.04537e-10
3.99214e-10
3.94376e-10
3.90189e-10
3.86848e-10
3.84583e-10
3.83673e-10
3.84459e-10
3.87377e-10
3.92999e-10
4.02088e-10
4.15715e-10
4.35459e-10
4.63775e-10
5.04749e-10
5.65817e-10
6.62281e-10
8.31935e-10
1.20099e-09
2.54126e-09
2.56831e-09
1.21432e-09
8.42321e-10
6.72125e-10
5.76069e-10
5.15878e-10
4.76032e-10
4.48971e-10
4.30532e-10
4.18207e-10
4.10379e-10
4.05945e-10
4.04122e-10
4.04328e-10
4.06118e-10
4.09156e-10
4.13159e-10
4.179e-10
4.2319e-10
4.28871e-10
4.34807e-10
4.4088e-10
4.46989e-10
4.53042e-10
4.58963e-10
4.6468e-10
4.70133e-10
4.75267e-10
4.80033e-10
4.8439e-10
4.88299e-10
4.9173e-10
4.94655e-10
4.97051e-10
4.98899e-10
5.00187e-10
5.00902e-10
5.01041e-10
5.00605e-10
4.99591e-10
4.98008e-10
4.9587e-10
4.93191e-10
4.89995e-10
4.86308e-10
4.82161e-10
4.77592e-10
4.72644e-10
4.67368e-10
4.6182e-10
4.56064e-10
4.50172e-10
4.44227e-10
4.38318e-10
4.3255e-10
4.27039e-10
4.21917e-10
4.17336e-10
4.13471e-10
4.10527e-10
4.08749e-10
4.08434e-10
4.09942e-10
4.13747e-10
4.20454e-10
4.30885e-10
4.46192e-10
4.68075e-10
4.99181e-10
5.43919e-10
6.10317e-10
7.14904e-10
8.98504e-10
1.29747e-09
2.74571e-09
2.75271e-09
1.3015e-09
9.02754e-10
7.20265e-10
6.172e-10
5.52536e-10
5.09637e-10
4.80402e-10
4.60372e-10
4.46861e-10
4.38136e-10
4.33019e-10
4.30673e-10
4.30478e-10
4.3196e-10
4.34761e-10
4.3858e-10
4.4318e-10
4.48359e-10
4.53951e-10
4.59814e-10
4.65824e-10
4.71874e-10
4.77872e-10
4.83737e-10
4.89395e-10
4.94785e-10
4.9985e-10
5.0454e-10
5.08814e-10
5.12633e-10
5.15965e-10
5.18785e-10
5.21068e-10
5.22797e-10
5.23959e-10
5.24545e-10
5.2455e-10
5.23977e-10
5.22823e-10
5.211e-10
5.18822e-10
5.16007e-10
5.12677e-10
5.08861e-10
5.04593e-10
4.99912e-10
4.94863e-10
4.89498e-10
4.83878e-10
4.78068e-10
4.72145e-10
4.66192e-10
4.60306e-10
4.54594e-10
4.49178e-10
4.44197e-10
4.39809e-10
4.36199e-10
4.33584e-10
4.3222e-10
4.32421e-10
4.34571e-10
4.39173e-10
4.46871e-10
4.58539e-10
4.75409e-10
4.99296e-10
5.33032e-10
5.81334e-10
6.52796e-10
7.65113e-10
9.62006e-10
1.38951e-09
2.94073e-09
2.93052e-09
1.38559e-09
9.61089e-10
7.66789e-10
6.57013e-10
5.88087e-10
5.42298e-10
5.11023e-10
4.89516e-10
4.74917e-10
4.65384e-10
4.59665e-10
4.56869e-10
4.5634e-10
4.57575e-10
4.60193e-10
4.63881e-10
4.68384e-10
4.73494e-10
4.79034e-10
4.84855e-10
4.9083e-10
4.96847e-10
5.02809e-10
5.08633e-10
5.14244e-10
5.19578e-10
5.24577e-10
5.29192e-10
5.33379e-10
5.37102e-10
5.40327e-10
5.43028e-10
5.45183e-10
5.46776e-10
5.47793e-10
5.48226e-10
5.48073e-10
5.47336e-10
5.46015e-10
5.44122e-10
5.41674e-10
5.38689e-10
5.35191e-10
5.31212e-10
5.26785e-10
5.21953e-10
5.16764e-10
5.11271e-10
5.05536e-10
4.99629e-10
4.93629e-10
4.87623e-10
4.8171e-10
4.76004e-10
4.7063e-10
4.65734e-10
4.61482e-10
4.58065e-10
4.55712e-10
4.54693e-10
4.55336e-10
4.58049e-10
4.63361e-10
4.71953e-10
4.8475e-10
5.03059e-10
5.28805e-10
5.64992e-10
6.1663e-10
6.92845e-10
8.12435e-10
1.02185e-09
1.47623e-09
3.12451e-09
3.10166e-09
1.46656e-09
1.0173e-09
8.11674e-10
6.95485e-10
6.22505e-10
5.73986e-10
5.408e-10
5.17923e-10
5.02329e-10
4.92069e-10
4.85819e-10
4.82637e-10
4.81832e-10
4.82872e-10
4.85354e-10
4.88951e-10
4.93395e-10
4.98466e-10
5.03981e-10
5.09783e-10
5.1574e-10
5.21737e-10
5.27673e-10
5.33462e-10
5.39027e-10
5.44303e-10
5.49232e-10
5.53762e-10
5.57851e-10
5.61461e-10
5.6456e-10
5.67123e-10
5.69128e-10
5.70558e-10
5.71403e-10
5.71656e-10
5.71316e-10
5.70383e-10
5.68862e-10
5.66766e-10
5.64113e-10
5.60923e-10
5.57222e-10
5.53042e-10
5.48421e-10
5.43401e-10
5.38033e-10
5.32372e-10
5.26483e-10
5.20438e-10
5.14318e-10
5.08215e-10
5.02231e-10
4.96483e-10
4.91102e-10
4.8624e-10
4.82068e-10
4.78787e-10
4.76635e-10
4.75894e-10
4.76905e-10
4.80102e-10
4.86036e-10
4.95422e-10
5.09236e-10
5.2885e-10
5.56295e-10
5.94736e-10
6.49453e-10
7.30069e-10
8.56405e-10
1.07744e-09
1.5568e-09
3.29525e-09
3.26638e-09
1.54451e-09
1.07146e-09
8.54977e-10
7.32661e-10
6.55827e-10
6.04728e-10
5.69752e-10
5.45604e-10
5.291e-10
5.18186e-10
5.11469e-10
5.07958e-10
5.06925e-10
5.07813e-10
5.10197e-10
5.13735e-10
5.18146e-10
5.23201e-10
5.28708e-10
5.34505e-10
5.40453e-10
5.46433e-10
5.52342e-10
5.58092e-10
5.63603e-10
5.68809e-10
5.73651e-10
5.78078e-10
5.82046e-10
5.85519e-10
5.88466e-10
5.90861e-10
5.92683e-10
5.93919e-10
5.94558e-10
5.94593e-10
5.9403e-10
5.92863e-10
5.91104e-10
5.88768e-10
5.85871e-10
5.82437e-10
5.78494e-10
5.74076e-10
5.69221e-10
5.63974e-10
5.58388e-10
5.5252e-10
5.46437e-10
5.40214e-10
5.33935e-10
5.27693e-10
5.21595e-10
5.15761e-10
5.10328e-10
5.05449e-10
5.01306e-10
4.98106e-10
4.96094e-10
4.95565e-10
4.96874e-10
5.00474e-10
5.06939e-10
5.17017e-10
5.31725e-10
5.52503e-10
5.81473e-10
6.21949e-10
6.79458e-10
7.64079e-10
8.96566e-10
1.12821e-09
1.63039e-09
3.4512e-09
3.4252e-09
1.6197e-09
1.12375e-09
8.96835e-10
7.68655e-10
6.8815e-10
6.3461e-10
5.97952e-10
5.72623e-10
5.55284e-10
5.43781e-10
5.36652e-10
5.32859e-10
5.3164e-10
5.32411e-10
5.34726e-10
5.38228e-10
5.42625e-10
5.47678e-10
5.53185e-10
5.5898e-10
5.64918e-10
5.70876e-10
5.76749e-10
5.82444e-10
5.87883e-10
5.92997e-10
5.97726e-10
6.02021e-10
6.05837e-10
6.09138e-10
6.11894e-10
6.14082e-10
6.15681e-10
6.1668e-10
6.17068e-10
6.16845e-10
6.16011e-10
6.14566e-10
6.12525e-10
6.09902e-10
6.06718e-10
6.02997e-10
5.98769e-10
5.9407e-10
5.88939e-10
5.83425e-10
5.7758e-10
5.71466e-10
5.6515e-10
5.58709e-10
5.5223e-10
5.45809e-10
5.39556e-10
5.33594e-10
5.28062e-10
5.23122e-10
5.18956e-10
5.15782e-10
5.13852e-10
5.1347e-10
5.15004e-10
5.18925e-10
5.25827e-10
5.36487e-10
5.51963e-10
5.7375e-10
6.04056e-10
6.46327e-10
7.06314e-10
7.94498e-10
9.32473e-10
1.1736e-09
1.69617e-09
3.59062e-09
3.57897e-09
1.69253e-09
1.17444e-09
9.37465e-10
8.03649e-10
7.19632e-10
6.6377e-10
6.25525e-10
5.99095e-10
5.80985e-10
5.68948e-10
5.61454e-10
5.5742e-10
5.56047e-10
5.56728e-10
5.58995e-10
5.62479e-10
5.66873e-10
5.71928e-10
5.77437e-10
5.83224e-10
5.89142e-10
5.95064e-10
6.0088e-10
6.06497e-10
6.11835e-10
6.16823e-10
6.21404e-10
6.25525e-10
6.29145e-10
6.32229e-10
6.34747e-10
6.36676e-10
6.38001e-10
6.38709e-10
6.38794e-10
6.38258e-10
6.37097e-10
6.35322e-10
6.32945e-10
6.29985e-10
6.26462e-10
6.22404e-10
6.17843e-10
6.12815e-10
6.07363e-10
6.01537e-10
5.95391e-10
5.88988e-10
5.82398e-10
5.75699e-10
5.6898e-10
5.62339e-10
5.5589e-10
5.49756e-10
5.44083e-10
5.39034e-10
5.34798e-10
5.31595e-10
5.29687e-10
5.29388e-10
5.31072e-10
5.35229e-10
5.42471e-10
5.53598e-10
5.69706e-10
5.92337e-10
6.23774e-10
6.67579e-10
7.29695e-10
8.2096e-10
9.63693e-10
1.21306e-09
1.75336e-09
3.71184e-09
3.72887e-09
1.76354e-09
1.22391e-09
9.77166e-10
8.37894e-10
7.50493e-10
6.92406e-10
6.52652e-10
6.25182e-10
6.06356e-10
5.9383e-10
5.86009e-10
5.81765e-10
5.80265e-10
5.80877e-10
5.83112e-10
5.86586e-10
5.90981e-10
5.96038e-10
6.0154e-10
6.07308e-10
6.13187e-10
6.19048e-10
6.24779e-10
6.30284e-10
6.35481e-10
6.403e-10
6.44683e-10
6.4858e-10
6.51949e-10
6.54756e-10
6.56975e-10
6.58585e-10
6.59571e-10
6.59924e-10
6.59642e-10
6.58725e-10
6.57175e-10
6.55005e-10
6.5223e-10
6.48871e-10
6.4495e-10
6.40497e-10
6.35547e-10
6.30137e-10
6.24313e-10
6.18126e-10
6.11631e-10
6.04893e-10
5.97985e-10
5.90985e-10
5.83984e-10
5.77082e-10
5.70394e-10
5.64047e-10
5.58188e-10
5.52984e-10
5.48626e-10
5.45342e-10
5.43397e-10
5.43111e-10
5.4487e-10
5.49176e-10
5.56654e-10
5.68128e-10
5.84722e-10
6.0802e-10
6.40367e-10
6.85423e-10
7.49294e-10
8.43111e-10
9.89807e-10
1.24605e-09
1.80117e-09
3.81321e-09
3.87635e-09
1.83344e-09
1.27264e-09
1.01632e-09
8.71709e-10
7.8101e-10
7.20768e-10
6.79561e-10
6.51099e-10
6.31597e-10
6.18616e-10
6.10498e-10
6.06068e-10
6.04461e-10
6.05018e-10
6.0723e-10
6.107e-10
6.15094e-10
6.20144e-10
6.25627e-10
6.31356e-10
6.37171e-10
6.42939e-10
6.48545e-10
6.53893e-10
6.589e-10
6.63496e-10
6.67622e-10
6.7123e-10
6.7428e-10
6.7674e-10
6.78587e-10
6.79801e-10
6.80371e-10
6.80292e-10
6.79565e-10
6.78187e-10
6.76172e-10
6.73532e-10
6.70286e-10
6.66455e-10
6.62067e-10
6.57153e-10
6.5175e-10
6.45897e-10
6.39642e-10
6.33037e-10
6.26141e-10
6.19019e-10
6.11743e-10
6.04395e-10
5.97067e-10
5.89861e-10
5.8289e-10
5.76286e-10
5.70195e-10
5.64788e-10
5.60258e-10
5.56836e-10
5.54792e-10
5.54452e-10
5.56207e-10
5.60569e-10
5.68177e-10
5.79871e-10
5.96796e-10
6.20573e-10
6.53594e-10
6.99596e-10
7.64815e-10
8.60618e-10
1.01042e-09
1.27207e-09
1.83888e-09
3.89316e-09
4.02319e-09
1.90306e-09
1.3212e-09
1.05537e-09
9.05473e-10
8.11519e-10
7.49156e-10
7.06528e-10
6.77104e-10
6.56953e-10
6.43541e-10
6.35147e-10
6.3055e-10
6.2885e-10
6.29363e-10
6.31558e-10
6.35022e-10
6.3941e-10
6.44442e-10
6.49887e-10
6.5555e-10
6.61268e-10
6.66903e-10
6.72339e-10
6.77476e-10
6.82232e-10
6.86538e-10
6.90335e-10
6.93577e-10
6.96227e-10
6.98255e-10
6.99641e-10
7.00369e-10
7.00433e-10
6.99832e-10
6.98563e-10
6.96637e-10
6.94066e-10
6.90868e-10
6.87064e-10
6.82679e-10
6.77742e-10
6.72289e-10
6.66358e-10
6.59992e-10
6.53239e-10
6.46154e-10
6.38796e-10
6.31231e-10
6.23535e-10
6.15788e-10
6.08084e-10
6.00524e-10
5.93224e-10
5.86314e-10
5.79944e-10
5.74284e-10
5.69529e-10
5.65912e-10
5.63705e-10
5.63239e-10
5.64908e-10
5.69231e-10
5.76856e-10
5.88634e-10
6.05729e-10
6.29783e-10
6.63226e-10
7.09851e-10
7.75986e-10
8.73167e-10
1.02515e-09
1.29065e-09
1.86579e-09
3.95023e-09
4.17142e-09
1.97335e-09
1.37025e-09
1.09483e-09
9.39626e-10
8.42403e-10
7.77919e-10
7.33875e-10
7.03499e-10
6.82711e-10
6.68883e-10
6.60227e-10
6.55475e-10
6.53693e-10
6.5417e-10
6.56352e-10
6.59809e-10
6.64183e-10
6.69181e-10
6.74565e-10
6.80132e-10
6.85714e-10
6.91169e-10
6.96378e-10
7.01242e-10
7.05676e-10
7.09612e-10
7.12996e-10
7.15782e-10
7.17936e-10
7.19432e-10
7.20255e-10
7.20393e-10
7.19846e-10
7.1861e-10
7.16695e-10
7.14113e-10
7.10882e-10
7.07023e-10
7.0256e-10
6.97524e-10
6.91946e-10
6.85864e-10
6.7932e-10
6.72359e-10
6.65031e-10
6.57392e-10
6.49504e-10
6.41433e-10
6.33254e-10
6.2505e-10
6.16913e-10
6.08947e-10
6.01265e-10
5.94e-10
5.87298e-10
5.81331e-10
5.76296e-10
5.72423e-10
5.69987e-10
5.69318e-10
5.70817e-10
5.75e-10
5.82524e-10
5.94246e-10
6.11339e-10
6.3546e-10
6.6906e-10
7.15964e-10
7.82557e-10
8.80472e-10
1.03367e-09
1.30135e-09
1.88128e-09
3.98308e-09
4.32332e-09
2.04538e-09
1.42054e-09
1.1353e-09
9.74656e-10
8.74094e-10
8.07445e-10
7.61963e-10
7.30624e-10
7.09198e-10
6.94958e-10
6.86049e-10
6.81153e-10
6.79299e-10
6.79746e-10
6.81919e-10
6.85368e-10
6.89719e-10
6.94668e-10
6.99966e-10
7.05403e-10
7.10805e-10
7.16026e-10
7.20944e-10
7.2546e-10
7.2949e-10
7.32967e-10
7.35838e-10
7.38062e-10
7.3961e-10
7.40459e-10
7.40599e-10
7.40028e-10
7.38741e-10
7.36748e-10
7.34064e-10
7.30704e-10
7.26692e-10
7.22054e-10
7.16818e-10
7.11019e-10
7.04692e-10
6.97879e-10
6.90624e-10
6.82975e-10
6.74983e-10
6.66708e-10
6.5821e-10
6.49558e-10
6.40827e-10
6.321e-10
6.23468e-10
6.15035e-10
6.06914e-10
5.99235e-10
5.92145e-10
5.85814e-10
5.80437e-10
5.76244e-10
5.73508e-10
5.72559e-10
5.73798e-10
5.77737e-10
5.85037e-10
5.96556e-10
6.13469e-10
6.37436e-10
6.70914e-10
7.17739e-10
7.84309e-10
8.82283e-10
1.03567e-09
1.30379e-09
1.88478e-09
3.99053e-09
4.48139e-09
2.12034e-09
1.47286e-09
1.17741e-09
1.0111e-09
9.07056e-10
8.38158e-10
7.91184e-10
7.58851e-10
7.36773e-10
7.22119e-10
7.12963e-10
7.07933e-10
7.06018e-10
7.06447e-10
7.08618e-10
7.12059e-10
7.16381e-10
7.21266e-10
7.26452e-10
7.31722e-10
7.36895e-10
7.41821e-10
7.46377e-10
7.50461e-10
7.53991e-10
7.56904e-10
7.5915e-10
7.60692e-10
7.61505e-10
7.61575e-10
7.60898e-10
7.59472e-10
7.57307e-10
7.54417e-10
7.50821e-10
7.46545e-10
7.41614e-10
7.36062e-10
7.29923e-10
7.23234e-10
7.16037e-10
7.08376e-10
7.00298e-10
6.91854e-10
6.83099e-10
6.74091e-10
6.64894e-10
6.55576e-10
6.46214e-10
6.36888e-10
6.27691e-10
6.18723e-10
6.10097e-10
6.01942e-10
5.94401e-10
5.87642e-10
5.81857e-10
5.77275e-10
5.74165e-10
5.72854e-10
5.73742e-10
5.77337e-10
5.84294e-10
5.95466e-10
6.12021e-10
6.35612e-10
6.68686e-10
7.15062e-10
7.81112e-10
8.78445e-10
1.03096e-09
1.29771e-09
1.87591e-09
3.97177e-09
4.64828e-09
2.19948e-09
1.52807e-09
1.22182e-09
1.04951e-09
9.41787e-10
8.70507e-10
8.21957e-10
7.88582e-10
7.65827e-10
7.50752e-10
7.41354e-10
7.36203e-10
7.34245e-10
7.34673e-10
7.36856e-10
7.40297e-10
7.44588e-10
7.49395e-10
7.54443e-10
7.59507e-10
7.64397e-10
7.6896e-10
7.73071e-10
7.76627e-10
7.7955e-10
7.81779e-10
7.83269e-10
7.83989e-10
7.83922e-10
7.83062e-10
7.81408e-10
7.78971e-10
7.75768e-10
7.7182e-10
7.67155e-10
7.61803e-10
7.558e-10
7.49184e-10
7.41994e-10
7.34274e-10
7.2607e-10
7.1743e-10
7.08405e-10
6.99047e-10
6.89415e-10
6.79568e-10
6.69571e-10
6.59492e-10
6.49407e-10
6.39398e-10
6.29554e-10
6.19974e-10
6.10771e-10
6.02071e-10
5.94018e-10
5.86773e-10
5.80525e-10
5.75492e-10
5.71942e-10
5.70192e-10
5.70636e-10
5.73767e-10
5.80238e-10
5.90893e-10
6.06887e-10
6.29854e-10
6.62216e-10
7.07749e-10
7.72756e-10
8.68716e-10
1.01926e-09
1.28276e-09
1.85417e-09
3.92569e-09
4.82675e-09
2.28408e-09
1.58707e-09
1.26923e-09
1.09048e-09
9.78798e-10
9.04957e-10
8.5472e-10
8.20236e-10
7.96772e-10
7.8127e-10
7.7164e-10
7.66391e-10
7.64416e-10
7.6487e-10
7.67089e-10
7.70545e-10
7.74809e-10
7.79528e-10
7.84414e-10
7.89228e-10
7.93776e-10
7.97899e-10
8.01469e-10
8.04387e-10
8.06577e-10
8.07983e-10
8.08566e-10
8.08306e-10
8.07192e-10
8.05226e-10
8.0242e-10
7.98793e-10
7.94371e-10
7.89186e-10
7.83273e-10
7.76671e-10
7.69424e-10
7.61576e-10
7.53174e-10
7.44267e-10
7.34906e-10
7.25143e-10
7.15032e-10
7.0463e-10
6.93995e-10
6.83191e-10
6.72281e-10
6.61335e-10
6.50428e-10
6.39643e-10
6.29071e-10
6.18808e-10
6.08959e-10
5.99644e-10
5.90998e-10
5.83178e-10
5.76369e-10
5.70788e-10
5.66693e-10
5.64396e-10
5.64283e-10
5.66834e-10
5.72689e-10
5.82674e-10
5.97921e-10
6.20034e-10
6.51388e-10
6.95693e-10
7.59135e-10
8.52985e-10
1.00044e-09
1.25878e-09
1.81929e-09
3.85175e-09
5.01964e-09
2.37548e-09
1.65075e-09
1.32035e-09
1.1346e-09
1.01861e-09
9.41982e-10
8.89917e-10
8.54246e-10
8.30039e-10
8.14107e-10
8.04266e-10
7.98954e-10
7.97005e-10
7.97527e-10
7.99818e-10
8.03315e-10
8.07562e-10
8.12187e-10
8.16883e-10
8.214e-10
8.25536e-10
8.29127e-10
8.32046e-10
8.34195e-10
8.35504e-10
8.35924e-10
8.35428e-10
8.34002e-10
8.31648e-10
8.28379e-10
8.2422e-10
8.19201e-10
8.13359e-10
8.06736e-10
7.99378e-10
7.91334e-10
7.82656e-10
7.73395e-10
7.63605e-10
7.53342e-10
7.42661e-10
7.31619e-10
7.20275e-10
7.08687e-10
6.96916e-10
6.85026e-10
6.73083e-10
6.61159e-10
6.49331e-10
6.37674e-10
6.2627e-10
6.15214e-10
6.04611e-10
5.94578e-10
5.8525e-10
5.76777e-10
5.69335e-10
5.63133e-10
5.58418e-10
5.55491e-10
5.54727e-10
5.5659e-10
5.61696e-10
5.70854e-10
5.85162e-10
6.06182e-10
6.36228e-10
6.78913e-10
7.40265e-10
8.31263e-10
9.74497e-10
1.22575e-09
1.77126e-09
3.74992e-09
5.22973e-09
2.47499e-09
1.72e-09
1.37586e-09
1.18244e-09
1.06172e-09
9.82047e-10
9.27994e-10
8.91049e-10
8.66068e-10
8.49716e-10
8.39702e-10
8.34381e-10
8.32522e-10
8.33171e-10
8.35583e-10
8.39157e-10
8.43406e-10
8.47929e-10
8.52404e-10
8.56565e-10
8.60202e-10
8.6315e-10
8.65282e-10
8.66503e-10
8.66755e-10
8.65999e-10
8.64217e-10
8.6141e-10
8.57594e-10
8.52797e-10
8.47057e-10
8.40418e-10
8.32931e-10
8.2465e-10
8.15633e-10
8.05938e-10
7.95627e-10
7.84759e-10
7.73396e-10
7.61598e-10
7.49428e-10
7.36945e-10
7.24212e-10
7.11291e-10
6.98245e-10
6.85138e-10
6.72041e-10
6.5902e-10
6.46144e-10
6.33492e-10
6.2115e-10
6.09208e-10
5.97767e-10
5.86938e-10
5.76847e-10
5.6764e-10
5.59484e-10
5.52577e-10
5.47155e-10
5.43507e-10
5.4199e-10
5.43053e-10
5.47281e-10
5.55457e-10
5.6864e-10
5.88336e-10
6.16779e-10
6.5746e-10
7.16204e-10
8.03616e-10
9.41518e-10
1.18378e-09
1.71024e-09
3.62051e-09
5.45973e-09
2.58387e-09
1.79569e-09
1.43643e-09
1.23455e-09
1.10862e-09
1.0256e-09
9.69383e-10
9.31079e-10
9.05306e-10
8.88562e-10
8.78435e-10
8.73187e-10
8.71501e-10
8.72357e-10
8.74958e-10
8.78654e-10
8.82921e-10
8.87332e-10
8.91539e-10
8.95266e-10
8.98294e-10
9.00457e-10
9.01625e-10
9.01728e-10
9.00709e-10
8.98543e-10
8.9523e-10
8.90788e-10
8.85251e-10
8.78666e-10
8.71086e-10
8.62573e-10
8.53193e-10
8.43013e-10
8.32105e-10
8.20537e-10
8.0838e-10
7.95704e-10
7.82575e-10
7.69062e-10
7.5523e-10
7.41144e-10
7.2687e-10
7.1247e-10
6.9801e-10
6.83558e-10
6.69175e-10
6.5493e-10
6.40898e-10
6.27154e-10
6.13777e-10
6.00856e-10
5.88486e-10
5.76772e-10
5.65836e-10
5.55813e-10
5.46861e-10
5.39168e-10
5.32956e-10
5.28498e-10
5.26132e-10
5.26287e-10
5.29515e-10
5.36563e-10
5.48443e-10
5.66593e-10
5.93153e-10
6.31462e-10
6.87098e-10
7.70215e-10
9.01706e-10
1.13313e-09
1.6366e-09
3.4643e-09
5.71215e-09
2.7033e-09
1.8786e-09
1.50266e-09
1.29144e-09
1.15976e-09
1.07306e-09
1.01449e-09
9.74757e-10
9.48193e-10
9.31114e-10
9.20966e-10
9.159e-10
9.14498e-10
9.15662e-10
9.18528e-10
9.22395e-10
9.26694e-10
9.30962e-10
9.34833e-10
9.38013e-10
9.4028e-10
9.41458e-10
9.41456e-10
9.40192e-10
9.37631e-10
9.3377e-10
9.28629e-10
9.2225e-10
9.1469e-10
9.06015e-10
8.96303e-10
8.85631e-10
8.74085e-10
8.61747e-10
8.48701e-10
8.35029e-10
8.2081e-10
8.06121e-10
7.91039e-10
7.75633e-10
7.59975e-10
7.44133e-10
7.28173e-10
7.12161e-10
6.96163e-10
6.80241e-10
6.64462e-10
6.48895e-10
6.33609e-10
6.18677e-10
6.04176e-10
5.90189e-10
5.76808e-10
5.64131e-10
5.52272e-10
5.41358e-10
5.31537e-10
5.22984e-10
5.15906e-10
5.10558e-10
5.07257e-10
5.06405e-10
5.08523e-10
5.1431e-10
5.24725e-10
5.41128e-10
5.65544e-10
6.01138e-10
6.53198e-10
7.31352e-10
8.55409e-10
1.07425e-09
1.55097e-09
3.28263e-09
5.98915e-09
2.83427e-09
1.9694e-09
1.57507e-09
1.35353e-09
1.21551e-09
1.12479e-09
1.0637e-09
1.02248e-09
9.95155e-10
9.77834e-10
9.67795e-10
9.63056e-10
9.62073e-10
9.6366e-10
9.66876e-10
9.70954e-10
9.75274e-10
9.79341e-10
9.8276e-10
9.85228e-10
9.86504e-10
9.86467e-10
9.84998e-10
9.82046e-10
9.77602e-10
9.71691e-10
9.64362e-10
9.55684e-10
9.45744e-10
9.34634e-10
9.22456e-10
9.09311e-10
8.95301e-10
8.80528e-10
8.65089e-10
8.49077e-10
8.32582e-10
8.15688e-10
7.98474e-10
7.81018e-10
7.63389e-10
7.45659e-10
7.27896e-10
7.10165e-10
6.92528e-10
6.7505e-10
6.57794e-10
6.40826e-10
6.24212e-10
6.08022e-10
5.9233e-10
5.77214e-10
5.62759e-10
5.49059e-10
5.36218e-10
5.24355e-10
5.13607e-10
5.04134e-10
4.96128e-10
4.89826e-10
4.85519e-10
4.8358e-10
4.84493e-10
4.88908e-10
4.97718e-10
5.12196e-10
5.34238e-10
5.6681e-10
6.14872e-10
6.87456e-10
8.03142e-10
1.00777e-09
1.4543e-09
3.0775e-09
6.29251e-09
2.97761e-09
2.06862e-09
1.65405e-09
1.42115e-09
1.27618e-09
1.18109e-09
1.11733e-09
1.0746e-09
1.0466e-09
1.02917e-09
1.01941e-09
1.01517e-09
1.01476e-09
1.0169e-09
1.02053e-09
1.02484e-09
1.02913e-09
1.03288e-09
1.03566e-09
1.03715e-09
1.03717e-09
1.03556e-09
1.03223e-09
1.02718e-09
1.02042e-09
1.01202e-09
1.00206e-09
9.90651e-10
9.77912e-10
9.63969e-10
9.4895e-10
9.32984e-10
9.16193e-10
8.98698e-10
8.80608e-10
8.6203e-10
8.43059e-10
8.23786e-10
8.04293e-10
7.84654e-10
7.64949e-10
7.45246e-10
7.25608e-10
7.06096e-10
6.86771e-10
6.67694e-10
6.48923e-10
6.30522e-10
6.12551e-10
5.95076e-10
5.78166e-10
5.61894e-10
5.46339e-10
5.31588e-10
5.17737e-10
5.04895e-10
4.93186e-10
4.82759e-10
4.73789e-10
4.66489e-10
4.61126e-10
4.58045e-10
4.57684e-10
4.6064e-10
4.67736e-10
4.80148e-10
4.99626e-10
5.28918e-10
5.7262e-10
6.39107e-10
7.45604e-10
9.34611e-10
1.34788e-09
2.85167e-09
6.62339e-09
3.13383e-09
2.17659e-09
1.73984e-09
1.49451e-09
1.34197e-09
1.2422e-09
1.17565e-09
1.13144e-09
1.10287e-09
1.08552e-09
1.07626e-09
1.07272e-09
1.07305e-09
1.07584e-09
1.07995e-09
1.08444e-09
1.08859e-09
1.09181e-09
1.09365e-09
1.09384e-09
1.09216e-09
1.0885e-09
1.08281e-09
1.07512e-09
1.0655e-09
1.05406e-09
1.04094e-09
1.02628e-09
1.01025e-09
9.93022e-10
9.74748e-10
9.55586e-10
9.35684e-10
9.15177e-10
8.94192e-10
8.72841e-10
8.51224e-10
8.2943e-10
8.07552e-10
7.8567e-10
7.63849e-10
7.42148e-10
7.20628e-10
6.99344e-10
6.78351e-10
6.57702e-10
6.3745e-10
6.17651e-10
5.9836e-10
5.79636e-10
5.61542e-10
5.44145e-10
5.27516e-10
5.11736e-10
4.96891e-10
4.83081e-10
4.7042e-10
4.5904e-10
4.491e-10
4.40793e-10
4.34358e-10
4.30106e-10
4.28436e-10
4.29881e-10
4.35192e-10
4.45436e-10
4.62212e-10
4.88029e-10
5.27088e-10
5.87054e-10
6.83695e-10
8.55907e-10
1.2334e-09
2.60867e-09
6.98222e-09
3.30312e-09
2.29341e-09
1.83252e-09
1.57368e-09
1.41297e-09
1.30824e-09
1.23883e-09
1.19322e-09
1.16429e-09
1.14725e-09
1.13872e-09
1.13609e-09
1.13731e-09
1.14084e-09
1.14539e-09
1.14996e-09
1.15373e-09
1.15606e-09
1.15656e-09
1.15494e-09
1.15099e-09
1.14465e-09
1.13593e-09
1.12492e-09
1.11175e-09
1.09661e-09
1.07967e-09
1.06117e-09
1.0413e-09
1.02027e-09
9.98294e-10
9.75548e-10
9.52205e-10
9.28415e-10
9.04306e-10
8.80004e-10
8.55624e-10
8.31263e-10
8.06991e-10
7.82874e-10
7.58972e-10
7.35339e-10
7.12024e-10
6.89071e-10
6.66525e-10
6.44429e-10
6.22824e-10
6.01756e-10
5.81272e-10
5.61421e-10
5.42259e-10
5.23844e-10
5.0624e-10
4.89518e-10
4.73758e-10
4.59049e-10
4.45493e-10
4.33209e-10
4.22339e-10
4.13054e-10
4.05569e-10
4.00155e-10
3.9718e-10
3.97103e-10
4.00601e-10
4.0863e-10
4.22625e-10
4.44842e-10
4.7907e-10
5.32221e-10
6.18526e-10
7.73085e-10
1.11293e-09
2.35293e-09
7.3685e-09
3.48521e-09
2.41888e-09
1.93192e-09
1.65853e-09
1.48912e-09
1.37921e-09
1.30695e-09
1.2601e-09
1.23103e-09
1.21458e-09
1.20706e-09
1.20552e-09
1.20776e-09
1.21203e-09
1.21691e-09
1.22129e-09
1.22427e-09
1.22524e-09
1.2238e-09
1.21965e-09
1.21265e-09
1.20281e-09
1.19021e-09
1.17504e-09
1.1575e-09
1.13785e-09
1.11637e-09
1.09332e-09
1.069e-09
1.04364e-09
1.0175e-09
9.90779e-10
9.63674e-10
9.36358e-10
9.08987e-10
8.81678e-10
8.54528e-10
8.27618e-10
8.01016e-10
7.74779e-10
7.48951e-10
7.23571e-10
6.98668e-10
6.74273e-10
6.50413e-10
6.27112e-10
6.04401e-10
5.82308e-10
5.60868e-10
5.4012e-10
5.20106e-10
5.00875e-10
4.82482e-10
4.64989e-10
4.48467e-10
4.32994e-10
4.18663e-10
4.05579e-10
3.93869e-10
3.83684e-10
3.75213e-10
3.68695e-10
3.64449e-10
3.62891e-10
3.64598e-10
3.70418e-10
3.8162e-10
4.002e-10
4.29517e-10
4.7571e-10
5.5142e-10
6.8784e-10
9.88946e-10
2.08969e-09
7.78061e-09
3.67932e-09
2.55245e-09
2.03761e-09
1.74874e-09
1.57019e-09
1.45498e-09
1.37996e-09
1.33209e-09
1.30317e-09
1.28763e-09
1.28137e-09
1.28107e-09
1.28435e-09
1.28925e-09
1.29419e-09
1.29794e-09
1.29955e-09
1.29847e-09
1.29422e-09
1.2866e-09
1.27556e-09
1.26118e-09
1.24368e-09
1.22333e-09
1.20044e-09
1.17538e-09
1.14852e-09
1.1202e-09
1.09077e-09
1.06054e-09
1.02979e-09
9.98776e-10
9.67705e-10
9.36755e-10
9.06068e-10
8.7576e-10
8.45921e-10
8.16618e-10
7.87902e-10
7.59805e-10
7.32351e-10
7.05551e-10
6.79414e-10
6.53946e-10
6.29148e-10
6.05026e-10
5.81587e-10
5.58842e-10
5.36807e-10
5.15505e-10
4.94965e-10
4.75223e-10
4.56322e-10
4.38315e-10
4.21262e-10
4.05233e-10
3.90311e-10
3.7659e-10
3.64182e-10
3.53221e-10
3.43873e-10
3.36347e-10
3.30912e-10
3.27953e-10
3.27938e-10
3.31615e-10
3.40081e-10
3.55075e-10
3.79522e-10
4.1878e-10
4.83891e-10
6.02111e-10
8.64282e-10
1.825e-09
8.21563e-09
3.88407e-09
2.69315e-09
2.14886e-09
1.84375e-09
1.65576e-09
1.53523e-09
1.45763e-09
1.40904e-09
1.38059e-09
1.36627e-09
1.36144e-09
1.36247e-09
1.36671e-09
1.37196e-09
1.37649e-09
1.37889e-09
1.37838e-09
1.37423e-09
1.36608e-09
1.35381e-09
1.33748e-09
1.31734e-09
1.29371e-09
1.26701e-09
1.2377e-09
1.20625e-09
1.17314e-09
1.13882e-09
1.10369e-09
1.06813e-09
1.03245e-09
9.96935e-10
9.61792e-10
9.272e-10
8.93298e-10
8.60184e-10
8.27927e-10
7.96567e-10
7.66124e-10
7.36601e-10
7.07986e-10
6.8026e-10
6.534e-10
6.27377e-10
6.02165e-10
5.77741e-10
5.54084e-10
5.31182e-10
5.09028e-10
4.87626e-10
4.66985e-10
4.47128e-10
4.28085e-10
4.09896e-10
3.92613e-10
3.76297e-10
3.61021e-10
3.46872e-10
3.33949e-10
3.22374e-10
3.12292e-10
3.03885e-10
2.97387e-10
2.9312e-10
2.91507e-10
2.93155e-10
2.99012e-10
3.10559e-10
3.303e-10
3.62824e-10
4.17604e-10
5.1803e-10
7.42063e-10
1.56551e-09
8.66915e-09
4.09737e-09
2.8396e-09
2.26463e-09
1.94274e-09
1.74517e-09
1.61945e-09
1.53955e-09
1.49056e-09
1.46296e-09
1.45011e-09
1.4468e-09
1.4491e-09
1.45404e-09
1.45915e-09
1.46244e-09
1.46271e-09
1.45891e-09
1.45042e-09
1.43699e-09
1.41864e-09
1.3956e-09
1.36826e-09
1.33716e-09
1.30287e-09
1.26601e-09
1.22721e-09
1.18705e-09
1.14608e-09
1.10479e-09
1.06362e-09
1.02288e-09
9.82851e-10
9.43753e-10
9.05757e-10
8.68977e-10
8.3348e-10
7.99297e-10
7.66429e-10
7.34853e-10
7.04527e-10
6.75399e-10
6.47407e-10
6.20485e-10
5.94567e-10
5.69591e-10
5.45497e-10
5.22235e-10
4.99762e-10
4.78047e-10
4.57068e-10
4.36817e-10
4.17298e-10
3.98526e-10
3.80531e-10
3.63354e-10
3.4705e-10
3.31683e-10
3.17334e-10
3.04096e-10
2.9208e-10
2.81417e-10
2.72268e-10
2.64837e-10
2.5939e-10
2.56315e-10
2.56088e-10
2.59512e-10
2.67832e-10
2.83147e-10
3.09314e-10
3.54308e-10
4.3783e-10
6.25554e-10
1.31817e-09
9.13515e-09
4.3164e-09
2.9899e-09
2.38351e-09
2.04462e-09
1.83754e-09
1.7069e-09
1.62505e-09
1.57603e-09
1.54959e-09
1.53837e-09
1.53654e-09
1.53987e-09
1.54499e-09
1.54913e-09
1.55033e-09
1.54719e-09
1.53869e-09
1.52433e-09
1.50402e-09
1.47796e-09
1.44661e-09
1.41058e-09
1.37062e-09
1.32752e-09
1.2821e-09
1.23511e-09
1.18731e-09
1.13941e-09
1.09183e-09
1.04499e-09
9.99285e-10
9.55022e-10
9.12402e-10
8.71549e-10
8.32528e-10
7.95355e-10
7.60005e-10
7.26422e-10
6.94525e-10
6.64218e-10
6.35394e-10
6.07939e-10
5.81741e-10
5.56688e-10
5.32675e-10
5.09607e-10
4.87397e-10
4.65971e-10
4.4527e-10
4.25248e-10
4.05876e-10
3.8714e-10
3.69041e-10
3.51596e-10
3.3484e-10
3.18819e-10
3.03597e-10
2.89249e-10
2.75867e-10
2.63555e-10
2.52437e-10
2.42661e-10
2.34408e-10
2.27908e-10
2.23476e-10
2.21551e-10
2.2275e-10
2.28117e-10
2.39382e-10
2.59726e-10
2.95739e-10
3.63714e-10
5.17976e-10
1.08987e-09
9.60591e-09
4.53757e-09
3.14167e-09
2.50374e-09
2.14799e-09
1.93175e-09
1.79658e-09
1.7132e-09
1.66451e-09
1.63944e-09
1.62988e-09
1.62931e-09
1.63318e-09
1.6377e-09
1.63985e-09
1.63769e-09
1.62961e-09
1.61475e-09
1.59279e-09
1.56384e-09
1.52835e-09
1.48707e-09
1.44089e-09
1.39082e-09
1.33789e-09
1.28317e-09
1.22771e-09
1.17216e-09
1.11713e-09
1.0633e-09
1.01118e-09
9.6114e-10
9.13404e-10
8.6812e-10
8.25347e-10
7.85079e-10
7.47257e-10
7.11781e-10
6.78518e-10
6.47317e-10
6.18015e-10
5.90441e-10
5.64424e-10
5.39798e-10
5.16404e-10
4.94094e-10
4.72733e-10
4.52196e-10
4.32383e-10
4.13208e-10
3.94602e-10
3.76516e-10
3.58918e-10
3.41799e-10
3.25167e-10
3.0905e-10
2.93492e-10
2.78555e-10
2.64318e-10
2.50873e-10
2.38327e-10
2.26803e-10
2.16443e-10
2.07415e-10
1.99923e-10
1.94232e-10
1.9073e-10
1.89914e-10
1.92624e-10
2.00274e-10
2.15448e-10
2.43504e-10
2.97702e-10
4.22266e-10
8.86866e-10
1.0072e-08
4.75652e-09
3.29205e-09
2.62319e-09
2.2512e-09
2.02637e-09
1.88723e-09
1.80275e-09
1.75469e-09
1.73109e-09
1.72298e-09
1.72325e-09
1.72692e-09
1.7297e-09
1.72871e-09
1.72156e-09
1.70683e-09
1.68381e-09
1.65241e-09
1.61303e-09
1.56647e-09
1.5138e-09
1.45627e-09
1.39519e-09
1.33207e-09
1.26797e-09
1.20371e-09
1.14036e-09
1.07878e-09
1.01958e-09
9.63208e-10
9.09948e-10
8.59965e-10
8.13311e-10
7.69949e-10
7.29773e-10
6.92622e-10
6.58299e-10
6.26582e-10
5.97236e-10
5.7002e-10
5.44697e-10
5.21033e-10
4.98808e-10
4.7782e-10
4.57881e-10
4.38816e-10
4.20458e-10
4.02691e-10
3.85411e-10
3.68529e-10
3.51978e-10
3.35715e-10
3.19721e-10
3.03998e-10
2.88573e-10
2.73494e-10
2.58826e-10
2.44655e-10
2.31082e-10
2.18223e-10
2.0621e-10
1.95187e-10
1.8532e-10
1.76798e-10
1.69858e-10
1.64818e-10
1.62152e-10
1.62476e-10
1.66959e-10
1.7768e-10
1.98951e-10
2.41452e-10
3.40814e-10
7.14244e-10
1.05226e-08
4.96822e-09
3.43775e-09
2.73945e-09
2.35231e-09
2.11976e-09
1.97729e-09
1.89214e-09
1.84493e-09
1.82268e-09
1.81561e-09
1.81604e-09
1.81837e-09
1.81836e-09
1.81257e-09
1.79873e-09
1.77554e-09
1.74254e-09
1.69994e-09
1.64853e-09
1.58951e-09
1.52436e-09
1.45484e-09
1.38278e-09
1.3092e-09
1.23551e-09
1.16316e-09
1.09317e-09
1.02631e-09
9.63157e-10
9.04064e-10
8.49221e-10
7.98667e-10
7.52323e-10
7.1002e-10
6.71521e-10
6.36544e-10
6.0478e-10
5.75905e-10
5.49593e-10
5.25526e-10
5.034e-10
4.82921e-10
4.63802e-10
4.45828e-10
4.2879e-10
4.12507e-10
3.96857e-10
3.81636e-10
3.66665e-10
3.51821e-10
3.37019e-10
3.22203e-10
3.07348e-10
2.92458e-10
2.77562e-10
2.62717e-10
2.48008e-10
2.33537e-10
2.19432e-10
2.05834e-10
1.92903e-10
1.80812e-10
1.6975e-10
1.59934e-10
1.51597e-10
1.44986e-10
1.40483e-10
1.3864e-10
1.40355e-10
1.47332e-10
1.63047e-10
1.96106e-10
2.7522e-10
5.75384e-10
1.09456e-08
5.1671e-09
3.57512e-09
2.84982e-09
2.44916e-09
2.21001e-09
2.06495e-09
1.97953e-09
1.93319e-09
1.91195e-09
1.90526e-09
1.90489e-09
1.90486e-09
1.90045e-09
1.88822e-09
1.86595e-09
1.83257e-09
1.78794e-09
1.73267e-09
1.66804e-09
1.59571e-09
1.51798e-09
1.43665e-09
1.35311e-09
1.26956e-09
1.18766e-09
1.10872e-09
1.03375e-09
9.63447e-10
8.98286e-10
8.38485e-10
7.8407e-10
7.34912e-10
6.90761e-10
6.51287e-10
6.16103e-10
5.84791e-10
5.56924e-10
5.32076e-10
5.09835e-10
4.89805e-10
4.71651e-10
4.55077e-10
4.39848e-10
4.25623e-10
4.12089e-10
3.98971e-10
3.85997e-10
3.73036e-10
3.60003e-10
3.46807e-10
3.33371e-10
3.19644e-10
3.05601e-10
2.91247e-10
2.76618e-10
2.61778e-10
2.46819e-10
2.31858e-10
2.17037e-10
2.02515e-10
1.88468e-10
1.75084e-10
1.62559e-10
1.51096e-10
1.4093e-10
1.32391e-10
1.25851e-10
1.21852e-10
1.2109e-10
1.24949e-10
1.36288e-10
1.62165e-10
2.26122e-10
4.71587e-10
1.13281e-08
5.34726e-09
3.70034e-09
2.95147e-09
2.53943e-09
2.29506e-09
2.1482e-09
2.0628e-09
2.0172e-09
1.99645e-09
1.98922e-09
1.98694e-09
1.98313e-09
1.97282e-09
1.95254e-09
1.92028e-09
1.87525e-09
1.81771e-09
1.74881e-09
1.67037e-09
1.58512e-09
1.49472e-09
1.40143e-09
1.30792e-09
1.21619e-09
1.12794e-09
1.04446e-09
9.66697e-10
8.95237e-10
8.30359e-10
7.72081e-10
7.20219e-10
6.74434e-10
6.3428e-10
5.99249e-10
5.68798e-10
5.4238e-10
5.19457e-10
4.99516e-10
4.82103e-10
4.66832e-10
4.5329e-10
4.41036e-10
4.2964e-10
4.18819e-10
4.08363e-10
3.98065e-10
3.87754e-10
3.77246e-10
3.66377e-10
3.55019e-10
3.4308e-10
3.30494e-10
3.17228e-10
3.03282e-10
2.88691e-10
2.73525e-10
2.57891e-10
2.41929e-10
2.25811e-10
2.09736e-10
1.93927e-10
1.78624e-10
1.64081e-10
1.50565e-10
1.38353e-10
1.27727e-10
1.1903e-10
1.12712e-10
1.0955e-10
1.10699e-10
1.18663e-10
1.39457e-10
1.93144e-10
4.01966e-10
1.16572e-08
5.50276e-09
3.80952e-09
3.04149e-09
2.62072e-09
2.37271e-09
2.22486e-09
2.13969e-09
2.09449e-09
2.07346e-09
2.0647e-09
2.05928e-09
2.05029e-09
2.03263e-09
2.00292e-09
1.95942e-09
1.90172e-09
1.8306e-09
1.74793e-09
1.65659e-09
1.55811e-09
1.45575e-09
1.35252e-09
1.25096e-09
1.1532e-09
1.06093e-09
9.75375e-10
8.97311e-10
8.2711e-10
7.64807e-10
7.10165e-10
6.62751e-10
6.21995e-10
5.8725e-10
5.57831e-10
5.33058e-10
5.12271e-10
4.94853e-10
4.80237e-10
4.67909e-10
4.57346e-10
4.4809e-10
4.398e-10
4.32179e-10
4.24932e-10
4.17786e-10
4.10507e-10
4.02893e-10
3.94764e-10
3.85964e-10
3.76365e-10
3.6586e-10
3.54368e-10
3.41838e-10
3.28252e-10
3.13627e-10
2.98026e-10
2.81552e-10
2.64356e-10
2.46632e-10
2.28614e-10
2.10574e-10
1.92812e-10
1.75647e-10
1.59414e-10
1.44455e-10
1.31129e-10
1.19838e-10
1.11074e-10
1.05567e-10
1.04364e-10
1.0974e-10
1.27224e-10
1.75016e-10
3.63734e-10
1.19206e-08
5.62793e-09
3.89896e-09
3.11709e-09
2.69067e-09
2.44077e-09
2.29273e-09
2.20789e-09
2.16259e-09
2.1404e-09
2.12909e-09
2.11927e-09
2.1038e-09
2.07759e-09
2.03746e-09
1.982e-09
1.91128e-09
1.82703e-09
1.73167e-09
1.62692e-09
1.51682e-09
1.40473e-09
1.29375e-09
1.18655e-09
1.08531e-09
9.91612e-10
9.06516e-10
8.3055e-10
7.63803e-10
7.06016e-10
6.56668e-10
6.15064e-10
5.80406e-10
5.51858e-10
5.28586e-10
5.09796e-10
4.94746e-10
4.82763e-10
4.7324e-10
4.65622e-10
4.59445e-10
4.54307e-10
4.49844e-10
4.45742e-10
4.41725e-10
4.37547e-10
4.32994e-10
4.27873e-10
4.22008e-10
4.15244e-10
4.07438e-10
3.98467e-10
3.88225e-10
3.76631e-10
3.6363e-10
3.49205e-10
3.33383e-10
3.1624e-10
2.97908e-10
2.78582e-10
2.58515e-10
2.38018e-10
2.17452e-10
1.97218e-10
1.77745e-10
1.59481e-10
1.42887e-10
1.28459e-10
1.16764e-10
1.08575e-10
1.05067e-10
1.084e-10
1.23983e-10
1.69456e-10
3.51831e-10
1.21074e-08
5.71782e-09
3.96537e-09
3.1757e-09
2.74707e-09
2.49715e-09
2.34971e-09
2.26516e-09
2.21923e-09
2.19506e-09
2.1801e-09
2.16473e-09
2.14175e-09
2.10617e-09
2.05514e-09
1.98763e-09
1.90488e-09
1.80833e-09
1.70009e-09
1.58441e-09
1.46503e-09
1.34562e-09
1.22944e-09
1.11924e-09
1.01711e-09
9.24466e-10
8.42087e-10
7.70197e-10
7.08566e-10
6.56619e-10
6.13553e-10
5.78426e-10
5.50244e-10
5.28017e-10
5.10803e-10
4.97735e-10
4.88032e-10
4.81002e-10
4.76009e-10
4.7256e-10
4.70238e-10
4.68655e-10
4.67479e-10
4.66422e-10
4.6523e-10
4.63675e-10
4.6158e-10
4.58752e-10
4.55022e-10
4.50234e-10
4.44247e-10
4.36925e-10
4.28143e-10
4.17786e-10
4.05756e-10
3.91984e-10
3.76436e-10
3.5913e-10
3.40145e-10
3.19631e-10
2.9782e-10
2.75031e-10
2.51664e-10
2.28195e-10
2.05159e-10
1.83136e-10
1.62737e-10
1.44608e-10
1.29463e-10
1.18187e-10
1.12193e-10
1.13643e-10
1.28223e-10
1.74093e-10
3.61107e-10
1.22095e-08
5.76857e-09
4.00611e-09
3.21523e-09
2.78807e-09
2.54007e-09
2.394e-09
2.30971e-09
2.2626e-09
2.2356e-09
2.21601e-09
2.19417e-09
2.16297e-09
2.11763e-09
2.05595e-09
1.97801e-09
1.88369e-09
1.77534e-09
1.65702e-09
1.53273e-09
1.4066e-09
1.28249e-09
1.16377e-09
1.0531e-09
9.52415e-10
8.62857e-10
7.84895e-10
7.18416e-10
6.62861e-10
6.1736e-10
5.80855e-10
5.52205e-10
5.30263e-10
5.13938e-10
5.02227e-10
4.94241e-10
4.89116e-10
4.86365e-10
4.85373e-10
4.8536e-10
4.86245e-10
4.87637e-10
4.89228e-10
4.90758e-10
4.91986e-10
4.92586e-10
4.92636e-10
4.91834e-10
4.90065e-10
4.87155e-10
4.82942e-10
4.77289e-10
4.70072e-10
4.61165e-10
4.5044e-10
4.37777e-10
4.23081e-10
4.06292e-10
3.87398e-10
3.66462e-10
3.43635e-10
3.19181e-10
2.93484e-10
2.67052e-10
2.40508e-10
2.14568e-10
1.90021e-10
1.67721e-10
1.48601e-10
1.33771e-10
1.24949e-10
1.24478e-10
1.38601e-10
1.8689e-10
3.8719e-10
1.22221e-08
5.77798e-09
4.01954e-09
3.23426e-09
2.81229e-09
2.56817e-09
2.42425e-09
2.34021e-09
2.29139e-09
2.26078e-09
2.23577e-09
2.20685e-09
2.16734e-09
2.11338e-09
2.04266e-09
1.95383e-09
1.84908e-09
1.73175e-09
1.60576e-09
1.47549e-09
1.34526e-09
1.21907e-09
1.10022e-09
9.91245e-10
8.93808e-10
8.08757e-10
7.36229e-10
6.75785e-10
6.2657e-10
5.87465e-10
5.57214e-10
5.34532e-10
5.18183e-10
5.07029e-10
5.00026e-10
4.96493e-10
4.95404e-10
4.96081e-10
4.98222e-10
5.01325e-10
5.05036e-10
5.09039e-10
5.13059e-10
5.16856e-10
5.20226e-10
5.22985e-10
5.2488e-10
5.25677e-10
5.25597e-10
5.24267e-10
5.21597e-10
5.17455e-10
5.11693e-10
5.04177e-10
4.94787e-10
4.83395e-10
4.69874e-10
4.54103e-10
4.3598e-10
4.15448e-10
3.9253e-10
3.67359e-10
3.40218e-10
3.11562e-10
2.82028e-10
2.52427e-10
2.23725e-10
1.97014e-10
1.73518e-10
1.54664e-10
1.42543e-10
1.39954e-10
1.53846e-10
2.05926e-10
4.25931e-10
1.21539e-08
5.74943e-09
4.00704e-09
3.23265e-09
2.81894e-09
2.58046e-09
2.43943e-09
2.35562e-09
2.30462e-09
2.2698e-09
2.23911e-09
2.20379e-09
2.15731e-09
2.09484e-09
2.01437e-09
1.91685e-09
1.80446e-09
1.68063e-09
1.54962e-09
1.41601e-09
1.28425e-09
1.15829e-09
1.04132e-09
9.3564e-10
8.42634e-10
7.62844e-10
6.96098e-10
6.41679e-10
5.98498e-10
5.65247e-10
5.40543e-10
5.23021e-10
5.11409e-10
5.04784e-10
5.02058e-10
5.01844e-10
5.03968e-10
5.07803e-10
5.12865e-10
5.18746e-10
5.25105e-10
5.31648e-10
5.38111e-10
5.44253e-10
5.4985e-10
5.5469e-10
5.58592e-10
5.61345e-10
5.62627e-10
5.62762e-10
5.6135e-10
5.58268e-10
5.5349e-10
5.46931e-10
5.38464e-10
5.2799e-10
5.15416e-10
5.00619e-10
4.83458e-10
4.63785e-10
4.41484e-10
4.16514e-10
3.88967e-10
3.5913e-10
3.27535e-10
2.94979e-10
2.62531e-10
2.31506e-10
2.03453e-10
1.80206e-10
1.6433e-10
1.59294e-10
1.72927e-10
2.29644e-10
4.73976e-10
1.19875e-08
5.67589e-09
3.96561e-09
3.21023e-09
2.80828e-09
2.57663e-09
2.43881e-09
2.35544e-09
2.30277e-09
2.26461e-09
2.22908e-09
2.18716e-09
2.13243e-09
2.06177e-09
1.97418e-09
1.87035e-09
1.75272e-09
1.62498e-09
1.49155e-09
1.3571e-09
1.22604e-09
1.10221e-09
9.88581e-10
8.87211e-10
7.99206e-10
7.24832e-10
6.63668e-10
6.14787e-10
5.76937e-10
5.48702e-10
5.28637e-10
5.15358e-10
5.07942e-10
5.05096e-10
5.05122e-10
5.07986e-10
5.12996e-10
5.19603e-10
5.27364e-10
5.35917e-10
5.44947e-10
5.54174e-10
5.63335e-10
5.72175e-10
5.80445e-10
5.87895e-10
5.94279e-10
5.99359e-10
6.02796e-10
6.04296e-10
6.04358e-10
6.02443e-10
5.98405e-10
5.92221e-10
5.83919e-10
5.73532e-10
5.61055e-10
5.46454e-10
5.2965e-10
5.10509e-10
4.88848e-10
4.6448e-10
4.37276e-10
4.0726e-10
3.74708e-10
3.40238e-10
3.04868e-10
2.7003e-10
2.37569e-10
2.09767e-10
1.89753e-10
1.81907e-10
1.95083e-10
2.56901e-10
5.28871e-10
1.17282e-08
5.5587e-09
3.89406e-09
3.16409e-09
2.77894e-09
2.55791e-09
2.42549e-09
2.34339e-09
2.28874e-09
2.24606e-09
2.20423e-09
2.15533e-09
2.09417e-09
2.01768e-09
1.92496e-09
1.81705e-09
1.69661e-09
1.56744e-09
1.43399e-09
1.30086e-09
1.17233e-09
1.05201e-09
9.42669e-10
8.46094e-10
7.63153e-10
6.93898e-10
6.37731e-10
5.93593e-10
5.6015e-10
5.35947e-10
5.19533e-10
5.09808e-10
5.05607e-10
5.05024e-10
5.07748e-10
5.1315e-10
5.20635e-10
5.29726e-10
5.40037e-10
5.51247e-10
5.6307e-10
5.75241e-10
5.87496e-10
5.99565e-10
6.11168e-10
6.21996e-10
6.31731e-10
6.40046e-10
6.46608e-10
6.50905e-10
6.52657e-10
6.52377e-10
6.49358e-10
6.43575e-10
6.3509e-10
6.24024e-10
6.10543e-10
5.94821e-10
5.76993e-10
5.5711e-10
5.35099e-10
5.10772e-10
4.83863e-10
4.54127e-10
4.21486e-10
3.86193e-10
3.48992e-10
3.11225e-10
2.74887e-10
2.42675e-10
2.1831e-10
2.07338e-10
2.1977e-10
2.86892e-10
5.88891e-10
1.139e-08
5.40426e-09
3.79657e-09
3.09687e-09
2.73045e-09
2.52101e-09
2.39502e-09
2.31489e-09
2.25873e-09
2.21235e-09
2.16579e-09
2.11186e-09
2.0458e-09
1.96512e-09
1.86926e-09
1.75948e-09
1.63853e-09
1.51018e-09
1.37878e-09
1.24873e-09
1.1241e-09
1.00824e-09
9.03673e-10
8.11965e-10
7.33795e-10
6.69068e-10
6.17089e-10
5.7675e-10
5.46704e-10
5.25517e-10
5.11786e-10
5.04684e-10
5.02444e-10
5.03775e-10
5.08403e-10
5.15795e-10
5.25337e-10
5.36592e-10
5.49244e-10
5.63018e-10
5.7767e-10
5.92967e-10
6.08665e-10
6.24483e-10
6.40113e-10
6.55197e-10
6.69343e-10
6.82117e-10
6.93052e-10
7.01664e-10
7.072e-10
7.09358e-10
7.08588e-10
7.04071e-10
6.95794e-10
6.83904e-10
6.68701e-10
6.50593e-10
6.30041e-10
6.07459e-10
5.83129e-10
5.57121e-10
5.29271e-10
4.99229e-10
4.66599e-10
4.31167e-10
3.93172e-10
3.53572e-10
3.14245e-10
2.78128e-10
2.4947e-10
2.35188e-10
2.46574e-10
3.19023e-10
6.52771e-10
1.09844e-08
5.21765e-09
3.67624e-09
3.01087e-09
2.66542e-09
2.46889e-09
2.34988e-09
2.27246e-09
2.21593e-09
2.16711e-09
2.11695e-09
2.05918e-09
1.98972e-09
1.90657e-09
1.80949e-09
1.69987e-09
1.58044e-09
1.45483e-09
1.32717e-09
1.20158e-09
1.08182e-09
9.7099e-10
8.71365e-10
7.84328e-10
7.10425e-10
6.4949e-10
6.00803e-10
5.63271e-10
5.35592e-10
5.16396e-10
5.04486e-10
4.98925e-10
4.978e-10
5.00459e-10
5.0636e-10
5.14921e-10
5.25815e-10
5.38728e-10
5.53316e-10
5.69332e-10
5.86573e-10
6.04865e-10
6.24026e-10
6.43839e-10
6.63953e-10
6.8396e-10
7.03415e-10
7.21845e-10
7.38661e-10
7.53177e-10
7.64705e-10
7.72175e-10
7.7508e-10
7.73878e-10
7.6752e-10
7.55975e-10
7.39499e-10
7.18633e-10
6.94144e-10
6.66919e-10
6.37811e-10
6.07471e-10
5.76208e-10
5.4392e-10
5.10153e-10
4.74313e-10
4.36023e-10
3.95564e-10
3.54314e-10
3.1511e-10
2.82627e-10
2.65028e-10
2.75107e-10
3.52781e-10
7.19425e-10
1.05239e-08
5.00457e-09
3.53657e-09
2.90845e-09
2.58559e-09
2.40311e-09
2.29219e-09
2.21847e-09
2.16253e-09
2.1123e-09
2.05976e-09
1.99951e-09
1.92818e-09
1.84424e-09
1.74771e-09
1.64005e-09
1.52387e-09
1.40257e-09
1.27997e-09
1.15985e-09
1.04563e-09
9.40141e-10
8.45426e-10
7.62726e-10
6.92512e-10
6.34606e-10
5.88324e-10
5.52644e-10
5.26363e-10
5.08217e-10
4.97122e-10
4.9213e-10
4.91438e-10
4.94625e-10
5.01155e-10
5.10452e-10
5.22067e-10
5.35744e-10
5.51339e-10
5.68738e-10
5.87861e-10
6.08553e-10
6.30633e-10
6.53915e-10
6.78259e-10
7.03418e-10
7.28917e-10
7.53979e-10
7.7786e-10
7.99819e-10
8.19125e-10
8.34685e-10
8.45097e-10
8.4933e-10
8.47967e-10
8.39553e-10
8.23998e-10
8.01691e-10
7.73497e-10
7.40689e-10
7.04773e-10
6.67241e-10
6.29284e-10
5.91554e-10
5.54035e-10
5.16123e-10
4.76961e-10
4.36013e-10
3.93779e-10
3.52514e-10
3.16933e-10
2.96282e-10
3.04915e-10
3.87629e-10
7.8775e-10
1.0022e-08
4.77116e-09
3.38146e-09
2.79231e-09
2.49292e-09
2.32524e-09
2.22326e-09
2.15425e-09
2.10003e-09
2.04964e-09
1.99608e-09
1.93482e-09
1.86316e-09
1.78001e-09
1.68562e-09
1.58145e-09
1.46994e-09
1.3542e-09
1.23767e-09
1.12375e-09
1.01552e-09
9.15525e-10
8.25603e-10
7.46884e-10
6.79807e-10
6.24229e-10
5.79556e-10
5.44887e-10
5.19139e-10
5.01167e-10
4.89914e-10
4.84567e-10
4.83584e-10
4.86437e-10
4.92653e-10
5.01757e-10
5.13415e-10
5.27351e-10
5.43403e-10
5.61473e-10
5.81484e-10
6.03465e-10
6.27436e-10
6.53346e-10
6.81011e-10
7.10232e-10
7.40758e-10
7.72315e-10
8.04186e-10
8.35186e-10
8.63834e-10
8.89111e-10
9.09961e-10
9.24476e-10
9.30753e-10
9.29589e-10
9.18934e-10
8.98594e-10
8.69107e-10
8.31778e-10
7.88578e-10
7.41878e-10
6.94053e-10
6.47033e-10
6.01903e-10
5.58709e-10
5.16607e-10
4.74413e-10
4.31535e-10
3.8914e-10
3.51394e-10
3.28217e-10
3.35431e-10
4.22936e-10
8.5648e-10
9.49255e-09
4.52382e-09
3.21503e-09
2.66538e-09
2.38959e-09
2.23699e-09
2.14453e-09
2.08111e-09
2.02976e-09
1.98055e-09
1.92743e-09
1.86667e-09
1.79621e-09
1.71534e-09
1.6245e-09
1.52513e-09
1.41945e-09
1.31024e-09
1.20056e-09
1.09339e-09
9.9148e-10
8.97077e-10
8.11852e-10
7.36844e-10
6.72496e-10
6.18748e-10
5.75076e-10
5.40681e-10
5.14652e-10
4.96039e-10
4.83828e-10
4.77267e-10
4.75241e-10
4.76968e-10
4.82079e-10
4.90147e-10
5.00863e-10
5.14022e-10
5.29517e-10
5.47318e-10
5.67459e-10
5.8998e-10
6.14942e-10
6.42403e-10
6.72412e-10
7.04887e-10
7.39625e-10
7.76252e-10
8.14307e-10
8.53278e-10
8.92172e-10
9.28997e-10
9.61717e-10
9.88998e-10
1.00867e-09
1.01765e-09
1.0169e-09
1.00364e-09
9.77538e-10
9.39309e-10
8.90846e-10
8.3507e-10
7.75524e-10
7.15764e-10
6.58643e-10
6.05721e-10
5.5701e-10
5.11279e-10
4.66999e-10
4.23895e-10
3.84905e-10
3.59929e-10
3.65938e-10
4.57935e-10
9.24115e-10
8.94934e-09
4.26896e-09
3.04152e-09
2.53078e-09
2.27796e-09
2.14016e-09
2.05742e-09
2.00025e-09
1.95281e-09
1.90611e-09
1.8549e-09
1.79617e-09
1.72841e-09
1.65125e-09
1.56526e-09
1.47183e-09
1.37297e-09
1.2711e-09
1.16889e-09
1.06894e-09
9.73654e-10
8.85024e-10
8.04579e-10
7.33362e-10
6.71604e-10
6.19206e-10
5.7593e-10
5.41289e-10
5.14465e-10
4.94483e-10
4.80564e-10
4.72004e-10
4.68144e-10
4.68036e-10
4.71337e-10
4.77659e-10
4.86726e-10
4.9837e-10
5.12524e-10
5.29203e-10
5.48489e-10
5.70511e-10
5.95425e-10
6.23395e-10
6.5456e-10
6.88993e-10
7.26664e-10
7.67394e-10
8.10811e-10
8.56267e-10
9.02922e-10
9.49963e-10
9.95346e-10
1.03635e-09
1.07096e-09
1.09633e-09
1.10833e-09
1.10775e-09
1.09111e-09
1.05785e-09
1.00896e-09
9.47109e-10
8.76504e-10
8.02239e-10
7.29364e-10
6.61809e-10
6.01544e-10
5.48338e-10
5.00385e-10
4.56012e-10
4.16349e-10
3.90367e-10
3.95557e-10
4.917e-10
9.88872e-10
8.406e-09
4.01303e-09
2.8653e-09
2.39174e-09
2.16049e-09
2.03661e-09
1.96333e-09
1.91276e-09
1.87006e-09
1.82705e-09
1.77918e-09
1.724e-09
1.66043e-09
1.58838e-09
1.50852e-09
1.42212e-09
1.33097e-09
1.23718e-09
1.14303e-09
1.05075e-09
9.62436e-10
8.79869e-10
8.04216e-10
7.35869e-10
6.75809e-10
6.24359e-10
5.81315e-10
5.46184e-10
5.18346e-10
4.97111e-10
4.8165e-10
4.71105e-10
4.64775e-10
4.62238e-10
4.63141e-10
4.67145e-10
4.73991e-10
4.83541e-10
4.9576e-10
5.10695e-10
5.28467e-10
5.49259e-10
5.73293e-10
6.00814e-10
6.32057e-10
6.67218e-10
7.06416e-10
7.49656e-10
7.9677e-10
8.4735e-10
9.00683e-10
9.55651e-10
1.01105e-09
1.06488e-09
1.11418e-09
1.15594e-09
1.18662e-09
1.20124e-09
1.19987e-09
1.17837e-09
1.13597e-09
1.074e-09
9.96237e-10
9.08576e-10
8.18121e-10
7.3174e-10
6.54468e-10
5.88475e-10
5.32886e-10
4.85267e-10
4.44732e-10
4.18378e-10
4.23243e-10
5.23133e-10
1.04867e-09
7.87542e-09
3.76209e-09
2.69058e-09
2.25156e-09
2.0398e-09
1.92837e-09
1.86374e-09
1.81964e-09
1.78218e-09
1.74386e-09
1.70064e-09
1.6505e-09
1.59266e-09
1.52718e-09
1.45473e-09
1.37649e-09
1.294e-09
1.20905e-09
1.12358e-09
1.03947e-09
9.58538e-10
8.81698e-10
8.10015e-10
7.45062e-10
6.8738e-10
6.37186e-10
5.94328e-10
5.58484e-10
5.29251e-10
5.06148e-10
4.88527e-10
4.75805e-10
4.6741e-10
4.62721e-10
4.61146e-10
4.62482e-10
4.66666e-10
4.73715e-10
4.83631e-10
4.96463e-10
5.12344e-10
5.31483e-10
5.54146e-10
5.80629e-10
6.11229e-10
6.46219e-10
6.85801e-10
7.30152e-10
7.79287e-10
8.33011e-10
8.90864e-10
9.52039e-10
1.01527e-09
1.07882e-09
1.14028e-09
1.19668e-09
1.24439e-09
1.27901e-09
1.29496e-09
1.2909e-09
1.2622e-09
1.20788e-09
1.12986e-09
1.03341e-09
9.26681e-10
8.19292e-10
7.2023e-10
6.35435e-10
5.66694e-10
5.12143e-10
4.69319e-10
4.42771e-10
4.47795e-10
5.50957e-10
1.10115e-09
7.37088e-09
3.52251e-09
2.52187e-09
2.11378e-09
1.91871e-09
1.81766e-09
1.76039e-09
1.72222e-09
1.69016e-09
1.65725e-09
1.61984e-09
1.57617e-09
1.5256e-09
1.46822e-09
1.40462e-09
1.33581e-09
1.26307e-09
1.1879e-09
1.1119e-09
1.03668e-09
9.6266e-10
8.91625e-10
8.25337e-10
7.6466e-10
7.09864e-10
6.61152e-10
6.18614e-10
5.82127e-10
5.51405e-10
5.26075e-10
5.05812e-10
4.90309e-10
4.79081e-10
4.71666e-10
4.67763e-10
4.67045e-10
4.69156e-10
4.74151e-10
4.81931e-10
4.9265e-10
5.06565e-10
5.23948e-10
5.45101e-10
5.70352e-10
6.00043e-10
6.3452e-10
6.74107e-10
7.18962e-10
7.69103e-10
8.24398e-10
8.84514e-10
9.48867e-10
1.01659e-09
1.08645e-09
1.15646e-09
1.22399e-09
1.28565e-09
1.33719e-09
1.37325e-09
1.38808e-09
1.37831e-09
1.33902e-09
1.26914e-09
1.17152e-09
1.05353e-09
9.26265e-10
8.02539e-10
6.93302e-10
6.04864e-10
5.37928e-10
4.89761e-10
4.62374e-10
4.67864e-10
5.73661e-10
1.14354e-09
6.90705e-09
3.30132e-09
2.36413e-09
1.9824e-09
1.80061e-09
1.70732e-09
1.65552e-09
1.62221e-09
1.59531e-09
1.56835e-09
1.53786e-09
1.50212e-09
1.46049e-09
1.41291e-09
1.35983e-09
1.30201e-09
1.24049e-09
1.17648e-09
1.111e-09
1.0439e-09
9.77739e-10
9.14235e-10
8.54183e-10
7.98042e-10
7.46387e-10
6.99577e-10
6.57799e-10
6.21081e-10
5.8932e-10
5.6232e-10
5.39822e-10
5.215e-10
5.07192e-10
4.96799e-10
4.90044e-10
4.86673e-10
4.86505e-10
4.89209e-10
4.95273e-10
5.04657e-10
5.17448e-10
5.3388e-10
5.54237e-10
5.78836e-10
6.08003e-10
6.42061e-10
6.81298e-10
7.25997e-10
7.76198e-10
8.31829e-10
8.92665e-10
9.58288e-10
1.02802e-09
1.10085e-09
1.17529e-09
1.24926e-09
1.31993e-09
1.38355e-09
1.43537e-09
1.46914e-09
1.47898e-09
1.45918e-09
1.40476e-09
1.31479e-09
1.19363e-09
1.05154e-09
9.03443e-10
7.65812e-10
6.51008e-10
5.64761e-10
5.06181e-10
4.75694e-10
4.80513e-10
5.87517e-10
1.16879e-09
6.502e-09
3.10716e-09
2.22332e-09
1.86206e-09
1.68928e-09
1.60057e-09
1.55206e-09
1.52238e-09
1.50028e-09
1.47968e-09
1.45722e-09
1.43106e-09
1.4003e-09
1.36465e-09
1.32423e-09
1.27952e-09
1.23135e-09
1.17923e-09
1.12341e-09
1.06666e-09
1.0104e-09
9.55399e-10
9.02198e-10
8.51515e-10
8.03934e-10
7.59898e-10
7.19709e-10
6.83546e-10
6.51474e-10
6.23472e-10
5.99456e-10
5.79294e-10
5.62847e-10
5.49931e-10
5.40569e-10
5.34818e-10
5.32616e-10
5.33711e-10
5.3814e-10
5.46467e-10
5.58549e-10
5.74591e-10
5.94834e-10
6.19542e-10
6.48978e-10
6.83373e-10
7.22897e-10
7.67608e-10
8.17607e-10
8.72821e-10
9.3305e-10
9.97937e-10
1.06694e-09
1.13926e-09
1.2138e-09
1.28899e-09
1.36267e-09
1.43185e-09
1.49253e-09
1.53947e-09
1.56601e-09
1.56521e-09
1.52976e-09
1.45458e-09
1.33929e-09
1.19052e-09
1.0226e-09
8.55475e-10
7.08916e-10
5.95764e-10
5.19878e-10
4.8202e-10
4.85101e-10
5.92072e-10
1.17591e-09
6.17994e-09
2.95125e-09
2.10697e-09
1.75862e-09
1.58978e-09
1.50208e-09
1.45458e-09
1.42743e-09
1.41015e-09
1.39685e-09
1.38409e-09
1.36977e-09
1.35258e-09
1.33187e-09
1.30761e-09
1.27841e-09
1.24272e-09
1.20272e-09
1.16017e-09
1.11616e-09
1.07148e-09
1.02642e-09
9.81728e-10
9.38113e-10
8.96185e-10
8.56461e-10
8.19361e-10
7.85205e-10
7.54226e-10
7.26579e-10
7.02355e-10
6.816e-10
6.6433e-10
6.50543e-10
6.40251e-10
6.33439e-10
6.30223e-10
6.30647e-10
6.34382e-10
6.42431e-10
6.54639e-10
6.71066e-10
6.91876e-10
7.17229e-10
7.47263e-10
7.82079e-10
8.21718e-10
8.66143e-10
9.1527e-10
9.68968e-10
1.02699e-09
1.08899e-09
1.15444e-09
1.22269e-09
1.29288e-09
1.36385e-09
1.43403e-09
1.50124e-09
1.56246e-09
1.61351e-09
1.64879e-09
1.66123e-09
1.64272e-09
1.58497e-09
1.48242e-09
1.33605e-09
1.15618e-09
9.62723e-10
7.81509e-10
6.34551e-10
5.33598e-10
4.83442e-10
4.82562e-10
5.87355e-10
1.16506e-09
5.97163e-09
2.84743e-09
2.02407e-09
1.67915e-09
1.50859e-09
1.41863e-09
1.37067e-09
1.34616e-09
1.33509e-09
1.33157e-09
1.33188e-09
1.33379e-09
1.33472e-09
1.33202e-09
1.32271e-09
1.30814e-09
1.28955e-09
1.26709e-09
1.24154e-09
1.21356e-09
1.18318e-09
1.15104e-09
1.11781e-09
1.08416e-09
1.05074e-09
1.01813e-09
9.86855e-10
9.57369e-10
9.30054e-10
9.0523e-10
8.83152e-10
8.6403e-10
8.48031e-10
8.35293e-10
8.2594e-10
8.20091e-10
8.1789e-10
8.19128e-10
8.2383e-10
8.32858e-10
8.459e-10
8.63045e-10
8.84367e-10
9.09924e-10
9.39736e-10
9.7379e-10
1.01202e-09
1.05428e-09
1.1004e-09
1.15009e-09
1.20301e-09
1.25873e-09
1.31674e-09
1.37642e-09
1.43704e-09
1.49772e-09
1.55733e-09
1.61437e-09
1.66678e-09
1.7116e-09
1.7446e-09
1.75978e-09
1.75006e-09
1.7059e-09
1.61716e-09
1.47971e-09
1.29696e-09
1.08456e-09
8.6972e-10
6.83774e-10
5.49124e-10
4.78215e-10
4.68702e-10
5.68023e-10
1.12614e-09
5.90923e-09
2.80929e-09
1.98304e-09
1.63072e-09
1.45348e-09
1.35986e-09
1.3129e-09
1.29478e-09
1.29514e-09
1.30741e-09
1.32604e-09
1.34561e-09
1.36395e-09
1.38007e-09
1.39362e-09
1.40324e-09
1.40891e-09
1.4104e-09
1.40788e-09
1.40147e-09
1.3912e-09
1.37766e-09
1.36143e-09
1.34315e-09
1.32348e-09
1.30304e-09
1.28243e-09
1.26218e-09
1.24281e-09
1.22474e-09
1.20839e-09
1.19407e-09
1.18209e-09
1.17269e-09
1.16609e-09
1.1625e-09
1.16213e-09
1.1644e-09
1.17008e-09
1.17939e-09
1.19215e-09
1.20839e-09
1.22809e-09
1.25123e-09
1.27772e-09
1.30745e-09
1.34023e-09
1.37585e-09
1.41401e-09
1.45436e-09
1.49648e-09
1.5399e-09
1.58407e-09
1.62841e-09
1.67226e-09
1.71495e-09
1.75567e-09
1.79348e-09
1.82708e-09
1.85462e-09
1.87323e-09
1.87828e-09
1.86502e-09
1.82362e-09
1.74291e-09
1.61491e-09
1.43586e-09
1.21342e-09
9.7098e-10
7.44855e-10
5.6952e-10
4.68058e-10
4.43644e-10
5.32799e-10
1.05646e-09
5.98898e-09
2.83359e-09
1.98356e-09
1.61676e-09
1.43296e-09
1.34094e-09
1.30284e-09
1.29771e-09
1.314e-09
1.34544e-09
1.38685e-09
1.43463e-09
1.48519e-09
1.53589e-09
1.58517e-09
1.63129e-09
1.67318e-09
1.71015e-09
1.74184e-09
1.76799e-09
1.78866e-09
1.8041e-09
1.81475e-09
1.82111e-09
1.82374e-09
1.8233e-09
1.82059e-09
1.81572e-09
1.80952e-09
1.80252e-09
1.79522e-09
1.78807e-09
1.78142e-09
1.77563e-09
1.77103e-09
1.76789e-09
1.76646e-09
1.76676e-09
1.76869e-09
1.77289e-09
1.77927e-09
1.78777e-09
1.79836e-09
1.81098e-09
1.82552e-09
1.84182e-09
1.85968e-09
1.87884e-09
1.89898e-09
1.91974e-09
1.9407e-09
1.96139e-09
1.98133e-09
2.00003e-09
2.01698e-09
2.03165e-09
2.04349e-09
2.05183e-09
2.05578e-09
2.05444e-09
2.04675e-09
2.0288e-09
1.99625e-09
1.943e-09
1.85986e-09
1.7362e-09
1.56341e-09
1.33902e-09
1.07814e-09
8.1647e-10
5.97061e-10
4.55672e-10
4.07311e-10
4.79602e-10
9.52009e-10
6.15783e-09
2.89329e-09
2.00653e-09
1.6279e-09
1.44767e-09
1.36976e-09
1.35257e-09
1.37666e-09
1.43128e-09
1.50743e-09
1.59875e-09
1.70033e-09
1.80773e-09
1.91725e-09
2.02601e-09
2.13148e-09
2.23168e-09
2.32534e-09
2.41188e-09
2.48945e-09
2.55777e-09
2.61695e-09
2.66726e-09
2.7091e-09
2.74289e-09
2.76914e-09
2.78852e-09
2.8016e-09
2.80904e-09
2.81164e-09
2.81027e-09
2.80555e-09
2.79744e-09
2.78696e-09
2.77463e-09
2.76092e-09
2.74622e-09
2.73087e-09
2.71513e-09
2.69929e-09
2.68355e-09
2.66805e-09
2.65287e-09
2.63805e-09
2.62357e-09
2.60936e-09
2.59531e-09
2.58124e-09
2.56695e-09
2.55215e-09
2.53655e-09
2.51981e-09
2.50159e-09
2.48152e-09
2.45923e-09
2.43438e-09
2.40659e-09
2.37545e-09
2.34046e-09
2.30095e-09
2.25585e-09
2.20331e-09
2.14047e-09
2.06312e-09
1.96379e-09
1.83258e-09
1.65847e-09
1.43654e-09
1.17217e-09
8.88146e-10
6.29191e-10
4.42799e-10
3.60837e-10
4.06165e-10
8.0638e-10
6.18949e-09
2.89086e-09
2.00817e-09
1.65591e-09
1.51796e-09
1.49331e-09
1.54233e-09
1.64428e-09
1.78533e-09
1.95511e-09
2.14536e-09
2.34868e-09
2.55859e-09
2.76985e-09
2.97928e-09
3.18196e-09
3.37371e-09
3.55131e-09
3.7121e-09
3.85549e-09
3.98118e-09
4.08915e-09
4.17961e-09
4.25314e-09
4.31054e-09
4.35241e-09
4.38e-09
4.39425e-09
4.39563e-09
4.3882e-09
4.37023e-09
4.34293e-09
4.30814e-09
4.26684e-09
4.21999e-09
4.16847e-09
4.11306e-09
4.05449e-09
3.99341e-09
3.9304e-09
3.86593e-09
3.80043e-09
3.73421e-09
3.66753e-09
3.60057e-09
3.53347e-09
3.46628e-09
3.39904e-09
3.33172e-09
3.26424e-09
3.1965e-09
3.12834e-09
3.05958e-09
2.99e-09
2.91937e-09
2.84742e-09
2.77386e-09
2.69837e-09
2.62052e-09
2.53971e-09
2.45505e-09
2.3651e-09
2.26743e-09
2.15789e-09
2.03156e-09
1.88164e-09
1.69993e-09
1.4794e-09
1.21942e-09
9.33198e-10
6.54105e-10
4.30343e-10
3.06978e-10
3.139e-10
6.19406e-10
5.74203e-09
2.70253e-09
1.95633e-09
1.74141e-09
1.74145e-09
1.87089e-09
2.08579e-09
2.36106e-09
2.67909e-09
3.0262e-09
3.3929e-09
3.76599e-09
4.13396e-09
4.48781e-09
4.81957e-09
5.12518e-09
5.402e-09
5.64811e-09
5.86234e-09
6.04437e-09
6.19444e-09
6.31333e-09
6.40228e-09
6.46343e-09
6.49922e-09
6.5094e-09
6.49982e-09
6.47111e-09
6.42137e-09
6.3559e-09
6.27642e-09
6.18468e-09
6.08246e-09
5.97141e-09
5.85304e-09
5.72876e-09
5.59981e-09
5.46733e-09
5.33233e-09
5.19567e-09
5.05812e-09
4.92038e-09
4.783e-09
4.64647e-09
4.51119e-09
4.37747e-09
4.24557e-09
4.11573e-09
3.98811e-09
3.86279e-09
3.73974e-09
3.61883e-09
3.49986e-09
3.38257e-09
3.26671e-09
3.15192e-09
3.03784e-09
2.92402e-09
2.80989e-09
2.69476e-09
2.57767e-09
2.45728e-09
2.33164e-09
2.19791e-09
2.05207e-09
1.88868e-09
1.70079e-09
1.48165e-09
1.22813e-09
9.47261e-10
6.63389e-10
4.16896e-10
2.51173e-10
2.07505e-10
3.95736e-10
4.078e-09
2.09998e-09
1.88172e-09
2.09202e-09
2.4828e-09
2.96973e-09
3.50967e-09
4.07507e-09
4.6454e-09
5.20467e-09
5.73825e-09
6.23857e-09
6.70055e-09
7.12024e-09
7.49481e-09
7.823e-09
8.10465e-09
8.34032e-09
8.53119e-09
8.67887e-09
8.78522e-09
8.85197e-09
8.88112e-09
8.87759e-09
8.85151e-09
8.7932e-09
8.70761e-09
8.59978e-09
8.47182e-09
8.32625e-09
8.16548e-09
7.99182e-09
7.80744e-09
7.61438e-09
7.41454e-09
7.20964e-09
7.00126e-09
6.7908e-09
6.57951e-09
6.36844e-09
6.15854e-09
5.95061e-09
5.74534e-09
5.54335e-09
5.34514e-09
5.15109e-09
4.96146e-09
4.7776e-09
4.59924e-09
4.4259e-09
4.25718e-09
4.0927e-09
3.9321e-09
3.775e-09
3.62096e-09
3.46951e-09
3.32009e-09
3.17208e-09
3.02472e-09
2.87714e-09
2.72827e-09
2.57677e-09
2.42089e-09
2.25831e-09
2.08593e-09
1.89967e-09
1.69469e-09
1.46601e-09
1.21091e-09
9.3435e-10
6.54608e-10
4.03578e-10
2.16676e-10
1.18094e-10
1.58565e-10
7.11199e-10
1.30185e-09
2.67433e-09
4.06101e-09
5.38838e-09
6.62652e-09
7.77319e-09
8.83587e-09
9.82178e-09
1.0736e-08
1.15807e-08
1.2356e-08
1.30605e-08
1.36922e-08
1.42501e-08
1.47343e-08
1.51451e-08
1.54832e-08
1.57497e-08
1.59464e-08
1.60755e-08
1.61369e-08
1.61324e-08
1.60922e-08
1.59957e-08
1.58441e-08
1.56497e-08
1.54165e-08
1.51488e-08
1.48507e-08
1.45266e-08
1.41807e-08
1.38171e-08
1.34395e-08
1.30515e-08
1.26562e-08
1.22564e-08
1.18548e-08
1.14536e-08
1.10546e-08
1.06593e-08
1.02693e-08
9.88564e-09
9.50945e-09
9.14158e-09
8.78242e-09
8.43261e-09
8.09749e-09
7.77294e-09
7.45688e-09
7.14825e-09
6.84632e-09
6.55038e-09
6.25969e-09
5.9734e-09
5.69055e-09
5.41005e-09
5.13069e-09
4.85111e-09
4.5698e-09
4.28503e-09
3.9948e-09
3.69677e-09
3.38809e-09
3.06544e-09
2.72507e-09
2.36357e-09
1.97965e-09
1.57782e-09
1.17317e-09
7.93775e-10
4.74732e-10
2.42361e-10
9.78066e-11
5.24964e-11
)
;

boundaryField
{
    movingWall
    {
        type            epsilonWallFunction;
        value           nonuniform List<scalar> 
75
(
7.11199e-10
1.30185e-09
2.67433e-09
4.06101e-09
5.38838e-09
6.62652e-09
7.77319e-09
8.83587e-09
9.82178e-09
1.0736e-08
1.15807e-08
1.2356e-08
1.30605e-08
1.36922e-08
1.42501e-08
1.47343e-08
1.51451e-08
1.54832e-08
1.57497e-08
1.59464e-08
1.60755e-08
1.61369e-08
1.61324e-08
1.60922e-08
1.59957e-08
1.58441e-08
1.56497e-08
1.54165e-08
1.51488e-08
1.48507e-08
1.45266e-08
1.41807e-08
1.38171e-08
1.34395e-08
1.30515e-08
1.26562e-08
1.22564e-08
1.18548e-08
1.14536e-08
1.10546e-08
1.06593e-08
1.02693e-08
9.88564e-09
9.50945e-09
9.14158e-09
8.78242e-09
8.43261e-09
8.09749e-09
7.77294e-09
7.45688e-09
7.14825e-09
6.84632e-09
6.55038e-09
6.25969e-09
5.9734e-09
5.69055e-09
5.41005e-09
5.13069e-09
4.85111e-09
4.5698e-09
4.28503e-09
3.9948e-09
3.69677e-09
3.38809e-09
3.06544e-09
2.72507e-09
2.36357e-09
1.97965e-09
1.57782e-09
1.17317e-09
7.93775e-10
4.74732e-10
2.42361e-10
9.78066e-11
5.24964e-11
)
;
    }
    fixedWalls
    {
        type            epsilonWallFunction;
        value           nonuniform List<scalar> 
225
(
1.60089e-11
1.0823e-10
2.40564e-10
3.97605e-10
5.72e-10
7.58982e-10
9.54957e-10
1.157e-09
1.36261e-09
1.56963e-09
1.77617e-09
1.98058e-09
2.18147e-09
2.37768e-09
2.56831e-09
2.75271e-09
2.93052e-09
3.10166e-09
3.26638e-09
3.4252e-09
3.57897e-09
3.72887e-09
3.87635e-09
4.02319e-09
4.17142e-09
4.32332e-09
4.48139e-09
4.64828e-09
4.82675e-09
5.01964e-09
5.22973e-09
5.45973e-09
5.71215e-09
5.98915e-09
6.29251e-09
6.62339e-09
6.98222e-09
7.3685e-09
7.78061e-09
8.21563e-09
8.66915e-09
9.13515e-09
9.60591e-09
1.0072e-08
1.05226e-08
1.09456e-08
1.13281e-08
1.16572e-08
1.19206e-08
1.21074e-08
1.22095e-08
1.22221e-08
1.21539e-08
1.19875e-08
1.17282e-08
1.139e-08
1.09844e-08
1.05239e-08
1.0022e-08
9.49255e-09
8.94934e-09
8.406e-09
7.87542e-09
7.37088e-09
6.90705e-09
6.502e-09
6.17994e-09
5.97163e-09
5.90923e-09
5.98898e-09
6.15783e-09
6.18949e-09
5.74203e-09
4.078e-09
7.11199e-10
1.67689e-11
1.13393e-10
2.52212e-10
4.17303e-10
6.01191e-10
7.99083e-10
1.00738e-09
1.22309e-09
1.44364e-09
1.66666e-09
1.88997e-09
2.11149e-09
2.32923e-09
2.54126e-09
2.74571e-09
2.94073e-09
3.12451e-09
3.29525e-09
3.4512e-09
3.59062e-09
3.71184e-09
3.81321e-09
3.89316e-09
3.95023e-09
3.98308e-09
3.99053e-09
3.97177e-09
3.92569e-09
3.85175e-09
3.74992e-09
3.62051e-09
3.4643e-09
3.28263e-09
3.0775e-09
2.85167e-09
2.60867e-09
2.35293e-09
2.08969e-09
1.825e-09
1.56551e-09
1.31817e-09
1.08987e-09
8.86866e-10
7.14244e-10
5.75384e-10
4.71587e-10
4.01966e-10
3.63734e-10
3.51831e-10
3.61107e-10
3.8719e-10
4.25931e-10
4.73976e-10
5.28871e-10
5.88891e-10
6.52771e-10
7.19425e-10
7.8775e-10
8.5648e-10
9.24115e-10
9.88872e-10
1.04867e-09
1.10115e-09
1.14354e-09
1.16879e-09
1.17591e-09
1.16506e-09
1.12614e-09
1.05646e-09
9.52009e-10
8.0638e-10
6.19406e-10
3.95736e-10
1.58565e-10
5.24964e-11
1.60089e-11
3.02308e-11
6.40855e-11
1.04505e-10
1.50046e-10
1.99617e-10
2.52424e-10
3.07856e-10
3.65411e-10
4.24655e-10
4.85202e-10
5.46693e-10
6.08796e-10
6.71194e-10
7.33586e-10
7.95683e-10
8.57205e-10
9.17886e-10
9.77466e-10
1.0357e-09
1.09234e-09
1.14716e-09
1.19994e-09
1.25046e-09
1.29854e-09
1.34398e-09
1.3866e-09
1.42624e-09
1.46274e-09
1.49596e-09
1.52577e-09
1.55205e-09
1.5747e-09
1.59363e-09
1.60877e-09
1.62004e-09
1.62741e-09
1.63084e-09
1.63032e-09
1.62583e-09
1.61739e-09
1.60501e-09
1.58874e-09
1.56864e-09
1.54477e-09
1.51722e-09
1.48607e-09
1.45146e-09
1.4135e-09
1.37233e-09
1.3281e-09
1.281e-09
1.23119e-09
1.17887e-09
1.12424e-09
1.06754e-09
1.00898e-09
9.48818e-10
8.87303e-10
8.24705e-10
7.61304e-10
6.97395e-10
6.33285e-10
5.69297e-10
5.05771e-10
4.43068e-10
3.81575e-10
3.21717e-10
2.63963e-10
2.08857e-10
1.57062e-10
1.09429e-10
6.71207e-11
3.16663e-11
1.67689e-11
)
;
    }
    frontAndBack
    {
        type            empty;
    }
}


// ************************************************************************* //
