/*--------------------------------*- C++ -*----------------------------------*\
  =========                 |
  \\      /  F ield         | OpenFOAM: The Open Source CFD Toolbox
   \\    /   O peration     | Website:  https://openfoam.org
    \\  /    A nd           | Version:  12
     \\/     M anipulation  |
\*---------------------------------------------------------------------------*/
FoamFile
{
    format      ascii;
    class       volScalarField;
    location    "5.5";
    object      p;
}
// * * * * * * * * * * * * * * * * * * * * * * * * * * * * * * * * * * * * * //

dimensions      [0 2 -2 0 0 0 0];

internalField   nonuniform List<scalar> 
5625
(
1.08334e-08
-1.83165e-05
-9.32957e-05
-0.00022768
-0.000405865
-0.000612877
-0.000836212
-0.00106541
-0.00129196
-0.00150911
-0.00171162
-0.00189545
-0.00205759
-0.00219579
-0.00230843
-0.00239436
-0.00245276
-0.00248308
-0.00248494
-0.00245811
-0.00240243
-0.00231783
-0.00220428
-0.00206184
-0.00189063
-0.00169088
-0.00146291
-0.00120721
-0.000924432
-0.000615423
-0.000281269
7.66898e-05
0.000456833
0.000857241
0.00127568
0.00170958
0.00215605
0.00261192
0.00307375
0.00353769
0.00399978
0.0044558
0.00490141
0.00533219
0.00574369
0.00613152
0.00649144
0.00681939
0.00711166
0.00736488
0.00757617
0.00774319
0.00786418
0.00793807
0.0079645
0.00794385
0.0078773
0.00776681
0.00761511
0.00742572
0.00720293
0.00695171
0.00667776
0.00638737
0.00608745
0.00578546
0.00548935
0.00520749
0.00494863
0.00472169
0.00453546
0.00439805
0.00431636
0.00429277
0.00430792
1.8189e-05
-2.2414e-07
-6.70833e-05
-0.000185086
-0.000341058
-0.000522604
-0.000719284
-0.000922153
-0.00112371
-0.00131782
-0.0014996
-0.00166521
-0.00181167
-0.00193673
-0.00203869
-0.00211629
-0.00216863
-0.00219503
-0.00219503
-0.0021683
-0.00211462
-0.00203385
-0.00192594
-0.00179091
-0.00162885
-0.00143997
-0.0012246
-0.000983194
-0.000716394
-0.000425023
-0.000110124
0.000227017
0.000584852
0.000961553
0.001355
0.00176276
0.00218212
0.00261012
0.00304347
0.00347859
0.00391178
0.00433911
0.00475652
0.0051599
0.00554512
0.0059081
0.00624492
0.00655183
0.00682542
0.00706258
0.0072607
0.00741764
0.00753184
0.00760236
0.00762894
0.007612
0.00755272
0.00745297
0.0073154
0.00714332
0.00694077
0.00671245
0.00646364
0.00620021
0.00592855
0.0056555
0.00538827
0.00513439
0.0049016
0.00469763
0.00452991
0.0044052
0.00432971
0.00430756
0.00432295
9.3436e-05
6.63672e-05
-1.0478e-06
-0.000109709
-0.000249252
-0.000410045
-0.000583753
-0.000763013
-0.000941463
-0.00111377
-0.00127555
-0.00142328
-0.00155417
-0.00166603
-0.00175718
-0.00182633
-0.00187252
-0.00189501
-0.00189325
-0.00186686
-0.00181555
-0.00173914
-0.0016375
-0.00151064
-0.00135861
-0.0011816
-0.000979885
-0.000753909
-0.000504261
-0.00023172
6.27313e-05
0.000377882
0.000712276
0.0010642
0.00143165
0.00181238
0.00220384
0.00260326
0.00300754
0.0034134
0.00381736
0.00421578
0.00460488
0.00498084
0.00533983
0.00567809
0.00599197
0.00627803
0.0065331
0.00675437
0.00693942
0.00708631
0.00719366
0.00726065
0.00728709
0.00727346
0.00722088
0.00713118
0.00700687
0.00685108
0.00666761
0.00646083
0.00623565
0.00599749
0.0057522
0.00550597
0.0052653
0.00503687
0.00482743
0.00464361
0.00449169
0.00437733
0.00430643
0.00428495
0.00429986
0.000229465
0.000184829
0.000106228
-3.64298e-06
-0.000137397
-0.000287699
-0.000447865
-0.000611874
-0.000774439
-0.00093104
-0.0010779
-0.00121192
-0.00133061
-0.00143197
-0.00151442
-0.00157676
-0.00161803
-0.0016375
-0.00163461
-0.00160893
-0.00156015
-0.00148803
-0.00139244
-0.0012733
-0.00113065
-0.000964616
-0.000775441
-0.000563505
-0.000329339
-7.36543e-05
0.000202645
0.000498438
0.00081237
0.00114284
0.00148799
0.0018457
0.00221359
0.00258905
0.00296917
0.00335087
0.00373088
0.00410576
0.00447196
0.00482587
0.00516389
0.00548246
0.00577815
0.00604772
0.0062882
0.00649692
0.00667163
0.00681053
0.00691232
0.00697626
0.00700221
0.00699065
0.00694269
0.00686007
0.0067452
0.00660107
0.00643125
0.00623986
0.00603151
0.00581123
0.00558443
0.0053568
0.00513421
0.0049227
0.00472825
0.00455674
0.00441368
0.00430415
0.00423388
0.00420949
0.00421988
0.000411827
0.00034284
0.000245063
0.000126351
-9.09852e-06
-0.000156111
-0.0003094
-0.000464137
-0.000616051
-0.000761442
-0.000897175
-0.00102064
-0.00112972
-0.00122268
-0.00129814
-0.00135501
-0.00139244
-0.00140972
-0.00140633
-0.00138183
-0.00133589
-0.00126826
-0.00117874
-0.00106724
-0.000933728
-0.000778283
-0.000601083
-0.000402438
-0.000182804
5.71947e-05
0.000316747
0.000594834
0.000890213
0.0012014
0.00152668
0.00186407
0.00221133
0.00256598
0.00292532
0.00328642
0.00364616
0.00400128
0.0043484
0.00468408
0.00500487
0.00530738
0.0055883
0.00584455
0.00607327
0.0062719
0.00643829
0.00657071
0.00666791
0.0067292
0.00675444
0.00674411
0.00669927
0.00662161
0.00651342
0.00637756
0.00621745
0.00603696
0.00584046
0.00563265
0.00541857
0.00520347
0.00499275
0.00479187
0.00460624
0.00444112
0.00430147
0.00419193
0.00411777
0.00408512
0.00408539
0.000626479
0.000528621
0.000406198
0.000273202
0.000130647
-1.8341e-05
-0.000169713
-0.000319717
-0.000465041
-0.000602786
-0.000730471
-0.000846013
-0.000947692
-0.0010341
-0.00110411
-0.0011568
-0.00119142
-0.00120738
-0.00120418
-0.00118141
-0.00113873
-0.00107588
-0.000992634
-0.000888843
-0.000764428
-0.000619395
-0.00045385
-0.000268021
-6.2273e-05
0.000162869
0.000406698
0.00066831
0.000946583
0.00124016
0.00154745
0.00186661
0.00219555
0.00253193
0.00287317
0.0032165
0.00355894
0.00389735
0.00422849
0.00454905
0.00485567
0.00514508
0.00541407
0.00565962
0.00587896
0.00606958
0.00622938
0.00635665
0.00645017
0.00650924
0.00653373
0.00652405
0.00648125
0.00640694
0.00630331
0.0061731
0.00601958
0.00584644
0.00565782
0.00545816
0.00525217
0.00504476
0.0048409
0.0046456
0.00446379
0.00430021
0.00415936
0.00404544
0.00396304
0.00391714
0.00390237
0.00086138
0.000731921
0.000581256
0.000430038
0.000276259
0.000121159
-3.2301e-05
-0.000181339
-0.00032353
-0.000456744
-0.000579143
-0.000689175
-0.000785553
-0.000867221
-0.000933311
-0.000983114
-0.00101604
-0.00103159
-0.00102935
-0.00100893
-0.000970027
-0.000912336
-0.000835618
-0.000739673
-0.00062436
-0.000489613
-0.000335455
-0.000162017
3.04374e-05
0.000241492
0.000470557
0.00071685
0.000979375
0.00125691
0.00154799
0.00185091
0.0021637
0.00248416
0.00280983
0.00313807
0.00346599
0.00379058
0.00410867
0.00441704
0.00471241
0.00499155
0.00525132
0.00548872
0.00570099
0.00588566
0.00604061
0.00616412
0.00625496
0.00631241
0.00633626
0.00632692
0.00628535
0.00621308
0.00611223
0.00598543
0.0058358
0.0056669
0.00548266
0.00528732
0.00508533
0.00488128
0.00467983
0.00448561
0.00430314
0.00413674
0.00399051
0.00386826
0.00377378
0.00371058
0.00367711
0.00110593
0.000943454
0.000762345
0.000590166
0.000422113
0.000257713
9.89783e-05
-5.21757e-05
-0.000194143
-0.000325514
-0.000445072
-0.000551791
-0.000644823
-0.000723469
-0.000787151
-0.000835383
-0.000867748
-0.000883874
-0.000883419
-0.000866059
-0.000831486
-0.000779406
-0.00070954
-0.000621642
-0.000515505
-0.000390981
-0.000248
-8.65914e-05
9.30934e-05
0.000290759
0.00050594
0.000737985
0.00098603
0.00124899
0.00152552
0.00181405
0.00211274
0.0024195
0.002732
0.00304766
0.00336372
0.00367722
0.00398506
0.00428405
0.00457097
0.00484258
0.00509577
0.00532751
0.00553503
0.00571582
0.00586772
0.00598896
0.00607826
0.00613483
0.0061584
0.0061493
0.00610843
0.00603723
0.00593773
0.00581247
0.00566444
0.00549708
0.00531418
0.00511978
0.00491814
0.00471362
0.0045106
0.00431343
0.00412629
0.00395318
0.00379786
0.00366378
0.00355396
0.00347034
0.00341561
0.00135086
0.00115481
0.000942062
0.000747137
0.00056265
0.000386582
0.000220114
6.43885e-05
-7.9739e-05
-0.000211535
-0.000330371
-0.000435733
-0.000527202
-0.000604441
-0.000667164
-0.000715121
-0.000748073
-0.000765782
-0.000767997
-0.000754448
-0.000724848
-0.000678896
-0.000616283
-0.00053671
-0.0004399
-0.000325616
-0.00019369
-4.40386e-05
0.000123309
0.000308183
0.000510255
0.000729008
0.000963714
0.00121342
0.00147693
0.00175278
0.00203927
0.0023344
0.00263593
0.00294139
0.00324807
0.00355305
0.00385329
0.0041456
0.00442675
0.0046935
0.00494268
0.00517124
0.00537632
0.00555535
0.00570608
0.00582666
0.00591571
0.00597235
0.00599622
0.00598756
0.00594716
0.00587639
0.00577718
0.00565197
0.00550366
0.00533559
0.00515141
0.00495504
0.00475057
0.0045422
0.00433411
0.00413042
0.00393507
0.00375179
0.00358409
0.00343517
0.00330729
0.00320091
0.00312319
0.00158799
0.0013584
0.00111352
0.00089479
0.000692418
0.000502983
0.000326936
0.000164721
1.65075e-05
-0.000117599
-0.000237529
-0.000343254
-0.000434773
-0.000512102
-0.000575247
-0.000624189
-0.000658875
-0.000679199
-0.000685004
-0.000676076
-0.00065215
-0.000612916
-0.000558034
-0.000487146
-0.000399899
-0.000295964
-0.000175064
-3.69954e-05
0.00011834
0.000290912
0.000480529
0.000686819
0.000909196
0.00114685
0.0013987
0.00166344
0.00193945
0.00222485
0.0025175
0.00281497
0.0031146
0.00341352
0.00370869
0.00399691
0.00427491
0.0045394
0.00478714
0.00501498
0.00521999
0.00539945
0.005551
0.00567269
0.00576297
0.00582086
0.00584587
0.00583812
0.00579829
0.00572765
0.00562804
0.00550178
0.00535172
0.00518108
0.00499343
0.00479259
0.00458256
0.00436739
0.00415113
0.00393776
0.00373105
0.00353456
0.00335161
0.00318523
0.00303703
0.00290611
0.00280423
0.00181005
0.00154733
0.00127033
0.00102727
0.000806108
0.000602141
0.000415167
0.000244996
9.11656e-05
-4.68057e-05
-0.000169371
-0.000276964
-0.000369985
-0.000448786
-0.000513657
-0.000564809
-0.000602363
-0.000626348
-0.000636697
-0.000633249
-0.000615758
-0.000583904
-0.000537308
-0.00047555
-0.000398195
-0.000304814
-0.000195014
-6.84644e-05
7.50709e-05
0.000235704
0.000413395
0.000607917
0.000818834
0.00104548
0.00128691
0.00154193
0.00180906
0.00208649
0.00237216
0.00266372
0.00295852
0.00325373
0.00354626
0.0038329
0.00411032
0.00437513
0.004624
0.00485366
0.00506101
0.00524322
0.00539775
0.00552247
0.0056157
0.00567627
0.00570354
0.00569749
0.00565867
0.00558822
0.00548786
0.00535986
0.00520694
0.00503228
0.00483937
0.00463196
0.00441399
0.00418945
0.00396232
0.00373648
0.00351562
0.00330319
0.00310245
0.00291634
0.00274592
0.00258905
0.00246219
0.00201049
0.00171528
0.00140652
0.001139
0.000898574
0.000679334
0.000480488
0.000301268
0.00014062
-2.48278e-06
-0.000128986
-0.000239759
-0.000335581
-0.000417129
-0.00048496
-0.000539502
-0.000581047
-0.00060975
-0.000625627
-0.000628565
-0.000618332
-0.00059459
-0.000556917
-0.000504825
-0.000437789
-0.000355274
-0.000256761
-0.000141786
-9.96767e-06
0.00013896
0.00030511
0.000488414
0.00068859
0.000905114
0.0011372
0.00138376
0.00164342
0.0019145
0.00219498
0.00248256
0.00277464
0.00306836
0.00336062
0.00364815
0.00392752
0.00419526
0.00444787
0.00468193
0.00489419
0.0050816
0.00524144
0.00537136
0.00546949
0.00553444
0.00556541
0.00556218
0.00552514
0.0054553
0.00535426
0.00522417
0.0050677
0.00488793
0.00468834
0.00447263
0.00424473
0.00400859
0.0037682
0.00352741
0.00328991
0.00305912
0.00283832
0.00263044
0.00243614
0.00225214
0.00209963
0.0021833
0.00185642
0.0015165
0.00122468
0.000964838
0.000729916
0.000518578
0.000329517
0.000161128
1.18697e-05
-0.000119667
-0.000234763
-0.000334554
-0.000420023
-0.000491979
-0.000551055
-0.000597701
-0.000632187
-0.000654605
-0.000664882
-0.00066279
-0.000647969
-0.000619943
-0.000578151
-0.000521969
-0.000450746
-0.000363834
-0.000260624
-0.000140579
-3.27414e-06
0.000151568
0.000324044
0.000514033
0.000721167
0.000944798
0.00118398
0.00143746
0.00170362
0.00198055
0.00226597
0.00255731
0.0028517
0.00314599
0.00343683
0.0037207
0.00399397
0.004253
0.00449417
0.00471402
0.00490927
0.00507696
0.0052145
0.00531976
0.00539112
0.00542755
0.00542862
0.00539452
0.00532609
0.00522479
0.00509268
0.00493232
0.00474676
0.00453943
0.00431405
0.00407454
0.00382491
0.00356917
0.00331124
0.00305485
0.00280351
0.00256058
0.00232909
0.00210937
0.00189715
0.00171837
0.00232292
0.0019653
0.00159498
0.00127926
0.00100009
0.000749338
0.000525144
0.000325696
0.000148867
-7.36941e-06
-0.000144862
-0.000265278
-0.000370091
-0.000460569
-0.000537757
-0.000602477
-0.000655325
-0.000696673
-0.000726677
-0.000745295
-0.000752294
-0.000747281
-0.000729721
-0.000698967
-0.000654291
-0.000594917
-0.000520056
-0.000428947
-0.000320889
-0.000195288
-5.16927e-05
0.000110168
0.000290343
0.000488628
0.00070453
0.000937241
0.00118562
0.00144816
0.00172302
0.00200797
0.00230045
0.00259756
0.00289611
0.00319266
0.00348357
0.00376505
0.00403325
0.00428436
0.00451465
0.00472058
0.00489891
0.00504676
0.0051617
0.00524185
0.00528587
0.00529309
0.00526347
0.00519766
0.00509696
0.00496328
0.0047991
0.00460744
0.00439169
0.0041556
0.00390315
0.00363841
0.00336551
0.00308848
0.00281119
0.00253728
0.00227028
0.00201344
0.00176684
0.00152529
0.00131956
0.00242411
0.00203677
0.00163696
0.00129791
0.000999697
0.000733158
0.000495947
0.000285761
9.99758e-05
-6.38991e-05
-0.000208127
-0.000334741
-0.000445534
-0.000542037
-0.000625516
-0.000696967
-0.000757114
-0.000806419
-0.000845092
-0.000873106
-0.000890217
-0.000895987
-0.000889812
-0.00087095
-0.00083856
-0.000791732
-0.000729526
-0.000651018
-0.000555335
-0.000441702
-0.000309482
-0.00015822
1.2315e-05
0.000202092
0.000410783
0.000637729
0.000881916
0.00114195
0.00141606
0.00170207
0.00199744
0.00229925
0.00260424
0.00290888
0.00320938
0.00350178
0.00378202
0.00404603
0.0042898
0.00450948
0.00470151
0.00486268
0.00499021
0.00508186
0.00513601
0.00515166
0.00512851
0.00506697
0.00496813
0.00483376
0.00466626
0.00446856
0.00424408
0.0039966
0.00373017
0.00344901
0.00315739
0.00285952
0.00255947
0.00226111
0.00196823
0.00168433
0.00140937
0.00113728
0.000903785
0.00248195
0.00206597
0.00163769
0.001276
0.000959172
0.000677055
0.000426824
0.000205701
1.05862e-05
-0.000161456
-0.000313085
-0.000446681
-0.000564333
-0.000667822
-0.000758617
-0.000837869
-0.000906417
-0.0009648
-0.00101327
-0.0010518
-0.00108012
-0.00109774
-0.00110398
-0.00109799
-0.00107881
-0.00104538
-0.000996597
-0.000931371
-0.000848642
-0.000747441
-0.000626936
-0.000486474
-0.000325628
-0.000144241
5.75353e-05
0.000279205
0.000519897
0.000778337
0.00105284
0.00134129
0.00164117
0.00194953
0.00226307
0.00257815
0.00289081
0.00319692
0.00349216
0.00377219
0.00403268
0.00426945
0.00447854
0.00465636
0.00479975
0.00490607
0.00497331
0.00500012
0.00498589
0.00493072
0.00483549
0.00470178
0.00453187
0.00432864
0.00409549
0.00383628
0.00355517
0.00325654
0.00294486
0.00262461
0.0023001
0.00197552
0.00165497
0.00134233
0.00103746
0.000733497
0.000471212
0.00249176
0.00204829
0.00159265
0.0012091
0.000874206
0.000576841
0.000313706
8.15676e-05
-0.00012314
-0.000303778
-0.000463385
-0.000604672
-0.000730008
-0.000841405
-0.000940517
-0.00102864
-0.0011067
-0.00117532
-0.00123475
-0.00128498
-0.0013257
-0.00135635
-0.00137616
-0.00138416
-0.00137926
-0.00136024
-0.00132585
-0.00127478
-0.0012058
-0.00111772
-0.0010095
-0.00088028
-0.000729418
-0.000556553
-0.000361643
-0.000145003
9.26528e-05
0.000350188
0.000626021
0.000918111
0.00122396
0.00154063
0.00186474
0.00219255
0.00251996
0.0028426
0.00315592
0.00345526
0.00373594
0.00399337
0.00422321
0.00442141
0.00458434
0.00470892
0.0047927
0.0048339
0.00483154
0.00478537
0.004696
0.00456479
0.00439386
0.00418603
0.0039447
0.00367379
0.00337761
0.00306074
0.00272792
0.00238391
0.00203339
0.00168087
0.00133092
0.000987798
0.000651362
0.00031397
2.1648e-05
0.00244905
0.00197932
0.00149749
0.00109298
0.000740658
0.000428466
0.000152639
-9.0504e-05
-0.000304982
-0.000494569
-0.000662667
-0.000812302
-0.000946105
-0.00106631
-0.00117473
-0.00127279
-0.00136152
-0.00144156
-0.0015132
-0.00157639
-0.00163079
-0.00167575
-0.00171041
-0.00173367
-0.00174429
-0.0017409
-0.00172204
-0.00168623
-0.00163202
-0.00155799
-0.00146289
-0.00134562
-0.00120531
-0.00104138
-0.00085356
-0.000641979
-0.000407164
-0.000150095
0.00012777
0.000424483
0.000737594
0.00106416
0.00140077
0.00174355
0.00208827
0.00243033
0.00276491
0.003087
0.00339154
0.00367353
0.00392814
0.00415081
0.00433741
0.00448433
0.00458861
0.00464799
0.004661
0.00462703
0.00454632
0.00441998
0.00424995
0.00403894
0.00379035
0.00350817
0.00319689
0.00286131
0.00250648
0.00213752
0.00175953
0.00137745
0.000996315
0.00062092
0.000251128
-0.00012147
-0.000445341
0.00234958
0.00185487
0.00134812
0.000923594
0.000554564
0.00022804
-6.01945e-05
-0.000314265
-0.000538631
-0.000737466
-0.000914523
-0.00107313
-0.00121616
-0.00134605
-0.00146478
-0.00157388
-0.00167444
-0.00176715
-0.0018523
-0.00192981
-0.00199927
-0.00205996
-0.00211088
-0.00215083
-0.0021784
-0.00219204
-0.00219009
-0.00217087
-0.00213269
-0.00207392
-0.00199305
-0.00188873
-0.00175984
-0.00160555
-0.00142537
-0.00121918
-0.00098731
-0.000730557
-0.000450226
-0.000148152
0.000173289
0.000511174
0.000862054
0.00122198
0.00158654
0.00195092
0.00231001
0.00265846
0.00299077
0.00330148
0.00358522
0.00383689
0.00405176
0.00422563
0.00435494
0.00443684
0.00446936
0.00445139
0.00438277
0.00426427
0.00409762
0.00388538
0.00363094
0.00333836
0.00301231
0.00265786
0.0022804
0.0018855
0.00147869
0.00106545
0.000651366
0.000241804
-0.000163301
-0.00057314
-0.000930356
0.00218929
0.00167097
0.00114063
0.000697114
0.000312147
-2.81544e-05
-0.00032846
-0.000593332
-0.00082766
-0.001036
-0.00122246
-0.00139063
-0.00154365
-0.00168412
-0.00181416
-0.00193542
-0.00204903
-0.00215572
-0.00225576
-0.00234903
-0.00243505
-0.002513
-0.00258178
-0.00264002
-0.00268614
-0.00271842
-0.00273499
-0.00273395
-0.00271335
-0.00267133
-0.00260609
-0.00251604
-0.00239977
-0.00225618
-0.00208451
-0.00188439
-0.00165591
-0.00139964
-0.00111672
-0.000808835
-0.000478253
-0.000127851
0.000238909
0.000617999
0.00100486
0.00139447
0.00178141
0.00215994
0.00252414
0.00286801
0.00318562
0.00347124
0.00371948
0.00392545
0.0040849
0.00419434
0.00425116
0.00425367
0.00420123
0.00409422
0.00393406
0.00372314
0.0034648
0.00316317
0.0028231
0.00244996
0.00204955
0.00162788
0.00119104
0.000745082
0.00029624
-0.00014948
-0.000592034
-0.00104142
-0.00143408
0.00196435
0.00142384
0.000871329
0.000409909
9.83303e-06
-0.000343645
-0.000655645
-0.000931158
-0.00117549
-0.00139359
-0.00158986
-0.0017682
-0.00193195
-0.0020839
-0.0022263
-0.00236087
-0.00248881
-0.00261084
-0.00272723
-0.0028378
-0.002942
-0.00303889
-0.00312725
-0.00320556
-0.00327206
-0.00332482
-0.00336177
-0.00338074
-0.00337957
-0.00335608
-0.00330823
-0.0032341
-0.00313201
-0.00300054
-0.00283864
-0.00264564
-0.00242136
-0.00216614
-0.00188086
-0.00156704
-0.0012268
-0.000862958
-0.000478938
-7.88258e-05
0.000332694
0.000750379
0.00116851
0.00158097
0.00198135
0.00236311
0.00271968
0.00304463
0.00333184
0.00357565
0.00377102
0.0039137
0.00400032
0.00402855
0.00399714
0.00390599
0.00375613
0.00354975
0.00329007
0.00298128
0.0026284
0.00223715
0.00181373
0.00136471
0.000896753
0.000416581
-6.88598e-05
-0.000552835
-0.00103516
-0.00152669
-0.00195718
0.00167115
0.00110996
0.000536759
5.85786e-05
-0.000355732
-0.000721751
-0.00104504
-0.00133101
-0.00158538
-0.00181345
-0.00201997
-0.00220907
-0.00238432
-0.00254866
-0.00270448
-0.00285356
-0.00299715
-0.00313597
-0.00327025
-0.00339978
-0.00352389
-0.00364155
-0.00375139
-0.00385173
-0.00394063
-0.00401595
-0.00407538
-0.00411651
-0.00413688
-0.00413406
-0.00410568
-0.00404951
-0.00396353
-0.00384601
-0.00369553
-0.00351113
-0.0032923
-0.00303906
-0.00275206
-0.00243257
-0.00208254
-0.00170465
-0.00130227
-0.000879507
-0.00044115
7.36446e-06
0.000460019
0.000910304
0.00135133
0.00177594
0.00217689
0.00254699
0.0028793
0.00316729
0.00340502
0.00358736
0.00371009
0.00377007
0.00376536
0.00369524
0.00356031
0.00336242
0.00310465
0.0027912
0.00242728
0.00201892
0.00157281
0.00109608
0.000596083
8.02594e-05
-0.000443641
-0.000968077
-0.0014927
-0.00202925
-0.00250029
0.00130633
0.00072605
0.000133713
-0.000360033
-0.000787666
-0.00116556
-0.0014997
-0.00179593
-0.00206036
-0.00229864
-0.00251582
-0.00271629
-0.00290381
-0.0030815
-0.00325183
-0.00341666
-0.00357728
-0.0037344
-0.00388822
-0.00403844
-0.00418433
-0.00432472
-0.00445811
-0.00458264
-0.00469617
-0.00479635
-0.00488063
-0.00494633
-0.00499071
-0.00501102
-0.00500456
-0.00496877
-0.00490125
-0.00479991
-0.00466298
-0.0044891
-0.0042774
-0.00402757
-0.00373994
-0.00341548
-0.00305593
-0.00266377
-0.00224228
-0.00179554
-0.0013284
-0.000846469
-0.000356043
0.000135977
0.000622186
0.00109482
0.00154588
0.00196737
0.00235143
0.00269054
0.00297778
0.00320699
0.00337296
0.00347162
0.00350016
0.00345717
0.00334264
0.00315803
0.00290618
0.00259127
0.00221866
0.00179472
0.00132663
0.000822154
0.000289382
-0.000263442
-0.000827673
-0.00139487
-0.00196449
-0.00254924
-0.00306386
0.000866788
0.000269087
-0.000340755
-0.00084882
-0.00128883
-0.0016779
-0.00202246
-0.00232874
-0.00260323
-0.00285195
-0.00308022
-0.00329268
-0.00349328
-0.00368527
-0.00387125
-0.00405313
-0.00423221
-0.0044092
-0.00458427
-0.00475704
-0.00492668
-0.00509192
-0.00525108
-0.00540213
-0.00554275
-0.00567034
-0.0057821
-0.00587508
-0.00594623
-0.00599248
-0.00601077
-0.00599817
-0.00595189
-0.00586944
-0.00574862
-0.00558767
-0.0053853
-0.00514081
-0.00485413
-0.00452592
-0.00415759
-0.0037514
-0.00331047
-0.00283879
-0.00234123
-0.00182354
-0.00129225
-0.000754658
-0.000218674
0.000307286
0.000814466
0.00129395
0.00173689
0.0021347
0.00247931
0.0027634
0.00298062
0.00312581
0.00319515
0.00318634
0.00309867
0.00293306
0.00269203
0.00237966
0.00200142
0.001564
0.00107511
0.000543196
-2.28568e-05
-0.000613907
-0.00122033
-0.00183268
-0.00245019
-0.00308659
-0.00364814
0.000349733
-0.000263653
-0.0008893
-0.00141039
-0.00186179
-0.00226133
-0.00261585
-0.00293196
-0.00321654
-0.00347592
-0.00371572
-0.00394079
-0.00415528
-0.00436258
-0.00456536
-0.00476561
-0.00496464
-0.00516315
-0.00536126
-0.00555853
-0.00575402
-0.00594633
-0.00613363
-0.00631373
-0.00648407
-0.00664184
-0.00678398
-0.00690724
-0.00700825
-0.0070836
-0.00712984
-0.00714365
-0.00712183
-0.00706143
-0.00695979
-0.0068147
-0.00662439
-0.0063877
-0.00610412
-0.0057739
-0.0053981
-0.00497865
-0.00451844
-0.00402131
-0.0034921
-0.00293662
-0.00236164
-0.00177479
-0.00118449
-0.000599821
-3.03412e-05
0.000514081
0.00102351
0.00148816
0.00189871
0.00224652
0.00252393
0.00272449
0.00284321
0.00287673
0.00282344
0.00268358
0.00245924
0.00215429
0.00177427
0.00132617
0.000818217
0.000259588
-0.000339957
-0.000970299
-0.00162072
-0.00228069
-0.00294914
-0.00364094
-0.00425307
-0.000247327
-0.000874583
-0.00151427
-0.00204706
-0.00250884
-0.00291812
-0.00328212
-0.00360785
-0.00390253
-0.00417281
-0.00442457
-0.0046629
-0.0048921
-0.00511571
-0.00533648
-0.00555645
-0.00577695
-0.00599867
-0.00622167
-0.00644545
-0.00666898
-0.00689071
-0.00710868
-0.00732049
-0.0075234
-0.00771435
-0.00788999
-0.0080468
-0.00818107
-0.008289
-0.00836679
-0.00841065
-0.00841694
-0.00838222
-0.00830335
-0.00817757
-0.00800261
-0.00777677
-0.00749904
-0.00716918
-0.0067878
-0.00635644
-0.00587768
-0.00535514
-0.00479353
-0.00419869
-0.00357753
-0.002938
-0.002289
-0.00164026
-0.00100219
-0.000385644
0.000198261
0.000738461
0.00122421
0.0016454
0.00199287
0.0022587
0.00243649
0.00252162
0.0025114
0.0024052
0.00220451
0.00191289
0.00153583
0.00108061
0.000555987
-2.81244e-05
-0.000661018
-0.0013315
-0.00202765
-0.00273772
-0.00346033
-0.00421155
-0.00487822
-0.000926535
-0.00156578
-0.00221769
-0.00276079
-0.00323193
-0.0036502
-0.00402321
-0.00435832
-0.00466311
-0.00494451
-0.00520868
-0.0054609
-0.00570564
-0.00594657
-0.00618652
-0.00642757
-0.00667109
-0.00691774
-0.00716754
-0.00741992
-0.00767374
-0.00792734
-0.0081786
-0.00842494
-0.00866342
-0.00889072
-0.00910323
-0.00929711
-0.00946832
-0.00961267
-0.00972593
-0.00980387
-0.00984237
-0.00983745
-0.00978542
-0.00968297
-0.00952722
-0.00931589
-0.00904739
-0.0087209
-0.0083365
-0.00789526
-0.00739934
-0.00685204
-0.00625789
-0.00562263
-0.00495327
-0.00425801
-0.00354619
-0.00282818
-0.00211523
-0.00141923
-0.000752544
-0.000127628
0.000443223
0.000948253
0.0013766
0.00171864
0.00196637
0.00211362
0.00215641
0.00209302
0.00192416
0.0016529
0.0012846
0.000826737
0.000288564
-0.000319206
-0.000984871
-0.00169607
-0.00243955
-0.00320221
-0.00398232
-0.00479723
-0.00552271
-0.00168967
-0.00233896
-0.00300122
-0.00355324
-0.00403267
-0.00445917
-0.0048407
-0.00518496
-0.00549985
-0.0057926
-0.0060696
-0.00633633
-0.00659743
-0.00685667
-0.00711698
-0.00738049
-0.00764857
-0.00792187
-0.00820039
-0.00848347
-0.00876989
-0.00905787
-0.00934514
-0.00962894
-0.00990611
-0.0101731
-0.010426
-0.0106607
-0.0108728
-0.0110577
-0.0112107
-0.0113271
-0.0114023
-0.0114318
-0.0114112
-0.0113366
-0.0112045
-0.011012
-0.0107568
-0.0104374
-0.0100532
-0.00960484
-0.00909387
-0.00852321
-0.00789704
-0.00722097
-0.00650198
-0.00574844
-0.00497009
-0.00417789
-0.00338391
-0.00260112
-0.00184314
-0.00112397
-0.000457552
0.000142518
0.000663472
0.00109376
0.00142346
0.00164465
0.00175173
0.00174167
0.00161413
0.00137153
0.00101894
0.000563926
1.62121e-05
-0.000612695
-0.00131003
-0.00206215
-0.00285437
-0.00367209
-0.00451315
-0.00539625
-0.00618509
-0.0025381
-0.00319547
-0.00386615
-0.00442566
-0.00491233
-0.00534627
-0.00573582
-0.00608898
-0.00641396
-0.00671825
-0.00700847
-0.00729031
-0.00756854
-0.00784706
-0.00812888
-0.00841617
-0.00871033
-0.009012
-0.00932114
-0.00963704
-0.00995838
-0.0102833
-0.0106093
-0.0109336
-0.0112526
-0.0115628
-0.0118598
-0.0121393
-0.0123964
-0.0126262
-0.0128235
-0.0129832
-0.0131
-0.0131688
-0.0131847
-0.0131431
-0.0130397
-0.0128709
-0.0126336
-0.0123257
-0.0119458
-0.0114938
-0.0109707
-0.0103788
-0.009722
-0.00900547
-0.00823613
-0.00742244
-0.0065744
-0.00570353
-0.00482267
-0.00394587
-0.00308807
-0.00226484
-0.00149195
-0.000784985
-0.000158835
0.000372754
0.00079768
0.00110594
0.00129002
0.00134525
0.00126999
0.00106575
0.000737105
0.000291596
-0.000260655
-0.000907355
-0.00163462
-0.00242746
-0.00326958
-0.00414472
-0.00505021
-0.00600625
-0.00686328
-0.00347282
-0.00413624
-0.00481342
-0.00537897
-0.00587178
-0.00631239
-0.00670943
-0.00707121
-0.00740623
-0.00772223
-0.00802603
-0.00832351
-0.0086196
-0.00891831
-0.00922271
-0.00953506
-0.00985675
-0.0101884
-0.0105301
-0.0108808
-0.0112394
-0.0116037
-0.0119713
-0.012339
-0.0127033
-0.0130601
-0.013405
-0.0137333
-0.0140398
-0.014319
-0.0145655
-0.0147734
-0.014937
-0.0150506
-0.0151085
-0.0151054
-0.0150363
-0.0148967
-0.0146828
-0.0143914
-0.0140206
-0.0135693
-0.0130379
-0.0124278
-0.0117425
-0.0109868
-0.0101672
-0.00929224
-0.00837209
-0.00741868
-0.00644559
-0.00546788
-0.00450185
-0.0035647
-0.00267413
-0.00184787
-0.00110318
-0.000456245
7.83327e-05
0.000488128
0.000763376
0.000897403
0.000886931
0.000732252
0.000437243
9.20885e-06
-0.000541432
-0.00120163
-0.00195636
-0.00278916
-0.00368199
-0.00461676
-0.00559024
-0.00662412
-0.00755445
-0.00449436
-0.00516181
-0.00584353
-0.00641366
-0.00691153
-0.007358
-0.007762
-0.0081321
-0.00847707
-0.00880487
-0.00912255
-0.00943615
-0.00975074
-0.0100704
-0.0103984
-0.010737
-0.0110876
-0.0114508
-0.0118267
-0.0122143
-0.0126123
-0.0130185
-0.0134303
-0.0138444
-0.0142571
-0.0146642
-0.0150609
-0.0154421
-0.0158023
-0.0161357
-0.0164363
-0.0166977
-0.0169137
-0.0170777
-0.0171835
-0.0172249
-0.0171962
-0.0170918
-0.0169072
-0.0166383
-0.0162821
-0.0158367
-0.0153015
-0.0146773
-0.0139666
-0.0131738
-0.0123051
-0.0113688
-0.0103749
-0.00933593
-0.00826592
-0.00718094
-0.0060986
-0.00503779
-0.00401821
-0.00305992
-0.00218271
-0.00140552
-0.000745757
-0.000218638
0.000163419
0.000391338
0.000459811
0.000367565
0.000117447
-0.000283686
-0.000825279
-0.0014936
-0.00227244
-0.0031438
-0.00408774
-0.00508414
-0.00612909
-0.0072459
-0.00825487
-0.00560282
-0.00627227
-0.00695659
-0.00752987
-0.0080317
-0.00848322
-0.00889361
-0.00927169
-0.00962645
-0.0099661
-0.0102979
-0.0106279
-0.0109615
-0.0113029
-0.0116553
-0.0120211
-0.0124018
-0.012798
-0.0132097
-0.013636
-0.0140755
-0.0145259
-0.0149845
-0.0154479
-0.0159123
-0.016373
-0.0168252
-0.0172634
-0.0176818
-0.0180742
-0.018434
-0.0187543
-0.0190283
-0.0192487
-0.0194086
-0.0195009
-0.019519
-0.0194565
-0.0193078
-0.0190678
-0.0187325
-0.0182989
-0.0177655
-0.017132
-0.0164001
-0.0155735
-0.0146578
-0.013661
-0.012593
-0.0114663
-0.0102956
-0.00909774
-0.00789159
-0.00669773
-0.00553794
-0.00443471
-0.00341059
-0.00248751
-0.00168602
-0.00102454
-0.000518575
-0.000180044
-1.67452e-05
-3.19454e-05
-0.000224199
-0.000587398
-0.00111106
-0.00178086
-0.00257947
-0.00348723
-0.00448214
-0.00554187
-0.00666171
-0.00786665
-0.00895983
-0.00679786
-0.00746731
-0.00815233
-0.00872732
-0.00923203
-0.00968778
-0.0101039
-0.0104896
-0.0108539
-0.0112054
-0.0115513
-0.011898
-0.012251
-0.0126146
-0.0129921
-0.013386
-0.0137977
-0.0142281
-0.014677
-0.0151437
-0.0156265
-0.0161232
-0.0166311
-0.0171465
-0.0176654
-0.0181832
-0.0186945
-0.0191938
-0.0196748
-0.0201308
-0.0205549
-0.0209395
-0.0212772
-0.0215601
-0.0217804
-0.0219303
-0.0220021
-0.0219885
-0.0218828
-0.0216788
-0.0213714
-0.0209563
-0.020431
-0.0197941
-0.0190463
-0.0181902
-0.0172308
-0.0161755
-0.0150341
-0.0138188
-0.0125447
-0.0112293
-0.00989266
-0.00855699
-0.00724617
-0.0059852
-0.00479957
-0.00371445
-0.00275388
-0.00193988
-0.00129149
-0.000824018
-0.000548254
-0.000469959
-0.000589543
-0.000902019
-0.00139725
-0.00206052
-0.00287336
-0.00381445
-0.00485957
-0.00598396
-0.00718196
-0.00848029
-0.00966346
-0.00807867
-0.00874619
-0.00943005
-0.0100054
-0.0105119
-0.010971
-0.0113923
-0.0117851
-0.0121587
-0.0125217
-0.0128817
-0.0132452
-0.0136177
-0.0140038
-0.0144068
-0.0148293
-0.0152729
-0.0157384
-0.0162257
-0.016734
-0.0172617
-0.0178066
-0.0183658
-0.0189357
-0.0195119
-0.0200898
-0.0206638
-0.021228
-0.0217757
-0.0223
-0.0227933
-0.0232476
-0.0236548
-0.0240064
-0.0242936
-0.0245077
-0.0246403
-0.0246829
-0.0246276
-0.0244672
-0.0241951
-0.0238061
-0.0232961
-0.0226626
-0.021905
-0.0210247
-0.0200261
-0.0189159
-0.0177031
-0.0163997
-0.0150208
-0.0135844
-0.0121116
-0.0106263
-0.00915428
-0.00772319
-0.00636154
-0.00509798
-0.00396037
-0.00297471
-0.00216413
-0.00154783
-0.0011402
-0.000950071
-0.000980245
-0.00122732
-0.00168188
-0.002329
-0.00314925
-0.00411955
-0.00521336
-0.00640323
-0.00768243
-0.00907946
-0.0103585
-0.009444
-0.0101078
-0.0107887
-0.011363
-0.0118702
-0.0123319
-0.0127577
-0.013157
-0.0135394
-0.0139136
-0.0142875
-0.0146675
-0.0150596
-0.0154681
-0.0158967
-0.0163481
-0.016824
-0.0173252
-0.0178516
-0.0184026
-0.0189765
-0.0195711
-0.0201834
-0.0208098
-0.0214459
-0.0220866
-0.0227264
-0.023359
-0.0239774
-0.0245743
-0.0251415
-0.0256708
-0.0261531
-0.0265792
-0.0269397
-0.027225
-0.0274255
-0.0275317
-0.0275347
-0.0274257
-0.0271971
-0.0268422
-0.0263554
-0.0257329
-0.0249725
-0.0240743
-0.0230418
-0.021882
-0.0206016
-0.0192117
-0.0177282
-0.0161689
-0.0145557
-0.012914
-0.0112716
-0.00965872
-0.00810696
-0.00664863
-0.00531568
-0.00413854
-0.00314489
-0.00235844
-0.00179783
-0.00147562
-0.00139763
-0.00156263
-0.00196234
-0.002582
-0.00340131
-0.00439553
-0.00553561
-0.00679119
-0.00815434
-0.00965532
-0.0110364
-0.0108922
-0.0115504
-0.0122268
-0.0127988
-0.0133057
-0.0137691
-0.0141986
-0.0146038
-0.0149944
-0.0153794
-0.0157665
-0.0161627
-0.0165738
-0.0170045
-0.0174586
-0.0179388
-0.018447
-0.018984
-0.0195499
-0.0201441
-0.0207651
-0.0214104
-0.0220773
-0.0227619
-0.0234597
-0.0241657
-0.0248741
-0.0255781
-0.0262708
-0.0269442
-0.0275899
-0.0281988
-0.0287616
-0.0292681
-0.0297082
-0.0300713
-0.0303468
-0.0305242
-0.0305931
-0.0305438
-0.030367
-0.0300546
-0.0295995
-0.0289964
-0.0282414
-0.0273322
-0.0262709
-0.0250689
-0.0237277
-0.0222547
-0.020668
-0.0189851
-0.0172286
-0.0154252
-0.0136046
-0.0117994
-0.0100442
-0.00837523
-0.00682867
-0.00543978
-0.00424133
-0.00326217
-0.00252586
-0.00204944
-0.00184251
-0.00190664
-0.0022353
-0.00281427
-0.00362268
-0.00463414
-0.00581703
-0.00713785
-0.00858728
-0.0101974
-0.0116866
-0.0124211
-0.0130723
-0.0137425
-0.0143111
-0.0148168
-0.0152809
-0.0157134
-0.0161237
-0.0165218
-0.0169166
-0.0173164
-0.0177279
-0.0181574
-0.0186096
-0.0190884
-0.0195968
-0.0201368
-0.0207094
-0.0213148
-0.0219523
-0.0226205
-0.0233172
-0.0240394
-0.0247834
-0.0255445
-0.0263177
-0.0270967
-0.027875
-0.0286449
-0.0293984
-0.0301264
-0.0308196
-0.0314676
-0.03206
-0.0325856
-0.0330328
-0.0333902
-0.0336461
-0.0337888
-0.0338072
-0.0336907
-0.0334297
-0.0330154
-0.0324411
-0.0317014
-0.0307933
-0.0297138
-0.0284656
-0.0270694
-0.0255256
-0.0238378
-0.0220316
-0.02013
-0.0181613
-0.0161563
-0.0141496
-0.012179
-0.0102842
-0.00850617
-0.00688524
-0.00545973
-0.00426427
-0.00332811
-0.00267359
-0.0023149
-0.00225723
-0.00249646
-0.00301949
-0.00380519
-0.0048257
-0.00604674
-0.00743149
-0.00896904
-0.0106933
-0.0122968
-0.0140283
-0.0146711
-0.0153339
-0.0158979
-0.0164015
-0.0168655
-0.0173
-0.0177145
-0.0181191
-0.0185228
-0.018934
-0.0193598
-0.0198064
-0.0202789
-0.0207814
-0.021317
-0.0218878
-0.0224951
-0.0231392
-0.0238195
-0.0245348
-0.0252828
-0.0260606
-0.0268645
-0.0276899
-0.0285313
-0.0293828
-0.0302373
-0.031087
-0.0319234
-0.0327372
-0.0335184
-0.0342562
-0.0349393
-0.0355557
-0.0360931
-0.0365388
-0.0368801
-0.0371041
-0.0371983
-0.0371505
-0.0369496
-0.0365853
-0.0360489
-0.0353337
-0.0344358
-0.0333534
-0.0320823
-0.0306271
-0.0290046
-0.0272262
-0.0253001
-0.0232541
-0.0211187
-0.0189252
-0.0167099
-0.0145132
-0.0123789
-0.0103524
-0.00847947
-0.00680449
-0.00536848
-0.00420713
-0.00334898
-0.00281375
-0.00261117
-0.00274037
-0.00319001
-0.00393922
-0.00495889
-0.00621209
-0.00765847
-0.00928537
-0.0111285
-0.0128525
-0.0157111
-0.0163443
-0.0169985
-0.0175571
-0.0180576
-0.0185207
-0.0189562
-0.0193739
-0.0197837
-0.020195
-0.0206161
-0.0210546
-0.0215167
-0.0220078
-0.0225322
-0.0230933
-0.0236934
-0.0243339
-0.0250153
-0.0257373
-0.0264987
-0.0272973
-0.0281304
-0.0289941
-0.0298838
-0.0307943
-0.0317191
-0.0326511
-0.0335824
-0.034504
-0.0354063
-0.0362787
-0.0371099
-0.0378879
-0.0385999
-0.0392328
-0.0397728
-0.040206
-0.0405183
-0.0406958
-0.0407249
-0.0405927
-0.0402872
-0.0397979
-0.039116
-0.0382353
-0.0371523
-0.0358644
-0.0343703
-0.0326832
-0.0308094
-0.0287688
-0.0265874
-0.0242882
-0.0219048
-0.0194759
-0.0170448
-0.0146588
-0.0123681
-0.0102241
-0.00827752
-0.00657638
-0.00516364
-0.00407494
-0.00333656
-0.00296382
-0.00296009
-0.00331664
-0.00401344
-0.0050205
-0.00629835
-0.00780293
-0.00951968
-0.011486
-0.0133367
-0.0174662
-0.0180891
-0.018734
-0.0192864
-0.0197831
-0.0202443
-0.0206798
-0.0210992
-0.0215128
-0.0219299
-0.0223591
-0.0228081
-0.0232835
-0.0237909
-0.0243349
-0.0249191
-0.0255462
-0.0262177
-0.0269345
-0.0276962
-0.028502
-0.0293498
-0.0302369
-0.0311596
-0.0321132
-0.0330924
-0.0340908
-0.035101
-0.0361148
-0.0371231
-0.0381158
-0.0390818
-0.0400093
-0.0408857
-0.0416973
-0.0424302
-0.0430696
-0.0436005
-0.0440075
-0.0442754
-0.0443889
-0.0443336
-0.0440957
-0.0436627
-0.0430236
-0.0421699
-0.0410954
-0.0397961
-0.0382702
-0.0365232
-0.0345713
-0.0324317
-0.0301174
-0.0276567
-0.0250837
-0.0224384
-0.0197666
-0.0171188
-0.01455
-0.012117
-0.00987748
-0.00788681
-0.00619598
-0.00484871
-0.00387895
-0.00330878
-0.00314694
-0.00338832
-0.00401453
-0.00499519
-0.00628848
-0.00784656
-0.0096528
-0.0117463
-0.0137297
-0.0192903
-0.0199025
-0.0205376
-0.0210833
-0.0215755
-0.0220339
-0.0224681
-0.0228879
-0.0233034
-0.0237241
-0.0241589
-0.0246158
-0.0251016
-0.0256223
-0.0261828
-0.0267871
-0.0274381
-0.0281376
-0.0288868
-0.0296857
-0.0305334
-0.0314282
-0.0323673
-0.0333473
-0.0343635
-0.0354105
-0.0364817
-0.0375699
-0.0386665
-0.039762
-0.0408462
-0.0419074
-0.0429332
-0.0439105
-0.0448249
-0.0456615
-0.0464046
-0.0470381
-0.0475453
-0.0479097
-0.0481147
-0.0481438
-0.0479817
-0.0476139
-0.0470274
-0.0462112
-0.0451568
-0.0438584
-0.0423135
-0.0405251
-0.0385039
-0.0362635
-0.033822
-0.0312043
-0.0284441
-0.025582
-0.0226656
-0.0197485
-0.0168896
-0.0141517
-0.0115991
-0.00929514
-0.00729949
-0.0056649
-0.00443418
-0.00363743
-0.00329007
-0.00339179
-0.00392684
-0.00486514
-0.00616282
-0.00776826
-0.00966264
-0.0118867
-0.0140085
-0.0211801
-0.0217815
-0.0224066
-0.0229454
-0.0234326
-0.0238872
-0.0243189
-0.0247372
-0.0251523
-0.025574
-0.0260114
-0.0264728
-0.0269654
-0.0274957
-0.0280688
-0.0286892
-0.0293602
-0.0300839
-0.0308619
-0.0316943
-0.0325806
-0.0335192
-0.0345077
-0.0355424
-0.036619
-0.0377319
-0.0388746
-0.0400396
-0.0412183
-0.0424008
-0.0435765
-0.0447335
-0.0458588
-0.0469385
-0.0479577
-0.0489007
-0.0497508
-0.0504907
-0.0511028
-0.051569
-0.0518713
-0.0519917
-0.0519129
-0.0516185
-0.0510936
-0.0503247
-0.0493012
-0.0480149
-0.0464616
-0.0446418
-0.0425616
-0.0402325
-0.0376719
-0.034904
-0.0319614
-0.0288847
-0.0257226
-0.0225311
-0.019373
-0.0163164
-0.0134324
-0.0107925
-0.00846576
-0.00651485
-0.00499256
-0.00393844
-0.00337603
-0.00331123
-0.0037321
-0.00460974
-0.00589874
-0.00754378
-0.00952383
-0.0118813
-0.0141469
-0.023132
-0.0237231
-0.0243386
-0.0248705
-0.0253521
-0.0258022
-0.0262297
-0.0266444
-0.0270565
-0.027476
-0.0279123
-0.0283741
-0.0288692
-0.0294043
-0.0299853
-0.0306169
-0.031303
-0.0320462
-0.0328482
-0.0337098
-0.0346305
-0.035609
-0.036643
-0.0377292
-0.0388631
-0.0400392
-0.041251
-0.0424908
-0.0437499
-0.0450182
-0.0462847
-0.047537
-0.0487618
-0.0499446
-0.0510697
-0.0521206
-0.0530798
-0.053929
-0.0546493
-0.0552215
-0.0556259
-0.0558431
-0.0558541
-0.0556405
-0.0551852
-0.0544728
-0.0534899
-0.0522262
-0.0506749
-0.0488338
-0.0467058
-0.0442997
-0.0416308
-0.0387219
-0.0356041
-0.0323177
-0.0289115
-0.0254435
-0.0219798
-0.0185933
-0.0153617
-0.0123651
-0.00968199
-0.00738593
-0.00554089
-0.00419726
-0.00338833
-0.00312778
-0.00340892
-0.00420518
-0.00547025
-0.00714538
-0.00920734
-0.0117001
-0.0141148
-0.0251425
-0.0257243
-0.0263312
-0.0268565
-0.0273324
-0.0277767
-0.0281985
-0.0286071
-0.0290129
-0.0294263
-0.0298571
-0.0303144
-0.0308065
-0.0313409
-0.031924
-0.0325611
-0.0332565
-0.0340133
-0.0348339
-0.0357191
-0.036669
-0.0376825
-0.0387576
-0.0398909
-0.0410782
-0.0423139
-0.0435916
-0.0449034
-0.0462404
-0.0475923
-0.0489478
-0.0502942
-0.0516175
-0.0529028
-0.0541338
-0.055293
-0.0563623
-0.0573223
-0.058153
-0.0588339
-0.059344
-0.0596624
-0.0597684
-0.0596416
-0.0592629
-0.0586147
-0.0576814
-0.0564499
-0.0549109
-0.0530591
-0.0508945
-0.0484231
-0.0456575
-0.0426181
-0.0393344
-0.0358451
-0.0321992
-0.0284555
-0.0246827
-0.0209581
-0.0173656
-0.0139934
-0.0109302
-0.00826086
-0.00606172
-0.00439548
-0.00330684
-0.00281908
-0.00293245
-0.00362403
-0.0048476
-0.00654139
-0.00868009
-0.0113093
-0.0138777
-0.0272083
-0.0277826
-0.0283824
-0.0289018
-0.0293718
-0.0298095
-0.0302234
-0.030623
-0.0310188
-0.0314214
-0.0318413
-0.0322882
-0.0327711
-0.0332981
-0.0338764
-0.034512
-0.0352098
-0.0359736
-0.036806
-0.0377085
-0.0386816
-0.0397243
-0.0408349
-0.0420103
-0.0432461
-0.0445371
-0.0458765
-0.0472566
-0.0486681
-0.0501006
-0.0515425
-0.0529805
-0.0544005
-0.0557867
-0.0571224
-0.0583893
-0.0595684
-0.0606394
-0.0615813
-0.0623724
-0.0629905
-0.063413
-0.0636175
-0.0635821
-0.0632856
-0.0627082
-0.0618318
-0.0606411
-0.0591236
-0.0572715
-0.0550814
-0.0525562
-0.0497055
-0.0465471
-0.0431078
-0.0394247
-0.0355456
-0.0315297
-0.0274474
-0.0233793
-0.0194154
-0.0156515
-0.0121864
-0.00911697
-0.00653274
-0.0045102
-0.00310726
-0.00235876
-0.00227379
-0.0028348
-0.00399684
-0.00569575
-0.00790444
-0.0106701
-0.0133966
-0.0293263
-0.0298957
-0.0304905
-0.0310053
-0.0314695
-0.0318994
-0.0323032
-0.0326903
-0.0330715
-0.033458
-0.0338606
-0.0342901
-0.0347562
-0.035268
-0.0358336
-0.0364596
-0.0371518
-0.0379146
-0.0387513
-0.0396638
-0.040653
-0.0417183
-0.0428581
-0.0440695
-0.0453484
-0.0466893
-0.0480857
-0.0495295
-0.0510113
-0.0525206
-0.0540452
-0.0555718
-0.0570855
-0.0585701
-0.0600082
-0.0613809
-0.0626683
-0.0638494
-0.0649021
-0.0658034
-0.0665299
-0.0670578
-0.0673631
-0.067422
-0.0672116
-0.0667097
-0.0658962
-0.0647531
-0.0632653
-0.0614218
-0.0592162
-0.0566481
-0.0537238
-0.050458
-0.0468744
-0.0430077
-0.038904
-0.0346217
-0.030232
-0.0258184
-0.0214755
-0.0173066
-0.0134203
-0.00992558
-0.00692608
-0.00451339
-0.00276046
-0.00171579
-0.00139952
-0.00180139
-0.00287924
-0.0045675
-0.0068377
-0.00973888
-0.012627
-0.0314941
-0.032062
-0.032655
-0.0331667
-0.0336253
-0.0340463
-0.0344373
-0.0348079
-0.0351691
-0.0355327
-0.0359107
-0.0363145
-0.0367551
-0.0372427
-0.0377861
-0.0383933
-0.0390708
-0.0398237
-0.040656
-0.0415702
-0.0425675
-0.0436478
-0.0448097
-0.0460505
-0.0473661
-0.0487512
-0.0501989
-0.0517012
-0.0532485
-0.0548299
-0.056433
-0.058044
-0.0596476
-0.0612271
-0.0627644
-0.06424
-0.0656332
-0.0669221
-0.0680836
-0.0690938
-0.069928
-0.0705609
-0.0709673
-0.0711217
-0.0709992
-0.0705759
-0.0698293
-0.0687388
-0.0672868
-0.0654594
-0.0632469
-0.0606455
-0.0576582
-0.054296
-0.0505795
-0.04654
-0.0422213
-0.0376802
-0.0329878
-0.0282293
-0.0235029
-0.0189187
-0.0145944
-0.0106513
-0.00720759
-0.00437119
-0.00223188
-0.000853972
-0.000271057
-0.000482508
-0.00145083
-0.00311021
-0.00543158
-0.00846603
-0.0115189
-0.0337097
-0.0342807
-0.0348759
-0.0353868
-0.0358403
-0.0362509
-0.036626
-0.036975
-0.0373098
-0.0376429
-0.0379874
-0.0383559
-0.0387609
-0.0392137
-0.0397245
-0.0403023
-0.0409547
-0.0416877
-0.0425059
-0.0434125
-0.0444092
-0.0454962
-0.0466724
-0.0479352
-0.0492806
-0.0507032
-0.0521961
-0.0537511
-0.0553583
-0.0570067
-0.0586833
-0.060374
-0.062063
-0.0637331
-0.0653655
-0.0669401
-0.0684354
-0.0698287
-0.0710959
-0.0722121
-0.0731515
-0.0738877
-0.0743938
-0.0746429
-0.0746084
-0.0742645
-0.0735865
-0.0725516
-0.0711395
-0.0693334
-0.0671205
-0.0644937
-0.0614523
-0.0580037
-0.0541646
-0.0499629
-0.0454393
-0.0406482
-0.0356594
-0.0305587
-0.0254471
-0.02044
-0.0156638
-0.0112515
-0.00733629
-0.0040433
-0.00148079
0.000268808
0.00115591
0.00116889
0.000338316
-0.00127141
-0.00363154
-0.00679572
-0.0100156
-0.0359723
-0.0365521
-0.0371547
-0.0376675
-0.0381164
-0.0385151
-0.0388704
-0.0391921
-0.0394928
-0.0397863
-0.0400869
-0.0404091
-0.0407667
-0.0411727
-0.0416388
-0.0421753
-0.042791
-0.0434928
-0.0442863
-0.0451753
-0.0461618
-0.0472466
-0.0484286
-0.0497055
-0.0510733
-0.0525264
-0.054058
-0.0556594
-0.0573206
-0.0590302
-0.0607748
-0.0625399
-0.0643092
-0.0660648
-0.0677875
-0.0694563
-0.0710491
-0.0725422
-0.0739109
-0.0751291
-0.0761699
-0.0770058
-0.0776085
-0.0779497
-0.0780012
-0.0777354
-0.0771256
-0.0761467
-0.074776
-0.0729939
-0.0707847
-0.0681378
-0.065049
-0.0615218
-0.057569
-0.0532148
-0.0484957
-0.0434634
-0.0381855
-0.0327469
-0.0272504
-0.0218154
-0.0165759
-0.0116761
-0.00726384
-0.00348229
-0.000459751
0.00170117
0.00293213
0.00320632
0.00254468
0.00100819
-0.00137611
-0.00466503
-0.00805368
-0.0382821
-0.038878
-0.0394944
-0.0400127
-0.0404577
-0.0408423
-0.0411731
-0.0414605
-0.041718
-0.041961
-0.0422057
-0.0424685
-0.0427652
-0.0431108
-0.0435186
-0.0440006
-0.0445668
-0.0452254
-0.0459826
-0.046843
-0.0478092
-0.0488821
-0.0500612
-0.0513439
-0.0527262
-0.0542026
-0.0557659
-0.0574072
-0.0591162
-0.0608809
-0.0626878
-0.0645215
-0.0663655
-0.0682011
-0.0700085
-0.0717661
-0.0734509
-0.0750385
-0.0765032
-0.0778181
-0.0789551
-0.0798857
-0.0805803
-0.0810092
-0.0811427
-0.0809514
-0.0804069
-0.0794819
-0.0781515
-0.0763934
-0.0741889
-0.0715243
-0.0683919
-0.0647913
-0.0607314
-0.0562319
-0.0513256
-0.04606
-0.0405
-0.0347286
-0.0288487
-0.0229827
-0.0172708
-0.0118672
-0.00693415
-0.00263315
0.000886087
0.0034989
0.00511545
0.00569046
0.00523211
0.00379542
0.00140394
-0.00200323
-0.00556163
-0.0406409
-0.0412622
-0.0419002
-0.0424281
-0.0428699
-0.0432377
-0.0435383
-0.0437827
-0.0439861
-0.0441658
-0.0443405
-0.0445289
-0.0447494
-0.0450192
-0.0453536
-0.0457664
-0.0462691
-0.0468712
-0.0475797
-0.0484
-0.0493351
-0.0503864
-0.0515532
-0.0528331
-0.0542221
-0.0557144
-0.0573023
-0.0589769
-0.0607273
-0.062541
-0.064404
-0.0663005
-0.0682132
-0.0701229
-0.0720091
-0.0738494
-0.0756201
-0.077296
-0.0788505
-0.0802557
-0.0814827
-0.0825016
-0.0832817
-0.0837921
-0.0840016
-0.0838793
-0.0833948
-0.0825191
-0.0812249
-0.0794876
-0.0772857
-0.0746026
-0.071427
-0.0677548
-0.063591
-0.0589508
-0.0538626
-0.0483699
-0.0425334
-0.0364336
-0.0301723
-0.0238732
-0.0176811
-0.0117592
-0.0062832
-0.00143279
0.00261949
0.00572563
0.00777155
0.00868995
0.00847263
0.00716556
0.00478652
0.0012692
-0.00245929
-0.0430529
-0.0437105
-0.0443798
-0.0449223
-0.0453613
-0.0457089
-0.045972
-0.0461629
-0.0462989
-0.0464002
-0.0464884
-0.0465853
-0.0467121
-0.0468886
-0.0471327
-0.0474603
-0.0478844
-0.0484159
-0.0490627
-0.0498308
-0.0507238
-0.0517432
-0.0528884
-0.0541571
-0.0555448
-0.0570455
-0.0586513
-0.0603525
-0.0621379
-0.0639945
-0.0659077
-0.0678609
-0.0698362
-0.0718139
-0.0737726
-0.0756892
-0.0775393
-0.0792967
-0.080934
-0.0824223
-0.0837318
-0.0848314
-0.0856894
-0.0862736
-0.0865513
-0.0864901
-0.0860581
-0.0852244
-0.0839596
-0.0822369
-0.0800322
-0.077326
-0.0741038
-0.0703581
-0.0660895
-0.0613094
-0.0560414
-0.0503243
-0.0442146
-0.0377891
-0.0311473
-0.0244127
-0.0177333
-0.0112795
-0.00523915
0.00019023
0.00481161
0.00845337
0.0109746
0.0122822
0.0123474
0.0112034
0.00885929
0.00524162
0.0013433
-0.0455246
-0.0462324
-0.0469446
-0.0475072
-0.0479436
-0.0482661
-0.0484824
-0.0486069
-0.0486597
-0.0486646
-0.0486469
-0.0486324
-0.0486457
-0.0487097
-0.0488446
-0.0490695
-0.049399
-0.049845
-0.0504165
-0.05112
-0.0519597
-0.0529371
-0.0540516
-0.0553005
-0.0566793
-0.0581814
-0.0597982
-0.0615198
-0.0633342
-0.0652278
-0.0671851
-0.0691892
-0.0712212
-0.0732606
-0.0752854
-0.0772718
-0.0791942
-0.0810259
-0.0827384
-0.0843019
-0.0856856
-0.0868574
-0.0877844
-0.088433
-0.0887695
-0.0887599
-0.0883706
-0.0875692
-0.0863243
-0.0846068
-0.0823905
-0.079653
-0.0763769
-0.0725512
-0.0681729
-0.0632491
-0.0577988
-0.0518561
-0.0454727
-0.038721
-0.0316971
-0.0245231
-0.0173484
-0.0103488
-0.00372251
0.00231609
0.00754197
0.0117628
0.0148082
0.0165545
0.0169478
0.0160044
0.013721
0.0100146
0.00594718
-0.0480664
-0.048841
-0.0496099
-0.0501988
-0.0506321
-0.050923
-0.0510807
-0.0511225
-0.0510728
-0.0509598
-0.0508139
-0.0506651
-0.0505425
-0.0504724
-0.050477
-0.0505809
-0.0507987
-0.051144
-0.0516263
-0.0522528
-0.0530279
-0.0539533
-0.0550282
-0.0562495
-0.0576121
-0.0591089
-0.0607307
-0.0624668
-0.0643045
-0.0662294
-0.0682254
-0.0702746
-0.0723574
-0.0744526
-0.0765372
-0.0785865
-0.0805742
-0.0824726
-0.0842523
-0.0858827
-0.0873316
-0.0885661
-0.0895521
-0.0902548
-0.0906392
-0.0906698
-0.0903117
-0.0895305
-0.0882933
-0.0865689
-0.0843288
-0.0815481
-0.0782066
-0.0742903
-0.0697925
-0.0647161
-0.059076
-0.0529013
-0.0462388
-0.039156
-0.0317447
-0.0241242
-0.0164437
-0.00888245
-0.00164626
0.00503551
0.0108975
0.0157425
0.0193651
0.0216045
0.0223767
0.0216762
0.019483
0.0157014
0.011466
-0.0506934
-0.051555
-0.0523971
-0.0530189
-0.0534471
-0.0536972
-0.0537809
-0.0537199
-0.0535441
-0.0532879
-0.0529873
-0.0526782
-0.0523939
-0.0521643
-0.0520191
-0.0519819
-0.0520699
-0.0522986
-0.0526775
-0.0532146
-0.0539144
-0.0547783
-0.0558053
-0.0569916
-0.0583314
-0.0598169
-0.0614381
-0.0631835
-0.0650394
-0.0669907
-0.0690202
-0.0711093
-0.0732374
-0.0753825
-0.0775206
-0.0796262
-0.0816721
-0.0836296
-0.0854683
-0.0871565
-0.0886613
-0.0899484
-0.0909826
-0.0917281
-0.0921482
-0.0922063
-0.091866
-0.0910913
-0.0898473
-0.088101
-0.0858219
-0.0829827
-0.0795606
-0.0755384
-0.0709064
-0.0656635
-0.0598205
-0.0534017
-0.0464488
-0.0390242
-0.0312147
-0.0231358
-0.0149351
-0.00679304
0.0010816
0.00845133
0.0149742
0.0204882
0.024748
0.0275418
0.02875
0.0283405
0.0262713
0.0224302
0.0180281
-0.0534269
-0.0544002
-0.0553346
-0.0559961
-0.0564153
-0.0566116
-0.0566012
-0.0564121
-0.0560814
-0.0556514
-0.0551655
-0.0546663
-0.0541914
-0.0537758
-0.0534631
-0.0532684
-0.0532022
-0.0532954
-0.0535563
-0.0539917
-0.0546058
-0.0553996
-0.0563711
-0.0575159
-0.0588273
-0.0602964
-0.0619124
-0.0636626
-0.0655324
-0.0675055
-0.0695641
-0.0716883
-0.0738567
-0.0760461
-0.0782318
-0.0803872
-0.0824842
-0.084493
-0.0863824
-0.0881195
-0.0896702
-0.0909994
-0.0920705
-0.0928465
-0.0932894
-0.0933612
-0.0930239
-0.09224
-0.0909729
-0.0891877
-0.0868517
-0.0839355
-0.0804138
-0.0762667
-0.071481
-0.0660525
-0.0599877
-0.0533064
-0.0460453
-0.0382614
-0.0300364
-0.0214812
-0.0127402
-0.00399467
0.00454564
0.0126544
0.0199012
0.0261111
0.0310704
0.0344889
0.0361984
0.0361349
0.034229
0.0303465
0.0257789
-0.0562966
-0.0574114
-0.0584606
-0.0591679
-0.0595707
-0.0596952
-0.0595643
-0.0592148
-0.0586941
-0.0580539
-0.0573469
-0.0566235
-0.0559268
-0.0553088
-0.0547977
-0.0544098
-0.054177
-0.0541191
-0.0542482
-0.0545708
-0.05509
-0.0558059
-0.0567157
-0.0578137
-0.059092
-0.0605407
-0.0621477
-0.0638991
-0.0657794
-0.0677708
-0.0698545
-0.0720096
-0.0742136
-0.0764424
-0.07867
-0.080869
-0.0830102
-0.0850627
-0.0869943
-0.0887711
-0.0903579
-0.0917183
-0.0928145
-0.0936083
-0.0940603
-0.0941311
-0.0937812
-0.0929714
-0.0916633
-0.0898202
-0.0874074
-0.0843932
-0.08075
-0.076455
-0.0714922
-0.0658539
-0.0595427
-0.0525742
-0.04498
-0.0368121
-0.0281464
-0.0190886
-0.00977952
-0.000400059
0.00883352
0.0176983
0.0258246
0.0327519
0.0384611
0.0425824
0.0448694
0.0452163
0.0435194
0.0396165
0.0348841
-0.0593439
-0.0606362
-0.0618257
-0.0625835
-0.0629574
-0.0629845
-0.0626982
-0.0621476
-0.0613933
-0.0604994
-0.0595286
-0.0585377
-0.0575874
-0.0567313
-0.0559861
-0.0553847
-0.0549719
-0.0547525
-0.0547391
-0.0549394
-0.0553559
-0.0559878
-0.0568308
-0.0578779
-0.05912
-0.0605454
-0.0621408
-0.063891
-0.0657789
-0.0677859
-0.0698916
-0.0720741
-0.0743097
-0.0765731
-0.0788375
-0.0810741
-0.0832527
-0.0853415
-0.0873071
-0.0891145
-0.0907273
-0.0921079
-0.0932173
-0.0940159
-0.0944631
-0.0945177
-0.0941388
-0.0932855
-0.0919177
-0.0899966
-0.0874855
-0.0843505
-0.0805614
-0.0760928
-0.0709259
-0.0650494
-0.0584623
-0.0511758
-0.043217
-0.0346321
-0.0254917
-0.0158958
-0.00598022
0.00407507
0.0140431
0.0236831
0.0328004
0.040572
0.0470683
0.0519766
0.0549299
0.0557634
0.0543305
0.0504317
0.0455342
-0.0626256
-0.0641387
-0.0654977
-0.066307
-0.0666317
-0.0665255
-0.0660373
-0.0652334
-0.0641919
-0.0629916
-0.0617041
-0.0604024
-0.0591638
-0.0580245
-0.0570195
-0.0561984
-0.0555827
-0.0551849
-0.0550174
-0.0550867
-0.0553942
-0.0559373
-0.0567101
-0.057704
-0.0589078
-0.0603085
-0.061891
-0.0636385
-0.0655326
-0.0675531
-0.0696785
-0.0718854
-0.0741491
-0.076443
-0.0787392
-0.0810078
-0.0832175
-0.0853354
-0.0873269
-0.0891558
-0.0907847
-0.0921746
-0.0932853
-0.0940758
-0.0945039
-0.0945272
-0.0941029
-0.0931883
-0.0917415
-0.0897218
-0.0870902
-0.0838104
-0.0798498
-0.0751801
-0.0697795
-0.0636333
-0.0567365
-0.0490963
-0.0407346
-0.0316923
-0.0220339
-0.0118534
-0.0012809
0.00950818
0.0202854
0.0307903
0.0408104
0.0496784
0.0570827
0.0628506
0.0665687
0.0679815
0.0668798
0.0630149
0.0579508
-0.0662202
-0.0680065
-0.0695666
-0.0704224
-0.0706656
-0.0703751
-0.069623
-0.0684992
-0.0671039
-0.0655317
-0.0638684
-0.06222
-0.0606439
-0.0591902
-0.0579063
-0.0568332
-0.0559937
-0.0554031
-0.0550714
-0.0550029
-0.0551969
-0.0556484
-0.0563494
-0.0572892
-0.0584546
-0.0598304
-0.0613999
-0.0631445
-0.0650441
-0.0670771
-0.0692205
-0.0714496
-0.0737385
-0.0760593
-0.0783828
-0.0806782
-0.0829129
-0.0850529
-0.0870624
-0.0889041
-0.0905394
-0.0919279
-0.0930282
-0.0937978
-0.0941931
-0.0941701
-0.0936842
-0.0926909
-0.0911464
-0.0890076
-0.0862334
-0.0827849
-0.0786268
-0.0737279
-0.0680628
-0.0616135
-0.0543708
-0.0463371
-0.0375293
-0.0279823
-0.0177543
-0.00693239
0.00436003
0.0159541
0.0276254
0.0390917
0.0500452
0.0601858
0.0686349
0.0753782
0.0799964
0.0821066
0.081422
0.0776288
0.0723953
-0.0702368
-0.0723587
-0.0741527
-0.0750392
-0.0751503
-0.0746039
-0.0735048
-0.0719748
-0.0701416
-0.0681185
-0.0660291
-0.0639696
-0.0620076
-0.0602055
-0.0586123
-0.0572648
-0.0561868
-0.0553925
-0.0548894
-0.0546788
-0.054757
-0.0551164
-0.0557462
-0.056633
-0.0577614
-0.0591138
-0.0606716
-0.0624141
-0.0643196
-0.0663649
-0.0685254
-0.0707752
-0.0730868
-0.0754313
-0.0777781
-0.0800954
-0.0823494
-0.0845048
-0.0865248
-0.088371
-0.0900032
-0.0913802
-0.092459
-0.0931956
-0.093545
-0.0934614
-0.0928986
-0.0918101
-0.0901499
-0.0878729
-0.0849351
-0.0812952
-0.0769147
-0.0717591
-0.0657995
-0.0590135
-0.0513876
-0.042919
-0.0336185
-0.0235147
-0.0126583
-0.00112844
0.0109593
0.0234438
0.0361055
0.0486546
0.0607448
0.0721322
0.0818474
0.0897911
0.095467
0.0984183
0.0982608
0.0945886
0.0891818
-0.0748281
-0.077359
-0.0794179
-0.0803006
-0.0802019
-0.0792977
-0.0777406
-0.0756934
-0.0733148
-0.0707603
-0.068168
-0.0656303
-0.0632351
-0.0610473
-0.0591154
-0.0574739
-0.0561444
-0.0551385
-0.0544597
-0.0541056
-0.0540688
-0.0543381
-0.0548995
-0.0557367
-0.0568312
-0.0581634
-0.059712
-0.0614545
-0.0633674
-0.0654256
-0.0676031
-0.0698725
-0.072205
-0.0745704
-0.076937
-0.0792717
-0.0815395
-0.0837043
-0.0857278
-0.0875704
-0.089191
-0.0905469
-0.0915937
-0.0922862
-0.0925776
-0.0924206
-0.091767
-0.0905685
-0.0887767
-0.086344
-0.0832241
-0.0793724
-0.074747
-0.0693099
-0.0630278
-0.0558739
-0.047829
-0.0388844
-0.0290442
-0.018329
-0.00678059
0.00553136
0.0185013
0.0319775
0.0457484
0.0595291
0.0729598
0.0856443
0.0969451
0.106283
0.113252
0.117243
0.117762
0.11428
0.108696
-0.0802098
-0.0832343
-0.0855805
-0.0863936
-0.0859655
-0.0845594
-0.0823944
-0.0796843
-0.0766374
-0.0734497
-0.070258
-0.0671788
-0.0642999
-0.0616882
-0.0593907
-0.0574381
-0.0558475
-0.0546253
-0.0537703
-0.0532748
-0.0531269
-0.0533111
-0.0538097
-0.0546026
-0.0556686
-0.0569852
-0.0585287
-0.0602746
-0.0621971
-0.0642698
-0.0664649
-0.0687535
-0.0711056
-0.0734897
-0.075873
-0.078221
-0.080498
-0.0826663
-0.0846869
-0.0865189
-0.08812
-0.0894462
-0.0904519
-0.0910904
-0.0913134
-0.0910719
-0.0903158
-0.0889948
-0.0870582
-0.0844559
-0.0811386
-0.0770584
-0.0721698
-0.0664307
-0.0598029
-0.0522539
-0.0437586
-0.0343008
-0.0238763
-0.0124961
-0.000191042
0.0129814
0.0269289
0.0415126
0.0565328
0.0717126
0.0866764
0.100928
0.11406
0.125052
0.133648
0.138964
0.140373
0.137184
0.131426
-0.0866919
-0.0903021
-0.0929364
-0.0935617
-0.0926211
-0.0905074
-0.0875324
-0.083974
-0.0801047
-0.0761499
-0.0722725
-0.0685798
-0.0651643
-0.0620923
-0.0594061
-0.0571295
-0.0552726
-0.0538346
-0.0528072
-0.0521768
-0.0519256
-0.0520332
-0.0524772
-0.053234
-0.0542789
-0.0555864
-0.0571305
-0.0588841
-0.0608199
-0.0629093
-0.0651233
-0.0674315
-0.0698025
-0.0722037
-0.074601
-0.0769591
-0.079241
-0.0814081
-0.0834203
-0.0852356
-0.0868105
-0.0880998
-0.0890569
-0.0896334
-0.0897798
-0.0894452
-0.0885778
-0.0871252
-0.0850343
-0.0822525
-0.0787272
-0.0744073
-0.0692431
-0.0631878
-0.0561977
-0.048234
-0.0392641
-0.029263
-0.0182164
-0.00612319
0.00699955
0.0211104
0.0361344
0.0519513
0.0683788
0.085152
0.101898
0.11811
0.133238
0.146314
0.156869
0.164014
0.166649
0.16392
0.158008
-0.0947282
-0.0990133
-0.101889
-0.10212
-0.100386
-0.0972715
-0.0932148
-0.0885711
-0.0836715
-0.0788289
-0.0741616
-0.0697792
-0.0657752
-0.0622106
-0.0591184
-0.0565118
-0.0543901
-0.0527431
-0.0515535
-0.0507998
-0.0504578
-0.050501
-0.0509024
-0.0516339
-0.0526674
-0.0539744
-0.0555261
-0.0572935
-0.0592471
-0.0613567
-0.0635918
-0.0659206
-0.0683106
-0.0707279
-0.0731377
-0.0755033
-0.077787
-0.0799491
-0.0819484
-0.0837423
-0.085286
-0.0865333
-0.0874363
-0.0879455
-0.0880098
-0.0875768
-0.0865931
-0.0850039
-0.0827542
-0.0797884
-0.0760509
-0.0714867
-0.0660421
-0.0596647
-0.0523051
-0.043917
-0.034459
-0.0238959
-0.0122007
0.00064237
0.014634
0.0297533
0.0459495
0.0631284
0.0811346
0.099728
0.118554
0.137101
0.15465
0.17049
0.183509
0.192971
0.19729
0.195301
0.189301
-0.104998
-0.110016
-0.112989
-0.11247
-0.109516
-0.104992
-0.0994889
-0.09345
-0.0873847
-0.0814692
-0.0758586
-0.070699
-0.0660573
-0.0619756
-0.0584697
-0.0555368
-0.0531617
-0.051321
-0.0499869
-0.0491284
-0.0487136
-0.0487096
-0.049084
-0.0498044
-0.050839
-0.0521562
-0.0537246
-0.0555131
-0.0574904
-0.0596247
-0.0618841
-0.0642356
-0.0666456
-0.0690793
-0.0715008
-0.0738727
-0.0761562
-0.0783109
-0.080295
-0.0820646
-0.0835743
-0.0847768
-0.0856232
-0.0860628
-0.0860434
-0.085511
-0.0844104
-0.0826852
-0.0802778
-0.0771302
-0.0731836
-0.0683792
-0.0626585
-0.055964
-0.0482392
-0.0394299
-0.0294847
-0.0183563
-0.00600268
0.0076099
0.0225041
0.0386857
0.0561355
0.0747963
0.094553
0.115206
0.136433
0.157736
0.178377
0.197543
0.213829
0.226224
0.233136
0.23242
0.226508
-0.118548
-0.124257
-0.126986
-0.125113
-0.120289
-0.113784
-0.10635
-0.0986672
-0.0910895
-0.0838773
-0.0772266
-0.0712144
-0.0658989
-0.0612916
-0.0573809
-0.0541408
-0.0515368
-0.0495298
-0.0480787
-0.0471421
-0.0466793
-0.0466509
-0.0470187
-0.0477458
-0.0487969
-0.0501375
-0.0517337
-0.0535526
-0.055561
-0.057726
-0.0600142
-0.0623919
-0.0648243
-0.0672758
-0.0697099
-0.0720883
-0.0743716
-0.0765189
-0.0784873
-0.0802325
-0.0817082
-0.0828664
-0.0836574
-0.0840293
-0.0839289
-0.0833009
-0.0820888
-0.0802342
-0.0776775
-0.0743581
-0.0702142
-0.0651832
-0.0592021
-0.0522075
-0.0441359
-0.0349243
-0.0245104
-0.0128329
0.000166909
0.0145443
0.0303487
0.0476189
0.0663768
0.0866149
0.108277
0.131227
0.155208
0.179776
0.204218
0.227471
0.248269
0.264995
0.275566
0.276826
0.27138
-0.137046
-0.143145
-0.144889
-0.140622
-0.132954
-0.123605
-0.113659
-0.103832
-0.0944633
-0.085822
-0.0780244
-0.0711276
-0.065139
-0.060028
-0.0557469
-0.0522407
-0.0494511
-0.0473203
-0.0457924
-0.0448146
-0.0443371
-0.0443134
-0.0447001
-0.0454561
-0.0465426
-0.0479225
-0.0495602
-0.0514206
-0.0534695
-0.0556728
-0.0579962
-0.060405
-0.0628639
-0.0653368
-0.0677863
-0.0701739
-0.0724595
-0.0746017
-0.0765573
-0.0782812
-0.0797268
-0.0808453
-0.0815863
-0.0818974
-0.0817243
-0.0810108
-0.0796988
-0.0777287
-0.075039
-0.0715667
-0.0672472
-0.0620144
-0.0558007
-0.0485369
-0.0401526
-0.0305755
-0.0197316
-0.00754517
0.00606166
0.0211683
0.037855
0.0562005
0.0762774
0.0981427
0.12182
0.147272
0.174347
0.20271
0.231728
0.260318
0.287097
0.30987
0.325687
0.330518
0.326505
-0.163281
-0.16881
-0.167996
-0.159606
-0.147547
-0.134209
-0.120993
-0.108549
-0.0971648
-0.0869456
-0.0779511
-0.0701818
-0.0635669
-0.0580162
-0.0534358
-0.0497345
-0.0468269
-0.0446341
-0.0430848
-0.0421144
-0.0416646
-0.0416822
-0.0421191
-0.0429306
-0.0440752
-0.0455137
-0.0472088
-0.0491244
-0.0512254
-0.0534767
-0.0558437
-0.058291
-0.060783
-0.0632832
-0.0657538
-0.0681561
-0.0704498
-0.072593
-0.0745422
-0.0762523
-0.077676
-0.0787645
-0.0794666
-0.0797295
-0.0794983
-0.078716
-0.0773236
-0.07526
-0.0724624
-0.0688657
-0.064403
-0.0590047
-0.0525993
-0.0451122
-0.0364659
-0.0265794
-0.015367
-0.00273786
0.0114056
0.0271687
0.0446657
0.0640206
0.0853658
0.108837
0.134563
0.162638
0.193078
0.225736
0.260171
0.295448
0.329927
0.361141
0.385424
0.396816
0.396177
-0.202082
-0.204471
-0.197945
-0.182489
-0.163705
-0.145053
-0.127831
-0.112304
-0.0985946
-0.0867113
-0.0765772
-0.0680379
-0.0609188
-0.0550542
-0.0502945
-0.0465077
-0.0435789
-0.0414084
-0.0399099
-0.0390084
-0.0386383
-0.0387412
-0.0392654
-0.0401635
-0.0413925
-0.0429118
-0.0446833
-0.0466705
-0.0488375
-0.0511493
-0.0535708
-0.0560668
-0.0586013
-0.0611379
-0.0636388
-0.0660651
-0.0683765
-0.0705312
-0.0724855
-0.0741941
-0.0756099
-0.0766836
-0.0773641
-0.0775982
-0.0773306
-0.0765039
-0.0750584
-0.072932
-0.0700607
-0.0663782
-0.0618153
-0.0562999
-0.0497568
-0.0421068
-0.0332663
-0.0231459
-0.0116493
0.00132885
0.0159052
0.0322109
0.0503953
0.07063
0.0931132
0.118072
0.145759
0.176442
0.21037
0.247695
0.288336
0.331732
0.376471
0.419929
0.457259
0.480123
0.48715
-0.261437
-0.254864
-0.23655
-0.208977
-0.180638
-0.155226
-0.133005
-0.113925
-0.0978272
-0.0844353
-0.0733785
-0.0643043
-0.0569082
-0.0509353
-0.0461753
-0.0424553
-0.039633
-0.037591
-0.0362315
-0.0354718
-0.0352417
-0.0354799
-0.0361329
-0.0371526
-0.0384953
-0.0401204
-0.0419899
-0.0440673
-0.046317
-0.0487044
-0.0511945
-0.0537523
-0.0563424
-0.0589283
-0.0614726
-0.0639366
-0.0662802
-0.0684617
-0.0704377
-0.072163
-0.0735906
-0.0746712
-0.075354
-0.0755855
-0.0753107
-0.0744717
-0.0730086
-0.0708585
-0.0679566
-0.0642361
-0.0596263
-0.054053
-0.0474382
-0.039699
-0.0307468
-0.0204857
-0.00881008
0.00439762
0.019271
0.0359645
0.05466
0.0755749
0.0989729
0.125176
0.154577
0.187647
0.22493
0.267005
0.314372
0.367211
0.424937
0.485232
0.542295
0.58503
0.608974
-0.354588
-0.326469
-0.28417
-0.237485
-0.196409
-0.162259
-0.134319
-0.111739
-0.093686
-0.0792782
-0.067771
-0.0585834
-0.0512682
-0.0454823
-0.0409614
-0.0375006
-0.0349392
-0.0331496
-0.0320284
-0.031491
-0.0314662
-0.0318933
-0.0327195
-0.0338978
-0.0353857
-0.0371437
-0.0391349
-0.0413237
-0.0436756
-0.0461566
-0.0487326
-0.0513694
-0.0540319
-0.0566844
-0.05929
-0.0618103
-0.0642058
-0.0664352
-0.0684555
-0.0702219
-0.0716875
-0.0728036
-0.0735195
-0.073782
-0.0735363
-0.0727248
-0.0712883
-0.0691612
-0.0662796
-0.0625776
-0.057983
-0.0524203
-0.0458096
-0.038066
-0.0290973
-0.0188029
-0.0070709
0.00622523
0.0212316
0.0381206
0.0570995
0.0784237
0.102413
0.129476
0.160139
0.195087
0.235201
0.281595
0.335598
0.398632
0.471789
0.554501
0.641401
0.718924
0.774861
-0.519231
-0.429109
-0.336275
-0.261346
-0.204168
-0.16075
-0.127893
-0.103174
-0.0844444
-0.0700941
-0.0589977
-0.0503692
-0.0436523
-0.0384488
-0.0344693
-0.0315
-0.0293792
-0.0279821
-0.0272101
-0.0269834
-0.0272357
-0.0279107
-0.0289594
-0.0303383
-0.0320077
-0.0339308
-0.0360727
-0.0383998
-0.0408791
-0.0434781
-0.046164
-0.0489035
-0.0516627
-0.0544065
-0.057099
-0.0597026
-0.0621783
-0.0644855
-0.0665818
-0.0684229
-0.0699626
-0.0711525
-0.0719425
-0.0722799
-0.0721108
-0.0713776
-0.0700232
-0.0679758
-0.0651758
-0.0615604
-0.057055
-0.0515834
-0.0450654
-0.0374152
-0.0285395
-0.0183356
-0.00668897
0.00653114
0.0214769
0.0383295
0.05731
0.0786949
0.102838
0.130206
0.16142
0.197336
0.239139
0.288493
0.347715
0.419958
0.509127
0.618832
0.749989
0.89654
1.03071
-0.892017
-0.585167
-0.377891
-0.263282
-0.191208
-0.142115
-0.108397
-0.0848814
-0.0679934
-0.0555309
-0.0461573
-0.0390265
-0.0335826
-0.0294514
-0.0263742
-0.0241663
-0.0226917
-0.0218468
-0.0215502
-0.0217361
-0.0223492
-0.0233424
-0.024674
-0.0263061
-0.0282041
-0.0303351
-0.0326674
-0.0351703
-0.0378133
-0.0405656
-0.0433964
-0.0462738
-0.0491652
-0.052037
-0.0548541
-0.05758
-0.0601767
-0.0626044
-0.0648214
-0.0667843
-0.0684475
-0.0697634
-0.0706822
-0.0711522
-0.0711255
-0.0705404
-0.0693267
-0.0674279
-0.0647899
-0.0613468
-0.0570204
-0.0517362
-0.0454154
-0.0379732
-0.0293173
-0.0193466
-0.00794783
0.00500779
0.0196701
0.0362176
0.0548682
0.0758954
0.099652
0.126607
0.157401
0.192943
0.234556
0.284241
0.345117
0.422138
0.522981
0.659088
0.851467
1.14374
1.52548
-1.60762
-0.801147
-0.409554
-0.24987
-0.165764
-0.114495
-0.0828461
-0.0626964
-0.0491183
-0.0395065
-0.0324777
-0.0272417
-0.0233226
-0.0204226
-0.0183471
-0.0169626
-0.0161722
-0.0159024
-0.0160946
-0.0167004
-0.0176784
-0.0189916
-0.0206067
-0.0224925
-0.0246196
-0.0269593
-0.0294836
-0.0321646
-0.0349743
-0.0378842
-0.040865
-0.0438866
-0.0469179
-0.0499263
-0.052878
-0.0557375
-0.0584677
-0.0610296
-0.0633825
-0.0654835
-0.0672879
-0.0687486
-0.0698155
-0.0704347
-0.0705829
-0.0701757
-0.0691121
-0.0673928
-0.0649544
-0.0617141
-0.0575998
-0.0525397
-0.0464565
-0.0392673
-0.0308823
-0.0212033
-0.0101213
0.00248707
0.0167642
0.0328785
0.0510339
0.0714846
0.0945568
0.120683
0.150458
0.184736
0.224803
0.272704
0.331909
0.408688
0.514737
0.672346
0.933529
1.44317
2.35002
)
;

boundaryField
{
    movingWall
    {
        type            zeroGradient;
    }
    fixedWalls
    {
        type            zeroGradient;
    }
    frontAndBack
    {
        type            empty;
    }
}


// ************************************************************************* //
