/*--------------------------------*- C++ -*----------------------------------*\
  =========                 |
  \\      /  F ield         | OpenFOAM: The Open Source CFD Toolbox
   \\    /   O peration     | Website:  https://openfoam.org
    \\  /    A nd           | Version:  12
     \\/     M anipulation  |
\*---------------------------------------------------------------------------*/
FoamFile
{
    format      ascii;
    class       volScalarField;
    location    "8";
    object      epsilon;
}
// * * * * * * * * * * * * * * * * * * * * * * * * * * * * * * * * * * * * * //

dimensions      [0 2 -3 0 0 0 0];

internalField   nonuniform List<scalar> 
5625
(
2.93232e-07
1.98338e-06
4.41441e-06
7.30383e-06
1.05172e-05
1.39704e-05
1.76072e-05
2.13912e-05
2.53045e-05
2.93457e-05
3.35294e-05
3.7886e-05
4.24601e-05
4.73099e-05
5.25061e-05
5.81308e-05
6.42765e-05
7.10444e-05
7.85441e-05
8.68919e-05
9.62099e-05
0.000106625
0.000118267
0.000131269
0.000145763
0.00016188
0.000179752
0.000199503
0.000221253
0.000245115
0.000271194
0.000299585
0.000330371
0.000363625
0.000399407
0.000437764
0.000478728
0.000522314
0.000568522
0.000617327
0.000668677
0.000722484
0.000778617
0.00083688
0.000896999
0.000958598
0.00102117
0.00108406
0.00114641
0.00120714
0.00126495
0.00131824
0.00136511
0.00140323
0.00142903
0.0014406
0.00144103
0.00142249
0.00138396
0.00132529
0.00124708
0.0011511
0.00104044
0.000919354
0.000792968
0.000666672
0.000545526
0.000433676
0.000333965
0.000247795
0.000175248
0.000115448
6.71305e-05
2.95063e-05
4.34602e-06
5.54071e-07
1.08029e-06
2.16449e-06
3.50377e-06
5.00814e-06
6.63134e-06
8.34457e-06
1.013e-05
1.19786e-05
1.38897e-05
1.58702e-05
1.79342e-05
2.0103e-05
2.24041e-05
2.4871e-05
2.75426e-05
3.0463e-05
3.36804e-05
3.72471e-05
4.12186e-05
4.56535e-05
5.06127e-05
5.61589e-05
6.23562e-05
6.92692e-05
7.69623e-05
8.54994e-05
9.49428e-05
0.000105353
0.000116786
0.000129297
0.000142934
0.000157743
0.000173762
0.000191026
0.00020956
0.000229385
0.000250511
0.00027294
0.000296658
0.00032164
0.000347836
0.000375175
0.000403548
0.000432804
0.000462738
0.000493079
0.000523473
0.000553474
0.000582528
0.000609965
0.000634986
0.000656655
0.000673851
0.000684875
0.000689177
0.000687776
0.000677397
0.00065763
0.000628507
0.00059043
0.000544315
0.000491645
0.000434405
0.000374917
0.000315611
0.000258755
0.000206211
0.000159271
0.000118595
8.42636e-05
5.59474e-05
3.32131e-05
1.61535e-05
8.20419e-06
1.17716e-06
1.05284e-06
1.66827e-06
2.5364e-06
3.54494e-06
4.6478e-06
5.82011e-06
7.04757e-06
8.32317e-06
9.646e-06
1.10207e-05
1.24571e-05
1.397e-05
1.55787e-05
1.73067e-05
1.91815e-05
2.12345e-05
2.34999e-05
2.60154e-05
2.88211e-05
3.19596e-05
3.54759e-05
3.94164e-05
4.38295e-05
4.87644e-05
5.42711e-05
6.04002e-05
6.72019e-05
7.47259e-05
8.30209e-05
9.21338e-05
0.000102109
0.000112988
0.000124809
0.000137604
0.000151402
0.000166222
0.000182075
0.000198962
0.000216868
0.000235763
0.000255595
0.000276282
0.000297713
0.000319735
0.000342149
0.000364701
0.000387076
0.000408889
0.000429682
0.000448927
0.00046602
0.000480279
0.000490882
0.000496569
0.000497756
0.000494292
0.000484515
0.000468276
0.000445732
0.000417287
0.000383668
0.000345937
0.000305445
0.000263728
0.000222363
0.000182805
0.000146253
0.000113544
8.51306e-05
6.1118e-05
4.14067e-05
2.59866e-05
1.57712e-05
1.73611e-05
1.92623e-06
1.26207e-06
1.57827e-06
2.18758e-06
2.94394e-06
3.79266e-06
4.7071e-06
5.67297e-06
6.68345e-06
7.73727e-06
8.83798e-06
9.99348e-06
1.12158e-05
1.25208e-05
1.39279e-05
1.54602e-05
1.71437e-05
1.90078e-05
2.10845e-05
2.34087e-05
2.60179e-05
2.89522e-05
3.22539e-05
3.59675e-05
4.01397e-05
4.48188e-05
5.00547e-05
5.58984e-05
6.24018e-05
6.96169e-05
7.75952e-05
8.63864e-05
9.60376e-05
0.000106592
0.000118088
0.000130555
0.000144012
0.000158468
0.000173911
0.000190314
0.000207622
0.000225757
0.000244601
0.000264007
0.000283781
0.000303691
0.000323458
0.000342756
0.000361209
0.0003784
0.000393873
0.000407142
0.000417702
0.000424642
0.000427422
0.000426722
0.000421729
0.000411632
0.000396374
0.000376125
0.000351241
0.000322327
0.000290248
0.000256096
0.000221112
0.000186567
0.000153631
0.000123263
9.61319e-05
7.26094e-05
5.28271e-05
3.68327e-05
2.4944e-05
1.88201e-05
2.82051e-05
2.7788e-06
1.58708e-06
1.66396e-06
2.08991e-06
2.68163e-06
3.37296e-06
4.13339e-06
4.94727e-06
5.80719e-06
6.71143e-06
7.66287e-06
8.66848e-06
9.73901e-06
1.08888e-05
1.21356e-05
1.35006e-05
1.50081e-05
1.66857e-05
1.85641e-05
2.06771e-05
2.30616e-05
2.57579e-05
2.88091e-05
3.22619e-05
3.61657e-05
4.0573e-05
4.55393e-05
5.11223e-05
5.73817e-05
6.43781e-05
7.21726e-05
8.08237e-05
9.03862e-05
0.00010091
0.000112435
0.00012499
0.000138587
0.000153217
0.000168848
0.000185417
0.00020283
0.00022096
0.000239637
0.000258655
0.000277775
0.000296724
0.000315202
0.000332886
0.000349431
0.000364478
0.000377665
0.000388628
0.000397017
0.000401836
0.000403306
0.000401771
0.000396343
0.000386492
0.000372094
0.000353189
0.000330018
0.000303054
0.000273043
0.000240985
0.000208063
0.000175522
0.000144522
0.000116015
9.06656e-05
6.88447e-05
5.07169e-05
3.6435e-05
2.65769e-05
2.3471e-05
4.02745e-05
3.71979e-06
1.98621e-06
1.85101e-06
2.12998e-06
2.5992e-06
3.18008e-06
3.83725e-06
4.55313e-06
5.31939e-06
6.13381e-06
6.99888e-06
7.92114e-06
8.91089e-06
9.98203e-06
1.11519e-05
1.24415e-05
1.3875e-05
1.54805e-05
1.72894e-05
1.9337e-05
2.16625e-05
2.43092e-05
2.73244e-05
3.076e-05
3.46721e-05
3.91209e-05
4.4171e-05
4.98902e-05
5.63492e-05
6.362e-05
7.1775e-05
8.0881e-05
9.09939e-05
0.000102169
0.000114442
0.00012783
0.000142325
0.000157886
0.000174442
0.000191878
0.000210047
0.00022876
0.000247785
0.000266867
0.000285728
0.000304079
0.000321631
0.00033811
0.000353235
0.000366748
0.000378406
0.00038797
0.000395228
0.000399358
0.00040065
0.000399395
0.000394623
0.00038582
0.000372707
0.000355128
0.000333116
0.000306983
0.000277375
0.000245277
0.000211945
0.000178756
0.00014704
0.000117903
9.21225e-05
7.01408e-05
5.21702e-05
3.84439e-05
2.97593e-05
2.906e-05
5.32135e-05
4.74031e-06
2.44101e-06
2.10702e-06
2.25995e-06
2.63082e-06
3.12853e-06
3.71222e-06
4.36189e-06
5.06825e-06
5.82862e-06
6.64527e-06
7.52472e-06
8.47737e-06
9.51735e-06
1.06626e-05
1.19347e-05
1.33594e-05
1.49663e-05
1.67894e-05
1.88671e-05
2.12428e-05
2.39651e-05
2.70878e-05
3.06705e-05
3.47777e-05
3.94796e-05
4.48521e-05
5.0975e-05
5.79306e-05
6.58022e-05
7.46726e-05
8.46163e-05
9.57001e-05
0.000107968
0.000121444
0.000136118
0.000151947
0.000168842
0.000186668
0.000205244
0.000224344
0.000243706
0.00026305
0.000282085
0.000300524
0.000318104
0.000334595
0.000349802
0.000363592
0.000375858
0.000386512
0.000395461
0.000402559
0.000407364
0.00040953
0.000409593
0.000406552
0.000399713
0.000388548
0.000372623
0.000351732
0.000326004
0.000295987
0.000262681
0.000227471
0.000191967
0.00015778
0.000126297
9.85183e-05
7.50312e-05
5.61295e-05
4.2119e-05
3.39951e-05
3.5271e-05
6.67659e-05
5.83557e-06
2.94226e-06
2.41544e-06
2.45545e-06
2.74379e-06
3.17615e-06
3.70589e-06
4.31063e-06
4.97987e-06
5.71049e-06
6.50475e-06
7.3694e-06
8.3154e-06
9.35772e-06
1.05155e-05
1.1812e-05
1.3275e-05
1.49372e-05
1.6836e-05
1.90145e-05
2.15218e-05
2.44131e-05
2.77506e-05
3.16033e-05
3.60477e-05
4.11667e-05
4.70486e-05
5.37865e-05
6.14757e-05
7.02102e-05
8.00765e-05
9.11524e-05
0.000103498
0.000117141
0.000132078
0.000148259
0.000165582
0.000183891
0.000202977
0.000222578
0.000242395
0.000262111
0.000281409
0.0003
0.000317635
0.00033413
0.000349371
0.000363311
0.000375968
0.000387389
0.000397618
0.00040666
0.000414418
0.000420645
0.000424993
0.000426928
0.000426387
0.00042218
0.0004135
0.000399595
0.000380006
0.000354665
0.000324
0.000289005
0.000251193
0.000212431
0.000174676
0.00013968
0.000108766
8.27502e-05
6.20594e-05
4.70884e-05
3.90237e-05
4.19298e-05
8.07519e-05
7.00347e-06
3.48524e-06
2.76701e-06
2.70255e-06
2.91973e-06
3.29947e-06
3.78946e-06
4.36468e-06
5.0135e-06
5.73244e-06
6.52386e-06
7.39504e-06
8.35782e-06
9.42845e-06
1.06278e-05
1.19814e-05
1.35201e-05
1.52803e-05
1.73045e-05
1.96416e-05
2.23477e-05
2.54867e-05
2.91303e-05
3.33584e-05
3.82596e-05
4.39299e-05
5.04714e-05
5.79899e-05
6.65917e-05
7.63781e-05
8.74383e-05
9.98432e-05
0.000113634
0.000128812
0.000145325
0.000163064
0.000181855
0.000201458
0.000221578
0.000241876
0.000261992
0.000281577
0.000300322
0.000317984
0.000334409
0.000349539
0.000363415
0.000376156
0.000387935
0.000398931
0.000409287
0.000419059
0.00042817
0.000436381
0.000443324
0.000448184
0.000450144
0.000448928
0.0004431
0.000431548
0.000413571
0.000388891
0.000357775
0.000321151
0.000280604
0.000238224
0.000196319
0.000157066
0.000122196
9.28472e-05
6.96548e-05
5.31408e-05
4.46979e-05
4.89348e-05
9.5054e-05
8.24378e-06
4.06767e-06
3.15639e-06
2.99289e-06
3.14736e-06
3.48417e-06
3.94545e-06
4.50331e-06
5.14498e-06
5.86668e-06
6.67106e-06
7.56613e-06
8.56491e-06
9.68534e-06
1.09505e-05
1.23891e-05
1.40357e-05
1.59311e-05
1.81236e-05
2.0669e-05
2.36317e-05
2.70849e-05
3.11115e-05
3.58035e-05
4.12625e-05
4.75981e-05
5.49253e-05
6.33614e-05
7.30205e-05
8.40062e-05
9.64023e-05
0.000110262
0.000125597
0.00014236
0.000160438
0.000179644
0.000199717
0.000220326
0.000241091
0.00026161
0.000281492
0.000300396
0.000318068
0.000334366
0.000349272
0.000362893
0.000375434
0.000387173
0.000398405
0.000409399
0.000420343
0.000431297
0.000442157
0.000452632
0.000462236
0.000470238
0.00047516
0.000476575
0.000473811
0.00046491
0.000448942
0.000425417
0.00039439
0.000356635
0.000313708
0.000267834
0.000221636
0.000177734
0.000138346
0.000105033
7.87291e-05
6.01503e-05
5.09315e-05
5.62304e-05
0.000109621
9.55762e-06
4.68871e-06
3.58051e-06
3.32134e-06
3.41942e-06
3.72104e-06
4.16265e-06
4.7132e-06
5.35884e-06
6.09554e-06
6.92636e-06
7.86025e-06
8.91171e-06
1.01008e-05
1.14533e-05
1.30013e-05
1.47838e-05
1.68473e-05
1.92462e-05
2.20444e-05
2.53152e-05
2.91426e-05
3.3621e-05
3.88556e-05
4.4961e-05
5.206e-05
6.02793e-05
6.97447e-05
8.05733e-05
9.2864e-05
0.000106685
0.00012206
0.000138953
0.000157255
0.000176775
0.000197233
0.000218273
0.000239476
0.000260394
0.00028059
0.00029968
0.000317383
0.00033355
0.000348181
0.000361426
0.000373559
0.000384938
0.000395956
0.000406988
0.000418332
0.000430167
0.000442516
0.000455219
0.000467917
0.00048004
0.000490793
0.000498982
0.000502743
0.000502855
0.000496867
0.000483351
0.000461621
0.000431466
0.00039341
0.000348846
0.00030001
0.000249753
0.000201122
0.000156877
0.000119111
8.91672e-05
6.80422e-05
5.76761e-05
6.37802e-05
0.000124399
1.09472e-05
5.34851e-06
4.03775e-06
3.68463e-06
3.7311e-06
4.00398e-06
4.43356e-06
4.98552e-06
5.64485e-06
6.40735e-06
7.27659e-06
8.26268e-06
9.38185e-06
1.06565e-05
1.21158e-05
1.37956e-05
1.574e-05
1.80015e-05
2.06419e-05
2.37335e-05
2.73598e-05
3.16158e-05
3.66083e-05
4.24555e-05
4.92851e-05
5.72316e-05
6.64308e-05
7.70125e-05
8.90909e-05
0.000102751
0.000118033
0.000134917
0.000153306
0.000173011
0.000193748
0.000215141
0.00023674
0.000258053
0.00027859
0.000297921
0.000315718
0.000331806
0.000346183
0.000359019
0.000370632
0.000381444
0.000391925
0.000402533
0.00041366
0.00042558
0.000438422
0.000452145
0.000466525
0.000481151
0.000495408
0.000508473
0.000519381
0.00052602
0.000528214
0.000525354
0.000514729
0.000495485
0.000467115
0.000429795
0.00038462
0.00033368
0.000279921
0.000226759
0.000177527
0.000134946
0.000100902
7.67754e-05
6.49096e-05
7.15698e-05
0.000139379
1.24155e-05
6.04788e-06
4.52745e-06
4.08083e-06
4.07923e-06
4.32888e-06
4.75309e-06
5.31422e-06
5.99603e-06
6.7942e-06
7.7129e-06
8.76353e-06
9.96434e-06
1.13405e-05
1.29245e-05
1.47571e-05
1.68875e-05
1.93751e-05
2.22895e-05
2.57124e-05
2.97377e-05
3.4472e-05
4.00348e-05
4.65568e-05
5.41777e-05
6.30415e-05
7.32893e-05
8.50497e-05
9.84252e-05
0.000113476
0.000130203
0.000148527
0.000168274
0.000189165
0.000210815
0.000232752
0.000254447
0.00027536
0.000295001
0.00031299
0.000329104
0.000343315
0.000355791
0.000366874
0.000377028
0.000386785
0.00039667
0.000407147
0.000418571
0.000431153
0.000444946
0.000459838
0.000475556
0.000491662
0.000507546
0.000522427
0.000535426
0.000544871
0.000549037
0.000549053
0.000541693
0.00052558
0.00049991
0.000464442
0.000419847
0.000367898
0.000311467
0.000254228
0.000200072
0.00015244
0.000113898
8.63357e-05
7.26297e-05
7.96019e-05
0.000154576
1.39664e-05
6.78816e-06
5.04962e-06
4.50888e-06
4.46178e-06
4.693e-06
5.11777e-06
5.69517e-06
6.40764e-06
7.25069e-06
8.22922e-06
9.35607e-06
1.06517e-05
1.21443e-05
1.38703e-05
1.58752e-05
1.82145e-05
2.09546e-05
2.41736e-05
2.79628e-05
3.24272e-05
3.76851e-05
4.38682e-05
5.1119e-05
5.95871e-05
6.94229e-05
8.07681e-05
9.37425e-05
0.000108428
0.00012485
0.000142953
0.000162587
0.000183489
0.000205281
0.000227481
0.00024953
0.000270844
0.000290872
0.000309169
0.00032545
0.000339639
0.000351877
0.000362507
0.00037202
0.000380989
0.00039
0.000399577
0.000410137
0.000421959
0.000435167
0.000449733
0.000465486
0.00048212
0.000499207
0.000516181
0.000532337
0.000546858
0.000558549
0.000565292
0.000567348
0.000563519
0.000551042
0.000528869
0.000496318
0.000453538
0.000401818
0.000343759
0.000283125
0.000224305
0.000171514
0.000128137
9.673e-05
8.08493e-05
8.78908e-05
0.000170026
1.56042e-05
7.57107e-06
5.60479e-06
4.96833e-06
4.87763e-06
5.09449e-06
5.52525e-06
6.12558e-06
6.87644e-06
7.77318e-06
8.82145e-06
1.00357e-05
1.14387e-05
1.30621e-05
1.49464e-05
1.71425e-05
1.97123e-05
2.27297e-05
2.62818e-05
3.04699e-05
3.54099e-05
4.12318e-05
4.80786e-05
5.61031e-05
6.54622e-05
7.63086e-05
8.87781e-05
0.000102974
0.000118948
0.000136676
0.000156037
0.000176797
0.000198597
0.000220959
0.00024331
0.000265031
0.000285513
0.000304238
0.000320847
0.000335194
0.000347373
0.000357699
0.000366672
0.000374896
0.000383003
0.000391577
0.00040109
0.000411874
0.000424113
0.000437836
0.000452943
0.000469219
0.000486355
0.000503959
0.000521532
0.000538476
0.000554095
0.000567373
0.000576694
0.000580661
0.000580072
0.000571528
0.000553437
0.000524694
0.000484883
0.00043467
0.000376174
0.000313036
0.000250009
0.000192089
0.000143613
0.000107977
8.95917e-05
9.64595e-05
0.000185772
1.73338e-05
8.39865e-06
6.19383e-06
5.45926e-06
5.32624e-06
5.53227e-06
5.97407e-06
6.60365e-06
7.40034e-06
8.35926e-06
9.48686e-06
1.07992e-05
1.23219e-05
1.40897e-05
1.6148e-05
1.85532e-05
2.13739e-05
2.46919e-05
2.86035e-05
3.322e-05
3.86682e-05
4.50891e-05
5.26359e-05
6.14692e-05
7.17498e-05
8.36274e-05
9.72257e-05
0.000112622
0.000129827
0.000148756
0.000169212
0.000190869
0.000213269
0.000235841
0.000257943
0.000278918
0.000298177
0.000315276
0.000329982
0.000342315
0.000352544
0.000361149
0.00036875
0.00037602
0.000383595
0.000392012
0.000401655
0.000412745
0.00042537
0.000439471
0.000454892
0.000471397
0.00048869
0.000506419
0.000524178
0.000541479
0.000557751
0.000572124
0.000583581
0.000589967
0.000591705
0.000587162
0.000573457
0.000549145
0.000513262
0.000465769
0.000408098
0.000343517
0.000276936
0.000214075
0.000160323
0.0001201
9.88874e-05
0.000105336
0.000201866
1.91605e-05
9.27323e-06
6.81793e-06
5.98211e-06
5.8075e-06
6.0058e-06
6.46341e-06
7.12832e-06
7.97806e-06
9.00745e-06
1.02237e-05
1.16447e-05
1.32986e-05
1.52242e-05
1.74714e-05
2.01026e-05
2.31932e-05
2.68334e-05
3.11285e-05
3.61999e-05
4.21846e-05
4.92335e-05
5.75081e-05
6.71743e-05
7.83924e-05
9.13036e-05
0.000106011
0.000122558
0.000140902
0.000160891
0.000182241
0.000204532
0.000227211
0.000249631
0.000271101
0.000290968
0.000308699
0.000323963
0.000336684
0.000347057
0.00035552
0.000362687
0.000369255
0.000375932
0.000383315
0.000391803
0.000401698
0.000413138
0.000426105
0.000440467
0.000456031
0.000472555
0.00048977
0.000507381
0.000525057
0.000542423
0.000559016
0.000574117
0.000586943
0.000595843
0.000599498
0.000598454
0.00058914
0.000569549
0.000538266
0.00049453
0.00043893
0.000374085
0.000304792
0.000237352
0.000178251
0.000133125
0.000108771
0.00011455
0.000218359
2.10903e-05
1.01974e-05
7.47851e-06
6.5376e-06
6.32168e-06
6.515e-06
6.993e-06
7.69915e-06
8.609e-06
9.71695e-06
1.1031e-05
1.25708e-05
1.43673e-05
1.64632e-05
1.89135e-05
2.17863e-05
2.51646e-05
2.91465e-05
3.38465e-05
3.93954e-05
4.59397e-05
5.36389e-05
6.26604e-05
7.31718e-05
8.53281e-05
9.92555e-05
0.000115029
0.000132649
0.000152011
0.000172886
0.000194901
0.000217542
0.000240176
0.000262097
0.0002826
0.000301069
0.000317068
0.000330409
0.000341187
0.000349769
0.000356741
0.000362811
0.000368785
0.000375198
0.000382589
0.000391342
0.000401626
0.000413441
0.000426722
0.000441276
0.000456887
0.000473319
0.000490343
0.000507721
0.00052519
0.000542465
0.000559162
0.000574667
0.000588314
0.000599104
0.000604856
0.000606207
0.000601017
0.000586088
0.000559722
0.000520511
0.000468107
0.00040423
0.000333234
0.000261759
0.000197368
0.000147076
0.000119276
0.000124133
0.000235299
2.31291e-05
1.11738e-05
8.17718e-06
7.12671e-06
6.86936e-06
7.06017e-06
7.56294e-06
8.31612e-06
9.29304e-06
1.04875e-05
1.19081e-05
1.35765e-05
1.55265e-05
1.78047e-05
2.04711e-05
2.36003e-05
2.72822e-05
3.16231e-05
3.67461e-05
4.2791e-05
4.99126e-05
5.82768e-05
6.80545e-05
7.94106e-05
9.249e-05
0.000107397
0.000124171
0.00014276
0.000162992
0.000184555
0.000206988
0.000229693
0.00025197
0.000273083
0.000292345
0.000309216
0.000323385
0.000334827
0.000343811
0.000350859
0.00035668
0.000362115
0.000367697
0.000374128
0.000381822
0.000391022
0.000401776
0.000414024
0.000427626
0.000442358
0.000457996
0.000474326
0.000491151
0.000508277
0.000525499
0.000542594
0.000559244
0.00057492
0.000589074
0.000600926
0.000608697
0.000611669
0.000609879
0.000599226
0.000577708
0.000543443
0.000495145
0.000433433
0.000361866
0.000287088
0.000217616
0.000161967
0.000130433
0.000134112
0.000252727
2.52837e-05
1.22055e-05
8.91575e-06
7.75061e-06
7.45136e-06
7.64189e-06
8.17367e-06
8.97961e-06
1.00304e-05
1.13192e-05
1.28551e-05
1.46614e-05
1.6775e-05
1.92466e-05
2.21414e-05
2.554e-05
2.95395e-05
3.42539e-05
3.98146e-05
4.63693e-05
5.40795e-05
6.31156e-05
7.36481e-05
8.58357e-05
9.98069e-05
0.000115638
0.000133325
0.000152758
0.000173691
0.000195729
0.000218329
0.000240819
0.000262457
0.000282505
0.00030033
0.000315495
0.000327839
0.000337505
0.000344928
0.000350768
0.000355879
0.00036084
0.00036644
0.000373186
0.000381389
0.000391161
0.000402461
0.000415226
0.000429195
0.000444147
0.000459864
0.000476155
0.000492849
0.000509788
0.000526809
0.000543731
0.000560274
0.000575973
0.000590353
0.000602728
0.000611934
0.000616226
0.000616697
0.000609676
0.000592566
0.000563275
0.000519683
0.000461202
0.000390256
0.000313083
0.000238905
0.000177803
0.000142267
0.000144512
0.000270678
2.75608e-05
1.32956e-05
9.69614e-06
8.41064e-06
8.06874e-06
8.26101e-06
8.82595e-06
9.69029e-06
1.08218e-05
1.22124e-05
1.38718e-05
1.5825e-05
1.81119e-05
2.07871e-05
2.3921e-05
2.76004e-05
3.19291e-05
3.70287e-05
4.30378e-05
5.01108e-05
5.84144e-05
6.81203e-05
7.93959e-05
9.23883e-05
0.000107205
0.000123887
0.000142382
0.000162515
0.000183967
0.000206263
0.000228783
0.000250804
0.000271563
0.000290354
0.000306623
0.000320065
0.000330678
0.00033877
0.000344917
0.000349981
0.000354551
0.000359486
0.000365397
0.000372693
0.000381554
0.000391992
0.000404006
0.000417346
0.000431753
0.000447008
0.000462902
0.000479261
0.00049594
0.000512812
0.000529738
0.000546565
0.000563033
0.000578709
0.000593146
0.000605709
0.000615594
0.000620996
0.000622611
0.000618343
0.000604879
0.000580191
0.000541528
0.00048711
0.000417958
0.000339437
0.000261109
0.000194576
0.000154786
0.000155353
0.000289176
2.99679e-05
1.44475e-05
1.05205e-05
9.10832e-06
8.72267e-06
8.91858e-06
9.52077e-06
1.04491e-05
1.16679e-05
1.31677e-05
1.49586e-05
1.7067e-05
1.95357e-05
2.24236e-05
2.5806e-05
2.97755e-05
3.44426e-05
3.99355e-05
4.63993e-05
5.39937e-05
6.28881e-05
7.32533e-05
8.52492e-05
9.90072e-05
0.000114608
0.000132052
0.000151235
0.000171914
0.000193697
0.000216034
0.000238247
0.000259578
0.000279272
0.000296681
0.000311358
0.000323142
0.000332193
0.000338969
0.000344266
0.000348696
0.000353168
0.000358381
0.000364857
0.000372872
0.000382502
0.00039383
0.000406617
0.000420602
0.000435537
0.000451195
0.000467379
0.000483933
0.000500735
0.000517682
0.000534657
0.000551521
0.000568019
0.000583724
0.000598183
0.000610777
0.000620802
0.00062672
0.00062886
0.000626249
0.00061543
0.000594609
0.000560688
0.000510846
0.000444542
0.000365809
0.000284063
0.000212271
0.000167973
0.000166654
0.000308237
3.25134e-05
1.56648e-05
1.1391e-05
9.84526e-06
9.41448e-06
9.61584e-06
1.02593e-05
1.12571e-05
1.25697e-05
1.41858e-05
1.61155e-05
1.83867e-05
2.10451e-05
2.41533e-05
2.77917e-05
3.20585e-05
3.70702e-05
4.29609e-05
4.98811e-05
5.7994e-05
6.74695e-05
7.84743e-05
9.11572e-05
0.00010563
0.00012194
0.000140047
0.000159786
0.000180851
0.000202778
0.000224955
0.000246658
0.000267121
0.000285622
0.000301592
0.000314713
0.000324973
0.000332687
0.000338515
0.000343107
0.000347349
0.000352034
0.000357791
0.000365018
0.000373869
0.000384533
0.000396797
0.000410419
0.000425133
0.000440682
0.00045684
0.00047342
0.000490288
0.000507344
0.000524508
0.000541685
0.000558748
0.00057544
0.000591316
0.000605882
0.000618478
0.00062839
0.000634264
0.000636478
0.000634446
0.000625145
0.00060716
0.000577389
0.000532247
0.000469627
0.000391835
0.000307562
0.000230825
0.00018183
0.000178423
0.000327866
3.52051e-05
1.69513e-05
1.23101e-05
1.06232e-05
1.01456e-05
1.03542e-05
1.10429e-05
1.21157e-05
1.35283e-05
1.52674e-05
1.73426e-05
1.97835e-05
2.2638e-05
2.59728e-05
2.98729e-05
3.44416e-05
3.9801e-05
4.60901e-05
5.34633e-05
6.20857e-05
7.21252e-05
8.37412e-05
9.70681e-05
0.000112193
0.000129129
0.000147787
0.000167947
0.000189237
0.00021113
0.000232965
0.000253993
0.000273457
0.000290694
0.000305236
0.0003169
0.000325825
0.000332483
0.000337569
0.000341857
0.00034622
0.00035139
0.000357898
0.000365983
0.000375967
0.000387694
0.000400953
0.000415479
0.000430989
0.00044722
0.000463948
0.000481005
0.000498275
0.000515688
0.000533192
0.000550717
0.00056815
0.000585233
0.000601493
0.000616368
0.000629098
0.000638859
0.000644333
0.0006463
0.000643931
0.000635012
0.000618642
0.000592066
0.000551326
0.000492921
0.000417153
0.000331363
0.000250144
0.000196356
0.000190667
0.000348063
3.80512e-05
1.83105e-05
1.328e-05
1.14439e-05
1.09178e-05
1.11351e-05
1.18731e-05
1.30261e-05
1.45448e-05
1.64131e-05
1.864e-05
2.12562e-05
2.43121e-05
2.7878e-05
3.20432e-05
3.69158e-05
4.26225e-05
4.93064e-05
5.71242e-05
6.62409e-05
7.68201e-05
8.90109e-05
0.00010293
0.000118637
0.000136106
0.000155201
0.000175643
0.000197003
0.000218701
0.000240039
0.000260263
0.000278649
0.000294609
0.00030779
0.000318146
0.000325951
0.000331848
0.000336484
0.000340777
0.000345535
0.000351421
0.000358761
0.000368028
0.000379167
0.000392011
0.000406316
0.000421789
0.000438132
0.000455078
0.000472412
0.000489983
0.000507703
0.000525537
0.000543469
0.00056146
0.000579423
0.000597108
0.000614012
0.000629491
0.000642649
0.000652406
0.000657393
0.000658935
0.000655575
0.000646008
0.000629952
0.000605339
0.000568291
0.000514253
0.000441426
0.000355203
0.000270115
0.000211531
0.000203385
0.000368818
4.10603e-05
1.97466e-05
1.43035e-05
1.23095e-05
1.17326e-05
1.19603e-05
1.27515e-05
1.399e-05
1.56204e-05
1.76235e-05
2.00073e-05
2.28034e-05
2.60645e-05
2.9864e-05
3.42954e-05
3.94709e-05
4.5521e-05
5.25918e-05
6.08408e-05
7.04307e-05
8.15184e-05
9.42403e-05
0.000108692
0.000124903
0.000142808
0.000162222
0.000182814
0.000204101
0.000225463
0.000246182
0.000265515
0.000282791
0.000297513
0.000309448
0.000318689
0.000325668
0.000330991
0.000335507
0.000340078
0.000345468
0.000352133
0.000360653
0.000371133
0.000383471
0.000397469
0.000412843
0.000429273
0.000446448
0.000464101
0.000482031
0.000500108
0.000518279
0.000536551
0.000554953
0.000573494
0.000592122
0.000610609
0.000628433
0.000644872
0.000658898
0.000668942
0.000673646
0.000674748
0.00067006
0.000659018
0.000642023
0.000617965
0.000583529
0.000533592
0.000464371
0.000378803
0.000290603
0.00022732
0.000216571
0.000390114
4.42417e-05
2.12636e-05
1.53831e-05
1.32218e-05
1.25919e-05
1.28316e-05
1.36798e-05
1.50088e-05
1.67562e-05
1.88991e-05
2.14441e-05
2.44233e-05
2.78915e-05
3.19252e-05
3.66213e-05
4.20957e-05
4.84818e-05
5.59271e-05
6.45888e-05
7.46252e-05
8.61843e-05
9.93871e-05
0.000114306
0.000130939
0.000149181
0.0001688
0.000189416
0.000210504
0.000231414
0.000251425
0.000269823
0.000286003
0.000299569
0.000310411
0.000318734
0.000325101
0.000330177
0.000334839
0.000339924
0.000346025
0.000353801
0.000363557
0.00037528
0.000388847
0.000404006
0.000420436
0.000437794
0.000455761
0.000474073
0.000492542
0.000511071
0.000529647
0.000548327
0.0005672
0.000586333
0.000605721
0.000625178
0.000644182
0.000661944
0.00067731
0.000688225
0.000693049
0.00069385
0.000687838
0.000674777
0.00065575
0.000630784
0.00059759
0.000551066
0.000485782
0.000401887
0.000311451
0.000243672
0.000230215
0.000411931
4.76051e-05
2.28658e-05
1.65217e-05
1.41832e-05
1.34978e-05
1.37508e-05
1.46598e-05
1.60841e-05
1.79533e-05
2.02401e-05
2.29495e-05
2.61135e-05
2.97891e-05
3.40552e-05
3.90119e-05
4.47781e-05
5.14889e-05
5.92925e-05
6.83435e-05
7.87945e-05
9.07826e-05
0.000104411
0.000119728
0.0001367
0.000155181
0.000174896
0.000195424
0.000216206
0.000236576
0.000255825
0.000273283
0.000288422
0.000300952
0.000310881
0.000318546
0.000324514
0.000329596
0.000334637
0.000340344
0.000347442
0.000356437
0.000367442
0.000380435
0.000395227
0.000411519
0.000428957
0.000447178
0.000465857
0.000484736
0.000503651
0.000522538
0.000541434
0.000560453
0.000579755
0.000599477
0.000619678
0.000640227
0.000660631
0.000680051
0.000697214
0.000709782
0.000715321
0.000716116
0.000709113
0.000693825
0.000671924
0.000644657
0.000611147
0.000566955
0.000505554
0.000424195
0.000332485
0.000260523
0.000244299
0.00043424
5.11606e-05
2.45578e-05
1.77221e-05
1.51958e-05
1.44523e-05
1.47201e-05
1.56936e-05
1.72175e-05
1.92128e-05
2.16467e-05
2.45222e-05
2.78713e-05
3.17524e-05
3.62469e-05
4.14575e-05
4.7505e-05
5.45258e-05
6.26672e-05
7.20801e-05
8.29095e-05
9.52798e-05
0.000109276
0.00012492
0.000142146
0.000160772
0.000180484
0.000200827
0.000221219
0.000240991
0.000259458
0.000276007
0.000290193
0.000301832
0.00031104
0.000318241
0.000324086
0.000329403
0.000334951
0.000341517
0.000349775
0.000359993
0.000372276
0.00038653
0.00040251
0.000419874
0.000438237
0.000457222
0.0004765
0.000495826
0.000515061
0.000534183
0.000553284
0.000572545
0.000592201
0.000612471
0.000633489
0.0006552
0.000677166
0.000698525
0.000717895
0.000732939
0.000739984
0.000741218
0.00073384
0.000716475
0.000691189
0.000660404
0.000624947
0.000581683
0.000523694
0.000445503
0.000353515
0.000277798
0.0002588
0.000457008
5.49187e-05
2.63445e-05
1.89873e-05
1.6262e-05
1.54575e-05
1.57415e-05
1.67829e-05
1.84107e-05
2.05355e-05
2.31188e-05
2.61608e-05
2.96934e-05
3.37761e-05
3.84926e-05
4.39473e-05
5.02628e-05
5.75756e-05
6.60307e-05
7.57742e-05
8.69422e-05
9.96449e-05
0.000113948
0.000129848
0.000147248
0.000165933
0.000185556
0.000205635
0.000225576
0.00024472
0.000262418
0.000278119
0.000291467
0.000302377
0.000311065
0.000318027
0.000323967
0.000329658
0.00033592
0.000343551
0.000352972
0.000364444
0.000377997
0.000393472
0.000410572
0.000428916
0.000448095
0.000467717
0.000487457
0.000507086
0.000526498
0.000545716
0.000564892
0.00058428
0.000604192
0.000624937
0.000646735
0.000669621
0.000693243
0.000716754
0.0007387
0.000756863
0.000766411
0.000768671
0.000761744
0.000742807
0.000714001
0.000678756
0.000639765
0.000595785
0.000540332
0.000465636
0.000374345
0.000295407
0.000273688
0.000480196
5.88907e-05
2.82306e-05
2.03206e-05
1.73844e-05
1.65158e-05
1.68172e-05
1.79301e-05
1.96653e-05
2.19222e-05
2.46559e-05
2.78633e-05
3.1576e-05
3.58544e-05
4.07838e-05
4.64705e-05
5.30377e-05
6.06211e-05
6.93628e-05
7.94027e-05
9.08667e-05
0.000103851
0.0001184
0.000134487
0.000151987
0.000170654
0.000190114
0.00020987
0.000229325
0.000247839
0.000264807
0.000279747
0.000292392
0.000302746
0.000311115
0.000318042
0.000324215
0.000330485
0.000337688
0.000346393
0.000357017
0.00036974
0.000384525
0.000401152
0.000419278
0.000438487
0.000458347
0.000478462
0.000498512
0.000518292
0.000537731
0.000556904
0.000576023
0.000595415
0.000615474
0.0006366
0.000659105
0.000683128
0.000708425
0.000734215
0.000759058
0.000780693
0.000793882
0.000797892
0.000792352
0.000772673
0.000740609
0.000700308
0.000656355
0.000609881
0.00055571
0.000484483
0.000394778
0.000313251
0.000288926
0.000503755
6.30883e-05
3.02214e-05
2.17251e-05
1.85655e-05
1.76297e-05
1.79496e-05
1.9137e-05
2.09828e-05
2.33737e-05
2.62575e-05
2.96276e-05
3.3515e-05
3.79808e-05
4.3112e-05
4.90159e-05
5.58158e-05
6.36459e-05
7.26444e-05
8.29442e-05
9.46604e-05
0.000107874
0.000122611
0.00013882
0.000156351
0.000174935
0.000194177
0.00021357
0.000232526
0.000250433
0.000266735
0.000281024
0.00029311
0.00030308
0.000311297
0.000318342
0.000324974
0.000332043
0.000340211
0.00035004
0.000361872
0.000375816
0.000391767
0.000409453
0.000428488
0.000448427
0.000468822
0.000489275
0.000509481
0.00052926
0.000548584
0.000567578
0.000586518
0.0006058
0.000625898
0.000647298
0.000670413
0.000695486
0.000722407
0.000750497
0.000778377
0.000803768
0.000821627
0.00082827
0.000825036
0.000805717
0.000771048
0.000725497
0.000675402
0.000624634
0.000570181
0.000502011
0.000414628
0.000331222
0.000304471
0.000527631
6.75236e-05
3.23224e-05
2.32044e-05
1.98081e-05
1.88017e-05
1.91413e-05
2.0406e-05
2.23648e-05
2.48905e-05
2.79227e-05
3.14511e-05
3.55058e-05
4.01489e-05
4.54682e-05
5.15721e-05
5.85835e-05
6.66342e-05
7.58578e-05
8.63797e-05
9.83038e-05
0.000111696
0.000126565
0.000142838
0.000160342
0.00017879
0.000197774
0.000216786
0.000235252
0.000252597
0.000268319
0.000282076
0.000293757
0.000303515
0.000311753
0.000319112
0.00032639
0.000334305
0.0003435
0.000354471
0.000367489
0.000382595
0.000399625
0.000418257
0.000438068
0.00045859
0.000479368
0.000500006
0.000520218
0.000539858
0.000558939
0.000577641
0.000596298
0.000615372
0.000635408
0.000656978
0.00068059
0.000706596
0.000735027
0.000765343
0.000796266
0.000825523
0.000848808
0.000859257
0.000859058
0.000841412
0.000805148
0.000754574
0.000697492
0.000640713
0.000584182
0.000518264
0.000433725
0.000349204
0.000320271
0.00055176
7.22095e-05
3.45391e-05
2.4762e-05
2.1115e-05
2.00344e-05
2.03946e-05
2.17393e-05
2.38129e-05
2.6473e-05
2.96504e-05
3.33311e-05
3.75439e-05
4.23518e-05
4.78438e-05
5.41285e-05
6.13281e-05
6.95717e-05
7.89877e-05
8.96936e-05
0.000101782
0.000115306
0.000130255
0.00014654
0.00016397
0.000182243
0.000200946
0.000219577
0.000237584
0.000254431
0.000269671
0.00028303
0.000294461
0.000304176
0.00031262
0.000320453
0.00032846
0.000337296
0.000347548
0.000359652
0.00037381
0.000389999
0.000407999
0.000427449
0.000447894
0.00046885
0.000489857
0.000510535
0.000530619
0.000550001
0.000568737
0.000587058
0.000605354
0.000624143
0.000644037
0.000665682
0.000689676
0.000716478
0.00074626
0.000778653
0.000812523
0.000845662
0.000874402
0.000890483
0.00089361
0.000879099
0.000842548
0.000787607
0.00072308
0.000658758
0.000598215
0.000533372
0.000451926
0.000367078
0.000336266
0.000576072
7.71595e-05
3.68776e-05
2.64016e-05
2.24893e-05
2.13308e-05
2.17124e-05
2.31391e-05
2.53286e-05
2.81216e-05
3.14396e-05
3.52645e-05
3.96243e-05
4.45829e-05
5.02301e-05
5.66749e-05
6.40382e-05
7.24461e-05
8.20215e-05
9.2874e-05
0.000105086
0.000118696
0.000133681
0.000149935
0.000167254
0.000185328
0.000203745
0.000222013
0.000239609
0.000256037
0.000270907
0.000284003
0.000295338
0.000305167
0.000313964
0.000322392
0.000331225
0.000341024
0.000352339
0.000365542
0.000380773
0.000397947
0.000416798
0.000436927
0.000457859
0.0004791
0.000500195
0.00052078
0.000540623
0.000559651
0.000577968
0.00059585
0.000613734
0.000632191
0.000651887
0.000673529
0.000697798
0.000725252
0.000756202
0.000790465
0.000827101
0.000864092
0.000897986
0.000920882
0.000928191
0.000918038
0.000882728
0.000824477
0.000752479
0.00067935
0.000612816
0.000547541
0.000469123
0.00038472
0.000352391
0.000600484
8.23878e-05
3.93437e-05
2.8127e-05
2.39339e-05
2.26937e-05
2.30974e-05
2.46079e-05
2.69134e-05
2.98365e-05
3.32889e-05
3.72484e-05
4.17425e-05
4.68359e-05
5.26195e-05
5.92024e-05
6.67042e-05
7.52475e-05
8.495e-05
9.59136e-05
0.000108211
0.000121869
0.000136852
0.000153042
0.000170226
0.000188091
0.00020623
0.00022417
0.000241417
0.000257519
0.000272136
0.000285107
0.000296493
0.000306582
0.00031586
0.000324989
0.000334698
0.00034549
0.000357849
0.000372099
0.000388318
0.000406365
0.000425936
0.000446603
0.000467876
0.00048926
0.000510312
0.000530694
0.000550204
0.000568813
0.000586664
0.000604077
0.000621532
0.000639639
0.000659106
0.000680692
0.000705145
0.000733115
0.000765039
0.000800926
0.000840061
0.000880657
0.000919437
0.000949705
0.000962303
0.000957449
0.000925039
0.000864891
0.000785847
0.000702981
0.00062853
0.000561047
0.000485247
0.000402011
0.000368571
0.000624907
8.79089e-05
4.19441e-05
2.99422e-05
2.54522e-05
2.41262e-05
2.45525e-05
2.6148e-05
2.85687e-05
3.16179e-05
3.51969e-05
3.92798e-05
4.38939e-05
4.9105e-05
5.50053e-05
6.17038e-05
6.93187e-05
7.79694e-05
8.77683e-05
9.88101e-05
0.000111159
0.000124832
0.000139782
0.000155885
0.000172923
0.000190583
0.000208469
0.000226129
0.000243103
0.000258978
0.000273465
0.000286447
0.000298022
0.000308503
0.000318371
0.000328284
0.000338889
0.000350685
0.000364053
0.000379282
0.000396389
0.000415189
0.000435344
0.000456406
0.000477879
0.000499275
0.000520172
0.000540257
0.00055937
0.000577518
0.000594886
0.000611832
0.000628868
0.000646635
0.000665872
0.000687376
0.000711945
0.00074031
0.000773022
0.000810274
0.000851585
0.000895443
0.000938769
0.000976241
0.000995607
0.000996544
0.000968749
0.000908401
0.000823184
0.000730049
0.000645886
0.000574223
0.000500278
0.000418833
0.000384727
0.000649243
9.37383e-05
4.46851e-05
3.18513e-05
2.70474e-05
2.56316e-05
2.60807e-05
2.77619e-05
3.02961e-05
3.34659e-05
3.71624e-05
4.13561e-05
4.60746e-05
5.13855e-05
5.73822e-05
6.41739e-05
7.18774e-05
8.06089e-05
9.04761e-05
0.000101567
0.000113939
0.0001276
0.000142498
0.000158502
0.000175393
0.000192865
0.000210536
0.000227978
0.000244762
0.000260518
0.000274996
0.000288119
0.000300012
0.000310998
0.00032155
0.000332293
0.000343828
0.000356604
0.000370931
0.000387054
0.000404939
0.000424364
0.000444965
0.000466284
0.000487825
0.000509115
0.000529759
0.000549479
0.000568152
0.000585824
0.000602718
0.000619222
0.000635875
0.00065334
0.000672373
0.000693796
0.000718444
0.00074711
0.000780443
0.000818801
0.000861947
0.000908676
0.000956265
0.000999858
0.00102781
0.00103464
0.00101309
0.000954429
0.000864328
0.000760845
0.000665372
0.000587443
0.000514243
0.000435077
0.000400772
0.000673387
9.98917e-05
4.75734e-05
3.38583e-05
2.8723e-05
2.72131e-05
2.76851e-05
2.94521e-05
3.2097e-05
3.53807e-05
3.91841e-05
4.34748e-05
4.82816e-05
5.36739e-05
5.9747e-05
6.66104e-05
7.43794e-05
8.31677e-05
9.30786e-05
0.000104195
0.000116567
0.000130199
0.000145033
0.000160936
0.000177693
0.000195006
0.000212511
0.000229804
0.000246491
0.000262236
0.000276827
0.000290215
0.000302542
0.000314129
0.000325434
0.000337046
0.000349527
0.000363245
0.000378467
0.000395388
0.000413934
0.000433852
0.000454762
0.000476203
0.000497689
0.000518771
0.000539084
0.000558387
0.000576598
0.000593801
0.000610251
0.000626362
0.000642692
0.000659914
0.000678795
0.000700167
0.000724886
0.000753789
0.000787606
0.000826836
0.000871473
0.000920632
0.000971984
0.00102105
0.0010579
0.00107146
0.0010573
0.00100229
0.00090898
0.000795484
0.00068744
0.000601107
0.00052722
0.000450639
0.000416613
0.000697225
0.000106385
5.06161e-05
3.59676e-05
3.04825e-05
2.88742e-05
2.93688e-05
3.1221e-05
3.39729e-05
3.73626e-05
4.12612e-05
4.56344e-05
5.05127e-05
5.59685e-05
6.20989e-05
6.90141e-05
7.68283e-05
8.56528e-05
9.55872e-05
0.00010671
0.000119068
0.000132661
0.000147428
0.00016324
0.000179885
0.00019708
0.000214478
0.000231702
0.000248387
0.000264232
0.000279052
0.00029282
0.000305685
0.000317957
0.00033007
0.000342578
0.000355989
0.000370608
0.000386649
0.000404264
0.000423348
0.000443628
0.000464714
0.00048615
0.000507471
0.000528255
0.000548173
0.000567027
0.000584771
0.000601528
0.000617581
0.000633365
0.000649448
0.000666508
0.000685311
0.000706688
0.000731502
0.000760614
0.000794814
0.000834714
0.00088052
0.000931659
0.000986214
0.00104011
0.00108541
0.0011067
0.00110066
0.00105123
0.000956698
0.00083396
0.000712498
0.000615615
0.000539332
0.000465431
0.000432153
0.000720635
0.000113236
5.38199e-05
3.81833e-05
3.23294e-05
3.06182e-05
3.1135e-05
3.30711e-05
3.59251e-05
3.94118e-05
4.3393e-05
4.78338e-05
5.27674e-05
5.82697e-05
6.44402e-05
7.139e-05
7.92325e-05
8.8077e-05
9.80204e-05
0.000109138
0.000121474
0.000135027
0.000149736
0.000165475
0.000182043
0.000199169
0.000216528
0.000233767
0.00025055
0.000266603
0.000281764
0.000296019
0.000309514
0.000322541
0.000335505
0.000348917
0.000363233
0.000378695
0.000395473
0.000413676
0.000433174
0.000453685
0.000474818
0.000496131
0.000517186
0.000537595
0.00055707
0.000575454
0.000592742
0.000609089
0.000624805
0.000640339
0.000656265
0.00067326
0.000692079
0.000713541
0.000738502
0.00076783
0.000802351
0.000842765
0.000889455
0.000942142
0.000999337
0.0010575
0.00110994
0.00114028
0.0011425
0.00110048
0.00100693
0.000876188
0.000740901
0.000631349
0.000550746
0.000479375
0.000447289
0.000743491
0.000120461
5.71918e-05
4.05096e-05
3.42673e-05
3.24487e-05
3.29869e-05
3.5005e-05
3.79552e-05
4.15288e-05
4.55797e-05
5.00732e-05
5.50469e-05
6.05806e-05
6.67769e-05
7.37477e-05
8.16062e-05
9.04601e-05
0.000100405
0.000111513
0.000123828
0.000137348
0.000152017
0.000167713
0.000184247
0.000201364
0.000218757
0.0002361
0.000253081
0.000269448
0.000285057
0.000299896
0.000314102
0.000327942
0.000341787
0.0003561
0.000371282
0.000387522
0.000404949
0.000423628
0.000443419
0.000464033
0.000485091
0.000506172
0.00052687
0.000546838
0.000565831
0.000583736
0.000600587
0.00061657
0.000632016
0.000647387
0.000663257
0.000680294
0.000699237
0.000720885
0.000746073
0.000775658
0.000810481
0.000851297
0.000898635
0.000952475
0.00101175
0.00107349
0.00113171
0.00117196
0.00118234
0.00114929
0.00105903
0.000921975
0.000772777
0.000648696
0.000561669
0.000492409
0.000461913
0.000765655
0.000128076
6.07385e-05
4.29506e-05
3.62996e-05
3.43692e-05
3.49274e-05
3.70248e-05
4.00646e-05
4.37145e-05
4.78218e-05
5.23543e-05
5.73546e-05
6.29078e-05
6.91193e-05
7.61025e-05
8.39704e-05
9.28298e-05
0.000102775
0.000113878
0.000126182
0.000139687
0.000154343
0.000170036
0.000186588
0.000203761
0.000221269
0.000238807
0.000256086
0.000272872
0.000289027
0.000304538
0.000319525
0.000334225
0.00034897
0.00036417
0.000380171
0.000397117
0.000415099
0.000434146
0.000454108
0.000474704
0.00049557
0.000516318
0.000536578
0.000556048
0.00057453
0.000591955
0.000608394
0.000624062
0.000639311
0.00065461
0.000670529
0.000687724
0.000706913
0.000728864
0.000754382
0.000784297
0.000819441
0.000860598
0.000908398
0.000963046
0.00102386
0.00108844
0.00115147
0.00120105
0.00122008
0.001197
0.00111225
0.000970973
0.000808127
0.000668052
0.000572352
0.000504491
0.000475914
0.000786984
0.000136099
6.44666e-05
4.55102e-05
3.84298e-05
3.63828e-05
3.69596e-05
3.91328e-05
4.22544e-05
4.59697e-05
5.01211e-05
5.46803e-05
5.96969e-05
6.52615e-05
7.14829e-05
7.8476e-05
8.63538e-05
9.52227e-05
0.000105176
0.000116287
0.0001286
0.000142118
0.000156798
0.000172536
0.000189167
0.000206469
0.000224177
0.000242004
0.000259679
0.000276982
0.000293776
0.000310039
0.000325866
0.000341463
0.000357117
0.000373183
0.000389949
0.000407525
0.000425966
0.000445271
0.000465289
0.000485749
0.000506316
0.000526636
0.000546384
0.000565307
0.000583255
0.000600202
0.000616257
0.000631665
0.00064679
0.00066211
0.000678188
0.000695664
0.000715227
0.000737612
0.000763582
0.000793926
0.000829445
0.000870925
0.000919059
0.000974229
0.00103609
0.00110281
0.00116977
0.00122741
0.00125556
0.00124301
0.00116583
0.00102274
0.000847015
0.000689773
0.000583062
0.000515591
0.000489175
0.000807323
0.000144545
6.83821e-05
4.81919e-05
4.06608e-05
3.84928e-05
3.9086e-05
4.13307e-05
4.45261e-05
4.82958e-05
5.248e-05
5.70567e-05
6.20834e-05
6.76567e-05
7.38895e-05
8.08977e-05
8.87944e-05
9.76859e-05
0.000107666
0.000118808
0.00013116
0.00014473
0.000159482
0.000175322
0.000192099
0.00020961
0.000227605
0.000245816
0.000263985
0.000281898
0.000299417
0.000316502
0.000333223
0.000349743
0.000366305
0.000383207
0.000400682
0.00041881
0.000437614
0.000457071
0.000477031
0.000497245
0.000517411
0.000537217
0.000556388
0.000574721
0.000592116
0.000608591
0.000624294
0.000639493
0.00065457
0.000670003
0.000686351
0.000704231
0.000724305
0.000747263
0.000773822
0.000804714
0.000840694
0.000882519
0.000930908
0.000986374
0.00104887
0.00111706
0.00118717
0.0012511
0.00128877
0.00128682
0.001219
0.00107674
0.000889412
0.000714169
0.00059407
0.000525689
0.000501573
0.000826506
0.000153429
7.24907e-05
5.09989e-05
4.29956e-05
4.07017e-05
4.13087e-05
4.362e-05
4.68806e-05
5.06946e-05
5.49027e-05
5.94914e-05
6.45274e-05
7.01141e-05
7.63677e-05
8.34055e-05
9.13403e-05
0.000100279
0.000110314
0.000121523
0.000133955
0.000147627
0.000162507
0.000178517
0.000195518
0.000213321
0.000231694
0.000250384
0.000269142
0.000287755
0.000306078
0.00032405
0.000341705
0.000359168
0.000376632
0.000394334
0.000412459
0.000431059
0.000450131
0.000469637
0.000489433
0.000509299
0.000528971
0.000548185
0.000566719
0.000584424
0.000601251
0.000617265
0.000632646
0.000647689
0.000662791
0.000678431
0.000695158
0.000713569
0.000734289
0.000757967
0.000785259
0.000816835
0.000853381
0.000895606
0.000944216
0.000999807
0.00106256
0.00113162
0.00120397
0.00127258
0.0013199
0.00132802
0.00127103
0.0011323
0.000935184
0.000741363
0.000605673
0.000534778
0.000512984
0.000844355
0.000162765
7.67969e-05
5.39335e-05
4.54363e-05
4.30117e-05
4.36293e-05
4.60015e-05
4.93187e-05
5.31684e-05
5.73948e-05
6.19955e-05
6.70473e-05
7.26607e-05
7.89549e-05
8.60478e-05
9.40521e-05
0.000103074
0.000113207
0.000124531
0.000137098
0.000150932
0.000166012
0.000182267
0.000199576
0.000217762
0.000236607
0.000255871
0.00027531
0.000294709
0.000313908
0.000332823
0.000351449
0.000369867
0.000388217
0.000406682
0.000425398
0.00044439
0.00046364
0.000483096
0.00050263
0.000522053
0.000541146
0.000559698
0.000577544
0.00059459
0.000610839
0.000626402
0.000641494
0.000656436
0.000671635
0.000687574
0.000704789
0.000723853
0.000745358
0.0007699
0.000798074
0.000830475
0.000867709
0.00091041
0.000959241
0.00101484
0.00107755
0.00114691
0.00122064
0.00129269
0.00134852
0.00136659
0.00132131
0.0011887
0.000984043
0.000771416
0.000618205
0.00054288
0.000523284
0.000860684
0.000172563
8.13041e-05
5.69977e-05
4.79844e-05
4.54243e-05
4.60484e-05
4.84751e-05
5.18409e-05
5.572e-05
5.9964e-05
6.45837e-05
6.96671e-05
7.53313e-05
8.16981e-05
8.88854e-05
9.70045e-05
0.000106161
0.00011645
0.000127951
0.000140724
0.000154795
0.000170155
0.000186744
0.000204452
0.000223117
0.000242533
0.000262467
0.000282677
0.000302943
0.000323087
0.000342994
0.000362621
0.000381999
0.000401218
0.000420405
0.000439651
0.000458961
0.000478301
0.000497617
0.000516799
0.000535695
0.000554135
0.000571965
0.000589078
0.000605442
0.00062111
0.000636238
0.000651077
0.000665971
0.000681341
0.000697668
0.000715477
0.000735316
0.000757738
0.000783286
0.000812487
0.000845853
0.000883898
0.000927162
0.000976239
0.00103175
0.00109417
0.00116335
0.00123766
0.00131208
0.00137467
0.00140249
0.00136933
0.00124514
0.00103565
0.000804546
0.000631903
0.000550033
0.000532353
0.000875302
0.000182832
8.60145e-05
6.01918e-05
5.06407e-05
4.79397e-05
4.85656e-05
5.10401e-05
5.44476e-05
5.83535e-05
6.26208e-05
6.72756e-05
7.24177e-05
7.81701e-05
8.46565e-05
9.19932e-05
0.00010029
0.00010965
0.00012017
0.00013193
0.000144993
0.000159393
0.00017513
0.000192152
0.000210362
0.000229608
0.000249697
0.000270398
0.00029147
0.000312681
0.000333832
0.000354775
0.000375425
0.000395766
0.000415834
0.000435701
0.00045542
0.000474976
0.000494328
0.000513422
0.000532172
0.000550469
0.000568194
0.000585254
0.000601605
0.000617271
0.000632363
0.000647079
0.000661706
0.00067661
0.000692224
0.000709029
0.000727535
0.000748264
0.000771727
0.000798412
0.000828773
0.000863234
0.000902206
0.000946119
0.000995471
0.00105085
0.00111276
0.00118133
0.0012555
0.00133129
0.00139872
0.00143575
0.00141471
0.00130085
0.00108951
0.000840949
0.000646896
0.000556291
0.000540074
0.000888012
0.000193578
9.09283e-05
6.35154e-05
5.34044e-05
5.05571e-05
5.11789e-05
5.36945e-05
5.71389e-05
6.10742e-05
6.53789e-05
7.00966e-05
7.53386e-05
8.12329e-05
8.79033e-05
9.54637e-05
0.00010402
0.000113674
0.00012452
0.00013664
0.0001501
0.00016494
0.000181165
0.000198734
0.000217559
0.000237501
0.000258368
0.000279937
0.000301961
0.000324193
0.00034641
0.00036843
0.000390124
0.000411426
0.00043232
0.000452829
0.000472968
0.000492706
0.000511999
0.000530801
0.000549055
0.000566694
0.000583659
0.000599917
0.000615487
0.000630456
0.000644987
0.000659323
0.000673786
0.000688763
0.000704698
0.000722068
0.000741369
0.000763093
0.00078771
0.000815646
0.000847281
0.000882945
0.000922937
0.000967568
0.00101722
0.0010724
0.00113364
0.00120121
0.00127456
0.00135071
0.00142125
0.00146646
0.00145711
0.00135506
0.001145
0.000880583
0.000663478
0.000561746
0.000546337
0.000898613
0.000204799
9.60435e-05
6.69661e-05
5.62735e-05
5.32738e-05
5.38849e-05
5.64352e-05
5.99151e-05
6.38895e-05
6.8257e-05
7.30798e-05
7.84803e-05
8.45895e-05
9.15298e-05
9.94107e-05
0.000108333
0.000118396
0.000129689
0.000142295
0.000156281
0.000171692
0.000188537
0.000206785
0.000226355
0.000247114
0.000268878
0.00029142
0.000314487
0.000337816
0.000361157
0.000384292
0.000407048
0.000429307
0.000451007
0.000472123
0.000492635
0.000512501
0.000531678
0.000550134
0.000567843
0.000584787
0.000600964
0.000616406
0.000631198
0.000645486
0.000659487
0.000673488
0.000687844
0.000702963
0.000719295
0.000737316
0.000757502
0.000780315
0.000806177
0.000835454
0.000868447
0.000905386
0.000946457
0.00099184
0.00104178
0.0010967
0.00115709
0.00122331
0.00129523
0.00137075
0.0014429
0.00149478
0.00149632
0.00140703
0.00120138
0.000923259
0.00068192
0.00056652
0.000551044
0.000906893
0.000216493
0.000101355
7.05396e-05
5.92439e-05
5.60853e-05
5.66781e-05
5.9258e-05
6.27772e-05
6.68104e-05
7.12802e-05
7.62685e-05
8.1907e-05
8.83279e-05
9.56492e-05
0.000103975
0.000113398
0.000124012
0.000135902
0.000149149
0.00016382
0.00017996
0.000197583
0.000216663
0.000237126
0.000258841
0.000281627
0.000305255
0.000329462
0.000353967
0.000378491
0.000402778
0.000426614
0.000449833
0.000472323
0.000494016
0.000514866
0.000534819
0.000553839
0.000571914
0.000589052
0.000605284
0.00062067
0.000635307
0.000649344
0.000662988
0.000676508
0.000690234
0.000704551
0.000719886
0.000736695
0.000755446
0.000776594
0.000800568
0.000827739
0.000858411
0.000892802
0.000931042
0.000973199
0.00101932
0.0010695
0.00112406
0.0011834
0.00124795
0.00131786
0.00139181
0.00146432
0.00152083
0.00153225
0.00145618
0.00125784
0.000968646
0.000702495
0.000570771
0.000553856
0.000912527
0.000228647
0.000106856
7.42293e-05
6.23093e-05
5.89847e-05
5.95512e-05
6.21584e-05
6.57283e-05
6.98533e-05
7.44834e-05
7.97199e-05
8.57017e-05
9.25592e-05
0.000100403
0.000109329
0.000119422
0.000130765
0.000143438
0.000157516
0.000173063
0.000190124
0.000208712
0.000228805
0.000250329
0.000273159
0.00029711
0.000321949
0.000347402
0.000373166
0.000398936
0.000424419
0.000449357
0.00047354
0.000496812
0.000519068
0.000540233
0.000560252
0.000579097
0.000596779
0.000613345
0.000628878
0.000643498
0.000657367
0.000670698
0.000683758
0.000696865
0.000710391
0.000724747
0.000740377
0.000757738
0.000777287
0.000799456
0.000824633
0.00085314
0.000885211
0.000920982
0.000960484
0.00100366
0.00105043
0.00110074
0.00115478
0.00121285
0.00127537
0.00134272
0.00141424
0.0014858
0.00154505
0.0015649
0.00150201
0.00131353
0.00101624
0.00072554
0.000574718
0.000554894
0.000915023
0.000241244
0.000112534
7.80256e-05
6.54609e-05
6.19626e-05
6.24954e-05
6.51324e-05
6.87758e-05
7.30433e-05
7.7915e-05
8.35102e-05
8.99718e-05
9.74249e-05
0.000105969
0.00011569
0.000126662
0.000138954
0.000152637
0.000167779
0.000184435
0.000202646
0.000222423
0.000243742
0.000266529
0.000290655
0.000315935
0.000342128
0.000368944
0.000396063
0.00042315
0.00044988
0.000475953
0.000501117
0.000525177
0.000547994
0.000569474
0.000589561
0.000608239
0.000625546
0.000641571
0.000656448
0.000670358
0.000683527
0.00069623
0.00070879
0.000721573
0.000734987
0.000749468
0.000765469
0.000783447
0.000803841
0.000827055
0.000853437
0.000883251
0.000916662
0.000953722
0.000994361
0.00103841
0.00108564
0.00113587
0.00118915
0.00124568
0.0013058
0.00137005
0.00143832
0.00150767
0.00156786
0.00159427
0.00154409
0.00136758
0.00106562
0.000751082
0.000578561
0.000554629
0.000915125
0.000254257
0.000118374
8.19158e-05
6.86868e-05
6.50073e-05
6.5501e-05
6.81786e-05
7.19344e-05
7.64189e-05
8.16436e-05
8.77423e-05
9.48581e-05
0.000103107
0.000112573
0.00012333
0.000135435
0.000148945
0.000163917
0.000180404
0.000198452
0.000218092
0.000239327
0.000262126
0.000286412
0.000312051
0.000338851
0.000366561
0.000394879
0.000423465
0.000451957
0.000479997
0.000507252
0.000533431
0.000558305
0.000581706
0.000603526
0.000623711
0.000642262
0.000659248
0.000674797
0.000689097
0.000702388
0.000714956
0.000727136
0.000739302
0.000751865
0.000765263
0.000779951
0.000796389
0.000815025
0.000836278
0.000860518
0.000888044
0.000919065
0.000953672
0.000991833
0.00103338
0.00107803
0.00112543
0.00117526
0.00122745
0.00128206
0.00133936
0.0014
0.00146423
0.00153018
0.00158959
0.00162044
0.00158207
0.00141911
0.00111615
0.000779123
0.00058242
0.000552471
0.000912229
0.000267653
0.000124355
8.58833e-05
7.19723e-05
6.8105e-05
6.85594e-05
7.13019e-05
7.52321e-05
8.004e-05
8.5767e-05
9.2557e-05
0.000100547
0.00010984
0.000120504
0.000132591
0.000146142
0.000161197
0.000177794
0.000195968
0.000215749
0.000237151
0.000260165
0.000284751
0.000310818
0.000338226
0.000366773
0.000396197
0.000426182
0.00045637
0.000486376
0.000515813
0.000544318
0.000571569
0.000597307
0.000621344
0.000643562
0.000663911
0.000682413
0.000699167
0.000714344
0.000728183
0.000740977
0.000753073
0.000764857
0.000776751
0.000789203
0.000802678
0.000817642
0.000834554
0.00085385
0.000875921
0.000901097
0.000929629
0.000961659
0.000997211
0.00103617
0.00107826
0.00112312
0.00117026
0.00121925
0.00126989
0.00132211
0.00137611
0.00143256
0.00149202
0.00155347
0.00161048
0.00164375
0.00161537
0.00146728
0.00116705
0.000809619
0.00058653
0.000548551
0.000906101
0.000281387
0.000130451
8.99075e-05
7.52999e-05
7.12416e-05
7.16662e-05
7.45188e-05
7.87183e-05
8.3998e-05
9.04254e-05
9.81472e-05
0.000107289
0.000117934
0.00013013
0.000143905
0.00015928
0.000176274
0.000194901
0.000215172
0.000237094
0.00026066
0.000285841
0.000312577
0.000340764
0.000370248
0.000400814
0.000432189
0.000464042
0.000496
0.000527657
0.000558607
0.00058846
0.00061687
0.000643556
0.000668314
0.000691023
0.000711639
0.000730208
0.00074686
0.000761805
0.00077533
0.00078778
0.000799552
0.00081108
0.000822826
0.000835268
0.000848889
0.000864162
0.000881537
0.00090143
0.000924197
0.000950128
0.000979414
0.00101214
0.00104825
0.00108754
0.00112968
0.00117419
0.00122048
0.00126803
0.00131654
0.00136579
0.00141591
0.00146757
0.00152155
0.00157751
0.00163059
0.00166431
0.00164362
0.00151123
0.00121736
0.000842405
0.000591134
0.000542985
0.000896782
0.000295406
0.00013663
9.39632e-05
7.86504e-05
7.44045e-05
7.4827e-05
7.78673e-05
8.24766e-05
8.84321e-05
9.58193e-05
0.000104779
0.000115416
0.00012779
0.000141922
0.000157818
0.000175472
0.000194875
0.000216012
0.000238868
0.000263417
0.000289623
0.000317429
0.000346751
0.000377462
0.000409388
0.000442302
0.000475914
0.000509882
0.000543819
0.000577306
0.000609919
0.000641252
0.000670943
0.000698696
0.000724299
0.000747629
0.000768655
0.000787443
0.000804154
0.000819037
0.000832419
0.000844691
0.000856293
0.000867699
0.000879402
0.000891902
0.000905692
0.000921243
0.00093899
0.000959319
0.000982552
0.00100893
0.00103858
0.00107152
0.00110764
0.00114666
0.00118815
0.00123158
0.00127627
0.00132164
0.00136727
0.00141283
0.00145842
0.00150467
0.00155249
0.00160205
0.00164985
0.00168207
0.00166702
0.00154967
0.00126593
0.000877171
0.000596476
0.0005359
0.000884365
0.000309647
0.000142853
9.80206e-05
8.2005e-05
7.75883e-05
7.80664e-05
8.14203e-05
8.66434e-05
9.35511e-05
0.000102235
0.000112816
0.000125372
0.000139931
0.000156488
0.000175018
0.000195485
0.000217848
0.000242061
0.00026807
0.000295813
0.000325216
0.000356186
0.000388604
0.000422315
0.000457121
0.000492773
0.000528968
0.000565352
0.000601527
0.000637066
0.000671536
0.000704523
0.000735655
0.000764632
0.000791237
0.000815352
0.00083696
0.000856147
0.000873101
0.000888104
0.000901519
0.000913773
0.000925341
0.000936724
0.000948441
0.000961002
0.000974901
0.000990598
0.00100851
0.00102898
0.0010523
0.00107864
0.00110809
0.0011406
0.00117599
0.00121391
0.0012539
0.00129532
0.00133749
0.00137977
0.00142163
0.0014627
0.00150303
0.00154322
0.00158424
0.00162661
0.00166795
0.00169686
0.00168537
0.00158176
0.00131149
0.000913385
0.000602824
0.000527442
0.000869023
0.000324035
0.000149071
0.000102046
8.53494e-05
8.08022e-05
8.14431e-05
8.53073e-05
9.14343e-05
9.96644e-05
0.000110076
0.000122758
0.000137749
0.000155041
0.000174596
0.000196356
0.000220252
0.000246208
0.00027414
0.00030395
0.000335531
0.000368764
0.000403511
0.00043961
0.000476871
0.000515064
0.000553915
0.000593104
0.000632264
0.000670991
0.000708855
0.000745422
0.000780275
0.000813046
0.000843434
0.000871226
0.000896313
0.000918691
0.000938464
0.000955845
0.000971139
0.000984739
0.000997097
0.00100871
0.0010201
0.0010318
0.00104431
0.00105814
0.00107371
0.00109141
0.00111156
0.00113438
0.00116002
0.0011885
0.00121971
0.00125342
0.00128923
0.00132664
0.00136497
0.00140353
0.00144166
0.00147876
0.00151444
0.00154874
0.00158222
0.00161586
0.00165041
0.00168433
0.0017083
0.00169834
0.00160671
0.00135263
0.000950264
0.000610405
0.000517741
0.000850911
0.00033848
0.000155227
0.000106003
8.86815e-05
8.4084e-05
8.50723e-05
8.97457e-05
9.71826e-05
0.000107225
0.000119912
0.000135283
0.000153325
0.00017399
0.000197201
0.000222865
0.000250877
0.000281123
0.000313476
0.00034779
0.000383909
0.00042166
0.000460852
0.000501276
0.000542694
0.000584839
0.000627407
0.000670058
0.000712411
0.000754058
0.000794569
0.000833514
0.000870485
0.00090512
0.000937128
0.000966305
0.000992552
0.00101588
0.00103641
0.00105436
0.00107007
0.00108394
0.00109645
0.00110809
0.0011194
0.0011309
0.00114312
0.0011565
0.00117148
0.0011884
0.00120754
0.00122909
0.00125313
0.00127964
0.00130847
0.00133933
0.00137182
0.00140539
0.00143939
0.00147314
0.00150595
0.00153722
0.00156661
0.00159412
0.00162028
0.00164606
0.00167232
0.0016981
0.00171526
0.00170465
0.00162324
0.00138782
0.000986761
0.000619387
0.000506884
0.000830017
0.000352878
0.000161248
0.000109857
9.20238e-05
8.75227e-05
8.9162e-05
9.5087e-05
0.000104392
0.000116883
0.000132529
0.000151295
0.000173107
0.000197867
0.000225458
0.00025575
0.0002886
0.000323855
0.000361343
0.000400872
0.00044223
0.000485189
0.000529502
0.000574901
0.0006211
0.000667785
0.000714617
0.00076123
0.000807229
0.000852197
0.00089571
0.000937344
0.000976704
0.00101344
0.00104728
0.00107803
0.0011056
0.00113001
0.0011514
0.00117001
0.00118617
0.00120029
0.00121285
0.00122435
0.00123532
0.00124629
0.00125774
0.00127012
0.00128381
0.00129915
0.00131636
0.00133559
0.0013569
0.00138022
0.00140537
0.00143205
0.00145983
0.00148821
0.00151655
0.0015442
0.0015705
0.00159491
0.00161714
0.00163719
0.00165554
0.00167312
0.00169084
0.00170775
0.0017177
0.00170589
0.00163048
0.00141545
0.00102164
0.000629938
0.000494949
0.000806255
0.000367088
0.000167047
0.000113578
9.54442e-05
9.12941e-05
9.40659e-05
0.000101882
0.000113808
0.000129557
0.000148992
0.000171975
0.000198357
0.000227982
0.000260693
0.000296324
0.000334695
0.000375619
0.000418882
0.000464248
0.000511456
0.000560221
0.000610239
0.000661186
0.00071272
0.000764478
0.00081608
0.000867129
0.000917208
0.000965893
0.00101276
0.00105739
0.0010994
0.00113847
0.00117431
0.00120678
0.00123577
0.00126134
0.00128361
0.00130283
0.00131933
0.00133353
0.00134588
0.00135688
0.00136705
0.00137691
0.00138691
0.00139747
0.00140896
0.00142166
0.00143579
0.00145147
0.00146872
0.00148745
0.00150748
0.00152852
0.00155017
0.00157195
0.0015933
0.00161363
0.00163235
0.00164897
0.00166336
0.00167544
0.00168568
0.00169496
0.00170368
0.00171171
0.00171515
0.00170062
0.00163092
0.00143295
0.00105326
0.000642082
0.000481968
0.000779307
0.000380918
0.000172509
0.00011716
9.90881e-05
9.57201e-05
0.000100365
0.000110973
0.000126504
0.000146516
0.000170704
0.000198805
0.000230577
0.000265806
0.000304296
0.000345849
0.000390262
0.000437317
0.000486775
0.000538365
0.000591785
0.000646708
0.000702779
0.00075962
0.000816837
0.000874018
0.000930738
0.000986562
0.00104105
0.00109376
0.00114425
0.00119213
0.001237
0.00127855
0.00131653
0.00135077
0.00138121
0.00140788
0.00143092
0.00145057
0.00146715
0.00148106
0.00149275
0.00150268
0.00151138
0.00151936
0.00152699
0.00153474
0.00154289
0.00155173
0.00156146
0.0015722
0.00158395
0.00159664
0.0016101
0.00162409
0.00163824
0.00165216
0.00166537
0.00167737
0.00168766
0.00169585
0.00170201
0.00170589
0.00170782
0.00170825
0.0017088
0.00170939
0.00170597
0.00168722
0.00162112
0.00143973
0.00108004
0.000655673
0.000467975
0.000748993
0.000394071
0.000177492
0.000120644
0.000103222
0.000101363
0.000108978
0.000123603
0.000143991
0.000169441
0.000199427
0.000233528
0.000271407
0.000312797
0.000357471
0.000405221
0.000455832
0.000509083
0.000564725
0.000622475
0.000682017
0.000742994
0.000805019
0.000867676
0.000930526
0.000993114
0.00105497
0.00111562
0.0011746
0.00123142
0.00128565
0.00133686
0.00138467
0.00142875
0.00146886
0.00150484
0.00153662
0.00156422
0.00158779
0.00160754
0.00162378
0.0016369
0.0016473
0.00165544
0.00166184
0.00166702
0.00167124
0.00167505
0.00167864
0.00168235
0.00168637
0.00169082
0.00169574
0.00170109
0.00170672
0.00171247
0.00171808
0.0017232
0.00172749
0.00173056
0.00173199
0.00173151
0.00172919
0.00172441
0.00171821
0.00171174
0.00170527
0.0016985
0.00168838
0.0016649
0.00160125
0.00143761
0.0011001
0.000670217
0.000452942
0.000715047
0.000406035
0.000181816
0.000124192
0.000108269
0.000109176
0.000121313
0.000141562
0.000168299
0.00020044
0.000237192
0.000277964
0.000322336
0.000370011
0.000420765
0.000474407
0.000530751
0.000589597
0.000650725
0.000713874
0.000778741
0.000844972
0.000912174
0.000979914
0.00104773
0.00111513
0.00118162
0.00124669
0.0013098
0.00137047
0.00142821
0.00148257
0.00153315
0.00157961
0.00162169
0.00165922
0.0016921
0.00172035
0.0017441
0.00176353
0.00177894
0.0017907
0.00179914
0.00180471
0.00180799
0.00180954
0.00180935
0.00180827
0.00180622
0.00180374
0.001801
0.00179815
0.00179527
0.00179238
0.00178941
0.00178627
0.0017828
0.00177879
0.00177396
0.00176792
0.00176036
0.00175117
0.00174081
0.00172913
0.00171645
0.00170329
0.00169019
0.00167692
0.00166093
0.00163338
0.00157117
0.00142277
0.00110983
0.000684784
0.000437064
0.000677058
0.000415931
0.000185251
0.000128178
0.00011492
0.000120713
0.000139452
0.000167293
0.000201947
0.000241868
0.00028597
0.000333529
0.000384094
0.000437397
0.000493277
0.000551616
0.000612305
0.000675219
0.000740203
0.000807059
0.000875529
0.000945305
0.00101602
0.00108726
0.00115855
0.00122942
0.00129931
0.0013677
0.00143403
0.00149774
0.00155832
0.00161528
0.00166816
0.00171661
0.00176031
0.00179906
0.00183274
0.00186134
0.00188493
0.00190369
0.00191788
0.00192785
0.00193381
0.00193627
0.00193594
0.0019335
0.00192834
0.00192156
0.00191344
0.00190428
0.00189435
0.00188383
0.00187288
0.0018616
0.00185
0.00183808
0.00182571
0.00181276
0.0017991
0.00178472
0.00176948
0.00175325
0.0017361
0.00171811
0.00169957
0.00168089
0.00166239
0.00164376
0.00162277
0.00159211
0.00153116
0.00139639
0.00111179
0.000698273
0.000420463
0.00063446
0.00042226
0.000187494
0.000133154
0.000124645
0.000138274
0.000166306
0.000203792
0.000247623
0.000295757
0.000346893
0.000400299
0.000455613
0.000512703
0.000571561
0.000632226
0.00069473
0.000759077
0.000825226
0.00089308
0.000962465
0.00103315
0.00110482
0.00117712
0.00124961
0.0013218
0.00139316
0.00146314
0.00153113
0.00159656
0.00165885
0.00171746
0.00177189
0.00182171
0.00186656
0.00190618
0.0019404
0.00196915
0.00199246
0.00201048
0.00202341
0.0020316
0.00203499
0.00203443
0.00203116
0.00202421
0.00201433
0.0020023
0.00198841
0.00197299
0.00195636
0.00193878
0.00192049
0.00190163
0.0018823
0.00186256
0.0018425
0.0018221
0.00180133
0.00178013
0.00175845
0.00173629
0.0017137
0.0016908
0.00166777
0.00164488
0.00162225
0.00159948
0.00157452
0.0015412
0.00148218
0.00135945
0.00110314
0.000708162
0.000403302
0.000586033
0.000422632
0.000188223
0.000140032
0.000139847
0.000165232
0.00020541
0.000254031
0.000307182
0.000362513
0.000418774
0.000475467
0.000532528
0.000590122
0.000648512
0.000707973
0.00076874
0.000830996
0.000894831
0.000960272
0.00102725
0.00109563
0.00116518
0.00123559
0.00130648
0.0013774
0.00144784
0.00151722
0.00158496
0.00165043
0.00171301
0.00177212
0.00182719
0.00187773
0.00192331
0.00196359
0.00199833
0.0020274
0.00205077
0.00206853
0.00208081
0.00208798
0.00208955
0.0020874
0.00208167
0.00207155
0.00205828
0.00204237
0.00202414
0.002004
0.00198229
0.00195936
0.00193548
0.0019109
0.00188577
0.00186026
0.0018345
0.00180856
0.00178248
0.00175628
0.00172997
0.00170357
0.00167715
0.00165077
0.00162455
0.00159861
0.00157289
0.00154687
0.00151875
0.00148324
0.001426
0.00131399
0.00108393
0.000712259
0.000386391
0.000530109
0.00041305
0.000187469
0.000149999
0.000164416
0.000205754
0.000259942
0.000319343
0.000379675
0.000438871
0.000496231
0.000551852
0.000606217
0.000659949
0.000713655
0.000767888
0.000823091
0.000879612
0.00093766
0.000997386
0.00105882
0.0011219
0.00118647
0.0012523
0.00131906
0.00138635
0.00145369
0.00152053
0.00158629
0.00165034
0.00171205
0.00177078
0.00182589
0.00187684
0.00192312
0.00196434
0.00200018
0.00203041
0.00205493
0.00207373
0.0020869
0.00209473
0.00209667
0.00209446
0.00208842
0.00207759
0.00206324
0.00204584
0.00202575
0.00200338
0.00197913
0.00195335
0.00192639
0.00189852
0.00187003
0.00184109
0.00181189
0.00178256
0.00175318
0.00172383
0.00169455
0.00166538
0.00163636
0.00160752
0.00157888
0.00155042
0.00152196
0.00149286
0.00146164
0.00142371
0.00136711
0.00126406
0.00105682
0.000711962
0.000369875
0.000464675
0.000385267
0.000184633
0.000166507
0.000203212
0.000263247
0.000330363
0.000396757
0.000459056
0.000516436
0.000569331
0.000618734
0.000665791
0.000711596
0.000757078
0.000803013
0.000849985
0.000898434
0.000948609
0.00100076
0.00105507
0.0011115
0.00116988
0.00123001
0.00129163
0.00135439
0.00141787
0.00148157
0.00154492
0.00160731
0.00166809
0.00172661
0.00178225
0.00183436
0.0018824
0.00192586
0.00196433
0.0019975
0.00202515
0.00204721
0.00206365
0.00207464
0.00208001
0.00207988
0.00207634
0.0020679
0.00205523
0.00203917
0.00202
0.00199808
0.00197384
0.0019477
0.00192002
0.00189114
0.00186139
0.00183097
0.0018001
0.00176894
0.00173763
0.00170627
0.00167492
0.00164364
0.00161242
0.00158126
0.0015501
0.00151882
0.00148712
0.00145438
0.00141849
0.00137567
0.00131615
0.00121707
0.0010271
0.000706241
0.000353306
0.000389588
0.000329232
0.000179203
0.000195401
0.000260529
0.000337657
0.000412076
0.00047845
0.000536011
0.000585918
0.000629944
0.000669927
0.000707517
0.000744096
0.000780749
0.000818348
0.000857487
0.000898592
0.000941966
0.000987827
0.00103626
0.00108727
0.00114084
0.00119681
0.00125494
0.00131493
0.0013764
0.0014389
0.0015019
0.00156483
0.00162705
0.00168791
0.00174672
0.00180283
0.00185559
0.0019044
0.00194874
0.00198818
0.00202236
0.002051
0.00207396
0.00209128
0.00210287
0.00210892
0.0021094
0.00210588
0.00209757
0.00208515
0.00206881
0.00204901
0.00202623
0.00200094
0.00197355
0.0019444
0.00191387
0.00188217
0.00184958
0.0018163
0.00178251
0.00174831
0.00171377
0.00167892
0.00164373
0.00160809
0.00157186
0.00153477
0.00149638
0.00145591
0.00141174
0.00136046
0.00129386
0.00119238
0.00100938
0.000700913
0.000337479
0.000311232
0.000239235
0.000177367
0.000245177
0.000340185
0.00042898
0.000504424
0.000566186
0.000616712
0.000658861
0.000695304
0.00072832
0.000759752
0.000791043
0.000823281
0.000857228
0.000893471
0.000932442
0.000974486
0.00101974
0.00106829
0.00112014
0.00117526
0.00123354
0.00129476
0.00135868
0.00142496
0.00149316
0.00156278
0.00163324
0.00170389
0.00177401
0.00184284
0.00190961
0.00197354
0.00203389
0.00208995
0.0021411
0.00218679
0.00222661
0.00226021
0.00228744
0.00230806
0.00232232
0.00233019
0.00233051
0.00232723
0.002319
0.00230474
0.00228581
0.0022629
0.00223653
0.00220716
0.00217519
0.00214099
0.00210492
0.00206729
0.00202836
0.00198831
0.00194725
0.00190525
0.00186225
0.00181815
0.00177274
0.00172572
0.00167661
0.00162475
0.00156908
0.00150772
0.00143713
0.00134961
0.00122742
0.00102796
0.000707247
0.000327332
0.000220531
0.000128932
0.000202119
0.000345976
0.000478162
0.000585586
0.00067028
0.000737051
0.000790705
0.000835515
0.000874913
0.000911575
0.00094758
0.000984532
0.00102361
0.00106566
0.00111127
0.0011609
0.00121487
0.00127339
0.00133657
0.00140446
0.001477
0.00155409
0.00163552
0.00172103
0.00181022
0.0019026
0.00199755
0.00209433
0.00219209
0.00228988
0.00238666
0.00248133
0.00257278
0.00265989
0.00274159
0.00281689
0.00288492
0.00294493
0.00299635
0.00303882
0.0030719
0.00309606
0.00311103
0.00311447
0.00311236
0.00310429
0.00308663
0.00306179
0.00303124
0.00299562
0.00295542
0.0029112
0.0028635
0.00281284
0.00275961
0.00270414
0.00264665
0.00258722
0.00252583
0.00246234
0.00239644
0.00232772
0.00225555
0.00217912
0.00209723
0.00200813
0.00190894
0.00179466
0.00165526
0.0014699
0.00119286
0.000785878
0.000335186
0.00011203
8.04084e-05
0.000401505
0.000736904
0.00100738
0.00121526
0.0013749
0.00150009
0.0016015
0.00168753
0.00176471
0.0018381
0.00191158
0.00198812
0.00206988
0.00215836
0.00225465
0.00235953
0.00247359
0.00259724
0.00273068
0.002874
0.00302709
0.00318973
0.00336152
0.0035419
0.00373007
0.00392497
0.00412529
0.00432947
0.00453568
0.00474185
0.00494575
0.00514501
0.00533721
0.00551994
0.0056909
0.00584795
0.00598921
0.00611313
0.0062185
0.0063046
0.00637057
0.00641774
0.00644459
0.00644733
0.00644029
0.00641853
0.00637614
0.00632022
0.00625251
0.00617408
0.00608624
0.00599007
0.0058868
0.00577736
0.00566254
0.00554293
0.00541885
0.00529036
0.00515723
0.00501898
0.00487483
0.00472366
0.00456394
0.00439362
0.00420982
0.00400825
0.00378193
0.00351892
0.00319582
0.00276763
0.00214853
0.00131097
0.000490498
7.75079e-05
)
;

boundaryField
{
    movingWall
    {
        type            epsilonWallFunction;
        value           nonuniform List<scalar> 
75
(
8.04084e-05
0.000401505
0.000736904
0.00100738
0.00121526
0.0013749
0.00150009
0.0016015
0.00168753
0.00176471
0.0018381
0.00191158
0.00198812
0.00206988
0.00215836
0.00225465
0.00235953
0.00247359
0.00259724
0.00273068
0.002874
0.00302709
0.00318973
0.00336152
0.0035419
0.00373007
0.00392497
0.00412529
0.00432947
0.00453568
0.00474185
0.00494575
0.00514501
0.00533721
0.00551994
0.0056909
0.00584795
0.00598921
0.00611313
0.0062185
0.0063046
0.00637057
0.00641774
0.00644459
0.00644733
0.00644029
0.00641853
0.00637614
0.00632022
0.00625251
0.00617408
0.00608624
0.00599007
0.0058868
0.00577736
0.00566254
0.00554293
0.00541885
0.00529036
0.00515723
0.00501898
0.00487483
0.00472366
0.00456394
0.00439362
0.00420982
0.00400825
0.00378193
0.00351892
0.00319582
0.00276763
0.00214853
0.00131097
0.000490498
7.75079e-05
)
;
    }
    fixedWalls
    {
        type            epsilonWallFunction;
        value           nonuniform List<scalar> 
225
(
2.93232e-07
5.54071e-07
1.17716e-06
1.92623e-06
2.7788e-06
3.71979e-06
4.74031e-06
5.83557e-06
7.00347e-06
8.24378e-06
9.55762e-06
1.09472e-05
1.24155e-05
1.39664e-05
1.56042e-05
1.73338e-05
1.91605e-05
2.10903e-05
2.31291e-05
2.52837e-05
2.75608e-05
2.99679e-05
3.25134e-05
3.52051e-05
3.80512e-05
4.10603e-05
4.42417e-05
4.76051e-05
5.11606e-05
5.49187e-05
5.88907e-05
6.30883e-05
6.75236e-05
7.22095e-05
7.71595e-05
8.23878e-05
8.79089e-05
9.37383e-05
9.98917e-05
0.000106385
0.000113236
0.000120461
0.000128076
0.000136099
0.000144545
0.000153429
0.000162765
0.000172563
0.000182832
0.000193578
0.000204799
0.000216493
0.000228647
0.000241244
0.000254257
0.000267653
0.000281387
0.000295406
0.000309647
0.000324035
0.00033848
0.000352878
0.000367088
0.000380918
0.000394071
0.000406035
0.000415931
0.00042226
0.000422632
0.00041305
0.000385267
0.000329232
0.000239235
0.000128932
8.04084e-05
4.34602e-06
8.20419e-06
1.73611e-05
2.82051e-05
4.02745e-05
5.32135e-05
6.67659e-05
8.07519e-05
9.5054e-05
0.000109621
0.000124399
0.000139379
0.000154576
0.000170026
0.000185772
0.000201866
0.000218359
0.000235299
0.000252727
0.000270678
0.000289176
0.000308237
0.000327866
0.000348063
0.000368818
0.000390114
0.000411931
0.00043424
0.000457008
0.000480196
0.000503755
0.000527631
0.00055176
0.000576072
0.000600484
0.000624907
0.000649243
0.000673387
0.000697225
0.000720635
0.000743491
0.000765655
0.000786984
0.000807323
0.000826506
0.000844355
0.000860684
0.000875302
0.000888012
0.000898613
0.000906893
0.000912527
0.000915023
0.000915125
0.000912229
0.000906101
0.000896782
0.000884365
0.000869023
0.000850911
0.000830017
0.000806255
0.000779307
0.000748993
0.000715047
0.000677058
0.00063446
0.000586033
0.000530109
0.000464675
0.000389588
0.000311232
0.000220531
0.00011203
7.75079e-05
2.93232e-07
1.98338e-06
4.41441e-06
7.30383e-06
1.05172e-05
1.39704e-05
1.76072e-05
2.13912e-05
2.53045e-05
2.93457e-05
3.35294e-05
3.7886e-05
4.24601e-05
4.73099e-05
5.25061e-05
5.81308e-05
6.42765e-05
7.10444e-05
7.85441e-05
8.68919e-05
9.62099e-05
0.000106625
0.000118267
0.000131269
0.000145763
0.00016188
0.000179752
0.000199503
0.000221253
0.000245115
0.000271194
0.000299585
0.000330371
0.000363625
0.000399407
0.000437764
0.000478728
0.000522314
0.000568522
0.000617327
0.000668677
0.000722484
0.000778617
0.00083688
0.000896999
0.000958598
0.00102117
0.00108406
0.00114641
0.00120714
0.00126495
0.00131824
0.00136511
0.00140323
0.00142903
0.0014406
0.00144103
0.00142249
0.00138396
0.00132529
0.00124708
0.0011511
0.00104044
0.000919354
0.000792968
0.000666672
0.000545526
0.000433676
0.000333965
0.000247795
0.000175248
0.000115448
6.71305e-05
2.95063e-05
4.34602e-06
)
;
    }
    frontAndBack
    {
        type            empty;
    }
}


// ************************************************************************* //
