/*--------------------------------*- C++ -*----------------------------------*\
  =========                 |
  \\      /  F ield         | OpenFOAM: The Open Source CFD Toolbox
   \\    /   O peration     | Website:  https://openfoam.org
    \\  /    A nd           | Version:  12
     \\/     M anipulation  |
\*---------------------------------------------------------------------------*/
FoamFile
{
    format      ascii;
    class       volScalarField;
    location    "2.5";
    object      p;
}
// * * * * * * * * * * * * * * * * * * * * * * * * * * * * * * * * * * * * * //

dimensions      [0 2 -2 0 0 0 0];

internalField   nonuniform List<scalar> 
5625
(
1.79834e-08
1.09147e-07
1.00526e-06
2.79129e-06
5.23889e-06
8.15007e-06
1.13479e-05
1.46786e-05
1.80048e-05
2.12079e-05
2.41841e-05
2.68468e-05
2.91221e-05
3.09508e-05
3.22833e-05
3.30827e-05
3.33195e-05
3.29748e-05
3.20357e-05
3.04982e-05
2.83627e-05
2.56375e-05
2.23342e-05
1.84712e-05
1.40693e-05
9.15535e-06
3.7573e-06
-2.09114e-06
-8.35606e-06
-1.49985e-05
-2.19801e-05
-2.9258e-05
-3.67907e-05
-4.45325e-05
-5.244e-05
-6.04662e-05
-6.85664e-05
-7.66933e-05
-8.48022e-05
-9.28464e-05
-0.000100782
-0.000108564
-0.000116151
-0.000123499
-0.000130569
-0.000137321
-0.000143719
-0.000149727
-0.000155312
-0.000160444
-0.000165096
-0.000169241
-0.00017286
-0.000175932
-0.000178445
-0.000180388
-0.000181756
-0.000182549
-0.000182773
-0.00018244
-0.000181569
-0.000180187
-0.000178331
-0.000176046
-0.000173389
-0.00017043
-0.000167253
-0.000163956
-0.000160656
-0.000157484
-0.000154593
-0.000152154
-0.000150365
-0.000149459
-0.000149364
-3.10267e-06
-2.64399e-06
-1.62714e-06
-3.34672e-08
2.02481e-06
4.40383e-06
6.98097e-06
9.64546e-06
1.22931e-05
1.48314e-05
1.71767e-05
1.9258e-05
2.10125e-05
2.23891e-05
2.33439e-05
2.38432e-05
2.38598e-05
2.33751e-05
2.23759e-05
2.08566e-05
1.88159e-05
1.62593e-05
1.31954e-05
9.63914e-06
5.60757e-06
1.12333e-06
-3.78957e-06
-9.10212e-06
-1.47846e-05
-2.08032e-05
-2.71238e-05
-3.37087e-05
-4.05209e-05
-4.75201e-05
-5.46671e-05
-6.19203e-05
-6.92395e-05
-7.65825e-05
-8.39093e-05
-9.11781e-05
-9.83496e-05
-0.000105384
-0.000112242
-0.000118888
-0.000125285
-0.000131398
-0.000137196
-0.000142646
-0.00014772
-0.000152392
-0.000156638
-0.000160436
-0.000163769
-0.000166621
-0.000168983
-0.000170846
-0.000172207
-0.000173069
-0.000173439
-0.000173328
-0.000172757
-0.00017175
-0.00017034
-0.000168567
-0.000166482
-0.000164143
-0.000161619
-0.000158988
-0.000156342
-0.00015378
-0.000151411
-0.000149355
-0.000147757
-0.000146731
-0.000146264
-9.05818e-06
-7.88885e-06
-6.28466e-06
-4.40782e-06
-2.31069e-06
-5.36719e-08
2.28783e-06
4.63863e-06
6.92541e-06
9.08123e-06
1.10434e-05
1.2757e-05
1.41722e-05
1.52475e-05
1.59465e-05
1.62408e-05
1.61069e-05
1.55285e-05
1.44937e-05
1.29971e-05
1.10371e-05
8.61785e-06
5.74659e-06
2.43597e-06
-1.29927e-06
-5.43935e-06
-9.96319e-06
-1.48451e-05
-2.00588e-05
-2.55739e-05
-3.13601e-05
-3.73836e-05
-4.36111e-05
-5.00063e-05
-5.6534e-05
-6.31566e-05
-6.9838e-05
-7.654e-05
-8.32265e-05
-8.98599e-05
-9.64049e-05
-0.000102825
-0.000109087
-0.000115156
-0.000121
-0.000126589
-0.000131894
-0.000136886
-0.000141541
-0.000145835
-0.000149748
-0.00015326
-0.000156357
-0.000159027
-0.000161259
-0.000163048
-0.000164393
-0.000165295
-0.000165762
-0.000165804
-0.000165439
-0.000164687
-0.000163577
-0.000162141
-0.000160421
-0.000158461
-0.000156315
-0.000154042
-0.000151706
-0.000149378
-0.000147131
-0.000145039
-0.000143164
-0.000141558
-0.000140388
-1.66618e-05
-1.46263e-05
-1.21927e-05
-9.74316e-06
-7.27864e-06
-4.80112e-06
-2.35278e-06
1.55426e-08
2.25319e-06
4.31336e-06
6.15076e-06
7.72484e-06
8.99799e-06
9.93839e-06
1.05178e-05
1.07139e-05
1.05084e-05
9.88853e-06
8.84513e-06
7.37467e-06
5.47652e-06
3.1554e-06
4.18338e-07
-2.72258e-06
-6.25357e-06
-1.01562e-05
-1.44109e-05
-1.8994e-05
-2.38811e-05
-2.90442e-05
-3.44555e-05
-4.00836e-05
-4.58979e-05
-5.18649e-05
-5.79524e-05
-6.41254e-05
-7.0351e-05
-7.65938e-05
-8.28209e-05
-8.89976e-05
-9.50916e-05
-0.00010107
-0.000106901
-0.000112553
-0.000117999
-0.000123209
-0.000128158
-0.000132819
-0.000137171
-0.000141191
-0.000144862
-0.000148166
-0.000151089
-0.00015362
-0.000155751
-0.000157476
-0.000158792
-0.000159701
-0.000160208
-0.000160322
-0.000160054
-0.000159423
-0.000158449
-0.000157158
-0.00015558
-0.000153749
-0.000151703
-0.000149484
-0.000147136
-0.000144708
-0.000142248
-0.000139797
-0.000137358
-0.000134931
-0.0001329
-2.47106e-05
-2.17785e-05
-1.84364e-05
-1.52904e-05
-1.23041e-05
-9.43397e-06
-6.69865e-06
-4.13201e-06
-1.7681e-06
3.61849e-07
2.2266e-06
3.79783e-06
5.04851e-06
5.95584e-06
6.49924e-06
6.66288e-06
6.43349e-06
5.80273e-06
4.76476e-06
3.31865e-06
1.4657e-06
-7.88027e-07
-3.43463e-06
-6.46167e-06
-9.85534e-06
-1.35976e-05
-1.76694e-05
-2.20481e-05
-2.67105e-05
-3.16298e-05
-3.67798e-05
-4.21308e-05
-4.7654e-05
-5.33179e-05
-5.90922e-05
-6.49443e-05
-7.08431e-05
-7.67559e-05
-8.26516e-05
-8.84982e-05
-9.42654e-05
-9.99223e-05
-0.00010544
-0.00011079
-0.000115945
-0.000120879
-0.000125568
-0.000129987
-0.000134117
-0.000137936
-0.000141429
-0.000144578
-0.00014737
-0.000149795
-0.000151843
-0.000153509
-0.00015479
-0.000155684
-0.000156194
-0.000156326
-0.000156088
-0.000155492
-0.000154552
-0.000153286
-0.000151715
-0.000149863
-0.000147755
-0.000145419
-0.000142884
-0.000140179
-0.000137339
-0.000134377
-0.00013125
-0.000127921
-0.000124996
-3.24049e-05
-2.85997e-05
-2.43438e-05
-2.04547e-05
-1.68693e-05
-1.35091e-05
-1.0377e-05
-7.49623e-06
-4.88944e-06
-2.57661e-06
-5.78332e-07
1.08667e-06
2.40009e-06
3.34683e-06
3.91312e-06
4.08905e-06
3.86644e-06
3.24128e-06
2.21142e-06
7.78955e-07
-1.05231e-06
-3.27434e-06
-5.87766e-06
-8.84871e-06
-1.21729e-05
-1.58316e-05
-1.98059e-05
-2.40729e-05
-2.86099e-05
-3.33908e-05
-3.83898e-05
-4.35783e-05
-4.89286e-05
-5.44102e-05
-5.99942e-05
-6.56493e-05
-7.13461e-05
-7.70531e-05
-8.27411e-05
-8.83795e-05
-9.39398e-05
-9.93926e-05
-0.000104711
-0.000109867
-0.000114836
-0.000119593
-0.000124114
-0.000128378
-0.000132365
-0.000136054
-0.000139431
-0.000142478
-0.000145184
-0.000147535
-0.000149524
-0.000151143
-0.000152387
-0.000153253
-0.000153742
-0.000153853
-0.000153593
-0.000152968
-0.000151985
-0.000150657
-0.000148997
-0.000147018
-0.000144736
-0.000142168
-0.000139331
-0.000136244
-0.000132926
-0.000129377
-0.000125517
-0.000121279
-0.000117483
-3.9193e-05
-3.45551e-05
-2.94089e-05
-2.47685e-05
-2.05513e-05
-1.66516e-05
-1.3062e-05
-9.79955e-06
-6.87953e-06
-4.3141e-06
-2.11609e-06
-2.96955e-07
1.1319e-06
2.16171e-06
2.78451e-06
2.99564e-06
2.79165e-06
2.17273e-06
1.14045e-06
-2.99883e-07
-2.1416e-06
-4.37426e-06
-6.98632e-06
-9.96253e-06
-1.32868e-05
-1.69396e-05
-2.0901e-05
-2.51476e-05
-2.96562e-05
-3.44007e-05
-3.93553e-05
-4.44915e-05
-4.9782e-05
-5.51969e-05
-6.07078e-05
-6.62843e-05
-7.18975e-05
-7.75172e-05
-8.3115e-05
-8.86612e-05
-9.41283e-05
-9.94881e-05
-0.000104715
-0.000109781
-0.000114663
-0.000119337
-0.000123781
-0.000127972
-0.000131892
-0.000135521
-0.000138844
-0.000141843
-0.000144507
-0.000146822
-0.000148779
-0.000150368
-0.000151583
-0.000152419
-0.000152873
-0.000152942
-0.000152628
-0.000151932
-0.000150857
-0.00014941
-0.000147595
-0.000145421
-0.000142895
-0.000140025
-0.000136819
-0.000133289
-0.000129446
-0.000125278
-0.000120677
-0.000115556
-0.000110929
-4.46805e-05
-3.92475e-05
-3.32397e-05
-2.78557e-05
-2.29974e-05
-1.85369e-05
-1.44603e-05
-1.07812e-05
-7.51042e-06
-4.65488e-06
-2.22183e-06
-2.17284e-07
1.35271e-06
2.48448e-06
3.17498e-06
3.42412e-06
3.23275e-06
2.605e-06
1.54609e-06
6.46603e-08
-1.82959e-06
-4.12354e-06
-6.80316e-06
-9.85109e-06
-1.32493e-05
-1.69767e-05
-2.10118e-05
-2.53302e-05
-2.99078e-05
-3.47174e-05
-3.97329e-05
-4.49254e-05
-5.02672e-05
-5.57284e-05
-6.12806e-05
-6.68934e-05
-7.25384e-05
-7.81856e-05
-8.38069e-05
-8.93732e-05
-9.48575e-05
-0.000100232
-0.000105471
-0.000110549
-0.000115441
-0.000120125
-0.000124577
-0.000128778
-0.000132707
-0.000136345
-0.000139677
-0.000142684
-0.000145355
-0.000147674
-0.000149631
-0.000151215
-0.000152418
-0.000153232
-0.000153652
-0.000153672
-0.000153288
-0.0001525
-0.000151306
-0.000149705
-0.000147699
-0.000145289
-0.000142478
-0.000139266
-0.000135657
-0.000131654
-0.000127266
-0.000122473
-0.000117141
-0.000111168
-0.000105752
-4.85651e-05
-4.23642e-05
-3.55183e-05
-2.94019e-05
-2.39039e-05
-1.88771e-05
-1.43029e-05
-1.01938e-05
-6.55781e-06
-3.39828e-06
-7.18488e-07
1.47963e-06
3.19425e-06
4.42584e-06
5.17554e-06
5.44725e-06
5.24575e-06
4.57888e-06
3.45544e-06
1.8874e-06
-1.12362e-07
-2.5278e-06
-5.34214e-06
-8.53551e-06
-1.20876e-05
-1.59752e-05
-2.0175e-05
-2.46609e-05
-2.94071e-05
-3.43855e-05
-3.95686e-05
-4.49267e-05
-5.04311e-05
-5.60515e-05
-6.17588e-05
-6.75224e-05
-7.33134e-05
-7.91017e-05
-8.48592e-05
-9.05565e-05
-9.61669e-05
-0.000101662
-0.000107018
-0.000112206
-0.000117205
-0.00012199
-0.00012654
-0.000130832
-0.000134847
-0.000138566
-0.000141971
-0.000145046
-0.000147775
-0.000150145
-0.000152141
-0.000153753
-0.00015497
-0.000155781
-0.000156178
-0.000156154
-0.000155702
-0.000154816
-0.000153491
-0.000151723
-0.000149509
-0.000146845
-0.00014373
-0.000140159
-0.00013613
-0.000131644
-0.000126706
-0.000121291
-0.000115245
-0.00010845
-0.000102279
-5.05907e-05
-4.36368e-05
-3.59668e-05
-2.91273e-05
-2.2995e-05
-1.74047e-05
-1.23345e-05
-7.7965e-06
-3.79733e-06
-3.37733e-07
2.582e-06
4.96311e-06
6.80721e-06
8.11828e-06
8.90111e-06
9.16321e-06
8.91302e-06
8.16194e-06
6.92229e-06
5.20943e-06
3.03953e-06
4.31763e-07
-2.59408e-06
-6.01532e-06
-9.80898e-06
-1.39493e-05
-1.84108e-05
-2.31651e-05
-2.81846e-05
-3.34394e-05
-3.89002e-05
-4.45361e-05
-5.0317e-05
-5.62115e-05
-6.21895e-05
-6.82195e-05
-7.42718e-05
-8.03158e-05
-8.63227e-05
-9.22628e-05
-9.81087e-05
-0.000103832
-0.000109408
-0.000114809
-0.000120011
-0.000124991
-0.000129726
-0.000134193
-0.000138374
-0.000142247
-0.000145796
-0.000149001
-0.000151847
-0.000154318
-0.000156401
-0.00015808
-0.000159344
-0.00016018
-0.000160579
-0.000160528
-0.000160019
-0.000159044
-0.000157593
-0.000155659
-0.000153236
-0.000150315
-0.000146891
-0.000142957
-0.000138507
-0.000133538
-0.000128055
-0.000122027
-0.000115281
-0.000107686
-0.000100781
-5.05158e-05
-4.28117e-05
-3.43219e-05
-2.67647e-05
-2.00044e-05
-1.38584e-05
-8.30173e-06
-3.34679e-06
1.00086e-06
4.7424e-06
7.87998e-06
1.04175e-05
1.23597e-05
1.37136e-05
1.44873e-05
1.46918e-05
1.43391e-05
1.3444e-05
1.20225e-05
1.00934e-05
7.67632e-06
4.79376e-06
1.46881e-06
-2.27274e-06
-6.40489e-06
-1.08991e-05
-1.5727e-05
-2.08579e-05
-2.62617e-05
-3.19062e-05
-3.77603e-05
-4.37909e-05
-4.99664e-05
-5.62538e-05
-6.26214e-05
-6.90366e-05
-7.54685e-05
-8.18854e-05
-8.82574e-05
-9.45541e-05
-0.000100747
-0.000106808
-0.00011271
-0.000118426
-0.000123932
-0.000129202
-0.000134214
-0.000138945
-0.000143374
-0.00014748
-0.000151244
-0.000154648
-0.000157674
-0.000160305
-0.000162525
-0.000164319
-0.000165673
-0.000166572
-0.000167004
-0.000166955
-0.000166413
-0.000165368
-0.000163807
-0.000161721
-0.000159098
-0.000155929
-0.000152205
-0.000147914
-0.000143049
-0.000137604
-0.000131584
-0.000124952
-0.000117517
-0.000109136
-0.000101511
-4.80893e-05
-3.96283e-05
-3.03147e-05
-2.20415e-05
-1.46603e-05
-7.9701e-06
-1.94308e-06
3.40804e-06
8.07858e-06
1.20715e-05
1.53912e-05
1.80441e-05
2.00378e-05
2.13823e-05
2.20892e-05
2.21727e-05
2.16483e-05
2.05347e-05
1.88513e-05
1.66206e-05
1.3866e-05
1.06135e-05
6.88988e-06
2.72423e-06
-1.854e-06
-6.8131e-06
-1.21216e-05
-1.77458e-05
-2.36529e-05
-2.98081e-05
-3.61778e-05
-4.27266e-05
-4.94207e-05
-5.62252e-05
-6.31066e-05
-7.00305e-05
-7.69645e-05
-8.38754e-05
-9.07322e-05
-9.75032e-05
-0.000104159
-0.00011067
-0.000117008
-0.000123146
-0.000129058
-0.000134718
-0.000140102
-0.000145187
-0.000149952
-0.000154374
-0.000158432
-0.000162108
-0.000165383
-0.000168238
-0.000170655
-0.000172619
-0.000174113
-0.00017512
-0.000175626
-0.000175616
-0.000175075
-0.000173989
-0.000172345
-0.000170128
-0.000167327
-0.000163928
-0.000159918
-0.000155284
-0.000150016
-0.000144107
-0.000137558
-0.000130332
-0.000122216
-0.000113055
-0.000104715
-4.30338e-05
-3.38021e-05
-2.36554e-05
-1.46661e-05
-6.67226e-06
5.46255e-07
7.02081e-06
1.27385e-05
1.76957e-05
2.18973e-05
2.53501e-05
2.80631e-05
3.00468e-05
3.13145e-05
3.18811e-05
3.17644e-05
3.09838e-05
2.95615e-05
2.7521e-05
2.48887e-05
2.1692e-05
1.79608e-05
1.37256e-05
9.01954e-06
3.87567e-06
-1.67071e-06
-7.58458e-06
-1.38291e-05
-2.03681e-05
-2.71638e-05
-3.41797e-05
-4.13779e-05
-4.87221e-05
-5.61747e-05
-6.37003e-05
-7.12624e-05
-7.88268e-05
-8.63584e-05
-9.38246e-05
-0.000101192
-0.000108431
-0.000115509
-0.000122397
-0.000129068
-0.000135494
-0.000141647
-0.000147505
-0.000153041
-0.000158233
-0.000163058
-0.000167495
-0.000171522
-0.000175121
-0.00017827
-0.000180952
-0.000183147
-0.000184838
-0.000186007
-0.000186637
-0.000186711
-0.000186213
-0.000185125
-0.000183431
-0.000181116
-0.000178164
-0.00017456
-0.000170287
-0.000165331
-0.000159676
-0.000153316
-0.000146251
-0.000138438
-0.000129647
-0.000119707
-0.000110651
-3.50312e-05
-2.50113e-05
-1.40198e-05
-4.31524e-06
4.27912e-06
1.20042e-05
1.88953e-05
2.49401e-05
3.01362e-05
3.44909e-05
3.80137e-05
4.07166e-05
4.26133e-05
4.37207e-05
4.40573e-05
4.36448e-05
4.25067e-05
4.06693e-05
3.81604e-05
3.50107e-05
3.12518e-05
2.69181e-05
2.20443e-05
1.66676e-05
1.08253e-05
4.55659e-06
-2.09955e-06
-9.10261e-06
-1.64128e-05
-2.39892e-05
-3.17917e-05
-3.97796e-05
-4.79136e-05
-5.61536e-05
-6.44615e-05
-7.27986e-05
-8.11284e-05
-8.94138e-05
-9.76204e-05
-0.000105713
-0.00011366
-0.000121428
-0.000128987
-0.000136306
-0.000143359
-0.000150116
-0.000156552
-0.00016264
-0.000168358
-0.00017368
-0.000178585
-0.00018305
-0.000187054
-0.000190575
-0.000193594
-0.00019609
-0.000198044
-0.000199436
-0.000200248
-0.00020046
-0.000200053
-0.000199009
-0.00019731
-0.000194936
-0.000191869
-0.00018809
-0.000183583
-0.000178329
-0.00017231
-0.000165516
-0.000157948
-0.000149556
-0.000140093
-0.000129373
-0.000119595
-2.37106e-05
-1.28853e-05
-1.03931e-06
9.37529e-06
1.85515e-05
2.67526e-05
3.40191e-05
4.03394e-05
4.57133e-05
5.01509e-05
5.36651e-05
5.62714e-05
5.79872e-05
5.88333e-05
5.88325e-05
5.80109e-05
5.63963e-05
5.40198e-05
5.09139e-05
4.7114e-05
4.26565e-05
3.75803e-05
3.19251e-05
2.57326e-05
1.90446e-05
1.19047e-05
4.35624e-06
-3.55627e-06
-1.17891e-05
-2.02973e-05
-2.90377e-05
-3.79658e-05
-4.70392e-05
-5.62148e-05
-6.54518e-05
-7.47087e-05
-8.39467e-05
-9.31265e-05
-0.000102211
-0.000111165
-0.000119952
-0.000128539
-0.000136894
-0.000144985
-0.000152784
-0.000160259
-0.000167386
-0.000174135
-0.000180482
-0.000186402
-0.000191871
-0.000196865
-0.000201363
-0.000205341
-0.000208778
-0.000211651
-0.000213942
-0.000215626
-0.000216685
-0.000217097
-0.000216841
-0.000215895
-0.00021424
-0.000211853
-0.000208714
-0.000204801
-0.000200095
-0.000194572
-0.000188214
-0.000181009
-0.000172953
-0.000163995
-0.000153863
-0.000142359
-0.000131852
-8.63856e-06
3.00516e-06
1.57087e-05
2.68196e-05
3.65486e-05
4.51832e-05
5.27701e-05
5.92995e-05
6.4774e-05
6.92074e-05
7.26167e-05
7.50214e-05
7.64435e-05
7.69083e-05
7.64435e-05
7.50801e-05
7.2851e-05
6.97925e-05
6.59423e-05
6.1341e-05
5.60303e-05
5.00545e-05
4.34583e-05
3.62886e-05
2.85922e-05
2.04174e-05
1.18123e-05
2.82583e-06
-6.4938e-06
-1.60978e-05
-2.59386e-05
-3.59685e-05
-4.61413e-05
-5.64109e-05
-6.67332e-05
-7.70639e-05
-8.73616e-05
-9.75845e-05
-0.000107694
-0.00011765
-0.000127418
-0.00013696
-0.000146245
-0.000155237
-0.000163907
-0.000172224
-0.000180159
-0.000187683
-0.000194771
-0.000201396
-0.000207533
-0.000213157
-0.000218245
-0.000222771
-0.000226715
-0.000230052
-0.000232759
-0.000234814
-0.000236194
-0.000236875
-0.000236836
-0.000236051
-0.000234499
-0.000232154
-0.000228993
-0.000224993
-0.000220128
-0.000214375
-0.00020771
-0.000200118
-0.000191596
-0.000182084
-0.000171291
-0.000159002
-0.000147758
1.06906e-05
2.31566e-05
3.67088e-05
4.84888e-05
5.87267e-05
6.77361e-05
7.5571e-05
8.22245e-05
8.77031e-05
9.20253e-05
9.52126e-05
9.729e-05
9.82845e-05
9.82268e-05
9.71502e-05
9.50912e-05
9.20887e-05
8.81847e-05
8.34227e-05
7.78493e-05
7.15121e-05
6.4461e-05
5.67465e-05
4.8421e-05
3.95368e-05
3.01476e-05
2.03064e-05
1.00672e-05
-5.17297e-07
-1.13937e-05
-2.25103e-05
-3.38153e-05
-4.52589e-05
-5.67914e-05
-6.83652e-05
-7.99334e-05
-9.14514e-05
-0.000102875
-0.000114163
-0.000125274
-0.00013617
-0.000146812
-0.000157166
-0.000167197
-0.000176872
-0.000186159
-0.000195029
-0.000203452
-0.0002114
-0.000218845
-0.000225761
-0.000232123
-0.000237905
-0.000243081
-0.000247629
-0.000251522
-0.000254737
-0.000257248
-0.000259032
-0.000260063
-0.000260315
-0.000259764
-0.000258382
-0.000256142
-0.00025302
-0.000248985
-0.000244013
-0.000238073
-0.00023114
-0.000223195
-0.000214232
-0.000204185
-0.000192742
-0.000179668
-0.000167685
3.48633e-05
4.81406e-05
6.25145e-05
7.49173e-05
8.56e-05
9.49043e-05
0.000102893
0.000109563
0.000114926
0.000119007
0.000121831
0.000123432
0.000123841
0.000123096
0.000121237
0.000118305
0.000114348
0.000109413
0.000103551
9.68136e-05
8.92563e-05
8.09348e-05
7.1906e-05
6.22282e-05
5.19599e-05
4.11602e-05
2.98879e-05
1.8202e-05
6.16052e-06
-6.1786e-06
-1.87591e-05
-3.15249e-05
-4.44222e-05
-5.73977e-05
-7.04003e-05
-8.33796e-05
-9.62883e-05
-0.00010908
-0.00012171
-0.000134136
-0.000146316
-0.000158211
-0.000169784
-0.000180999
-0.000191821
-0.000202217
-0.000212157
-0.000221608
-0.000230543
-0.000238932
-0.000246749
-0.000253965
-0.000260555
-0.000266492
-0.00027175
-0.000276303
-0.000280126
-0.000283191
-0.000285472
-0.000286941
-0.000287572
-0.000287335
-0.000286201
-0.000284142
-0.000281126
-0.000277122
-0.0002721
-0.000266028
-0.000258874
-0.000250616
-0.000241246
-0.000230691
-0.000218614
-0.000204765
-0.000192044
6.45541e-05
7.86107e-05
9.37539e-05
0.000106707
0.000117745
0.000127238
0.000135259
0.000141811
0.000146912
0.000150592
0.000152887
0.000153834
0.000153474
0.000151851
0.000149012
0.000145008
0.00013989
0.000133716
0.000126541
0.000118428
0.000109436
9.96287e-05
8.90703e-05
7.78255e-05
6.5959e-05
5.35363e-05
4.06217e-05
2.72802e-05
1.3575e-05
-4.30936e-07
-1.46766e-05
-2.91014e-05
-4.36475e-05
-5.82577e-05
-7.28774e-05
-8.74526e-05
-0.000101932
-0.000116268
-0.000130414
-0.000144324
-0.000157954
-0.000171264
-0.000184214
-0.000196767
-0.000208888
-0.00022054
-0.000231693
-0.000242314
-0.000252374
-0.000261841
-0.000270688
-0.000278887
-0.000286409
-0.000293227
-0.000299314
-0.000304643
-0.000309185
-0.000312911
-0.000315795
-0.000317804
-0.000318911
-0.000319083
-0.000318288
-0.000316493
-0.000313665
-0.000309768
-0.000304768
-0.000298627
-0.00029131
-0.000282791
-0.000273058
-0.00026203
-0.000249347
-0.000234739
-0.000221288
0.000100533
0.000115308
0.000131134
0.000144533
0.000155803
0.000165345
0.000173245
0.000179512
0.000184171
0.000187263
0.000188829
0.000188917
0.000187575
0.000184855
0.000180814
0.000175508
0.000169
0.000161353
0.000152632
0.000142906
0.000132244
0.000120717
0.000108394
9.53494e-05
8.16534e-05
6.73783e-05
5.25949e-05
3.73737e-05
2.17838e-05
5.89345e-06
-1.02314e-05
-2.65258e-05
-4.29272e-05
-5.93746e-05
-7.58099e-05
-9.21766e-05
-0.000108421
-0.000124489
-0.000140334
-0.000155908
-0.000171164
-0.00018606
-0.000200555
-0.00021461
-0.000228189
-0.000241256
-0.000253777
-0.00026572
-0.000277052
-0.000287742
-0.000297763
-0.000307083
-0.000315675
-0.000323508
-0.000330556
-0.000336787
-0.000342174
-0.000346684
-0.000350289
-0.000352955
-0.00035465
-0.000355339
-0.000354987
-0.000353557
-0.000351012
-0.000347312
-0.000342417
-0.000336286
-0.000328877
-0.000320161
-0.000310121
-0.000298667
-0.000285415
-0.000270077
-0.000255912
0.000143668
0.000159064
0.000175443
0.000189141
0.00020048
0.000209893
0.000217478
0.000223255
0.000227258
0.000229536
0.000230143
0.000229132
0.000226564
0.000222499
0.000217003
0.000210142
0.000201986
0.000192609
0.000182085
0.00017049
0.000157902
0.000144399
0.000130059
0.000114964
9.91902e-05
8.28177e-05
6.59236e-05
4.85846e-05
3.08755e-05
1.287e-05
-5.36079e-06
-2.37471e-05
-4.22222e-05
-6.07209e-05
-7.91812e-05
-9.75432e-05
-0.000115751
-0.000133747
-0.000151484
-0.000168916
-0.000185988
-0.000202652
-0.000218871
-0.000234605
-0.000249816
-0.000264467
-0.000278523
-0.00029195
-0.000304716
-0.000316789
-0.000328139
-0.000338735
-0.000348547
-0.000357545
-0.000365699
-0.000372977
-0.00037935
-0.000384784
-0.000389246
-0.0003927
-0.000395113
-0.000396444
-0.000396657
-0.000395709
-0.000393559
-0.000390162
-0.000385474
-0.000379446
-0.000372034
-0.0003632
-0.000352922
-0.000341104
-0.000327333
-0.000311306
-0.000296457
0.000194932
0.000210802
0.00022755
0.000241349
0.000252544
0.000261602
0.000268635
0.000273674
0.000276765
0.000277966
0.000277343
0.000274961
0.00027089
0.000265201
0.000257968
0.000249271
0.000239187
0.000227799
0.000215192
0.000201449
0.000186659
0.000170907
0.000154281
0.000136867
0.000118753
0.000100023
8.07631e-05
6.1055e-05
4.09797e-05
2.06164e-05
4.14794e-08
-2.06707e-05
-4.14491e-05
-6.22246e-05
-8.29317e-05
-0.000103507
-0.000123891
-0.000144027
-0.000163858
-0.000183336
-0.000202417
-0.000221049
-0.000239185
-0.000256786
-0.000273815
-0.000290232
-0.000306004
-0.000321094
-0.000335471
-0.000349101
-0.000361953
-0.000373995
-0.000385197
-0.000395526
-0.000404952
-0.000413441
-0.000420961
-0.000427476
-0.000432951
-0.000437348
-0.000440628
-0.000442749
-0.000443668
-0.00044334
-0.000441718
-0.000438751
-0.00043439
-0.00042858
-0.000421268
-0.000412412
-0.000401985
-0.000389879
-0.00037566
-0.000359
-0.00034351
0.000255396
0.000271534
0.0002884
0.000302038
0.000312821
0.000321242
0.000327434
0.000331439
0.000333315
0.000333134
0.000330973
0.000326911
0.000321026
0.000313402
0.000304125
0.000293282
0.000280965
0.000267263
0.000252273
0.000236087
0.000218801
0.000200511
0.000181313
0.000161301
0.000140569
0.000119212
9.73182e-05
7.49787e-05
5.22798e-05
2.9306e-05
6.13875e-06
-1.71429e-05
-4.04637e-05
-6.37507e-05
-8.69353e-05
-0.000109951
-0.000132737
-0.000155232
-0.000177378
-0.000199118
-0.000220406
-0.000241202
-0.00026146
-0.000281132
-0.000300179
-0.000318562
-0.000336245
-0.000353194
-0.000369375
-0.000384755
-0.000399301
-0.00041298
-0.000425761
-0.000437611
-0.000448496
-0.000458383
-0.000467234
-0.000475014
-0.000481684
-0.000487201
-0.000491524
-0.000494606
-0.0004964
-0.000496855
-0.000495917
-0.000493532
-0.000489642
-0.000484186
-0.000477104
-0.000468346
-0.000457879
-0.000445585
-0.000431001
-0.000413785
-0.00039771
0.000326227
0.000342355
0.000359004
0.000372147
0.000382179
0.000389621
0.000394623
0.000397243
0.000397553
0.000395641
0.000391594
0.000385504
0.000377463
0.000367565
0.000355907
0.000342589
0.000327711
0.000311374
0.000293683
0.000274741
0.000254654
0.000233525
0.000211458
0.000188557
0.000164923
0.000140656
0.000115854
9.06131e-05
6.50251e-05
3.91804e-05
1.31652e-05
-1.29369e-05
-3.90465e-05
-6.50872e-05
-9.09869e-05
-0.000116676
-0.000142091
-0.00016717
-0.000191853
-0.000216087
-0.000239821
-0.000263006
-0.000285598
-0.000307553
-0.000328832
-0.000349394
-0.000369204
-0.000388226
-0.000406425
-0.000423769
-0.000440223
-0.000455755
-0.00047033
-0.000483916
-0.000496475
-0.000507973
-0.000518371
-0.000527628
-0.000535703
-0.000542549
-0.000548121
-0.000552367
-0.000555235
-0.000556666
-0.000556602
-0.00055498
-0.000551735
-0.000546799
-0.000540102
-0.000531587
-0.000521213
-0.00050885
-0.000494012
-0.000476336
-0.000459751
0.000408671
0.000424421
0.000440422
0.000452648
0.000461512
0.000467561
0.000470961
0.000471789
0.000470131
0.000466091
0.000459769
0.000451271
0.000440699
0.000428162
0.000413766
0.000397621
0.000379839
0.000360532
0.000339812
0.000317792
0.000294588
0.000270311
0.000245073
0.000218986
0.000192158
0.000164697
0.000136707
0.000108289
7.95423e-05
5.05613e-05
2.14373e-05
-7.74186e-06
-3.6893e-05
-6.59364e-05
-9.47971e-05
-0.000123404
-0.000151689
-0.00017959
-0.000207047
-0.000234005
-0.000260412
-0.00028622
-0.000311382
-0.000335855
-0.000359599
-0.000382576
-0.000404748
-0.000426079
-0.000446536
-0.000466084
-0.000484688
-0.000502316
-0.000518931
-0.000534499
-0.000548981
-0.000562339
-0.000574532
-0.000585515
-0.000595243
-0.000603665
-0.000610731
-0.000616381
-0.000620558
-0.000623198
-0.000624232
-0.000623591
-0.000621201
-0.000616983
-0.00061086
-0.000602765
-0.000592646
-0.000580364
-0.000565404
-0.000547389
-0.000530386
0.000504033
0.000518931
0.000533737
0.000544521
0.000551715
0.000555876
0.000557194
0.00055576
0.000551681
0.000545071
0.000536049
0.000524729
0.000511228
0.000495664
0.000478155
0.00045882
0.000437781
0.000415159
0.000391077
0.000365655
0.000339016
0.000311281
0.000282569
0.000253
0.000222688
0.000191748
0.000160289
0.00012842
9.62438e-05
6.38605e-05
3.13656e-05
-1.14918e-06
-3.35973e-05
-6.58961e-05
-9.7968e-05
-0.00012974
-0.000161143
-0.000192112
-0.000222589
-0.000252516
-0.000281842
-0.000310518
-0.000338498
-0.00036574
-0.000392203
-0.000417849
-0.000442642
-0.000466546
-0.000489526
-0.000511548
-0.000532577
-0.000552577
-0.000571514
-0.000589348
-0.00060604
-0.000621548
-0.000635828
-0.00064883
-0.000660504
-0.000670794
-0.000679643
-0.000686986
-0.000692755
-0.00069688
-0.000699283
-0.000699885
-0.000698601
-0.000695342
-0.00069002
-0.000682557
-0.000672891
-0.000660868
-0.000645953
-0.000627747
-0.000610442
0.000613638
0.000627084
0.000640013
0.000648718
0.000653638
0.000655334
0.000654014
0.000649789
0.000642781
0.000633121
0.000620938
0.000606359
0.00058951
0.000570518
0.000549512
0.00052662
0.00050197
0.000475692
0.000447916
0.000418771
0.000388387
0.00035689
0.000324409
0.000291068
0.000256988
0.00022229
0.00018709
0.0001515
0.000115629
7.95818e-05
4.34572e-05
7.35032e-06
-2.86489e-05
-6.44557e-05
-9.99903e-05
-0.000135178
-0.000169949
-0.000204239
-0.000237987
-0.000271138
-0.000303639
-0.000335443
-0.000366505
-0.000396784
-0.000426239
-0.000454833
-0.000482531
-0.000509298
-0.000535098
-0.000559898
-0.000583662
-0.000606353
-0.000627934
-0.000648364
-0.000667601
-0.000685599
-0.000702307
-0.000717674
-0.000731641
-0.000744147
-0.000755126
-0.000764504
-0.000772206
-0.000778149
-0.000782246
-0.000784406
-0.000784532
-0.000782524
-0.000778279
-0.000771706
-0.000762733
-0.000751189
-0.000736516
-0.000718298
-0.00070083
0.000738777
0.000750029
0.000760245
0.000766102
0.000768038
0.000766602
0.000762014
0.000754407
0.000743919
0.000730691
0.000714861
0.000696567
0.000675942
0.00065312
0.000628235
0.000601424
0.000572818
0.000542554
0.000510768
0.000477594
0.000443167
0.000407622
0.00037109
0.000333702
0.000295585
0.000256865
0.000217663
0.000178095
0.000138275
9.83114e-05
5.83067e-05
1.83589e-05
-2.14395e-05
-6.10019e-05
-0.000100247
-0.0001391
-0.00017749
-0.000215352
-0.000252628
-0.000289262
-0.000325204
-0.000360407
-0.000394829
-0.000428428
-0.000461168
-0.000493012
-0.000523927
-0.000553877
-0.000582829
-0.000610748
-0.000637599
-0.000663343
-0.00068794
-0.000711347
-0.000733518
-0.000754402
-0.000773945
-0.000792085
-0.000808758
-0.000823894
-0.000837416
-0.000849242
-0.000859284
-0.000867448
-0.000873632
-0.000877732
-0.000879637
-0.000879231
-0.000876396
-0.000871027
-0.000863035
-0.000852233
-0.000838041
-0.000820026
-0.000802563
0.000880632
0.000888779
0.000895268
0.000897369
0.000895501
0.000890173
0.000881617
0.000869983
0.000855421
0.00083808
0.000818105
0.000795636
0.00077081
0.000743764
0.000714633
0.000683557
0.000650674
0.000616118
0.000580029
0.000542545
0.000503806
0.000463949
0.000423111
0.000381425
0.000339025
0.000296039
0.000252594
0.00020881
0.000164804
0.000120688
7.65686e-05
3.25451e-05
-1.12879e-05
-5.48424e-05
-9.80365e-05
-0.000140795
-0.000183048
-0.000224732
-0.00026579
-0.000306168
-0.000345818
-0.000384697
-0.000422764
-0.000459983
-0.000496317
-0.000531734
-0.000566201
-0.000599686
-0.000632156
-0.000663575
-0.000693909
-0.000723117
-0.000751157
-0.000777982
-0.000803541
-0.000827777
-0.000850628
-0.000872025
-0.000891895
-0.000910154
-0.000926716
-0.000941485
-0.000954359
-0.000965228
-0.000973974
-0.000980475
-0.000984604
-0.000986227
-0.000985206
-0.000981419
-0.000974758
-0.000965017
-0.000951592
-0.000934037
-0.000916775
0.00104016
0.00104411
0.00104568
0.00104297
0.00103636
0.00102629
0.00101299
0.00099664
0.000977382
0.00095537
0.000930748
0.000903653
0.00087422
0.000842581
0.000808869
0.000773218
0.000735766
0.000696647
0.000656
0.000613963
0.000570676
0.000526279
0.000480911
0.000434709
0.000387808
0.000340343
0.000292442
0.000244229
0.000195826
0.000147346
9.88991e-05
5.05864e-05
2.50409e-06
-4.52592e-05
-9.26219e-05
-0.000139509
-0.000185854
-0.000231595
-0.000276677
-0.00032105
-0.000364672
-0.000407501
-0.000449503
-0.000490643
-0.000530892
-0.00057022
-0.000608598
-0.000645995
-0.000682382
-0.000717723
-0.000751982
-0.000785119
-0.000817087
-0.000847835
-0.000877306
-0.000905435
-0.000932152
-0.000957378
-0.000981024
-0.001003
-0.00102319
-0.00104149
-0.00105779
-0.00107195
-0.00108384
-0.0010933
-0.00110019
-0.00110435
-0.00110564
-0.00110389
-0.00109898
-0.00109068
-0.00107837
-0.00106158
-0.00104476
0.00121802
0.00121648
0.00121173
0.00120299
0.00119057
0.00117482
0.00115595
0.00113415
0.00110956
0.00108232
0.00105256
0.00102042
0.000986004
0.000949442
0.000910856
0.000870368
0.000828108
0.000784204
0.000738789
0.000692001
0.000643975
0.000594852
0.000544772
0.000493873
0.000442294
0.00039017
0.000337634
0.000284815
0.000231834
0.000178811
0.000125855
7.30703e-05
2.05543e-05
-3.16043e-05
-8.33252e-05
-0.000134536
-0.000185173
-0.000235179
-0.000284502
-0.0003331
-0.000380935
-0.000427972
-0.000474184
-0.000519543
-0.000564025
-0.000607606
-0.000650263
-0.000691969
-0.000732697
-0.000772414
-0.000811084
-0.000848664
-0.000885105
-0.000920351
-0.000954335
-0.000986985
-0.00101822
-0.00104794
-0.00107605
-0.00110243
-0.00112696
-0.00114951
-0.00116996
-0.00118811
-0.00120381
-0.0012169
-0.00122721
-0.00123455
-0.00123873
-0.00123958
-0.00123693
-0.00123055
-0.00121976
-0.00120411
-0.00118801
0.00141435
0.0014058
0.00139308
0.00137692
0.00135753
0.00133508
0.00130978
0.00128178
0.00125122
0.00121822
0.00118289
0.00114531
0.0011056
0.00106384
0.00102015
0.000974617
0.000927367
0.000878513
0.000828179
0.000776493
0.000723588
0.000669601
0.000614671
0.000558938
0.000502542
0.00044562
0.000388311
0.000330744
0.000273046
0.000215337
0.000157731
0.000100333
4.32402e-05
-1.34568e-05
-6.96806e-05
-0.000125364
-0.000180447
-0.000234879
-0.000288617
-0.000341624
-0.000393872
-0.000445337
-0.000496
-0.000545844
-0.000594853
-0.000643014
-0.00069031
-0.000736722
-0.000782227
-0.000826797
-0.000870395
-0.000912978
-0.000954492
-0.000994875
-0.00103405
-0.00107194
-0.00110844
-0.00114343
-0.00117681
-0.00120843
-0.00123814
-0.00126579
-0.0012912
-0.00131418
-0.00133454
-0.00135209
-0.00136661
-0.00137788
-0.00138568
-0.00138979
-0.00139004
-0.00138612
-0.00137738
-0.00136331
-0.00134826
0.00162851
0.0016112
0.00158869
0.00156358
0.00153594
0.00150573
0.00147309
0.00143815
0.00140102
0.00136177
0.00132046
0.00127714
0.00123187
0.00118472
0.00113575
0.00108504
0.00103269
0.00097878
0.00092343
0.000866755
0.00080888
0.000749937
0.000690063
0.0006294
0.000568088
0.00050627
0.000444086
0.000381672
0.000319158
0.00025667
0.00019432
0.000132215
7.04535e-05
9.13256e-06
-5.16729e-05
-0.000111909
-0.000171523
-0.000230472
-0.000288722
-0.00034625
-0.000403039
-0.000459079
-0.000514366
-0.000568896
-0.000622671
-0.000675688
-0.000727943
-0.000779429
-0.000830129
-0.000880023
-0.000929076
-0.000977245
-0.00102447
-0.00107069
-0.00111581
-0.00115974
-0.00120235
-0.00124352
-0.00128309
-0.0013209
-0.00135678
-0.00139052
-0.00142193
-0.00145076
-0.00147677
-0.00149976
-0.00151944
-0.00153556
-0.00154785
-0.00155606
-0.00155994
-0.00155919
-0.00155309
-0.00154114
-0.00152756
0.00185896
0.00183092
0.00179654
0.00176081
0.00172357
0.0016845
0.00164362
0.00160103
0.00155676
0.00151083
0.00146321
0.00141391
0.00136291
0.00131024
0.00125591
0.00119995
0.00114244
0.00108343
0.00102302
0.000961312
0.000898415
0.00083446
0.000769582
0.000703922
0.000637627
0.000570843
0.000503718
0.000436395
0.000369013
0.000301705
0.000234578
0.000167708
0.000101221
3.52716e-05
-3.00962e-05
-9.48718e-05
-0.000159003
-0.000222453
-0.000285202
-0.000347245
-0.000408583
-0.000469226
-0.000529191
-0.000588496
-0.000647163
-0.000705211
-0.000762654
-0.000819501
-0.000875752
-0.000931393
-0.000986399
-0.00104073
-0.00109432
-0.0011471
-0.00119897
-0.00124981
-0.00129948
-0.00134782
-0.00139465
-0.00143977
-0.00148296
-0.00152398
-0.00156256
-0.00159844
-0.00163133
-0.00166092
-0.00168692
-0.001709
-0.00172684
-0.00174013
-0.00174858
-0.00175182
-0.00174912
-0.00173996
-0.00172835
0.00210284
0.00206189
0.00201339
0.00196524
0.001917
0.00186793
0.00181794
0.00176703
0.00171515
0.00166218
0.00160803
0.00155258
0.00149577
0.00143752
0.0013778
0.00131659
0.00125391
0.0011898
0.00112431
0.00105754
0.000989588
0.000920574
0.000850636
0.00077992
0.000708578
0.000636768
0.000564647
0.00049237
0.000420094
0.000347964
0.000276042
0.000204205
0.000133111
6.29085e-05
-6.92546e-06
-7.61688e-05
-0.000144699
-0.000212502
-0.000279587
-0.000345975
-0.000411694
-0.000476785
-0.000541294
-0.000605274
-0.000668775
-0.000731849
-0.00079454
-0.000856882
-0.000918896
-0.00098059
-0.00104195
-0.00110294
-0.0011635
-0.00122356
-0.00128299
-0.00134166
-0.0013994
-0.00145602
-0.0015113
-0.00156498
-0.0016168
-0.00166645
-0.00171362
-0.00175796
-0.00179913
-0.00183676
-0.00187045
-0.00189983
-0.0019245
-0.00194409
-0.00195824
-0.0019665
-0.00196812
-0.00196255
-0.00195353
0.00235571
0.00229946
0.00223442
0.00217198
0.0021113
0.00205116
0.00199124
0.00193143
0.00187151
0.00181126
0.00175041
0.00168875
0.00162609
0.00156228
0.00149719
0.00143075
0.00136291
0.00129368
0.0012231
0.00115121
0.00107814
0.00100398
0.000928888
0.000853011
0.000776517
0.000699579
0.00062237
0.000545062
0.000467821
0.000390801
0.000314124
0.000237899
0.000162375
8.75871e-05
1.34509e-05
-5.99255e-05
-0.0001325
-0.000204282
-0.000275305
-0.000345617
-0.000415286
-0.000484393
-0.000553027
-0.000621287
-0.000689272
-0.000757077
-0.000824791
-0.00089249
-0.000960232
-0.00102805
-0.00109597
-0.00116395
-0.00123196
-0.00129989
-0.00136764
-0.00143504
-0.00150189
-0.00156795
-0.00163296
-0.00169659
-0.00175852
-0.00181837
-0.00187573
-0.0019302
-0.00198132
-0.00202864
-0.00207169
-0.00210998
-0.00214304
-0.00217039
-0.00219161
-0.00220615
-0.00221323
-0.00221227
-0.00220661
0.00261112
0.00253706
0.00245295
0.00237429
0.00229979
0.00222753
0.00215695
0.00208774
0.00201949
0.00195177
0.00188416
0.00181628
0.00174779
0.00167844
0.00160799
0.00153631
0.00146328
0.00138887
0.00131307
0.00123594
0.00115757
0.00107807
0.000997611
0.000916353
0.000834489
0.000752217
0.000669741
0.000587262
0.000504976
0.000423061
0.000341679
0.000260976
0.00018109
0.000102102
2.40535e-05
-5.30225e-05
-0.000129125
-0.000204287
-0.000278574
-0.000352078
-0.000424915
-0.000497224
-0.000569156
-0.000640876
-0.00071255
-0.000784344
-0.000856412
-0.000928895
-0.00100191
-0.00107554
-0.00114984
-0.00122483
-0.00130046
-0.00137667
-0.00145331
-0.00153021
-0.00160713
-0.00168379
-0.00175984
-0.0018349
-0.00190856
-0.00198033
-0.00204973
-0.00211622
-0.00217925
-0.00223824
-0.0022926
-0.00234173
-0.00238505
-0.00242196
-0.00245189
-0.00247426
-0.0024882
-0.00249311
-0.00249178
0.00286027
0.0027658
0.00266004
0.0025633
0.00247364
0.00238834
0.00230647
0.00222747
0.00215067
0.00207539
0.00200098
0.00192687
0.00185256
0.00177764
0.00170178
0.00162474
0.00154635
0.00146652
0.00138522
0.0013025
0.00121844
0.00113318
0.00104689
0.000959789
0.000872095
0.000784051
0.000695909
0.000607914
0.000520304
0.000433304
0.00034712
0.000261925
0.000177863
9.50401e-05
1.3517e-05
-6.66846e-05
-0.000145585
-0.000223251
-0.000299788
-0.000375345
-0.000450107
-0.000524287
-0.000598126
-0.000671881
-0.000745817
-0.0008202
-0.000895287
-0.000971313
-0.00104849
-0.00112698
-0.00120691
-0.00128835
-0.00137131
-0.00145572
-0.00154146
-0.00162834
-0.00171607
-0.00180431
-0.00189266
-0.00198064
-0.00206771
-0.00215329
-0.00223675
-0.0023174
-0.00239457
-0.0024675
-0.00253548
-0.00259774
-0.00265355
-0.00270216
-0.00274288
-0.00277493
-0.00279746
-0.00280981
-0.00281406
0.00309163
0.00297417
0.00284425
0.00272764
0.00262161
0.00252247
0.0024288
0.00233971
0.00225421
0.0021713
0.00209005
0.00200966
0.00192943
0.00184878
0.00176726
0.00168452
0.00160033
0.00151454
0.00142712
0.00133809
0.00124757
0.00115571
0.00106274
0.000968907
0.000874503
0.000779837
0.000685228
0.000590993
0.000497444
0.00040487
0.000313534
0.000223666
0.000135461
4.9049e-05
-3.54864e-05
-0.00011812
-0.000198887
-0.000277884
-0.00035527
-0.00043126
-0.000506126
-0.000580185
-0.000653794
-0.000727342
-0.000801232
-0.000875878
-0.000951682
-0.00102903
-0.00110827
-0.0011897
-0.00127356
-0.00136002
-0.00144916
-0.00154097
-0.00163535
-0.0017321
-0.00183092
-0.0019314
-0.00203304
-0.00213526
-0.00223739
-0.00233869
-0.00243836
-0.00253554
-0.00262934
-0.00271884
-0.00280309
-0.00288116
-0.0029521
-0.00301499
-0.00306893
-0.00311302
-0.00314629
-0.00316806
-0.00317941
0.00329059
0.00314768
0.00299127
0.00285319
0.00272977
0.00261614
0.00251029
0.0024109
0.00231657
0.00222592
0.0021377
0.00205081
0.00196433
0.00187751
0.00178973
0.00170056
0.00160968
0.00151692
0.00142221
0.0013256
0.00122723
0.00112731
0.00102612
0.000924005
0.000821334
0.000718518
0.000615978
0.00051414
0.000413421
0.000314216
0.000216888
0.000121754
2.90694e-05
-6.09397e-05
-0.000148165
-0.000232558
-0.000314153
-0.000393071
-0.000469523
-0.000543803
-0.000616288
-0.000687427
-0.000757733
-0.000827771
-0.000898139
-0.000969456
-0.00104234
-0.0011174
-0.00119519
-0.00127621
-0.0013609
-0.00144958
-0.00154246
-0.00163965
-0.00174112
-0.00184667
-0.00195601
-0.00206866
-0.00218404
-0.00230144
-0.00242001
-0.00253882
-0.00265686
-0.00277304
-0.0028862
-0.00299517
-0.00309876
-0.00319574
-0.00328493
-0.00336516
-0.00343529
-0.0034942
-0.00354087
-0.00357455
-0.00359499
0.00343928
0.00326875
0.00308382
0.00292295
0.00278134
0.00265275
0.00253444
0.00242455
0.00232121
0.00222259
0.00212703
0.00203313
0.00193971
0.00184581
0.00175066
0.00165372
0.0015546
0.00145309
0.00134915
0.00124283
0.00113433
0.00102393
0.000912019
0.000799049
0.000685524
0.000571991
0.000459022
0.000347199
0.000237097
0.000129268
2.42279e-05
-7.75602e-05
-0.000175703
-0.00026991
-0.000359938
-0.00044569
-0.000527173
-0.000604515
-0.000677968
-0.000747908
-0.000814832
-0.00087935
-0.000942173
-0.0010041
-0.00106598
-0.00112874
-0.00119329
-0.00126055
-0.0013314
-0.00140665
-0.00148702
-0.00157311
-0.00166537
-0.00176407
-0.00186932
-0.00198103
-0.00209891
-0.00222247
-0.00235103
-0.00248372
-0.00261951
-0.00275723
-0.00289559
-0.00303318
-0.00316853
-0.00330013
-0.00342643
-0.00354588
-0.00365695
-0.00375814
-0.00384799
-0.00392513
-0.00398844
-0.0040371
-0.00406913
0.00351649
0.00331659
0.00310157
0.00291696
0.00275664
0.00261278
0.00248178
0.00236118
0.0022485
0.0021414
0.00203779
0.0019359
0.00183427
0.00173171
0.00162731
0.00152041
0.00141056
0.00129753
0.00118128
0.00106193
0.000939747
0.000815136
0.000688613
0.000560784
0.000432334
0.000304006
0.000176584
5.08692e-05
-7.23325e-05
-0.000192237
-0.000308102
-0.000419244
-0.000525064
-0.000625071
-0.000718897
-0.000806297
-0.0008872
-0.000961698
-0.00103005
-0.00109271
-0.00115029
-0.00120359
-0.00125355
-0.00130127
-0.00134794
-0.00139487
-0.00144339
-0.00149488
-0.00155067
-0.00161203
-0.00168013
-0.00175598
-0.00184041
-0.00193402
-0.00203718
-0.00214998
-0.00227223
-0.00240345
-0.00254291
-0.0026896
-0.00284226
-0.00299942
-0.00315944
-0.00332054
-0.0034808
-0.00363826
-0.00379092
-0.00393677
-0.00407384
-0.00420019
-0.00431395
-0.00441339
-0.00449731
-0.00456478
-0.00461151
0.0034978
0.00326741
0.00302136
0.00281251
0.00263325
0.00247397
0.0023301
0.00219842
0.0020758
0.00195931
0.00184639
0.00173487
0.00162297
0.00150929
0.00139274
0.00127255
0.00114823
0.00101953
0.000886445
0.000749169
0.000608086
0.000463746
0.000316843
0.000168192
1.87167e-05
-0.000130575
-0.000278612
-0.000424284
-0.000566464
-0.000704038
-0.00083593
-0.000961127
-0.00107872
-0.00118791
-0.00128807
-0.00137873
-0.00145966
-0.00153081
-0.00159241
-0.00164493
-0.00168908
-0.00172585
-0.00175645
-0.00178232
-0.0018051
-0.00182659
-0.00184868
-0.00187336
-0.00190262
-0.00193839
-0.00198249
-0.00203659
-0.00210209
-0.00218016
-0.00227158
-0.00237682
-0.00249593
-0.00262856
-0.00277397
-0.00293102
-0.00309824
-0.00327383
-0.0034557
-0.00364156
-0.00382896
-0.00401534
-0.00419807
-0.00437456
-0.00454221
-0.00469853
-0.00484104
-0.00496764
-0.00507695
-0.00516794
-0.00523323
0.00335608
0.00309487
0.00281762
0.00258458
0.00238646
0.00221175
0.00205474
0.00191139
0.00177783
0.00165049
0.00152628
0.00140262
0.0012774
0.00114898
0.00101609
0.000877865
0.000733765
0.000583548
0.00042725
0.000265171
9.78418e-05
-7.40067e-05
-0.000249454
-0.000427416
-0.000606659
-0.00078583
-0.000963476
-0.00113807
-0.00130806
-0.00147186
-0.00162792
-0.00177476
-0.00191099
-0.00203538
-0.00214688
-0.00224467
-0.00232813
-0.00239704
-0.00245144
-0.00249173
-0.00251867
-0.00253339
-0.00253738
-0.00253246
-0.00252078
-0.00250475
-0.002487
-0.00247032
-0.00245757
-0.00245163
-0.00245525
-0.00247105
-0.00250136
-0.00254817
-0.00261304
-0.00269703
-0.00280068
-0.00292397
-0.00306629
-0.00322648
-0.00340287
-0.00359326
-0.0037951
-0.00400545
-0.00422115
-0.00443885
-0.00465512
-0.00486652
-0.00506969
-0.00526133
-0.00543824
-0.00559761
-0.00573798
-0.00585824
-0.00594689
0.00306219
0.00277081
0.00246313
0.00220655
0.00199001
0.00179992
0.00162938
0.00147343
0.0013274
0.00118704
0.00104869
0.000909328
0.000766524
0.000618365
0.000463432
0.000300744
0.000129711
-4.99011e-05
-0.000237979
-0.000434102
-0.000637574
-0.00084744
-0.0010625
-0.00128135
-0.00150235
-0.00172373
-0.00194353
-0.0021597
-0.00237009
-0.00257251
-0.00276477
-0.00294471
-0.0031103
-0.00325964
-0.00339105
-0.00350311
-0.00359476
-0.00366525
-0.00371432
-0.00374213
-0.00374936
-0.0037372
-0.00370735
-0.00366203
-0.00360392
-0.00353616
-0.00346224
-0.00338597
-0.00331136
-0.00324253
-0.00318356
-0.0031384
-0.00311074
-0.00310384
-0.00312045
-0.00316268
-0.00323193
-0.00332881
-0.00345314
-0.00360391
-0.00377933
-0.0039769
-0.00419347
-0.00442538
-0.00466855
-0.00491862
-0.00517108
-0.00542139
-0.00566507
-0.00589778
-0.00611533
-0.00631407
-0.00649226
-0.00664854
-0.00676642
0.00258621
0.00226644
0.00193014
0.00165135
0.00141712
0.00121177
0.0010271
0.000857189
0.000696528
0.000540137
0.000383788
0.000224004
5.79985e-05
-0.000116394
-0.000300772
-0.000496229
-0.00070341
-0.000922526
-0.00115339
-0.00139545
-0.00164783
-0.0019093
-0.00217835
-0.00245317
-0.00273167
-0.00301154
-0.00329021
-0.00356496
-0.00383287
-0.00409098
-0.00433623
-0.0045656
-0.00477613
-0.00496503
-0.0051297
-0.00526789
-0.00537772
-0.00545772
-0.00550704
-0.00552538
-0.00551312
-0.00547132
-0.00540177
-0.00530699
-0.00519018
-0.00505521
-0.00490659
-0.00474931
-0.00458881
-0.00443077
-0.00428102
-0.00414536
-0.00402936
-0.00393815
-0.00387628
-0.00384753
-0.00385472
-0.00389966
-0.00398299
-0.00410425
-0.00426177
-0.00445287
-0.00467384
-0.00492017
-0.00518669
-0.00546774
-0.0057574
-0.00604963
-0.00633849
-0.00661817
-0.00688311
-0.0071286
-0.00735241
-0.00755291
-0.00770695
0.00189889
0.00155376
0.00119181
0.000892824
0.000641951
0.000421465
0.000221836
3.61428e-05
-0.000141996
-0.000318287
-0.000497543
-0.000683704
-0.000879913
-0.0010886
-0.00131155
-0.00155
-0.00180464
-0.00207567
-0.00236283
-0.00266546
-0.00298246
-0.00331233
-0.00365319
-0.00400279
-0.00435851
-0.00471738
-0.00507611
-0.00543116
-0.0057787
-0.00611476
-0.00643521
-0.00673588
-0.00701265
-0.0072615
-0.00747864
-0.00766059
-0.00780431
-0.00790735
-0.00796783
-0.00798465
-0.00795757
-0.00788726
-0.00777536
-0.00762448
-0.00743823
-0.00722114
-0.00697872
-0.00671727
-0.00644382
-0.00616594
-0.00589165
-0.00562911
-0.00538643
-0.00517136
-0.00499104
-0.00485172
-0.00475853
-0.00471521
-0.00472403
-0.00478561
-0.00489895
-0.00506146
-0.00526907
-0.00551641
-0.00579704
-0.00610371
-0.00642868
-0.00676397
-0.00710161
-0.00743383
-0.00775319
-0.00805342
-0.00833174
-0.00858602
-0.00878448
0.00097355
0.000607373
0.000223915
-9.25469e-05
-0.000358683
-0.000594166
-0.000809824
-0.00101359
-0.00121269
-0.00141358
-0.00162163
-0.00184124
-0.00207594
-0.00232841
-0.00260065
-0.00289405
-0.00320937
-0.00354682
-0.00390611
-0.00428643
-0.0046865
-0.00510452
-0.00553823
-0.00598489
-0.00644125
-0.00690364
-0.00736793
-0.00782959
-0.00828373
-0.00872516
-0.00914845
-0.00954805
-0.00991834
-0.0102538
-0.010549
-0.0107989
-0.010999
-0.0111453
-0.0112345
-0.0112643
-0.0112333
-0.0111416
-0.0109901
-0.0107815
-0.0105192
-0.0102083
-0.00985513
-0.00946723
-0.00905329
-0.00862295
-0.00818668
-0.00775556
-0.0073409
-0.00695387
-0.00660517
-0.00630461
-0.00606069
-0.00588026
-0.00576823
-0.00572735
-0.0057581
-0.00585863
-0.00602493
-0.00625095
-0.00652896
-0.00684988
-0.00720369
-0.00757988
-0.00796783
-0.00835708
-0.00873761
-0.00910103
-0.00944366
-0.00976257
-0.0100152
-0.000211921
-0.000593544
-0.000993204
-0.00132372
-0.00160342
-0.00185371
-0.00208664
-0.00231111
-0.00253519
-0.00276599
-0.00300948
-0.0032705
-0.00355293
-0.00385976
-0.00419321
-0.00455483
-0.0049455
-0.00536546
-0.0058144
-0.00629143
-0.00679506
-0.00732322
-0.00787325
-0.00844187
-0.00902519
-0.00961873
-0.0102174
-0.0108157
-0.0114073
-0.0119858
-0.0125441
-0.0130752
-0.0135716
-0.0140259
-0.0144308
-0.0147795
-0.0150652
-0.0152821
-0.0154251
-0.0154901
-0.015474
-0.0153756
-0.0151953
-0.014935
-0.0145974
-0.0141871
-0.0137113
-0.0131791
-0.0126009
-0.0119878
-0.0113526
-0.0107095
-0.0100738
-0.00946069
-0.00888556
-0.00836298
-0.00790622
-0.00752669
-0.00723344
-0.00703278
-0.00692796
-0.00691905
-0.00700293
-0.00717345
-0.00742181
-0.00773698
-0.00810631
-0.00851613
-0.00895236
-0.00940099
-0.00984845
-0.0102834
-0.0107009
-0.0110966
-0.0114146
-0.00167291
-0.0020632
-0.00247269
-0.00281317
-0.0031044
-0.00336917
-0.00362064
-0.0038686
-0.00412188
-0.00438826
-0.0046742
-0.004985
-0.00532489
-0.00569715
-0.00610426
-0.00654796
-0.00702925
-0.00754848
-0.00810534
-0.00869888
-0.00932743
-0.00998866
-0.0106795
-0.0113961
-0.012134
-0.0128877
-0.0136513
-0.0144178
-0.0151799
-0.0159293
-0.0166576
-0.0173556
-0.018014
-0.0186234
-0.0191742
-0.0196573
-0.0200637
-0.0203852
-0.0206142
-0.0207443
-0.02077
-0.0206874
-0.0204968
-0.0202004
-0.0197983
-0.0192924
-0.0186911
-0.0180069
-0.0172505
-0.0164326
-0.0155667
-0.0146729
-0.0137694
-0.0128758
-0.0120129
-0.0112014
-0.0104609
-0.00980904
-0.00926093
-0.00882836
-0.00851929
-0.00833744
-0.0082821
-0.00834817
-0.00852651
-0.00880443
-0.00916644
-0.00959517
-0.0100722
-0.0105789
-0.011097
-0.0116111
-0.0121141
-0.0126001
-0.0129958
-0.00341611
-0.00380734
-0.00421936
-0.00456512
-0.00486543
-0.0051441
-0.00541517
-0.00568925
-0.00597584
-0.00628328
-0.00661852
-0.00698725
-0.00739403
-0.00784247
-0.00833531
-0.00887449
-0.00946118
-0.0100958
-0.0107782
-0.0115073
-0.0122814
-0.0130977
-0.0139529
-0.0148426
-0.0157616
-0.0167035
-0.0176612
-0.0186267
-0.0195911
-0.0205446
-0.0214768
-0.0223768
-0.0232329
-0.0240336
-0.024767
-0.0254212
-0.0259849
-0.026447
-0.0267972
-0.0270259
-0.0271242
-0.0270838
-0.026902
-0.0265881
-0.0261546
-0.0256028
-0.0249189
-0.0241012
-0.0231586
-0.0221049
-0.0209745
-0.0197986
-0.0185892
-0.0173673
-0.0161592
-0.0149927
-0.013895
-0.0128917
-0.0120058
-0.0112571
-0.0106606
-0.0102263
-0.0099581
-0.00985401
-0.00990604
-0.0101008
-0.0104202
-0.0108431
-0.0113457
-0.0119037
-0.0124926
-0.0130916
-0.0136905
-0.0142807
-0.0147678
-0.005438
-0.00582172
-0.0062283
-0.00657411
-0.00688062
-0.00717215
-0.00746342
-0.0077657
-0.00808906
-0.00844229
-0.00883278
-0.00926656
-0.00974852
-0.0102826
-0.0108717
-0.011518
-0.0122229
-0.0129871
-0.0138103
-0.0146914
-0.0156286
-0.0166191
-0.0176589
-0.0187431
-0.0198658
-0.0210199
-0.0221969
-0.0233877
-0.0245818
-0.0257679
-0.0269336
-0.0280661
-0.0291517
-0.0301766
-0.0311265
-0.0319875
-0.0327458
-0.033388
-0.033902
-0.0342766
-0.0345026
-0.0345725
-0.0344751
-0.0341949
-0.0337227
-0.0330697
-0.0322591
-0.0313059
-0.0302268
-0.0290231
-0.0276757
-0.0262002
-0.0246465
-0.0230566
-0.0214556
-0.0198772
-0.0183557
-0.016925
-0.0156176
-0.0144632
-0.0134868
-0.0127077
-0.0121377
-0.0117809
-0.0116332
-0.0116824
-0.0119091
-0.0122884
-0.0127912
-0.0133859
-0.0140406
-0.0147272
-0.0154309
-0.0161395
-0.0167325
-0.00772376
-0.00809123
-0.00848403
-0.00882426
-0.00913357
-0.00943627
-0.00974753
-0.0100791
-0.0104415
-0.0108438
-0.0112938
-0.0117978
-0.0123611
-0.0129876
-0.0136808
-0.0144429
-0.0152755
-0.0161794
-0.0171544
-0.0181995
-0.0193127
-0.0204908
-0.0217296
-0.0230236
-0.0243661
-0.025749
-0.0271629
-0.0285972
-0.0300401
-0.0314784
-0.0328981
-0.0342843
-0.0356212
-0.0368928
-0.0380826
-0.0391741
-0.040151
-0.0409977
-0.0416991
-0.0422414
-0.0426127
-0.0428028
-0.0428027
-0.042603
-0.0421963
-0.0415792
-0.0407547
-0.0397224
-0.0384786
-0.0370388
-0.0354447
-0.033722
-0.0318842
-0.0299364
-0.0279273
-0.0259087
-0.0239213
-0.0220066
-0.0202073
-0.018565
-0.0171175
-0.0158966
-0.0149264
-0.0142212
-0.0137846
-0.0136091
-0.0136767
-0.01396
-0.0144247
-0.0150318
-0.0157399
-0.016512
-0.0173272
-0.0181677
-0.0188812
-0.0102472
-0.0105898
-0.0109605
-0.0112892
-0.0115974
-0.0119087
-0.0122386
-0.0125991
-0.0130009
-0.0134535
-0.0139648
-0.0145415
-0.0151888
-0.0159112
-0.0167121
-0.0175941
-0.018559
-0.0196075
-0.0207396
-0.0219542
-0.0232492
-0.0246211
-0.0260653
-0.0275757
-0.0291449
-0.0307638
-0.032422
-0.0341075
-0.0358071
-0.037506
-0.0391885
-0.0408379
-0.0424364
-0.043966
-0.0454081
-0.0467441
-0.0479556
-0.0490245
-0.0499336
-0.0506666
-0.0512082
-0.0515448
-0.0516643
-0.0515566
-0.0512138
-0.0506295
-0.0497955
-0.0487172
-0.0474067
-0.0458852
-0.0441639
-0.0422234
-0.0400876
-0.0378138
-0.0354468
-0.0330144
-0.0305628
-0.0281441
-0.0258126
-0.0236232
-0.0216287
-0.0198773
-0.0184094
-0.0172545
-0.0164293
-0.0159361
-0.0157622
-0.0158814
-0.0162558
-0.0168389
-0.0175791
-0.0184283
-0.0193577
-0.0203417
-0.0211903
-0.0129715
-0.0132813
-0.0136218
-0.0139331
-0.0142356
-0.0145521
-0.0148977
-0.0152848
-0.0157242
-0.0162254
-0.0167966
-0.0174445
-0.0181746
-0.0189915
-0.0198988
-0.0208993
-0.0219947
-0.0231861
-0.0244733
-0.0258553
-0.0273296
-0.0288925
-0.030539
-0.0322624
-0.0340545
-0.0359053
-0.0378033
-0.0397354
-0.0416868
-0.0436415
-0.0455821
-0.0474902
-0.0493465
-0.0511311
-0.0528238
-0.0544043
-0.0558526
-0.0571489
-0.0582743
-0.0592109
-0.0599417
-0.060451
-0.0607248
-0.0607506
-0.0605178
-0.0600176
-0.0592432
-0.0581917
-0.056864
-0.0552641
-0.0534022
-0.0513085
-0.0490032
-0.0465043
-0.0438323
-0.0410292
-0.0381458
-0.0352393
-0.0323721
-0.0296108
-0.0270231
-0.0246749
-0.0226261
-0.0209265
-0.0196118
-0.0187002
-0.018191
-0.018064
-0.0182814
-0.018791
-0.0195311
-0.0204411
-0.0214821
-0.0226187
-0.0236153
-0.0158509
-0.0161208
-0.0164241
-0.0167121
-0.0170039
-0.017321
-0.0176779
-0.018087
-0.0185592
-0.0191041
-0.0197298
-0.0204431
-0.0212498
-0.0221544
-0.0231608
-0.0242718
-0.0254893
-0.0268143
-0.0282467
-0.0297852
-0.0314272
-0.0331688
-0.0350044
-0.0369267
-0.0389267
-0.0409937
-0.0431151
-0.0452765
-0.0474621
-0.0496544
-0.0518346
-0.053983
-0.0560787
-0.0581007
-0.0600273
-0.061837
-0.0635085
-0.065021
-0.0663546
-0.0674902
-0.06841
-0.0690974
-0.0695369
-0.0697151
-0.0696197
-0.0692405
-0.0685693
-0.0676003
-0.0663304
-0.0647592
-0.0628909
-0.0607363
-0.05831
-0.0556307
-0.0527243
-0.0496263
-0.0463825
-0.0430485
-0.0396892
-0.0363783
-0.0331953
-0.0302227
-0.0275409
-0.0252234
-0.0233302
-0.021903
-0.0209601
-0.0204952
-0.0204766
-0.0208507
-0.021547
-0.0224922
-0.0236358
-0.0249297
-0.0260855
-0.018833
-0.0190579
-0.0193181
-0.0195773
-0.0198532
-0.020165
-0.020527
-0.0209511
-0.0214482
-0.0220279
-0.0226984
-0.0234664
-0.0243379
-0.0253176
-0.0264094
-0.0276161
-0.0289397
-0.0303813
-0.0319406
-0.0336164
-0.0354057
-0.0373043
-0.039306
-0.0414031
-0.0435859
-0.0458427
-0.04816
-0.0505225
-0.0529131
-0.0553133
-0.057703
-0.0600612
-0.0623662
-0.0645955
-0.0667268
-0.0687374
-0.0706056
-0.0723098
-0.0738296
-0.0751457
-0.0762397
-0.0770948
-0.0776954
-0.0780273
-0.0780777
-0.0778354
-0.0772906
-0.0764353
-0.0752633
-0.0737709
-0.0719573
-0.0698251
-0.0673813
-0.0646378
-0.0616137
-0.0583368
-0.0548452
-0.0511888
-0.0474298
-0.0436432
-0.0399151
-0.0363405
-0.0330186
-0.030047
-0.0275137
-0.0254899
-0.0240218
-0.0231255
-0.0227844
-0.0229502
-0.0235479
-0.024493
-0.0257227
-0.0271735
-0.0284966
-0.0218624
-0.0220389
-0.022252
-0.0224778
-0.0227322
-0.0230321
-0.0233909
-0.0238204
-0.0243313
-0.024933
-0.0256338
-0.0264406
-0.0273595
-0.0283953
-0.029552
-0.0308327
-0.0322393
-0.033773
-0.0354335
-0.0372193
-0.0391273
-0.041153
-0.0432897
-0.0455292
-0.0478611
-0.050273
-0.0527505
-0.0552774
-0.0578357
-0.0604057
-0.0629664
-0.065496
-0.0679717
-0.0703702
-0.0726686
-0.0748437
-0.0768732
-0.0787355
-0.0804101
-0.0818777
-0.0831203
-0.0841213
-0.0848656
-0.0853392
-0.0855296
-0.0854255
-0.0850164
-0.0842934
-0.0832483
-0.0818746
-0.0801671
-0.0781233
-0.0757431
-0.0730311
-0.0699972
-0.0666593
-0.063045
-0.0591939
-0.0551597
-0.0510121
-0.0468364
-0.0427332
-0.0388149
-0.0351998
-0.0320045
-0.029333
-0.0272666
-0.0258536
-0.0251029
-0.0249811
-0.0254162
-0.0263165
-0.0276076
-0.0292094
-0.0307041
-0.0248839
-0.0250112
-0.0251752
-0.0253641
-0.0255916
-0.025872
-0.0262178
-0.0266404
-0.0271504
-0.0277571
-0.028469
-0.0292933
-0.0302363
-0.0313031
-0.0324981
-0.0338244
-0.0352843
-0.0368789
-0.0386079
-0.0404699
-0.0424617
-0.0445781
-0.0468126
-0.0491561
-0.0515978
-0.0541246
-0.0567215
-0.0593714
-0.0620553
-0.064753
-0.0674425
-0.0701012
-0.0727057
-0.0752321
-0.0776568
-0.0799565
-0.0821087
-0.0840919
-0.0858856
-0.0874711
-0.0888308
-0.089949
-0.0908111
-0.0914042
-0.0917165
-0.0917372
-0.0914566
-0.0908653
-0.0899549
-0.0887172
-0.0871446
-0.0852308
-0.0829706
-0.0803616
-0.0774054
-0.0741093
-0.070489
-0.0665712
-0.0623967
-0.0580234
-0.0535287
-0.04901
-0.0445846
-0.0403846
-0.0365503
-0.0332191
-0.0305108
-0.028514
-0.027274
-0.0267844
-0.0269867
-0.0277889
-0.0291092
-0.0308495
-0.0325163
-0.0278461
-0.0279263
-0.0280418
-0.0281919
-0.0283875
-0.0286403
-0.0289616
-0.0293625
-0.0298533
-0.0304439
-0.0311428
-0.0319579
-0.032896
-0.0339629
-0.0351633
-0.036501
-0.0379785
-0.0395972
-0.041357
-0.0432565
-0.0452923
-0.0474593
-0.0497505
-0.0521566
-0.0546662
-0.0572657
-0.0599394
-0.0626697
-0.0654369
-0.06822
-0.0709964
-0.0737429
-0.0764353
-0.0790496
-0.0815616
-0.0839479
-0.0861859
-0.0882541
-0.0901325
-0.0918026
-0.0932477
-0.0944526
-0.095404
-0.0960898
-0.0964993
-0.096623
-0.0964519
-0.0959777
-0.0951921
-0.0940867
-0.0926533
-0.0908832
-0.0887682
-0.086301
-0.0834763
-0.0802924
-0.0767537
-0.0728735
-0.0686778
-0.0642088
-0.0595295
-0.0547265
-0.0499119
-0.0452219
-0.0408124
-0.0368493
-0.0334902
-0.0308678
-0.0290735
-0.0281407
-0.0280372
-0.0286818
-0.0299914
-0.0318517
-0.033687
-0.0307053
-0.030743
-0.0308136
-0.0309249
-0.0310843
-0.031301
-0.0315848
-0.0319465
-0.0323967
-0.0329455
-0.0336025
-0.0343764
-0.0352751
-0.0363055
-0.0374732
-0.0387829
-0.0402377
-0.0418392
-0.0435883
-0.0454836
-0.0475216
-0.0496973
-0.0520033
-0.0544302
-0.0569662
-0.0595973
-0.0623072
-0.0650777
-0.0678887
-0.0707185
-0.0735439
-0.0763412
-0.0790858
-0.0817531
-0.0843188
-0.0867591
-0.0890513
-0.0911741
-0.0931076
-0.0948337
-0.0963362
-0.0976007
-0.0986144
-0.0993664
-0.0998471
-0.100048
-0.0999615
-0.0995802
-0.098897
-0.0979041
-0.0965933
-0.0949558
-0.0929817
-0.090661
-0.0879838
-0.0849421
-0.081531
-0.0777523
-0.0736174
-0.0691521
-0.0644015
-0.0594355
-0.0543527
-0.0492821
-0.0443836
-0.0398484
-0.0358659
-0.0326034
-0.0302068
-0.0287631
-0.028281
-0.0287035
-0.0299558
-0.0319118
-0.0339081
-0.0334302
-0.0334353
-0.0334676
-0.0335405
-0.0336598
-0.0338315
-0.0340634
-0.0343658
-0.0347499
-0.0352268
-0.0358075
-0.0365024
-0.0373215
-0.0382733
-0.0393651
-0.0406031
-0.041992
-0.043533
-0.0452274
-0.0470755
-0.0490738
-0.051217
-0.0534976
-0.0559061
-0.0584302
-0.0610557
-0.0637657
-0.0665416
-0.0693627
-0.0722066
-0.07505
-0.0778682
-0.0806364
-0.0833296
-0.0859229
-0.0883924
-0.0907152
-0.0928698
-0.0948363
-0.0965969
-0.0981353
-0.0994377
-0.100492
-0.101287
-0.101816
-0.102069
-0.10204
-0.101724
-0.101114
-0.100203
-0.0989847
-0.0974495
-0.0955879
-0.0933889
-0.0908405
-0.0879304
-0.0846479
-0.080986
-0.0769443
-0.0725335
-0.0677812
-0.062738
-0.057484
-0.0521316
-0.0468246
-0.0417668
-0.037227
-0.0333421
-0.0303103
-0.0282937
-0.0273599
-0.0274907
-0.0286325
-0.030654
-0.0328005
-0.0359936
-0.0359796
-0.0359881
-0.0360302
-0.0361051
-0.0362179
-0.0363783
-0.0365972
-0.0368869
-0.0372589
-0.0377247
-0.0382982
-0.0389927
-0.0398195
-0.0407886
-0.0419079
-0.0431836
-0.0446196
-0.0462174
-0.0479769
-0.0498955
-0.0519681
-0.0541872
-0.0565428
-0.0590225
-0.0616115
-0.0642925
-0.0670462
-0.0698515
-0.0726854
-0.0755238
-0.0783419
-0.0811139
-0.0838145
-0.0864184
-0.0889011
-0.0912395
-0.0934116
-0.0953974
-0.0971787
-0.0987393
-0.100065
-0.101144
-0.101966
-0.102523
-0.102807
-0.102813
-0.102534
-0.101965
-0.101102
-0.099936
-0.0984607
-0.0966664
-0.094542
-0.0920749
-0.0892512
-0.0860567
-0.082479
-0.0785093
-0.0741472
-0.0694051
-0.0643154
-0.0589393
-0.0533715
-0.0477341
-0.0421745
-0.0370582
-0.0326215
-0.0289483
-0.0262999
-0.0248367
-0.024599
-0.0255691
-0.0276197
-0.0299024
-0.0383969
-0.0383815
-0.0383805
-0.0383998
-0.038437
-0.0384935
-0.0385732
-0.0386819
-0.0388312
-0.0390439
-0.0393419
-0.0397414
-0.0402587
-0.0409087
-0.0417045
-0.0426566
-0.0437731
-0.0450596
-0.0465191
-0.0481518
-0.0499554
-0.0519249
-0.0540526
-0.0563281
-0.0587385
-0.0612683
-0.0638996
-0.0666126
-0.0693852
-0.0721939
-0.075014
-0.0778198
-0.0805852
-0.0832839
-0.0858902
-0.088379
-0.0907265
-0.0929103
-0.0949096
-0.0967058
-0.0982822
-0.0996243
-0.100719
-0.101557
-0.102129
-0.102427
-0.102445
-0.102179
-0.101621
-0.100768
-0.0996127
-0.098148
-0.0963649
-0.0942527
-0.0917989
-0.088989
-0.0858075
-0.082239
-0.0782702
-0.0738931
-0.0691095
-0.0639374
-0.0584196
-0.0526339
-0.0466932
-0.0407279
-0.034928
-0.0298717
-0.0255927
-0.0222627
-0.0201845
-0.0194891
-0.0202146
-0.0222504
-0.0246521
-0.0406541
-0.0406651
-0.0406814
-0.0406915
-0.0406843
-0.0406566
-0.0406152
-0.0405747
-0.0405515
-0.0405647
-0.0406408
-0.0408087
-0.0410922
-0.0415108
-0.0420812
-0.0428174
-0.0437301
-0.0448267
-0.0461113
-0.0475847
-0.0492449
-0.0510864
-0.0531011
-0.0552781
-0.0576034
-0.0600608
-0.0626315
-0.0652947
-0.0680274
-0.0708055
-0.0736031
-0.0763938
-0.0791507
-0.0818469
-0.0844558
-0.0869515
-0.0893093
-0.0915062
-0.0935204
-0.0953324
-0.0969247
-0.0982816
-0.0993898
-0.100238
-0.100816
-0.101115
-0.10113
-0.100852
-0.100277
-0.0993987
-0.0982097
-0.0967025
-0.0948682
-0.0926958
-0.0901726
-0.0872838
-0.0840134
-0.0803448
-0.0762623
-0.0717539
-0.0668151
-0.061454
-0.0556998
-0.0496133
-0.043294
-0.0368723
-0.030502
-0.0246235
-0.0196249
-0.0155537
-0.0127667
-0.0115077
-0.0118981
-0.0138635
-0.0163626
-0.0428065
-0.042878
-0.0429376
-0.0429445
-0.042881
-0.0427418
-0.0425352
-0.0422839
-0.0420191
-0.0417732
-0.041577
-0.0414623
-0.0414586
-0.0415932
-0.0418893
-0.0423654
-0.0430351
-0.043908
-0.0449891
-0.0462796
-0.0477771
-0.0494757
-0.0513663
-0.0534365
-0.0556715
-0.0580537
-0.0605629
-0.0631772
-0.0658726
-0.0686234
-0.0714032
-0.0741844
-0.0769391
-0.0796395
-0.0822581
-0.084768
-0.0871437
-0.0893608
-0.0913966
-0.0932304
-0.0948432
-0.0962182
-0.0973404
-0.0981967
-0.0987758
-0.0990677
-0.0990635
-0.0987554
-0.0981354
-0.0971959
-0.0959285
-0.094324
-0.092372
-0.0900601
-0.0873745
-0.0842995
-0.080818
-0.0769126
-0.0725663
-0.0677653
-0.0625018
-0.0567789
-0.0506174
-0.0440651
-0.0372097
-0.0301878
-0.0231743
-0.016347
-0.0103876
-0.00546097
-0.00181706
0.000147832
0.000209673
-0.00161249
-0.00418089
-0.0449309
-0.0451191
-0.0452657
-0.0452777
-0.0451353
-0.0448435
-0.0444221
-0.0439026
-0.0433265
-0.0427395
-0.0421864
-0.04171
-0.0413502
-0.0411423
-0.0411148
-0.0412902
-0.0416847
-0.0423089
-0.0431682
-0.0442633
-0.0455908
-0.0471432
-0.0489099
-0.0508768
-0.0530272
-0.0553417
-0.0577986
-0.0603742
-0.0630432
-0.0657786
-0.0685527
-0.0713367
-0.0741017
-0.0768187
-0.0794592
-0.0819952
-0.0844
-0.086648
-0.0887152
-0.0905793
-0.0922198
-0.0936179
-0.0947567
-0.0956212
-0.0961975
-0.0964733
-0.0964372
-0.0960784
-0.0953863
-0.0943504
-0.0929592
-0.0912007
-0.0890611
-0.0865255
-0.0835771
-0.0801975
-0.0763675
-0.0720675
-0.0672789
-0.0619863
-0.0561802
-0.0498618
-0.0430481
-0.0357811
-0.0281389
-0.0202508
-0.0123049
-0.0045398
0.00273535
0.00883397
0.0135809
0.0164911
0.0171703
0.0155857
0.0129833
-0.0471811
-0.0475696
-0.047862
-0.0478819
-0.0476208
-0.0471042
-0.0463701
-0.045472
-0.0444729
-0.0434392
-0.0424343
-0.0415161
-0.0407344
-0.0401319
-0.0397413
-0.0395876
-0.0396882
-0.0400533
-0.0406872
-0.041589
-0.0427529
-0.0441694
-0.045825
-0.0477035
-0.0497855
-0.0520496
-0.0544719
-0.0570269
-0.0596875
-0.0624252
-0.0652108
-0.0680144
-0.0708057
-0.0735546
-0.0762314
-0.078807
-0.0812533
-0.0835433
-0.0856517
-0.0875542
-0.0892285
-0.0906538
-0.0918108
-0.0926817
-0.09325
-0.0935001
-0.0934171
-0.0929867
-0.0921944
-0.0910253
-0.0894637
-0.0874926
-0.0850937
-0.0822469
-0.0789305
-0.0751212
-0.070795
-0.0659278
-0.0604974
-0.0544851
-0.0478792
-0.0406789
-0.0329002
-0.024583
-0.0158027
-0.00668409
0.00258094
0.0117215
0.0203994
0.0280027
0.0342818
0.0386925
0.0403109
0.0391262
0.0365479
-0.0498601
-0.0505614
-0.0510595
-0.0510499
-0.0505582
-0.0496646
-0.0484521
-0.0470142
-0.0454475
-0.0438443
-0.0422883
-0.0408506
-0.0395897
-0.0385523
-0.0377736
-0.037279
-0.0370842
-0.0371971
-0.0376187
-0.0383449
-0.0393665
-0.0406702
-0.0422394
-0.0440543
-0.0460929
-0.048331
-0.0507424
-0.0532994
-0.0559732
-0.0587334
-0.0615495
-0.06439
-0.0672235
-0.0700187
-0.0727447
-0.0753711
-0.0778684
-0.0802085
-0.082364
-0.0843091
-0.0860195
-0.0874718
-0.0886442
-0.0895158
-0.0900669
-0.0902781
-0.0901305
-0.089605
-0.0886823
-0.087342
-0.0855624
-0.0833204
-0.0805907
-0.0773459
-0.0735568
-0.0691921
-0.0642199
-0.0586081
-0.0523267
-0.0453501
-0.0376605
-0.0292521
-0.0201368
-0.010352
3.00695e-05
0.0108879
0.0220314
0.0331717
0.0438855
0.0537028
0.0617454
0.0677952
0.0711432
0.0708391
0.0684729
-0.053673
-0.0548139
-0.0555289
-0.0553369
-0.0543688
-0.0528191
-0.0508416
-0.0486067
-0.0462582
-0.0439167
-0.04169
-0.0396565
-0.0378745
-0.0363871
-0.035224
-0.0344059
-0.0339423
-0.0338341
-0.0340764
-0.0346606
-0.0355737
-0.0367984
-0.0383136
-0.040096
-0.0421202
-0.0443592
-0.0467845
-0.0493663
-0.0520735
-0.0548744
-0.0577366
-0.0606276
-0.0635147
-0.0663654
-0.0691475
-0.0718296
-0.0743811
-0.0767721
-0.078974
-0.080959
-0.0827005
-0.0841731
-0.0853519
-0.0862129
-0.0867326
-0.0868877
-0.0866544
-0.0860085
-0.0849248
-0.0833764
-0.0813345
-0.0787679
-0.0756426
-0.0719218
-0.0675659
-0.0625325
-0.0567777
-0.050257
-0.0429275
-0.0347504
-0.0256949
-0.0157429
-0.00489478
0.00682265
0.0193465
0.0325639
0.0462923
0.0602496
0.0740187
0.0870085
0.0984469
0.107228
0.112617
0.113867
0.112123
-0.0602326
-0.0618359
-0.0625551
-0.0617029
-0.0596675
-0.0568989
-0.0536811
-0.050298
-0.0469856
-0.0438146
-0.040841
-0.0381429
-0.0357853
-0.0338107
-0.0322443
-0.0311
-0.0303833
-0.0300888
-0.0301976
-0.0306878
-0.031539
-0.0327282
-0.0342277
-0.0360096
-0.0380464
-0.0403094
-0.0427683
-0.0453911
-0.0481452
-0.0509973
-0.0539135
-0.0568601
-0.0598033
-0.0627096
-0.0655461
-0.0682801
-0.0708799
-0.0733145
-0.0755537
-0.0775682
-0.0793292
-0.0808089
-0.0819798
-0.0828146
-0.083286
-0.0833664
-0.083027
-0.0822381
-0.080968
-0.0791825
-0.0768449
-0.073915
-0.0703487
-0.0660978
-0.0611098
-0.0553284
-0.0486937
-0.0411438
-0.0326162
-0.0230509
-0.0123936
-0.000601058
0.012353
0.02647
0.0417164
0.0580105
0.0752022
0.0930418
0.11113
0.128856
0.145346
0.159294
0.169052
0.173262
0.17287
-0.0732742
-0.0748367
-0.0746458
-0.071994
-0.0679036
-0.0631465
-0.0581203
-0.0530674
-0.04823
-0.0438325
-0.0399068
-0.0364607
-0.0335076
-0.0310579
-0.0291131
-0.0276667
-0.0267062
-0.0262185
-0.026189
-0.0265927
-0.027399
-0.0285807
-0.0300993
-0.0319111
-0.0339849
-0.0362912
-0.0387983
-0.0414728
-0.0442805
-0.0471868
-0.0501572
-0.0531568
-0.0561513
-0.0591064
-0.0619885
-0.0647642
-0.0674011
-0.069867
-0.0721307
-0.0741613
-0.0759284
-0.0774018
-0.0785516
-0.0793474
-0.0797583
-0.0797524
-0.0792964
-0.0783551
-0.0768905
-0.0748606
-0.0722209
-0.0689221
-0.0649093
-0.0601223
-0.0544946
-0.0479537
-0.0404211
-0.0318126
-0.02204
-0.0110122
0.00136118
0.0151666
0.0304811
0.0473651
0.0658538
0.0859447
0.107578
0.130609
0.154748
0.179473
0.203827
0.22605
0.243275
0.253057
0.256633
-0.102254
-0.101196
-0.0967223
-0.0887585
-0.0793139
-0.0702984
-0.0623377
-0.0553178
-0.0490192
-0.0433764
-0.0384435
-0.0342261
-0.0307016
-0.0278392
-0.0256
-0.0239467
-0.0228493
-0.0222803
-0.0222141
-0.0226122
-0.0234173
-0.0245812
-0.0260846
-0.027908
-0.0300155
-0.0323676
-0.0349263
-0.0376549
-0.0405171
-0.0434768
-0.0464985
-0.0495468
-0.0525868
-0.0555839
-0.0585042
-0.061314
-0.0639802
-0.0664703
-0.068752
-0.0707933
-0.0725625
-0.0740277
-0.0751568
-0.075917
-0.0762742
-0.0761928
-0.0756349
-0.0745607
-0.0729267
-0.070686
-0.0677882
-0.0641743
-0.0597795
-0.0545323
-0.0483535
-0.0411549
-0.0328389
-0.0232975
-0.0124123
-5.43563e-05
0.0139157
0.0296468
0.0472961
0.0670267
0.0890038
0.113388
0.140325
0.16992
0.202186
0.236916
0.273323
0.309285
0.340714
0.36294
0.375228
-0.18217
-0.156392
-0.127397
-0.103777
-0.0863929
-0.0727543
-0.0615368
-0.0522551
-0.0445568
-0.0381254
-0.0327675
-0.0283546
-0.0247931
-0.022009
-0.0199037
-0.0183907
-0.0174336
-0.0169978
-0.0170411
-0.017529
-0.0184405
-0.019745
-0.0214001
-0.0233668
-0.0256065
-0.0280812
-0.0307538
-0.0335882
-0.0365487
-0.0396001
-0.0427073
-0.0458356
-0.0489508
-0.0520188
-0.0550058
-0.0578787
-0.0606043
-0.0631498
-0.0654828
-0.0675708
-0.0693812
-0.0708812
-0.0720374
-0.0728159
-0.0731819
-0.0731
-0.0725344
-0.07142
-0.0697015
-0.0673572
-0.0643367
-0.0605665
-0.0559723
-0.0504765
-0.0439919
-0.0364194
-0.0276467
-0.0175469
-0.0059756
0.00723185
0.0222647
0.0393423
0.0587209
0.0807039
0.105654
0.134011
0.166313
0.203211
0.245466
0.293832
0.348629
0.409028
0.472881
0.536713
0.588799
-0.463289
-0.300746
-0.192707
-0.135271
-0.100609
-0.0766541
-0.0593113
-0.0465935
-0.0370901
-0.0298209
-0.0241763
-0.0197827
-0.0163943
-0.0138332
-0.012004
-0.0108482
-0.0102846
-0.0102419
-0.0106648
-0.01151
-0.0127425
-0.0143291
-0.0162342
-0.0184235
-0.0208632
-0.02352
-0.02636
-0.0293499
-0.0324558
-0.0356443
-0.038882
-0.0421354
-0.0453712
-0.0485563
-0.0516578
-0.0546427
-0.0574786
-0.0601328
-0.0625728
-0.064766
-0.0666794
-0.0682796
-0.0695322
-0.0704009
-0.0708489
-0.0708364
-0.0703815
-0.069384
-0.0677139
-0.0654231
-0.0624679
-0.0587487
-0.0541893
-0.048714
-0.0422341
-0.0346468
-0.0258341
-0.0156605
-0.0039684
0.00942762
0.0247497
0.042269
0.0623255
0.0853562
0.111941
0.142873
0.179267
0.222728
0.27559
0.341177
0.423786
0.527932
0.658714
0.827482
1.02801
)
;

boundaryField
{
    movingWall
    {
        type            zeroGradient;
    }
    fixedWalls
    {
        type            zeroGradient;
    }
    frontAndBack
    {
        type            empty;
    }
}


// ************************************************************************* //
