/*--------------------------------*- C++ -*----------------------------------*\
  =========                 |
  \\      /  F ield         | OpenFOAM: The Open Source CFD Toolbox
   \\    /   O peration     | Website:  https://openfoam.org
    \\  /    A nd           | Version:  12
     \\/     M anipulation  |
\*---------------------------------------------------------------------------*/
FoamFile
{
    format      ascii;
    class       volScalarField;
    location    "6";
    object      nut;
}
// * * * * * * * * * * * * * * * * * * * * * * * * * * * * * * * * * * * * * //

dimensions      [0 2 -1 0 0 0 0];

internalField   nonuniform List<scalar> 
5625
(
4.77574e-21
1.44288e-19
3.05765e-19
4.9841e-19
7.15288e-19
9.51154e-19
1.20217e-18
1.46537e-18
1.73832e-18
2.0189e-18
2.30521e-18
2.59553e-18
2.8882e-18
3.18171e-18
3.47458e-18
3.7654e-18
4.05285e-18
4.33562e-18
4.61249e-18
4.88227e-18
5.14383e-18
5.39609e-18
5.63802e-18
5.86865e-18
6.08707e-18
6.29242e-18
6.4839e-18
6.66079e-18
6.8224e-18
6.96813e-18
7.09744e-18
7.20985e-18
7.30496e-18
7.38242e-18
7.44196e-18
7.48339e-18
7.50656e-18
7.51142e-18
7.49799e-18
7.46632e-18
7.41656e-18
7.34893e-18
7.26371e-18
7.16123e-18
7.04192e-18
6.90623e-18
6.75471e-18
6.58794e-18
6.40658e-18
6.21134e-18
6.00298e-18
5.78232e-18
5.55022e-18
5.30759e-18
5.05542e-18
4.79469e-18
4.52647e-18
4.25186e-18
3.972e-18
3.68809e-18
3.40135e-18
3.11307e-18
2.82458e-18
2.53727e-18
2.25262e-18
1.97217e-18
1.69759e-18
1.43067e-18
1.17345e-18
9.28263e-19
6.97971e-19
4.86288e-19
2.98302e-19
1.40757e-19
4.65869e-21
3.23027e-20
4.7185e-18
2.51986e-17
5.89167e-17
9.90416e-17
1.42372e-16
1.87764e-16
2.34727e-16
2.8295e-16
3.32171e-16
3.82143e-16
4.32622e-16
4.83369e-16
5.3415e-16
5.84736e-16
6.34904e-16
6.84437e-16
7.33123e-16
7.80758e-16
8.27146e-16
8.72098e-16
9.15433e-16
9.56979e-16
9.96572e-16
1.03406e-15
1.06929e-15
1.10214e-15
1.13248e-15
1.16019e-15
1.18517e-15
1.20734e-15
1.2266e-15
1.2429e-15
1.25616e-15
1.26636e-15
1.27345e-15
1.27741e-15
1.27823e-15
1.27591e-15
1.27047e-15
1.26192e-15
1.25031e-15
1.23569e-15
1.21811e-15
1.19765e-15
1.17437e-15
1.14838e-15
1.11978e-15
1.08867e-15
1.05518e-15
1.01943e-15
9.81571e-16
9.41738e-16
9.0009e-16
8.56787e-16
8.12001e-16
7.65908e-16
7.1869e-16
6.70537e-16
6.21645e-16
5.72215e-16
5.22454e-16
4.72574e-16
4.22792e-16
3.73329e-16
3.24411e-16
2.76269e-16
2.29135e-16
1.8326e-16
1.38939e-16
9.66438e-17
5.74861e-17
2.45852e-17
4.60326e-18
3.1511e-20
7.18173e-20
1.18146e-17
8.07046e-17
2.41249e-16
4.87521e-16
7.94019e-16
1.13775e-15
1.50387e-15
1.88368e-15
2.27207e-15
2.6657e-15
3.06215e-15
3.45943e-15
3.85576e-15
4.24949e-15
4.63903e-15
5.02283e-15
5.39939e-15
5.76727e-15
6.12504e-15
6.47134e-15
6.80484e-15
7.1243e-15
7.42851e-15
7.71633e-15
7.9867e-15
8.23862e-15
8.47117e-15
8.6835e-15
8.87486e-15
9.04455e-15
9.19197e-15
9.31663e-15
9.41808e-15
9.49599e-15
9.55011e-15
9.58028e-15
9.58643e-15
9.56858e-15
9.52681e-15
9.46132e-15
9.3724e-15
9.2604e-15
9.12577e-15
8.96903e-15
8.79079e-15
8.59173e-15
8.3726e-15
8.13423e-15
7.87751e-15
7.60341e-15
7.31294e-15
7.00718e-15
6.68728e-15
6.35441e-15
6.00982e-15
5.65477e-15
5.29059e-15
4.91863e-15
4.54028e-15
4.15696e-15
3.77013e-15
3.38128e-15
2.99197e-15
2.60386e-15
2.21885e-15
1.83922e-15
1.46816e-15
1.11062e-15
7.75015e-16
4.75806e-16
2.35421e-16
7.87411e-17
1.1525e-17
7.00476e-20
1.18801e-19
2.00317e-17
1.46138e-16
4.80479e-16
1.07465e-15
1.91772e-15
2.96233e-15
4.15381e-15
5.44557e-15
6.80266e-15
8.2002e-15
9.62049e-15
1.10505e-14
1.24804e-14
1.39018e-14
1.53079e-14
1.66924e-14
1.80497e-14
1.93744e-14
2.06614e-14
2.1906e-14
2.31035e-14
2.42496e-14
2.53401e-14
2.63711e-14
2.7339e-14
2.82403e-14
2.90718e-14
2.98307e-14
3.05143e-14
3.11202e-14
3.16465e-14
3.20913e-14
3.24532e-14
3.2731e-14
3.29239e-14
3.30314e-14
3.30532e-14
3.29894e-14
3.28404e-14
3.26068e-14
3.22897e-14
3.18902e-14
3.141e-14
3.08509e-14
3.0215e-14
2.95047e-14
2.87224e-14
2.78712e-14
2.69541e-14
2.59744e-14
2.49356e-14
2.38414e-14
2.26957e-14
2.15026e-14
2.02663e-14
1.89912e-14
1.7682e-14
1.63434e-14
1.49805e-14
1.35987e-14
1.22037e-14
1.08022e-14
9.40186e-15
8.01216e-15
6.64554e-15
5.31906e-15
4.05682e-15
2.89277e-15
1.87237e-15
1.04899e-15
4.68866e-16
1.42559e-16
1.95356e-17
1.15839e-19
1.71152e-19
2.91026e-17
2.1742e-16
7.43325e-16
1.74609e-15
3.28299e-15
5.33186e-15
7.8201e-15
1.06562e-14
1.37514e-14
1.7029e-14
2.04273e-14
2.38973e-14
2.74007e-14
3.09068e-14
3.43907e-14
3.78316e-14
4.12112e-14
4.45135e-14
4.77242e-14
5.083e-14
5.38187e-14
5.6679e-14
5.94002e-14
6.19724e-14
6.43865e-14
6.6634e-14
6.8707e-14
7.05985e-14
7.23019e-14
7.38116e-14
7.51226e-14
7.62306e-14
7.71321e-14
7.78244e-14
7.83054e-14
7.85739e-14
7.86293e-14
7.8472e-14
7.81027e-14
7.75232e-14
7.67359e-14
7.5744e-14
7.45512e-14
7.31621e-14
7.15817e-14
6.98158e-14
6.78708e-14
6.57536e-14
6.34719e-14
6.10337e-14
5.84476e-14
5.57228e-14
5.28692e-14
4.98969e-14
4.6817e-14
4.36411e-14
4.03818e-14
3.70526e-14
3.36687e-14
3.0247e-14
2.68075e-14
2.33739e-14
1.99755e-14
1.66493e-14
1.34424e-14
1.04148e-14
7.64126e-15
5.20847e-15
3.20586e-15
1.70431e-15
7.25187e-16
2.12015e-16
2.83689e-17
1.66805e-19
2.27548e-19
3.8837e-17
2.93268e-16
1.02133e-15
2.45982e-15
4.76166e-15
7.97441e-15
1.20537e-14
1.68946e-14
2.23639e-14
2.8324e-14
3.46477e-14
4.12237e-14
4.79577e-14
5.47709e-14
6.15978e-14
6.8383e-14
7.50796e-14
8.16471e-14
8.805e-14
9.42567e-14
1.00239e-13
1.05971e-13
1.11429e-13
1.16592e-13
1.2144e-13
1.25955e-13
1.30121e-13
1.33923e-13
1.37348e-13
1.40384e-13
1.43022e-13
1.45252e-13
1.47067e-13
1.48462e-13
1.49433e-13
1.49977e-13
1.50094e-13
1.49783e-13
1.49048e-13
1.4789e-13
1.46315e-13
1.4433e-13
1.41942e-13
1.39159e-13
1.35993e-13
1.32455e-13
1.28557e-13
1.24315e-13
1.19743e-13
1.14858e-13
1.09679e-13
1.04224e-13
9.85155e-14
9.25749e-14
8.64272e-14
8.00994e-14
7.36215e-14
6.7027e-14
6.03543e-14
5.36483e-14
4.69615e-14
4.0357e-14
3.39109e-14
2.77145e-14
2.18764e-14
1.65209e-14
1.17822e-14
7.79092e-15
4.64936e-15
2.40023e-15
9.95916e-16
2.85801e-16
3.78318e-17
2.2161e-19
2.87018e-19
4.90824e-17
3.72711e-16
1.31082e-15
3.20093e-15
6.30189e-15
1.07545e-14
1.65777e-14
2.36908e-14
3.19461e-14
4.11613e-14
5.1145e-14
6.17129e-14
7.26964e-14
8.39461e-14
9.53317e-14
1.06741e-13
1.18075e-13
1.29251e-13
1.40194e-13
1.50838e-13
1.61127e-13
1.71008e-13
1.80435e-13
1.89366e-13
1.97762e-13
2.05591e-13
2.12821e-13
2.19425e-13
2.25378e-13
2.30659e-13
2.35249e-13
2.39133e-13
2.42298e-13
2.44734e-13
2.46433e-13
2.47392e-13
2.47607e-13
2.47081e-13
2.45816e-13
2.43818e-13
2.41096e-13
2.37661e-13
2.33527e-13
2.2871e-13
2.23228e-13
2.17102e-13
2.10355e-13
2.03014e-13
1.95107e-13
1.86665e-13
1.77722e-13
1.68316e-13
1.58486e-13
1.48277e-13
1.37739e-13
1.26927e-13
1.15902e-13
1.04736e-13
9.35085e-14
8.23134e-14
7.12596e-14
6.04733e-14
5.01e-14
4.03042e-14
3.12665e-14
2.31742e-14
1.62058e-14
1.05054e-14
6.15084e-15
3.1215e-15
1.27722e-15
3.62899e-16
4.77664e-17
2.79254e-19
3.48783e-19
5.97121e-17
4.54893e-16
1.60904e-15
3.9615e-15
7.88016e-15
1.36088e-14
2.12491e-14
3.0771e-14
4.20412e-14
5.48575e-14
6.89803e-14
8.41581e-14
1.00145e-13
1.16709e-13
1.3364e-13
1.5075e-13
1.6787e-13
1.84851e-13
2.01564e-13
2.1789e-13
2.33728e-13
2.48983e-13
2.63575e-13
2.77429e-13
2.90479e-13
3.02666e-13
3.13936e-13
3.24242e-13
3.33543e-13
3.41802e-13
3.48989e-13
3.55076e-13
3.60042e-13
3.63871e-13
3.6655e-13
3.6807e-13
3.6843e-13
3.6763e-13
3.65675e-13
3.62574e-13
3.58343e-13
3.52997e-13
3.46561e-13
3.3906e-13
3.30525e-13
3.2099e-13
3.10495e-13
2.99082e-13
2.86801e-13
2.73704e-13
2.59849e-13
2.45302e-13
2.30133e-13
2.14421e-13
1.98255e-13
1.81734e-13
1.64969e-13
1.48086e-13
1.31228e-13
1.14558e-13
9.82581e-14
8.25354e-14
6.76157e-14
5.37406e-14
4.11573e-14
3.01003e-14
2.07673e-14
1.32871e-14
7.68572e-15
3.85963e-15
1.5661e-15
4.42388e-16
5.80377e-17
3.38911e-19
4.12193e-19
7.06174e-17
5.39049e-16
1.91351e-15
4.7355e-15
9.48224e-15
1.65035e-14
2.59919e-14
3.79835e-14
5.23793e-14
6.8978e-14
8.75108e-14
1.07672e-13
1.29145e-13
1.51618e-13
1.74792e-13
1.98393e-13
2.2217e-13
2.45895e-13
2.69363e-13
2.92391e-13
3.14815e-13
3.36487e-13
3.57275e-13
3.77061e-13
3.95739e-13
4.13214e-13
4.29401e-13
4.44226e-13
4.57623e-13
4.69534e-13
4.7991e-13
4.88709e-13
4.95899e-13
5.0145e-13
5.05346e-13
5.07572e-13
5.08123e-13
5.07001e-13
5.04213e-13
4.99773e-13
4.93701e-13
4.86025e-13
4.76779e-13
4.66004e-13
4.53746e-13
4.40058e-13
4.25001e-13
4.08644e-13
3.91061e-13
3.72337e-13
3.52565e-13
3.31847e-13
3.10298e-13
2.88045e-13
2.6523e-13
2.4201e-13
2.18562e-13
1.95085e-13
1.71798e-13
1.48947e-13
1.26801e-13
1.05653e-13
8.58089e-14
6.75819e-14
5.1272e-14
3.71419e-14
2.53867e-14
1.60993e-14
9.23815e-15
4.6078e-15
1.85977e-15
5.23417e-16
6.85262e-17
3.99868e-19
4.76681e-19
8.17031e-17
6.24486e-16
2.22198e-15
5.51762e-15
1.10971e-14
1.94158e-14
3.07603e-14
4.52394e-14
6.27997e-14
8.32556e-14
1.06324e-13
1.3166e-13
1.58886e-13
1.87613e-13
2.1746e-13
2.48062e-13
2.79079e-13
3.10194e-13
3.4112e-13
3.71593e-13
4.01377e-13
4.30255e-13
4.58036e-13
4.84543e-13
5.09622e-13
5.33131e-13
5.54947e-13
5.74957e-13
5.93065e-13
6.09185e-13
6.23246e-13
6.35185e-13
6.44951e-13
6.52507e-13
6.57821e-13
6.60876e-13
6.61661e-13
6.60181e-13
6.56442e-13
6.50464e-13
6.42278e-13
6.31922e-13
6.19446e-13
6.04906e-13
5.88371e-13
5.6992e-13
5.49639e-13
5.27629e-13
5.04e-13
4.78877e-13
4.52395e-13
4.24708e-13
3.95983e-13
3.66409e-13
3.36191e-13
3.05561e-13
2.74772e-13
2.44105e-13
2.1387e-13
1.844e-13
1.56054e-13
1.2921e-13
1.04249e-13
8.15461e-14
6.14384e-14
4.42015e-14
3.00125e-14
1.89158e-14
1.07951e-14
5.35972e-15
2.15559e-15
6.05192e-16
7.91232e-17
4.61479e-19
5.4175e-19
9.28849e-17
7.10584e-16
2.53234e-15
6.30294e-15
1.2715e-14
2.2328e-14
3.55217e-14
5.24799e-14
7.32003e-14
9.75212e-14
1.25156e-13
1.55732e-13
1.88818e-13
2.2396e-13
2.60696e-13
2.98574e-13
3.37162e-13
3.76053e-13
4.14869e-13
4.53262e-13
4.90911e-13
5.27527e-13
5.62844e-13
5.96623e-13
6.28648e-13
6.58727e-13
6.86684e-13
7.12368e-13
7.35641e-13
7.56386e-13
7.74501e-13
7.899e-13
8.02513e-13
8.12283e-13
8.19171e-13
8.23148e-13
8.24201e-13
8.22334e-13
8.17553e-13
8.09889e-13
7.9938e-13
7.86079e-13
7.70054e-13
7.51383e-13
7.30159e-13
7.06489e-13
6.80496e-13
6.52317e-13
6.22105e-13
5.9003e-13
5.56283e-13
5.21074e-13
4.84635e-13
4.47222e-13
4.09117e-13
3.70632e-13
3.32107e-13
2.93911e-13
2.56446e-13
2.20136e-13
1.8543e-13
1.52783e-13
1.22647e-13
9.54436e-14
7.15393e-14
5.12099e-14
3.4605e-14
2.17146e-14
1.23445e-14
6.10934e-15
2.45101e-15
6.86963e-16
8.9728e-17
5.23152e-19
6.06956e-19
1.04088e-16
7.9678e-16
2.84268e-15
7.08691e-15
1.43271e-14
2.52245e-14
4.02498e-14
5.96612e-14
8.35093e-14
1.1166e-13
1.43831e-13
1.79625e-13
2.18572e-13
2.60154e-13
3.03838e-13
3.49086e-13
3.95379e-13
4.42218e-13
4.89133e-13
5.35687e-13
5.81473e-13
6.26119e-13
6.69285e-13
7.10659e-13
7.4996e-13
7.86935e-13
8.21355e-13
8.53019e-13
8.81747e-13
9.07382e-13
9.29791e-13
9.48858e-13
9.64491e-13
9.76615e-13
9.85175e-13
9.90134e-13
9.91472e-13
9.89194e-13
9.83309e-13
9.73853e-13
9.60878e-13
9.44453e-13
9.24664e-13
9.01616e-13
8.7543e-13
8.46247e-13
8.14227e-13
7.7955e-13
7.42418e-13
7.03056e-13
6.61711e-13
6.18659e-13
5.74202e-13
5.28672e-13
4.82431e-13
4.35878e-13
3.89441e-13
3.43582e-13
2.98794e-13
2.55592e-13
2.14507e-13
1.7607e-13
1.40792e-13
1.09135e-13
8.14852e-14
5.81109e-14
3.91299e-14
2.44752e-14
1.38748e-14
6.85077e-15
2.74357e-15
7.68021e-16
1.00246e-16
5.84331e-19
6.71907e-19
1.15244e-16
8.82571e-16
3.15125e-15
7.86538e-15
1.59254e-14
2.80913e-14
4.49221e-14
6.67481e-14
9.3672e-14
1.25589e-13
1.62223e-13
2.0316e-13
2.47891e-13
2.95847e-13
3.46423e-13
3.99006e-13
4.52988e-13
5.07783e-13
5.62829e-13
6.17599e-13
6.71601e-13
7.24376e-13
7.75505e-13
8.24602e-13
8.71317e-13
9.1533e-13
9.56358e-13
9.94145e-13
1.02846e-12
1.05912e-12
1.08593e-12
1.10877e-12
1.12751e-12
1.14205e-12
1.15232e-12
1.15829e-12
1.15991e-12
1.1572e-12
1.15016e-12
1.13885e-12
1.12332e-12
1.10367e-12
1.08e-12
1.05244e-12
1.02115e-12
9.86295e-13
9.4809e-13
9.06757e-13
8.6255e-13
8.15751e-13
7.66672e-13
7.15655e-13
6.63077e-13
6.0935e-13
5.54919e-13
5.0027e-13
4.45921e-13
3.92426e-13
3.40367e-13
2.90345e-13
2.42971e-13
1.98842e-13
1.58522e-13
1.22509e-13
9.12004e-14
6.48548e-14
4.35552e-14
2.71777e-14
1.53747e-14
7.57828e-15
3.03091e-15
8.47687e-16
1.10587e-16
6.44489e-19
7.36253e-19
1.26294e-16
9.67506e-16
3.45649e-15
8.63459e-15
1.75025e-14
3.09159e-14
4.95187e-14
7.37103e-14
1.03644e-13
1.39243e-13
1.80238e-13
2.26202e-13
2.76593e-13
3.3079e-13
3.88125e-13
4.47911e-13
5.09459e-13
5.72095e-13
6.35172e-13
6.98072e-13
7.60215e-13
8.21061e-13
8.80109e-13
9.36897e-13
9.91003e-13
1.04204e-12
1.08967e-12
1.13358e-12
1.1735e-12
1.20917e-12
1.2404e-12
1.26701e-12
1.28885e-12
1.3058e-12
1.31778e-12
1.32474e-12
1.32662e-12
1.32345e-12
1.31524e-12
1.30203e-12
1.28392e-12
1.261e-12
1.2334e-12
1.20129e-12
1.16485e-12
1.1243e-12
1.07988e-12
1.03188e-12
9.80592e-13
9.26366e-13
8.69577e-13
8.10638e-13
7.50001e-13
6.88157e-13
6.25637e-13
5.6301e-13
5.00886e-13
4.39906e-13
3.80737e-13
3.24063e-13
2.70567e-13
2.20909e-13
1.757e-13
1.35467e-13
1.00617e-13
7.13949e-14
4.78501e-14
2.9803e-14
1.68331e-14
8.28627e-15
3.31074e-15
9.2531e-16
1.20666e-16
7.03124e-19
7.99689e-19
1.37187e-16
1.05119e-15
3.75702e-15
9.39117e-15
1.90519e-14
3.36871e-14
5.40219e-14
8.05218e-14
1.13387e-13
1.52568e-13
1.97803e-13
2.48651e-13
3.04539e-13
3.64799e-13
4.28704e-13
4.95495e-13
5.64407e-13
6.34682e-13
7.05589e-13
7.76423e-13
8.46521e-13
9.15258e-13
9.82055e-13
1.04637e-12
1.10772e-12
1.16565e-12
1.21976e-12
1.26967e-12
1.31507e-12
1.35567e-12
1.39122e-12
1.42152e-12
1.44638e-12
1.46568e-12
1.47931e-12
1.4872e-12
1.48931e-12
1.48565e-12
1.47623e-12
1.46112e-12
1.44042e-12
1.41423e-12
1.38274e-12
1.34611e-12
1.30458e-12
1.25839e-12
1.20785e-12
1.15327e-12
1.09502e-12
1.03351e-12
9.69163e-13
9.02476e-13
8.33971e-13
7.64218e-13
6.9383e-13
6.23461e-13
5.53804e-13
4.85585e-13
4.19554e-13
3.56469e-13
2.97081e-13
2.42108e-13
1.92203e-13
1.47919e-13
1.09669e-13
7.76861e-14
5.19845e-14
3.23321e-14
1.82391e-14
8.9693e-15
3.58085e-15
1.00026e-15
1.30399e-16
7.59754e-19
8.61952e-19
1.47876e-16
1.13328e-15
4.05164e-15
1.01322e-14
2.05677e-14
3.6395e-14
5.84165e-14
8.716e-14
1.22869e-13
1.65522e-13
2.14859e-13
2.70428e-13
3.31625e-13
3.97738e-13
4.67982e-13
5.41533e-13
6.1755e-13
6.95197e-13
7.7366e-13
8.52153e-13
9.2993e-13
1.00629e-12
1.08057e-12
1.15216e-12
1.2205e-12
1.28508e-12
1.34543e-12
1.40113e-12
1.45181e-12
1.49714e-12
1.53685e-12
1.57067e-12
1.59843e-12
1.61995e-12
1.63513e-12
1.64387e-12
1.64614e-12
1.64195e-12
1.6313e-12
1.61429e-12
1.59101e-12
1.56162e-12
1.52629e-12
1.48524e-12
1.43873e-12
1.38706e-12
1.33056e-12
1.2696e-12
1.20461e-12
1.13604e-12
1.0644e-12
9.90244e-13
9.14167e-13
8.36815e-13
7.58878e-13
6.81091e-13
6.04228e-13
5.29094e-13
4.56514e-13
3.87318e-13
3.2232e-13
2.62289e-13
2.07916e-13
1.59779e-13
1.18295e-13
8.36847e-14
5.59289e-14
3.47465e-14
1.95822e-14
9.62208e-15
3.83909e-15
1.07194e-15
1.39708e-16
8.13915e-19
9.22817e-19
1.58324e-16
1.21349e-15
4.33933e-15
1.08552e-14
2.20452e-14
3.90313e-14
6.26896e-14
9.36061e-14
1.32066e-13
1.78068e-13
2.31358e-13
2.9147e-13
3.5777e-13
4.29503e-13
5.05828e-13
5.85858e-13
6.6868e-13
7.53384e-13
8.39076e-13
9.24892e-13
1.01001e-12
1.09364e-12
1.17506e-12
1.25359e-12
1.32859e-12
1.39949e-12
1.46578e-12
1.52697e-12
1.58266e-12
1.63247e-12
1.67608e-12
1.71322e-12
1.74367e-12
1.76724e-12
1.78382e-12
1.7933e-12
1.79564e-12
1.79085e-12
1.77896e-12
1.76005e-12
1.73424e-12
1.70171e-12
1.66266e-12
1.61733e-12
1.56602e-12
1.50906e-12
1.44684e-12
1.37977e-12
1.30832e-12
1.23302e-12
1.15443e-12
1.07317e-12
9.89896e-13
9.05334e-13
8.20246e-13
7.3544e-13
6.51767e-13
5.70104e-13
4.91346e-13
4.1639e-13
3.46106e-13
2.81311e-13
2.22732e-13
1.70965e-13
1.26435e-13
8.93475e-14
5.96546e-14
3.70282e-14
2.08519e-14
1.02394e-14
4.08338e-15
1.13975e-15
1.48516e-16
8.65161e-19
9.82107e-19
1.685e-16
1.29158e-15
4.61926e-15
1.15582e-14
2.34804e-14
4.15893e-14
6.68307e-14
9.98452e-14
1.40955e-13
1.90179e-13
2.47265e-13
3.11731e-13
3.82914e-13
4.60016e-13
5.42143e-13
6.28346e-13
7.17644e-13
8.09054e-13
9.01607e-13
9.94366e-13
1.08643e-12
1.17694e-12
1.2651e-12
1.35016e-12
1.43143e-12
1.50828e-12
1.58012e-12
1.64645e-12
1.70679e-12
1.76075e-12
1.80796e-12
1.84814e-12
1.88104e-12
1.90645e-12
1.92424e-12
1.93431e-12
1.93662e-12
1.93117e-12
1.91799e-12
1.89719e-12
1.86891e-12
1.83333e-12
1.79068e-12
1.74124e-12
1.68534e-12
1.62336e-12
1.5557e-12
1.48284e-12
1.4053e-12
1.32365e-12
1.23852e-12
1.15057e-12
1.06055e-12
9.69238e-13
8.77459e-13
7.86095e-13
6.96064e-13
6.08312e-13
5.23797e-13
4.43475e-13
3.68269e-13
2.99038e-13
2.36542e-13
1.81397e-13
1.34028e-13
9.46324e-14
6.3133e-14
3.91592e-14
2.20383e-14
1.08164e-14
4.31172e-15
1.20314e-15
1.56749e-16
9.1306e-19
1.03968e-18
1.7838e-16
1.36738e-15
4.89081e-15
1.22396e-14
2.48703e-14
4.40639e-14
7.0832e-14
1.05866e-13
1.49522e-13
2.01835e-13
2.62552e-13
3.31176e-13
4.07013e-13
4.89222e-13
5.76858e-13
6.6891e-13
7.64332e-13
8.62072e-13
9.6109e-13
1.06037e-12
1.15895e-12
1.2559e-12
1.35036e-12
1.4415e-12
1.52859e-12
1.61094e-12
1.68791e-12
1.75895e-12
1.82355e-12
1.88128e-12
1.93175e-12
1.97464e-12
2.00969e-12
2.03668e-12
2.05547e-12
2.06596e-12
2.06809e-12
2.06189e-12
2.04738e-12
2.0247e-12
1.99398e-12
1.95546e-12
1.90936e-12
1.85602e-12
1.79578e-12
1.72904e-12
1.65628e-12
1.578e-12
1.49477e-12
1.40721e-12
1.316e-12
1.22186e-12
1.1256e-12
1.02804e-12
9.30085e-13
8.32676e-13
7.36791e-13
6.43435e-13
5.53627e-13
4.68373e-13
3.88645e-13
3.1534e-13
2.49245e-13
1.90994e-13
1.41017e-13
9.94979e-14
6.63365e-14
4.11224e-14
2.31314e-14
1.1348e-14
4.52214e-15
1.26155e-15
1.64335e-16
9.57198e-19
1.09545e-18
1.87948e-16
1.44075e-15
5.15354e-15
1.28984e-14
2.62128e-14
4.64516e-14
7.46883e-14
1.11661e-13
1.57756e-13
2.13023e-13
2.77204e-13
3.49785e-13
4.3004e-13
5.17087e-13
6.09928e-13
7.07492e-13
8.08672e-13
9.12347e-13
1.01741e-12
1.12278e-12
1.22741e-12
1.33032e-12
1.43059e-12
1.52733e-12
1.61974e-12
1.7071e-12
1.78872e-12
1.86401e-12
1.93242e-12
1.99349e-12
2.04682e-12
2.09206e-12
2.12892e-12
2.1572e-12
2.17674e-12
2.18743e-12
2.18923e-12
2.18215e-12
2.16627e-12
2.14169e-12
2.1086e-12
2.06723e-12
2.01786e-12
1.96081e-12
1.89649e-12
1.82533e-12
1.74782e-12
1.66453e-12
1.57605e-12
1.48306e-12
1.38628e-12
1.28648e-12
1.18452e-12
1.08128e-12
9.77718e-13
8.74824e-13
7.73633e-13
6.75204e-13
5.80606e-13
4.90892e-13
4.07076e-13
3.30086e-13
2.60739e-13
1.9968e-13
1.47343e-13
1.03904e-13
6.92379e-14
4.29007e-14
2.41217e-14
1.18297e-14
4.71278e-15
1.31447e-15
1.71207e-16
9.97174e-19
1.14935e-18
1.97195e-16
1.51163e-15
5.40722e-15
1.3534e-14
2.75069e-14
4.87508e-14
7.83972e-14
1.17227e-13
1.65654e-13
2.23737e-13
2.91214e-13
3.67549e-13
4.51985e-13
5.43596e-13
6.41331e-13
7.44064e-13
8.50623e-13
9.59822e-13
1.07049e-12
1.18148e-12
1.29168e-12
1.40006e-12
1.50561e-12
1.60742e-12
1.70464e-12
1.79648e-12
1.88223e-12
1.96125e-12
2.03298e-12
2.09693e-12
2.15267e-12
2.19984e-12
2.23815e-12
2.26738e-12
2.28737e-12
2.29803e-12
2.29931e-12
2.29124e-12
2.27389e-12
2.24741e-12
2.21199e-12
2.16788e-12
2.11539e-12
2.05487e-12
1.98675e-12
1.91149e-12
1.82963e-12
1.74176e-12
1.64852e-12
1.55061e-12
1.4488e-12
1.34392e-12
1.23686e-12
1.12854e-12
1.01998e-12
9.12198e-13
8.06291e-13
7.03358e-13
6.04512e-13
5.10845e-13
4.23406e-13
3.43154e-13
2.70925e-13
2.07379e-13
1.52952e-13
1.0781e-13
7.18109e-14
4.44779e-14
2.5e-14
1.22569e-14
4.88183e-15
1.36138e-15
1.77299e-16
1.03261e-18
1.20137e-18
2.06119e-16
1.58001e-15
5.6518e-15
1.41464e-14
2.87526e-14
5.09616e-14
8.19592e-14
1.22566e-13
1.73218e-13
2.33981e-13
3.04585e-13
3.84472e-13
4.72851e-13
5.6875e-13
6.71068e-13
7.78619e-13
8.90171e-13
1.00448e-12
1.1203e-12
1.23642e-12
1.35169e-12
1.465e-12
1.57531e-12
1.68163e-12
1.78309e-12
1.87884e-12
1.96816e-12
2.05038e-12
2.12489e-12
2.1912e-12
2.24887e-12
2.29752e-12
2.33687e-12
2.36668e-12
2.38681e-12
2.39716e-12
2.39771e-12
2.38849e-12
2.36959e-12
2.34118e-12
2.30346e-12
2.25672e-12
2.20127e-12
2.13751e-12
2.06588e-12
1.98688e-12
1.90108e-12
1.80908e-12
1.71158e-12
1.60931e-12
1.50306e-12
1.39371e-12
1.28217e-12
1.16942e-12
1.05649e-12
9.44473e-13
8.34478e-13
7.27648e-13
6.2513e-13
5.28051e-13
4.37487e-13
3.54422e-13
2.79709e-13
2.14019e-13
1.5779e-13
1.1118e-13
7.40304e-14
4.58384e-14
2.57575e-14
1.26253e-14
5.02757e-15
1.40182e-15
1.82547e-16
1.06313e-18
1.25154e-18
2.14724e-16
1.64593e-15
5.88744e-15
1.47359e-14
2.99508e-14
5.30859e-14
8.53774e-14
1.27681e-13
1.80454e-13
2.43765e-13
3.17331e-13
4.00571e-13
4.92657e-13
5.9257e-13
6.99157e-13
8.11176e-13
9.27332e-13
1.04632e-12
1.16683e-12
1.2876e-12
1.40741e-12
1.52511e-12
1.63959e-12
1.74985e-12
1.85495e-12
1.95403e-12
2.04633e-12
2.13114e-12
2.20787e-12
2.276e-12
2.33507e-12
2.38471e-12
2.42465e-12
2.45464e-12
2.47455e-12
2.4843e-12
2.48388e-12
2.47333e-12
2.45277e-12
2.42238e-12
2.3824e-12
2.33311e-12
2.27488e-12
2.20811e-12
2.13327e-12
2.0509e-12
1.96157e-12
1.86594e-12
1.7647e-12
1.65864e-12
1.54857e-12
1.43538e-12
1.32003e-12
1.20352e-12
1.08692e-12
9.71338e-13
8.57918e-13
7.47832e-13
6.42254e-13
5.42335e-13
4.49174e-13
3.63772e-13
2.86998e-13
2.19529e-13
1.61804e-13
1.13976e-13
7.5872e-14
4.69671e-14
2.63859e-14
1.29308e-14
5.14837e-15
1.43532e-15
1.86895e-16
1.08841e-18
1.29993e-18
2.23022e-16
1.70948e-15
6.11448e-15
1.53036e-14
3.11034e-14
5.51271e-14
8.86578e-14
1.32583e-13
1.87376e-13
2.53106e-13
3.29475e-13
4.15873e-13
5.11434e-13
6.15092e-13
7.25639e-13
8.41773e-13
9.62141e-13
1.08537e-12
1.21011e-12
1.33502e-12
1.45884e-12
1.58035e-12
1.69843e-12
1.81201e-12
1.92013e-12
2.02191e-12
2.11655e-12
2.20335e-12
2.28169e-12
2.35104e-12
2.41096e-12
2.46107e-12
2.5011e-12
2.53084e-12
2.55014e-12
2.55896e-12
2.5573e-12
2.54523e-12
2.52288e-12
2.49046e-12
2.44822e-12
2.39648e-12
2.33562e-12
2.26608e-12
2.18835e-12
2.10297e-12
2.01056e-12
1.91179e-12
1.80738e-12
1.69812e-12
1.58486e-12
1.46852e-12
1.35005e-12
1.2305e-12
1.11093e-12
9.92498e-13
8.76351e-13
7.63684e-13
6.55688e-13
5.53533e-13
4.5833e-13
3.71095e-13
2.92705e-13
2.23842e-13
1.64946e-13
1.16165e-13
7.7313e-14
4.785e-14
2.68772e-14
1.31695e-14
5.24273e-15
1.46147e-15
1.90286e-16
1.10813e-18
1.34664e-18
2.31032e-16
1.77079e-15
6.33344e-15
1.58507e-14
3.22133e-14
5.70905e-14
9.18088e-14
1.37285e-13
1.94003e-13
2.62029e-13
3.41048e-13
4.30417e-13
5.29229e-13
6.36367e-13
7.50567e-13
8.70468e-13
9.94656e-13
1.1217e-12
1.25018e-12
1.37872e-12
1.50599e-12
1.63074e-12
1.7518e-12
1.86807e-12
1.97857e-12
2.08239e-12
2.17871e-12
2.26684e-12
2.34614e-12
2.4161e-12
2.47627e-12
2.52629e-12
2.5659e-12
2.59491e-12
2.61319e-12
2.62072e-12
2.61753e-12
2.60371e-12
2.57943e-12
2.5449e-12
2.50041e-12
2.4463e-12
2.38298e-12
2.31091e-12
2.23058e-12
2.14259e-12
2.04755e-12
1.94615e-12
1.83914e-12
1.72731e-12
1.61153e-12
1.49272e-12
1.37186e-12
1.25e-12
1.12823e-12
1.00768e-12
8.89533e-13
7.7499e-13
6.65249e-13
5.61488e-13
4.64826e-13
3.76286e-13
2.96747e-13
2.26896e-13
1.6717e-13
1.17713e-13
7.83323e-14
4.84742e-14
2.72243e-14
1.3338e-14
5.30926e-15
1.47989e-15
1.92672e-16
1.12199e-18
1.39182e-18
2.38776e-16
1.83006e-15
6.54502e-15
1.6379e-14
3.32842e-14
5.89828e-14
9.48416e-14
1.41802e-13
2.00357e-13
2.70565e-13
3.52089e-13
4.44252e-13
5.46098e-13
6.5646e-13
7.74014e-13
8.97336e-13
1.02495e-12
1.15537e-12
1.28712e-12
1.41876e-12
1.54892e-12
1.67631e-12
1.79971e-12
1.91802e-12
2.03022e-12
2.13539e-12
2.23271e-12
2.32148e-12
2.40107e-12
2.47098e-12
2.53076e-12
2.5801e-12
2.61874e-12
2.64651e-12
2.66332e-12
2.66919e-12
2.66416e-12
2.64836e-12
2.62196e-12
2.58524e-12
2.5385e-12
2.4821e-12
2.41648e-12
2.3421e-12
2.25951e-12
2.16929e-12
2.07209e-12
1.96859e-12
1.85956e-12
1.7458e-12
1.62818e-12
1.50763e-12
1.38514e-12
1.26173e-12
1.13852e-12
1.01663e-12
8.97241e-13
7.81555e-13
6.70769e-13
5.6606e-13
4.68546e-13
3.79251e-13
2.99052e-13
2.28634e-13
1.68435e-13
1.18593e-13
7.89108e-14
4.8828e-14
2.74207e-14
1.34332e-14
5.34672e-15
1.49023e-15
1.94009e-16
1.12975e-18
1.43564e-18
2.46287e-16
1.88752e-15
6.75005e-15
1.68906e-14
3.43205e-14
6.0812e-14
9.77691e-14
1.46155e-13
2.06467e-13
2.78753e-13
3.62647e-13
4.57434e-13
5.62109e-13
6.75446e-13
7.9606e-13
9.22463e-13
1.05312e-12
1.18647e-12
1.321e-12
1.4552e-12
1.58768e-12
1.71709e-12
1.84219e-12
1.96186e-12
2.07506e-12
2.18086e-12
2.27846e-12
2.36715e-12
2.44633e-12
2.51549e-12
2.57424e-12
2.62227e-12
2.65935e-12
2.68534e-12
2.70023e-12
2.70403e-12
2.69682e-12
2.67877e-12
2.65009e-12
2.61108e-12
2.56207e-12
2.50345e-12
2.43568e-12
2.35925e-12
2.27471e-12
2.18267e-12
2.08377e-12
1.97872e-12
1.86827e-12
1.75324e-12
1.63449e-12
1.51295e-12
1.38958e-12
1.26542e-12
1.14156e-12
1.01913e-12
8.99282e-13
7.83211e-13
6.72102e-13
5.67125e-13
4.69387e-13
3.79906e-13
2.99553e-13
2.29008e-13
1.68704e-13
1.18779e-13
7.90319e-14
4.89013e-14
2.74608e-14
1.34522e-14
5.35406e-15
1.49221e-15
1.94259e-16
1.13118e-18
1.47829e-18
2.53596e-16
1.94344e-15
6.94951e-15
1.73881e-14
3.53274e-14
6.25875e-14
1.00607e-13
1.50366e-13
2.12365e-13
2.86632e-13
3.72774e-13
4.70028e-13
5.77335e-13
6.93409e-13
8.16798e-13
9.45947e-13
1.07925e-12
1.21511e-12
1.35191e-12
1.48814e-12
1.62234e-12
1.75314e-12
1.87927e-12
1.9996e-12
2.11307e-12
2.21877e-12
2.3159e-12
2.40376e-12
2.48178e-12
2.54948e-12
2.6065e-12
2.65256e-12
2.68748e-12
2.71115e-12
2.72362e-12
2.72493e-12
2.71519e-12
2.69462e-12
2.66347e-12
2.62206e-12
2.57076e-12
2.50998e-12
2.44022e-12
2.36198e-12
2.27582e-12
2.18236e-12
2.08226e-12
1.97621e-12
1.86497e-12
1.74934e-12
1.63019e-12
1.5084e-12
1.38496e-12
1.26086e-12
1.13718e-12
1.01501e-12
8.95504e-13
7.79824e-13
6.69135e-13
5.64587e-13
4.67271e-13
3.78189e-13
2.98201e-13
2.27979e-13
1.6795e-13
1.18252e-13
7.86834e-14
4.86866e-14
2.73406e-14
1.33933e-14
5.33052e-15
1.48562e-15
1.93395e-16
1.12613e-18
1.51999e-18
2.60743e-16
1.99811e-15
7.14448e-15
1.78743e-14
3.63107e-14
6.43195e-14
1.03371e-13
1.5446e-13
2.18084e-13
2.9425e-13
3.82527e-13
4.82103e-13
5.91858e-13
7.10439e-13
8.36324e-13
9.67887e-13
1.10346e-12
1.24136e-12
1.37996e-12
1.51766e-12
1.65297e-12
1.78451e-12
1.91098e-12
2.03124e-12
2.14424e-12
2.24907e-12
2.34495e-12
2.43121e-12
2.50731e-12
2.5728e-12
2.62738e-12
2.67081e-12
2.70291e-12
2.72371e-12
2.73326e-12
2.73163e-12
2.719e-12
2.69562e-12
2.66179e-12
2.61788e-12
2.56427e-12
2.50143e-12
2.42984e-12
2.35004e-12
2.26261e-12
2.16815e-12
2.06733e-12
1.96084e-12
1.84944e-12
1.7339e-12
1.61506e-12
1.49382e-12
1.3711e-12
1.24788e-12
1.1252e-12
1.00413e-12
8.85779e-13
7.71281e-13
6.61768e-13
5.58361e-13
4.62126e-13
3.74041e-13
2.9495e-13
2.25512e-13
1.66148e-13
1.16994e-13
7.78535e-14
4.81769e-14
2.7056e-14
1.32545e-14
5.2754e-15
1.47026e-15
1.91393e-16
1.11446e-18
1.56098e-18
2.67768e-16
2.05184e-15
7.33611e-15
1.8352e-14
3.72764e-14
6.60191e-14
1.06079e-13
1.58464e-13
2.23661e-13
3.01653e-13
3.91966e-13
4.9373e-13
6.05759e-13
7.26626e-13
8.54734e-13
9.88384e-13
1.12583e-12
1.26534e-12
1.40522e-12
1.54383e-12
1.67964e-12
1.81125e-12
1.93735e-12
2.05679e-12
2.16855e-12
2.27172e-12
2.36555e-12
2.44941e-12
2.5228e-12
2.58533e-12
2.63673e-12
2.67682e-12
2.70546e-12
2.72282e-12
2.72891e-12
2.7239e-12
2.70803e-12
2.68158e-12
2.64489e-12
2.59838e-12
2.54246e-12
2.47762e-12
2.40438e-12
2.32327e-12
2.23489e-12
2.13986e-12
2.03882e-12
1.93247e-12
1.82154e-12
1.70678e-12
1.58902e-12
1.46909e-12
1.3479e-12
1.22639e-12
1.10555e-12
9.86417e-13
8.70046e-13
7.57527e-13
6.49954e-13
5.48407e-13
4.53918e-13
3.67435e-13
2.89778e-13
2.21591e-13
1.63286e-13
1.14997e-13
7.65368e-14
4.7369e-14
2.66056e-14
1.30351e-14
5.18841e-15
1.44606e-15
1.88246e-16
1.09613e-18
1.6015e-18
2.74713e-16
2.10497e-15
7.52559e-15
1.88243e-14
3.82308e-14
6.76974e-14
1.0875e-13
1.62404e-13
2.29134e-13
3.08891e-13
4.0115e-13
5.04979e-13
6.19117e-13
7.42057e-13
8.7212e-13
1.00753e-12
1.14647e-12
1.28713e-12
1.42777e-12
1.56671e-12
1.70239e-12
1.83338e-12
1.95839e-12
2.07625e-12
2.18596e-12
2.28666e-12
2.37762e-12
2.45827e-12
2.52815e-12
2.58693e-12
2.63442e-12
2.67043e-12
2.69503e-12
2.70835e-12
2.71048e-12
2.70167e-12
2.68219e-12
2.65239e-12
2.61266e-12
2.56345e-12
2.50522e-12
2.43847e-12
2.36374e-12
2.2816e-12
2.19264e-12
2.09747e-12
1.99673e-12
1.8911e-12
1.78128e-12
1.66801e-12
1.55205e-12
1.43422e-12
1.31538e-12
1.19641e-12
1.07825e-12
9.61883e-13
8.48311e-13
7.38568e-13
6.33697e-13
5.34726e-13
4.42648e-13
3.58371e-13
2.82685e-13
2.16215e-13
1.59362e-13
1.12261e-13
7.47336e-14
4.62631e-14
2.59894e-14
1.27352e-14
5.06963e-15
1.41306e-15
1.83956e-16
1.07116e-18
1.64179e-18
2.81619e-16
2.15782e-15
7.71413e-15
1.92943e-14
3.91803e-14
6.93658e-14
1.11401e-13
1.66306e-13
2.34538e-13
3.16009e-13
4.10137e-13
5.15917e-13
6.32007e-13
7.56811e-13
8.88564e-13
1.02541e-12
1.16544e-12
1.30679e-12
1.44767e-12
1.58635e-12
1.72125e-12
1.85092e-12
1.97408e-12
2.08958e-12
2.19643e-12
2.29383e-12
2.38109e-12
2.4577e-12
2.52326e-12
2.57752e-12
2.62032e-12
2.65156e-12
2.67152e-12
2.68022e-12
2.67789e-12
2.66484e-12
2.64142e-12
2.60802e-12
2.56509e-12
2.51311e-12
2.45258e-12
2.38403e-12
2.30803e-12
2.22514e-12
2.13596e-12
2.0411e-12
1.94118e-12
1.83686e-12
1.7288e-12
1.6177e-12
1.5043e-12
1.38936e-12
1.27366e-12
1.15805e-12
1.0434e-12
9.3062e-13
8.20655e-13
7.14473e-13
6.13054e-13
5.17367e-13
4.28354e-13
3.46878e-13
2.73695e-13
2.09402e-13
1.54391e-13
1.08795e-13
7.24497e-14
4.4863e-14
2.52097e-14
1.23559e-14
4.91953e-15
1.37139e-15
1.78541e-16
1.03965e-18
1.68208e-18
2.88528e-16
2.2107e-15
7.90287e-15
1.97649e-14
4.0131e-14
7.10349e-14
1.1405e-13
1.70196e-13
2.39907e-13
3.23051e-13
4.18977e-13
5.26603e-13
6.44492e-13
7.70955e-13
9.04131e-13
1.04207e-12
1.1828e-12
1.32437e-12
1.46494e-12
1.60275e-12
1.73621e-12
1.86385e-12
1.98439e-12
2.09672e-12
2.1999e-12
2.29315e-12
2.37587e-12
2.44761e-12
2.50805e-12
2.55701e-12
2.59433e-12
2.62024e-12
2.63487e-12
2.63841e-12
2.63116e-12
2.61348e-12
2.5858e-12
2.54858e-12
2.50231e-12
2.44752e-12
2.38475e-12
2.31455e-12
2.2375e-12
2.15417e-12
2.06516e-12
1.97107e-12
1.8725e-12
1.77007e-12
1.66441e-12
1.55619e-12
1.44608e-12
1.33477e-12
1.22301e-12
1.11156e-12
1.00122e-12
8.92825e-13
7.87252e-13
6.85392e-13
5.88153e-13
4.96434e-13
4.11121e-13
3.33024e-13
2.62857e-13
2.0119e-13
1.48399e-13
1.04618e-13
6.96979e-14
4.31765e-14
2.4271e-14
1.18996e-14
4.739e-15
1.32129e-15
1.72036e-16
1.00181e-18
1.72259e-18
2.95474e-16
2.2639e-15
8.09285e-15
2.02388e-14
4.10882e-14
7.27147e-14
1.16712e-13
1.74095e-13
2.45271e-13
3.30052e-13
4.27714e-13
5.37082e-13
6.56621e-13
7.84534e-13
9.18861e-13
1.05756e-12
1.19856e-12
1.33987e-12
1.47958e-12
1.6159e-12
1.74722e-12
1.87209e-12
1.98923e-12
2.09759e-12
2.19626e-12
2.28453e-12
2.36188e-12
2.42792e-12
2.48244e-12
2.52528e-12
2.5565e-12
2.57642e-12
2.58515e-12
2.58301e-12
2.57039e-12
2.54775e-12
2.51555e-12
2.47434e-12
2.42465e-12
2.36706e-12
2.30213e-12
2.23045e-12
2.1526e-12
2.06918e-12
1.98074e-12
1.88789e-12
1.7912e-12
1.69125e-12
1.58864e-12
1.48397e-12
1.37785e-12
1.27093e-12
1.16385e-12
1.05732e-12
9.52061e-13
8.48818e-13
7.48383e-13
6.51566e-13
5.59197e-13
4.72099e-13
3.91089e-13
3.1692e-13
2.50259e-13
1.91644e-13
1.41433e-13
9.9762e-14
6.64992e-14
4.12165e-14
2.31804e-14
1.13696e-14
4.52948e-15
1.26318e-15
1.64494e-16
9.57948e-19
1.76349e-18
3.0249e-16
2.31767e-15
8.28499e-15
2.07183e-14
4.20568e-14
7.44131e-14
1.19399e-13
1.78022e-13
2.50652e-13
3.3704e-13
4.36378e-13
5.47386e-13
6.68421e-13
7.97572e-13
9.32768e-13
1.07187e-12
1.21272e-12
1.35327e-12
1.49154e-12
1.62573e-12
1.75421e-12
1.87555e-12
1.98852e-12
2.09208e-12
2.18541e-12
2.26787e-12
2.33902e-12
2.39858e-12
2.4464e-12
2.48234e-12
2.50693e-12
2.5202e-12
2.52249e-12
2.51423e-12
2.49588e-12
2.46797e-12
2.43106e-12
2.38574e-12
2.33261e-12
2.27228e-12
2.20534e-12
2.1324e-12
2.05406e-12
1.97089e-12
1.88346e-12
1.79234e-12
1.69806e-12
1.60118e-12
1.50224e-12
1.40177e-12
1.30033e-12
1.19848e-12
1.0968e-12
9.95915e-13
8.96444e-13
7.99057e-13
7.0445e-13
6.13345e-13
5.26483e-13
4.44608e-13
3.68456e-13
2.98724e-13
2.36023e-13
1.80854e-13
1.33559e-13
9.42732e-14
6.28837e-14
3.90016e-14
2.19482e-14
1.07711e-14
4.29294e-15
1.19761e-15
1.55987e-16
9.08486e-19
1.80492e-18
3.09598e-16
2.37218e-15
8.47996e-15
2.12052e-14
4.30403e-14
7.61365e-14
1.22121e-13
1.81988e-13
2.56066e-13
3.44032e-13
4.44982e-13
5.57526e-13
6.79895e-13
8.10059e-13
9.45829e-13
1.08496e-12
1.22522e-12
1.36447e-12
1.50071e-12
1.63212e-12
1.75705e-12
1.87411e-12
1.9821e-12
2.08006e-12
2.16723e-12
2.24307e-12
2.30723e-12
2.35955e-12
2.3998e-12
2.42845e-12
2.44567e-12
2.45177e-12
2.44717e-12
2.4324e-12
2.40803e-12
2.37466e-12
2.33293e-12
2.28347e-12
2.22695e-12
2.164e-12
2.09526e-12
2.02134e-12
1.94284e-12
1.86033e-12
1.77435e-12
1.68545e-12
1.59413e-12
1.50089e-12
1.4062e-12
1.31055e-12
1.21442e-12
1.1183e-12
1.02268e-12
9.28081e-13
8.35048e-13
7.44151e-13
6.5599e-13
5.71192e-13
4.90406e-13
4.1429e-13
3.43493e-13
2.78649e-13
2.20313e-13
1.68946e-13
1.24867e-13
8.82129e-14
5.88917e-14
3.65561e-14
2.05879e-14
1.01106e-14
4.03202e-15
1.12532e-15
1.46611e-16
8.53979e-19
1.84695e-18
3.16814e-16
2.42756e-15
8.67818e-15
2.17004e-14
4.40407e-14
7.78879e-14
1.24882e-13
1.86e-13
2.61516e-13
3.51027e-13
4.53522e-13
5.67485e-13
6.91016e-13
8.21951e-13
9.57982e-13
1.09675e-12
1.23595e-12
1.37337e-12
1.50697e-12
1.63491e-12
1.75558e-12
1.8676e-12
1.96984e-12
2.0614e-12
2.14162e-12
2.21006e-12
2.26651e-12
2.31069e-12
2.34296e-12
2.36365e-12
2.37299e-12
2.37146e-12
2.35962e-12
2.33808e-12
2.30749e-12
2.26856e-12
2.22198e-12
2.16845e-12
2.10867e-12
2.04332e-12
1.97305e-12
1.89849e-12
1.82021e-12
1.73879e-12
1.65475e-12
1.56858e-12
1.48074e-12
1.39168e-12
1.30182e-12
1.21157e-12
1.12133e-12
1.03151e-12
9.42512e-13
8.54773e-13
7.68736e-13
6.84873e-13
6.03684e-13
5.25699e-13
4.51468e-13
3.81562e-13
3.1654e-13
2.56968e-13
2.0334e-13
1.56075e-13
1.1547e-13
8.16595e-14
5.45741e-14
3.39109e-14
1.91168e-14
9.39634e-15
3.74997e-15
1.04719e-15
1.36483e-16
7.95115e-19
1.8896e-18
3.24137e-16
2.48382e-15
8.87972e-15
2.22042e-14
4.50582e-14
7.96675e-14
1.27681e-13
1.90052e-13
2.66994e-13
3.5801e-13
4.6197e-13
5.77222e-13
7.01722e-13
8.33167e-13
9.6912e-13
1.10712e-12
1.24476e-12
1.37978e-12
1.51011e-12
1.63392e-12
1.7496e-12
1.85583e-12
1.95155e-12
2.03595e-12
2.10847e-12
2.16882e-12
2.21669e-12
2.25226e-12
2.27605e-12
2.28822e-12
2.28927e-12
2.27979e-12
2.26046e-12
2.23198e-12
2.19512e-12
2.15064e-12
2.09931e-12
2.04188e-12
1.97909e-12
1.91164e-12
1.8402e-12
1.76539e-12
1.68779e-12
1.60793e-12
1.5263e-12
1.44337e-12
1.35953e-12
1.27518e-12
1.19066e-12
1.10632e-12
1.02248e-12
9.3945e-13
8.57564e-13
7.7715e-13
6.98558e-13
6.22161e-13
5.48359e-13
4.77581e-13
4.1028e-13
3.46933e-13
2.88016e-13
2.34011e-13
1.85361e-13
1.42435e-13
1.05507e-13
7.47084e-14
4.99931e-14
3.1104e-14
1.75556e-14
8.63846e-15
3.45075e-15
9.64341e-16
1.25745e-16
7.32717e-19
1.93279e-18
3.31558e-16
2.54087e-15
9.08427e-15
2.27157e-14
4.60908e-14
8.14709e-14
1.3051e-13
1.9413e-13
2.72476e-13
3.64944e-13
4.70273e-13
5.86663e-13
7.11916e-13
8.43583e-13
9.79094e-13
1.11588e-12
1.25145e-12
1.3835e-12
1.50993e-12
1.62892e-12
1.7389e-12
1.83861e-12
1.92708e-12
2.0036e-12
2.06777e-12
2.11924e-12
2.15793e-12
2.18461e-12
2.19934e-12
2.20262e-12
2.19509e-12
2.17747e-12
2.15053e-12
2.11511e-12
2.07204e-12
2.02217e-12
1.96631e-12
1.90528e-12
1.83983e-12
1.77069e-12
1.69852e-12
1.62393e-12
1.54749e-12
1.4697e-12
1.391e-12
1.3118e-12
1.23246e-12
1.15329e-12
1.07458e-12
9.96591e-13
9.1956e-13
8.43723e-13
7.69312e-13
6.96569e-13
6.25746e-13
5.57119e-13
4.90987e-13
4.27682e-13
3.6756e-13
3.11004e-13
2.58409e-13
2.10171e-13
1.66679e-13
1.28253e-13
9.51409e-14
6.74723e-14
4.52221e-14
2.81796e-14
1.59288e-14
7.84867e-15
3.13896e-15
8.7803e-16
1.14561e-16
6.67742e-19
1.97637e-18
3.39048e-16
2.5985e-15
9.29103e-15
2.32328e-14
4.7134e-14
8.32892e-14
1.33354e-13
1.9821e-13
2.77921e-13
3.7177e-13
4.78349e-13
5.95699e-13
7.2146e-13
8.53031e-13
9.87709e-13
1.12281e-12
1.25579e-12
1.38427e-12
1.50617e-12
1.61967e-12
1.72326e-12
1.81576e-12
1.89629e-12
1.96432e-12
2.01945e-12
2.06129e-12
2.09079e-12
2.10796e-12
2.1133e-12
2.10746e-12
2.09122e-12
2.06541e-12
2.03094e-12
1.98872e-12
1.93967e-12
1.88471e-12
1.8247e-12
1.76049e-12
1.69285e-12
1.62252e-12
1.55014e-12
1.47632e-12
1.40158e-12
1.32639e-12
1.25113e-12
1.17616e-12
1.10178e-12
1.02822e-12
9.55704e-13
8.84412e-13
8.14504e-13
7.4613e-13
6.79436e-13
6.1457e-13
5.51696e-13
4.90994e-13
4.3267e-13
3.76958e-13
3.24123e-13
2.74458e-13
2.28276e-13
1.85891e-13
1.47637e-13
1.13787e-13
8.45592e-14
6.00801e-14
4.03448e-14
2.51883e-14
1.42641e-14
7.04035e-15
2.81985e-15
7.89697e-16
1.03118e-16
6.01267e-19
2.02006e-18
3.46562e-16
2.65635e-15
9.49871e-15
2.37521e-14
4.81804e-14
8.51086e-14
1.36187e-13
2.02251e-13
2.83273e-13
3.78406e-13
4.86088e-13
6.04188e-13
7.30181e-13
8.61308e-13
9.94732e-13
1.12767e-12
1.2575e-12
1.38183e-12
1.49856e-12
1.60593e-12
1.70248e-12
1.78714e-12
1.85917e-12
1.91808e-12
1.96336e-12
1.99573e-12
2.01543e-12
2.02283e-12
2.01862e-12
2.00361e-12
1.97868e-12
1.94483e-12
1.90306e-12
1.85435e-12
1.79972e-12
1.74013e-12
1.67649e-12
1.60966e-12
1.54043e-12
1.46951e-12
1.39754e-12
1.32509e-12
1.25263e-12
1.18057e-12
1.10927e-12
1.03899e-12
9.69972e-13
9.02382e-13
8.36361e-13
7.72013e-13
7.0942e-13
6.48651e-13
5.89768e-13
5.32836e-13
4.77933e-13
4.25151e-13
3.74608e-13
3.26452e-13
2.8086e-13
2.3804e-13
1.98226e-13
1.61664e-13
1.28617e-13
9.93222e-14
7.39679e-14
5.26737e-14
3.54536e-14
2.21861e-14
1.25923e-14
6.22818e-15
2.49914e-15
7.0092e-16
9.16188e-17
5.34468e-19
2.06351e-18
3.54035e-16
2.71393e-15
9.70545e-15
2.42687e-14
4.92195e-14
8.69092e-14
1.38977e-13
2.06201e-13
2.88453e-13
3.84746e-13
4.93349e-13
6.11958e-13
7.3787e-13
8.68172e-13
9.99898e-13
1.13017e-12
1.25631e-12
1.3759e-12
1.48686e-12
1.58749e-12
1.67641e-12
1.7527e-12
1.81567e-12
1.86474e-12
1.90025e-12
1.92274e-12
1.93241e-12
1.92996e-12
1.91622e-12
1.89214e-12
1.85877e-12
1.81721e-12
1.76854e-12
1.71386e-12
1.65422e-12
1.59062e-12
1.52402e-12
1.45526e-12
1.38513e-12
1.31432e-12
1.24344e-12
1.17299e-12
1.10342e-12
1.03505e-12
9.68186e-13
9.03022e-13
8.39714e-13
7.78364e-13
7.19036e-13
6.61758e-13
6.06539e-13
5.5337e-13
5.02239e-13
4.53134e-13
4.06056e-13
3.6102e-13
3.18066e-13
2.77262e-13
2.38708e-13
2.02535e-13
1.68906e-13
1.38002e-13
1.1002e-13
8.51616e-14
6.35856e-14
4.54042e-14
3.06469e-14
1.92325e-14
1.0946e-14
5.42783e-15
2.18294e-15
6.13371e-16
8.02776e-17
4.68591e-19
2.10621e-18
3.61385e-16
2.77058e-15
9.90882e-15
2.47763e-14
5.02376e-14
8.86657e-14
1.41681e-13
2.09995e-13
2.93368e-13
3.9066e-13
4.99968e-13
6.18803e-13
7.44289e-13
8.73357e-13
1.00292e-12
1.13001e-12
1.25191e-12
1.3662e-12
1.47085e-12
1.56419e-12
1.645e-12
1.71244e-12
1.76576e-12
1.80482e-12
1.83054e-12
1.84288e-12
1.84252e-12
1.83031e-12
1.80723e-12
1.77442e-12
1.73305e-12
1.68429e-12
1.62935e-12
1.56937e-12
1.50545e-12
1.43863e-12
1.36986e-12
1.29998e-12
1.22976e-12
1.15983e-12
1.09076e-12
1.023e-12
9.56908e-13
8.92767e-13
8.3078e-13
7.71081e-13
7.13749e-13
6.58811e-13
6.06256e-13
5.56045e-13
5.08114e-13
4.62388e-13
4.18788e-13
3.77237e-13
3.37669e-13
3.00034e-13
2.64306e-13
2.30486e-13
1.98607e-13
1.68734e-13
1.40965e-13
1.15425e-13
9.22512e-14
7.16111e-14
5.36348e-14
3.84254e-14
2.60252e-14
1.63885e-14
9.35862e-15
4.65533e-15
1.87751e-15
5.28757e-16
6.93142e-17
4.04903e-19
2.14759e-18
3.68507e-16
2.82549e-15
1.01058e-14
2.52669e-14
5.12178e-14
9.03468e-14
1.44247e-13
2.13553e-13
2.97903e-13
3.95998e-13
5.05755e-13
6.24498e-13
7.49178e-13
8.76581e-13
1.00351e-12
1.12692e-12
1.24406e-12
1.35253e-12
1.45034e-12
1.53595e-12
1.60827e-12
1.66643e-12
1.70962e-12
1.73912e-12
1.75471e-12
1.75697e-12
1.74675e-12
1.72505e-12
1.69308e-12
1.65208e-12
1.60333e-12
1.54811e-12
1.48768e-12
1.42325e-12
1.35595e-12
1.28683e-12
1.2168e-12
1.14671e-12
1.07725e-12
1.00903e-12
9.4252e-13
8.78112e-13
8.16089e-13
7.56652e-13
6.99924e-13
6.45962e-13
5.94767e-13
5.46296e-13
5.00469e-13
4.57179e-13
4.16304e-13
3.77709e-13
3.4126e-13
3.06827e-13
2.74291e-13
2.4355e-13
2.14525e-13
1.87165e-13
1.61447e-13
1.37384e-13
1.15018e-13
9.44264e-14
7.5702e-14
5.89651e-14
4.43299e-14
3.18864e-14
2.16861e-14
1.37132e-14
7.86292e-15
3.92635e-15
1.58894e-15
4.48751e-16
5.89427e-17
3.44643e-19
2.18693e-18
3.75282e-16
2.87771e-15
1.02929e-14
2.57313e-14
5.21404e-14
9.1916e-14
1.46614e-13
2.16785e-13
3.01933e-13
4.00595e-13
5.10504e-13
6.28801e-13
7.52271e-13
8.77562e-13
1.00137e-12
1.12061e-12
1.23251e-12
1.33471e-12
1.42529e-12
1.50288e-12
1.5663e-12
1.61461e-12
1.6484e-12
1.66798e-12
1.67358e-12
1.66602e-12
1.64629e-12
1.61566e-12
1.57544e-12
1.52698e-12
1.47167e-12
1.41088e-12
1.34593e-12
1.27806e-12
1.2084e-12
1.13799e-12
1.06772e-12
9.98372e-13
9.30585e-13
8.64884e-13
8.01676e-13
7.41257e-13
6.83828e-13
6.29502e-13
5.7832e-13
5.3026e-13
4.85248e-13
4.43171e-13
4.03887e-13
3.67234e-13
3.33035e-13
3.01111e-13
2.71283e-13
2.43383e-13
2.17252e-13
1.92753e-13
1.69768e-13
1.48206e-13
1.28008e-13
1.09142e-13
9.16111e-14
7.54487e-14
6.0715e-14
4.74867e-14
3.58634e-14
2.59218e-14
1.77182e-14
1.12609e-14
6.48887e-15
3.25534e-15
1.32289e-15
3.74897e-16
4.93614e-17
2.88956e-19
2.22345e-18
3.81571e-16
2.92615e-15
1.04659e-14
2.61587e-14
5.29828e-14
9.33321e-14
1.48716e-13
2.1959e-13
3.05319e-13
4.04273e-13
5.14001e-13
6.31469e-13
7.53305e-13
8.76033e-13
9.96271e-13
1.11089e-12
1.21713e-12
1.31268e-12
1.39583e-12
1.46501e-12
1.51919e-12
1.55801e-12
1.58243e-12
1.59224e-12
1.58819e-12
1.57123e-12
1.54265e-12
1.50383e-12
1.45617e-12
1.40117e-12
1.3403e-12
1.27501e-12
1.20663e-12
1.13643e-12
1.06553e-12
9.94918e-13
9.2544e-13
8.57805e-13
7.92578e-13
7.30194e-13
6.70967e-13
6.15098e-13
5.62697e-13
5.13785e-13
4.6832e-13
4.26201e-13
3.87285e-13
3.51395e-13
3.18334e-13
2.87893e-13
2.59856e-13
2.34009e-13
2.10144e-13
1.88065e-13
1.67593e-13
1.48567e-13
1.30847e-13
1.1432e-13
9.88981e-14
8.45243e-14
7.1171e-14
5.88406e-14
4.75634e-14
3.73888e-14
2.8392e-14
2.0642e-14
1.41951e-14
9.0771e-15
5.2618e-15
2.65461e-15
1.08419e-15
3.08522e-16
4.07406e-17
2.38824e-19
2.25628e-18
3.87223e-16
2.96961e-15
1.06205e-14
2.65375e-14
5.37205e-14
9.45507e-14
1.50481e-13
2.21862e-13
3.07919e-13
4.06852e-13
5.16034e-13
6.32267e-13
7.52036e-13
8.71761e-13
9.87998e-13
1.0976e-12
1.19786e-12
1.28661e-12
1.3619e-12
1.42264e-12
1.46741e-12
1.49746e-12
1.51248e-12
1.51294e-12
1.4997e-12
1.4741e-12
1.43749e-12
1.39136e-12
1.33727e-12
1.27681e-12
1.21153e-12
1.1429e-12
1.0723e-12
1.00095e-12
9.29952e-13
8.60234e-13
7.92573e-13
7.27587e-13
6.65748e-13
6.07391e-13
5.52725e-13
5.01854e-13
4.54788e-13
4.11461e-13
3.71745e-13
3.35467e-13
3.02419e-13
2.72372e-13
2.45084e-13
2.20308e-13
1.97802e-13
1.77329e-13
1.58667e-13
1.41609e-13
1.25966e-13
1.11568e-13
9.82691e-14
8.59454e-14
7.44984e-14
6.38555e-14
5.39711e-14
4.48268e-14
3.64305e-14
2.88131e-14
2.20229e-14
1.61242e-14
1.11692e-14
7.19459e-15
4.20042e-15
2.13337e-15
8.76508e-16
2.50644e-16
3.32111e-17
1.95004e-19
2.2845e-18
3.9208e-16
3.00685e-15
1.0752e-14
2.68556e-14
5.43278e-14
9.55257e-14
1.51835e-13
2.23497e-13
3.09592e-13
4.08158e-13
5.16404e-13
6.30981e-13
7.48257e-13
8.64566e-13
9.76422e-13
1.08075e-12
1.17488e-12
1.25643e-12
1.32394e-12
1.37588e-12
1.41218e-12
1.43345e-12
1.43951e-12
1.43113e-12
1.40961e-12
1.37624e-12
1.33255e-12
1.28018e-12
1.22081e-12
1.15609e-12
1.08763e-12
1.01691e-12
9.45301e-13
8.73997e-13
8.04029e-13
7.36256e-13
6.7136e-13
6.09861e-13
5.52122e-13
4.98367e-13
4.48701e-13
4.03121e-13
3.61543e-13
3.23811e-13
2.89723e-13
2.59038e-13
2.31494e-13
2.06818e-13
1.84735e-13
1.64975e-13
1.4728e-13
1.31406e-13
1.17128e-13
1.0424e-13
9.25568e-14
8.19145e-14
7.21708e-14
6.32051e-14
5.49186e-14
4.7235e-14
4.01013e-14
3.34875e-14
2.73871e-14
2.18153e-14
1.68041e-14
1.24046e-14
8.66658e-15
5.6309e-15
3.3152e-15
1.69702e-15
7.02071e-16
2.01892e-16
2.68554e-17
1.57975e-19
2.3072e-18
3.95982e-16
3.03659e-15
1.08556e-14
2.71006e-14
5.47791e-14
9.62114e-14
1.52706e-13
2.24391e-13
3.10204e-13
4.08032e-13
5.14935e-13
6.27437e-13
7.41803e-13
8.54331e-13
9.61606e-13
1.06043e-12
1.14804e-12
1.22248e-12
1.28223e-12
1.32562e-12
1.35409e-12
1.36687e-12
1.36458e-12
1.34835e-12
1.31942e-12
1.27929e-12
1.22964e-12
1.17222e-12
1.1088e-12
1.04109e-12
9.70713e-13
8.99154e-13
8.27737e-13
7.57605e-13
6.89711e-13
6.24817e-13
5.63503e-13
5.06174e-13
4.53079e-13
4.04328e-13
3.59915e-13
3.19739e-13
2.8362e-13
2.51325e-13
2.22581e-13
1.97093e-13
1.74557e-13
1.54667e-13
1.37128e-13
1.21663e-13
1.08009e-13
9.59257e-14
8.5197e-14
7.56293e-14
6.70522e-14
5.93169e-14
5.22952e-14
4.58784e-14
3.99768e-14
3.45192e-14
2.94531e-14
2.4745e-14
2.03806e-14
1.63641e-14
1.27176e-14
9.47525e-15
6.68498e-15
4.38647e-15
2.60743e-15
1.34665e-15
5.61473e-16
1.62464e-16
2.1701e-17
1.27901e-19
2.32348e-18
3.98772e-16
3.05759e-15
1.09268e-14
2.72606e-14
5.505e-14
9.6565e-14
1.53029e-13
2.24453e-13
3.09642e-13
4.06344e-13
5.1149e-13
6.21519e-13
7.32683e-13
8.41233e-13
9.43543e-13
1.03653e-12
1.11772e-12
1.18518e-12
1.23708e-12
1.2731e-12
1.2937e-12
1.29876e-12
1.28914e-12
1.26595e-12
1.23064e-12
1.18489e-12
1.13049e-12
1.06929e-12
1.0031e-12
9.33668e-13
8.62617e-13
7.91398e-13
7.2128e-13
6.53327e-13
5.88398e-13
5.2715e-13
4.70044e-13
4.17368e-13
3.69252e-13
3.25694e-13
2.86583e-13
2.51719e-13
2.20843e-13
1.93649e-13
1.69811e-13
1.4899e-13
1.30853e-13
1.15077e-13
1.01361e-13
8.94312e-14
7.9038e-14
6.99501e-14
6.19687e-14
5.4922e-14
4.86613e-14
4.30599e-14
3.80098e-14
3.34198e-14
2.92143e-14
2.53328e-14
2.1729e-14
1.83713e-14
1.52426e-14
1.23411e-14
9.67997e-15
7.28533e-15
5.19389e-15
3.44485e-15
2.06922e-15
1.07906e-15
4.53654e-16
1.32114e-16
1.772e-17
1.04628e-19
2.33253e-18
4.00309e-16
3.06874e-15
1.09614e-14
2.73252e-14
5.51191e-14
9.65498e-14
1.52746e-13
2.23606e-13
3.07814e-13
4.03016e-13
5.0609e-13
6.13369e-13
7.20955e-13
8.25024e-13
9.2216e-13
1.00939e-12
1.08427e-12
1.14496e-12
1.18933e-12
1.21854e-12
1.23212e-12
1.23041e-12
1.21434e-12
1.18524e-12
1.14472e-12
1.09458e-12
1.0367e-12
9.72984e-13
9.05285e-13
8.3535e-13
7.64771e-13
6.9495e-13
6.27079e-13
5.62133e-13
5.00861e-13
4.43805e-13
3.91306e-13
3.43533e-13
3.00501e-13
2.62099e-13
2.28118e-13
1.98276e-13
1.72241e-13
1.49655e-13
1.30146e-13
1.13354e-13
9.89304e-14
8.65455e-14
7.59041e-14
6.67446e-14
5.88341e-14
5.19741e-14
4.59969e-14
4.07559e-14
3.61236e-14
3.19999e-14
2.82983e-14
2.49455e-14
2.18809e-14
1.90555e-14
1.64312e-14
1.39805e-14
1.16864e-14
9.54312e-15
7.5563e-15
5.74559e-15
4.13929e-15
2.77515e-15
1.68467e-15
8.87134e-16
3.76065e-16
1.10192e-16
1.48333e-17
8.77107e-20
2.33367e-18
4.00475e-16
3.06909e-15
1.09559e-14
2.72859e-14
5.49712e-14
9.61474e-14
1.51853e-13
2.21882e-13
3.04816e-13
3.98187e-13
4.98722e-13
6.02709e-13
7.06305e-13
8.05807e-13
8.97804e-13
9.79352e-13
1.04807e-12
1.10194e-12
1.13998e-12
1.16304e-12
1.17042e-12
1.16282e-12
1.14136e-12
1.10752e-12
1.06302e-12
1.00973e-12
9.49621e-13
8.84618e-13
8.16583e-13
7.4724e-13
6.78132e-13
6.10589e-13
5.45716e-13
4.84381e-13
4.27222e-13
3.74661e-13
3.26923e-13
2.8406e-13
2.4598e-13
2.12475e-13
1.83253e-13
1.57961e-13
1.36213e-13
1.17612e-13
1.01758e-13
8.82735e-14
7.68048e-14
6.70484e-14
5.87311e-14
5.16317e-14
4.55524e-14
4.03226e-14
3.5785e-14
3.18122e-14
2.83029e-14
2.51684e-14
2.23394e-14
1.97614e-14
1.73911e-14
1.51946e-14
1.3146e-14
1.12267e-14
9.42542e-15
7.73872e-15
6.1712e-15
4.73278e-15
3.44397e-15
2.33297e-15
1.43115e-15
7.60811e-16
3.25004e-16
9.57367e-17
1.29217e-17
7.64728e-20
2.32676e-18
3.99259e-16
3.05877e-15
1.09118e-14
2.71483e-14
5.46212e-14
9.53772e-14
1.50345e-13
2.19202e-13
3.00428e-13
3.91482e-13
4.8909e-13
5.89556e-13
6.89041e-13
7.83836e-13
8.70587e-13
9.46509e-13
1.00946e-12
1.05727e-12
1.08996e-12
1.10739e-12
1.10946e-12
1.09702e-12
1.0713e-12
1.03391e-12
9.86642e-13
9.31439e-13
8.70286e-13
8.05127e-13
7.37801e-13
6.69986e-13
6.03158e-13
5.38564e-13
4.77207e-13
4.19847e-13
3.6701e-13
3.19003e-13
2.75939e-13
2.37766e-13
2.04297e-13
1.75243e-13
1.50243e-13
1.28891e-13
1.10758e-13
9.5417e-14
8.24767e-14
7.15911e-14
6.24482e-14
5.4755e-14
4.82561e-14
4.27224e-14
3.79754e-14
3.38592e-14
3.02506e-14
2.70541e-14
2.4194e-14
2.16093e-14
1.92519e-14
1.70838e-14
1.5075e-14
1.32022e-14
1.14478e-14
9.79891e-15
8.24769e-15
6.79136e-15
5.43298e-15
4.18338e-15
3.05998e-15
2.08554e-15
1.28869e-15
6.90183e-16
2.96652e-16
8.77171e-17
1.18529e-17
7.01418e-20
2.31065e-18
3.96435e-16
3.0356e-15
1.0819e-14
2.68812e-14
5.39933e-14
9.41044e-14
1.48042e-13
2.15397e-13
2.94574e-13
3.82991e-13
4.77359e-13
5.73994e-13
6.69125e-13
7.59166e-13
8.40935e-13
9.11732e-13
9.69423e-13
1.01175e-12
1.0397e-12
1.05235e-12
1.05011e-12
1.0339e-12
1.00508e-12
9.65318e-13
9.16463e-13
8.60488e-13
7.99379e-13
7.35059e-13
6.69322e-13
6.03783e-13
5.39836e-13
4.78634e-13
4.2108e-13
3.67825e-13
3.19288e-13
2.75671e-13
2.36988e-13
2.03097e-13
1.73734e-13
1.48546e-13
1.27121e-13
1.09016e-13
9.38073e-14
8.1097e-14
7.05029e-14
6.16711e-14
5.42758e-14
4.80372e-14
4.27271e-14
3.81546e-14
3.41604e-14
3.06383e-14
2.75087e-14
2.47029e-14
2.21645e-14
1.98487e-14
1.77195e-14
1.5749e-14
1.39149e-14
1.21999e-14
1.05905e-14
9.07712e-15
7.65341e-15
6.31702e-15
5.07019e-15
3.92073e-15
2.88289e-15
1.97687e-15
1.22866e-15
6.61738e-16
2.85717e-16
8.47014e-17
1.1448e-17
6.77075e-20
2.28538e-18
3.92025e-16
3.00007e-15
1.06812e-14
2.65007e-14
5.31353e-14
9.24236e-14
1.45087e-13
2.10632e-13
2.87421e-13
3.72873e-13
4.63739e-13
5.56411e-13
6.47212e-13
7.32654e-13
8.09619e-13
8.75534e-13
9.28188e-13
9.66062e-13
9.89799e-13
9.98616e-13
9.93069e-13
9.74191e-13
9.43399e-13
9.02393e-13
8.53053e-13
7.97346e-13
7.3723e-13
6.74582e-13
6.11134e-13
5.48421e-13
4.87747e-13
4.30169e-13
3.7649e-13
3.27263e-13
2.82809e-13
2.4324e-13
2.08491e-13
1.78349e-13
1.52494e-13
1.30531e-13
1.12024e-13
9.65382e-14
8.365e-14
7.29331e-14
6.39992e-14
5.64971e-14
5.01505e-14
4.4743e-14
4.00917e-14
3.60478e-14
3.24941e-14
2.93327e-14
2.64865e-14
2.38977e-14
2.15225e-14
1.93275e-14
1.72874e-14
1.53828e-14
1.35988e-14
1.19238e-14
1.0349e-14
8.868e-15
7.47659e-15
6.17331e-15
4.9601e-15
3.84328e-15
2.83476e-15
1.9526e-15
1.21962e-15
6.60485e-16
2.86515e-16
8.51789e-17
1.15189e-17
6.81082e-20
2.25135e-18
3.86101e-16
2.95275e-15
1.05005e-14
2.60114e-14
5.20573e-14
9.03645e-14
1.41555e-13
2.05066e-13
2.79236e-13
3.61502e-13
4.48678e-13
5.37247e-13
6.23643e-13
7.04502e-13
7.76851e-13
8.38248e-13
8.8645e-13
9.2063e-13
9.40889e-13
9.46781e-13
9.38933e-13
9.18432e-13
8.86726e-13
8.45523e-13
7.9669e-13
7.42158e-13
6.83835e-13
6.23529e-13
5.62891e-13
5.03367e-13
4.46172e-13
3.92266e-13
3.42361e-13
2.96922e-13
2.56191e-13
2.20208e-13
1.88846e-13
1.61848e-13
1.38857e-13
1.19463e-13
1.03223e-13
8.96833e-14
7.84035e-14
6.8996e-14
6.11206e-14
5.44887e-14
4.88526e-14
4.4006e-14
3.97838e-14
3.60559e-14
3.27211e-14
2.97013e-14
2.6937e-14
2.43839e-14
2.20099e-14
1.97913e-14
1.77112e-14
1.5757e-14
1.39196e-14
1.21916e-14
1.05674e-14
9.04275e-15
7.61464e-15
6.28197e-15
5.04617e-15
3.91233e-15
2.89051e-15
1.99676e-15
1.25175e-15
6.80914e-16
2.96592e-16
8.84115e-17
1.19631e-17
7.07209e-20
2.20906e-18
3.78751e-16
2.89434e-15
1.02797e-14
2.54212e-14
5.07755e-14
8.79525e-14
1.37478e-13
1.98736e-13
2.70059e-13
3.48932e-13
4.32258e-13
5.16638e-13
5.98648e-13
6.75071e-13
7.43082e-13
8.0038e-13
8.44749e-13
8.7588e-13
8.93456e-13
8.97306e-13
8.88103e-13
8.66955e-13
8.35306e-13
7.9484e-13
7.47379e-13
6.94792e-13
6.3891e-13
5.81456e-13
5.2399e-13
4.67865e-13
4.14202e-13
3.63877e-13
3.17519e-13
2.75524e-13
2.3807e-13
2.05148e-13
1.7659e-13
1.52117e-13
1.31366e-13
1.13904e-13
9.9281e-14
8.70834e-14
7.6914e-14
6.84058e-14
6.12409e-14
5.51499e-14
4.99092e-14
4.53367e-14
4.12879e-14
3.76503e-14
3.43378e-14
3.12862e-14
2.84495e-14
2.57948e-14
2.32995e-14
2.09481e-14
1.87307e-14
1.66405e-14
1.46726e-14
1.28235e-14
1.10896e-14
9.46789e-15
7.95593e-15
6.55221e-15
5.2572e-15
4.07451e-15
3.01232e-15
2.08474e-15
1.3107e-15
7.15656e-16
3.12932e-16
9.35455e-17
1.26696e-17
7.49038e-20
2.15929e-18
3.70111e-16
2.82597e-15
1.0023e-14
2.47418e-14
4.93163e-14
8.52379e-14
1.32943e-13
1.91773e-13
2.60075e-13
3.35405e-13
4.14778e-13
4.94942e-13
5.72634e-13
6.448e-13
7.08774e-13
7.62401e-13
8.0354e-13
8.32229e-13
8.47875e-13
8.50506e-13
8.40814e-13
8.19897e-13
7.89165e-13
7.50247e-13
7.04891e-13
6.54879e-13
6.01947e-13
5.47719e-13
4.93656e-13
4.41017e-13
3.90835e-13
3.43911e-13
3.00806e-13
2.61862e-13
2.27216e-13
1.96834e-13
1.70563e-13
1.48065e-13
1.28937e-13
1.12796e-13
9.92806e-14
8.79852e-14
7.8517e-14
7.05353e-14
6.37464e-14
5.79032e-14
5.28022e-14
4.82798e-14
4.42071e-14
4.04858e-14
3.70423e-14
3.38238e-14
3.07936e-14
2.79276e-14
2.52117e-14
2.2638e-14
2.02028e-14
1.79047e-14
1.57429e-14
1.37167e-14
1.18244e-14
1.00639e-14
8.43229e-15
6.92717e-15
5.54739e-15
4.29452e-15
3.1745e-15
2.19922e-15
1.38592e-15
7.59112e-16
3.33158e-16
9.98915e-17
1.35468e-17
8.01216e-20
2.10314e-18
3.60372e-16
2.74914e-15
9.73634e-15
2.3989e-14
4.77137e-14
8.2284e-14
1.28053e-13
1.84331e-13
2.49498e-13
3.21196e-13
3.96575e-13
4.72547e-13
5.46026e-13
6.14138e-13
6.74382e-13
7.24749e-13
7.63222e-13
7.90023e-13
8.04421e-13
8.06569e-13
7.9715e-13
7.77224e-13
7.48143e-13
7.11451e-13
6.688e-13
6.21863e-13
5.72268e-13
5.21528e-13
4.71001e-13
4.21855e-13
3.75044e-13
3.31298e-13
2.91133e-13
2.54853e-13
2.22612e-13
1.94297e-13
1.69629e-13
1.48428e-13
1.30438e-13
1.15285e-13
1.02525e-13
9.17664e-14
8.26617e-14
7.49028e-14
6.82214e-14
6.23906e-14
5.72238e-14
5.25716e-14
4.83172e-14
4.43724e-14
4.06731e-14
3.71748e-14
3.38487e-14
3.06784e-14
2.76568e-14
2.47826e-14
2.20581e-14
1.94872e-14
1.70734e-14
1.4819e-14
1.27242e-14
1.07875e-14
9.00533e-15
7.3737e-15
5.88913e-15
4.55042e-15
3.36059e-15
2.32877e-15
1.47002e-15
8.07265e-16
3.55505e-16
1.06919e-16
1.45225e-17
8.59472e-20
2.04201e-18
3.49776e-16
2.66581e-15
9.427e-15
2.31821e-14
4.60088e-14
7.91651e-14
1.22927e-13
1.76587e-13
2.38565e-13
3.06606e-13
3.78007e-13
4.49858e-13
5.19264e-13
5.83538e-13
6.40354e-13
6.87826e-13
7.24139e-13
7.49536e-13
7.63276e-13
7.65563e-13
7.57054e-13
7.38749e-13
7.11915e-13
6.77992e-13
6.38514e-13
5.95033e-13
5.49053e-13
5.01974e-13
4.55051e-13
4.0936e-13
3.65785e-13
3.24995e-13
2.87508e-13
2.53533e-13
2.23036e-13
1.9613e-13
1.72802e-13
1.52753e-13
1.35611e-13
1.21008e-13
1.08596e-13
9.80303e-14
8.8993e-14
8.11997e-14
7.44015e-14
6.83877e-14
6.29842e-14
5.80523e-14
5.34839e-14
4.91982e-14
4.51375e-14
4.12634e-14
3.75533e-14
3.39969e-14
3.0593e-14
2.73465e-14
2.42659e-14
2.13605e-14
1.86386e-14
1.61062e-14
1.37658e-14
1.16165e-14
9.6542e-15
7.87285e-15
6.26591e-15
4.82856e-15
3.56e-15
2.46573e-15
1.55796e-15
8.57234e-16
3.78648e-16
1.14213e-16
1.55386e-17
9.20332e-20
1.9776e-18
3.38621e-16
2.57831e-15
9.10373e-15
2.23439e-14
4.42489e-14
7.59659e-14
1.17701e-13
1.68732e-13
2.27532e-13
2.91953e-13
3.59447e-13
4.27289e-13
4.92782e-13
5.53433e-13
6.07092e-13
6.52017e-13
6.86584e-13
7.10973e-13
7.24522e-13
7.2744e-13
7.20335e-13
7.04132e-13
6.79992e-13
6.49236e-13
6.13269e-13
5.73509e-13
5.31329e-13
4.88015e-13
4.44711e-13
4.02409e-13
3.61991e-13
3.23982e-13
2.8864e-13
2.56428e-13
2.27649e-13
2.02209e-13
1.79914e-13
1.60539e-13
1.43814e-13
1.29432e-13
1.17077e-13
1.06438e-13
9.72217e-14
8.91807e-14
8.20773e-14
7.57176e-14
6.99309e-14
6.45916e-14
5.95959e-14
5.48684e-14
5.03556e-14
4.60234e-14
4.18532e-14
3.78392e-14
3.39854e-14
3.03024e-14
2.68044e-14
2.35066e-14
2.04229e-14
1.75638e-14
1.49349e-14
1.25369e-14
1.03652e-14
8.41173e-15
6.66617e-15
5.11916e-15
3.76496e-15
2.60441e-15
1.64592e-15
9.06756e-16
4.01508e-16
1.21424e-16
1.65448e-17
9.8075e-20
1.91191e-18
3.27252e-16
2.48938e-15
8.77662e-15
2.15002e-14
4.2487e-14
7.2779e-14
1.12517e-13
1.60971e-13
2.16665e-13
2.77561e-13
3.41269e-13
4.05248e-13
4.67002e-13
5.24231e-13
5.74964e-13
6.17626e-13
6.50756e-13
6.74421e-13
6.88109e-13
6.9199e-13
6.86616e-13
6.72822e-13
6.51657e-13
6.2431e-13
5.92052e-13
5.56162e-13
5.17862e-13
4.78377e-13
4.38858e-13
4.00052e-13
3.62364e-13
3.26662e-13
2.936e-13
2.63359e-13
2.36018e-13
2.1159e-13
1.89979e-13
1.71014e-13
1.54464e-13
1.40064e-13
1.27526e-13
1.16614e-13
1.07046e-13
9.85829e-14
9.10152e-14
8.41605e-14
7.7866e-14
7.20193e-14
6.64996e-14
6.12456e-14
5.62062e-14
5.13489e-14
4.66574e-14
4.21288e-14
3.7771e-14
3.3599e-14
2.96326e-14
2.5893e-14
2.24002e-14
1.91702e-14
1.62131e-14
1.35322e-14
1.11235e-14
8.97682e-15
7.07808e-15
5.41239e-15
3.96786e-15
2.73934e-15
1.73031e-15
9.53732e-16
4.23074e-16
1.28218e-16
1.74923e-17
1.03774e-19
1.84722e-18
3.16064e-16
2.40212e-15
8.45702e-15
2.06796e-14
4.07808e-14
6.97033e-14
1.07527e-13
1.5351e-13
2.06228e-13
2.63747e-13
3.23826e-13
3.84106e-13
4.42286e-13
4.96263e-13
5.44239e-13
5.84796e-13
6.16667e-13
6.39748e-13
6.53725e-13
6.58705e-13
6.55179e-13
6.43897e-13
6.25789e-13
6.01884e-13
5.73375e-13
5.41507e-13
5.07533e-13
4.72213e-13
4.36001e-13
3.99991e-13
3.65257e-13
3.32228e-13
3.0127e-13
2.72669e-13
2.46574e-13
2.23025e-13
2.01967e-13
1.83272e-13
1.66749e-13
1.52177e-13
1.39357e-13
1.28031e-13
1.17971e-13
1.08965e-13
1.00822e-13
9.33761e-14
8.64842e-14
8.00336e-14
7.39318e-14
6.80913e-14
6.24738e-14
5.70473e-14
5.17958e-14
4.67179e-14
4.18233e-14
3.71305e-14
3.26637e-14
2.84498e-14
2.4515e-14
2.08815e-14
1.75654e-14
1.4574e-14
1.19053e-14
9.5483e-15
7.48528e-15
5.69528e-15
4.15905e-15
2.8639e-15
1.80704e-15
9.95874e-16
4.42282e-16
1.34242e-16
1.83288e-17
1.0881e-19
1.78599e-18
3.05489e-16
2.31991e-15
8.15727e-15
1.99131e-14
3.91908e-14
6.68396e-14
1.02877e-13
1.46547e-13
1.9646e-13
2.50777e-13
3.07392e-13
3.64118e-13
4.18841e-13
4.69647e-13
5.14913e-13
5.53365e-13
5.83947e-13
6.06366e-13
6.20538e-13
6.26495e-13
6.24626e-13
6.15705e-13
6.00664e-13
5.80611e-13
5.56419e-13
5.28865e-13
4.98406e-13
4.66067e-13
4.33208e-13
4.00575e-13
3.68719e-13
3.38148e-13
3.09253e-13
2.8231e-13
2.57482e-13
2.34832e-13
2.14341e-13
1.9592e-13
1.79421e-13
1.64699e-13
1.51551e-13
1.39781e-13
1.29194e-13
1.19606e-13
1.10849e-13
1.02773e-13
9.5248e-14
8.81653e-14
8.14478e-14
7.50032e-14
6.87951e-14
6.27918e-14
5.69773e-14
5.13498e-14
4.59196e-14
4.0707e-14
3.57392e-14
3.10472e-14
2.66631e-14
2.26157e-14
1.89277e-14
1.56124e-14
1.26715e-14
1.00952e-14
7.86332e-15
5.94904e-15
4.32487e-15
2.96902e-15
1.87075e-15
1.03051e-15
4.57961e-16
1.39106e-16
1.89954e-17
1.12807e-19
1.73073e-18
2.95966e-16
2.24625e-15
7.88994e-15
1.92311e-14
3.77749e-14
6.42791e-14
9.86923e-14
1.40228e-13
1.87516e-13
2.38784e-13
2.92045e-13
3.45266e-13
3.96509e-13
4.4404e-13
4.8641e-13
5.22493e-13
5.51427e-13
5.72751e-13
5.86715e-13
5.93448e-13
5.93597e-13
5.87514e-13
5.75779e-13
5.5906e-13
5.37915e-13
5.12963e-13
4.85594e-13
4.56936e-13
4.27603e-13
3.98182e-13
3.69246e-13
3.41264e-13
3.14597e-13
2.89502e-13
2.66145e-13
2.44602e-13
2.24881e-13
2.06928e-13
1.90647e-13
1.75913e-13
1.62575e-13
1.50477e-13
1.39461e-13
1.29372e-13
1.2007e-13
1.11423e-13
1.03317e-13
9.56549e-14
8.83604e-14
8.13586e-14
7.46081e-14
6.80776e-14
6.17508e-14
5.56254e-14
4.97111e-14
4.40279e-14
3.86042e-14
3.34739e-14
2.86733e-14
2.42372e-14
2.0195e-14
1.65672e-14
1.33614e-14
1.05714e-14
8.17699e-15
6.14708e-15
4.44607e-15
3.04187e-15
1.91384e-15
1.05227e-15
4.67123e-16
1.4189e-16
1.93665e-17
1.15045e-19
1.6836e-18
2.8788e-16
2.18421e-15
7.66603e-15
1.86589e-14
3.65762e-14
6.20782e-14
9.50265e-14
1.34576e-13
1.79342e-13
2.27592e-13
2.77429e-13
3.26956e-13
3.74401e-13
4.1818e-13
4.57071e-13
4.90231e-13
5.17213e-13
5.37684e-13
5.51568e-13
5.58935e-13
5.59932e-13
5.55137e-13
5.45057e-13
5.29894e-13
5.10815e-13
4.89168e-13
4.65538e-13
4.40463e-13
4.14614e-13
3.88563e-13
3.62799e-13
3.37721e-13
3.13642e-13
2.9079e-13
2.69314e-13
2.49294e-13
2.30752e-13
2.13662e-13
1.97961e-13
1.83562e-13
1.70354e-13
1.58216e-13
1.4703e-13
1.36675e-13
1.27036e-13
1.18007e-13
1.09494e-13
1.01413e-13
9.36926e-14
8.62744e-14
7.91166e-14
7.21894e-14
6.54776e-14
5.89787e-14
5.27008e-14
4.66623e-14
4.08909e-14
3.54213e-14
3.02923e-14
2.55431e-14
2.12095e-14
1.73187e-14
1.38862e-14
1.09118e-14
8.37852e-15
6.25433e-15
4.49719e-15
3.06493e-15
1.9208e-15
1.05354e-15
4.68541e-16
1.42382e-16
1.94227e-17
1.15405e-19
1.64567e-18
2.81438e-16
2.13551e-15
7.49092e-15
1.8205e-14
3.55954e-14
6.0203e-14
9.17639e-14
1.29328e-13
1.71448e-13
2.16395e-13
2.62327e-13
3.07501e-13
3.5044e-13
3.90028e-13
4.25232e-13
4.55199e-13
4.79333e-13
4.97334e-13
5.09179e-13
5.15128e-13
5.15394e-13
5.10464e-13
5.00856e-13
4.87799e-13
4.71843e-13
4.53447e-13
4.3327e-13
4.11884e-13
3.89811e-13
3.67506e-13
3.45357e-13
3.23679e-13
3.02721e-13
2.82666e-13
2.63638e-13
2.45711e-13
2.28912e-13
2.13235e-13
1.98644e-13
1.85083e-13
1.72478e-13
1.6075e-13
1.49812e-13
1.39576e-13
1.2996e-13
1.20883e-13
1.12274e-13
1.04064e-13
9.61967e-14
8.86206e-14
8.12987e-14
7.42063e-14
6.73314e-14
6.06757e-14
5.4243e-14
4.80475e-14
4.21147e-14
3.64788e-14
3.11791e-14
2.62575e-14
2.17539e-14
1.77019e-14
1.41245e-14
1.10296e-14
8.40725e-15
6.2284e-15
4.44804e-15
3.01112e-15
1.88525e-15
1.0379e-15
4.61685e-16
1.40314e-16
1.91125e-17
1.13524e-19
1.61557e-18
2.76428e-16
2.09846e-15
7.35619e-15
1.78366e-14
3.47354e-14
5.84208e-14
8.84349e-14
1.23655e-13
1.62515e-13
2.03335e-13
2.44551e-13
2.84683e-13
3.22324e-13
3.56334e-13
3.85865e-13
4.10377e-13
4.29527e-13
4.43156e-13
4.51486e-13
4.54872e-13
4.53822e-13
4.49019e-13
4.40951e-13
4.3004e-13
4.16832e-13
4.01813e-13
3.85446e-13
3.68144e-13
3.50292e-13
3.32215e-13
3.14188e-13
2.96439e-13
2.79153e-13
2.62464e-13
2.46467e-13
2.31223e-13
2.16763e-13
2.03095e-13
1.90204e-13
1.78063e-13
1.6663e-13
1.55858e-13
1.45694e-13
1.36081e-13
1.26965e-13
1.18293e-13
1.10021e-13
1.02106e-13
9.44914e-14
8.71326e-14
8.00009e-14
7.30774e-14
6.63516e-14
5.98197e-14
5.34952e-14
4.74001e-14
4.15617e-14
3.60124e-14
3.07887e-14
2.59284e-14
2.1469e-14
1.74437e-14
1.38779e-14
1.07852e-14
8.16386e-15
5.99488e-15
4.24324e-15
2.86477e-15
1.79614e-15
9.91909e-16
4.42598e-16
1.34712e-16
1.83183e-17
1.08751e-19
1.58726e-18
2.71811e-16
2.06436e-15
7.22401e-15
1.74347e-14
3.36974e-14
5.61077e-14
8.39141e-14
1.15798e-13
1.50263e-13
1.85666e-13
2.20481e-13
2.53337e-13
2.83213e-13
3.09338e-13
3.31194e-13
3.48631e-13
3.61685e-13
3.7056e-13
3.75433e-13
3.76726e-13
3.7493e-13
3.70425e-13
3.63862e-13
3.55452e-13
3.45471e-13
3.3425e-13
3.22082e-13
3.09229e-13
2.95917e-13
2.82368e-13
2.68771e-13
2.55257e-13
2.41996e-13
2.29056e-13
2.16507e-13
2.04397e-13
1.9276e-13
1.81611e-13
1.70955e-13
1.60783e-13
1.51082e-13
1.41829e-13
1.32998e-13
1.24559e-13
1.16479e-13
1.08723e-13
1.01253e-13
9.40323e-14
8.70472e-14
8.02872e-14
7.37379e-14
6.73875e-14
6.12283e-14
5.52578e-14
4.94808e-14
4.39086e-14
3.85598e-14
3.34593e-14
2.86381e-14
2.4132e-14
1.99791e-14
1.62166e-14
1.2876e-14
9.97836e-15
7.52879e-15
5.51282e-15
3.89522e-15
2.62326e-15
1.64374e-15
9.12497e-16
4.09409e-16
1.25069e-16
1.6977e-17
1.00705e-19
1.54672e-18
2.65095e-16
2.01152e-15
7.00092e-15
1.67185e-14
3.1827e-14
5.20125e-14
7.62202e-14
1.03014e-13
1.30856e-13
1.58263e-13
1.84076e-13
2.07417e-13
2.2779e-13
2.44988e-13
2.59004e-13
2.69883e-13
2.77763e-13
2.82861e-13
2.85512e-13
2.85961e-13
2.84451e-13
2.81182e-13
2.76382e-13
2.70438e-13
2.63472e-13
2.55702e-13
2.47339e-13
2.38552e-13
2.29516e-13
2.20319e-13
2.1102e-13
2.01698e-13
1.92454e-13
1.83318e-13
1.7434e-13
1.65559e-13
1.57004e-13
1.48695e-13
1.40647e-13
1.32865e-13
1.25352e-13
1.18104e-13
1.11112e-13
1.04368e-13
9.78557e-14
9.15602e-14
8.54608e-14
7.95332e-14
7.37765e-14
6.81854e-14
6.27547e-14
5.74799e-14
5.23575e-14
4.7387e-14
4.25711e-14
3.79168e-14
3.34357e-14
2.91447e-14
2.50658e-14
2.12258e-14
1.76556e-14
1.43877e-14
1.14535e-14
8.87922e-15
6.68105e-15
4.8608e-15
3.40228e-15
2.27076e-15
1.4175e-15
7.91779e-16
3.59011e-16
1.10705e-16
1.50266e-17
8.9075e-20
1.46807e-18
2.51528e-16
1.89703e-15
6.50251e-15
1.51604e-14
2.79901e-14
4.42036e-14
6.25977e-14
8.17804e-14
1.00552e-13
1.18026e-13
1.33681e-13
1.47324e-13
1.58908e-13
1.68479e-13
1.76153e-13
1.8207e-13
1.86397e-13
1.89297e-13
1.90868e-13
1.91245e-13
1.90548e-13
1.88885e-13
1.86364e-13
1.83141e-13
1.79376e-13
1.75008e-13
1.70223e-13
1.65097e-13
1.59696e-13
1.5406e-13
1.483e-13
1.42475e-13
1.36613e-13
1.30753e-13
1.24927e-13
1.19163e-13
1.13483e-13
1.07903e-13
1.02438e-13
9.70964e-14
9.18853e-14
8.68079e-14
8.18653e-14
7.70565e-14
7.23791e-14
6.78303e-14
6.34086e-14
5.91176e-14
5.495e-14
5.09e-14
4.69633e-14
4.31363e-14
3.94165e-14
3.58029e-14
3.2296e-14
2.88985e-14
2.56158e-14
2.24567e-14
1.94337e-14
1.65637e-14
1.38677e-14
1.13704e-14
9.09855e-15
7.07835e-15
5.33148e-15
3.87054e-15
2.69449e-15
1.78563e-15
1.11004e-15
6.24203e-16
2.89048e-16
9.10847e-17
1.24464e-17
7.38328e-20
1.31046e-18
2.2332e-16
1.64851e-15
5.42853e-15
1.19937e-14
2.0854e-14
3.11341e-14
4.17994e-14
5.20831e-14
6.15046e-14
6.98482e-14
7.70934e-14
8.32799e-14
8.84801e-14
9.2775e-14
9.62448e-14
9.8965e-14
1.01006e-13
1.02435e-13
1.03317e-13
1.03687e-13
1.03576e-13
1.03018e-13
1.02049e-13
1.00735e-13
9.91644e-14
9.72337e-14
9.50551e-14
9.2653e-14
9.00566e-14
8.73332e-14
8.44905e-14
8.15582e-14
7.85613e-14
7.55219e-14
7.24593e-14
6.93906e-14
6.63305e-14
6.32914e-14
6.02841e-14
5.73175e-14
5.43988e-14
5.15338e-14
4.87267e-14
4.59809e-14
4.32983e-14
4.06806e-14
3.81298e-14
3.56473e-14
3.3231e-14
3.08788e-14
2.85889e-14
2.63596e-14
2.41896e-14
2.20777e-14
2.00235e-14
1.8027e-14
1.60896e-14
1.42143e-14
1.24058e-14
1.06717e-14
9.02256e-15
7.47227e-15
6.03788e-15
4.73848e-15
3.59322e-15
2.61802e-15
1.82162e-15
1.20188e-15
7.43695e-16
4.20527e-16
2.01017e-16
6.63323e-17
9.31104e-18
5.55099e-20
1.02172e-18
1.69866e-16
1.16873e-15
3.46364e-15
6.8273e-15
1.07454e-14
1.47164e-14
1.8444e-14
2.18009e-14
2.47607e-14
2.73373e-14
2.95597e-14
3.14661e-14
3.30887e-14
3.44539e-14
3.55837e-14
3.6496e-14
3.7207e-14
3.77313e-14
3.80822e-14
3.82702e-14
3.8304e-14
3.81917e-14
3.79392e-14
3.75946e-14
3.71417e-14
3.65619e-14
3.58754e-14
3.51212e-14
3.4295e-14
3.3407e-14
3.24667e-14
3.1483e-14
3.04644e-14
2.94186e-14
2.83527e-14
2.72731e-14
2.61854e-14
2.50948e-14
2.40057e-14
2.29221e-14
2.18473e-14
2.07841e-14
1.9735e-14
1.87015e-14
1.76849e-14
1.66861e-14
1.57064e-14
1.47469e-14
1.38082e-14
1.28907e-14
1.19943e-14
1.11188e-14
1.02639e-14
9.42919e-15
8.61416e-15
7.81847e-15
7.04199e-15
6.28493e-15
5.54813e-15
4.83332e-15
4.14347e-15
3.48318e-15
2.85894e-15
2.27919e-15
1.75392e-15
1.29356e-15
9.07122e-16
5.9965e-16
3.69923e-16
2.09353e-16
1.03771e-16
3.77244e-17
5.76962e-18
3.51757e-20
5.74809e-19
8.38658e-17
4.4273e-16
1.00309e-15
1.62498e-15
2.21988e-15
2.75868e-15
3.23835e-15
3.66385e-15
4.04168e-15
4.37797e-15
4.67679e-15
4.94089e-15
5.17273e-15
5.37428e-15
5.54713e-15
5.6926e-15
5.81192e-15
5.90626e-15
5.97676e-15
6.02445e-15
6.05022e-15
6.05476e-15
6.038e-15
6.01011e-15
5.96323e-15
5.89517e-15
5.81451e-15
5.72035e-15
5.61397e-15
5.49668e-15
5.36974e-15
5.23439e-15
5.09182e-15
4.94316e-15
4.78946e-15
4.63172e-15
4.47085e-15
4.30768e-15
4.14298e-15
3.97743e-15
3.81165e-15
3.64617e-15
3.48144e-15
3.31773e-15
3.15461e-15
2.99232e-15
2.83154e-15
2.67282e-15
2.51653e-15
2.36288e-15
2.21201e-15
2.06398e-15
1.91879e-15
1.77638e-15
1.63668e-15
1.49958e-15
1.36496e-15
1.23273e-15
1.10281e-15
9.75245e-16
8.5024e-16
7.28246e-16
6.10084e-16
4.97058e-16
3.91031e-16
2.944e-16
2.09871e-16
1.39942e-16
8.61373e-17
4.82263e-17
2.39051e-17
9.54806e-18
1.9682e-18
1.47894e-20
9.40607e-20
2.79545e-18
5.7842e-18
8.93684e-18
1.20402e-17
1.4978e-17
1.77059e-17
2.0218e-17
2.25239e-17
2.46366e-17
2.65693e-17
2.83325e-17
2.99336e-17
3.13776e-17
3.26684e-17
3.38093e-17
3.48029e-17
3.56521e-17
3.636e-17
3.69303e-17
3.73666e-17
3.76727e-17
3.78515e-17
3.79023e-17
3.78592e-17
3.77189e-17
3.74563e-17
3.70977e-17
3.66498e-17
3.61194e-17
3.55136e-17
3.48394e-17
3.41039e-17
3.33141e-17
3.24765e-17
3.15977e-17
3.06838e-17
2.97407e-17
2.87738e-17
2.77881e-17
2.67884e-17
2.57788e-17
2.47634e-17
2.37455e-17
2.27289e-17
2.17209e-17
2.07218e-17
1.97306e-17
1.87479e-17
1.77751e-17
1.68134e-17
1.58637e-17
1.49267e-17
1.40026e-17
1.30914e-17
1.21928e-17
1.13061e-17
1.04305e-17
9.56482e-18
8.70815e-18
7.85955e-18
7.01858e-18
6.1858e-18
5.36339e-18
4.55602e-18
3.77182e-18
3.02322e-18
2.32707e-18
1.7035e-18
1.17263e-18
7.49317e-19
4.37402e-19
2.26668e-19
9.47709e-20
4.44089e-21
)
;

boundaryField
{
    movingWall
    {
        type            nutkWallFunction;
        Cmu             0.09;
        kappa           0.41;
        E               9.8;
        value           uniform 0;
    }
    fixedWalls
    {
        type            nutkWallFunction;
        Cmu             0.09;
        kappa           0.41;
        E               9.8;
        value           uniform 0;
    }
    frontAndBack
    {
        type            empty;
    }
}


// ************************************************************************* //
