/*--------------------------------*- C++ -*----------------------------------*\
  =========                 |
  \\      /  F ield         | OpenFOAM: The Open Source CFD Toolbox
   \\    /   O peration     | Website:  https://openfoam.org
    \\  /    A nd           | Version:  12
     \\/     M anipulation  |
\*---------------------------------------------------------------------------*/
FoamFile
{
    format      ascii;
    class       volScalarField;
    location    "6.5";
    object      nut;
}
// * * * * * * * * * * * * * * * * * * * * * * * * * * * * * * * * * * * * * //

dimensions      [0 2 -1 0 0 0 0];

internalField   nonuniform List<scalar> 
5625
(
4.44089e-21
4.44089e-21
4.44089e-21
4.44089e-21
4.44089e-21
4.44089e-21
4.44089e-21
4.44089e-21
4.44089e-21
4.44089e-21
4.44089e-21
4.44089e-21
4.44089e-21
4.44089e-21
4.44089e-21
4.44089e-21
4.44089e-21
4.44089e-21
4.44089e-21
4.44089e-21
4.44089e-21
4.44089e-21
4.44089e-21
4.44089e-21
4.44089e-21
4.44089e-21
4.44089e-21
4.44089e-21
4.44089e-21
4.44089e-21
4.44089e-21
4.44089e-21
4.44089e-21
4.44089e-21
4.44089e-21
4.44089e-21
4.44089e-21
4.44089e-21
4.44089e-21
4.44089e-21
4.44089e-21
4.44089e-21
4.44089e-21
4.44089e-21
4.44089e-21
4.44089e-21
4.44089e-21
4.44089e-21
4.44089e-21
4.44089e-21
4.44089e-21
4.44089e-21
4.44089e-21
4.44089e-21
4.44089e-21
4.44089e-21
4.44089e-21
4.44089e-21
4.44089e-21
4.44089e-21
4.44089e-21
4.44089e-21
4.44089e-21
4.44089e-21
4.44089e-21
4.44089e-21
4.44089e-21
4.44089e-21
4.44089e-21
4.44089e-21
4.44089e-21
4.44089e-21
4.44089e-21
4.44089e-21
4.44089e-21
4.44089e-21
1.53754e-20
2.03398e-20
2.12076e-20
2.13498e-20
2.13782e-20
2.13851e-20
2.1387e-20
2.13874e-20
2.13874e-20
2.13872e-20
2.1387e-20
2.13868e-20
2.13866e-20
2.13864e-20
2.13863e-20
2.13862e-20
2.13861e-20
2.13861e-20
2.13861e-20
2.13861e-20
2.13862e-20
2.13863e-20
2.13864e-20
2.13865e-20
2.13867e-20
2.13869e-20
2.13871e-20
2.13873e-20
2.13876e-20
2.13879e-20
2.13882e-20
2.13885e-20
2.13889e-20
2.13893e-20
2.13897e-20
2.13901e-20
2.13905e-20
2.13908e-20
2.13911e-20
2.13913e-20
2.13915e-20
2.13918e-20
2.1392e-20
2.13922e-20
2.13924e-20
2.13926e-20
2.13928e-20
2.1393e-20
2.13931e-20
2.13932e-20
2.13933e-20
2.13934e-20
2.13934e-20
2.13934e-20
2.13933e-20
2.13933e-20
2.13932e-20
2.13931e-20
2.13929e-20
2.13927e-20
2.13925e-20
2.13923e-20
2.1392e-20
2.13917e-20
2.13912e-20
2.13906e-20
2.13895e-20
2.13869e-20
2.13791e-20
2.13498e-20
2.12069e-20
2.03392e-20
1.53754e-20
4.44089e-21
4.44089e-21
2.03396e-20
4.13776e-20
5.23805e-20
5.59095e-20
5.69433e-20
5.72667e-20
5.73781e-20
5.74197e-20
5.7436e-20
5.74422e-20
5.74442e-20
5.74444e-20
5.74439e-20
5.74432e-20
5.74425e-20
5.74419e-20
5.74416e-20
5.74414e-20
5.74414e-20
5.74417e-20
5.74422e-20
5.7443e-20
5.74439e-20
5.74452e-20
5.74466e-20
5.74483e-20
5.74502e-20
5.74523e-20
5.74547e-20
5.74573e-20
5.74602e-20
5.74632e-20
5.74665e-20
5.74699e-20
5.74736e-20
5.74773e-20
5.74811e-20
5.74845e-20
5.74877e-20
5.74909e-20
5.74941e-20
5.74973e-20
5.75004e-20
5.75033e-20
5.75062e-20
5.75088e-20
5.75112e-20
5.75133e-20
5.75151e-20
5.75166e-20
5.75178e-20
5.75186e-20
5.75189e-20
5.75189e-20
5.75184e-20
5.75175e-20
5.75162e-20
5.75143e-20
5.75121e-20
5.75092e-20
5.75058e-20
5.75014e-20
5.74958e-20
5.74877e-20
5.7475e-20
5.74518e-20
5.74029e-20
5.7284e-20
5.69532e-20
5.59127e-20
5.23798e-20
4.13773e-20
2.03399e-20
4.44089e-21
4.44089e-21
2.12077e-20
5.2383e-20
8.3213e-20
1.0131e-19
1.09293e-19
1.12525e-19
1.13849e-19
1.14415e-19
1.14669e-19
1.14787e-19
1.14843e-19
1.14869e-19
1.14881e-19
1.14886e-19
1.14887e-19
1.14887e-19
1.14887e-19
1.14888e-19
1.14889e-19
1.14891e-19
1.14894e-19
1.14898e-19
1.14903e-19
1.1491e-19
1.14917e-19
1.14926e-19
1.14936e-19
1.14947e-19
1.14959e-19
1.14973e-19
1.14988e-19
1.15003e-19
1.1502e-19
1.15038e-19
1.15056e-19
1.15075e-19
1.15095e-19
1.15113e-19
1.15132e-19
1.15151e-19
1.15169e-19
1.15187e-19
1.15205e-19
1.15222e-19
1.15238e-19
1.15253e-19
1.15266e-19
1.15278e-19
1.15289e-19
1.15297e-19
1.15303e-19
1.15308e-19
1.15309e-19
1.15309e-19
1.15305e-19
1.15299e-19
1.1529e-19
1.15278e-19
1.15261e-19
1.1524e-19
1.15211e-19
1.15173e-19
1.15116e-19
1.15026e-19
1.14872e-19
1.14579e-19
1.13971e-19
1.12607e-19
1.09336e-19
1.01323e-19
8.32127e-20
5.23827e-20
2.12079e-20
4.44089e-21
4.44089e-21
2.13507e-20
5.59184e-20
1.01334e-19
1.41373e-19
1.67063e-19
1.80752e-19
1.8752e-19
1.90827e-19
1.92469e-19
1.93305e-19
1.9374e-19
1.93971e-19
1.94094e-19
1.94161e-19
1.94197e-19
1.94217e-19
1.94229e-19
1.94239e-19
1.94248e-19
1.94259e-19
1.94272e-19
1.94288e-19
1.94308e-19
1.94331e-19
1.94358e-19
1.94389e-19
1.94424e-19
1.94464e-19
1.94507e-19
1.94554e-19
1.94605e-19
1.9466e-19
1.94718e-19
1.94779e-19
1.94843e-19
1.9491e-19
1.94977e-19
1.95045e-19
1.95113e-19
1.95181e-19
1.95249e-19
1.95315e-19
1.95379e-19
1.95441e-19
1.95499e-19
1.95553e-19
1.95602e-19
1.95646e-19
1.95683e-19
1.95712e-19
1.95734e-19
1.95747e-19
1.95751e-19
1.95745e-19
1.95728e-19
1.95698e-19
1.95655e-19
1.95594e-19
1.95512e-19
1.954e-19
1.95244e-19
1.95016e-19
1.94669e-19
1.94103e-19
1.93126e-19
1.91333e-19
1.8787e-19
1.80952e-19
1.67139e-19
1.41377e-19
1.01323e-19
5.59154e-20
2.13506e-20
4.44089e-21
4.44089e-21
2.13799e-20
5.69606e-20
1.09362e-19
1.67172e-19
2.16025e-19
2.49514e-19
2.69656e-19
2.8102e-19
2.87294e-19
2.90762e-19
2.92699e-19
2.93796e-19
2.94426e-19
2.94791e-19
2.95008e-19
2.95139e-19
2.95223e-19
2.95281e-19
2.95328e-19
2.95372e-19
2.95418e-19
2.95469e-19
2.95527e-19
2.95594e-19
2.95671e-19
2.95757e-19
2.95854e-19
2.95961e-19
2.96079e-19
2.96208e-19
2.96346e-19
2.96494e-19
2.9665e-19
2.96815e-19
2.96987e-19
2.97164e-19
2.97345e-19
2.97529e-19
2.97714e-19
2.97899e-19
2.98082e-19
2.98261e-19
2.98435e-19
2.98601e-19
2.98757e-19
2.98901e-19
2.99031e-19
2.99145e-19
2.9924e-19
2.99314e-19
2.99366e-19
2.99392e-19
2.99389e-19
2.99356e-19
2.99286e-19
2.99174e-19
2.99011e-19
2.98782e-19
2.98465e-19
2.98022e-19
2.97387e-19
2.96446e-19
2.94997e-19
2.92669e-19
2.88777e-19
2.82061e-19
2.70267e-19
2.49757e-19
2.16033e-19
1.67107e-19
1.09324e-19
5.69525e-20
2.13794e-20
4.44089e-21
4.44089e-21
2.13876e-20
5.72926e-20
1.12644e-19
1.81031e-19
2.49839e-19
3.07235e-19
3.48556e-19
3.75534e-19
3.92209e-19
4.02261e-19
4.08276e-19
4.11883e-19
4.14061e-19
4.15389e-19
4.1621e-19
4.16727e-19
4.17064e-19
4.17295e-19
4.17469e-19
4.17615e-19
4.1775e-19
4.17888e-19
4.18036e-19
4.18199e-19
4.18381e-19
4.18583e-19
4.18808e-19
4.19055e-19
4.19325e-19
4.19618e-19
4.19932e-19
4.20267e-19
4.20621e-19
4.20992e-19
4.21378e-19
4.21777e-19
4.22185e-19
4.22598e-19
4.23014e-19
4.23429e-19
4.23838e-19
4.24238e-19
4.24624e-19
4.24991e-19
4.25335e-19
4.2565e-19
4.25931e-19
4.26173e-19
4.2637e-19
4.26517e-19
4.26605e-19
4.2663e-19
4.2658e-19
4.26446e-19
4.26211e-19
4.25854e-19
4.25342e-19
4.24626e-19
4.23628e-19
4.22221e-19
4.20202e-19
4.17229e-19
4.12728e-19
4.05738e-19
3.94664e-19
3.7699e-19
3.49147e-19
3.07238e-19
2.49609e-19
1.80844e-19
1.1257e-19
5.72783e-20
2.13866e-20
4.44089e-21
4.44089e-21
2.13903e-20
5.74124e-20
1.14017e-19
1.8799e-19
2.70459e-19
3.49325e-19
4.15026e-19
4.64082e-19
4.98015e-19
5.20402e-19
5.34794e-19
5.43939e-19
5.49732e-19
5.53413e-19
5.55769e-19
5.57296e-19
5.58309e-19
5.59007e-19
5.59515e-19
5.59917e-19
5.60265e-19
5.60595e-19
5.60929e-19
5.61282e-19
5.61665e-19
5.62084e-19
5.62544e-19
5.63045e-19
5.63589e-19
5.64176e-19
5.64804e-19
5.65472e-19
5.66176e-19
5.66912e-19
5.67676e-19
5.68463e-19
5.69267e-19
5.70081e-19
5.70897e-19
5.71709e-19
5.72509e-19
5.73287e-19
5.74035e-19
5.74742e-19
5.75398e-19
5.75993e-19
5.76516e-19
5.76953e-19
5.77294e-19
5.77522e-19
5.77621e-19
5.77575e-19
5.77356e-19
5.76934e-19
5.76264e-19
5.75286e-19
5.73909e-19
5.72e-19
5.69353e-19
5.65653e-19
5.60405e-19
5.52837e-19
5.4175e-19
5.25324e-19
5.00949e-19
4.65282e-19
4.14989e-19
3.48712e-19
2.69851e-19
1.8765e-19
1.13903e-19
5.73911e-20
2.13887e-20
4.44089e-21
4.44089e-21
2.13914e-20
5.74621e-20
1.14631e-19
1.91486e-19
2.82358e-19
3.77387e-19
4.65642e-19
5.39376e-19
5.95947e-19
6.36736e-19
6.64953e-19
6.83983e-19
6.96642e-19
7.05014e-19
7.10554e-19
7.14245e-19
7.16738e-19
7.18466e-19
7.19715e-19
7.20672e-19
7.21464e-19
7.22174e-19
7.2286e-19
7.23557e-19
7.24291e-19
7.25079e-19
7.25931e-19
7.26853e-19
7.27847e-19
7.28914e-19
7.30051e-19
7.31256e-19
7.32523e-19
7.33844e-19
7.35213e-19
7.36618e-19
7.38049e-19
7.39495e-19
7.40942e-19
7.42376e-19
7.43782e-19
7.45143e-19
7.46442e-19
7.47661e-19
7.4878e-19
7.49777e-19
7.50632e-19
7.51318e-19
7.51809e-19
7.52069e-19
7.52071e-19
7.51765e-19
7.51094e-19
7.49981e-19
7.48326e-19
7.45984e-19
7.42752e-19
7.38332e-19
7.32287e-19
7.23976e-19
7.1245e-19
6.96335e-19
6.73692e-19
6.41947e-19
5.98057e-19
5.39199e-19
4.64267e-19
3.75855e-19
2.81295e-19
1.90983e-19
1.14474e-19
5.74334e-20
2.13892e-20
4.44089e-21
4.44089e-21
2.13921e-20
5.74858e-20
1.14929e-19
1.93305e-19
2.89163e-19
3.95278e-19
5.017e-19
5.98778e-19
6.80179e-19
7.43892e-19
7.91231e-19
8.25136e-19
8.48837e-19
8.65168e-19
8.76342e-19
8.83988e-19
8.89257e-19
8.9295e-19
8.95617e-19
8.97632e-19
8.9925e-19
9.00647e-19
9.01941e-19
9.03213e-19
9.04516e-19
9.05886e-19
9.07347e-19
9.08913e-19
9.1059e-19
9.12381e-19
9.14282e-19
9.16289e-19
9.18392e-19
9.2058e-19
9.22838e-19
9.25151e-19
9.275e-19
9.29865e-19
9.32222e-19
9.34547e-19
9.36814e-19
9.38995e-19
9.41058e-19
9.42972e-19
9.447e-19
9.46204e-19
9.47443e-19
9.48369e-19
9.48925e-19
9.49057e-19
9.4869e-19
9.47728e-19
9.46054e-19
9.43512e-19
9.39895e-19
9.34918e-19
9.28187e-19
9.19147e-19
9.07021e-19
8.90728e-19
8.68782e-19
8.39216e-19
7.99584e-19
7.47172e-19
6.7961e-19
5.96011e-19
4.9841e-19
3.92653e-19
2.87617e-19
1.92636e-19
1.14729e-19
5.74498e-20
2.13891e-20
4.44089e-21
4.44089e-21
2.13925e-20
5.7499e-20
1.15087e-19
1.94303e-19
2.93128e-19
4.06548e-19
5.26473e-19
6.43313e-19
7.4861e-19
8.37151e-19
9.0744e-19
9.60797e-19
9.99991e-19
1.02813e-18
1.04806e-18
1.06207e-18
1.07193e-18
1.07894e-18
1.08402e-18
1.08784e-18
1.09085e-18
1.09338e-18
1.09565e-18
1.09782e-18
1.09998e-18
1.10221e-18
1.10456e-18
1.10705e-18
1.10969e-18
1.1125e-18
1.11547e-18
1.1186e-18
1.12186e-18
1.12524e-18
1.12872e-18
1.13228e-18
1.13587e-18
1.13947e-18
1.14305e-18
1.14655e-18
1.14994e-18
1.15318e-18
1.1562e-18
1.15896e-18
1.1614e-18
1.16344e-18
1.16502e-18
1.16605e-18
1.16643e-18
1.16607e-18
1.16481e-18
1.16249e-18
1.15888e-18
1.15372e-18
1.14663e-18
1.13711e-18
1.12451e-18
1.10795e-18
1.08624e-18
1.05786e-18
1.02088e-18
9.73038e-19
9.11956e-19
8.3566e-19
7.43451e-19
6.36969e-19
5.20917e-19
4.02759e-19
2.91097e-19
1.93471e-19
1.14846e-19
5.74556e-20
2.13889e-20
4.44089e-21
4.44089e-21
2.13929e-20
5.75075e-20
1.1518e-19
1.94886e-19
2.95519e-19
4.1371e-19
5.43277e-19
6.75729e-19
8.02029e-19
9.14781e-19
1.00969e-18
1.08574e-18
1.14433e-18
1.18815e-18
1.22025e-18
1.24346e-18
1.26015e-18
1.2722e-18
1.28101e-18
1.28762e-18
1.29278e-18
1.29704e-18
1.30077e-18
1.30424e-18
1.30762e-18
1.31105e-18
1.3146e-18
1.31833e-18
1.32227e-18
1.32643e-18
1.33081e-18
1.3354e-18
1.34016e-18
1.34509e-18
1.35014e-18
1.35528e-18
1.36044e-18
1.3656e-18
1.37068e-18
1.37562e-18
1.38037e-18
1.38483e-18
1.38894e-18
1.39261e-18
1.39573e-18
1.39821e-18
1.39991e-18
1.4007e-18
1.40044e-18
1.39893e-18
1.39592e-18
1.39115e-18
1.38425e-18
1.37477e-18
1.36213e-18
1.34558e-18
1.32416e-18
1.29665e-18
1.2615e-18
1.21691e-18
1.16081e-18
1.09115e-18
1.00629e-18
9.05695e-19
7.90716e-19
6.65172e-19
5.35295e-19
4.0875e-19
2.93013e-19
1.93894e-19
1.14898e-19
5.74567e-20
2.13886e-20
4.44089e-21
4.44089e-21
2.13932e-20
5.75136e-20
1.1524e-19
1.95249e-19
2.97024e-19
4.18366e-19
5.54715e-19
6.99033e-19
8.42719e-19
9.77359e-19
1.09651e-18
1.19671e-18
1.2774e-18
1.34014e-18
1.38766e-18
1.42298e-18
1.44895e-18
1.468e-18
1.48208e-18
1.49267e-18
1.50091e-18
1.50761e-18
1.51337e-18
1.51861e-18
1.52362e-18
1.52862e-18
1.53373e-18
1.53905e-18
1.54461e-18
1.55046e-18
1.55658e-18
1.56296e-18
1.56957e-18
1.57636e-18
1.5833e-18
1.59032e-18
1.59734e-18
1.6043e-18
1.6111e-18
1.61766e-18
1.62387e-18
1.62962e-18
1.6348e-18
1.63926e-18
1.64287e-18
1.64546e-18
1.64681e-18
1.64678e-18
1.64509e-18
1.64143e-18
1.63546e-18
1.62675e-18
1.61477e-18
1.59886e-18
1.57821e-18
1.55181e-18
1.51842e-18
1.47655e-18
1.42452e-18
1.36047e-18
1.28266e-18
1.18971e-18
1.08124e-18
9.58363e-19
8.24198e-19
6.83938e-19
5.44271e-19
4.12255e-19
2.94056e-19
1.94102e-19
1.14917e-19
5.74557e-20
2.13883e-20
4.44089e-21
4.44089e-21
2.13935e-20
5.75185e-20
1.15283e-19
1.95493e-19
2.98019e-19
4.21486e-19
5.62613e-19
7.15783e-19
8.73341e-19
1.02676e-18
1.16828e-18
1.29238e-18
1.39637e-18
1.48022e-18
1.54577e-18
1.5958e-18
1.63341e-18
1.66145e-18
1.6824e-18
1.69826e-18
1.71056e-18
1.72048e-18
1.72889e-18
1.73641e-18
1.74348e-18
1.75042e-18
1.75743e-18
1.76464e-18
1.77214e-18
1.77997e-18
1.78812e-18
1.79657e-18
1.80529e-18
1.81421e-18
1.82327e-18
1.83236e-18
1.84141e-18
1.85029e-18
1.85889e-18
1.86707e-18
1.87469e-18
1.88159e-18
1.8876e-18
1.89253e-18
1.89616e-18
1.89823e-18
1.89855e-18
1.89678e-18
1.89255e-18
1.88544e-18
1.87497e-18
1.86054e-18
1.84145e-18
1.81683e-18
1.78565e-18
1.74671e-18
1.69858e-18
1.63971e-18
1.56847e-18
1.48335e-18
1.38323e-18
1.26778e-18
1.13793e-18
9.96249e-19
8.47037e-19
6.96051e-19
5.4974e-19
4.14257e-19
2.94602e-19
1.94194e-19
1.14919e-19
5.74534e-20
2.13879e-20
4.44089e-21
4.44089e-21
2.13937e-20
5.75226e-20
1.15315e-19
1.95668e-19
2.9871e-19
4.23651e-19
5.68182e-19
7.27925e-19
8.96324e-19
1.06529e-18
1.22651e-18
1.37297e-18
1.50005e-18
1.60591e-18
1.69111e-18
1.75782e-18
1.809e-18
1.84781e-18
1.87713e-18
1.89946e-18
1.91679e-18
1.9307e-18
1.94235e-18
1.95262e-18
1.96214e-18
1.97134e-18
1.98053e-18
1.9899e-18
1.99957e-18
2.00958e-18
2.01995e-18
2.03066e-18
2.04163e-18
2.05279e-18
2.06405e-18
2.07527e-18
2.08633e-18
2.09707e-18
2.10733e-18
2.11692e-18
2.12566e-18
2.13331e-18
2.13967e-18
2.14445e-18
2.14734e-18
2.1481e-18
2.14636e-18
2.14166e-18
2.13356e-18
2.12149e-18
2.10484e-18
2.08286e-18
2.05468e-18
2.01927e-18
1.97547e-18
1.92195e-18
1.8573e-18
1.78008e-18
1.68898e-18
1.58304e-18
1.46198e-18
1.32656e-18
1.17883e-18
1.02235e-18
8.62023e-19
7.0359e-19
5.52942e-19
4.15336e-19
2.94856e-19
1.94218e-19
1.14912e-19
5.74505e-20
2.13875e-20
4.44089e-21
4.44089e-21
2.1394e-20
5.75263e-20
1.15342e-19
1.95801e-19
2.99216e-19
4.25209e-19
5.72208e-19
7.36846e-19
9.13637e-19
1.0952e-18
1.27319e-18
1.43967e-18
1.58849e-18
1.71606e-18
1.82146e-18
1.90591e-18
1.97198e-18
2.02284e-18
2.06172e-18
2.09152e-18
2.11469e-18
2.1332e-18
2.14859e-18
2.16199e-18
2.17424e-18
2.18594e-18
2.1975e-18
2.20917e-18
2.22111e-18
2.2334e-18
2.24605e-18
2.25902e-18
2.27223e-18
2.28558e-18
2.29893e-18
2.31211e-18
2.32496e-18
2.33726e-18
2.3488e-18
2.35935e-18
2.36864e-18
2.37641e-18
2.38235e-18
2.3861e-18
2.38735e-18
2.38572e-18
2.38069e-18
2.37176e-18
2.35837e-18
2.33985e-18
2.31547e-18
2.28435e-18
2.24553e-18
2.19788e-18
2.14021e-18
2.07122e-18
1.98962e-18
1.89428e-18
1.78435e-18
1.65953e-18
1.52038e-18
1.36853e-18
1.20686e-18
1.03946e-18
8.7136e-19
7.0801e-19
5.54668e-19
4.15837e-19
2.94931e-19
1.94203e-19
1.149e-19
5.74471e-20
2.13871e-20
4.44089e-21
4.44089e-21
2.13942e-20
5.75297e-20
1.15365e-19
1.95907e-19
2.99602e-19
4.26373e-19
5.75194e-19
7.43511e-19
9.26777e-19
1.1184e-18
1.31032e-18
1.49416e-18
1.66263e-18
1.81062e-18
1.93572e-18
2.03804e-18
2.1195e-18
2.18312e-18
2.23225e-18
2.27015e-18
2.29968e-18
2.32322e-18
2.34264e-18
2.3594e-18
2.37454e-18
2.38882e-18
2.40278e-18
2.41675e-18
2.43093e-18
2.44542e-18
2.46023e-18
2.47532e-18
2.49057e-18
2.50584e-18
2.52096e-18
2.53573e-18
2.5499e-18
2.56323e-18
2.57544e-18
2.58624e-18
2.59532e-18
2.60234e-18
2.6069e-18
2.60866e-18
2.6072e-18
2.60196e-18
2.59243e-18
2.57801e-18
2.55808e-18
2.53189e-18
2.49862e-18
2.45735e-18
2.40708e-18
2.34668e-18
2.27501e-18
2.19092e-18
2.09337e-18
1.98158e-18
1.85523e-18
1.71463e-18
1.56101e-18
1.39663e-18
1.22482e-18
1.04986e-18
8.76672e-19
7.10292e-19
5.55415e-19
4.15967e-19
2.94894e-19
1.94163e-19
1.14883e-19
5.74434e-20
2.13867e-20
4.44089e-21
4.44089e-21
2.13944e-20
5.75327e-20
1.15385e-19
1.95996e-19
2.99909e-19
4.2727e-19
5.77466e-19
7.48577e-19
9.36844e-19
1.13643e-18
1.33972e-18
1.53822e-18
1.72385e-18
1.89029e-18
2.03377e-18
2.15321e-18
2.24978e-18
2.32613e-18
2.38565e-18
2.43183e-18
2.46788e-18
2.49657e-18
2.52011e-18
2.54023e-18
2.55822e-18
2.57502e-18
2.59126e-18
2.60737e-18
2.6236e-18
2.64005e-18
2.65674e-18
2.6736e-18
2.6905e-18
2.70726e-18
2.72364e-18
2.73941e-18
2.75426e-18
2.7679e-18
2.77999e-18
2.79019e-18
2.79814e-18
2.80343e-18
2.80567e-18
2.80444e-18
2.79912e-18
2.78921e-18
2.77412e-18
2.75325e-18
2.72589e-18
2.69129e-18
2.64862e-18
2.59695e-18
2.5353e-18
2.46266e-18
2.37799e-18
2.28033e-18
2.16895e-18
2.04345e-18
1.90393e-18
1.75118e-18
1.58688e-18
1.41366e-18
1.23504e-18
1.0553e-18
8.79106e-19
7.11097e-19
5.55506e-19
4.15849e-19
2.94782e-19
1.94104e-19
1.14863e-19
5.74394e-20
2.13862e-20
4.44089e-21
4.44089e-21
2.13946e-20
5.75356e-20
1.15402e-19
1.96072e-19
3.00161e-19
4.27983e-19
5.79236e-19
7.52491e-19
9.44633e-19
1.1505e-18
1.36294e-18
1.57353e-18
1.77373e-18
1.95626e-18
2.11618e-18
2.25129e-18
2.36195e-18
2.45037e-18
2.51983e-18
2.57399e-18
2.61635e-18
2.64999e-18
2.67745e-18
2.70073e-18
2.72136e-18
2.74042e-18
2.75868e-18
2.77662e-18
2.79455e-18
2.81258e-18
2.83073e-18
2.84889e-18
2.86691e-18
2.88456e-18
2.90157e-18
2.91762e-18
2.93239e-18
2.94552e-18
2.95663e-18
2.96532e-18
2.9712e-18
2.97392e-18
2.97298e-18
2.96775e-18
2.95771e-18
2.94232e-18
2.92099e-18
2.8931e-18
2.85797e-18
2.81486e-18
2.76295e-18
2.70141e-18
2.62932e-18
2.54582e-18
2.45001e-18
2.34115e-18
2.21876e-18
2.08274e-18
1.93351e-18
1.77222e-18
1.60079e-18
1.42201e-18
1.23941e-18
1.05713e-18
8.7951e-19
7.10876e-19
5.55139e-19
4.15557e-19
2.94615e-19
1.94033e-19
1.14841e-19
5.74351e-20
2.13858e-20
4.44089e-21
4.44089e-21
2.13948e-20
5.75383e-20
1.15419e-19
1.96138e-19
3.00374e-19
4.28563e-19
5.80642e-19
7.55559e-19
9.50709e-19
1.16149e-18
1.38121e-18
1.60159e-18
1.81383e-18
2.00993e-18
2.18399e-18
2.33282e-18
2.45599e-18
2.55525e-18
2.63373e-18
2.69513e-18
2.74319e-18
2.78129e-18
2.81223e-18
2.83828e-18
2.86115e-18
2.88209e-18
2.90196e-18
2.92133e-18
2.9405e-18
2.95964e-18
2.97871e-18
2.99762e-18
3.01615e-18
3.03404e-18
3.05097e-18
3.06657e-18
3.08047e-18
3.09228e-18
3.10158e-18
3.10793e-18
3.1111e-18
3.11057e-18
3.10561e-18
3.09574e-18
3.08042e-18
3.05913e-18
3.03131e-18
2.99635e-18
2.95365e-18
2.90252e-18
2.84221e-18
2.77195e-18
2.69096e-18
2.59845e-18
2.49377e-18
2.37635e-18
2.24595e-18
2.10269e-18
1.94721e-18
1.78079e-18
1.60544e-18
1.42388e-18
1.23954e-18
1.05634e-18
8.78436e-19
7.09905e-19
5.54438e-19
4.15136e-19
2.94407e-19
1.93951e-19
1.14817e-19
5.74304e-20
2.13853e-20
4.44089e-21
4.44089e-21
2.1395e-20
5.75407e-20
1.15433e-19
1.96197e-19
3.00555e-19
4.29043e-19
5.81776e-19
7.57991e-19
9.55478e-19
1.17008e-18
1.39551e-18
1.62367e-18
1.84558e-18
2.05275e-18
2.23849e-18
2.3988e-18
2.53255e-18
2.64103e-18
2.72717e-18
2.79473e-18
2.84762e-18
2.88943e-18
2.92323e-18
2.95149e-18
2.97609e-18
2.99842e-18
3.01942e-18
3.03972e-18
3.05965e-18
3.07936e-18
3.09882e-18
3.11789e-18
3.13633e-18
3.15382e-18
3.16999e-18
3.18445e-18
3.19678e-18
3.20657e-18
3.21338e-18
3.21689e-18
3.21697e-18
3.21253e-18
3.20314e-18
3.18831e-18
3.16757e-18
3.1404e-18
3.10627e-18
3.06467e-18
3.015e-18
2.95668e-18
2.88907e-18
2.81152e-18
2.72341e-18
2.62413e-18
2.51315e-18
2.39016e-18
2.2549e-18
2.10757e-18
1.94886e-18
1.78007e-18
1.60319e-18
1.42088e-18
1.23642e-18
1.05357e-18
8.76256e-19
7.08374e-19
5.53482e-19
4.14614e-19
2.94164e-19
1.93859e-19
1.14791e-19
5.74254e-20
2.13847e-20
4.44089e-21
4.44089e-21
2.13952e-20
5.7543e-20
1.15447e-19
1.96249e-19
3.00711e-19
4.29444e-19
5.827e-19
7.59931e-19
9.59229e-19
1.17679e-18
1.40662e-18
1.64079e-18
1.87025e-18
2.08611e-18
2.2811e-18
2.45055e-18
2.59273e-18
2.70855e-18
2.80079e-18
2.87321e-18
2.92984e-18
2.97447e-18
3.01037e-18
3.04018e-18
3.06594e-18
3.08912e-18
3.11075e-18
3.13149e-18
3.15168e-18
3.17146e-18
3.19079e-18
3.20949e-18
3.22729e-18
3.24382e-18
3.25868e-18
3.27143e-18
3.28164e-18
3.28891e-18
3.29296e-18
3.29365e-18
3.29e-18
3.28144e-18
3.2675e-18
3.24774e-18
3.2217e-18
3.18893e-18
3.14896e-18
3.10136e-18
3.04567e-18
2.98143e-18
2.90822e-18
2.82541e-18
2.73244e-18
2.62877e-18
2.51395e-18
2.38768e-18
2.24986e-18
2.10076e-18
1.94107e-18
1.77205e-18
1.59557e-18
1.41414e-18
1.23087e-18
1.04931e-18
8.73232e-19
7.06405e-19
5.52322e-19
4.14008e-19
2.9389e-19
1.93757e-19
1.14762e-19
5.742e-20
2.13841e-20
4.44089e-21
4.44089e-21
2.13953e-20
5.7545e-20
1.15459e-19
1.96295e-19
3.00846e-19
4.29782e-19
5.83456e-19
7.61482e-19
9.6217e-19
1.18197e-18
1.41512e-18
1.65382e-18
1.88894e-18
2.11132e-18
2.31324e-18
2.4895e-18
2.63795e-18
2.75918e-18
2.85584e-18
2.9317e-18
2.9909e-18
3.03738e-18
3.07458e-18
3.10527e-18
3.13159e-18
3.15511e-18
3.17688e-18
3.19758e-18
3.21759e-18
3.23701e-18
3.25577e-18
3.27368e-18
3.2904e-18
3.30555e-18
3.31868e-18
3.32933e-18
3.33706e-18
3.34163e-18
3.34318e-18
3.34056e-18
3.33314e-18
3.32049e-18
3.30216e-18
3.27777e-18
3.24695e-18
3.20939e-18
3.16464e-18
3.11232e-18
3.05205e-18
2.98344e-18
2.90604e-18
2.81941e-18
2.72311e-18
2.61671e-18
2.49984e-18
2.37225e-18
2.23388e-18
2.08497e-18
1.92615e-18
1.75857e-18
1.58394e-18
1.4046e-18
1.22347e-18
1.0439e-18
8.69543e-19
7.04082e-19
5.5099e-19
4.13326e-19
2.93588e-19
1.93646e-19
1.14731e-19
5.74141e-20
2.13835e-20
4.44089e-21
4.44089e-21
2.13954e-20
5.75468e-20
1.15469e-19
1.96335e-19
3.00962e-19
4.30065e-19
5.84073e-19
7.62714e-19
9.64452e-19
1.18591e-18
1.42148e-18
1.66344e-18
1.90258e-18
2.12953e-18
2.33624e-18
2.51716e-18
2.66978e-18
2.79453e-18
2.89395e-18
2.97185e-18
3.03247e-18
3.07987e-18
3.11759e-18
3.14851e-18
3.17486e-18
3.19822e-18
3.2197e-18
3.24e-18
3.25943e-18
3.27813e-18
3.296e-18
3.3128e-18
3.32817e-18
3.34166e-18
3.35282e-18
3.36114e-18
3.36624e-18
3.36873e-18
3.36743e-18
3.36157e-18
3.35071e-18
3.33442e-18
3.31233e-18
3.28408e-18
3.24935e-18
3.20779e-18
3.15909e-18
3.10296e-18
3.03909e-18
2.96717e-18
2.88687e-18
2.79783e-18
2.6997e-18
2.5921e-18
2.47474e-18
2.34738e-18
2.20996e-18
2.06266e-18
1.90604e-18
1.74109e-18
1.56935e-18
1.39297e-18
1.21464e-18
1.03758e-18
8.65313e-19
7.01458e-19
5.49504e-19
4.12573e-19
2.93257e-19
1.93525e-19
1.14697e-19
5.74078e-20
2.13828e-20
4.44089e-21
4.44089e-21
2.13956e-20
5.75485e-20
1.15479e-19
1.9637e-19
3.01061e-19
4.303e-19
5.84571e-19
7.6368e-19
9.66188e-19
1.18882e-18
1.42606e-18
1.67019e-18
1.91194e-18
2.14177e-18
2.35139e-18
2.53498e-18
2.68985e-18
2.81635e-18
2.917e-18
2.99565e-18
3.05663e-18
3.10408e-18
3.14163e-18
3.17223e-18
3.19813e-18
3.22097e-18
3.24184e-18
3.2614e-18
3.28001e-18
3.29778e-18
3.31444e-18
3.32993e-18
3.34378e-18
3.3555e-18
3.36457e-18
3.37051e-18
3.37357e-18
3.37398e-18
3.37004e-18
3.36133e-18
3.34746e-18
3.32805e-18
3.30277e-18
3.27129e-18
3.23333e-18
3.18862e-18
3.13692e-18
3.07799e-18
3.01159e-18
2.9375e-18
2.85545e-18
2.76517e-18
2.66636e-18
2.55872e-18
2.44199e-18
2.31595e-18
2.18051e-18
2.03581e-18
1.88227e-18
1.72075e-18
1.5526e-18
1.37975e-18
1.20472e-18
1.03054e-18
8.60629e-19
6.9857e-19
5.47878e-19
4.11752e-19
2.92896e-19
1.93394e-19
1.1466e-19
5.74009e-20
2.13821e-20
4.44089e-21
4.44089e-21
2.13957e-20
5.75499e-20
1.15487e-19
1.964e-19
3.01143e-19
4.30491e-19
5.84965e-19
7.64415e-19
9.67459e-19
1.19087e-18
1.42914e-18
1.67453e-18
1.91768e-18
2.14892e-18
2.3598e-18
2.54434e-18
2.69983e-18
2.82641e-18
2.92691e-18
3.00518e-18
3.06558e-18
3.11235e-18
3.14916e-18
3.17898e-18
3.20409e-18
3.22611e-18
3.24614e-18
3.26482e-18
3.28247e-18
3.29916e-18
3.31472e-18
3.32888e-18
3.34117e-18
3.35106e-18
3.35805e-18
3.36185e-18
3.36349e-18
3.36153e-18
3.35519e-18
3.34403e-18
3.32766e-18
3.30573e-18
3.27792e-18
3.24395e-18
3.20358e-18
3.15659e-18
3.10278e-18
3.04198e-18
2.974e-18
2.89866e-18
2.81579e-18
2.72515e-18
2.62653e-18
2.51967e-18
2.40433e-18
2.28031e-18
2.1475e-18
2.00598e-18
1.85606e-18
1.69844e-18
1.5343e-18
1.36536e-18
1.19394e-18
1.0229e-18
8.55553e-19
6.95444e-19
5.46117e-19
4.10864e-19
2.92507e-19
1.93252e-19
1.1462e-19
5.73934e-20
2.13813e-20
4.44089e-21
4.44089e-21
2.13958e-20
5.75511e-20
1.15493e-19
1.96425e-19
3.0121e-19
4.30642e-19
5.85264e-19
7.64949e-19
9.68328e-19
1.19217e-18
1.43095e-18
1.67683e-18
1.92034e-18
2.15173e-18
2.36247e-18
2.54656e-18
2.70128e-18
2.82696e-18
2.92639e-18
3.0035e-18
3.06272e-18
3.10833e-18
3.14402e-18
3.17278e-18
3.19686e-18
3.21787e-18
3.23688e-18
3.25451e-18
3.27104e-18
3.28649e-18
3.30068e-18
3.31328e-18
3.32383e-18
3.33175e-18
3.33661e-18
3.33869e-18
3.33893e-18
3.3351e-18
3.32684e-18
3.31373e-18
3.29542e-18
3.27158e-18
3.24192e-18
3.2062e-18
3.1642e-18
3.11572e-18
3.06062e-18
2.99874e-18
2.92996e-18
2.85414e-18
2.77114e-18
2.6808e-18
2.58295e-18
2.47738e-18
2.36389e-18
2.24228e-18
2.11244e-18
1.97439e-18
1.82834e-18
1.67486e-18
1.51494e-18
1.35012e-18
1.18249e-18
1.01477e-18
8.50135e-19
6.92097e-19
5.44228e-19
4.09909e-19
2.92087e-19
1.93098e-19
1.14577e-19
5.73853e-20
2.13804e-20
4.44089e-21
4.44089e-21
2.13958e-20
5.7552e-20
1.15499e-19
1.96444e-19
3.01262e-19
4.30755e-19
5.85476e-19
7.65301e-19
9.68844e-19
1.19283e-18
1.43165e-18
1.67739e-18
1.9205e-18
2.15117e-18
2.36079e-18
2.54342e-18
2.69639e-18
2.82014e-18
2.91746e-18
2.99249e-18
3.04976e-18
3.09357e-18
3.12763e-18
3.15491e-18
3.17764e-18
3.19739e-18
3.21519e-18
3.23163e-18
3.24695e-18
3.26118e-18
3.27408e-18
3.28528e-18
3.29426e-18
3.30034e-18
3.3033e-18
3.30491e-18
3.30354e-18
3.29821e-18
3.28845e-18
3.2739e-18
3.25421e-18
3.22908e-18
3.19823e-18
3.16145e-18
3.11851e-18
3.06927e-18
3.01357e-18
2.9513e-18
2.88235e-18
2.80663e-18
2.72403e-18
2.63444e-18
2.53774e-18
2.43375e-18
2.32232e-18
2.20329e-18
2.07652e-18
1.94199e-18
1.79986e-18
1.65056e-18
1.49492e-18
1.33427e-18
1.17053e-18
1.00623e-18
8.44414e-19
6.88544e-19
5.42213e-19
4.08886e-19
2.91635e-19
1.92933e-19
1.14531e-19
5.73765e-20
2.13795e-20
4.44089e-21
4.44089e-21
2.13959e-20
5.75527e-20
1.15503e-19
1.96458e-19
3.01298e-19
4.30832e-19
5.85608e-19
7.65489e-19
9.69045e-19
1.19294e-18
1.43147e-18
1.67661e-18
1.91868e-18
2.14771e-18
2.35515e-18
2.53516e-18
2.68524e-18
2.80605e-18
2.90054e-18
2.97294e-18
3.02785e-18
3.06958e-18
3.10183e-18
3.12753e-18
3.14885e-18
3.16732e-18
3.18392e-18
3.19921e-18
3.2134e-18
3.22647e-18
3.23817e-18
3.24807e-18
3.25552e-18
3.26025e-18
3.26198e-18
3.26276e-18
3.26021e-18
3.25375e-18
3.24294e-18
3.22743e-18
3.20688e-18
3.18102e-18
3.14959e-18
3.11235e-18
3.06911e-18
3.01972e-18
2.96403e-18
2.90193e-18
2.83334e-18
2.75817e-18
2.67636e-18
2.58782e-18
2.49247e-18
2.3902e-18
2.28089e-18
2.16441e-18
2.04065e-18
1.90955e-18
1.77123e-18
1.626e-18
1.47456e-18
1.31805e-18
1.1582e-18
9.97352e-19
8.38426e-19
6.848e-19
5.40075e-19
4.07794e-19
2.91151e-19
1.92755e-19
1.1448e-19
5.7367e-20
2.13785e-20
4.44089e-21
4.44089e-21
2.13959e-20
5.75532e-20
1.15505e-19
1.96467e-19
3.0132e-19
4.30873e-19
5.85664e-19
7.65525e-19
9.68979e-19
1.19259e-18
1.4305e-18
1.67453e-18
1.91486e-18
2.14153e-18
2.34603e-18
2.52267e-18
2.66919e-18
2.78646e-18
2.87761e-18
2.94699e-18
2.99925e-18
3.0387e-18
3.069e-18
3.09302e-18
3.11288e-18
3.13006e-18
3.14548e-18
3.15965e-18
3.17276e-18
3.18474e-18
3.19533e-18
3.20403e-18
3.2101e-18
3.21381e-18
3.21462e-18
3.21471e-18
3.21131e-18
3.20406e-18
3.19259e-18
3.17655e-18
3.15563e-18
3.12955e-18
3.09805e-18
3.06091e-18
3.01792e-18
2.96892e-18
2.91375e-18
2.8523e-18
2.78449e-18
2.71023e-18
2.62948e-18
2.54218e-18
2.44831e-18
2.34778e-18
2.24053e-18
2.12648e-18
2.00553e-18
1.87765e-18
1.74291e-18
1.60154e-18
1.45412e-18
1.30163e-18
1.14561e-18
9.88213e-19
8.32206e-19
6.80878e-19
5.37819e-19
4.06634e-19
2.90634e-19
1.92564e-19
1.14426e-19
5.73567e-20
2.13773e-20
4.44089e-21
4.44089e-21
2.13959e-20
5.75534e-20
1.15506e-19
1.96471e-19
3.01328e-19
4.3088e-19
5.8565e-19
7.6543e-19
9.6866e-19
1.19178e-18
1.42878e-18
1.67131e-18
1.90945e-18
2.13321e-18
2.33417e-18
2.50687e-18
2.6493e-18
2.76259e-18
2.85006e-18
2.91616e-18
2.9656e-18
3.00266e-18
3.03094e-18
3.05326e-18
3.07166e-18
3.08756e-18
3.10182e-18
3.11491e-18
3.12699e-18
3.13797e-18
3.14755e-18
3.15516e-18
3.16e-18
3.16276e-18
3.16305e-18
3.16264e-18
3.15867e-18
3.15095e-18
3.13915e-18
3.12296e-18
3.10207e-18
3.07621e-18
3.04511e-18
3.00854e-18
2.96628e-18
2.91813e-18
2.86393e-18
2.80354e-18
2.73686e-18
2.6638e-18
2.58434e-18
2.49843e-18
2.40607e-18
2.30725e-18
2.20194e-18
2.09011e-18
1.97173e-18
1.84677e-18
1.7153e-18
1.57751e-18
1.43387e-18
1.28521e-18
1.13289e-18
9.7888e-19
8.2579e-19
6.76793e-19
5.35449e-19
4.05406e-19
2.90082e-19
1.92359e-19
1.14368e-19
5.73456e-20
2.13761e-20
4.44089e-21
4.44089e-21
2.13959e-20
5.75534e-20
1.15506e-19
1.9647e-19
3.01322e-19
4.30856e-19
5.85569e-19
7.652e-19
9.68097e-19
1.19056e-18
1.42642e-18
1.66714e-18
1.90271e-18
2.12312e-18
2.3201e-18
2.48845e-18
2.62644e-18
2.73547e-18
2.81905e-18
2.88176e-18
2.92829e-18
2.96292e-18
2.98918e-18
3.0098e-18
3.02676e-18
3.0414e-18
3.05454e-18
3.06661e-18
3.07771e-18
3.08776e-18
3.0964e-18
3.10303e-18
3.10678e-18
3.1086e-18
3.10933e-18
3.1081e-18
3.10369e-18
3.09573e-18
3.08389e-18
3.06786e-18
3.04735e-18
3.02208e-18
2.99177e-18
2.95618e-18
2.91505e-18
2.86817e-18
2.81533e-18
2.75636e-18
2.69113e-18
2.61954e-18
2.54155e-18
2.45713e-18
2.36631e-18
2.26912e-18
2.1656e-18
2.05577e-18
1.93966e-18
1.81729e-18
1.68874e-18
1.55419e-18
1.41401e-18
1.26893e-18
1.12014e-18
9.69425e-19
8.19217e-19
6.72565e-19
5.3297e-19
4.04111e-19
2.89496e-19
1.9214e-19
1.14305e-19
5.73336e-20
2.13748e-20
4.44089e-21
4.44089e-21
2.13959e-20
5.75531e-20
1.15505e-19
1.96464e-19
3.01302e-19
4.308e-19
5.85421e-19
7.64846e-19
9.67318e-19
1.18899e-18
1.4235e-18
1.66217e-18
1.89486e-18
2.11161e-18
2.30431e-18
2.46802e-18
2.60136e-18
2.70598e-18
2.7856e-18
2.84485e-18
2.88848e-18
2.92069e-18
2.94496e-18
2.96392e-18
2.97947e-18
2.99289e-18
3.00495e-18
3.01601e-18
3.02619e-18
3.03535e-18
3.04312e-18
3.04886e-18
3.05171e-18
3.05347e-18
3.05362e-18
3.05197e-18
3.04734e-18
3.03934e-18
3.02768e-18
3.01206e-18
2.99221e-18
2.96783e-18
2.93865e-18
2.90439e-18
2.86475e-18
2.8195e-18
2.76836e-18
2.71114e-18
2.64766e-18
2.57778e-18
2.50144e-18
2.41863e-18
2.32938e-18
2.23376e-18
2.13187e-18
2.0238e-18
1.90966e-18
1.78953e-18
1.66352e-18
1.53181e-18
1.39475e-18
1.25296e-18
1.10748e-18
9.59922e-19
8.1253e-19
6.68213e-19
5.30392e-19
4.0275e-19
2.88876e-19
1.91906e-19
1.14238e-19
5.73208e-20
2.13734e-20
4.44089e-21
4.44089e-21
2.13959e-20
5.75526e-20
1.15502e-19
1.96453e-19
3.01269e-19
4.30713e-19
5.85213e-19
7.64378e-19
9.66344e-19
1.1871e-18
1.42012e-18
1.65652e-18
1.88611e-18
2.09896e-18
2.28718e-18
2.44611e-18
2.5747e-18
2.67487e-18
2.75051e-18
2.80635e-18
2.84712e-18
2.87697e-18
2.89928e-18
2.91662e-18
2.93081e-18
2.94304e-18
2.95403e-18
2.96412e-18
2.97339e-18
2.98169e-18
2.98863e-18
2.99352e-18
2.99546e-18
2.99701e-18
2.997e-18
2.99502e-18
2.99027e-18
2.98238e-18
2.97107e-18
2.95607e-18
2.93709e-18
2.91386e-18
2.88607e-18
2.85342e-18
2.81559e-18
2.77228e-18
2.72317e-18
2.66801e-18
2.60656e-18
2.53864e-18
2.46416e-18
2.38308e-18
2.29544e-18
2.20135e-18
2.10096e-18
1.99444e-18
1.88197e-18
1.76371e-18
1.63986e-18
1.51061e-18
1.37629e-18
1.23746e-18
1.09503e-18
9.5045e-19
8.05778e-19
6.63762e-19
5.27725e-19
4.01328e-19
2.88221e-19
1.91658e-19
1.14167e-19
5.73069e-20
2.13719e-20
4.44089e-21
4.44089e-21
2.13958e-20
5.75519e-20
1.15498e-19
1.96437e-19
3.01224e-19
4.30598e-19
5.84947e-19
7.63807e-19
9.65194e-19
1.18494e-18
1.41632e-18
1.65031e-18
1.87663e-18
2.08545e-18
2.26906e-18
2.42315e-18
2.54697e-18
2.64273e-18
2.71446e-18
2.76697e-18
2.80495e-18
2.83251e-18
2.85294e-18
2.86871e-18
2.88156e-18
2.89261e-18
2.90255e-18
2.91167e-18
2.92003e-18
2.92748e-18
2.93354e-18
2.93765e-18
2.939e-18
2.93962e-18
2.93983e-18
2.93769e-18
2.93292e-18
2.92524e-18
2.91439e-18
2.90014e-18
2.88221e-18
2.8603e-18
2.83412e-18
2.80332e-18
2.76756e-18
2.72647e-18
2.67969e-18
2.62689e-18
2.56776e-18
2.50207e-18
2.42965e-18
2.35046e-18
2.26452e-18
2.17196e-18
2.07298e-18
1.96783e-18
1.85676e-18
1.74005e-18
1.61796e-18
1.49077e-18
1.3588e-18
1.22257e-18
1.08291e-18
9.41092e-19
7.99011e-19
6.59241e-19
5.2498e-19
3.99847e-19
2.87533e-19
1.91395e-19
1.1409e-19
5.72921e-20
2.13703e-20
4.44089e-21
4.44089e-21
2.13958e-20
5.7551e-20
1.15492e-19
1.96417e-19
3.01167e-19
4.30457e-19
5.84629e-19
7.63142e-19
9.63888e-19
1.18253e-18
1.41217e-18
1.64363e-18
1.86659e-18
2.07128e-18
2.25025e-18
2.39951e-18
2.51863e-18
2.61005e-18
2.67799e-18
2.72727e-18
2.76257e-18
2.78792e-18
2.80653e-18
2.82077e-18
2.8323e-18
2.84219e-18
2.85107e-18
2.85921e-18
2.86665e-18
2.87322e-18
2.87828e-18
2.88163e-18
2.8823e-18
2.88314e-18
2.88266e-18
2.8803e-18
2.87554e-18
2.86812e-18
2.85781e-18
2.84439e-18
2.82759e-18
2.80715e-18
2.78273e-18
2.75398e-18
2.7205e-18
2.68189e-18
2.63771e-18
2.58754e-18
2.53102e-18
2.46783e-18
2.39774e-18
2.32064e-18
2.23654e-18
2.14557e-18
2.04796e-18
1.94404e-18
1.83416e-18
1.71869e-18
1.59801e-18
1.47246e-18
1.34244e-18
1.20844e-18
1.07123e-18
9.31933e-19
7.92287e-19
6.54681e-19
5.22173e-19
3.98314e-19
2.86812e-19
1.91118e-19
1.14009e-19
5.72763e-20
2.13685e-20
4.44089e-21
4.44089e-21
2.13957e-20
5.75499e-20
1.15486e-19
1.96393e-19
3.01099e-19
4.30292e-19
5.84265e-19
7.62394e-19
9.62445e-19
1.17992e-18
1.40774e-18
1.63659e-18
1.85611e-18
2.05664e-18
2.231e-18
2.3755e-18
2.49002e-18
2.57725e-18
2.64152e-18
2.6877e-18
2.72043e-18
2.74366e-18
2.76049e-18
2.77324e-18
2.78346e-18
2.79219e-18
2.79998e-18
2.80711e-18
2.81359e-18
2.8192e-18
2.82311e-18
2.82559e-18
2.8256e-18
2.82631e-18
2.82557e-18
2.82302e-18
2.81829e-18
2.81113e-18
2.80136e-18
2.7888e-18
2.7732e-18
2.75428e-18
2.73173e-18
2.70516e-18
2.67414e-18
2.63821e-18
2.59687e-18
2.54963e-18
2.49601e-18
2.43562e-18
2.36813e-18
2.29337e-18
2.2113e-18
2.12204e-18
2.02583e-18
1.92307e-18
1.8142e-18
1.69972e-18
1.58011e-18
1.45583e-18
1.32736e-18
1.19521e-18
1.0601e-18
9.23063e-19
7.85665e-19
6.50118e-19
5.19323e-19
3.96735e-19
2.86062e-19
1.90825e-19
1.13923e-19
5.72594e-20
2.13667e-20
4.44089e-21
4.44089e-21
2.13956e-20
5.75486e-20
1.15479e-19
1.96366e-19
3.01022e-19
4.30106e-19
5.8386e-19
7.61573e-19
9.60886e-19
1.17714e-18
1.40308e-18
1.62926e-18
1.84532e-18
2.04172e-18
2.21152e-18
2.35136e-18
2.46142e-18
2.54461e-18
2.60537e-18
2.64858e-18
2.67885e-18
2.70003e-18
2.71515e-18
2.72641e-18
2.73534e-18
2.74287e-18
2.74955e-18
2.75562e-18
2.76107e-18
2.7655e-18
2.76813e-18
2.76972e-18
2.76925e-18
2.76967e-18
2.76874e-18
2.76599e-18
2.76121e-18
2.75427e-18
2.74502e-18
2.73329e-18
2.71888e-18
2.70152e-18
2.68088e-18
2.65657e-18
2.62813e-18
2.59505e-18
2.55677e-18
2.5127e-18
2.46228e-18
2.40499e-18
2.34042e-18
2.2683e-18
2.18851e-18
2.10113e-18
2.00644e-18
1.90484e-18
1.79688e-18
1.68318e-18
1.56435e-18
1.441e-18
1.31368e-18
1.183e-18
1.04964e-18
9.1457e-19
7.79209e-19
6.45592e-19
5.16447e-19
3.95119e-19
2.85284e-19
1.90519e-19
1.13831e-19
5.72414e-20
2.13647e-20
4.44089e-21
4.44089e-21
2.13955e-20
5.75472e-20
1.1547e-19
1.96336e-19
3.00938e-19
4.29903e-19
5.8342e-19
7.60692e-19
9.59231e-19
1.17422e-18
1.39823e-18
1.62173e-18
1.83433e-18
2.02664e-18
2.19199e-18
2.32731e-18
2.43307e-18
2.51238e-18
2.56978e-18
2.61015e-18
2.63805e-18
2.65725e-18
2.67069e-18
2.68049e-18
2.68809e-18
2.6944e-18
2.69991e-18
2.70485e-18
2.70912e-18
2.71188e-18
2.7134e-18
2.71369e-18
2.71414e-18
2.71385e-18
2.71236e-18
2.70924e-18
2.70431e-18
2.6975e-18
2.68869e-18
2.67776e-18
2.6645e-18
2.64866e-18
2.62993e-18
2.60792e-18
2.58213e-18
2.55201e-18
2.51695e-18
2.47628e-18
2.42932e-18
2.37546e-18
2.31414e-18
2.24499e-18
2.16779e-18
2.08256e-18
1.98954e-18
1.88919e-18
1.78212e-18
1.66906e-18
1.55079e-18
1.42804e-18
1.30153e-18
1.17192e-18
1.03996e-18
9.06544e-19
7.72985e-19
6.41143e-19
5.13571e-19
3.93476e-19
2.84481e-19
1.90199e-19
1.13735e-19
5.72223e-20
2.13625e-20
4.44089e-21
4.44089e-21
2.13954e-20
5.75457e-20
1.15462e-19
1.96304e-19
3.00847e-19
4.29686e-19
5.82954e-19
7.59764e-19
9.57503e-19
1.17119e-18
1.39327e-18
1.61407e-18
1.82324e-18
2.01154e-18
2.17254e-18
2.30349e-18
2.40513e-18
2.48073e-18
2.53491e-18
2.57256e-18
2.59818e-18
2.61546e-18
2.62724e-18
2.63557e-18
2.64182e-18
2.64684e-18
2.6511e-18
2.65478e-18
2.65753e-18
2.65873e-18
2.65915e-18
2.65924e-18
2.65957e-18
2.65856e-18
2.65634e-18
2.6527e-18
2.64753e-18
2.64075e-18
2.6323e-18
2.62206e-18
2.60987e-18
2.5955e-18
2.57865e-18
2.55891e-18
2.53579e-18
2.50871e-18
2.477e-18
2.4399e-18
2.39666e-18
2.34651e-18
2.28878e-18
2.22296e-18
2.1487e-18
2.06593e-18
1.97484e-18
1.8759e-18
1.76977e-18
1.6573e-18
1.53941e-18
1.41701e-18
1.29096e-18
1.16208e-18
1.03115e-18
8.99072e-19
7.67058e-19
6.36816e-19
5.10717e-19
3.91817e-19
2.83657e-19
1.89867e-19
1.13634e-19
5.72022e-20
2.13603e-20
4.44089e-21
4.44089e-21
2.13952e-20
5.75441e-20
1.15453e-19
1.9627e-19
3.00752e-19
4.2946e-19
5.82469e-19
7.58804e-19
9.55726e-19
1.16811e-18
1.38823e-18
1.60635e-18
1.81214e-18
1.99651e-18
2.1533e-18
2.28004e-18
2.37771e-18
2.44976e-18
2.50085e-18
2.53589e-18
2.55929e-18
2.57468e-18
2.58481e-18
2.59163e-18
2.59648e-18
2.6001e-18
2.60295e-18
2.6051e-18
2.60577e-18
2.60601e-18
2.60595e-18
2.6063e-18
2.60547e-18
2.60355e-18
2.60052e-18
2.59628e-18
2.59075e-18
2.58391e-18
2.57571e-18
2.56608e-18
2.55486e-18
2.54187e-18
2.5268e-18
2.50928e-18
2.48881e-18
2.46479e-18
2.43649e-18
2.40311e-18
2.36378e-18
2.31761e-18
2.2638e-18
2.20167e-18
2.13073e-18
2.05079e-18
1.96196e-18
1.86467e-18
1.75962e-18
1.64776e-18
1.53016e-18
1.4079e-18
1.28205e-18
1.15355e-18
1.0233e-18
8.92234e-19
7.61495e-19
6.32657e-19
5.07914e-19
3.90154e-19
2.82818e-19
1.89523e-19
1.13529e-19
5.71809e-20
2.13579e-20
4.44089e-21
4.44089e-21
2.13951e-20
5.75425e-20
1.15444e-19
1.96236e-19
3.00656e-19
4.2923e-19
5.81975e-19
7.57828e-19
9.53924e-19
1.16499e-18
1.38316e-18
1.59864e-18
1.80111e-18
1.98165e-18
2.13436e-18
2.25704e-18
2.35091e-18
2.41954e-18
2.46766e-18
2.50016e-18
2.52139e-18
2.53489e-18
2.54331e-18
2.54851e-18
2.55177e-18
2.55385e-18
2.55477e-18
2.55593e-18
2.55596e-18
2.55512e-18
2.55466e-18
2.55362e-18
2.55163e-18
2.5487e-18
2.54478e-18
2.53985e-18
2.53389e-18
2.52688e-18
2.51884e-18
2.50969e-18
2.49934e-18
2.48761e-18
2.47422e-18
2.45882e-18
2.44093e-18
2.41993e-18
2.39507e-18
2.36548e-18
2.3302e-18
2.28824e-18
2.23865e-18
2.18056e-18
2.11335e-18
2.03665e-18
1.95045e-18
1.85512e-18
1.75139e-18
1.64025e-18
1.52293e-18
1.40069e-18
1.27479e-18
1.14637e-18
1.01648e-18
8.86103e-19
7.56359e-19
6.28713e-19
5.0519e-19
3.88502e-19
2.81968e-19
1.8917e-19
1.13419e-19
5.71585e-20
2.13553e-20
4.44089e-21
4.44089e-21
2.1395e-20
5.7541e-20
1.15435e-19
1.96203e-19
3.00561e-19
4.29002e-19
5.81484e-19
7.56854e-19
9.52125e-19
1.16188e-18
1.37812e-18
1.59098e-18
1.7902e-18
1.96702e-18
2.11578e-18
2.23455e-18
2.32475e-18
2.39009e-18
2.43533e-18
2.46533e-18
2.48439e-18
2.49594e-18
2.50251e-18
2.50597e-18
2.50787e-18
2.50814e-18
2.5086e-18
2.50824e-18
2.50718e-18
2.50553e-18
2.50362e-18
2.50116e-18
2.49793e-18
2.49389e-18
2.48903e-18
2.48334e-18
2.47684e-18
2.46958e-18
2.46158e-18
2.45282e-18
2.44322e-18
2.43262e-18
2.4208e-18
2.4074e-18
2.39197e-18
2.3739e-18
2.35243e-18
2.32664e-18
2.29551e-18
2.25793e-18
2.2128e-18
2.15909e-18
2.09599e-18
2.02294e-18
1.9398e-18
1.84683e-18
1.74471e-18
1.6345e-18
1.51753e-18
1.39526e-18
1.26915e-18
1.14058e-18
1.01074e-18
8.80743e-19
7.5171e-19
6.25029e-19
5.02574e-19
3.86877e-19
2.81113e-19
1.88808e-19
1.13305e-19
5.7135e-20
2.13526e-20
4.44089e-21
4.44089e-21
2.13949e-20
5.75395e-20
1.15426e-19
1.96171e-19
3.00471e-19
4.28782e-19
5.81006e-19
7.55901e-19
9.50358e-19
1.15881e-18
1.37315e-18
1.58345e-18
1.77949e-18
1.95268e-18
2.09761e-18
2.2126e-18
2.29926e-18
2.3614e-18
2.40383e-18
2.43135e-18
2.44821e-18
2.45771e-18
2.46262e-18
2.46442e-18
2.46524e-18
2.4645e-18
2.46317e-18
2.46126e-18
2.45885e-18
2.45595e-18
2.45263e-18
2.44876e-18
2.44424e-18
2.43904e-18
2.43317e-18
2.42665e-18
2.41954e-18
2.41194e-18
2.40389e-18
2.39541e-18
2.38644e-18
2.37686e-18
2.36646e-18
2.35492e-18
2.34182e-18
2.32655e-18
2.30837e-18
2.28634e-18
2.25937e-18
2.22627e-18
2.18579e-18
2.13674e-18
2.07809e-18
2.00912e-18
1.92948e-18
1.83929e-18
1.73917e-18
1.63018e-18
1.51373e-18
1.39146e-18
1.26505e-18
1.13614e-18
1.00611e-18
8.76203e-19
7.47601e-19
6.21651e-19
5.00096e-19
3.85294e-19
2.80261e-19
1.8844e-19
1.13187e-19
5.71105e-20
2.13498e-20
4.44089e-21
4.44089e-21
2.13948e-20
5.75383e-20
1.15419e-19
1.96143e-19
3.00388e-19
4.28578e-19
5.80556e-19
7.54991e-19
9.48652e-19
1.15584e-18
1.36831e-18
1.57609e-18
1.76901e-18
1.93867e-18
2.07987e-18
2.19118e-18
2.2744e-18
2.33342e-18
2.37309e-18
2.39816e-18
2.41282e-18
2.42033e-18
2.42359e-18
2.42453e-18
2.42348e-18
2.42117e-18
2.41815e-18
2.41465e-18
2.41071e-18
2.40636e-18
2.40157e-18
2.39628e-18
2.39044e-18
2.38404e-18
2.37711e-18
2.36971e-18
2.36195e-18
2.35393e-18
2.34574e-18
2.33745e-18
2.32901e-18
2.32032e-18
2.31121e-18
2.30138e-18
2.29045e-18
2.27783e-18
2.26279e-18
2.24441e-18
2.22155e-18
2.19294e-18
2.15722e-18
2.11303e-18
2.05915e-18
1.99463e-18
1.91892e-18
1.83197e-18
1.73428e-18
1.62687e-18
1.51121e-18
1.38905e-18
1.26234e-18
1.13299e-18
1.00259e-18
8.72517e-19
7.44076e-19
6.18619e-19
4.97787e-19
3.83771e-19
2.79419e-19
1.88068e-19
1.13066e-19
5.70849e-20
2.13468e-20
4.44089e-21
4.44089e-21
2.13947e-20
5.75373e-20
1.15413e-19
1.96119e-19
3.00318e-19
4.28398e-19
5.80149e-19
7.54148e-19
9.47042e-19
1.15299e-18
1.36363e-18
1.56894e-18
1.75882e-18
1.92501e-18
2.06256e-18
2.17028e-18
2.25012e-18
2.30608e-18
2.34301e-18
2.36564e-18
2.37812e-18
2.38389e-18
2.38593e-18
2.38496e-18
2.38208e-18
2.37804e-18
2.37331e-18
2.36813e-18
2.36257e-18
2.35665e-18
2.35033e-18
2.34359e-18
2.3364e-18
2.32878e-18
2.32078e-18
2.31248e-18
2.30402e-18
2.29553e-18
2.28715e-18
2.27895e-18
2.27094e-18
2.26303e-18
2.25508e-18
2.24684e-18
2.23791e-18
2.22775e-18
2.21568e-18
2.20077e-18
2.18191e-18
2.15774e-18
2.12679e-18
2.08758e-18
2.03868e-18
1.97894e-18
1.90756e-18
1.8243e-18
1.72951e-18
1.62412e-18
1.50962e-18
1.38788e-18
1.26103e-18
1.13116e-18
1.00016e-18
8.69698e-19
7.4117e-19
6.15969e-19
4.95675e-19
3.82326e-19
2.78595e-19
1.87694e-19
1.12941e-19
5.70583e-20
2.13437e-20
4.44089e-21
4.44089e-21
2.13947e-20
5.75366e-20
1.15409e-19
1.96103e-19
3.00264e-19
4.28253e-19
5.79801e-19
7.53397e-19
9.45562e-19
1.15031e-18
1.35917e-18
1.56205e-18
1.74892e-18
1.91169e-18
2.04565e-18
2.14981e-18
2.22631e-18
2.27924e-18
2.31345e-18
2.33366e-18
2.34397e-18
2.3484e-18
2.34844e-18
2.34551e-18
2.34075e-18
2.33489e-18
2.32838e-18
2.32145e-18
2.3142e-18
2.30664e-18
2.29876e-18
2.29055e-18
2.28201e-18
2.27317e-18
2.2641e-18
2.25491e-18
2.24574e-18
2.23676e-18
2.22813e-18
2.21996e-18
2.21228e-18
2.20505e-18
2.19819e-18
2.19141e-18
2.18431e-18
2.17642e-18
2.1671e-18
2.15547e-18
2.14042e-18
2.12055e-18
2.09433e-18
2.06011e-18
2.01632e-18
1.96157e-18
1.89486e-18
1.81572e-18
1.72428e-18
1.62138e-18
1.50848e-18
1.38752e-18
1.26076e-18
1.13049e-18
9.98807e-19
8.67732e-19
7.38898e-19
6.13732e-19
4.93786e-19
3.80974e-19
2.77796e-19
1.87323e-19
1.12815e-19
5.70308e-20
2.13404e-20
4.44089e-21
4.44089e-21
2.13947e-20
5.75365e-20
1.15407e-19
1.96095e-19
3.00233e-19
4.28153e-19
5.79531e-19
7.52766e-19
9.4425e-19
1.14785e-18
1.35497e-18
1.55545e-18
1.73934e-18
1.89871e-18
2.02908e-18
2.12969e-18
2.20285e-18
2.25273e-18
2.2842e-18
2.30193e-18
2.31024e-18
2.31281e-18
2.31081e-18
2.30589e-18
2.29919e-18
2.29145e-18
2.28309e-18
2.27436e-18
2.26536e-18
2.25612e-18
2.24666e-18
2.23699e-18
2.22711e-18
2.21708e-18
2.20698e-18
2.19692e-18
2.18707e-18
2.17761e-18
2.16871e-18
2.16052e-18
2.15311e-18
2.14654e-18
2.14066e-18
2.13521e-18
2.12981e-18
2.12399e-18
2.1172e-18
2.10863e-18
2.09715e-18
2.08139e-18
2.05973e-18
2.03043e-18
1.99175e-18
1.94213e-18
1.88033e-18
1.80565e-18
1.71801e-18
1.61809e-18
1.50726e-18
1.38746e-18
1.26105e-18
1.13056e-18
9.98361e-19
8.66604e-19
7.37258e-19
6.11925e-19
4.92143e-19
3.79734e-19
2.77033e-19
1.86955e-19
1.12687e-19
5.70024e-20
2.1337e-20
4.44089e-21
4.44089e-21
2.13947e-20
5.7537e-20
1.15409e-19
1.96099e-19
3.0023e-19
4.28109e-19
5.7936e-19
7.52285e-19
9.43146e-19
1.14565e-18
1.35106e-18
1.54917e-18
1.73006e-18
1.88601e-18
2.01275e-18
2.10976e-18
2.17952e-18
2.2263e-18
2.25497e-18
2.27024e-18
2.27676e-18
2.27698e-18
2.27278e-18
2.26578e-18
2.25707e-18
2.24737e-18
2.23711e-18
2.22654e-18
2.21577e-18
2.20486e-18
2.19383e-18
2.18272e-18
2.17155e-18
2.16038e-18
2.14931e-18
2.13846e-18
2.12799e-18
2.11808e-18
2.10893e-18
2.10071e-18
2.09359e-18
2.08754e-18
2.08262e-18
2.07843e-18
2.07441e-18
2.07047e-18
2.06614e-18
2.06039e-18
2.05225e-18
2.04033e-18
2.023e-18
1.99844e-18
1.96479e-18
1.9203e-18
1.86353e-18
1.79356e-18
1.71009e-18
1.61362e-18
1.50536e-18
1.38722e-18
1.26157e-18
1.13117e-18
9.98553e-19
8.66205e-19
7.36232e-19
6.10555e-19
4.90764e-19
3.78619e-19
2.76312e-19
1.86595e-19
1.12558e-19
5.69732e-20
2.13335e-20
4.44089e-21
4.44089e-21
2.13948e-20
5.75382e-20
1.15416e-19
1.96117e-19
3.00262e-19
4.28137e-19
5.79308e-19
7.51987e-19
9.42288e-19
1.14375e-18
1.34748e-18
1.54321e-18
1.72107e-18
1.87352e-18
1.99653e-18
2.08984e-18
2.1561e-18
2.19967e-18
2.22544e-18
2.23824e-18
2.24252e-18
2.24038e-18
2.23393e-18
2.22478e-18
2.214e-18
2.2023e-18
2.19011e-18
2.17767e-18
2.16514e-18
2.15258e-18
2.14003e-18
2.12753e-18
2.11514e-18
2.10293e-18
2.09099e-18
2.07943e-18
2.06843e-18
2.05816e-18
2.04883e-18
2.04064e-18
2.0337e-18
2.02826e-18
2.02415e-18
2.02101e-18
2.01847e-18
2.01643e-18
2.0142e-18
2.01092e-18
2.00585e-18
1.9975e-18
1.98422e-18
1.96414e-18
1.9353e-18
1.89582e-18
1.84409e-18
1.77896e-18
1.69995e-18
1.60733e-18
1.50216e-18
1.38623e-18
1.2619e-18
1.13196e-18
9.99203e-19
8.6633e-19
7.35785e-19
6.09611e-19
4.89658e-19
3.77644e-19
2.75642e-19
1.86246e-19
1.12428e-19
5.69431e-20
2.13297e-20
4.44089e-21
4.44089e-21
2.1395e-20
5.75405e-20
1.15427e-19
1.96153e-19
3.00339e-19
4.28252e-19
5.79408e-19
7.51904e-19
9.41716e-19
1.14219e-18
1.34426e-18
1.53757e-18
1.71232e-18
1.86113e-18
1.98026e-18
2.06969e-18
2.13228e-18
2.17248e-18
2.19523e-18
2.2054e-18
2.20721e-18
2.20261e-18
2.19383e-18
2.18246e-18
2.16956e-18
2.15583e-18
2.14169e-18
2.12742e-18
2.11316e-18
2.099e-18
2.085e-18
2.07122e-18
2.05772e-18
2.04458e-18
2.03188e-18
2.01976e-18
2.00836e-18
1.99785e-18
1.98845e-18
1.98032e-18
1.97368e-18
1.96858e-18
1.96541e-18
1.96311e-18
1.96234e-18
1.96154e-18
1.96146e-18
1.96058e-18
1.95817e-18
1.95307e-18
1.9435e-18
1.92756e-18
1.90323e-18
1.86852e-18
1.82168e-18
1.76141e-18
1.68701e-18
1.59857e-18
1.49697e-18
1.38384e-18
1.26144e-18
1.13248e-18
1e-18
8.66843e-19
7.35753e-19
6.09079e-19
4.88829e-19
3.76817e-19
2.75031e-19
1.8591e-19
1.12299e-19
5.69124e-20
2.13259e-20
4.44089e-21
4.44089e-21
2.13953e-20
5.75439e-20
1.15445e-19
1.96211e-19
3.0047e-19
4.28477e-19
5.79689e-19
7.52092e-19
9.41463e-19
1.14101e-18
1.34142e-18
1.53224e-18
1.70372e-18
1.84869e-18
1.9637e-18
2.04902e-18
2.1077e-18
2.14434e-18
2.16389e-18
2.17149e-18
2.1704e-18
2.16319e-18
2.152e-18
2.13835e-18
2.12329e-18
2.10751e-18
2.09146e-18
2.07539e-18
2.05948e-18
2.04383e-18
2.0285e-18
2.01357e-18
1.9991e-18
1.98517e-18
1.97188e-18
1.95934e-18
1.9477e-18
1.93711e-18
1.92777e-18
1.91984e-18
1.91354e-18
1.90903e-18
1.90648e-18
1.90568e-18
1.90595e-18
1.90696e-18
1.90842e-18
1.9092e-18
1.90944e-18
1.90715e-18
1.90094e-18
1.88874e-18
1.86852e-18
1.83824e-18
1.79603e-18
1.74047e-18
1.67073e-18
1.5867e-18
1.48909e-18
1.37933e-18
1.25951e-18
1.13225e-18
1.00052e-18
8.6749e-19
7.36047e-19
6.08894e-19
4.88261e-19
3.76143e-19
2.74485e-19
1.85591e-19
1.12171e-19
5.6881e-20
2.13218e-20
4.44089e-21
4.44089e-21
2.13957e-20
5.75489e-20
1.15471e-19
1.96295e-19
3.00666e-19
4.28829e-19
5.80188e-19
7.526e-19
9.41646e-19
1.14027e-18
1.33896e-18
1.52715e-18
1.69514e-18
1.83599e-18
1.94657e-18
2.02746e-18
2.08195e-18
2.11471e-18
2.1309e-18
2.13552e-18
2.1315e-18
2.12159e-18
2.1079e-18
2.09194e-18
2.07472e-18
2.05694e-18
2.03902e-18
2.02126e-18
2.00381e-18
1.9868e-18
1.97029e-18
1.95438e-18
1.93911e-18
1.92458e-18
1.91088e-18
1.89811e-18
1.8864e-18
1.8759e-18
1.86679e-18
1.85924e-18
1.85338e-18
1.84956e-18
1.84799e-18
1.84796e-18
1.84932e-18
1.85178e-18
1.85489e-18
1.85781e-18
1.85966e-18
1.86e-18
1.85666e-18
1.84772e-18
1.83113e-18
1.8048e-18
1.76685e-18
1.71575e-18
1.65057e-18
1.57108e-18
1.47779e-18
1.37194e-18
1.25539e-18
1.13057e-18
1.00036e-18
8.67904e-19
7.36467e-19
6.0894e-19
4.87934e-19
3.75623e-19
2.74007e-19
1.85292e-19
1.12045e-19
5.68489e-20
2.13176e-20
4.44089e-21
4.44089e-21
2.13962e-20
5.75556e-20
1.15507e-19
1.96412e-19
3.00939e-19
4.29331e-19
5.80934e-19
7.53463e-19
9.42258e-19
1.13996e-18
1.33685e-18
1.52222e-18
1.68641e-18
1.82277e-18
1.9285e-18
2.00456e-18
2.05449e-18
2.08311e-18
2.09586e-18
2.09707e-18
2.08994e-18
2.07724e-18
2.06102e-18
2.04275e-18
2.02342e-18
2.00372e-18
1.98406e-18
1.96473e-18
1.9459e-18
1.9277e-18
1.91021e-18
1.89351e-18
1.87765e-18
1.86273e-18
1.84882e-18
1.83602e-18
1.82444e-18
1.81421e-18
1.80548e-18
1.79844e-18
1.79323e-18
1.79014e-18
1.78928e-18
1.79013e-18
1.79257e-18
1.79631e-18
1.80091e-18
1.80563e-18
1.80944e-18
1.81149e-18
1.81065e-18
1.80443e-18
1.79089e-18
1.76798e-18
1.7338e-18
1.68679e-18
1.62598e-18
1.55104e-18
1.46233e-18
1.36089e-18
1.24831e-18
1.12676e-18
9.98886e-19
8.67769e-19
7.36743e-19
6.09126e-19
4.878e-19
3.75246e-19
2.73601e-19
1.85014e-19
1.11921e-19
5.68161e-20
2.13132e-20
4.44089e-21
4.44089e-21
2.13969e-20
5.75646e-20
1.15554e-19
1.96567e-19
3.01303e-19
4.30008e-19
5.81962e-19
7.54713e-19
9.43323e-19
1.14003e-18
1.33501e-18
1.51726e-18
1.67726e-18
1.80863e-18
1.90902e-18
1.97978e-18
2.02475e-18
2.04889e-18
2.05781e-18
2.05545e-18
2.04513e-18
2.02959e-18
2.01085e-18
1.99033e-18
1.969e-18
1.9475e-18
1.92626e-18
1.90555e-18
1.88555e-18
1.86639e-18
1.84815e-18
1.83088e-18
1.81467e-18
1.79958e-18
1.78568e-18
1.77305e-18
1.7618e-18
1.75202e-18
1.74384e-18
1.73743e-18
1.73296e-18
1.7307e-18
1.73053e-18
1.73228e-18
1.73574e-18
1.74064e-18
1.74652e-18
1.75269e-18
1.75818e-18
1.76187e-18
1.76275e-18
1.75863e-18
1.74752e-18
1.72741e-18
1.69644e-18
1.6531e-18
1.59637e-18
1.52591e-18
1.44196e-18
1.34536e-18
1.23745e-18
1.12004e-18
9.95437e-19
8.6652e-19
7.36619e-19
6.09256e-19
4.87774e-19
3.74991e-19
2.73265e-19
1.84758e-19
1.11799e-19
5.67826e-20
2.13086e-20
4.44089e-21
4.44089e-21
2.13979e-20
5.75763e-20
1.15615e-19
1.96768e-19
3.01776e-19
4.30889e-19
5.83309e-19
7.56385e-19
9.4486e-19
1.14059e-18
1.33334e-18
1.51204e-18
1.66728e-18
1.79306e-18
1.88751e-18
1.95244e-18
1.99195e-18
2.01134e-18
2.01612e-18
2.01002e-18
1.99644e-18
1.97809e-18
1.9569e-18
1.93426e-18
1.91108e-18
1.88797e-18
1.86536e-18
1.8435e-18
1.82259e-18
1.80274e-18
1.78401e-18
1.76647e-18
1.75017e-18
1.73515e-18
1.72149e-18
1.70925e-18
1.6985e-18
1.68933e-18
1.68183e-18
1.67614e-18
1.67244e-18
1.67095e-18
1.6717e-18
1.67438e-18
1.67881e-18
1.68471e-18
1.69161e-18
1.69886e-18
1.70555e-18
1.7105e-18
1.71257e-18
1.70986e-18
1.70048e-18
1.68252e-18
1.65419e-18
1.61402e-18
1.56107e-18
1.49496e-18
1.41589e-18
1.32453e-18
1.22194e-18
1.10956e-18
9.89264e-19
8.63565e-19
7.35636e-19
6.09132e-19
4.87765e-19
3.74826e-19
2.72992e-19
1.84526e-19
1.1168e-19
5.67482e-20
2.13037e-20
4.44089e-21
4.44089e-21
2.1399e-20
5.75913e-20
1.15694e-19
1.97024e-19
3.02375e-19
4.32001e-19
5.85007e-19
7.58496e-19
9.4682e-19
1.1414e-18
1.33155e-18
1.50613e-18
1.6559e-18
1.77533e-18
1.86315e-18
1.92164e-18
1.95527e-18
1.96974e-18
1.97002e-18
1.96006e-18
1.94324e-18
1.92216e-18
1.89869e-18
1.87411e-18
1.84931e-18
1.82485e-18
1.80115e-18
1.77846e-18
1.75694e-18
1.7367e-18
1.7178e-18
1.70029e-18
1.68417e-18
1.6695e-18
1.65631e-18
1.64465e-18
1.63459e-18
1.62616e-18
1.61941e-18
1.61446e-18
1.61144e-18
1.61095e-18
1.61273e-18
1.61632e-18
1.62158e-18
1.62824e-18
1.63585e-18
1.64375e-18
1.65108e-18
1.65672e-18
1.65934e-18
1.6573e-18
1.64898e-18
1.63253e-18
1.60625e-18
1.5688e-18
1.5193e-18
1.45742e-18
1.38333e-18
1.29756e-18
1.20092e-18
1.09445e-18
9.79544e-19
8.58212e-19
7.33293e-19
6.08419e-19
4.8762e-19
3.74697e-19
2.72771e-19
1.84316e-19
1.11564e-19
5.67128e-20
2.12985e-20
4.44089e-21
4.44089e-21
2.14006e-20
5.76104e-20
1.15793e-19
1.97345e-19
3.0312e-19
4.33373e-19
5.87077e-19
7.61027e-19
9.49096e-19
1.14217e-18
1.32917e-18
1.49883e-18
1.64222e-18
1.7544e-18
1.83477e-18
1.8862e-18
1.91356e-18
1.92276e-18
1.91846e-18
1.90468e-18
1.88476e-18
1.86116e-18
1.83566e-18
1.80946e-18
1.78336e-18
1.75791e-18
1.73349e-18
1.71033e-18
1.68856e-18
1.66828e-18
1.64954e-18
1.63234e-18
1.61671e-18
1.60263e-18
1.59013e-18
1.57924e-18
1.57e-18
1.56241e-18
1.55646e-18
1.55226e-18
1.55012e-18
1.55076e-18
1.55339e-18
1.55771e-18
1.56357e-18
1.57067e-18
1.57855e-18
1.58658e-18
1.59391e-18
1.59947e-18
1.60184e-18
1.59978e-18
1.59194e-18
1.57639e-18
1.55162e-18
1.51647e-18
1.47017e-18
1.41245e-18
1.34345e-18
1.26361e-18
1.17351e-18
1.07381e-18
9.65397e-19
8.4968e-19
7.28986e-19
6.06728e-19
4.87133e-19
3.74521e-19
2.72579e-19
1.84124e-19
1.1145e-19
5.66758e-20
2.12928e-20
4.44089e-21
4.44089e-21
2.14025e-20
5.76345e-20
1.15917e-19
1.97742e-19
3.04032e-19
4.35025e-19
5.89515e-19
7.63897e-19
9.51444e-19
1.14233e-18
1.3254e-18
1.48906e-18
1.62487e-18
1.72869e-18
1.80075e-18
1.84449e-18
1.86525e-18
1.86901e-18
1.86016e-18
1.84278e-18
1.82005e-18
1.79429e-18
1.76716e-18
1.73977e-18
1.71283e-18
1.68686e-18
1.66216e-18
1.63895e-18
1.61734e-18
1.5974e-18
1.57914e-18
1.56258e-18
1.54768e-18
1.53443e-18
1.52281e-18
1.51284e-18
1.50453e-18
1.49782e-18
1.49264e-18
1.48932e-18
1.48811e-18
1.48974e-18
1.493e-18
1.49776e-18
1.50383e-18
1.5109e-18
1.51851e-18
1.52602e-18
1.53265e-18
1.53736e-18
1.53863e-18
1.53599e-18
1.52801e-18
1.51281e-18
1.48912e-18
1.45597e-18
1.41273e-18
1.35919e-18
1.29547e-18
1.2219e-18
1.13889e-18
1.04676e-18
9.45913e-19
8.37106e-19
7.21998e-19
6.03562e-19
4.86025e-19
3.74181e-19
2.7238e-19
1.83942e-19
1.11336e-19
5.66369e-20
2.12866e-20
4.44089e-21
4.44089e-21
2.1405e-20
5.76648e-20
1.1607e-19
1.98228e-19
3.05128e-19
4.36963e-19
5.92265e-19
7.66901e-19
9.53424e-19
1.14138e-18
1.31904e-18
1.47508e-18
1.60174e-18
1.69587e-18
1.75863e-18
1.79411e-18
1.80824e-18
1.80646e-18
1.79334e-18
1.77278e-18
1.74775e-18
1.7204e-18
1.69223e-18
1.66423e-18
1.63704e-18
1.6111e-18
1.58666e-18
1.56389e-18
1.54288e-18
1.52366e-18
1.50624e-18
1.49059e-18
1.47666e-18
1.46442e-18
1.45384e-18
1.44491e-18
1.43756e-18
1.43172e-18
1.42732e-18
1.42443e-18
1.42457e-18
1.42671e-18
1.43024e-18
1.43498e-18
1.44074e-18
1.44718e-18
1.45384e-18
1.46014e-18
1.46532e-18
1.46831e-18
1.46793e-18
1.4643e-18
1.45564e-18
1.44032e-18
1.41744e-18
1.38617e-18
1.34601e-18
1.29679e-18
1.23861e-18
1.17171e-18
1.09631e-18
1.01248e-18
9.20187e-19
8.19566e-19
7.11504e-19
5.98299e-19
4.83925e-19
3.73505e-19
2.72117e-19
1.83759e-19
1.11219e-19
5.65952e-20
2.12796e-20
4.44089e-21
4.44089e-21
2.14081e-20
5.77027e-20
1.1626e-19
1.98815e-19
3.0642e-19
4.39156e-19
5.95165e-19
7.69595e-19
9.54059e-19
1.13767e-18
1.30791e-18
1.4541e-18
1.56956e-18
1.6524e-18
1.70482e-18
1.73166e-18
1.73908e-18
1.73214e-18
1.71536e-18
1.69235e-18
1.66583e-18
1.6377e-18
1.60928e-18
1.58143e-18
1.55471e-18
1.52946e-18
1.50589e-18
1.48411e-18
1.46418e-18
1.44609e-18
1.42983e-18
1.41535e-18
1.4026e-18
1.39152e-18
1.38207e-18
1.37417e-18
1.36772e-18
1.36261e-18
1.35878e-18
1.35654e-18
1.35744e-18
1.3596e-18
1.36283e-18
1.36697e-18
1.37177e-18
1.3769e-18
1.38193e-18
1.38631e-18
1.38928e-18
1.38968e-18
1.38788e-18
1.38285e-18
1.37306e-18
1.35748e-18
1.33537e-18
1.30607e-18
1.2692e-18
1.22458e-18
1.17229e-18
1.11245e-18
1.04514e-18
9.7024e-19
8.87367e-19
7.96111e-19
6.96572e-19
5.90178e-19
4.80336e-19
3.72249e-19
2.71706e-19
1.83552e-19
1.11097e-19
5.65494e-20
2.12717e-20
4.44089e-21
4.44089e-21
2.14121e-20
5.77499e-20
1.16491e-19
1.99513e-19
3.07896e-19
4.41502e-19
5.97869e-19
7.71153e-19
9.5208e-19
1.12873e-18
1.2885e-18
1.42177e-18
1.52341e-18
1.59313e-18
1.63424e-18
1.65234e-18
1.65329e-18
1.6419e-18
1.62242e-18
1.59805e-18
1.57114e-18
1.54331e-18
1.51567e-18
1.48893e-18
1.46354e-18
1.43977e-18
1.41775e-18
1.39755e-18
1.37918e-18
1.36262e-18
1.34784e-18
1.33477e-18
1.32334e-18
1.3135e-18
1.30514e-18
1.29818e-18
1.29246e-18
1.28779e-18
1.28442e-18
1.28251e-18
1.28339e-18
1.28506e-18
1.28742e-18
1.29033e-18
1.29353e-18
1.29674e-18
1.29953e-18
1.30144e-18
1.3014e-18
1.30005e-18
1.29652e-18
1.28974e-18
1.27883e-18
1.26314e-18
1.24204e-18
1.21503e-18
1.1818e-18
1.14218e-18
1.09617e-18
1.04378e-18
9.84985e-19
9.19493e-19
8.46712e-19
7.6582e-19
6.76198e-19
5.7829e-19
4.74607e-19
3.70066e-19
2.71012e-19
1.83288e-19
1.1096e-19
5.64978e-20
2.12623e-20
4.44089e-21
4.44089e-21
2.14172e-20
5.78089e-20
1.16772e-19
2.00326e-19
3.09507e-19
4.43756e-19
5.99671e-19
7.70155e-19
9.44757e-19
1.11046e-18
1.25545e-18
1.3718e-18
1.45655e-18
1.51125e-18
1.54036e-18
1.54987e-18
1.54505e-18
1.5304e-18
1.50958e-18
1.48527e-18
1.45936e-18
1.43316e-18
1.40752e-18
1.383e-18
1.35991e-18
1.33845e-18
1.3187e-18
1.30067e-18
1.28436e-18
1.26972e-18
1.25669e-18
1.2452e-18
1.23518e-18
1.22654e-18
1.21919e-18
1.213e-18
1.20782e-18
1.20343e-18
1.2004e-18
1.19807e-18
1.19831e-18
1.19896e-18
1.19995e-18
1.20112e-18
1.20232e-18
1.20311e-18
1.20353e-18
1.20249e-18
1.20095e-18
1.19753e-18
1.19201e-18
1.18375e-18
1.17221e-18
1.15687e-18
1.13728e-18
1.11305e-18
1.08391e-18
1.0497e-18
1.01033e-18
9.65716e-19
9.15705e-19
8.59927e-19
7.97673e-19
7.27871e-19
6.49349e-19
5.61578e-19
4.65894e-19
3.66457e-19
2.69832e-19
1.82912e-19
1.10801e-19
5.6438e-20
2.1251e-20
4.44089e-21
4.44089e-21
2.14237e-20
5.78821e-20
1.17108e-19
2.01237e-19
3.1111e-19
4.45394e-19
5.99266e-19
7.64163e-19
9.27676e-19
1.07676e-18
1.20136e-18
1.29619e-18
1.36104e-18
1.39931e-18
1.41637e-18
1.41802e-18
1.40875e-18
1.39241e-18
1.37189e-18
1.34924e-18
1.32585e-18
1.30267e-18
1.28028e-18
1.25908e-18
1.23926e-18
1.22092e-18
1.20411e-18
1.18882e-18
1.175e-18
1.1626e-18
1.15155e-18
1.14178e-18
1.13321e-18
1.12576e-18
1.11931e-18
1.11378e-18
1.109e-18
1.10494e-18
1.10174e-18
1.09945e-18
1.09768e-18
1.09681e-18
1.0966e-18
1.09606e-18
1.09474e-18
1.0939e-18
1.09209e-18
1.08958e-18
1.08593e-18
1.08085e-18
1.07403e-18
1.06508e-18
1.05365e-18
1.03937e-18
1.02191e-18
1.001e-18
9.76403e-19
9.47927e-19
9.15417e-19
8.78711e-19
8.37567e-19
7.91565e-19
7.39971e-19
6.81633e-19
6.15047e-19
5.38876e-19
4.53136e-19
3.60716e-19
2.67847e-19
1.82333e-19
1.106e-19
5.63666e-20
2.1237e-20
4.44089e-21
4.44089e-21
2.1432e-20
5.79729e-20
1.17499e-19
2.02183e-19
3.12373e-19
4.45356e-19
5.94544e-19
7.48653e-19
8.94246e-19
1.0196e-18
1.11774e-18
1.18707e-18
1.23024e-18
1.25215e-18
1.25842e-18
1.25376e-18
1.24191e-18
1.22572e-18
1.2072e-18
1.18772e-18
1.16818e-18
1.14918e-18
1.13106e-18
1.11403e-18
1.0982e-18
1.08361e-18
1.07025e-18
1.05809e-18
1.04708e-18
1.03717e-18
1.02829e-18
1.02036e-18
1.01332e-18
1.00709e-18
1.00158e-18
9.96712e-19
9.92383e-19
9.88575e-19
9.85307e-19
9.82583e-19
9.80235e-19
9.78176e-19
9.76265e-19
9.7423e-19
9.71833e-19
9.69189e-19
9.65988e-19
9.62104e-19
9.57335e-19
9.51478e-19
9.44316e-19
9.3562e-19
9.25154e-19
9.12684e-19
8.97984e-19
8.80839e-19
8.61046e-19
8.38412e-19
8.1274e-19
7.83808e-19
7.51326e-19
7.14858e-19
6.7371e-19
6.26784e-19
5.72496e-19
5.08988e-19
4.35044e-19
3.51856e-19
2.64551e-19
1.8139e-19
1.10329e-19
5.62786e-20
2.12191e-20
4.44089e-21
4.44089e-21
2.14428e-20
5.80841e-20
1.17931e-19
2.02997e-19
3.12569e-19
4.41939e-19
5.81228e-19
7.17032e-19
8.36284e-19
9.30818e-19
9.98237e-19
1.0409e-18
1.06356e-18
1.07163e-18
1.06973e-18
1.06139e-18
1.04919e-18
1.03493e-18
1.01979e-18
1.00454e-18
9.89661e-19
9.75443e-19
9.62047e-19
9.49555e-19
9.37994e-19
9.27356e-19
9.17612e-19
9.08722e-19
9.00636e-19
8.93302e-19
8.86664e-19
8.80664e-19
8.75245e-19
8.70345e-19
8.65903e-19
8.61855e-19
8.58142e-19
8.54735e-19
8.51614e-19
8.48749e-19
8.46056e-19
8.43443e-19
8.40812e-19
8.3805e-19
8.3504e-19
8.31726e-19
8.27995e-19
8.23742e-19
8.18851e-19
8.13198e-19
8.06654e-19
7.99079e-19
7.90328e-19
7.80253e-19
7.68698e-19
7.55502e-19
7.40497e-19
7.23501e-19
7.04309e-19
6.82681e-19
6.58312e-19
6.30784e-19
5.99484e-19
5.63458e-19
5.21254e-19
4.70858e-19
4.1017e-19
3.38545e-19
2.59149e-19
1.79804e-19
1.09936e-19
5.61668e-20
2.11958e-20
4.44089e-21
4.44089e-21
2.14569e-20
5.82168e-20
1.18349e-19
2.03267e-19
3.10387e-19
4.31362e-19
5.52955e-19
6.61137e-19
7.46596e-19
8.06708e-19
8.44078e-19
8.63674e-19
8.70755e-19
8.69636e-19
8.6348e-19
8.54418e-19
8.43904e-19
8.32843e-19
8.21792e-19
8.11081e-19
8.00895e-19
7.91329e-19
7.82421e-19
7.74176e-19
7.66577e-19
7.59592e-19
7.53187e-19
7.47319e-19
7.4195e-19
7.37035e-19
7.32533e-19
7.28403e-19
7.24604e-19
7.21094e-19
7.17832e-19
7.14777e-19
7.11893e-19
7.0915e-19
7.06526e-19
7.03991e-19
7.01498e-19
6.98996e-19
6.96426e-19
6.9373e-19
6.90849e-19
6.87732e-19
6.84319e-19
6.80549e-19
6.76359e-19
6.71678e-19
6.66434e-19
6.60545e-19
6.53927e-19
6.46485e-19
6.38117e-19
6.28707e-19
6.18125e-19
6.06217e-19
5.92801e-19
5.77653e-19
5.60492e-19
5.40947e-19
5.18506e-19
4.92404e-19
4.61453e-19
4.23832e-19
3.77097e-19
3.19089e-19
2.50398e-19
1.77052e-19
1.09309e-19
5.602e-20
2.1165e-20
4.44089e-21
4.44089e-21
2.14752e-20
5.83634e-20
1.18588e-19
2.02125e-19
3.02822e-19
4.07721e-19
5.01937e-19
5.75009e-19
6.24537e-19
6.53759e-19
6.68078e-19
6.72572e-19
6.71039e-19
6.66101e-19
6.59381e-19
6.51908e-19
6.44277e-19
6.36823e-19
6.29727e-19
6.23073e-19
6.16892e-19
6.11183e-19
6.0593e-19
6.01104e-19
5.96675e-19
5.9261e-19
5.88876e-19
5.85442e-19
5.82278e-19
5.79354e-19
5.76643e-19
5.74118e-19
5.71754e-19
5.69525e-19
5.67407e-19
5.65377e-19
5.63413e-19
5.61495e-19
5.59606e-19
5.57727e-19
5.55833e-19
5.53899e-19
5.51895e-19
5.49792e-19
5.47559e-19
5.45168e-19
5.42586e-19
5.39782e-19
5.36722e-19
5.33372e-19
5.29691e-19
5.25636e-19
5.21157e-19
5.162e-19
5.10698e-19
5.04575e-19
4.97738e-19
4.90074e-19
4.8144e-19
4.71656e-19
4.60494e-19
4.47653e-19
4.32732e-19
4.1516e-19
3.94061e-19
3.68027e-19
3.34843e-19
2.91629e-19
2.36482e-19
1.7218e-19
1.08214e-19
5.58127e-20
2.11232e-20
4.44089e-21
4.44089e-21
2.14983e-20
5.84862e-20
1.18201e-19
1.9746e-19
2.84577e-19
3.63469e-19
4.22942e-19
4.60824e-19
4.81283e-19
4.90044e-19
4.91819e-19
4.89743e-19
4.85718e-19
4.80886e-19
4.7585e-19
4.70935e-19
4.66296e-19
4.61998e-19
4.58058e-19
4.54465e-19
4.51196e-19
4.48224e-19
4.4552e-19
4.43055e-19
4.40804e-19
4.38741e-19
4.36844e-19
4.35092e-19
4.33467e-19
4.31952e-19
4.3053e-19
4.29187e-19
4.27908e-19
4.2668e-19
4.25491e-19
4.24328e-19
4.2318e-19
4.22037e-19
4.20887e-19
4.19722e-19
4.18529e-19
4.17297e-19
4.16012e-19
4.14661e-19
4.13229e-19
4.11701e-19
4.10062e-19
4.08297e-19
4.0639e-19
4.04325e-19
4.02082e-19
3.99638e-19
3.96969e-19
3.94042e-19
3.90821e-19
3.87257e-19
3.83294e-19
3.78857e-19
3.7385e-19
3.68148e-19
3.61588e-19
3.53956e-19
3.44963e-19
3.34215e-19
3.21125e-19
3.04755e-19
2.83494e-19
2.54705e-19
2.15073e-19
1.63498e-19
1.06112e-19
5.54878e-20
2.10676e-20
4.44089e-21
4.44089e-21
2.15239e-20
5.84374e-20
1.15953e-19
1.84877e-19
2.48398e-19
2.94153e-19
3.20833e-19
3.33594e-19
3.37933e-19
3.37849e-19
3.35738e-19
3.32758e-19
3.29581e-19
3.26501e-19
3.23645e-19
3.21057e-19
3.18737e-19
3.16669e-19
3.14827e-19
3.13186e-19
3.11719e-19
3.10404e-19
3.09219e-19
3.08148e-19
3.07173e-19
3.06282e-19
3.05461e-19
3.047e-19
3.03989e-19
3.0332e-19
3.02685e-19
3.02077e-19
3.0149e-19
3.00916e-19
3.00351e-19
2.99789e-19
2.99225e-19
2.98654e-19
2.98072e-19
2.97473e-19
2.96854e-19
2.96209e-19
2.95532e-19
2.94819e-19
2.94061e-19
2.93251e-19
2.92383e-19
2.91451e-19
2.9045e-19
2.89372e-19
2.88208e-19
2.86949e-19
2.85582e-19
2.84092e-19
2.82458e-19
2.80657e-19
2.78657e-19
2.76416e-19
2.7388e-19
2.70975e-19
2.67602e-19
2.6363e-19
2.58879e-19
2.53101e-19
2.45943e-19
2.36861e-19
2.24909e-19
2.08328e-19
1.84027e-19
1.4833e-19
1.01767e-19
5.48731e-20
2.09934e-20
4.44089e-21
4.44089e-21
2.15338e-20
5.77105e-20
1.08559e-19
1.57381e-19
1.90419e-19
2.07268e-19
2.13864e-19
2.15326e-19
2.1458e-19
2.12975e-19
2.11163e-19
2.09409e-19
2.07819e-19
2.06418e-19
2.05199e-19
2.04144e-19
2.03232e-19
2.0244e-19
2.01751e-19
2.01147e-19
2.00616e-19
2.00144e-19
1.99723e-19
1.99345e-19
1.99001e-19
1.98687e-19
1.98397e-19
1.98127e-19
1.97874e-19
1.97632e-19
1.974e-19
1.97176e-19
1.96955e-19
1.96737e-19
1.96519e-19
1.96298e-19
1.96074e-19
1.95845e-19
1.95608e-19
1.95362e-19
1.95106e-19
1.94837e-19
1.94554e-19
1.94254e-19
1.93934e-19
1.93588e-19
1.93216e-19
1.92816e-19
1.92387e-19
1.91927e-19
1.91433e-19
1.909e-19
1.90324e-19
1.89697e-19
1.89012e-19
1.88258e-19
1.8742e-19
1.86479e-19
1.8541e-19
1.84178e-19
1.82734e-19
1.81013e-19
1.78921e-19
1.76328e-19
1.7305e-19
1.6881e-19
1.63157e-19
1.55232e-19
1.43231e-19
1.23655e-19
9.25979e-20
5.34036e-20
2.08888e-20
4.44089e-21
4.44089e-21
2.14304e-20
5.43941e-20
8.95328e-20
1.11356e-19
1.20472e-19
1.23089e-19
1.23161e-19
1.22444e-19
1.21526e-19
1.20662e-19
1.19911e-19
1.19278e-19
1.18752e-19
1.18315e-19
1.17951e-19
1.17648e-19
1.17392e-19
1.17175e-19
1.16989e-19
1.16828e-19
1.16689e-19
1.16566e-19
1.16456e-19
1.16359e-19
1.1627e-19
1.16188e-19
1.16113e-19
1.16042e-19
1.15975e-19
1.1591e-19
1.15847e-19
1.15786e-19
1.15724e-19
1.15663e-19
1.15601e-19
1.15537e-19
1.15472e-19
1.15404e-19
1.15334e-19
1.1526e-19
1.15183e-19
1.15102e-19
1.15017e-19
1.14925e-19
1.14826e-19
1.14714e-19
1.14593e-19
1.14462e-19
1.14322e-19
1.14173e-19
1.14013e-19
1.13841e-19
1.13655e-19
1.13454e-19
1.13234e-19
1.12992e-19
1.12723e-19
1.12419e-19
1.12074e-19
1.11672e-19
1.11198e-19
1.10625e-19
1.09919e-19
1.09026e-19
1.07869e-19
1.06335e-19
1.04245e-19
1.01285e-19
9.67977e-20
8.91397e-20
7.46477e-20
4.92243e-20
2.06656e-20
4.44089e-21
4.44089e-21
2.05907e-20
4.3065e-20
5.55092e-20
5.92316e-20
5.98591e-20
5.96733e-20
5.93267e-20
5.90058e-20
5.87414e-20
5.85325e-20
5.8369e-20
5.82405e-20
5.81389e-20
5.80576e-20
5.79918e-20
5.79379e-20
5.78934e-20
5.7856e-20
5.78243e-20
5.77972e-20
5.77736e-20
5.77529e-20
5.77345e-20
5.77179e-20
5.77029e-20
5.76889e-20
5.76759e-20
5.76636e-20
5.76518e-20
5.76403e-20
5.7629e-20
5.76178e-20
5.76066e-20
5.75952e-20
5.75835e-20
5.75716e-20
5.75592e-20
5.75463e-20
5.75329e-20
5.75188e-20
5.75041e-20
5.74885e-20
5.7472e-20
5.74539e-20
5.74324e-20
5.74075e-20
5.73806e-20
5.7352e-20
5.73215e-20
5.72891e-20
5.72545e-20
5.72174e-20
5.71775e-20
5.71342e-20
5.7087e-20
5.70351e-20
5.69772e-20
5.69119e-20
5.6837e-20
5.67496e-20
5.66454e-20
5.65182e-20
5.63588e-20
5.61533e-20
5.58805e-20
5.55072e-20
5.49801e-20
5.42107e-20
5.30378e-20
5.10878e-20
4.72316e-20
3.79702e-20
1.96286e-20
4.44089e-21
4.44089e-21
1.55783e-20
2.08321e-20
2.16882e-20
2.17288e-20
2.16656e-20
2.16006e-20
2.1552e-20
2.15169e-20
2.14917e-20
2.14732e-20
2.14596e-20
2.14493e-20
2.14413e-20
2.14351e-20
2.14301e-20
2.14261e-20
2.14228e-20
2.142e-20
2.14177e-20
2.14157e-20
2.14139e-20
2.14124e-20
2.1411e-20
2.14097e-20
2.14086e-20
2.14075e-20
2.14065e-20
2.14055e-20
2.14046e-20
2.14037e-20
2.14028e-20
2.14019e-20
2.1401e-20
2.14e-20
2.13991e-20
2.13981e-20
2.13971e-20
2.13961e-20
2.1395e-20
2.13938e-20
2.13926e-20
2.13914e-20
2.139e-20
2.13883e-20
2.13853e-20
2.1382e-20
2.13786e-20
2.1375e-20
2.13713e-20
2.13673e-20
2.1363e-20
2.13585e-20
2.13536e-20
2.13484e-20
2.13426e-20
2.13363e-20
2.13293e-20
2.13213e-20
2.13122e-20
2.13014e-20
2.12885e-20
2.12725e-20
2.12522e-20
2.12256e-20
2.11893e-20
2.11379e-20
2.10621e-20
2.09454e-20
2.07586e-20
2.04487e-20
1.99005e-20
1.86766e-20
1.43904e-20
4.44089e-21
4.44089e-21
4.44089e-21
4.44089e-21
4.44089e-21
4.44089e-21
4.44089e-21
4.44089e-21
4.44089e-21
4.44089e-21
4.44089e-21
4.44089e-21
4.44089e-21
4.44089e-21
4.44089e-21
4.44089e-21
4.44089e-21
4.44089e-21
4.44089e-21
4.44089e-21
4.44089e-21
4.44089e-21
4.44089e-21
4.44089e-21
4.44089e-21
4.44089e-21
4.44089e-21
4.44089e-21
4.44089e-21
4.44089e-21
4.44089e-21
4.44089e-21
4.44089e-21
4.44089e-21
4.44089e-21
4.44089e-21
4.44089e-21
4.44089e-21
4.44089e-21
4.44089e-21
4.44089e-21
4.44089e-21
4.44089e-21
4.44089e-21
4.44089e-21
4.44089e-21
4.44089e-21
4.44089e-21
4.44089e-21
4.44089e-21
4.44089e-21
4.44089e-21
4.44089e-21
4.44089e-21
4.44089e-21
4.44089e-21
4.44089e-21
4.44089e-21
4.44089e-21
4.44089e-21
4.44089e-21
4.44089e-21
4.44089e-21
4.44089e-21
4.44089e-21
4.44089e-21
4.44089e-21
4.44089e-21
4.44089e-21
4.44089e-21
4.44089e-21
4.44089e-21
4.44089e-21
4.44089e-21
4.44089e-21
4.44089e-21
)
;

boundaryField
{
    movingWall
    {
        type            nutkWallFunction;
        Cmu             0.09;
        kappa           0.41;
        E               9.8;
        value           uniform 0;
    }
    fixedWalls
    {
        type            nutkWallFunction;
        Cmu             0.09;
        kappa           0.41;
        E               9.8;
        value           uniform 0;
    }
    frontAndBack
    {
        type            empty;
    }
}


// ************************************************************************* //
