/*--------------------------------*- C++ -*----------------------------------*\
  =========                 |
  \\      /  F ield         | OpenFOAM: The Open Source CFD Toolbox
   \\    /   O peration     | Website:  https://openfoam.org
    \\  /    A nd           | Version:  12
     \\/     M anipulation  |
\*---------------------------------------------------------------------------*/
FoamFile
{
    format      ascii;
    class       volScalarField;
    location    "6.5";
    object      p;
}
// * * * * * * * * * * * * * * * * * * * * * * * * * * * * * * * * * * * * * //

dimensions      [0 2 -2 0 0 0 0];

internalField   nonuniform List<scalar> 
5625
(
5.13166e-09
-1.83266e-05
-9.33106e-05
-0.000227703
-0.000405899
-0.000612924
-0.000836274
-0.00106548
-0.00129205
-0.00150922
-0.00171175
-0.0018956
-0.00205775
-0.00219597
-0.00230863
-0.00239457
-0.00245299
-0.00248332
-0.0024852
-0.00245838
-0.00240271
-0.00231812
-0.00220458
-0.00206215
-0.00189095
-0.0016912
-0.00146324
-0.00120754
-0.000924766
-0.000615759
-0.000281605
7.63549e-05
0.000456501
0.000856912
0.00127536
0.00170926
0.00215574
0.00261161
0.00307345
0.0035374
0.00399949
0.00445552
0.00490114
0.00533193
0.00574343
0.00613127
0.00649119
0.00681914
0.00711141
0.00736463
0.00757592
0.00774292
0.00786391
0.00793779
0.0079642
0.00794354
0.00787698
0.00776646
0.00761474
0.00742534
0.00720252
0.00695129
0.00667731
0.0063869
0.00608697
0.00578496
0.00548883
0.00520695
0.00494808
0.00472113
0.00453489
0.00439749
0.00431579
0.0042922
0.00430735
1.81791e-05
-2.35203e-07
-6.70982e-05
-0.000185108
-0.00034109
-0.000522648
-0.000719342
-0.000922225
-0.00112379
-0.00131792
-0.00149972
-0.00166535
-0.00181183
-0.0019369
-0.00203887
-0.00211649
-0.00216884
-0.00219526
-0.00219527
-0.00216855
-0.00211489
-0.00203413
-0.00192623
-0.0017912
-0.00162915
-0.00144028
-0.00122491
-0.000983515
-0.000716719
-0.00042535
-0.000110453
0.000226688
0.000584524
0.000961227
0.00135468
0.00176245
0.00218181
0.00260981
0.00304317
0.0034783
0.00391149
0.00433882
0.00475624
0.00515963
0.00554485
0.00590784
0.00624465
0.00655157
0.00682515
0.00706231
0.00726043
0.00741736
0.00753155
0.00760206
0.00762862
0.00761168
0.00755238
0.00745262
0.00731502
0.00714292
0.00694036
0.00671201
0.00646318
0.00619974
0.00592807
0.00565499
0.00538775
0.00513386
0.00490105
0.00469708
0.00452935
0.00440463
0.00432914
0.004307
0.00432238
9.34282e-05
6.63585e-05
-1.06011e-06
-0.000109728
-0.00024928
-0.000410084
-0.000583805
-0.000763078
-0.000941542
-0.00111386
-0.00127565
-0.0014234
-0.00155431
-0.00166618
-0.00175735
-0.00182652
-0.00187272
-0.00189522
-0.00189348
-0.0018671
-0.0018158
-0.0017394
-0.00163778
-0.00151092
-0.0013589
-0.00118189
-0.00098019
-0.000754219
-0.000504576
-0.000232038
6.24104e-05
0.00037756
0.000711953
0.00106387
0.00143133
0.00181206
0.00220352
0.00260295
0.00300724
0.0034131
0.00381707
0.00421548
0.00460459
0.00498055
0.00533955
0.00567781
0.00599169
0.00627774
0.00653282
0.00675408
0.00693912
0.00708602
0.00719336
0.00726034
0.00728677
0.00727311
0.00722052
0.00713081
0.00700648
0.00685068
0.00666719
0.00646039
0.00623519
0.00599702
0.00575171
0.00550546
0.00526478
0.00503634
0.00482688
0.00464306
0.00449113
0.00437676
0.00430586
0.00428438
0.00429929
0.000229464
0.000184827
0.000106222
-3.6565e-06
-0.000137419
-0.000287732
-0.000447909
-0.000611931
-0.000774509
-0.000931124
-0.001078
-0.00121204
-0.00133074
-0.00143211
-0.00151458
-0.00157693
-0.00161821
-0.0016377
-0.00163482
-0.00160915
-0.00156038
-0.00148828
-0.00139269
-0.00127357
-0.00113093
-0.000964903
-0.000775736
-0.000563806
-0.000329646
-7.39657e-05
0.00020233
0.00049812
0.000812051
0.00114252
0.00148767
0.00184538
0.00221328
0.00258873
0.00296886
0.00335057
0.00373058
0.00410546
0.00447166
0.00482557
0.00516359
0.00548216
0.00577785
0.00604743
0.0062879
0.00649662
0.00667133
0.00681022
0.006912
0.00697593
0.00700187
0.00699029
0.00694232
0.00685969
0.0067448
0.00660065
0.00643081
0.00623941
0.00603104
0.00581075
0.00558393
0.00535628
0.00513369
0.00492216
0.0047277
0.00455618
0.00441311
0.00430359
0.00423331
0.00420892
0.00421931
0.000411837
0.000342847
0.000245064
0.000126345
-9.11329e-06
-0.000156136
-0.000309437
-0.000464186
-0.000616112
-0.000761516
-0.000897262
-0.00102075
-0.00112983
-0.00122281
-0.00129828
-0.00135517
-0.00139261
-0.00140991
-0.00140653
-0.00138204
-0.00133612
-0.00126849
-0.00117899
-0.00106749
-0.000933996
-0.00077856
-0.000601369
-0.000402732
-0.000183104
5.68887e-05
0.000316436
0.000594519
0.000889895
0.00120109
0.00152636
0.00186375
0.002211
0.00256566
0.00292501
0.00328611
0.00364585
0.00400097
0.00434809
0.00468377
0.00500457
0.00530707
0.005588
0.00584425
0.00607296
0.00627159
0.00643797
0.00657038
0.00666758
0.00672885
0.00675409
0.00674374
0.00669888
0.00662121
0.00651301
0.00637714
0.006217
0.0060365
0.00583998
0.00563216
0.00541807
0.00520295
0.00499222
0.00479133
0.00460569
0.00444056
0.0043009
0.00419136
0.0041172
0.00408455
0.00408482
0.000626502
0.000528639
0.00040621
0.000273206
0.000130641
-1.83571e-05
-0.00016974
-0.000319756
-0.000465092
-0.00060285
-0.000730548
-0.000846103
-0.000947796
-0.00103422
-0.00110424
-0.00115694
-0.00119158
-0.00120755
-0.00120436
-0.00118161
-0.00113894
-0.0010761
-0.000992871
-0.000889091
-0.000764687
-0.000619664
-0.000454129
-0.000268309
-6.25683e-05
0.000162567
0.00040639
0.000667997
0.000946266
0.00123984
0.00154713
0.00186629
0.00219523
0.0025316
0.00287285
0.00321618
0.00355862
0.00389703
0.00422817
0.00454873
0.00485535
0.00514476
0.00541375
0.0056593
0.00587863
0.00606925
0.00622904
0.0063563
0.00644982
0.00650888
0.00653336
0.00652367
0.00648086
0.00640653
0.00630289
0.00617267
0.00601912
0.00584597
0.00565733
0.00545766
0.00525166
0.00504423
0.00484036
0.00464505
0.00446323
0.00429965
0.00415878
0.00404486
0.00396246
0.00391656
0.00390179
0.000861419
0.000731953
0.000581281
0.000430052
0.000276263
0.000121152
-3.23184e-05
-0.000181368
-0.000323571
-0.000456798
-0.000579209
-0.000689254
-0.000785646
-0.000867327
-0.000933431
-0.000983247
-0.00101619
-0.00103175
-0.00102952
-0.00100912
-0.000970228
-0.000912551
-0.000835845
-0.000739912
-0.000624612
-0.000489876
-0.000335728
-0.0001623
3.01453e-05
0.000241191
0.000470249
0.000716536
0.000979057
0.00125659
0.00154766
0.00185058
0.00216337
0.00248382
0.0028095
0.00313774
0.00346566
0.00379025
0.00410834
0.00441671
0.00471208
0.00499122
0.00525098
0.00548838
0.00570065
0.00588532
0.00604026
0.00616377
0.0062546
0.00631203
0.00633588
0.00632653
0.00628494
0.00621266
0.0061118
0.00598498
0.00583534
0.00566642
0.00548217
0.00528681
0.0050848
0.00488074
0.00467928
0.00448505
0.00430257
0.00413617
0.00398993
0.00386768
0.0037732
0.00370999
0.00367652
0.00110599
0.000943502
0.000762383
0.000590193
0.000422129
0.000257717
9.89711e-05
-5.21946e-05
-0.000194173
-0.000325557
-0.000445127
-0.000551859
-0.000644905
-0.000723564
-0.000787259
-0.000835506
-0.000867885
-0.000884025
-0.000883583
-0.000866238
-0.000831679
-0.000779612
-0.00070976
-0.000621875
-0.000515751
-0.000391239
-0.00024827
-8.68723e-05
9.28024e-05
0.000290458
0.000505632
0.000737669
0.000985708
0.00124866
0.00152519
0.00181371
0.0021124
0.00241916
0.00273166
0.00304732
0.00336338
0.00367687
0.00398471
0.00428371
0.00457062
0.00484224
0.00509542
0.00532716
0.00553468
0.00571546
0.00586736
0.0059886
0.00607789
0.00613444
0.00615801
0.0061489
0.00610801
0.0060368
0.00593729
0.00581201
0.00566396
0.00549659
0.00531367
0.00511926
0.00491761
0.00471307
0.00451005
0.00431286
0.00412571
0.0039526
0.00379726
0.00366319
0.00355336
0.00346975
0.00341502
0.00135093
0.00115488
0.000942113
0.000747177
0.000562678
0.000386597
0.000220118
6.43798e-05
-7.97598e-05
-0.000211568
-0.000330417
-0.000435791
-0.000527274
-0.000604526
-0.000667263
-0.000715234
-0.0007482
-0.000765924
-0.000768153
-0.000754619
-0.000725034
-0.000679096
-0.000616498
-0.000536939
-0.000440142
-0.000325872
-0.000193959
-4.43195e-05
0.000123016
0.000307881
0.000509943
0.000728687
0.000963386
0.00121309
0.00147659
0.00175244
0.00203892
0.00233404
0.00263558
0.00294104
0.00324771
0.00355269
0.00385293
0.00414524
0.00442639
0.00469314
0.00494232
0.00517088
0.00537596
0.00555498
0.0057057
0.00582628
0.00591532
0.00597195
0.00599581
0.00598714
0.00594673
0.00587595
0.00577672
0.00565149
0.00550318
0.00533509
0.00515089
0.00495451
0.00475003
0.00454165
0.00433355
0.00412984
0.00393448
0.00375119
0.00358349
0.00343456
0.00330668
0.0032003
0.00312258
0.00158808
0.00135848
0.00111359
0.000894843
0.000692457
0.000503009
0.000326949
0.000164722
1.64964e-05
-0.000117623
-0.000237565
-0.000343303
-0.000434836
-0.000512178
-0.000575337
-0.000624294
-0.000658994
-0.000679333
-0.000685153
-0.000676241
-0.00065233
-0.000613112
-0.000558245
-0.000487372
-0.00040014
-0.00029622
-0.000175334
-3.72789e-05
0.000118044
0.000290604
0.000480211
0.00068649
0.000908859
0.0011465
0.00139835
0.00166308
0.00193909
0.00222449
0.00251713
0.0028146
0.00311423
0.00341315
0.00370832
0.00399653
0.00427453
0.00453903
0.00478676
0.00501461
0.0052196
0.00539906
0.00555061
0.00567229
0.00576257
0.00582044
0.00584545
0.00583769
0.00579785
0.0057272
0.00562757
0.0055013
0.00535122
0.00518057
0.0049929
0.00479205
0.004582
0.00436682
0.00415055
0.00393717
0.00373045
0.00353395
0.00335099
0.00318461
0.00303641
0.00290548
0.0028036
0.00181016
0.00154743
0.00127041
0.00102733
0.000806158
0.000602178
0.00041519
0.000245007
9.11635e-05
-4.68203e-05
-0.000169399
-0.000277005
-0.000370039
-0.000448854
-0.00051374
-0.000564906
-0.000602476
-0.000626476
-0.000636841
-0.00063341
-0.000615936
-0.000584098
-0.000537518
-0.000475777
-0.000398438
-0.000305073
-0.000195288
-6.87535e-05
7.47679e-05
0.000235388
0.000413066
0.000607577
0.000818485
0.00104512
0.00128654
0.00154156
0.00180868
0.00208611
0.00237178
0.00266333
0.00295813
0.00325334
0.00354587
0.00383251
0.00410992
0.00437474
0.00462361
0.00485326
0.00506061
0.00524282
0.00539735
0.00552206
0.00561528
0.00567584
0.00570311
0.00569704
0.00565821
0.00558775
0.00548738
0.00535936
0.00520643
0.00503176
0.00483883
0.00463141
0.00441343
0.00418887
0.00396173
0.00373587
0.003515
0.00330257
0.00310182
0.0029157
0.00274528
0.0025884
0.00246154
0.00201062
0.0017154
0.00140662
0.00113907
0.000898635
0.00067938
0.00048052
0.000301286
0.000140626
-2.48967e-06
-0.000129006
-0.000239792
-0.000335629
-0.000417191
-0.000485037
-0.000539594
-0.000581156
-0.000609875
-0.000625768
-0.000628724
-0.000618508
-0.000594784
-0.000557129
-0.000505055
-0.000438037
-0.000355539
-0.000257043
-0.000142084
-1.02809e-05
0.000138632
0.000304769
0.00048806
0.000688225
0.00090474
0.00113681
0.00138337
0.00164303
0.00191409
0.00219457
0.00248215
0.00277423
0.00306795
0.00336021
0.00364773
0.00392711
0.00419484
0.00444745
0.00468152
0.00489377
0.00508118
0.00524101
0.00537093
0.00546905
0.005534
0.00556496
0.00556172
0.00552467
0.00545482
0.00535376
0.00522366
0.00506717
0.00488739
0.00468779
0.00447207
0.00424415
0.004008
0.00376759
0.00352679
0.00328928
0.00305848
0.00283767
0.00262979
0.00243548
0.00225147
0.00209896
0.00218345
0.00185655
0.0015166
0.00122477
0.000964909
0.000729971
0.000518618
0.000329543
0.000161141
1.18692e-05
-0.000119681
-0.00023479
-0.000334597
-0.00042008
-0.000492052
-0.000551144
-0.000597807
-0.000632311
-0.000654747
-0.000665042
-0.000662969
-0.000648167
-0.00062016
-0.000578387
-0.000522225
-0.00045102
-0.000364127
-0.000260934
-0.000140906
-3.61724e-06
0.00015121
0.000323673
0.000513649
0.000720771
0.000944393
0.00118357
0.00143703
0.00170319
0.00198012
0.00226554
0.00255688
0.00285126
0.00314555
0.00343639
0.00372026
0.00399353
0.00425256
0.00449373
0.00471358
0.00490882
0.00507651
0.00521405
0.0053193
0.00539066
0.00542708
0.00542814
0.00539403
0.00532559
0.00522428
0.00509215
0.00493178
0.00474621
0.00453887
0.00431347
0.00407395
0.0038243
0.00356855
0.00331061
0.00305421
0.00280286
0.00255991
0.00232842
0.00210869
0.00189646
0.00171768
0.00232308
0.00196544
0.00159509
0.00127936
0.00100017
0.000749399
0.00052519
0.000325728
0.000148885
-7.36512e-06
-0.000144872
-0.000265302
-0.00037013
-0.000460624
-0.000537828
-0.000602566
-0.000655432
-0.000696798
-0.000726821
-0.000745458
-0.000752478
-0.000747485
-0.000729946
-0.000699213
-0.000654558
-0.000595204
-0.000520363
-0.000429273
-0.000321234
-0.000195651
-5.20718e-05
0.000109774
0.000289935
0.000488208
0.000704098
0.000936801
0.00118517
0.00144771
0.00172256
0.00200751
0.00229998
0.00259709
0.00289564
0.0031922
0.0034831
0.00376458
0.00403279
0.00428389
0.00451418
0.00472011
0.00489844
0.00504628
0.00516123
0.00524136
0.00528538
0.00529259
0.00526296
0.00519715
0.00509643
0.00496274
0.00479855
0.00460687
0.00439111
0.00415501
0.00390254
0.00363779
0.00336488
0.00308783
0.00281053
0.00253661
0.0022696
0.00201275
0.00176614
0.00152458
0.00131884
0.00242429
0.00203692
0.00163709
0.00129801
0.000999781
0.000733225
0.000495998
0.000285797
9.99971e-05
-6.3892e-05
-0.000208134
-0.000334764
-0.000445572
-0.000542091
-0.000625588
-0.000697057
-0.000757223
-0.000806548
-0.000845241
-0.000873276
-0.000890409
-0.000896201
-0.000890048
-0.00087121
-0.000838842
-0.000792036
-0.000729852
-0.000651365
-0.000555702
-0.000442088
-0.000309886
-0.000158641
1.18784e-05
0.000201642
0.000410321
0.000637257
0.000881435
0.00114146
0.00141557
0.00170158
0.00199694
0.00229874
0.00260374
0.00290838
0.00320888
0.00350128
0.00378153
0.00404553
0.0042893
0.00450898
0.00470102
0.00486218
0.0049897
0.00508136
0.0051355
0.00515114
0.00512798
0.00506643
0.00496758
0.0048332
0.00466569
0.00446798
0.00424348
0.00399599
0.00372955
0.00344837
0.00315674
0.00285885
0.00255879
0.00226042
0.00196752
0.00168362
0.00140865
0.00113655
0.000903048
0.00248214
0.00206613
0.00163783
0.00127611
0.00095926
0.000677125
0.000426877
0.000205739
1.06088e-05
-0.000161448
-0.000313092
-0.000446704
-0.000564372
-0.000667879
-0.000758693
-0.000837964
-0.000906532
-0.000964936
-0.00101342
-0.00105198
-0.00108032
-0.00109797
-0.00110423
-0.00109827
-0.00107911
-0.0010457
-0.000996946
-0.000931743
-0.000849036
-0.000747857
-0.000627371
-0.000486928
-0.000326099
-0.000144727
5.70369e-05
0.000278696
0.000519377
0.00077781
0.00105231
0.00134076
0.00164063
0.00194899
0.00226253
0.0025776
0.00289027
0.00319638
0.00349163
0.00377166
0.00403215
0.00426892
0.00447801
0.00465583
0.00479922
0.00490554
0.00497277
0.00499958
0.00498534
0.00493016
0.00483492
0.00470121
0.00453128
0.00432804
0.00409488
0.00383565
0.00355453
0.00325588
0.00294419
0.00262392
0.00229941
0.0019748
0.00165425
0.0013416
0.00103672
0.000732741
0.000470448
0.00249195
0.00204845
0.00159278
0.00120921
0.000874296
0.000576911
0.000313759
8.16043e-05
-0.000123119
-0.000303772
-0.000463395
-0.000604699
-0.000730052
-0.000841467
-0.000940599
-0.00102874
-0.00110683
-0.00117546
-0.00123492
-0.00128518
-0.00132592
-0.0013566
-0.00137643
-0.00138446
-0.00137958
-0.00136059
-0.00132622
-0.00127518
-0.00120622
-0.00111817
-0.00100997
-0.000880771
-0.000729927
-0.000557079
-0.000362183
-0.000145556
9.20897e-05
0.000349617
0.000625443
0.000917529
0.00122338
0.00154004
0.00186416
0.00219197
0.00251938
0.00284202
0.00315535
0.00345469
0.00373537
0.00399281
0.00422265
0.00442084
0.00458377
0.00470836
0.00479213
0.00483334
0.00483096
0.00478479
0.00469541
0.00456419
0.00439325
0.00418541
0.00394406
0.00367314
0.00337695
0.00306007
0.00272723
0.0023832
0.00203267
0.00168014
0.00133017
0.00098704
0.000650592
0.000313189
2.08583e-05
0.00244924
0.00197949
0.00149763
0.00109309
0.000740746
0.000428534
0.000152689
-9.04708e-05
-0.000304965
-0.000494568
-0.000662683
-0.000812335
-0.000946156
-0.00106638
-0.00117482
-0.00127291
-0.00136166
-0.00144172
-0.00151339
-0.00157661
-0.00163103
-0.00167602
-0.0017107
-0.00173399
-0.00174465
-0.00174128
-0.00172245
-0.00168667
-0.00163248
-0.00155848
-0.0014634
-0.00134615
-0.00120586
-0.00104195
-0.000854148
-0.00064258
-0.000407777
-0.000150717
0.000127141
0.000423849
0.000736957
0.00106352
0.00140013
0.00174292
0.00208764
0.00242971
0.00276429
0.00308638
0.00339093
0.00367293
0.00392753
0.00415021
0.00433681
0.00448374
0.00458802
0.00464739
0.0046604
0.00462642
0.00454571
0.00441936
0.00424932
0.00403829
0.00378969
0.0035075
0.0031962
0.00286061
0.00250577
0.0021368
0.00175879
0.00137669
0.000995546
0.000620138
0.000250333
-0.000122277
-0.000446159
0.00234977
0.00185504
0.00134826
0.0009237
0.000554647
0.000228103
-6.01506e-05
-0.000314239
-0.000538621
-0.000737473
-0.000914547
-0.00107317
-0.00121622
-0.00134613
-0.00146488
-0.00157401
-0.00167459
-0.00176733
-0.00185251
-0.00193005
-0.00199953
-0.00206025
-0.00211121
-0.00215119
-0.00217879
-0.00219245
-0.00219054
-0.00217135
-0.0021332
-0.00207446
-0.00199361
-0.00188931
-0.00176044
-0.00160618
-0.00142601
-0.00121984
-0.000987979
-0.000731237
-0.000450913
-0.000148843
0.000172594
0.000510479
0.000861361
0.00122129
0.00158585
0.00195024
0.00230934
0.00265779
0.00299011
0.00330083
0.00358458
0.00383625
0.00405113
0.004225
0.00435431
0.00443621
0.00446873
0.00445075
0.00438213
0.00426363
0.00409696
0.00388471
0.00363026
0.00333767
0.0030116
0.00265714
0.00227967
0.00188475
0.00147793
0.00106467
0.000650573
0.000240997
-0.000164122
-0.000573974
-0.000931202
0.00218948
0.00167112
0.00114076
0.000697213
0.000312222
-2.81006e-05
-0.000328426
-0.000593316
-0.00082766
-0.00103602
-0.00122249
-0.00139069
-0.00154372
-0.00168421
-0.00181429
-0.00193556
-0.00204921
-0.00215592
-0.00225599
-0.00234929
-0.00243534
-0.00251333
-0.00258214
-0.00264041
-0.00268657
-0.00271888
-0.00273549
-0.00273447
-0.00271391
-0.00267191
-0.00260671
-0.00251668
-0.00240043
-0.00225686
-0.00208521
-0.00188511
-0.00165664
-0.00140039
-0.00111748
-0.000809591
-0.000479012
-0.00012861
0.000238151
0.000617245
0.00100411
0.00139373
0.00178067
0.00215921
0.00252342
0.00286731
0.00318493
0.00347055
0.0037188
0.00392477
0.00408423
0.00419368
0.00425049
0.004253
0.00420056
0.00409355
0.00393338
0.00372245
0.0034641
0.00316246
0.00282237
0.00244922
0.00204879
0.00162711
0.00119025
0.00074428
0.000295422
-0.000150313
-0.000592882
-0.00104228
-0.00143495
0.00196453
0.00142399
0.000871444
0.000409996
9.89618e-06
-0.000343604
-0.000655624
-0.000931155
-0.00117551
-0.00139362
-0.00158992
-0.00176828
-0.00193204
-0.00208402
-0.00222644
-0.00236104
-0.00248901
-0.00261107
-0.00272749
-0.0028381
-0.00294232
-0.00303926
-0.00312765
-0.003206
-0.00327253
-0.00332533
-0.00336231
-0.00338132
-0.00338018
-0.00335673
-0.0033089
-0.0032348
-0.00313274
-0.00300129
-0.00283941
-0.00264643
-0.00242217
-0.00216695
-0.00188168
-0.00156786
-0.00122764
-0.000863789
-0.000479767
-7.96495e-05
0.000331877
0.000749571
0.00116771
0.00158018
0.00198058
0.00236235
0.00271893
0.00304389
0.00333111
0.00357493
0.00377031
0.00391299
0.00399961
0.00402785
0.00399644
0.00390528
0.00375542
0.00354903
0.00328934
0.00298054
0.00262765
0.00223639
0.00181295
0.00136391
0.000895943
0.000415754
-6.97032e-05
-0.000553695
-0.00103604
-0.00152758
-0.00195809
0.00167131
0.0011101
0.00053686
5.86506e-05
-0.000355685
-0.000721726
-0.00104503
-0.00133102
-0.00158541
-0.00181351
-0.00202004
-0.00220916
-0.00238443
-0.0025488
-0.00270465
-0.00285376
-0.00299738
-0.00313623
-0.00327055
-0.00340011
-0.00352425
-0.00364196
-0.00375184
-0.00385222
-0.00394116
-0.00401651
-0.00407597
-0.00411714
-0.00413755
-0.00413477
-0.00410642
-0.00405028
-0.00396433
-0.00384683
-0.00369638
-0.00351199
-0.00329318
-0.00303995
-0.00275296
-0.00243348
-0.00208345
-0.00170556
-0.00130318
-0.000880408
-0.000442043
6.48175e-06
0.000459148
0.000909447
0.00135048
0.00177511
0.00217607
0.00254619
0.00287852
0.00316651
0.00340426
0.0035866
0.00370934
0.00376933
0.00376462
0.0036945
0.00355957
0.00336167
0.00310389
0.00279043
0.0024265
0.00201813
0.001572
0.00109526
0.000595248
7.94068e-05
-0.000444511
-0.000968964
-0.0014936
-0.00203017
-0.00250123
0.00130647
0.000726165
0.000133794
-0.000359981
-0.000787639
-0.00116555
-0.00149972
-0.00179597
-0.00206041
-0.00229871
-0.00251591
-0.00271641
-0.00290395
-0.00308167
-0.00325203
-0.00341689
-0.00357754
-0.0037347
-0.00388855
-0.00403881
-0.00418474
-0.00432517
-0.0044586
-0.00458317
-0.00469675
-0.00479697
-0.00488129
-0.00494703
-0.00499145
-0.0050118
-0.00500537
-0.00496961
-0.00490213
-0.00480081
-0.0046639
-0.00449004
-0.00427836
-0.00402855
-0.00374093
-0.00341648
-0.00305693
-0.00266477
-0.00224328
-0.00179653
-0.00132938
-0.000847434
-0.000356993
0.000135042
0.000621268
0.00109391
0.001545
0.00196651
0.00235058
0.00268971
0.00297697
0.00320618
0.00337216
0.00347083
0.00349938
0.00345639
0.00334186
0.00315724
0.00290539
0.00259048
0.00221786
0.00179391
0.0013258
0.000821309
0.00028852
-0.000264321
-0.00082857
-0.00139579
-0.00196542
-0.00255019
-0.00306483
0.000866913
0.000269179
-0.000340697
-0.000848792
-0.00128882
-0.00167792
-0.0020225
-0.00232879
-0.00260331
-0.00285205
-0.00308034
-0.00329282
-0.00349345
-0.00368547
-0.00387148
-0.00405339
-0.00423251
-0.00440954
-0.00458464
-0.00475746
-0.00492714
-0.00509242
-0.00525162
-0.00540272
-0.00554339
-0.00567102
-0.00578283
-0.00587585
-0.00594705
-0.00599333
-0.00601166
-0.00599909
-0.00595285
-0.00587042
-0.00574963
-0.0055887
-0.00538635
-0.00514188
-0.00485521
-0.004527
-0.00415868
-0.00375249
-0.00331156
-0.00283987
-0.0023423
-0.00182459
-0.00129329
-0.000755678
-0.000219674
0.000306307
0.000813508
0.00129302
0.00173598
0.00213381
0.00247843
0.00276254
0.00297978
0.00312497
0.00319432
0.00318552
0.00309786
0.00293224
0.00269121
0.00237883
0.00200058
0.00156316
0.00107425
0.000542324
-2.37455e-05
-0.000614814
-0.00122125
-0.00183363
-0.00245115
-0.00308757
-0.00364914
0.000349829
-0.00026359
-0.000889271
-0.00141039
-0.00186182
-0.00226138
-0.00261592
-0.00293205
-0.00321665
-0.00347605
-0.00371587
-0.00394097
-0.00415549
-0.00436282
-0.00456563
-0.00476591
-0.00496498
-0.00516353
-0.00536168
-0.00555899
-0.00575453
-0.00594688
-0.00613424
-0.00631438
-0.00648478
-0.0066426
-0.00678478
-0.00690809
-0.00700914
-0.00708453
-0.00713082
-0.00714467
-0.00712288
-0.00706251
-0.0069609
-0.00681583
-0.00662554
-0.00638887
-0.00610531
-0.00577509
-0.00539929
-0.00497984
-0.00451962
-0.00402248
-0.00349326
-0.00293777
-0.00236277
-0.0017759
-0.00118558
-0.000600886
-3.13813e-05
0.000513066
0.00102252
0.0014872
0.00189777
0.0022456
0.00252303
0.0027236
0.00284234
0.00287586
0.00282258
0.00268273
0.00245839
0.00215344
0.0017734
0.00132529
0.000817331
0.000258688
-0.000340873
-0.000971233
-0.00162167
-0.00228166
-0.00295013
-0.00364196
-0.0042541
-0.000247264
-0.000874553
-0.00151428
-0.00204709
-0.0025089
-0.0029182
-0.00328222
-0.00360797
-0.00390267
-0.00417297
-0.00442476
-0.00466311
-0.00489235
-0.00511598
-0.00533679
-0.00555679
-0.00577734
-0.0059991
-0.00622214
-0.00644597
-0.00666955
-0.00689133
-0.00710935
-0.00732121
-0.00752417
-0.00771517
-0.00789087
-0.00804773
-0.00818204
-0.00829002
-0.00836785
-0.00841176
-0.00841808
-0.0083834
-0.00830456
-0.0081788
-0.00800386
-0.00777804
-0.00750033
-0.00717048
-0.0067891
-0.00635774
-0.00587897
-0.00535642
-0.0047948
-0.00419994
-0.00357876
-0.00293921
-0.00229018
-0.00164142
-0.00100331
-0.000386744
0.000197191
0.000737419
0.0012232
0.00164441
0.00199191
0.00225775
0.00243557
0.00252071
0.00251049
0.0024043
0.00220362
0.00191199
0.00153494
0.00107971
0.000555071
-2.90535e-05
-0.000661963
-0.00133246
-0.00202863
-0.00273872
-0.00346135
-0.0042126
-0.00487928
-0.00092651
-0.00156579
-0.00221773
-0.00276086
-0.00323202
-0.00365031
-0.00402335
-0.00435848
-0.00466328
-0.00494472
-0.0052089
-0.00546115
-0.00570593
-0.00594689
-0.00618687
-0.00642797
-0.00667153
-0.00691822
-0.00716807
-0.0074205
-0.00767437
-0.00792802
-0.00817934
-0.00842574
-0.00866427
-0.00889162
-0.00910419
-0.00929812
-0.00946938
-0.00961378
-0.00972709
-0.00980508
-0.00984361
-0.00983873
-0.00978674
-0.00968431
-0.00952858
-0.00931728
-0.00904879
-0.00872231
-0.00833791
-0.00789667
-0.00740075
-0.00685344
-0.00625927
-0.005624
-0.00495461
-0.00425933
-0.00354748
-0.00282944
-0.00211645
-0.00142043
-0.000753701
-0.000128752
0.000442132
0.000947193
0.00137557
0.00171764
0.00196538
0.00211266
0.00215546
0.00209209
0.00192323
0.00165197
0.00128367
0.0008258
0.000287618
-0.000320166
-0.000985845
-0.00169706
-0.00244056
-0.00320324
-0.00398338
-0.00479831
-0.0055238
-0.00168968
-0.00233901
-0.0030013
-0.00355335
-0.00403281
-0.00445932
-0.00484087
-0.00518516
-0.00550007
-0.00579285
-0.00606987
-0.00633662
-0.00659776
-0.00685703
-0.00711738
-0.00738093
-0.00764906
-0.00792241
-0.00820098
-0.00848412
-0.00877059
-0.00905863
-0.00934595
-0.00962981
-0.00990704
-0.0101741
-0.0104271
-0.0106618
-0.010874
-0.0110589
-0.011212
-0.0113285
-0.0114037
-0.0114332
-0.0114126
-0.0113381
-0.011206
-0.0110135
-0.0107583
-0.0104389
-0.0100547
-0.00960637
-0.0090954
-0.00852472
-0.00789854
-0.00722245
-0.00650343
-0.00574987
-0.00497149
-0.00417926
-0.00338524
-0.00260241
-0.00184439
-0.00112518
-0.000458726
0.000141381
0.000662369
0.00109269
0.00142241
0.00164363
0.00175073
0.00174069
0.00161316
0.00137056
0.00101798
0.000562955
1.52334e-05
-0.000613684
-0.00131103
-0.00206317
-0.00285541
-0.00367315
-0.00451423
-0.00539736
-0.00618622
-0.00253817
-0.00319557
-0.00386628
-0.00442582
-0.0049125
-0.00534647
-0.00573604
-0.00608922
-0.00641422
-0.00671854
-0.00700879
-0.00729065
-0.00756892
-0.00784748
-0.00812933
-0.00841667
-0.00871088
-0.0090126
-0.0093218
-0.00963775
-0.00995915
-0.0102841
-0.0106102
-0.0109345
-0.0112537
-0.0115639
-0.011861
-0.0121405
-0.0123977
-0.0126275
-0.0128249
-0.0129846
-0.0131015
-0.0131703
-0.0131863
-0.0131447
-0.0130413
-0.0128725
-0.0126353
-0.0123273
-0.0119475
-0.0114955
-0.0109724
-0.0103805
-0.00972362
-0.00900707
-0.00823771
-0.00742398
-0.00657592
-0.005705
-0.00482411
-0.00394726
-0.00308942
-0.00226615
-0.00149322
-0.000786205
-0.000160015
0.000371611
0.00079657
0.00110486
0.00128897
0.00134422
0.00126897
0.00106473
0.000736099
0.000290589
-0.000261667
-0.000908376
-0.00163566
-0.00242851
-0.00327065
-0.00414581
-0.00505133
-0.00600739
-0.00686444
-0.00347294
-0.00413639
-0.0048136
-0.00537917
-0.005872
-0.00631264
-0.0067097
-0.0070715
-0.00740654
-0.00772256
-0.00802639
-0.00832391
-0.00862004
-0.00891878
-0.00922323
-0.00953562
-0.00985736
-0.0101891
-0.0105308
-0.0108816
-0.0112402
-0.0116046
-0.0119722
-0.01234
-0.0127044
-0.0130613
-0.0134063
-0.0137346
-0.0140411
-0.0143204
-0.014567
-0.0147749
-0.0149386
-0.0150522
-0.0151102
-0.0151071
-0.015038
-0.0148985
-0.0146845
-0.0143932
-0.0140224
-0.0135711
-0.0130396
-0.0124296
-0.0117443
-0.0109885
-0.0101689
-0.00929391
-0.00837373
-0.00742027
-0.00644714
-0.00546938
-0.0045033
-0.0035661
-0.00267548
-0.00184918
-0.00110444
-0.000457465
7.71527e-05
0.000486983
0.000762262
0.000896314
0.000885862
0.000731197
0.000436197
8.16515e-06
-0.000542478
-0.00120269
-0.00195743
-0.00279024
-0.00368309
-0.00461788
-0.00559138
-0.00662528
-0.00755564
-0.00449454
-0.00516201
-0.00584376
-0.00641392
-0.00691181
-0.0073583
-0.00776232
-0.00813245
-0.00847743
-0.00880526
-0.00912297
-0.0094366
-0.00975123
-0.010071
-0.010399
-0.0107376
-0.0110882
-0.0114516
-0.0118275
-0.0122152
-0.0126132
-0.0130195
-0.0134313
-0.0138455
-0.0142583
-0.0146654
-0.0150622
-0.0154434
-0.0158037
-0.0161372
-0.0164379
-0.0166994
-0.0169154
-0.0170794
-0.0171853
-0.0172267
-0.017198
-0.0170937
-0.0169091
-0.0166402
-0.0162841
-0.0158386
-0.0153034
-0.0146792
-0.0139685
-0.0131757
-0.0123069
-0.0113706
-0.0103767
-0.00933764
-0.00826758
-0.00718255
-0.00610016
-0.0050393
-0.00401967
-0.00306132
-0.00218406
-0.00140682
-0.000747011
-0.00021985
0.000162243
0.000390193
0.000458691
0.000366464
0.000116359
-0.000284768
-0.00082636
-0.00149468
-0.00227354
-0.00314491
-0.00408887
-0.00508529
-0.00613026
-0.0072471
-0.0082561
-0.00560306
-0.00627253
-0.00695688
-0.00753018
-0.00803203
-0.00848358
-0.00889398
-0.00927208
-0.00962687
-0.00996654
-0.0102983
-0.0106284
-0.0109621
-0.0113035
-0.011656
-0.0120218
-0.0124025
-0.0127988
-0.0132106
-0.013637
-0.0140765
-0.014527
-0.0149856
-0.0154491
-0.0159135
-0.0163743
-0.0168266
-0.0172649
-0.0176834
-0.0180758
-0.0184357
-0.0187561
-0.0190301
-0.0192506
-0.0194105
-0.0195028
-0.0195209
-0.0194585
-0.0193098
-0.0190699
-0.0187346
-0.018301
-0.0177675
-0.017134
-0.0164022
-0.0155755
-0.0146598
-0.0136629
-0.0125949
-0.0114682
-0.0102974
-0.00909947
-0.00789326
-0.00669934
-0.0055395
-0.00443621
-0.00341203
-0.00248889
-0.00168736
-0.00102583
-0.000519815
-0.000181248
-1.79183e-05
-3.30944e-05
-0.000225331
-0.000588519
-0.00111217
-0.00178198
-0.0025806
-0.00348836
-0.00448329
-0.00554305
-0.00666291
-0.00786787
-0.00896109
-0.00679816
-0.00746764
-0.00815268
-0.00872769
-0.00923242
-0.00968819
-0.0101044
-0.0104901
-0.0108544
-0.0112059
-0.0115518
-0.0118986
-0.0122517
-0.0126153
-0.0129928
-0.0133867
-0.0137985
-0.014229
-0.014678
-0.0151447
-0.0156276
-0.0161244
-0.0166323
-0.0171478
-0.0176668
-0.0181846
-0.0186961
-0.0191954
-0.0196765
-0.0201326
-0.0205567
-0.0209414
-0.0212791
-0.0215621
-0.0217825
-0.0219324
-0.0220042
-0.0219906
-0.0218849
-0.021681
-0.0213735
-0.0209585
-0.0204332
-0.0197963
-0.0190484
-0.0181923
-0.0172329
-0.0161776
-0.0150361
-0.0138208
-0.0125466
-0.0112312
-0.00989445
-0.00855871
-0.00724782
-0.00598679
-0.00480109
-0.00371592
-0.00275529
-0.00194123
-0.0012928
-0.000825283
-0.000549482
-0.000471157
-0.000590719
-0.00090318
-0.00139841
-0.00206167
-0.00287452
-0.00381562
-0.00486076
-0.00598516
-0.00718318
-0.00848154
-0.00966474
-0.00807904
-0.00874658
-0.00943046
-0.0100058
-0.0105123
-0.0109715
-0.0113928
-0.0117856
-0.0121592
-0.0125222
-0.0128823
-0.0132458
-0.0136184
-0.0140045
-0.0144076
-0.0148301
-0.0152738
-0.0157393
-0.0162267
-0.016735
-0.0172629
-0.0178079
-0.0183671
-0.0189371
-0.0195134
-0.0200914
-0.0206655
-0.0212297
-0.0217775
-0.0223018
-0.0227952
-0.0232496
-0.0236569
-0.0240084
-0.0242957
-0.0245099
-0.0246425
-0.0246851
-0.0246299
-0.0244695
-0.0241974
-0.0238084
-0.0232984
-0.0226649
-0.0219072
-0.021027
-0.0200283
-0.0189181
-0.0177052
-0.0164017
-0.0150228
-0.0135864
-0.0121135
-0.0106281
-0.00915604
-0.00772488
-0.00636316
-0.00509954
-0.00396186
-0.00297615
-0.00216551
-0.00154916
-0.00114149
-0.000951321
-0.000981466
-0.00122852
-0.00168307
-0.00233019
-0.00315043
-0.00412075
-0.00521457
-0.00640445
-0.00768368
-0.00908073
-0.0103598
-0.00944444
-0.0101082
-0.0107891
-0.0113635
-0.0118707
-0.0123324
-0.0127582
-0.0131576
-0.01354
-0.0139143
-0.0142881
-0.0146682
-0.0150603
-0.0154689
-0.0158976
-0.016349
-0.016825
-0.0173262
-0.0178527
-0.0184037
-0.0189777
-0.0195724
-0.0201848
-0.0208113
-0.0214474
-0.0220883
-0.0227282
-0.0233608
-0.0239793
-0.0245762
-0.0251435
-0.0256728
-0.0261552
-0.0265814
-0.026942
-0.0272273
-0.0274279
-0.0275341
-0.0275371
-0.0274281
-0.0271996
-0.0268446
-0.0263578
-0.0257353
-0.0249749
-0.0240767
-0.0230441
-0.0218843
-0.0206038
-0.0192139
-0.0177303
-0.0161709
-0.0145577
-0.0129159
-0.0112735
-0.00966051
-0.00810868
-0.00665028
-0.00531726
-0.00414005
-0.00314633
-0.00235983
-0.00179917
-0.00147692
-0.0013989
-0.00156387
-0.00196356
-0.00258321
-0.00340253
-0.00439675
-0.00553684
-0.00679244
-0.00815561
-0.00965662
-0.0110377
-0.0108927
-0.011551
-0.0122273
-0.0127993
-0.0133063
-0.0137697
-0.0141992
-0.0146044
-0.0149951
-0.0153801
-0.0157672
-0.0161635
-0.0165746
-0.0170054
-0.0174595
-0.0179398
-0.018448
-0.0189851
-0.0195511
-0.0201454
-0.0207664
-0.0214118
-0.0220788
-0.0227634
-0.0234614
-0.0241675
-0.0248759
-0.02558
-0.0262728
-0.0269462
-0.027592
-0.028201
-0.0287638
-0.0292705
-0.0297106
-0.0300737
-0.0303493
-0.0305267
-0.0305956
-0.0305463
-0.0303695
-0.0300571
-0.0296021
-0.028999
-0.0282439
-0.0273347
-0.0262734
-0.0250713
-0.0237301
-0.022257
-0.0206702
-0.0189872
-0.0172307
-0.0154272
-0.0136066
-0.0118013
-0.010046
-0.00837696
-0.00683032
-0.00544136
-0.00424284
-0.00326362
-0.00252726
-0.00205079
-0.00184382
-0.00190792
-0.00223656
-0.00281552
-0.00362392
-0.00463539
-0.00581828
-0.00713912
-0.00858857
-0.0101987
-0.011688
-0.0124217
-0.0130729
-0.0137431
-0.0143117
-0.0148174
-0.0152816
-0.015714
-0.0161244
-0.0165225
-0.0169174
-0.0173171
-0.0177287
-0.0181582
-0.0186105
-0.0190894
-0.0195979
-0.0201379
-0.0207106
-0.021316
-0.0219536
-0.0226219
-0.0233187
-0.024041
-0.024785
-0.0255463
-0.0263195
-0.0270986
-0.027877
-0.028647
-0.0294005
-0.0301287
-0.0308219
-0.03147
-0.0320624
-0.032588
-0.0330354
-0.0333928
-0.0336487
-0.0337914
-0.0338098
-0.0336934
-0.0334323
-0.0330181
-0.0324437
-0.031704
-0.0307959
-0.0297163
-0.0284681
-0.0270719
-0.025528
-0.0238401
-0.0220339
-0.0201322
-0.0181634
-0.0161584
-0.0141516
-0.0121809
-0.010286
-0.00850791
-0.00688689
-0.00546131
-0.00426579
-0.00332957
-0.002675
-0.00231626
-0.00225855
-0.00249776
-0.00302076
-0.00380646
-0.00482697
-0.00604802
-0.00743278
-0.00897035
-0.0106946
-0.0122982
-0.014029
-0.0146718
-0.0153346
-0.0158986
-0.0164022
-0.0168662
-0.0173007
-0.0177153
-0.0181199
-0.0185236
-0.0189348
-0.0193607
-0.0198073
-0.0202799
-0.0207824
-0.0213181
-0.021889
-0.0224963
-0.0231405
-0.0238209
-0.0245362
-0.0252844
-0.0260623
-0.0268662
-0.0276917
-0.0285332
-0.0293848
-0.0302393
-0.0310891
-0.0319256
-0.0327395
-0.0335208
-0.0342587
-0.0349418
-0.0355582
-0.0360957
-0.0365415
-0.0368828
-0.0371068
-0.037201
-0.0371533
-0.0369524
-0.0365881
-0.0360516
-0.0353365
-0.0344385
-0.0333561
-0.0320849
-0.0306297
-0.0290072
-0.0272287
-0.0253025
-0.0232564
-0.0211209
-0.0189274
-0.0167119
-0.0145152
-0.0123808
-0.0103542
-0.0084812
-0.00680614
-0.00537006
-0.00420864
-0.00335043
-0.00281515
-0.00261252
-0.00274169
-0.00319132
-0.00394051
-0.00496017
-0.00621339
-0.00765977
-0.00928669
-0.0111298
-0.0128539
-0.0157118
-0.0163451
-0.0169993
-0.0175579
-0.0180584
-0.0185215
-0.018957
-0.0193747
-0.0197845
-0.0201958
-0.020617
-0.0210555
-0.0215177
-0.0220088
-0.0225333
-0.0230945
-0.0236946
-0.0243352
-0.0250167
-0.0257388
-0.0265002
-0.027299
-0.0281321
-0.0289959
-0.0298857
-0.0307962
-0.0317211
-0.0326533
-0.0335846
-0.0345063
-0.0354087
-0.0362812
-0.0371124
-0.0378905
-0.0386026
-0.0392355
-0.0397755
-0.0402088
-0.0405211
-0.0406986
-0.0407277
-0.0405955
-0.04029
-0.0398007
-0.0391188
-0.0382381
-0.0371551
-0.0358671
-0.0343729
-0.0326858
-0.030812
-0.0287712
-0.0265897
-0.0242905
-0.021907
-0.019478
-0.0170469
-0.0146608
-0.01237
-0.0102259
-0.00827923
-0.00657802
-0.0051652
-0.00407643
-0.003338
-0.00296521
-0.00296145
-0.00331797
-0.00401476
-0.00502181
-0.00629966
-0.00780425
-0.00952101
-0.0114874
-0.0133381
-0.017467
-0.0180899
-0.0187348
-0.0192872
-0.0197839
-0.0202451
-0.0206806
-0.0211001
-0.0215137
-0.0219308
-0.0223601
-0.0228091
-0.0232845
-0.023792
-0.024336
-0.0249203
-0.0255475
-0.0262191
-0.0269359
-0.0276978
-0.0285036
-0.0293515
-0.0302387
-0.0311614
-0.0321152
-0.0330945
-0.0340929
-0.0351032
-0.0361171
-0.0371255
-0.0381182
-0.0390844
-0.040012
-0.0408884
-0.0417001
-0.042433
-0.0430725
-0.0436034
-0.0440104
-0.0442783
-0.0443919
-0.0443365
-0.0440986
-0.0436656
-0.0430265
-0.0421728
-0.0410982
-0.0397988
-0.0382729
-0.0365259
-0.0345739
-0.0324343
-0.0301198
-0.0276591
-0.025086
-0.0224406
-0.0197687
-0.0171209
-0.0145519
-0.0121189
-0.00987925
-0.0078885
-0.00619759
-0.00485025
-0.00388043
-0.00331021
-0.00314833
-0.00338967
-0.00401586
-0.00499651
-0.0062898
-0.00784789
-0.00965414
-0.0117477
-0.0137311
-0.0192912
-0.0199034
-0.0205384
-0.0210842
-0.0215764
-0.0220348
-0.0224691
-0.0228888
-0.0233043
-0.0237251
-0.0241599
-0.0246168
-0.0251027
-0.0256234
-0.026184
-0.0267884
-0.0274394
-0.028139
-0.0288883
-0.0296873
-0.0305351
-0.0314299
-0.0323692
-0.0333492
-0.0343655
-0.0354126
-0.036484
-0.0375722
-0.0386689
-0.0397645
-0.0408487
-0.04191
-0.0429359
-0.0439132
-0.0448277
-0.0456643
-0.0464075
-0.047041
-0.0475483
-0.0479127
-0.0481176
-0.0481468
-0.0479847
-0.0476169
-0.0470303
-0.0462141
-0.0451597
-0.0438612
-0.0423163
-0.0405278
-0.0385065
-0.0362661
-0.0338245
-0.0312067
-0.0284464
-0.0255843
-0.0226677
-0.0197505
-0.0168916
-0.0141536
-0.0116009
-0.00929687
-0.00730114
-0.00566648
-0.00443569
-0.00363888
-0.00329148
-0.00339316
-0.00392819
-0.00486647
-0.00616415
-0.00776958
-0.00966398
-0.0118881
-0.0140099
-0.0211811
-0.0217825
-0.0224076
-0.0229464
-0.0234335
-0.0238882
-0.0243199
-0.0247382
-0.0251533
-0.0255751
-0.0260125
-0.0264739
-0.0269666
-0.0274969
-0.0280701
-0.0286906
-0.0293616
-0.0300854
-0.0308634
-0.0316959
-0.0325823
-0.0335211
-0.0345096
-0.0355444
-0.0366211
-0.0377341
-0.0388769
-0.040042
-0.0412207
-0.0424033
-0.0435791
-0.0447361
-0.0458615
-0.0469413
-0.0479606
-0.0489036
-0.0497537
-0.0504937
-0.0511058
-0.0515721
-0.0518743
-0.0519947
-0.0519159
-0.0516215
-0.0510965
-0.0503277
-0.0493041
-0.0480178
-0.0464644
-0.0446445
-0.0425643
-0.0402351
-0.0376744
-0.0349064
-0.0319638
-0.028887
-0.0257248
-0.0225332
-0.0193751
-0.0163184
-0.0134342
-0.0107943
-0.00846745
-0.00651646
-0.0049941
-0.00393992
-0.00337746
-0.00331261
-0.00373345
-0.00461107
-0.00590006
-0.0075451
-0.00952516
-0.0118826
-0.0141483
-0.023133
-0.0237241
-0.0243397
-0.0248715
-0.0253532
-0.0258032
-0.0262307
-0.0266454
-0.0270575
-0.0274771
-0.0279134
-0.0283753
-0.0288704
-0.0294055
-0.0299866
-0.0306183
-0.0313045
-0.0320477
-0.0328498
-0.0337114
-0.0346322
-0.0356108
-0.036645
-0.0377312
-0.0388652
-0.0400414
-0.0412533
-0.0424932
-0.0437524
-0.0450208
-0.0462873
-0.0475397
-0.0487646
-0.0499475
-0.0510726
-0.0521236
-0.0530828
-0.053932
-0.0546524
-0.0552245
-0.0556289
-0.0558462
-0.0558572
-0.0556435
-0.0551882
-0.0544757
-0.0534928
-0.0522291
-0.0506778
-0.0488365
-0.0467085
-0.0443023
-0.0416333
-0.0387244
-0.0356065
-0.03232
-0.0289137
-0.0254457
-0.0219819
-0.0185953
-0.0153636
-0.0123669
-0.0096837
-0.00738756
-0.00554244
-0.00419876
-0.00338977
-0.00312917
-0.00341028
-0.00420651
-0.00547157
-0.0071467
-0.00920867
-0.0117014
-0.0141162
-0.0251436
-0.0257254
-0.0263323
-0.0268576
-0.0273335
-0.0277778
-0.0281995
-0.0286081
-0.029014
-0.0294275
-0.0298583
-0.0303156
-0.0308078
-0.0313422
-0.0319253
-0.0325625
-0.0332579
-0.0340149
-0.0348355
-0.0357208
-0.0366708
-0.0376844
-0.0387596
-0.039893
-0.0410803
-0.0423162
-0.0435939
-0.0449058
-0.0462429
-0.0475949
-0.0489505
-0.0502969
-0.0516204
-0.0529057
-0.0541367
-0.055296
-0.0563653
-0.0573253
-0.058156
-0.0588369
-0.0593471
-0.0596655
-0.0597714
-0.0596446
-0.0592659
-0.0586177
-0.0576843
-0.0564528
-0.0549137
-0.0530618
-0.0508972
-0.0484257
-0.04566
-0.0426206
-0.0393368
-0.0358475
-0.0322015
-0.0284577
-0.0246848
-0.02096
-0.0173674
-0.0139952
-0.0109319
-0.0082625
-0.00606329
-0.00439698
-0.00330829
-0.00282048
-0.00293381
-0.00362536
-0.00484891
-0.0065427
-0.0086814
-0.0113106
-0.0138791
-0.0272094
-0.0277837
-0.0283835
-0.0289029
-0.0293729
-0.0298106
-0.0302245
-0.0306241
-0.0310199
-0.0314226
-0.0318425
-0.0322894
-0.0327724
-0.0332994
-0.0338778
-0.0345134
-0.0352113
-0.0359752
-0.0368077
-0.0377103
-0.0386834
-0.0397263
-0.0408369
-0.0420124
-0.0432483
-0.0445394
-0.0458789
-0.0472591
-0.0486707
-0.0501033
-0.0515452
-0.0529833
-0.0544034
-0.0557896
-0.0571253
-0.0583923
-0.0595714
-0.0606424
-0.0615844
-0.0623755
-0.0629935
-0.063416
-0.0636205
-0.0635851
-0.0632886
-0.0627112
-0.0618347
-0.0606439
-0.0591264
-0.0572742
-0.055084
-0.0525588
-0.049708
-0.0465495
-0.0431102
-0.039427
-0.0355479
-0.0315319
-0.0274494
-0.0233813
-0.0194172
-0.0156533
-0.0121881
-0.00911862
-0.00653431
-0.0045117
-0.0031087
-0.00236015
-0.00227514
-0.00283612
-0.00399813
-0.00569704
-0.00790572
-0.0106714
-0.0133979
-0.0293275
-0.0298969
-0.0304917
-0.0310064
-0.0314706
-0.0319006
-0.0323044
-0.0326915
-0.0330727
-0.0334592
-0.0338619
-0.0342913
-0.0347575
-0.0352694
-0.035835
-0.0364611
-0.0371533
-0.0379163
-0.038753
-0.0396656
-0.0406548
-0.0417202
-0.0428601
-0.0440716
-0.0453506
-0.0466917
-0.0480881
-0.049532
-0.0510139
-0.0525233
-0.054048
-0.0555746
-0.0570883
-0.058573
-0.0600111
-0.0613839
-0.0626714
-0.0638525
-0.0649051
-0.0658065
-0.066533
-0.0670609
-0.0673661
-0.067425
-0.0672145
-0.0667126
-0.0658991
-0.0647559
-0.063268
-0.0614245
-0.0592188
-0.0566506
-0.0537263
-0.0504604
-0.0468767
-0.04301
-0.0389061
-0.0346238
-0.030234
-0.0258204
-0.0214774
-0.0173084
-0.013422
-0.00992721
-0.00692763
-0.00451488
-0.00276189
-0.00171717
-0.00140085
-0.00180268
-0.00288052
-0.00456875
-0.00683895
-0.00974014
-0.0126283
-0.0314954
-0.0320632
-0.0326562
-0.0331679
-0.0336266
-0.0340475
-0.0344386
-0.0348091
-0.0351703
-0.035534
-0.0359119
-0.0363158
-0.0367565
-0.0372441
-0.0377876
-0.0383948
-0.0390724
-0.0398254
-0.0406577
-0.041572
-0.0425694
-0.0436498
-0.0448118
-0.0460527
-0.0473683
-0.0487535
-0.0502013
-0.0517037
-0.053251
-0.0548325
-0.0564357
-0.0580468
-0.0596504
-0.06123
-0.0627673
-0.064243
-0.0656363
-0.0669251
-0.0680866
-0.0690968
-0.069931
-0.070564
-0.0709703
-0.0711246
-0.0710021
-0.0705788
-0.0698321
-0.0687415
-0.0672895
-0.065462
-0.0632495
-0.060648
-0.0576606
-0.0542984
-0.0505817
-0.0465422
-0.0422234
-0.0376823
-0.0329898
-0.0282312
-0.0235048
-0.0189204
-0.0145961
-0.0106529
-0.00720912
-0.00437266
-0.00223328
-0.000855325
-0.000272363
-0.000483776
-0.00145207
-0.00311144
-0.00543279
-0.00846725
-0.0115201
-0.0337111
-0.034282
-0.0348772
-0.035388
-0.0358415
-0.0362521
-0.0366272
-0.0369763
-0.0373111
-0.0376442
-0.0379887
-0.0383573
-0.0387623
-0.0392151
-0.039726
-0.0403038
-0.0409563
-0.0416893
-0.0425076
-0.0434143
-0.0444111
-0.0454982
-0.0466745
-0.0479373
-0.0492828
-0.0507055
-0.0521985
-0.0537536
-0.0553609
-0.0570093
-0.058686
-0.0603768
-0.0620658
-0.063736
-0.0653684
-0.0669431
-0.0684384
-0.0698317
-0.0710989
-0.0722151
-0.0731545
-0.0738907
-0.0743967
-0.0746458
-0.0746113
-0.0742673
-0.0735892
-0.0725543
-0.0711421
-0.0693359
-0.067123
-0.0644961
-0.0614546
-0.0580059
-0.0541668
-0.0499651
-0.0454413
-0.0406501
-0.0356613
-0.0305605
-0.0254489
-0.0204417
-0.0156654
-0.0112531
-0.00733778
-0.00404473
-0.00148216
0.000267489
0.00115464
0.00116766
0.000337114
-0.00127259
-0.00363271
-0.00679688
-0.0100168
-0.0359737
-0.0365534
-0.037156
-0.0376688
-0.0381177
-0.0385163
-0.0388716
-0.0391934
-0.0394941
-0.0397876
-0.0400882
-0.0404104
-0.040768
-0.0411741
-0.0416402
-0.0421768
-0.0427925
-0.0434945
-0.0442881
-0.0451771
-0.0461637
-0.0472485
-0.0484307
-0.0497077
-0.0510755
-0.0525287
-0.0540603
-0.0556618
-0.0573232
-0.0590328
-0.0607775
-0.0625427
-0.064312
-0.0660677
-0.0677904
-0.0694592
-0.0710521
-0.0725452
-0.0739138
-0.075132
-0.0761728
-0.0770086
-0.0776113
-0.0779525
-0.078004
-0.0777381
-0.0771282
-0.0761493
-0.0747785
-0.0729963
-0.070787
-0.0681401
-0.0650512
-0.0615239
-0.0575711
-0.0532168
-0.0484977
-0.0434653
-0.0381873
-0.0327487
-0.0272521
-0.021817
-0.0165775
-0.0116776
-0.00726528
-0.00348367
-0.000461079
0.00169989
0.0029309
0.00320513
0.00254353
0.00100706
-0.00137723
-0.00466613
-0.00805478
-0.0382835
-0.0388794
-0.0394958
-0.0400141
-0.040459
-0.0408436
-0.0411744
-0.0414618
-0.0417193
-0.0419623
-0.042207
-0.0424698
-0.0427666
-0.0431122
-0.0435201
-0.0440021
-0.0445684
-0.045227
-0.0459843
-0.0468447
-0.047811
-0.0488841
-0.0500632
-0.051346
-0.0527284
-0.0542049
-0.0557682
-0.0574096
-0.0591187
-0.0608835
-0.0626904
-0.0645243
-0.0663682
-0.0682039
-0.0700113
-0.0717689
-0.0734538
-0.0750414
-0.0765061
-0.0778209
-0.078958
-0.0798885
-0.0805831
-0.0810119
-0.0811454
-0.080954
-0.0804094
-0.0794844
-0.0781539
-0.0763957
-0.0741911
-0.0715265
-0.068394
-0.0647933
-0.0607334
-0.0562338
-0.0513274
-0.0460618
-0.0405017
-0.0347302
-0.0288503
-0.0229842
-0.0172722
-0.0118686
-0.00693552
-0.00263447
0.000884817
0.00349768
0.00511428
0.00568932
0.00523101
0.00379435
0.00140289
-0.00200427
-0.00556266
-0.0406424
-0.0412636
-0.0419016
-0.0424295
-0.0428712
-0.043239
-0.0435396
-0.043784
-0.0439874
-0.0441671
-0.0443418
-0.0445303
-0.0447508
-0.0450206
-0.045355
-0.0457679
-0.0462707
-0.0468728
-0.0475814
-0.0484017
-0.0493369
-0.0503883
-0.0515552
-0.0528352
-0.0542243
-0.0557166
-0.0573046
-0.0589793
-0.0607297
-0.0625436
-0.0644066
-0.0663032
-0.0682159
-0.0701257
-0.0720119
-0.0738522
-0.075623
-0.0772989
-0.0788533
-0.0802585
-0.0814855
-0.0825043
-0.0832844
-0.0837948
-0.0840042
-0.0838818
-0.0833972
-0.0825215
-0.0812272
-0.0794898
-0.0772879
-0.0746046
-0.0714289
-0.0677567
-0.0635928
-0.0589526
-0.0538643
-0.0483715
-0.042535
-0.0364351
-0.0301738
-0.0238746
-0.0176825
-0.0117606
-0.00628449
-0.00143403
0.00261829
0.00572448
0.00777044
0.00868888
0.0084716
0.00716456
0.00478553
0.00126823
-0.00246025
-0.0430543
-0.043712
-0.0443813
-0.0449237
-0.0453627
-0.0457103
-0.0459733
-0.0461642
-0.0463003
-0.0464016
-0.0464897
-0.0465866
-0.0467134
-0.04689
-0.0471341
-0.0474617
-0.0478859
-0.0484174
-0.0490643
-0.0498325
-0.0507256
-0.051745
-0.0528904
-0.0541591
-0.0555469
-0.0570477
-0.0586535
-0.0603549
-0.0621404
-0.063997
-0.0659102
-0.0678635
-0.0698389
-0.0718166
-0.0737753
-0.075692
-0.0775421
-0.0792995
-0.0809367
-0.0824251
-0.0837345
-0.0848341
-0.085692
-0.0862761
-0.0865537
-0.0864925
-0.0860604
-0.0852266
-0.0839618
-0.0822389
-0.0800342
-0.0773279
-0.0741056
-0.0703598
-0.0660912
-0.061311
-0.056043
-0.0503258
-0.0442161
-0.0377905
-0.0311486
-0.024414
-0.0177346
-0.0112807
-0.00524034
0.000189076
0.0048105
0.00845229
0.0109736
0.0122812
0.0123464
0.0112025
0.00885839
0.00524073
0.00134242
-0.0455261
-0.0462338
-0.046946
-0.0475086
-0.047945
-0.0482675
-0.0484838
-0.0486082
-0.048661
-0.0486659
-0.0486482
-0.0486337
-0.048647
-0.048711
-0.048846
-0.049071
-0.0494005
-0.0498465
-0.0504181
-0.0511217
-0.0519614
-0.0529389
-0.0540535
-0.0553025
-0.0566814
-0.0581835
-0.0598005
-0.0615221
-0.0633366
-0.0652302
-0.0671876
-0.0691917
-0.0712238
-0.0732633
-0.0752881
-0.0772745
-0.0791969
-0.0810286
-0.0827411
-0.0843046
-0.0856882
-0.08686
-0.0877869
-0.0884355
-0.0887719
-0.0887622
-0.0883729
-0.0875713
-0.0863263
-0.0846087
-0.0823923
-0.0796547
-0.0763786
-0.0725528
-0.0681745
-0.0632505
-0.0578002
-0.0518574
-0.045474
-0.0387222
-0.0316983
-0.0245243
-0.0173495
-0.0103499
-0.00372359
0.00231504
0.00754095
0.0117618
0.0148072
0.0165535
0.0169469
0.0160036
0.0137202
0.0100138
0.0059464
-0.0480679
-0.0488425
-0.0496114
-0.0502002
-0.0506335
-0.0509244
-0.051082
-0.0511238
-0.0510741
-0.0509611
-0.0508152
-0.0506664
-0.0505438
-0.0504737
-0.0504784
-0.0505823
-0.0508001
-0.0511455
-0.0516278
-0.0522544
-0.0530296
-0.0539551
-0.0550301
-0.0562515
-0.0576141
-0.0591109
-0.0607329
-0.062469
-0.0643068
-0.0662318
-0.0682278
-0.0702771
-0.07236
-0.0744552
-0.0765398
-0.0785891
-0.0805769
-0.0824752
-0.0842549
-0.0858852
-0.0873341
-0.0885686
-0.0895545
-0.0902572
-0.0906414
-0.090672
-0.0903138
-0.0895325
-0.0882952
-0.0865707
-0.0843305
-0.0815497
-0.0782082
-0.0742917
-0.0697938
-0.0647174
-0.0590772
-0.0529025
-0.0462399
-0.0391571
-0.0317457
-0.0241252
-0.0164447
-0.00888342
-0.00164722
0.00503458
0.0108966
0.0157416
0.0193643
0.0216036
0.022376
0.0216755
0.0194823
0.0157007
0.0114654
-0.0506949
-0.0515565
-0.0523985
-0.0530203
-0.0534485
-0.0536986
-0.0537822
-0.0537212
-0.0535454
-0.0532892
-0.0529886
-0.0526795
-0.0523952
-0.0521656
-0.0520204
-0.0519832
-0.0520713
-0.0523
-0.052679
-0.0532162
-0.053916
-0.05478
-0.055807
-0.0569934
-0.0583334
-0.0598189
-0.0614402
-0.0631857
-0.0650417
-0.066993
-0.0690226
-0.0711117
-0.0732399
-0.075385
-0.0775232
-0.0796288
-0.0816747
-0.0836321
-0.0854708
-0.087159
-0.0886637
-0.0899508
-0.0909849
-0.0917303
-0.0921503
-0.0922084
-0.091868
-0.0910931
-0.089849
-0.0881027
-0.0858235
-0.0829841
-0.0795619
-0.0755397
-0.0709076
-0.0656647
-0.0598216
-0.0534027
-0.0464498
-0.0390251
-0.0312156
-0.0231367
-0.0149359
-0.00679387
0.00108079
0.00845053
0.0149735
0.0204875
0.0247472
0.0275411
0.0287493
0.0283398
0.0262707
0.0224296
0.0180276
-0.0534284
-0.0544017
-0.055336
-0.0559975
-0.0564167
-0.056613
-0.0566025
-0.0564134
-0.0560827
-0.0556526
-0.0551667
-0.0546675
-0.0541926
-0.053777
-0.0534644
-0.0532697
-0.0532036
-0.0532968
-0.0535577
-0.0539932
-0.0546074
-0.0554012
-0.0563728
-0.0575177
-0.0588292
-0.0602984
-0.0619144
-0.0636647
-0.0655346
-0.0675078
-0.0695664
-0.0716907
-0.0738591
-0.0760486
-0.0782343
-0.0803897
-0.0824867
-0.0844955
-0.0863848
-0.0881219
-0.0896726
-0.0910017
-0.0920728
-0.0928486
-0.0932914
-0.0933632
-0.0930258
-0.0922418
-0.0909746
-0.0891892
-0.0868532
-0.0839369
-0.0804151
-0.0762678
-0.0714821
-0.0660535
-0.0599886
-0.0533072
-0.046046
-0.0382622
-0.0300372
-0.0214819
-0.0127409
-0.00399534
0.00454498
0.0126538
0.0199005
0.0261104
0.0310698
0.0344882
0.0361978
0.0361344
0.0342285
0.030346
0.0257784
-0.0562982
-0.0574129
-0.058462
-0.0591693
-0.0595721
-0.0596965
-0.0595656
-0.0592161
-0.0586953
-0.0580551
-0.0573481
-0.0566247
-0.055928
-0.0553099
-0.0547989
-0.054411
-0.0541783
-0.0541204
-0.0542496
-0.0545722
-0.0550915
-0.0558075
-0.0567173
-0.0578154
-0.0590938
-0.0605426
-0.0621497
-0.0639012
-0.0657814
-0.067773
-0.0698567
-0.0720119
-0.074216
-0.0764448
-0.0786724
-0.0808714
-0.0830126
-0.0850651
-0.0869967
-0.0887734
-0.0903602
-0.0917205
-0.0928167
-0.0936103
-0.0940623
-0.094133
-0.093783
-0.092973
-0.0916648
-0.0898216
-0.0874087
-0.0843944
-0.0807511
-0.076456
-0.0714931
-0.0658547
-0.0595434
-0.0525748
-0.0449807
-0.0368127
-0.028147
-0.0190892
-0.00978004
-0.000400571
0.00883301
0.0176977
0.0258241
0.0327514
0.0384606
0.0425819
0.044869
0.0452158
0.043519
0.0396161
0.0348837
-0.0593454
-0.0606376
-0.0618272
-0.0625848
-0.0629588
-0.0629858
-0.0626995
-0.0621488
-0.0613945
-0.0605006
-0.0595297
-0.0585388
-0.0575885
-0.0567324
-0.0559872
-0.0553859
-0.054973
-0.0547537
-0.0547404
-0.0549407
-0.0553573
-0.0559892
-0.0568323
-0.0578795
-0.0591217
-0.0605472
-0.0621427
-0.063893
-0.065781
-0.067788
-0.0698938
-0.0720763
-0.074312
-0.0765754
-0.0788398
-0.0810764
-0.083255
-0.0853439
-0.0873094
-0.0891168
-0.0907295
-0.09211
-0.0932194
-0.0940179
-0.0944649
-0.0945195
-0.0941405
-0.0932871
-0.0919191
-0.0899979
-0.0874867
-0.0843516
-0.0805623
-0.0760937
-0.0709266
-0.0650501
-0.0584629
-0.0511763
-0.0432174
-0.0346325
-0.0254921
-0.0158961
-0.00598057
0.00407472
0.0140428
0.0236827
0.0328
0.0405716
0.0470679
0.0519762
0.0549295
0.0557631
0.0543302
0.0504315
0.045534
-0.062627
-0.0641402
-0.0654991
-0.0663084
-0.066633
-0.0665268
-0.0660385
-0.0652346
-0.0641931
-0.0629927
-0.0617052
-0.0604035
-0.0591649
-0.0580256
-0.0570205
-0.0561995
-0.0555838
-0.055186
-0.0550186
-0.055088
-0.0553955
-0.0559387
-0.0567116
-0.0577055
-0.0589094
-0.0603102
-0.0618928
-0.0636404
-0.0655345
-0.0675551
-0.0696806
-0.0718876
-0.0741513
-0.0764453
-0.0787414
-0.0810101
-0.0832198
-0.0853377
-0.0873291
-0.089158
-0.0907868
-0.0921766
-0.0932873
-0.0940776
-0.0945057
-0.0945289
-0.0941044
-0.0931897
-0.0917429
-0.089723
-0.0870913
-0.0838114
-0.0798506
-0.0751809
-0.0697801
-0.0636338
-0.056737
-0.0490967
-0.0407349
-0.0316925
-0.0220341
-0.0118536
-0.00128109
0.00950799
0.0202852
0.0307901
0.0408101
0.0496782
0.0570824
0.0628503
0.0665685
0.0679813
0.0668796
0.0630148
0.0579507
-0.0662216
-0.0680079
-0.0695679
-0.0704237
-0.0706668
-0.0703764
-0.0696242
-0.0685003
-0.067105
-0.0655327
-0.0638694
-0.062221
-0.0606449
-0.0591912
-0.0579072
-0.0568341
-0.0559947
-0.0554041
-0.0550725
-0.0550041
-0.0551981
-0.0556496
-0.0563508
-0.0572906
-0.0584561
-0.059832
-0.0614016
-0.0631463
-0.0650459
-0.067079
-0.0692225
-0.0714517
-0.0737406
-0.0760614
-0.078385
-0.0806804
-0.0829151
-0.085055
-0.0870645
-0.0889062
-0.0905414
-0.0919298
-0.0930301
-0.0937996
-0.0941948
-0.0941717
-0.0936856
-0.0926922
-0.0911476
-0.0890087
-0.0862344
-0.0827858
-0.0786275
-0.0737285
-0.0680633
-0.0616139
-0.0543711
-0.0463373
-0.0375294
-0.0279824
-0.0177544
-0.00693243
0.00436
0.0159541
0.0276253
0.0390916
0.0500451
0.0601857
0.0686348
0.0753781
0.0799962
0.0821065
0.0814219
0.0776287
0.0723953
-0.0702382
-0.07236
-0.074154
-0.0750405
-0.0751515
-0.074605
-0.0735059
-0.0719759
-0.0701426
-0.0681194
-0.06603
-0.0639705
-0.0620084
-0.0602064
-0.0586131
-0.0572657
-0.0561876
-0.0553934
-0.0548903
-0.0546798
-0.0547581
-0.0551176
-0.0557475
-0.0566344
-0.0577628
-0.0591154
-0.0606732
-0.0624158
-0.0643214
-0.0663668
-0.0685274
-0.0707772
-0.0730888
-0.0754333
-0.0777802
-0.0800975
-0.0823515
-0.0845069
-0.0865269
-0.088373
-0.0900052
-0.0913821
-0.0924608
-0.0931973
-0.0935466
-0.0934629
-0.0929
-0.0918114
-0.0901511
-0.0878738
-0.084936
-0.081296
-0.0769153
-0.0717596
-0.0657998
-0.0590138
-0.0513878
-0.0429191
-0.0336186
-0.0235147
-0.0126582
-0.00112834
0.0109595
0.0234439
0.0361056
0.0486547
0.0607449
0.0721322
0.0818474
0.0897911
0.095467
0.0984183
0.0982608
0.0945886
0.0891818
-0.0748294
-0.0773603
-0.0794191
-0.0803018
-0.080203
-0.0792988
-0.0777417
-0.0756944
-0.0733157
-0.0707612
-0.0681688
-0.0656311
-0.0632359
-0.061048
-0.0591161
-0.0574746
-0.0561452
-0.0551393
-0.0544605
-0.0541065
-0.0540697
-0.0543392
-0.0549007
-0.0557379
-0.0568326
-0.0581648
-0.0597135
-0.0614561
-0.0633691
-0.0654274
-0.067605
-0.0698744
-0.072207
-0.0745724
-0.0769391
-0.0792737
-0.0815416
-0.0837063
-0.0857298
-0.0875724
-0.0891929
-0.0905487
-0.0915954
-0.0922878
-0.0925791
-0.092422
-0.0917683
-0.0905696
-0.0887777
-0.086345
-0.0832249
-0.079373
-0.0747475
-0.0693103
-0.0630281
-0.055874
-0.0478291
-0.0388844
-0.0290441
-0.0183288
-0.00678039
0.00553159
0.0185016
0.0319778
0.0457486
0.0595293
0.07296
0.0856445
0.0969453
0.106283
0.113252
0.117243
0.117762
0.11428
0.108696
-0.080211
-0.0832355
-0.0855816
-0.0863948
-0.0859666
-0.0845605
-0.0823953
-0.0796852
-0.0766383
-0.0734505
-0.0702587
-0.0671795
-0.0643006
-0.0616888
-0.0593913
-0.0574388
-0.0558482
-0.054626
-0.053771
-0.0532756
-0.0531277
-0.0533121
-0.0538107
-0.0546038
-0.0556699
-0.0569866
-0.0585302
-0.0602761
-0.0621988
-0.0642715
-0.0664667
-0.0687554
-0.0711075
-0.0734917
-0.0758749
-0.078223
-0.0805
-0.0826683
-0.0846888
-0.0865208
-0.0881219
-0.089448
-0.0904536
-0.091092
-0.0913149
-0.0910733
-0.0903171
-0.0889959
-0.0870592
-0.0844568
-0.0811393
-0.0770589
-0.0721703
-0.066431
-0.0598031
-0.052254
-0.0437586
-0.0343007
-0.0238762
-0.0124958
-0.000190736
0.0129818
0.0269293
0.041513
0.0565332
0.071713
0.0866768
0.100928
0.114061
0.125052
0.133648
0.138965
0.140373
0.137184
0.131427
-0.086693
-0.0903033
-0.0929375
-0.0935628
-0.0926221
-0.0905083
-0.0875333
-0.0839748
-0.0801055
-0.0761506
-0.0722731
-0.0685804
-0.0651649
-0.0620928
-0.0594066
-0.0571301
-0.0552731
-0.0538351
-0.0528079
-0.0521775
-0.0519264
-0.052034
-0.0524781
-0.0532351
-0.0542801
-0.0555877
-0.0571318
-0.0588856
-0.0608214
-0.062911
-0.065125
-0.0674333
-0.0698043
-0.0722056
-0.0746029
-0.0769611
-0.079243
-0.0814101
-0.0834222
-0.0852374
-0.0868122
-0.0881015
-0.0890585
-0.089635
-0.0897812
-0.0894465
-0.088579
-0.0871262
-0.0850353
-0.0822533
-0.0787279
-0.0744078
-0.0692435
-0.063188
-0.0561978
-0.048234
-0.039264
-0.0292629
-0.0182161
-0.00612285
0.00699995
0.0211108
0.0361349
0.0519518
0.0683793
0.0851525
0.101898
0.118111
0.133238
0.146314
0.15687
0.164014
0.166649
0.16392
0.158008
-0.0947293
-0.0990143
-0.10189
-0.102121
-0.100387
-0.0972724
-0.0932156
-0.0885718
-0.0836722
-0.0788295
-0.0741621
-0.0697796
-0.0657757
-0.0622111
-0.0591188
-0.0565122
-0.0543906
-0.0527435
-0.051554
-0.0508004
-0.0504584
-0.0505018
-0.0509032
-0.0516349
-0.0526685
-0.0539756
-0.0555274
-0.0572949
-0.0592485
-0.0613583
-0.0635934
-0.0659223
-0.0683123
-0.0707298
-0.0731395
-0.0755052
-0.0777888
-0.0799509
-0.0819503
-0.083744
-0.0852877
-0.0865349
-0.0874378
-0.0879469
-0.0880111
-0.0875781
-0.0865942
-0.0850049
-0.0827551
-0.0797891
-0.0760515
-0.0714872
-0.0660424
-0.0596649
-0.0523052
-0.043917
-0.0344589
-0.0238957
-0.0122004
0.000642777
0.0146344
0.0297539
0.0459501
0.063129
0.0811352
0.0997285
0.118554
0.137102
0.15465
0.17049
0.183509
0.192971
0.197291
0.195302
0.189301
-0.104999
-0.110017
-0.11299
-0.112471
-0.109517
-0.104993
-0.0994896
-0.0934507
-0.0873852
-0.0814697
-0.075859
-0.0706994
-0.0660576
-0.0619759
-0.05847
-0.0555372
-0.053162
-0.0513214
-0.0499873
-0.0491289
-0.0487141
-0.0487103
-0.0490848
-0.0498053
-0.05084
-0.0521573
-0.0537258
-0.0555144
-0.0574918
-0.0596262
-0.0618857
-0.0642373
-0.0666473
-0.0690811
-0.0715026
-0.0738745
-0.076158
-0.0783127
-0.0802968
-0.0820663
-0.0835759
-0.0847784
-0.0856247
-0.0860643
-0.0860447
-0.0855122
-0.0844115
-0.0826861
-0.0802787
-0.0771309
-0.0731841
-0.0683796
-0.0626588
-0.0559642
-0.0482393
-0.0394299
-0.0294846
-0.018356
-0.0060023
0.00761036
0.0225046
0.0386863
0.0561361
0.0747969
0.0945537
0.115207
0.136434
0.157737
0.178378
0.197544
0.213829
0.226225
0.233136
0.232421
0.226509
-0.118549
-0.124258
-0.126987
-0.125114
-0.12029
-0.113785
-0.10635
-0.0986678
-0.09109
-0.0838777
-0.0772269
-0.0712147
-0.0658991
-0.0612918
-0.0573811
-0.054141
-0.051537
-0.04953
-0.048079
-0.0471425
-0.0466798
-0.0466515
-0.0470193
-0.0477466
-0.0487978
-0.0501385
-0.0517349
-0.0535538
-0.0555623
-0.0577274
-0.0600157
-0.0623934
-0.0648259
-0.0672775
-0.0697116
-0.07209
-0.0743734
-0.0765206
-0.078489
-0.0802342
-0.0817098
-0.082868
-0.0836588
-0.0840307
-0.0839302
-0.0833021
-0.0820898
-0.0802351
-0.0776783
-0.0743588
-0.0702147
-0.0651836
-0.0592024
-0.0522076
-0.044136
-0.0349242
-0.0245101
-0.0128326
0.000167317
0.0145448
0.0303492
0.0476195
0.0663775
0.0866155
0.108277
0.131228
0.155209
0.179777
0.204219
0.227472
0.24827
0.264996
0.275567
0.276826
0.271381
-0.137047
-0.143146
-0.14489
-0.140623
-0.132954
-0.123606
-0.11366
-0.103833
-0.0944637
-0.0858223
-0.0780246
-0.0711278
-0.0651392
-0.0600281
-0.0557471
-0.0522408
-0.0494513
-0.0473205
-0.0457927
-0.0448149
-0.0443375
-0.0443139
-0.0447007
-0.0454568
-0.0465434
-0.0479235
-0.0495612
-0.0514218
-0.0534708
-0.0556741
-0.0579976
-0.0604065
-0.0628655
-0.0653384
-0.067788
-0.0701756
-0.0724613
-0.0746034
-0.076559
-0.0782828
-0.0797283
-0.0808468
-0.0815878
-0.0818988
-0.0817256
-0.0810119
-0.0796999
-0.0777296
-0.0750398
-0.0715674
-0.0672477
-0.0620148
-0.0558009
-0.0485371
-0.0401526
-0.0305754
-0.0197314
-0.00754484
0.00606208
0.0211688
0.0378556
0.0562011
0.0762781
0.0981434
0.121821
0.147272
0.174347
0.202711
0.231729
0.260318
0.287098
0.309871
0.325688
0.330518
0.326506
-0.163281
-0.16881
-0.167997
-0.159606
-0.147548
-0.13421
-0.120994
-0.10855
-0.0971651
-0.0869458
-0.0779513
-0.0701819
-0.063567
-0.0580162
-0.0534358
-0.0497346
-0.046827
-0.0446343
-0.043085
-0.0421147
-0.0416649
-0.0416827
-0.0421197
-0.0429313
-0.044076
-0.0455146
-0.0472098
-0.0491256
-0.0512266
-0.053478
-0.055845
-0.0582925
-0.0607845
-0.0632847
-0.0657554
-0.0681577
-0.0704514
-0.0725946
-0.0745439
-0.0762539
-0.0776776
-0.078766
-0.079468
-0.0797309
-0.0794996
-0.0787171
-0.0773246
-0.0752609
-0.0724632
-0.0688664
-0.0644035
-0.0590051
-0.0525995
-0.0451123
-0.0364659
-0.0265793
-0.0153668
-0.00273754
0.011406
0.0271692
0.0446663
0.0640213
0.0853665
0.108838
0.134564
0.162639
0.193079
0.225737
0.260172
0.295449
0.329928
0.361141
0.385425
0.396816
0.396178
-0.202082
-0.204472
-0.197946
-0.18249
-0.163705
-0.145053
-0.127831
-0.112305
-0.0985949
-0.0867114
-0.0765773
-0.0680379
-0.0609188
-0.0550542
-0.0502945
-0.0465077
-0.0435789
-0.0414084
-0.03991
-0.0390086
-0.0386386
-0.0387416
-0.0392659
-0.0401642
-0.0413932
-0.0429126
-0.0446843
-0.0466715
-0.0488387
-0.0511505
-0.0535721
-0.0560682
-0.0586028
-0.0611394
-0.0636404
-0.0660667
-0.0683781
-0.0705328
-0.0724871
-0.0741957
-0.0756114
-0.076685
-0.0773655
-0.0775995
-0.0773318
-0.076505
-0.0750594
-0.0729329
-0.0700615
-0.0663788
-0.0618158
-0.0563003
-0.049757
-0.0421069
-0.0332663
-0.0231458
-0.0116491
0.00132916
0.0159056
0.0322114
0.0503959
0.0706307
0.0931138
0.118072
0.145759
0.176443
0.21037
0.247695
0.288337
0.331733
0.376472
0.41993
0.45726
0.480124
0.48715
-0.261438
-0.254864
-0.236551
-0.208978
-0.180639
-0.155226
-0.133006
-0.113925
-0.0978274
-0.0844355
-0.0733786
-0.0643043
-0.0569081
-0.0509353
-0.0461753
-0.0424552
-0.039633
-0.0375911
-0.0362316
-0.035472
-0.0352419
-0.0354803
-0.0361334
-0.0371532
-0.038496
-0.0401212
-0.0419908
-0.0440683
-0.0463182
-0.0487056
-0.0511958
-0.0537537
-0.0563439
-0.0589298
-0.0614742
-0.0639382
-0.0662818
-0.0684633
-0.0704393
-0.0721646
-0.0735921
-0.0746727
-0.0753554
-0.0755868
-0.0753119
-0.0744728
-0.0730097
-0.0708594
-0.0679574
-0.0642368
-0.0596268
-0.0540534
-0.0474384
-0.0396991
-0.0307469
-0.0204856
-0.00880989
0.00439792
0.0192714
0.035965
0.0546605
0.0755755
0.0989735
0.125177
0.154577
0.187647
0.224931
0.267006
0.314372
0.367212
0.424938
0.485233
0.542296
0.585031
0.608975
-0.354588
-0.326469
-0.284171
-0.237485
-0.196409
-0.16226
-0.134319
-0.111739
-0.0936861
-0.0792783
-0.0677711
-0.0585834
-0.0512682
-0.0454822
-0.0409613
-0.0375005
-0.0349392
-0.0331496
-0.0320285
-0.0314911
-0.0314664
-0.0318936
-0.0327199
-0.0338984
-0.0353863
-0.0371445
-0.0391357
-0.0413246
-0.0436767
-0.0461578
-0.0487339
-0.0513707
-0.0540333
-0.0566859
-0.0592915
-0.0618119
-0.0642074
-0.0664368
-0.0684571
-0.0702234
-0.071689
-0.0728051
-0.0735209
-0.0737833
-0.0735375
-0.0727259
-0.0712893
-0.0691621
-0.0662804
-0.0625782
-0.0579836
-0.0524207
-0.0458099
-0.0380662
-0.0290973
-0.0188028
-0.00707073
0.0062255
0.021232
0.038121
0.0571001
0.0784243
0.102414
0.129477
0.16014
0.195088
0.235202
0.281596
0.335599
0.398633
0.47179
0.554502
0.641402
0.718924
0.774861
-0.519231
-0.429109
-0.336275
-0.261347
-0.204168
-0.16075
-0.127894
-0.103175
-0.0844446
-0.0700942
-0.0589977
-0.0503691
-0.0436522
-0.0384487
-0.0344692
-0.0314999
-0.0293791
-0.0279821
-0.0272102
-0.0269835
-0.0272359
-0.027911
-0.0289598
-0.0303388
-0.0320083
-0.0339315
-0.0360735
-0.0384007
-0.0408802
-0.0434793
-0.0461652
-0.0489048
-0.051664
-0.054408
-0.0571005
-0.0597041
-0.0621798
-0.0644871
-0.0665833
-0.0684244
-0.069964
-0.071154
-0.0719439
-0.0722812
-0.072112
-0.0713787
-0.0700242
-0.0679767
-0.0651766
-0.0615611
-0.0570556
-0.0515838
-0.0450657
-0.0374154
-0.0285395
-0.0183356
-0.00668883
0.00653139
0.0214772
0.0383299
0.0573105
0.0786954
0.102839
0.130206
0.161421
0.197337
0.23914
0.288493
0.347715
0.419959
0.509127
0.618833
0.74999
0.89654
1.03071
-0.892018
-0.585168
-0.377892
-0.263282
-0.191209
-0.142115
-0.108397
-0.0848817
-0.0679936
-0.055531
-0.0461574
-0.0390264
-0.0335825
-0.0294513
-0.0263741
-0.0241662
-0.0226916
-0.0218467
-0.0215502
-0.0217361
-0.0223494
-0.0233427
-0.0246743
-0.0263066
-0.0282047
-0.0303357
-0.0326682
-0.0351712
-0.0378143
-0.0405667
-0.0433976
-0.046275
-0.0491666
-0.0520384
-0.0548556
-0.0575815
-0.0601783
-0.0626059
-0.064823
-0.0667858
-0.068449
-0.0697649
-0.0706836
-0.0711535
-0.0711268
-0.0705416
-0.0693277
-0.0674289
-0.0647907
-0.0613475
-0.057021
-0.0517367
-0.0454157
-0.0379734
-0.0293174
-0.0193466
-0.00794772
0.00500801
0.0196704
0.036218
0.0548687
0.0758959
0.0996526
0.126607
0.157402
0.192944
0.234557
0.284242
0.345117
0.422139
0.522982
0.659089
0.851468
1.14374
1.52548
-1.60763
-0.801148
-0.409554
-0.249871
-0.165765
-0.114495
-0.0828465
-0.0626967
-0.0491185
-0.0395067
-0.0324777
-0.0272417
-0.0233225
-0.0204224
-0.018347
-0.0169624
-0.0161721
-0.0159023
-0.0160945
-0.0167005
-0.0176785
-0.0189918
-0.020607
-0.0224929
-0.0246201
-0.0269599
-0.0294843
-0.0321655
-0.0349753
-0.0378853
-0.0408662
-0.0438879
-0.0469192
-0.0499277
-0.0528795
-0.055739
-0.0584692
-0.0610311
-0.063384
-0.0654851
-0.0672895
-0.0687501
-0.0698169
-0.0704361
-0.0705842
-0.0701769
-0.0691132
-0.0673938
-0.0649553
-0.0617148
-0.0576005
-0.0525402
-0.0464569
-0.0392675
-0.0308824
-0.0212033
-0.0101212
0.00248728
0.0167645
0.0328789
0.0510344
0.0714852
0.0945574
0.120684
0.150459
0.184737
0.224804
0.272705
0.33191
0.408689
0.514738
0.672347
0.93353
1.44318
2.35002
)
;

boundaryField
{
    movingWall
    {
        type            zeroGradient;
    }
    fixedWalls
    {
        type            zeroGradient;
    }
    frontAndBack
    {
        type            empty;
    }
}


// ************************************************************************* //
