/*--------------------------------*- C++ -*----------------------------------*\
  =========                 |
  \\      /  F ield         | OpenFOAM: The Open Source CFD Toolbox
   \\    /   O peration     | Website:  https://openfoam.org
    \\  /    A nd           | Version:  12
     \\/     M anipulation  |
\*---------------------------------------------------------------------------*/
FoamFile
{
    format      ascii;
    class       volScalarField;
    location    "2";
    object      epsilon;
}
// * * * * * * * * * * * * * * * * * * * * * * * * * * * * * * * * * * * * * //

dimensions      [0 2 -3 0 0 0 0];

internalField   nonuniform List<scalar> 
5625
(
3.44366e-07
2.32749e-06
5.16072e-06
8.49247e-06
1.21414e-05
1.5982e-05
1.99165e-05
2.38663e-05
2.77676e-05
3.15708e-05
3.52391e-05
3.87481e-05
4.20854e-05
4.52495e-05
4.82483e-05
5.1098e-05
5.38212e-05
5.64452e-05
5.90001e-05
6.15175e-05
6.40293e-05
6.6566e-05
6.91568e-05
7.18287e-05
7.4606e-05
7.75106e-05
8.05622e-05
8.37776e-05
8.7172e-05
9.07582e-05
9.45471e-05
9.85478e-05
0.000102768
0.000107212
0.000111884
0.000116784
0.000121911
0.00012726
0.000132822
0.000138583
0.000144523
0.000150617
0.000156831
0.000163119
0.000169426
0.000175684
0.00018181
0.000187701
0.000193242
0.000198294
0.000202703
0.00020629
0.000208846
0.000210099
0.00021017
0.000208686
0.000205461
0.000200383
0.000193396
0.000184515
0.00017383
0.000161515
0.000147829
0.000133102
0.000117718
0.000102087
8.66124e-05
7.16649e-05
5.75542e-05
4.45163e-05
3.27139e-05
2.22569e-05
1.32501e-05
5.90338e-06
8.71154e-07
6.50548e-07
1.26421e-06
2.52442e-06
4.06501e-06
5.76927e-06
7.57016e-06
9.41895e-06
1.12773e-05
1.31148e-05
1.49075e-05
1.66379e-05
1.82943e-05
1.98708e-05
2.13665e-05
2.27851e-05
2.4134e-05
2.54238e-05
2.66674e-05
2.78788e-05
2.9073e-05
3.02649e-05
3.1469e-05
3.26991e-05
3.39679e-05
3.52871e-05
3.6667e-05
3.8117e-05
3.96451e-05
4.12586e-05
4.29637e-05
4.47655e-05
4.66684e-05
4.86759e-05
5.07906e-05
5.3014e-05
5.53464e-05
5.7787e-05
6.03331e-05
6.29803e-05
6.57218e-05
6.8548e-05
7.14459e-05
7.43988e-05
7.73847e-05
8.03766e-05
8.3341e-05
8.62372e-05
8.90167e-05
9.16227e-05
9.39897e-05
9.60434e-05
9.76998e-05
9.88589e-05
9.94025e-05
9.93764e-05
9.8614e-05
9.70314e-05
9.45785e-05
9.12333e-05
8.70054e-05
8.19404e-05
7.61223e-05
6.96725e-05
6.27452e-05
5.55177e-05
4.81791e-05
4.09156e-05
3.3898e-05
2.72699e-05
2.11428e-05
1.55967e-05
1.06923e-05
6.50312e-06
3.21263e-06
1.64477e-06
1.381e-06
1.23095e-06
1.9441e-06
2.94072e-06
4.08126e-06
5.30256e-06
6.56484e-06
7.83895e-06
9.10244e-06
1.03381e-05
1.15332e-05
1.26795e-05
1.37725e-05
1.48114e-05
1.57984e-05
1.67387e-05
1.76395e-05
1.85094e-05
1.93582e-05
2.01962e-05
2.10337e-05
2.18809e-05
2.27474e-05
2.36421e-05
2.45731e-05
2.5548e-05
2.65731e-05
2.76545e-05
2.87972e-05
3.00056e-05
3.12836e-05
3.26342e-05
3.40599e-05
3.55626e-05
3.71432e-05
3.88019e-05
4.05377e-05
4.23484e-05
4.42305e-05
4.61784e-05
4.81847e-05
5.02391e-05
5.23286e-05
5.44365e-05
5.65423e-05
5.86207e-05
6.06417e-05
6.25696e-05
6.43633e-05
6.5976e-05
6.73553e-05
6.84435e-05
6.91651e-05
6.94596e-05
6.93431e-05
6.87094e-05
6.75085e-05
6.5711e-05
6.33075e-05
6.031e-05
5.6754e-05
5.26997e-05
4.82309e-05
4.34517e-05
3.84806e-05
3.34425e-05
2.84607e-05
2.36484e-05
1.91027e-05
1.49019e-05
1.11087e-05
7.78411e-06
5.02794e-06
3.12514e-06
3.48306e-06
2.25734e-06
1.4744e-06
1.83743e-06
2.53381e-06
3.38586e-06
4.32202e-06
5.30221e-06
6.2994e-06
7.29375e-06
8.27039e-06
9.21852e-06
1.0131e-05
1.10038e-05
1.18359e-05
1.26292e-05
1.33872e-05
1.41156e-05
1.48213e-05
1.5512e-05
1.61959e-05
1.68812e-05
1.75761e-05
1.82884e-05
1.90254e-05
1.97939e-05
2.05998e-05
2.14488e-05
2.23456e-05
2.32945e-05
2.42994e-05
2.53633e-05
2.64889e-05
2.76782e-05
2.89326e-05
3.02527e-05
3.16383e-05
3.30882e-05
3.46001e-05
3.61702e-05
3.7793e-05
3.94612e-05
4.11651e-05
4.28924e-05
4.46278e-05
4.63526e-05
4.80446e-05
4.96774e-05
5.12206e-05
5.26397e-05
5.38963e-05
5.49482e-05
5.575e-05
5.62315e-05
5.63784e-05
5.6178e-05
5.55586e-05
5.44873e-05
5.29466e-05
5.09338e-05
4.8463e-05
4.55656e-05
4.22912e-05
3.87061e-05
3.48912e-05
3.09376e-05
2.69407e-05
2.29946e-05
1.91868e-05
1.55941e-05
1.22825e-05
9.31296e-06
6.75935e-06
4.76252e-06
3.72769e-06
5.66924e-06
3.25204e-06
1.85159e-06
1.93356e-06
2.41523e-06
3.07619e-06
3.83257e-06
4.64059e-06
5.47258e-06
6.30913e-06
7.13608e-06
7.94325e-06
8.72382e-06
9.47393e-06
1.01924e-05
1.08802e-05
1.15406e-05
1.2178e-05
1.27982e-05
1.34079e-05
1.40141e-05
1.4624e-05
1.52446e-05
1.58828e-05
1.6545e-05
1.72373e-05
1.79651e-05
1.87334e-05
1.95465e-05
2.04084e-05
2.13224e-05
2.22914e-05
2.33177e-05
2.44029e-05
2.55481e-05
2.67535e-05
2.80185e-05
2.93413e-05
3.07191e-05
3.21474e-05
3.36202e-05
3.51296e-05
3.66654e-05
3.82151e-05
3.97634e-05
4.12922e-05
4.27801e-05
4.42028e-05
4.55327e-05
4.67393e-05
4.77893e-05
4.86473e-05
4.92742e-05
4.96013e-05
4.96536e-05
4.93894e-05
4.87623e-05
4.77487e-05
4.63372e-05
4.45282e-05
4.23357e-05
3.97881e-05
3.69279e-05
3.38116e-05
3.05076e-05
2.70924e-05
2.36466e-05
2.02504e-05
1.69793e-05
1.39017e-05
1.10807e-05
8.58199e-06
6.4968e-06
5.01182e-06
4.65369e-06
8.11891e-06
4.34585e-06
2.3127e-06
2.14477e-06
2.45211e-06
2.96777e-06
3.59409e-06
4.28221e-06
5.0025e-06
5.73491e-06
6.46512e-06
7.18292e-06
7.88146e-06
8.5567e-06
9.20712e-06
9.83338e-06
1.0438e-05
1.10248e-05
1.15991e-05
1.21666e-05
1.27338e-05
1.33071e-05
1.3893e-05
1.44979e-05
1.51277e-05
1.57881e-05
1.64843e-05
1.72207e-05
1.80017e-05
1.88309e-05
1.97115e-05
2.06459e-05
2.16364e-05
2.26841e-05
2.37897e-05
2.49528e-05
2.61723e-05
2.74457e-05
2.87692e-05
3.01375e-05
3.15437e-05
3.29789e-05
3.44321e-05
3.58901e-05
3.73374e-05
3.87558e-05
4.01249e-05
4.14216e-05
4.26207e-05
4.3695e-05
4.46156e-05
4.5353e-05
4.58684e-05
4.61018e-05
4.61011e-05
4.58043e-05
4.51819e-05
4.42144e-05
4.2892e-05
4.12147e-05
3.91939e-05
3.68539e-05
3.42311e-05
3.13756e-05
2.83486e-05
2.52203e-05
2.20655e-05
1.89595e-05
1.59747e-05
1.31787e-05
1.06368e-05
8.4232e-06
6.65079e-06
5.55022e-06
5.77169e-06
1.07681e-05
5.52642e-06
2.83504e-06
2.43234e-06
2.58787e-06
2.98384e-06
3.50795e-06
4.1055e-06
4.7443e-06
5.40302e-06
6.06672e-06
6.72478e-06
7.37003e-06
7.9981e-06
8.60711e-06
9.19733e-06
9.77081e-06
1.0331e-05
1.08827e-05
1.14311e-05
1.19823e-05
1.25423e-05
1.31174e-05
1.37135e-05
1.43364e-05
1.49916e-05
1.56839e-05
1.64179e-05
1.71976e-05
1.80264e-05
1.89074e-05
1.98428e-05
2.08344e-05
2.18829e-05
2.29885e-05
2.41502e-05
2.53659e-05
2.66323e-05
2.79446e-05
2.92964e-05
3.06796e-05
3.20843e-05
3.34987e-05
3.4909e-05
3.62993e-05
3.76519e-05
3.89474e-05
4.01644e-05
4.12801e-05
4.22708e-05
4.31118e-05
4.37784e-05
4.42331e-05
4.44263e-05
4.44103e-05
4.41202e-05
4.3531e-05
4.2624e-05
4.13872e-05
3.98167e-05
3.79185e-05
3.57094e-05
3.3222e-05
3.05021e-05
2.76083e-05
2.46092e-05
2.158e-05
1.85981e-05
1.57388e-05
1.30742e-05
1.0677e-05
8.63287e-06
7.0755e-06
6.27668e-06
7.01866e-06
1.35707e-05
6.78575e-06
3.40664e-06
2.77596e-06
2.79341e-06
3.08574e-06
3.52511e-06
4.05057e-06
4.62694e-06
5.23133e-06
5.8478e-06
6.46512e-06
7.07558e-06
7.67441e-06
8.25932e-06
8.83018e-06
9.38869e-06
9.93799e-06
1.04824e-05
1.1027e-05
1.15775e-05
1.21398e-05
1.27199e-05
1.33236e-05
1.39565e-05
1.46241e-05
1.5331e-05
1.60818e-05
1.68802e-05
1.77296e-05
1.86327e-05
1.95914e-05
2.0607e-05
2.16798e-05
2.28092e-05
2.39933e-05
2.52292e-05
2.65124e-05
2.7837e-05
2.91955e-05
3.05786e-05
3.19755e-05
3.33736e-05
3.47588e-05
3.61156e-05
3.74272e-05
3.86756e-05
3.98418e-05
4.09061e-05
4.18483e-05
4.26477e-05
4.32836e-05
4.37253e-05
4.39241e-05
4.39302e-05
4.36854e-05
4.31605e-05
4.23341e-05
4.11891e-05
3.97152e-05
3.79118e-05
3.57906e-05
3.3378e-05
3.07162e-05
2.78629e-05
2.48891e-05
2.18745e-05
1.89028e-05
1.60573e-05
1.34188e-05
1.10697e-05
9.10892e-06
7.69528e-06
7.13705e-06
8.35825e-06
1.6491e-05
8.11863e-06
4.02063e-06
3.16379e-06
3.05184e-06
3.25139e-06
3.61786e-06
4.08385e-06
4.61094e-06
5.17432e-06
5.75693e-06
6.3467e-06
6.9353e-06
7.51743e-06
8.09038e-06
8.65364e-06
9.20857e-06
9.75807e-06
1.03062e-05
1.08579e-05
1.14186e-05
1.19942e-05
1.25905e-05
1.32134e-05
1.38683e-05
1.45606e-05
1.52949e-05
1.60757e-05
1.69062e-05
1.77898e-05
1.87288e-05
1.97247e-05
2.07783e-05
2.18891e-05
2.30556e-05
2.42752e-05
2.55437e-05
2.68557e-05
2.82039e-05
2.95798e-05
3.09732e-05
3.23726e-05
3.37652e-05
3.51371e-05
3.64735e-05
3.77594e-05
3.89789e-05
4.01159e-05
4.11542e-05
4.20775e-05
4.28689e-05
4.35104e-05
4.39805e-05
4.42328e-05
4.42928e-05
4.41301e-05
4.37019e-05
4.29813e-05
4.19442e-05
4.05716e-05
3.88543e-05
3.67967e-05
3.44195e-05
3.17624e-05
2.8884e-05
2.58596e-05
2.27764e-05
1.97285e-05
1.68103e-05
1.41149e-05
1.17376e-05
9.79196e-06
8.46486e-06
8.09835e-06
9.76702e-06
1.95014e-05
9.52161e-06
4.6728e-06
3.58847e-06
3.35257e-06
3.46695e-06
3.76917e-06
4.18482e-06
4.67209e-06
5.2043e-06
5.76295e-06
6.33495e-06
6.91126e-06
7.48601e-06
8.05603e-06
8.62043e-06
9.18028e-06
9.73826e-06
1.02983e-05
1.0865e-05
1.1444e-05
1.20409e-05
1.26616e-05
1.33118e-05
1.39971e-05
1.47226e-05
1.5493e-05
1.63125e-05
1.71846e-05
1.8112e-05
1.90966e-05
2.01393e-05
2.12402e-05
2.23979e-05
2.36101e-05
2.48729e-05
2.6181e-05
2.75275e-05
2.89043e-05
3.03018e-05
3.17093e-05
3.31149e-05
3.4506e-05
3.58696e-05
3.71925e-05
3.84615e-05
3.9664e-05
4.07878e-05
4.18207e-05
4.27503e-05
4.35633e-05
4.42447e-05
4.47762e-05
4.51248e-05
4.52729e-05
4.5223e-05
4.49205e-05
4.43293e-05
4.34159e-05
4.21513e-05
4.05169e-05
3.8509e-05
3.61425e-05
3.34549e-05
3.0506e-05
2.73769e-05
2.41643e-05
2.09746e-05
1.79167e-05
1.50985e-05
1.26307e-05
1.06436e-05
9.3546e-06
9.13873e-06
1.12286e-05
2.25802e-05
1.09923e-05
5.36044e-06
4.04523e-06
3.68855e-06
3.72322e-06
3.96767e-06
4.34007e-06
4.79494e-06
5.30336e-06
5.84547e-06
6.4072e-06
6.97863e-06
7.55321e-06
8.12724e-06
8.69949e-06
9.27073e-06
9.84344e-06
1.04214e-05
1.10095e-05
1.16129e-05
1.22375e-05
1.2889e-05
1.35733e-05
1.42957e-05
1.50613e-05
1.58747e-05
1.67396e-05
1.76594e-05
1.86364e-05
1.9672e-05
2.07664e-05
2.19187e-05
2.31268e-05
2.43871e-05
2.56946e-05
2.7043e-05
2.84241e-05
2.9829e-05
3.12474e-05
3.26681e-05
3.40795e-05
3.547e-05
3.68279e-05
3.81423e-05
3.94031e-05
4.06013e-05
4.17283e-05
4.2776e-05
4.37358e-05
4.45975e-05
4.53481e-05
4.59704e-05
4.64411e-05
4.67217e-05
4.68001e-05
4.66468e-05
4.62035e-05
4.54273e-05
4.42778e-05
4.27265e-05
4.07615e-05
3.83918e-05
3.56519e-05
3.26034e-05
2.93329e-05
2.59477e-05
2.25676e-05
1.93179e-05
1.63238e-05
1.37138e-05
1.1637e-05
1.03438e-05
1.02429e-05
1.2731e-05
2.57098e-05
1.25291e-05
6.08179e-06
4.53084e-06
4.0549e-06
4.01386e-06
4.20549e-06
4.54018e-06
4.96857e-06
5.4594e-06
5.99123e-06
6.5488e-06
7.12127e-06
7.70143e-06
8.28509e-06
8.87061e-06
9.45853e-06
1.00512e-05
1.06522e-05
1.12663e-05
1.18989e-05
1.25558e-05
1.32427e-05
1.39654e-05
1.47293e-05
1.55392e-05
1.63996e-05
1.7314e-05
1.82852e-05
1.93151e-05
2.04043e-05
2.15523e-05
2.27574e-05
2.40162e-05
2.53242e-05
2.66752e-05
2.80615e-05
2.94744e-05
3.09041e-05
3.23398e-05
3.37708e-05
3.51861e-05
3.65754e-05
3.79294e-05
3.924e-05
4.05006e-05
4.17059e-05
4.28513e-05
4.39325e-05
4.49442e-05
4.58785e-05
4.67237e-05
4.74625e-05
4.8071e-05
4.85194e-05
4.87432e-05
4.87493e-05
4.84667e-05
4.78373e-05
4.68087e-05
4.53428e-05
4.34191e-05
4.10404e-05
3.8238e-05
3.5074e-05
3.16402e-05
2.80538e-05
2.4449e-05
2.09681e-05
1.77558e-05
1.49603e-05
1.27522e-05
1.14171e-05
1.13996e-05
1.42651e-05
2.88763e-05
1.41311e-05
6.83569e-06
5.0431e-06
4.44817e-06
4.33426e-06
4.47697e-06
4.77846e-06
5.18521e-06
5.66348e-06
6.19011e-06
6.74855e-06
7.327e-06
7.91751e-06
8.51533e-06
9.11844e-06
9.72714e-06
1.03436e-05
1.09714e-05
1.16153e-05
1.22807e-05
1.29733e-05
1.36989e-05
1.44633e-05
1.52717e-05
1.61288e-05
1.70388e-05
1.80048e-05
1.90292e-05
2.01131e-05
2.12565e-05
2.2458e-05
2.37147e-05
2.50223e-05
2.63751e-05
2.77658e-05
2.91859e-05
3.06259e-05
3.20754e-05
3.35241e-05
3.49616e-05
3.63785e-05
3.77665e-05
3.9119e-05
4.04311e-05
4.16999e-05
4.29239e-05
4.41024e-05
4.52343e-05
4.63167e-05
4.73434e-05
4.8303e-05
4.9177e-05
4.99394e-05
5.0557e-05
5.09662e-05
5.11207e-05
5.10052e-05
5.05284e-05
4.96249e-05
4.82472e-05
4.63671e-05
4.39807e-05
4.11148e-05
3.78309e-05
3.42246e-05
3.04217e-05
2.657e-05
2.28297e-05
1.93659e-05
1.63491e-05
1.39739e-05
1.25631e-05
1.26005e-05
1.5824e-05
3.20688e-05
1.57977e-05
7.62138e-06
5.58044e-06
4.8659e-06
4.68106e-06
4.7779e-06
5.04993e-06
5.43913e-06
5.90911e-06
6.43484e-06
6.99839e-06
7.58693e-06
8.19171e-06
8.8074e-06
9.43159e-06
1.00643e-05
1.07077e-05
1.13653e-05
1.20417e-05
1.27424e-05
1.34732e-05
1.42399e-05
1.50481e-05
1.59028e-05
1.68087e-05
1.77694e-05
1.87878e-05
1.98655e-05
2.1003e-05
2.21994e-05
2.34523e-05
2.47579e-05
2.61107e-05
2.7504e-05
2.89295e-05
3.03779e-05
3.18394e-05
3.33037e-05
3.47608e-05
3.62018e-05
3.76189e-05
3.90064e-05
4.03608e-05
4.16806e-05
4.29668e-05
4.42213e-05
4.54466e-05
4.66444e-05
4.78132e-05
4.89475e-05
5.00351e-05
5.10559e-05
5.19802e-05
5.27691e-05
5.33715e-05
5.36842e-05
5.37233e-05
5.34015e-05
5.26251e-05
5.13391e-05
4.95075e-05
4.71197e-05
4.41972e-05
4.07987e-05
3.70215e-05
3.2998e-05
2.88884e-05
2.48704e-05
2.11305e-05
1.78632e-05
1.52895e-05
1.37731e-05
1.38396e-05
1.74025e-05
3.52789e-05
1.75289e-05
8.43838e-06
6.14175e-06
5.30626e-06
5.05169e-06
5.10512e-06
5.3508e-06
5.72596e-06
6.19132e-06
6.71986e-06
7.29216e-06
7.89426e-06
8.51657e-06
9.15317e-06
9.80126e-06
1.04607e-05
1.11333e-05
1.18228e-05
1.25337e-05
1.32717e-05
1.40423e-05
1.48514e-05
1.57045e-05
1.66064e-05
1.75615e-05
1.85731e-05
1.96433e-05
2.07732e-05
2.19626e-05
2.32095e-05
2.45107e-05
2.58611e-05
2.72545e-05
2.86831e-05
3.01377e-05
3.16089e-05
3.30865e-05
3.45608e-05
3.60228e-05
3.74652e-05
3.88826e-05
4.02721e-05
4.16333e-05
4.29684e-05
4.42816e-05
4.5578e-05
4.68627e-05
4.8139e-05
4.94062e-05
5.06583e-05
5.18817e-05
5.30538e-05
5.41413e-05
5.51011e-05
5.58807e-05
5.63726e-05
5.65431e-05
5.6374e-05
5.57248e-05
5.45333e-05
5.27571e-05
5.03783e-05
4.74117e-05
4.39117e-05
3.99743e-05
3.57361e-05
3.13675e-05
2.70624e-05
2.30292e-05
1.9488e-05
1.66891e-05
1.50408e-05
1.51121e-05
1.89971e-05
3.85007e-05
1.93245e-05
9.2864e-06
6.72625e-06
5.76789e-06
5.4442e-06
5.45617e-06
5.67815e-06
6.04231e-06
6.50626e-06
7.04084e-06
7.62501e-06
8.24361e-06
8.88617e-06
9.54615e-06
1.02203e-05
1.09084e-05
1.16121e-05
1.23349e-05
1.30818e-05
1.3858e-05
1.46693e-05
1.55215e-05
1.64197e-05
1.73689e-05
1.83728e-05
1.94342e-05
2.05549e-05
2.1735e-05
2.29735e-05
2.42676e-05
2.5613e-05
2.70038e-05
2.84327e-05
2.9891e-05
3.13694e-05
3.2858e-05
3.43471e-05
3.58278e-05
3.72926e-05
3.87362e-05
4.01557e-05
4.15512e-05
4.29257e-05
4.42844e-05
4.56346e-05
4.69838e-05
4.83387e-05
4.97033e-05
5.1077e-05
5.24524e-05
5.38138e-05
5.51358e-05
5.63816e-05
5.75045e-05
5.84479e-05
5.91163e-05
5.94098e-05
5.93794e-05
5.88558e-05
5.77609e-05
5.60472e-05
5.36898e-05
5.06959e-05
4.71129e-05
4.30333e-05
3.85945e-05
3.39741e-05
2.93808e-05
2.50442e-05
2.12117e-05
1.81648e-05
1.63611e-05
1.64149e-05
2.06053e-05
4.17305e-05
2.11847e-05
1.01653e-05
7.33336e-06
6.24979e-06
5.85703e-06
5.82918e-06
6.02968e-06
6.38548e-06
6.85086e-06
7.39428e-06
7.99302e-06
8.63062e-06
9.29567e-06
9.98099e-06
1.0683e-05
1.14011e-05
1.2137e-05
1.28942e-05
1.36776e-05
1.44926e-05
1.53448e-05
1.624e-05
1.71831e-05
1.81787e-05
1.92302e-05
2.03399e-05
2.15088e-05
2.27365e-05
2.40208e-05
2.53582e-05
2.67435e-05
2.81697e-05
2.96289e-05
3.1112e-05
3.26092e-05
3.4111e-05
3.56083e-05
3.70933e-05
3.85606e-05
4.00069e-05
4.14323e-05
4.28397e-05
4.4235e-05
4.56265e-05
4.70235e-05
4.84353e-05
4.98693e-05
5.13295e-05
5.2814e-05
5.43138e-05
5.58107e-05
5.72763e-05
5.86709e-05
5.99442e-05
6.10355e-05
6.1863e-05
6.22868e-05
6.23664e-05
6.19666e-05
6.09688e-05
5.93241e-05
5.70009e-05
5.3998e-05
5.03543e-05
4.61556e-05
4.15366e-05
3.66791e-05
3.18035e-05
2.71601e-05
2.30238e-05
1.97102e-05
1.77301e-05
1.77459e-05
2.22257e-05
4.49664e-05
2.31097e-05
1.10749e-05
7.96266e-06
6.75114e-06
6.289e-06
6.22261e-06
6.40353e-06
6.75331e-06
7.2226e-06
7.77735e-06
8.39297e-06
9.05164e-06
9.74097e-06
1.04531e-05
1.11841e-05
1.19332e-05
1.2702e-05
1.34941e-05
1.43142e-05
1.51679e-05
1.60607e-05
1.69982e-05
1.79853e-05
1.9026e-05
2.01234e-05
2.12791e-05
2.24936e-05
2.37656e-05
2.50921e-05
2.64688e-05
2.78894e-05
2.93466e-05
3.08315e-05
3.23349e-05
3.38472e-05
3.53592e-05
3.68629e-05
3.83522e-05
3.98235e-05
4.12762e-05
4.27129e-05
4.41394e-05
4.55643e-05
4.69979e-05
4.84512e-05
4.99342e-05
5.14544e-05
5.30146e-05
5.46113e-05
5.62332e-05
5.78595e-05
5.9459e-05
6.09894e-05
6.23984e-05
6.36229e-05
6.45838e-05
6.51365e-05
6.53056e-05
6.50228e-05
6.412e-05
6.25487e-05
6.02713e-05
5.72776e-05
5.35966e-05
4.93045e-05
4.45305e-05
3.9456e-05
3.43106e-05
2.93628e-05
2.49156e-05
2.13205e-05
1.91447e-05
1.91039e-05
2.38581e-05
4.82083e-05
2.50997e-05
1.20154e-05
8.61383e-06
7.2713e-06
6.73923e-06
6.63523e-06
6.79821e-06
7.14402e-06
7.61942e-06
8.18764e-06
8.82211e-06
9.50354e-06
1.02185e-05
1.09586e-05
1.17194e-05
1.24999e-05
1.33018e-05
1.41286e-05
1.49852e-05
1.5877e-05
1.68097e-05
1.77885e-05
1.8818e-05
1.99021e-05
2.10432e-05
2.22425e-05
2.34996e-05
2.48126e-05
2.61776e-05
2.75896e-05
2.90416e-05
3.05255e-05
3.20324e-05
3.35529e-05
3.50777e-05
3.65986e-05
3.81089e-05
3.96042e-05
4.10832e-05
4.25477e-05
4.40029e-05
4.54571e-05
4.69208e-05
4.8406e-05
4.99244e-05
5.14862e-05
5.30977e-05
5.47602e-05
5.64681e-05
5.82074e-05
5.99548e-05
6.16765e-05
6.33281e-05
6.48563e-05
6.61964e-05
6.72704e-05
6.79391e-05
6.81838e-05
6.80065e-05
6.71937e-05
6.56972e-05
6.3474e-05
6.05052e-05
5.68089e-05
5.245e-05
4.75484e-05
4.22816e-05
3.68839e-05
3.16397e-05
2.68791e-05
2.29916e-05
2.06027e-05
2.04885e-05
2.55027e-05
5.14574e-05
2.71551e-05
1.29865e-05
9.28663e-06
7.80976e-06
7.20696e-06
7.06604e-06
7.21247e-06
7.55612e-06
8.03955e-06
8.6231e-06
9.27805e-06
9.98359e-06
1.07253e-05
1.14939e-05
1.22848e-05
1.30969e-05
1.39316e-05
1.47928e-05
1.56851e-05
1.66141e-05
1.75854e-05
1.8604e-05
1.96743e-05
2.07997e-05
2.19822e-05
2.32223e-05
2.45191e-05
2.58697e-05
2.72698e-05
2.87135e-05
3.01933e-05
3.17009e-05
3.3227e-05
3.47627e-05
3.62992e-05
3.78295e-05
3.93484e-05
4.08536e-05
4.23457e-05
4.38291e-05
4.53113e-05
4.68024e-05
4.83147e-05
4.98608e-05
5.14526e-05
5.30994e-05
5.48061e-05
5.65718e-05
5.83883e-05
6.0239e-05
6.2098e-05
6.39296e-05
6.56878e-05
6.73186e-05
6.87567e-05
6.9925e-05
7.06935e-05
7.1002e-05
7.09153e-05
7.01843e-05
6.87599e-05
6.65949e-05
6.36624e-05
5.99694e-05
5.55685e-05
5.05672e-05
4.51352e-05
3.95069e-05
3.3979e-05
2.89073e-05
2.47197e-05
2.21031e-05
2.18999e-05
2.71605e-05
5.47164e-05
2.9276e-05
1.39884e-05
9.98084e-06
8.36612e-06
7.69159e-06
7.51422e-06
7.64528e-06
7.98834e-06
8.48149e-06
9.08193e-06
9.75868e-06
1.04893e-05
1.12583e-05
1.20559e-05
1.28769e-05
1.37201e-05
1.45871e-05
1.54818e-05
1.64088e-05
1.73738e-05
1.83822e-05
1.94389e-05
2.0548e-05
2.17126e-05
2.2934e-05
2.42122e-05
2.55457e-05
2.69311e-05
2.83633e-05
2.98358e-05
3.13408e-05
3.28699e-05
3.4414e-05
3.59644e-05
3.75136e-05
3.90556e-05
4.05871e-05
4.21076e-05
4.36201e-05
4.5131e-05
4.66496e-05
4.81877e-05
4.97584e-05
5.13746e-05
5.30473e-05
5.47846e-05
5.65893e-05
5.8458e-05
6.03799e-05
6.23358e-05
6.42974e-05
6.62272e-05
6.80783e-05
6.97964e-05
7.1316e-05
7.25612e-05
7.34127e-05
7.37755e-05
7.37607e-05
7.31003e-05
7.1741e-05
6.96326e-05
6.67418e-05
6.30655e-05
5.86431e-05
5.35681e-05
4.79986e-05
4.21644e-05
3.63698e-05
3.09934e-05
2.65018e-05
2.36452e-05
2.33386e-05
2.88331e-05
5.79883e-05
3.14626e-05
1.5021e-05
1.06963e-05
8.94001e-06
8.19258e-06
7.97906e-06
8.09576e-06
8.4396e-06
8.9439e-06
9.56252e-06
1.02621e-05
1.10185e-05
1.18151e-05
1.26414e-05
1.34921e-05
1.43659e-05
1.52643e-05
1.61913e-05
1.71518e-05
1.81513e-05
1.91951e-05
2.02881e-05
2.1434e-05
2.26354e-05
2.38934e-05
2.52074e-05
2.65751e-05
2.79927e-05
2.94546e-05
3.09539e-05
3.24827e-05
3.40324e-05
3.55946e-05
3.71611e-05
3.87255e-05
4.02835e-05
4.18333e-05
4.33764e-05
4.49179e-05
4.64658e-05
4.80312e-05
4.96268e-05
5.12658e-05
5.29607e-05
5.47215e-05
5.65541e-05
5.84592e-05
6.04306e-05
6.24549e-05
6.45102e-05
6.65665e-05
6.85846e-05
7.05171e-05
7.23097e-05
7.38964e-05
7.52028e-05
7.61202e-05
7.65329e-05
7.6566e-05
7.59632e-05
7.46571e-05
7.25976e-05
6.97467e-05
6.60931e-05
6.16638e-05
5.65372e-05
5.08565e-05
4.48424e-05
3.88014e-05
3.31308e-05
2.83347e-05
2.52282e-05
2.48055e-05
3.05222e-05
6.12769e-05
3.3715e-05
1.60843e-05
1.14328e-05
9.53113e-06
8.7095e-06
8.45997e-06
8.56312e-06
8.9089e-06
9.42557e-06
1.00634e-05
1.07865e-05
1.1569e-05
1.23932e-05
1.32479e-05
1.41276e-05
1.50309e-05
1.59596e-05
1.69176e-05
1.791e-05
1.89423e-05
2.00199e-05
2.11473e-05
2.2328e-05
2.35643e-05
2.48567e-05
2.62043e-05
2.76043e-05
2.90522e-05
3.05423e-05
3.20675e-05
3.36197e-05
3.51908e-05
3.67726e-05
3.83582e-05
3.99423e-05
4.1522e-05
4.30974e-05
4.46718e-05
4.62521e-05
4.78477e-05
4.94708e-05
5.11343e-05
5.28515e-05
5.46336e-05
5.64892e-05
5.84218e-05
6.04296e-05
6.25037e-05
6.4628e-05
6.67785e-05
6.89234e-05
7.10225e-05
7.30278e-05
7.4885e-05
7.65281e-05
7.78834e-05
7.88516e-05
7.93038e-05
7.93674e-05
7.88052e-05
7.75359e-05
7.55112e-05
7.26908e-05
6.90573e-05
6.46276e-05
5.94652e-05
5.36966e-05
4.75284e-05
4.12635e-05
3.53128e-05
3.02153e-05
2.68517e-05
2.63015e-05
3.22296e-05
6.45863e-05
3.60332e-05
1.71782e-05
1.21902e-05
1.01392e-05
9.24195e-06
8.95641e-06
9.04667e-06
9.39539e-06
9.92538e-06
1.05832e-05
1.13302e-05
1.21389e-05
1.29903e-05
1.38727e-05
1.47804e-05
1.57121e-05
1.66696e-05
1.76572e-05
1.86799e-05
1.97434e-05
2.08529e-05
2.20129e-05
2.32267e-05
2.44961e-05
2.58213e-05
2.72009e-05
2.86317e-05
3.01092e-05
3.1627e-05
3.31782e-05
3.47549e-05
3.63493e-05
3.7954e-05
3.95632e-05
4.11729e-05
4.27818e-05
4.43916e-05
4.60073e-05
4.7637e-05
4.92916e-05
5.09834e-05
5.27257e-05
5.45306e-05
5.64083e-05
5.83651e-05
6.04024e-05
6.25154e-05
6.4693e-05
6.69164e-05
6.91598e-05
7.13898e-05
7.35653e-05
7.5638e-05
7.75536e-05
7.92459e-05
8.06418e-05
8.16477e-05
8.21268e-05
8.22078e-05
8.16669e-05
8.04145e-05
7.84045e-05
7.55971e-05
7.19722e-05
6.75392e-05
6.23487e-05
5.65098e-05
5.02113e-05
4.37463e-05
3.75326e-05
3.21402e-05
2.85147e-05
2.78274e-05
3.39571e-05
6.79202e-05
3.8417e-05
1.83027e-05
1.29684e-05
1.0764e-05
9.78955e-06
9.4679e-06
9.54579e-06
9.89822e-06
1.04423e-05
1.11206e-05
1.18917e-05
1.27263e-05
1.36042e-05
1.45134e-05
1.54479e-05
1.64066e-05
1.73914e-05
1.84069e-05
1.94583e-05
2.05514e-05
2.16913e-05
2.28824e-05
2.41277e-05
2.54289e-05
2.67857e-05
2.81964e-05
2.96577e-05
3.11645e-05
3.27108e-05
3.42894e-05
3.5893e-05
3.75142e-05
3.91467e-05
4.07856e-05
4.24284e-05
4.40752e-05
4.57293e-05
4.73971e-05
4.90877e-05
5.08127e-05
5.25847e-05
5.44162e-05
5.63185e-05
5.82999e-05
6.03645e-05
6.25112e-05
6.47328e-05
6.70155e-05
6.93387e-05
7.16747e-05
7.39888e-05
7.62392e-05
7.83774e-05
8.0349e-05
8.20872e-05
8.35191e-05
8.45524e-05
8.5047e-05
8.51345e-05
8.45951e-05
8.33368e-05
8.13167e-05
7.84974e-05
7.48598e-05
7.04102e-05
6.51898e-05
5.92907e-05
5.28818e-05
4.62399e-05
3.97828e-05
3.41054e-05
3.02161e-05
2.93839e-05
3.57062e-05
7.12818e-05
4.08663e-05
1.94574e-05
1.3767e-05
1.14051e-05
1.0352e-05
9.99398e-06
1.00599e-05
1.04166e-05
1.09754e-05
1.16744e-05
1.24695e-05
1.33293e-05
1.42329e-05
1.51677e-05
1.61276e-05
1.71117e-05
1.81223e-05
1.91642e-05
2.02428e-05
2.13639e-05
2.25329e-05
2.37539e-05
2.50298e-05
2.63618e-05
2.77498e-05
2.91916e-05
3.06837e-05
3.2221e-05
3.37975e-05
3.54063e-05
3.70405e-05
3.86936e-05
4.036e-05
4.20362e-05
4.37209e-05
4.54155e-05
4.71248e-05
4.88561e-05
5.06195e-05
5.24267e-05
5.42901e-05
5.62214e-05
5.82304e-05
6.03234e-05
6.25023e-05
6.47636e-05
6.70977e-05
6.94885e-05
7.19137e-05
7.4344e-05
7.67439e-05
7.90708e-05
8.12759e-05
8.33046e-05
8.50891e-05
8.65562e-05
8.76102e-05
8.81115e-05
8.81968e-05
8.764e-05
8.63521e-05
8.42932e-05
8.14307e-05
7.77504e-05
7.32602e-05
6.79966e-05
6.20383e-05
5.55327e-05
4.87355e-05
4.20558e-05
3.61064e-05
3.19541e-05
3.09711e-05
3.7478e-05
7.46738e-05
4.33807e-05
2.06423e-05
1.4586e-05
1.20625e-05
1.09289e-05
1.05342e-05
1.05884e-05
1.09499e-05
1.15236e-05
1.22433e-05
1.3062e-05
1.39464e-05
1.48745e-05
1.58335e-05
1.68173e-05
1.78252e-05
1.88601e-05
1.99268e-05
2.10312e-05
2.21793e-05
2.33763e-05
2.46265e-05
2.59324e-05
2.72953e-05
2.87147e-05
3.01884e-05
3.17127e-05
3.32827e-05
3.48925e-05
3.65355e-05
3.82056e-05
3.98968e-05
4.16047e-05
4.3327e-05
4.50633e-05
4.68167e-05
4.85927e-05
5.03995e-05
5.22478e-05
5.4149e-05
5.61149e-05
5.81563e-05
6.0281e-05
6.24935e-05
6.47934e-05
6.71749e-05
6.96261e-05
7.21291e-05
7.46599e-05
7.71883e-05
7.96777e-05
8.20851e-05
8.43615e-05
8.64515e-05
8.82863e-05
8.97914e-05
9.08641e-05
9.1367e-05
9.14433e-05
9.08527e-05
8.9512e-05
8.73838e-05
8.44421e-05
8.06808e-05
7.61153e-05
7.07838e-05
6.4756e-05
5.81596e-05
5.12247e-05
4.43436e-05
3.81378e-05
3.37265e-05
3.25887e-05
3.92734e-05
7.80978e-05
4.59598e-05
2.18571e-05
1.5425e-05
1.27357e-05
1.15199e-05
1.10882e-05
1.11307e-05
1.14973e-05
1.2086e-05
1.28262e-05
1.36678e-05
1.45757e-05
1.55271e-05
1.65088e-05
1.75149e-05
1.85451e-05
1.96028e-05
2.06931e-05
2.18223e-05
2.29965e-05
2.42211e-05
2.55002e-05
2.68364e-05
2.82308e-05
2.96828e-05
3.11902e-05
3.27493e-05
3.43553e-05
3.60026e-05
3.76853e-05
3.93976e-05
4.11346e-05
4.28928e-05
4.46709e-05
4.64698e-05
4.82934e-05
5.01481e-05
5.20428e-05
5.3988e-05
5.59948e-05
5.80743e-05
6.02355e-05
6.24848e-05
6.48246e-05
6.72521e-05
6.97595e-05
7.2333e-05
7.49531e-05
7.75945e-05
8.0226e-05
8.28107e-05
8.53049e-05
8.76592e-05
8.98175e-05
9.17095e-05
9.32587e-05
9.43531e-05
9.48566e-05
9.49199e-05
9.42829e-05
9.28683e-05
9.06405e-05
8.75806e-05
8.36939e-05
7.90089e-05
7.35724e-05
6.74529e-05
6.07613e-05
5.37006e-05
4.66381e-05
4.01936e-05
3.553e-05
3.42356e-05
4.10921e-05
8.1554e-05
4.86028e-05
2.31014e-05
1.62837e-05
1.34244e-05
1.21247e-05
1.16556e-05
1.16864e-05
1.2058e-05
1.26616e-05
1.34219e-05
1.42856e-05
1.52158e-05
1.6189e-05
1.71918e-05
1.82187e-05
1.92698e-05
2.0349e-05
2.14619e-05
2.26153e-05
2.38153e-05
2.50675e-05
2.6376e-05
2.77435e-05
2.91709e-05
3.06577e-05
3.22016e-05
3.37992e-05
3.54458e-05
3.71362e-05
3.88651e-05
4.06273e-05
4.24189e-05
4.42372e-05
4.60818e-05
4.79548e-05
4.98607e-05
5.18065e-05
5.38013e-05
5.58553e-05
5.79792e-05
6.01826e-05
6.24733e-05
6.48557e-05
6.73301e-05
6.98918e-05
7.25311e-05
7.52324e-05
7.7975e-05
8.07327e-05
8.34736e-05
8.61602e-05
8.87489e-05
9.11895e-05
9.34253e-05
9.53839e-05
9.69864e-05
9.81103e-05
9.86178e-05
9.86674e-05
9.79763e-05
9.64709e-05
9.41154e-05
9.08977e-05
8.68369e-05
8.19797e-05
7.63899e-05
7.01431e-05
6.33406e-05
5.61581e-05
4.89313e-05
4.22669e-05
3.73607e-05
3.59102e-05
4.29336e-05
8.50416e-05
5.13091e-05
2.43748e-05
1.71619e-05
1.41285e-05
1.2743e-05
1.22358e-05
1.22548e-05
1.26314e-05
1.32497e-05
1.40293e-05
1.4914e-05
1.58652e-05
1.68587e-05
1.7881e-05
1.89272e-05
1.9998e-05
2.10978e-05
2.22328e-05
2.34101e-05
2.46362e-05
2.59168e-05
2.7256e-05
2.86566e-05
3.01196e-05
3.16443e-05
3.32288e-05
3.48696e-05
3.65626e-05
3.83029e-05
4.00857e-05
4.19067e-05
4.37625e-05
4.56516e-05
4.75743e-05
4.95334e-05
5.15339e-05
5.35833e-05
5.56904e-05
5.7865e-05
6.01168e-05
6.24542e-05
6.48834e-05
6.74068e-05
7.00228e-05
7.27251e-05
7.55019e-05
7.83367e-05
8.12074e-05
8.40873e-05
8.69441e-05
8.97403e-05
9.24318e-05
9.49682e-05
9.72917e-05
9.93282e-05
0.000100995
0.000102162
0.000102681
0.00010272
0.000101973
0.000100365
9.78581e-05
9.44451e-05
9.01599e-05
8.50716e-05
7.92695e-05
7.28469e-05
6.59043e-05
5.85943e-05
5.12156e-05
4.43502e-05
3.92136e-05
3.76099e-05
4.47963e-05
8.85581e-05
5.40779e-05
2.56769e-05
1.80592e-05
1.48475e-05
1.33745e-05
1.28284e-05
1.28354e-05
1.32168e-05
1.38492e-05
1.46473e-05
1.55518e-05
1.65225e-05
1.75347e-05
1.85752e-05
1.96394e-05
2.07289e-05
2.18487e-05
2.30058e-05
2.42075e-05
2.54607e-05
2.67712e-05
2.81433e-05
2.95799e-05
3.10819e-05
3.26489e-05
3.4279e-05
3.59691e-05
3.77153e-05
3.95134e-05
4.1359e-05
4.32486e-05
4.51795e-05
4.71508e-05
4.91636e-05
5.12211e-05
5.33289e-05
5.54942e-05
5.77255e-05
6.00319e-05
6.2422e-05
6.49029e-05
6.74788e-05
7.01506e-05
7.29149e-05
7.57634e-05
7.86832e-05
8.16566e-05
8.46608e-05
8.76686e-05
9.06478e-05
9.35608e-05
9.63637e-05
9.90055e-05
0.000101428
0.000103554
0.0001053
0.000106525
0.000107069
0.000107103
0.000106305
0.00010459
0.000101914
9.82727e-05
9.37136e-05
8.83319e-05
8.22498e-05
7.55899e-05
6.84643e-05
6.10092e-05
5.34845e-05
4.64357e-05
4.10832e-05
3.93313e-05
4.66777e-05
9.20994e-05
5.69079e-05
2.70072e-05
1.89752e-05
1.55811e-05
1.40186e-05
1.3433e-05
1.34277e-05
1.38134e-05
1.44592e-05
1.52748e-05
1.61977e-05
1.71865e-05
1.82159e-05
1.92732e-05
2.03545e-05
2.14622e-05
2.26021e-05
2.37817e-05
2.5009e-05
2.62911e-05
2.7634e-05
2.90422e-05
3.05185e-05
3.20642e-05
3.36789e-05
3.53609e-05
3.71075e-05
3.89151e-05
4.078e-05
4.26983e-05
4.46672e-05
4.66846e-05
4.87502e-05
5.08655e-05
5.30341e-05
5.52615e-05
5.75549e-05
5.9922e-05
6.2371e-05
6.49092e-05
6.75421e-05
7.02724e-05
7.30992e-05
7.60174e-05
7.90173e-05
8.20848e-05
8.52012e-05
8.83435e-05
9.14843e-05
9.45916e-05
9.76281e-05
0.00010055
0.000103307
0.000105838
0.000108068
0.000109905
0.000111209
0.000111795
0.000111834
0.000110996
0.000109177
0.000106323
0.000102426
9.75479e-05
9.18096e-05
8.53734e-05
7.84033e-05
7.10373e-05
6.34062e-05
5.57325e-05
4.85152e-05
4.29627e-05
4.107e-05
4.85746e-05
9.56598e-05
5.97982e-05
2.83651e-05
1.99094e-05
1.63288e-05
1.46752e-05
1.40489e-05
1.4031e-05
1.44205e-05
1.50789e-05
1.59107e-05
1.68507e-05
1.78561e-05
1.89014e-05
1.99744e-05
2.10722e-05
2.2198e-05
2.33587e-05
2.45622e-05
2.58171e-05
2.71308e-05
2.85095e-05
2.9958e-05
3.14791e-05
3.30742e-05
3.47432e-05
3.64846e-05
3.8296e-05
4.01742e-05
4.2116e-05
4.4118e-05
4.61777e-05
4.82938e-05
5.04662e-05
5.26967e-05
5.4989e-05
5.73485e-05
5.97818e-05
6.22957e-05
6.48973e-05
6.75925e-05
7.03853e-05
7.32768e-05
7.62642e-05
7.93411e-05
8.24965e-05
8.57152e-05
8.89782e-05
9.22621e-05
9.55398e-05
9.87797e-05
0.000101945
0.000104993
0.000107872
0.000110523
0.000112867
0.00011481
0.000116213
0.000116862
0.00011692
0.00011606
0.000114148
0.000111114
0.000106946
0.000101709
9.55539e-05
8.8686e-05
8.1323e-05
7.36451e-05
6.57924e-05
5.7956e-05
5.05806e-05
4.4845e-05
4.28208e-05
5.04828e-05
9.9232e-05
6.27474e-05
2.97499e-05
2.08614e-05
1.70903e-05
1.53436e-05
1.46758e-05
1.46448e-05
1.50374e-05
1.57073e-05
1.65542e-05
1.75098e-05
1.85303e-05
1.95904e-05
2.06784e-05
2.17927e-05
2.29374e-05
2.41201e-05
2.53498e-05
2.66352e-05
2.79842e-05
2.94034e-05
3.08974e-05
3.24695e-05
3.4121e-05
3.58522e-05
3.76616e-05
3.95473e-05
4.15065e-05
4.35362e-05
4.56336e-05
4.77965e-05
5.00239e-05
5.23161e-05
5.46747e-05
5.71033e-05
5.96071e-05
6.21916e-05
6.48627e-05
6.76261e-05
7.04865e-05
7.34461e-05
7.65044e-05
7.96571e-05
8.28963e-05
8.62101e-05
8.95826e-05
9.29942e-05
9.64219e-05
9.98388e-05
0.000103214
0.000106512
0.00010969
0.000112699
0.000115477
0.000117946
0.000120007
0.000121531
0.000122265
0.00012236
0.000121501
0.000119514
0.000116311
0.000111863
0.00010624
9.96122e-05
9.22347e-05
8.43888e-05
7.63143e-05
6.81792e-05
6.01538e-05
5.26241e-05
4.6722e-05
4.45774e-05
5.23968e-05
0.000102807
6.5754e-05
3.1161e-05
2.18306e-05
1.78651e-05
1.60235e-05
1.53132e-05
1.52685e-05
1.56633e-05
1.63437e-05
1.72042e-05
1.81741e-05
1.92086e-05
2.02826e-05
2.13856e-05
2.25168e-05
2.36817e-05
2.48888e-05
2.61476e-05
2.74676e-05
2.8857e-05
3.03222e-05
3.18685e-05
3.34989e-05
3.52151e-05
3.70175e-05
3.89049e-05
4.08756e-05
4.29271e-05
4.50568e-05
4.72622e-05
4.95413e-05
5.18932e-05
5.43183e-05
5.6818e-05
5.93954e-05
6.20551e-05
6.48018e-05
6.76398e-05
7.05736e-05
7.36062e-05
7.67385e-05
7.99681e-05
8.32895e-05
8.66935e-05
9.01673e-05
9.36944e-05
9.72553e-05
0.000100827
0.000104384
0.000107895
0.000111327
0.000114639
0.00011778
0.000120692
0.000123295
0.000125488
0.000127145
0.000127992
0.000128143
0.000127312
0.000125277
0.000121923
0.000117202
0.000111174
0.000104028
9.60664e-05
8.76434e-05
7.9076e-05
7.05823e-05
6.23274e-05
5.46389e-05
4.85855e-05
4.63328e-05
5.43106e-05
0.000106373
6.88166e-05
3.25975e-05
2.28165e-05
1.86527e-05
1.67143e-05
1.59605e-05
1.59014e-05
1.62974e-05
1.69871e-05
1.78601e-05
1.8843e-05
1.98905e-05
2.09781e-05
2.20963e-05
2.32459e-05
2.44332e-05
2.56679e-05
2.69603e-05
2.832e-05
2.97557e-05
3.12742e-05
3.28805e-05
3.4578e-05
3.63685e-05
3.82524e-05
4.0229e-05
4.22965e-05
4.44529e-05
4.66955e-05
4.90222e-05
5.14311e-05
5.39212e-05
5.64925e-05
5.91463e-05
6.18847e-05
6.47118e-05
6.7631e-05
7.06447e-05
7.37565e-05
7.69676e-05
8.02772e-05
8.36816e-05
8.71738e-05
9.07435e-05
9.43774e-05
9.80586e-05
0.000101768
0.000105482
0.000109177
0.000112823
0.000116388
0.000119833
0.000123108
0.000126157
0.0001289
0.000131235
0.000133037
0.000134023
0.000134251
0.000133479
0.000131428
0.000127952
0.000122974
0.000116537
0.000108839
0.000100226
9.11306e-05
8.19653e-05
7.30215e-05
6.44812e-05
5.6619e-05
5.04266e-05
4.80791e-05
5.62168e-05
0.000109919
7.19331e-05
3.40585e-05
2.38183e-05
1.94525e-05
1.74155e-05
1.66172e-05
1.65428e-05
1.69391e-05
1.7637e-05
1.8521e-05
1.95159e-05
2.05758e-05
2.16772e-05
2.28119e-05
2.39819e-05
2.5195e-05
2.64618e-05
2.7793e-05
2.91991e-05
3.06886e-05
3.22686e-05
3.39442e-05
3.5719e-05
3.75948e-05
3.9572e-05
4.16501e-05
4.38275e-05
4.61022e-05
4.84717e-05
5.09339e-05
5.34867e-05
5.61289e-05
5.88601e-05
6.16807e-05
6.45923e-05
6.75977e-05
7.06989e-05
7.38967e-05
7.71931e-05
8.05878e-05
8.40783e-05
8.76596e-05
9.13233e-05
9.50584e-05
9.88509e-05
0.000102684
0.000106538
0.000110392
0.000114221
0.000117998
0.000121693
0.000125268
0.000128676
0.000131862
0.000134747
0.000137231
0.000139185
0.000140334
0.000140662
0.000139979
0.000137947
0.000134386
0.000129181
0.000122346
0.000114076
0.000104754
9.48947e-05
8.50199e-05
7.55211e-05
6.66231e-05
5.856e-05
5.22365e-05
4.98073e-05
5.81071e-05
0.00011343
7.51019e-05
3.55431e-05
2.48354e-05
2.02639e-05
1.81265e-05
1.72826e-05
1.71922e-05
1.75876e-05
1.82924e-05
1.91865e-05
2.01926e-05
2.12649e-05
2.23809e-05
2.3534e-05
2.47277e-05
2.59711e-05
2.72755e-05
2.86525e-05
3.01127e-05
3.1665e-05
3.33164e-05
3.50722e-05
3.69359e-05
3.89092e-05
4.09929e-05
4.31862e-05
4.54877e-05
4.78953e-05
5.04066e-05
5.30191e-05
5.57305e-05
5.85392e-05
6.1444e-05
6.44445e-05
6.75409e-05
7.0735e-05
7.40271e-05
7.74164e-05
8.09032e-05
8.44856e-05
8.81596e-05
9.19185e-05
9.57532e-05
9.96518e-05
0.0001036
0.000107581
0.000111575
0.000115563
0.00011952
0.000123423
0.000127241
0.00013094
0.000134476
0.000137796
0.000140822
0.000143456
0.000145568
0.000146898
0.000147346
0.000146782
0.000144808
0.000141205
0.000135813
0.000128606
0.000119761
0.000109686
9.89778e-05
8.82795e-05
7.81087e-05
6.87646e-05
6.04594e-05
5.40063e-05
5.1508e-05
5.99722e-05
0.000116889
7.83207e-05
3.70502e-05
2.5867e-05
2.10862e-05
1.88466e-05
1.79561e-05
1.78487e-05
1.82423e-05
1.89529e-05
1.98561e-05
2.0873e-05
2.19583e-05
2.30907e-05
2.42652e-05
2.5487e-05
2.67663e-05
2.81155e-05
2.95465e-05
3.10703e-05
3.26959e-05
3.44302e-05
3.62785e-05
3.82442e-05
4.03291e-05
4.25337e-05
4.48573e-05
4.72984e-05
4.98547e-05
5.25235e-05
5.53019e-05
5.81873e-05
6.11771e-05
6.42693e-05
6.74624e-05
7.07553e-05
7.41481e-05
7.76395e-05
8.12271e-05
8.49091e-05
8.86823e-05
9.25409e-05
9.64772e-05
0.000100481
0.00010454
0.000108639
0.000112761
0.00011689
0.000121004
0.000125082
0.000129102
0.000133035
0.00013685
0.000140506
0.000143951
0.000147113
0.000149894
0.000152164
0.000153686
0.000154273
0.000153854
0.000151977
0.000148379
0.000142848
0.000135309
0.000125903
0.000115051
0.000103419
9.17841e-05
8.08155e-05
7.09207e-05
6.23168e-05
5.57278e-05
5.31709e-05
6.18018e-05
0.000120279
8.15872e-05
3.85787e-05
2.69122e-05
2.19187e-05
1.95753e-05
1.86371e-05
1.85118e-05
1.89024e-05
1.96179e-05
2.05297e-05
2.15576e-05
2.26572e-05
2.38086e-05
2.50087e-05
2.62643e-05
2.75868e-05
2.89893e-05
3.04843e-05
3.20828e-05
3.37937e-05
3.56241e-05
3.7579e-05
3.96616e-05
4.18735e-05
4.42151e-05
4.66856e-05
4.9283e-05
5.20047e-05
5.48478e-05
5.78086e-05
6.08838e-05
6.40698e-05
6.73634e-05
7.07619e-05
7.42624e-05
7.78637e-05
8.15623e-05
8.53541e-05
8.92355e-05
9.32015e-05
9.7245e-05
0.000101357
0.000105527
0.000109741
0.000113985
0.000118243
0.000122496
0.000126728
0.000130917
0.000135043
0.000139081
0.000143
0.000146764
0.000150324
0.000153611
0.000156531
0.000158954
0.000160671
0.000161414
0.000161159
0.000159413
0.000155868
0.000150257
0.000142437
0.000132504
0.000120866
0.000108252
9.55732e-05
8.36745e-05
7.311e-05
6.41341e-05
5.73927e-05
5.47852e-05
6.35846e-05
0.00012358
8.48988e-05
4.01272e-05
2.79701e-05
2.27607e-05
2.03117e-05
1.93248e-05
1.91808e-05
1.95675e-05
2.02871e-05
2.12072e-05
2.22471e-05
2.33631e-05
2.45374e-05
2.57686e-05
2.70652e-05
2.84397e-05
2.99058e-05
3.14764e-05
3.31625e-05
3.49729e-05
3.69143e-05
3.89916e-05
4.12076e-05
4.35638e-05
4.606e-05
4.86952e-05
5.1467e-05
5.43724e-05
5.74074e-05
6.05679e-05
6.38494e-05
6.72471e-05
7.07565e-05
7.43731e-05
7.80924e-05
8.19114e-05
8.58247e-05
8.9826e-05
9.391e-05
9.807e-05
0.000102298
0.000106583
0.000110914
0.000115278
0.00011966
0.000124044
0.000128413
0.000132751
0.00013704
0.000141259
0.000145387
0.000149397
0.000153254
0.000156915
0.000160313
0.000163357
0.000165923
0.000167827
0.000168741
0.000168659
0.000167075
0.000163631
0.000157997
0.000149961
0.00013955
0.000127141
0.000113504
9.96835e-05
8.67207e-05
7.5354e-05
6.59161e-05
5.8994e-05
5.63396e-05
6.5308e-05
0.00012677
8.82528e-05
4.16943e-05
2.90396e-05
2.36111e-05
2.1055e-05
2.00184e-05
1.98549e-05
2.02369e-05
2.09602e-05
2.18892e-05
2.29427e-05
2.40785e-05
2.52807e-05
2.65501e-05
2.78965e-05
2.93336e-05
3.08755e-05
3.25353e-05
3.43238e-05
3.62495e-05
3.83188e-05
4.05362e-05
4.29041e-05
4.54234e-05
4.80936e-05
5.09131e-05
5.38788e-05
5.6987e-05
6.02329e-05
6.36112e-05
6.71162e-05
7.07416e-05
7.44813e-05
7.83289e-05
8.22781e-05
8.63238e-05
9.04588e-05
9.46745e-05
9.89636e-05
0.000103318
0.000107729
0.000112184
0.000116671
0.000121177
0.000125688
0.000130189
0.000134663
0.000139095
0.00014347
0.000147768
0.000151971
0.000156055
0.000159988
0.000163729
0.000167219
0.00017037
0.000173063
0.000175129
0.000176229
0.000176319
0.00017492
0.000171618
0.000166022
0.000157841
0.000147017
0.000133872
0.000119193
0.000104148
8.99888e-05
7.76773e-05
6.76702e-05
6.05253e-05
5.78225e-05
6.69587e-05
0.000129825
9.16459e-05
4.32785e-05
3.01195e-05
2.4469e-05
2.18044e-05
2.07172e-05
2.05336e-05
2.09103e-05
2.16374e-05
2.25763e-05
2.36461e-05
2.48062e-05
2.60431e-05
2.73594e-05
2.87664e-05
3.02785e-05
3.19104e-05
3.3675e-05
3.55827e-05
3.76418e-05
3.98579e-05
4.22351e-05
4.47751e-05
4.74783e-05
5.03436e-05
5.33685e-05
5.65492e-05
5.98808e-05
6.33575e-05
6.69727e-05
7.0719e-05
7.45887e-05
7.85736e-05
8.26654e-05
8.68556e-05
9.1137e-05
9.55002e-05
9.99346e-05
0.000104431
0.00010898
0.000113571
0.000118191
0.000122829
0.00012747
0.0001321
0.000136706
0.000141273
0.000145786
0.000150231
0.000154592
0.000158852
0.00016299
0.000166978
0.000170779
0.000174337
0.000177572
0.000180368
0.000182567
0.000183852
0.000184107
0.000182906
0.000179779
0.000174279
0.000166028
0.000154869
0.000141044
0.00012533
0.000108995
9.3513e-05
8.01064e-05
6.94067e-05
6.19816e-05
5.92219e-05
6.85225e-05
0.00013272
9.50746e-05
4.48779e-05
3.12085e-05
2.53333e-05
2.25589e-05
2.14204e-05
2.12161e-05
2.15873e-05
2.23188e-05
2.32697e-05
2.43597e-05
2.55503e-05
2.68301e-05
2.82039e-05
2.96843e-05
3.12862e-05
3.30244e-05
3.49115e-05
3.69576e-05
3.91701e-05
4.15541e-05
4.41128e-05
4.68474e-05
4.97573e-05
5.28405e-05
5.60935e-05
5.95115e-05
6.30885e-05
6.68172e-05
7.06894e-05
7.46959e-05
7.8827e-05
8.30724e-05
8.74217e-05
9.18642e-05
9.63901e-05
0.000100988
0.000105645
0.000110351
0.000115094
0.000119862
0.000124643
0.000129424
0.00013419
0.00013893
0.000143629
0.000148275
0.000152853
0.000157352
0.000161758
0.000166056
0.000170227
0.000174246
0.000178081
0.00018168
0.000184968
0.000187838
0.000190138
0.000191587
0.000191998
0.000190996
0.000188067
0.000182711
0.000174464
0.000163058
0.000148631
0.000131911
0.000114244
9.73257e-05
8.26691e-05
7.11384e-05
6.33592e-05
6.0526e-05
6.99839e-05
0.000135427
9.85351e-05
4.64906e-05
3.2305e-05
2.62027e-05
2.33174e-05
2.21271e-05
2.1902e-05
2.22679e-05
2.30053e-05
2.39713e-05
2.50868e-05
2.63155e-05
2.76488e-05
2.90929e-05
3.06616e-05
3.23703e-05
3.42335e-05
3.62633e-05
3.84691e-05
4.08574e-05
4.34326e-05
4.61968e-05
4.91502e-05
5.22914e-05
5.56171e-05
5.91228e-05
6.28023e-05
6.6648e-05
7.06509e-05
7.48011e-05
7.90873e-05
8.34976e-05
8.80195e-05
9.26399e-05
9.73461e-05
0.000102125
0.000106964
0.000111849
0.000116765
0.000121701
0.000126643
0.000131579
0.000136496
0.000141379
0.000146217
0.000150996
0.000155706
0.000160333
0.000164868
0.000169299
0.000173612
0.000177791
0.000181815
0.000185655
0.000189263
0.00019257
0.000195479
0.000197844
0.00019942
0.00019997
0.000199153
0.000196433
0.00019126
0.000183087
0.000171528
0.000156591
0.000138922
0.000119908
0.000101455
8.53937e-05
7.28811e-05
6.46559e-05
6.17229e-05
7.13269e-05
0.000137918
0.000102023
4.81141e-05
3.34073e-05
2.70759e-05
2.40789e-05
2.28364e-05
2.25907e-05
2.29524e-05
2.36978e-05
2.46834e-05
2.58314e-05
2.71083e-05
2.85074e-05
3.00371e-05
3.17116e-05
3.35466e-05
3.5556e-05
3.77511e-05
4.01403e-05
4.27293e-05
4.55212e-05
4.8517e-05
5.17158e-05
5.51148e-05
5.87096e-05
6.24941e-05
6.64605e-05
7.05994e-05
7.49001e-05
7.93503e-05
8.39366e-05
8.86446e-05
9.34591e-05
9.83648e-05
0.000103346
0.000108388
0.000113475
0.000118589
0.000123718
0.000128846
0.000133959
0.000139044
0.000144088
0.000149078
0.000154002
0.000158848
0.000163606
0.000168265
0.000172816
0.000177249
0.000181553
0.000185715
0.000189714
0.000193526
0.000197107
0.000200396
0.000203301
0.000205688
0.000207344
0.000208004
0.000207348
0.000204833
0.00019987
0.000191833
0.000180214
0.000164873
0.000146338
0.000125989
0.000105923
8.83089e-05
7.46528e-05
6.58717e-05
6.28014e-05
7.25348e-05
0.000140161
0.000105533
4.97461e-05
3.45136e-05
2.79512e-05
2.4842e-05
2.35477e-05
2.3282e-05
2.36411e-05
2.43983e-05
2.54095e-05
2.65991e-05
2.79362e-05
2.94164e-05
3.10494e-05
3.28499e-05
3.48333e-05
3.70127e-05
3.93984e-05
4.19975e-05
4.48143e-05
4.78507e-05
5.11065e-05
5.45791e-05
5.82645e-05
6.21566e-05
6.62475e-05
7.05277e-05
7.49857e-05
7.96086e-05
8.43817e-05
8.9289e-05
9.43136e-05
9.94377e-05
0.000104643
0.000109911
0.000115225
0.000120565
0.000125915
0.000131257
0.000136575
0.000141856
0.000147084
0.000152248
0.000157334
0.000162331
0.000167228
0.000172017
0.000176689
0.000181235
0.000185647
0.000189916
0.00019403
0.000197973
0.00020172
0.000205235
0.000208462
0.000211317
0.000213678
0.000215356
0.000216088
0.000215557
0.000213229
0.000208485
0.000200633
0.000189043
0.000173413
0.000154116
0.000132477
0.000110745
9.14434e-05
7.64732e-05
6.7008e-05
6.37507e-05
7.35902e-05
0.000142124
0.00010906
5.13834e-05
3.56216e-05
2.88268e-05
2.56055e-05
2.42602e-05
2.39759e-05
2.43352e-05
2.51094e-05
2.61543e-05
2.73968e-05
2.88088e-05
3.03881e-05
3.21451e-05
3.40948e-05
3.62517e-05
3.86278e-05
4.1232e-05
4.40698e-05
4.71441e-05
5.04552e-05
5.40013e-05
5.77782e-05
6.17802e-05
6.59992e-05
7.04257e-05
7.50476e-05
7.98516e-05
8.48219e-05
8.99414e-05
9.51914e-05
0.000100552
0.000106002
0.000111522
0.000117089
0.000122684
0.000128285
0.000133873
0.000139429
0.000144937
0.000150381
0.000155746
0.00016102
0.000166191
0.000171248
0.000176181
0.000180983
0.000185646
0.000190164
0.000194529
0.000198734
0.000202768
0.000206618
0.000210263
0.000213669
0.000216786
0.00021954
0.000221821
0.00022346
0.000224212
0.000223757
0.000221584
0.000217054
0.00020942
0.00019794
0.000182139
0.000162203
0.000139352
0.000115931
9.48219e-05
7.83633e-05
6.80686e-05
6.4561e-05
7.44756e-05
0.000143772
0.000112596
5.30227e-05
3.67286e-05
2.97009e-05
2.63679e-05
2.49732e-05
2.46726e-05
2.50365e-05
2.58345e-05
2.69236e-05
2.82333e-05
2.97382e-05
3.14376e-05
3.33427e-05
3.54679e-05
3.78264e-05
4.04287e-05
4.32821e-05
4.63902e-05
4.9754e-05
5.3372e-05
5.72407e-05
6.13541e-05
6.57043e-05
7.02814e-05
7.50733e-05
8.00659e-05
8.52431e-05
9.05865e-05
9.60762e-05
0.00010169
0.000107406
0.0001132
0.000119048
0.000124926
0.000130811
0.000136679
0.000142509
0.000148281
0.000153977
0.00015958
0.000165075
0.00017045
0.000175693
0.000180795
0.000185748
0.000190543
0.000195175
0.000199639
0.000203929
0.000208038
0.000211958
0.000215677
0.000219177
0.000222427
0.000225383
0.000227982
0.000230123
0.000231658
0.000232365
0.000231932
0.000229868
0.000225529
0.00021813
0.000206826
0.000190969
0.000170533
0.000146577
0.00012148
9.84625e-05
8.03456e-05
6.90598e-05
6.52239e-05
7.51731e-05
0.000145072
0.000116136
5.466e-05
3.78319e-05
3.05712e-05
2.7128e-05
2.56863e-05
2.5373e-05
2.57475e-05
2.65789e-05
2.77256e-05
2.912e-05
3.0739e-05
3.25834e-05
3.46641e-05
3.69944e-05
3.95859e-05
4.24471e-05
4.5583e-05
4.89953e-05
5.26828e-05
5.66421e-05
6.08673e-05
6.53505e-05
7.00817e-05
7.50485e-05
8.02364e-05
8.56287e-05
9.12065e-05
9.69487e-05
0.000102832
0.000108832
0.000114922
0.000121076
0.000127266
0.000133466
0.000139649
0.00014579
0.000151866
0.000157854
0.000163735
0.000169492
0.000175109
0.000180575
0.000185878
0.00019101
0.000195963
0.00020073
0.000205307
0.000209689
0.000213873
0.000217852
0.00022162
0.000225167
0.000228476
0.000231521
0.000234263
0.000236646
0.000238586
0.00023995
0.000240537
0.000240063
0.000238051
0.000233866
0.0002267
0.000215622
0.000199817
0.000179027
0.000154103
0.000127381
0.00010238
8.24437e-05
6.99904e-05
6.57326e-05
7.56639e-05
0.000145984
0.000119668
5.62907e-05
3.89278e-05
3.1435e-05
2.78841e-05
2.63997e-05
2.60786e-05
2.64722e-05
2.73495e-05
2.85706e-05
3.00711e-05
3.18297e-05
3.38478e-05
3.61355e-05
3.87042e-05
4.15634e-05
4.47191e-05
4.81736e-05
5.19263e-05
5.59736e-05
6.03096e-05
6.49264e-05
6.98137e-05
7.49589e-05
8.03471e-05
8.59613e-05
9.17819e-05
9.7787e-05
0.000103952
0.000110252
0.000116657
0.000123139
0.000129668
0.000136213
0.000142745
0.000149234
0.000155653
0.000161976
0.00016818
0.000174243
0.000180148
0.000185879
0.000191425
0.000196774
0.000201918
0.00020685
0.000211566
0.000216061
0.000220332
0.000224376
0.000228188
0.000231764
0.000235094
0.000238165
0.000240951
0.000243422
0.000245531
0.000247204
0.000248325
0.000248718
0.000248132
0.000246106
0.00024202
0.000235067
0.000224247
0.000208591
0.000187597
0.000161866
0.00013361
0.000106585
8.46813e-05
7.08716e-05
6.608e-05
7.59044e-05
0.000146436
0.000123184
5.79091e-05
4.00125e-05
3.22898e-05
2.86351e-05
2.71139e-05
2.67922e-05
2.72164e-05
2.81556e-05
2.94724e-05
3.11047e-05
3.3033e-05
3.5258e-05
3.77882e-05
4.06326e-05
4.37975e-05
4.7286e-05
5.10975e-05
5.52286e-05
5.9673e-05
6.44224e-05
6.94661e-05
7.47914e-05
8.0383e-05
8.62236e-05
9.22929e-05
9.85687e-05
0.000105026
0.000111637
0.000118373
0.000125202
0.000132091
0.000139008
0.000145918
0.00015279
0.00015959
0.00016629
0.000172861
0.000179278
0.000185518
0.000191564
0.000197399
0.000203011
0.00020839
0.000213527
0.000218417
0.000223056
0.00022744
0.000231567
0.000235435
0.000239041
0.000242381
0.000245448
0.000248229
0.000250704
0.000252846
0.000254618
0.000255957
0.000256766
0.000256892
0.000256117
0.000253995
0.000249948
0.000243174
0.000232624
0.000217195
0.000196146
0.000169784
0.00014013
0.000111078
8.70786e-05
7.17167e-05
6.62486e-05
7.59326e-05
0.000146464
0.000126671
5.9509e-05
4.10812e-05
3.31323e-05
2.93798e-05
2.78302e-05
2.75178e-05
2.7988e-05
2.90099e-05
3.04486e-05
3.22441e-05
3.43771e-05
3.68471e-05
3.96598e-05
4.28207e-05
4.63326e-05
5.01948e-05
5.44035e-05
5.89522e-05
6.38316e-05
6.90306e-05
7.45359e-05
8.03318e-05
8.64006e-05
9.27219e-05
9.92727e-05
0.000106027
0.000112958
0.000120034
0.000127223
0.000134489
0.000141798
0.000149112
0.000156394
0.00016361
0.000170724
0.000177705
0.000184521
0.000191146
0.000197557
0.000203734
0.000209661
0.000215324
0.000220714
0.000225823
0.000230647
0.00023518
0.000239422
0.00024337
0.000247024
0.000250381
0.00025344
0.000256196
0.000258635
0.000260743
0.000262499
0.000263872
0.000264812
0.000265238
0.000265032
0.000263981
0.000261683
0.000257608
0.000250963
0.000240676
0.000225534
0.000204569
0.000177766
0.000146885
0.000115854
8.96521e-05
7.25461e-05
6.62782e-05
7.57115e-05
0.000146013
0.000130114
6.10823e-05
4.21284e-05
3.39592e-05
3.01174e-05
2.85513e-05
2.82616e-05
2.87984e-05
2.99295e-05
3.15223e-05
3.35182e-05
3.5897e-05
3.86554e-05
4.17951e-05
4.53172e-05
4.92199e-05
5.34987e-05
5.81458e-05
6.31513e-05
6.85028e-05
7.41862e-05
8.01852e-05
8.64816e-05
9.30546e-05
9.98809e-05
0.000106935
0.000114188
0.000121608
0.000129163
0.000136816
0.000144528
0.000152262
0.000159977
0.000167634
0.000175194
0.00018262
0.000189876
0.000196932
0.000203757
0.000210328
0.000216622
0.000222625
0.000228321
0.000233701
0.000238759
0.000243489
0.000247887
0.000251953
0.000255684
0.000259083
0.000262148
0.00026488
0.000267275
0.000269321
0.000271007
0.00027232
0.000273235
0.000273713
0.000273693
0.000273089
0.000271673
0.000269126
0.000264949
0.000258373
0.000248325
0.000233511
0.000212755
0.000185708
0.000153805
0.000120893
9.24159e-05
7.33756e-05
6.61519e-05
7.52232e-05
0.000145043
0.000133495
6.26196e-05
4.31477e-05
3.4767e-05
3.08481e-05
2.92816e-05
2.90329e-05
2.96629e-05
3.09367e-05
3.27233e-05
3.49639e-05
3.76358e-05
4.07314e-05
4.42469e-05
4.8178e-05
5.25177e-05
5.72566e-05
6.2383e-05
6.78831e-05
7.37413e-05
7.99403e-05
8.6461e-05
9.32824e-05
0.000100381
0.00010773
0.000115302
0.000123065
0.000130984
0.000139024
0.000147144
0.000155304
0.000163463
0.000171576
0.000179602
0.000187499
0.000195228
0.00020275
0.000210033
0.000217044
0.000223759
0.000230155
0.000236213
0.000241921
0.000247268
0.000252247
0.000256852
0.000261083
0.000264936
0.000268413
0.000271515
0.000274244
0.000276603
0.000278588
0.000280189
0.000281402
0.000282219
0.000282621
0.00028258
0.000282071
0.000280973
0.000279135
0.000276271
0.000271916
0.000265342
0.000255494
0.000241028
0.000220589
0.000193495
0.000160803
0.000126161
9.53793e-05
7.42236e-05
6.58694e-05
7.44568e-05
0.000143521
0.000136792
6.41092e-05
4.41315e-05
3.5552e-05
3.15729e-05
3.00277e-05
2.98447e-05
3.06028e-05
3.20613e-05
3.40897e-05
3.66272e-05
3.96464e-05
4.31333e-05
4.70775e-05
5.14676e-05
5.6291e-05
6.15329e-05
6.7177e-05
7.32058e-05
7.96003e-05
8.63402e-05
9.34035e-05
0.000100766
0.000108403
0.000116284
0.000124379
0.000132654
0.000141071
0.000149591
0.000158172
0.000166771
0.000175343
0.000183842
0.000192223
0.000200442
0.000208457
0.000216227
0.000223718
0.000230896
0.000237734
0.000244207
0.000250298
0.000255991
0.000261277
0.000266147
0.000270597
0.000274624
0.000278229
0.000281411
0.000284174
0.000286525
0.000288466
0.000289994
0.000291105
0.000291798
0.000292071
0.000291915
0.00029132
0.000290237
0.000288608
0.000286294
0.000283047
0.000278444
0.000271804
0.000262107
0.000247989
0.000227954
0.000201005
0.000167776
0.000131608
9.85446e-05
7.51123e-05
6.54426e-05
7.34049e-05
0.000141425
0.000139977
6.55369e-05
4.50707e-05
3.63109e-05
3.2295e-05
3.07991e-05
3.07157e-05
3.16469e-05
3.33423e-05
3.56702e-05
3.85653e-05
4.19927e-05
4.59301e-05
5.03583e-05
5.52583e-05
6.06107e-05
6.6395e-05
7.25903e-05
7.91752e-05
8.61275e-05
9.3424e-05
0.00010104
0.00010895
0.000117125
0.000125534
0.000134145
0.00014292
0.00015182
0.000160803
0.000169826
0.000178842
0.000187804
0.000196664
0.000205375
0.000213889
0.000222163
0.000230155
0.000237826
0.000245143
0.000252075
0.000258598
0.000264691
0.000270339
0.000275532
0.00028026
0.000284521
0.00028831
0.000291628
0.000294476
0.000296862
0.000298794
0.000300277
0.000301309
0.000301889
0.000302024
0.000301724
0.000300969
0.00029976
0.000298081
0.000295881
0.000293046
0.000289363
0.000284452
0.000277684
0.000268086
0.000254301
0.000234733
0.000208108
0.000174606
0.000137167
0.000101905
7.60645e-05
6.48849e-05
7.20627e-05
0.000138735
0.000143015
6.68845e-05
4.59548e-05
3.70407e-05
3.30213e-05
3.16084e-05
3.16729e-05
3.28337e-05
3.48304e-05
3.75264e-05
4.08484e-05
4.47512e-05
4.92016e-05
5.417e-05
5.96287e-05
6.55508e-05
7.191e-05
7.8681e-05
8.58386e-05
9.33577e-05
0.000101213
0.000109378
0.000117824
0.000126522
0.000135439
0.00014454
0.000153787
0.000163139
0.000172552
0.000181981
0.000191377
0.000200691
0.000209873
0.000218875
0.000227646
0.000236141
0.000244316
0.00025213
0.000259548
0.000266538
0.000273075
0.000279135
0.000284704
0.000289769
0.000294321
0.000298356
0.000301872
0.000304868
0.000307347
0.00030932
0.0003108
0.000311792
0.000312296
0.000312315
0.000311886
0.00031096
0.000309577
0.000307742
0.000305445
0.000302649
0.000299265
0.000295108
0.000289843
0.000282893
0.000273344
0.000259871
0.000240819
0.000214673
0.000181165
0.00014275
0.000105441
7.71027e-05
6.42124e-05
7.04287e-05
0.000135435
0.000145862
6.81297e-05
4.67712e-05
3.77398e-05
3.37628e-05
3.24745e-05
3.27529e-05
3.42147e-05
3.65906e-05
3.97347e-05
4.35613e-05
4.80114e-05
5.3038e-05
5.86001e-05
6.46601e-05
7.11836e-05
7.81385e-05
8.54955e-05
9.32263e-05
0.000101304
0.000109701
0.00011839
0.000127343
0.000136527
0.00014591
0.000155457
0.000165127
0.00017488
0.00018467
0.00019445
0.000204171
0.000213782
0.000223232
0.00023247
0.000241445
0.000250109
0.000258417
0.000266326
0.0002738
0.000280804
0.000287312
0.0002933
0.00029875
0.00030365
0.00030799
0.000311767
0.000314977
0.000317619
0.000319699
0.000321232
0.000322235
0.000322713
0.000322673
0.000322147
0.000321086
0.000319542
0.000317531
0.000315065
0.000312146
0.000308749
0.000304805
0.000300157
0.000294508
0.000287337
0.000277792
0.000264602
0.000246094
0.000220568
0.00018732
0.000148257
0.000109118
7.82509e-05
6.34439e-05
6.85054e-05
0.000131516
0.00014846
6.92437e-05
4.75052e-05
3.84076e-05
3.4534e-05
3.34295e-05
3.40046e-05
3.58569e-05
3.8705e-05
4.23883e-05
4.68036e-05
5.18742e-05
5.75371e-05
6.37384e-05
7.04304e-05
7.75714e-05
8.51247e-05
9.30576e-05
0.00010134
0.000109944
0.000118842
0.000128007
0.000137409
0.000147019
0.000156803
0.000166725
0.000176747
0.000186826
0.000196918
0.000206974
0.000216945
0.00022678
0.000236425
0.000245829
0.00025494
0.000263708
0.000272088
0.000280034
0.000287508
0.000294475
0.000300905
0.000306776
0.000312067
0.000316764
0.00032086
0.000324347
0.000327224
0.00032949
0.00033115
0.000332228
0.000332742
0.000332704
0.000332153
0.000331018
0.000329361
0.00032721
0.000324585
0.000321505
0.00031798
0.000313999
0.000309506
0.00030437
0.000298329
0.000290913
0.000281339
0.000268402
0.000250452
0.000225658
0.000192929
0.000153573
0.000112885
7.95323e-05
6.25993e-05
6.63003e-05
0.000126976
0.000150732
7.01901e-05
4.81402e-05
3.90468e-05
3.53577e-05
3.45177e-05
3.54944e-05
3.78466e-05
4.12753e-05
4.55982e-05
5.06887e-05
5.64486e-05
6.27975e-05
6.96678e-05
7.70027e-05
8.47543e-05
9.28826e-05
0.000101353
0.000110137
0.000119205
0.000128533
0.000138094
0.000147862
0.000157806
0.000167897
0.000178099
0.000188374
0.000198681
0.000208976
0.000219212
0.000229337
0.000239302
0.000249053
0.000258537
0.000267702
0.000276498
0.000284876
0.000292792
0.000300204
0.000307077
0.00031338
0.000319087
0.00032418
0.000328642
0.000332464
0.000335641
0.000338169
0.000340046
0.000341279
0.000341902
0.000341935
0.000341439
0.000340322
0.000338631
0.00033641
0.000333685
0.000330484
0.00032683
0.000322741
0.000318213
0.000313205
0.000307606
0.000301185
0.00029352
0.000283895
0.000271187
0.000253796
0.000229822
0.000197846
0.000158562
0.000116671
8.0962e-05
6.16981e-05
6.38266e-05
0.000121822
0.000152579
7.09222e-05
4.86577e-05
3.9666e-05
3.62666e-05
3.58004e-05
3.73099e-05
4.02925e-05
4.44237e-05
4.94906e-05
5.53377e-05
6.18429e-05
6.89073e-05
7.64511e-05
8.44098e-05
9.27322e-05
0.000101377
0.000110313
0.00011951
0.000128946
0.000138597
0.000148442
0.000158456
0.000168614
0.000178888
0.000189245
0.00019965
0.000210063
0.000220441
0.000230737
0.000240904
0.00025089
0.000260642
0.000270108
0.000279235
0.000287972
0.00029627
0.000304083
0.000311369
0.000318091
0.000324217
0.00032972
0.00033458
0.000338781
0.000342312
0.000345168
0.000347345
0.000348837
0.000349653
0.000349841
0.000349476
0.000348487
0.000346863
0.000344672
0.000341941
0.000338703
0.000334988
0.000330824
0.000326233
0.000321219
0.000315746
0.000309711
0.00030292
0.000295001
0.000285308
0.000272814
0.000256017
0.000232953
0.000201934
0.000163086
0.000120402
8.25366e-05
6.07582e-05
6.11045e-05
0.000116074
0.000153866
7.13798e-05
4.90389e-05
4.02846e-05
3.73037e-05
3.73629e-05
3.95644e-05
4.33279e-05
4.82905e-05
5.42005e-05
6.08692e-05
6.81494e-05
7.59258e-05
8.41091e-05
9.26313e-05
0.000101442
0.000110503
0.000119786
0.000129269
0.000138935
0.000148767
0.000158747
0.000168859
0.00017908
0.000189386
0.00019975
0.000210139
0.000220515
0.000230838
0.000241064
0.000251146
0.000261033
0.000270674
0.000280016
0.000289008
0.000297596
0.000305734
0.000313373
0.000320471
0.000326989
0.000332896
0.000338163
0.000342768
0.000346695
0.000349933
0.000352476
0.000354318
0.000355451
0.000355878
0.000355713
0.000354976
0.000353538
0.000351494
0.000348876
0.000345716
0.000342044
0.000337894
0.000333296
0.000328276
0.00032284
0.000316965
0.000310582
0.000303504
0.000295391
0.000285653
0.000273334
0.000257013
0.000234925
0.000205077
0.000167008
0.000123976
8.42542e-05
5.97928e-05
5.81659e-05
0.000109761
0.000154412
7.14852e-05
4.92663e-05
4.094e-05
3.85214e-05
3.93222e-05
4.24004e-05
4.71081e-05
5.30264e-05
5.9858e-05
6.73795e-05
7.54215e-05
8.38572e-05
9.25943e-05
0.000101567
0.000110732
0.000120058
0.000129528
0.000139128
0.000148849
0.000158683
0.000168622
0.000178655
0.000188765
0.000198935
0.00020914
0.000219353
0.00022954
0.000239662
0.000249679
0.000259545
0.000269211
0.000278628
0.000287743
0.000296505
0.000304863
0.000312767
0.00032017
0.000327029
0.000333305
0.000338964
0.000343978
0.000348324
0.000351984
0.000354947
0.000357207
0.000358756
0.000359578
0.000359679
0.000359258
0.000358178
0.000356405
0.000354032
0.00035108
0.000347584
0.00034358
0.000339103
0.000334185
0.000328851
0.00032311
0.000316943
0.000310278
0.000302957
0.000294678
0.00028491
0.000272787
0.000256993
0.000235724
0.000207171
0.000170201
0.000127277
8.60696e-05
5.88627e-05
5.50356e-05
0.000102917
0.000154008
7.11763e-05
4.93238e-05
4.16718e-05
4.00265e-05
4.1821e-05
4.59885e-05
5.18007e-05
5.87743e-05
6.6563e-05
7.49131e-05
8.36415e-05
9.26199e-05
0.000101762
0.000111014
0.000120345
0.000129739
0.000139191
0.000148702
0.000158275
0.000167911
0.000177613
0.000187375
0.000197191
0.000207049
0.000216928
0.000226806
0.000236653
0.000246434
0.000256111
0.00026564
0.000274975
0.000284067
0.000292866
0.000301321
0.000309382
0.000316998
0.000324124
0.000330714
0.00033673
0.000342137
0.000346905
0.000351012
0.000354437
0.00035717
0.000359203
0.000360527
0.000361109
0.000361
0.000360386
0.00035906
0.000357074
0.000354486
0.000351322
0.000347617
0.000343405
0.000338718
0.000333588
0.000328039
0.000322079
0.000315693
0.000308815
0.000301306
0.000292895
0.000283108
0.000271166
0.000255863
0.000235508
0.000208128
0.000172573
0.000130188
8.7925e-05
5.80218e-05
5.17432e-05
9.55811e-05
0.000152253
7.03025e-05
4.92164e-05
4.25414e-05
4.1963e-05
4.5042e-05
5.05159e-05
5.75656e-05
6.56392e-05
7.43488e-05
8.34245e-05
9.26851e-05
0.000102015
0.000111348
0.000120651
0.000129913
0.00013914
0.000148345
0.000157544
0.000166753
0.000175987
0.000185256
0.000194566
0.000203916
0.000213299
0.000222703
0.000232109
0.000241488
0.000250812
0.000260043
0.000269141
0.000278063
0.00028676
0.000295184
0.000303286
0.000311014
0.000318321
0.000325158
0.000331482
0.000337252
0.000342433
0.000346995
0.000350914
0.00035417
0.000356749
0.00035864
0.000359832
0.000360278
0.000360074
0.000359357
0.000357913
0.000355836
0.000353156
0.000349904
0.00034611
0.000341805
0.000337019
0.00033178
0.000326109
0.000320012
0.000313475
0.000306439
0.000298778
0.000290253
0.00028044
0.000268643
0.000253774
0.000234263
0.000208182
0.000174055
0.000132608
8.97508e-05
5.73169e-05
4.83198e-05
8.7792e-05
0.000148629
6.86966e-05
4.89463e-05
4.36239e-05
4.4528e-05
4.91976e-05
5.61655e-05
6.45176e-05
7.36444e-05
8.31397e-05
9.27428e-05
0.000102297
0.000111719
0.000120974
0.000130062
0.000138999
0.000147815
0.000156544
0.000165219
0.00017387
0.000182522
0.000191197
0.000199908
0.000208659
0.000217451
0.000226275
0.000235115
0.000243947
0.000252745
0.000261474
0.000270096
0.00027857
0.00028685
0.000294895
0.00030265
0.000310065
0.000317091
0.000323679
0.000329784
0.000335366
0.000340389
0.000344821
0.000348633
0.000351806
0.000354322
0.000356173
0.000357344
0.000357779
0.000357576
0.000356872
0.000355454
0.000353407
0.000350758
0.00034753
0.000343753
0.000339453
0.000334655
0.000329383
0.000323652
0.000317468
0.000310814
0.000303638
0.000295826
0.000287165
0.000277281
0.000265556
0.000251016
0.000232229
0.000207344
0.000174672
0.000134473
9.14651e-05
5.67907e-05
4.47906e-05
7.95637e-05
0.000142597
6.62314e-05
4.85552e-05
4.50738e-05
4.79641e-05
5.45069e-05
6.30769e-05
7.26812e-05
8.26919e-05
9.27265e-05
0.000102569
0.000112114
0.000121329
0.000130224
0.000138835
0.000147213
0.00015541
0.000163481
0.000171475
0.000179433
0.000187392
0.00019538
0.000203415
0.000211509
0.000219664
0.000227877
0.000236134
0.000244413
0.00025269
0.000260942
0.000269123
0.000277193
0.000285108
0.00029282
0.000300281
0.000307443
0.000314257
0.000320676
0.000326655
0.000332151
0.000337124
0.00034154
0.00034537
0.000348588
0.000351175
0.000353118
0.0003544
0.000354969
0.000354865
0.000354288
0.00035303
0.000351115
0.000348591
0.000345474
0.000341787
0.000337551
0.000332787
0.000327511
0.000321737
0.000315464
0.000308668
0.000301302
0.000293262
0.000284364
0.000274286
0.000262489
0.000248101
0.000229833
0.000205942
0.000174697
0.000135806
9.29957e-05
5.65047e-05
4.11916e-05
7.08739e-05
0.000133425
6.27573e-05
4.81236e-05
4.71665e-05
5.25459e-05
6.11647e-05
7.13067e-05
8.19674e-05
9.2572e-05
0.000102817
0.00011257
0.0001218
0.000130537
0.000138842
0.000146789
0.000154457
0.000161922
0.000169253
0.000176513
0.000183753
0.000191013
0.000198329
0.000205722
0.000213206
0.000220787
0.000228463
0.000236224
0.000244048
0.000251913
0.000259786
0.000267637
0.000275424
0.000283103
0.000290627
0.000297948
0.000305015
0.000311779
0.000318191
0.000324205
0.000329775
0.000334858
0.000339417
0.000343418
0.000346831
0.000349632
0.000351802
0.000353323
0.000354145
0.000354245
0.000353857
0.000352848
0.000351131
0.000348771
0.000345781
0.000342181
0.000337986
0.00033321
0.000327867
0.000321962
0.000315492
0.00030844
0.000300758
0.000292357
0.000283073
0.000272623
0.000260532
0.000246028
0.000227913
0.000204622
0.000174451
0.000136752
9.43615e-05
5.64135e-05
3.75738e-05
6.17029e-05
0.00012027
5.81961e-05
4.78066e-05
5.03071e-05
5.85889e-05
6.93373e-05
8.08635e-05
9.22747e-05
0.000103138
0.000113282
0.000122684
0.000131398
0.000139517
0.000147146
0.000154393
0.000161358
0.000168135
0.000174803
0.000181431
0.000188076
0.000194782
0.000201586
0.000208512
0.000215574
0.000222778
0.000230121
0.000237593
0.000245183
0.000252864
0.000260604
0.000268369
0.00027612
0.000283812
0.000291396
0.000298823
0.000306041
0.000312997
0.000319641
0.00032592
0.000331786
0.000337191
0.000342091
0.000346448
0.000350226
0.000353393
0.000355924
0.000357795
0.000358953
0.000359359
0.000359154
0.000358418
0.000356917
0.000354675
0.000351739
0.000348126
0.000343845
0.000338905
0.000333314
0.000327075
0.000320181
0.000312615
0.000304333
0.000295253
0.00028523
0.000274013
0.000261182
0.000246056
0.000227586
0.000204318
0.000174628
0.000137716
9.56814e-05
5.65087e-05
3.40397e-05
5.20217e-05
0.00010233
5.25673e-05
4.8076e-05
5.50558e-05
6.65415e-05
7.93448e-05
9.20217e-05
0.000103936
0.000114866
0.000124799
0.000133821
0.000142064
0.000149669
0.000156779
0.000163523
0.000170017
0.000176361
0.000182643
0.000188938
0.000195301
0.000201779
0.000208407
0.000215209
0.000222202
0.000229393
0.000236779
0.00024435
0.000252091
0.000259977
0.000267977
0.000276052
0.000284163
0.000292262
0.000300297
0.000308216
0.000315961
0.000323476
0.000330701
0.000337579
0.000344054
0.00035007
0.000355576
0.000360522
0.000364865
0.000368564
0.000371584
0.000373895
0.000375431
0.000376147
0.000376092
0.00037554
0.000374167
0.000371865
0.000368776
0.000364906
0.000360257
0.000354835
0.000348644
0.000341683
0.000333947
0.000325416
0.000316048
0.000305769
0.000294443
0.00028184
0.000267581
0.000251049
0.000231301
0.000207028
0.000176746
0.000139632
9.73608e-05
5.68663e-05
3.0785e-05
4.18174e-05
7.93756e-05
4.62795e-05
4.99693e-05
6.25055e-05
7.75512e-05
9.24977e-05
0.000106407
0.000118986
0.000130239
0.000140295
0.000149331
0.000157536
0.000165092
0.000172166
0.000178904
0.000185434
0.000191865
0.00019829
0.000204784
0.00021141
0.000218217
0.00022524
0.000232507
0.000240031
0.00024782
0.000255871
0.000264172
0.000272705
0.000281442
0.000290348
0.000299383
0.000308499
0.000317643
0.000326757
0.000335779
0.000344644
0.000353282
0.000361625
0.000369603
0.000377147
0.00038419
0.000390665
0.000396513
0.000401675
0.0004061
0.000409739
0.000412554
0.000414456
0.000415379
0.000415387
0.000414835
0.000413296
0.000410598
0.000406958
0.000402372
0.000396838
0.00039036
0.00038294
0.000374577
0.000365264
0.000354982
0.000343689
0.000331308
0.000317705
0.000302651
0.000285775
0.000266488
0.000243906
0.000216833
0.000183962
0.000144641
0.000100524
5.79153e-05
2.80299e-05
3.12126e-05
5.25784e-05
4.13161e-05
5.61554e-05
7.60339e-05
9.57374e-05
0.000113895
0.000130144
0.000144519
0.000157217
0.000168486
0.000178584
0.000187758
0.000196232
0.000204206
0.000211855
0.00021933
0.000226756
0.00023424
0.000241866
0.000249705
0.000257811
0.000266225
0.000274975
0.000284078
0.000293538
0.000303352
0.000313503
0.000323968
0.000334712
0.000345692
0.000356857
0.000368148
0.000379496
0.000390829
0.000402067
0.000413127
0.000423919
0.000434355
0.000444343
0.000453792
0.000462614
0.000470721
0.000478033
0.000484473
0.000489969
0.000494459
0.000497891
0.000500133
0.000501066
0.000500978
0.000500094
0.000497823
0.000494112
0.000489187
0.000483036
0.000475655
0.00046705
0.000457222
0.000446174
0.000433897
0.00042037
0.000405543
0.000389326
0.000371562
0.00035199
0.000330191
0.000305526
0.000277074
0.000243667
0.000204172
0.000158346
0.000108439
6.10458e-05
2.65692e-05
2.08881e-05
2.64015e-05
4.3953e-05
7.61897e-05
0.00010818
0.000137109
0.000162655
0.000185042
0.000204637
0.000221852
0.000237099
0.000250772
0.00026323
0.000274793
0.00028574
0.000296314
0.000306717
0.000317123
0.000327672
0.000338481
0.000349641
0.000361225
0.000373285
0.000385856
0.000398958
0.000412595
0.000426757
0.00044142
0.000456546
0.000472081
0.000487963
0.000504114
0.000520444
0.000536855
0.000553236
0.000569469
0.000585428
0.000600983
0.000616
0.00063034
0.000643871
0.000656458
0.000667973
0.000678295
0.00068731
0.000694915
0.000701016
0.000705537
0.000708254
0.000708969
0.000708508
0.000706634
0.000702496
0.000696436
0.000688578
0.000678908
0.000667431
0.000654154
0.000639087
0.000622231
0.000603578
0.000583093
0.000560705
0.000536279
0.000509583
0.00048024
0.000447656
0.000410956
0.000368941
0.00032022
0.000263733
0.000199991
0.000133039
7.19031e-05
2.78381e-05
1.04665e-05
1.52482e-05
8.54774e-05
0.000164088
0.000234424
0.000295799
0.000349081
0.000395394
0.000435752
0.000471132
0.000502465
0.000530604
0.000556315
0.000580271
0.000603053
0.00062516
0.000647009
0.00066895
0.000691271
0.000714205
0.000737937
0.000762608
0.00078832
0.000815142
0.000843107
0.000872218
0.000902446
0.000933733
0.000965993
0.000999108
0.00103294
0.00106731
0.00110202
0.00113687
0.00117162
0.00120599
0.00123973
0.00127255
0.00130416
0.00133427
0.00136259
0.00138883
0.00141272
0.001434
0.00145244
0.00146782
0.00147994
0.00148864
0.00149337
0.00149384
0.00149219
0.00148704
0.00147689
0.00146293
0.0014451
0.00142341
0.00139787
0.00136851
0.00133535
0.00129839
0.00125763
0.00121296
0.00116424
0.00111114
0.00105316
0.000989432
0.000918665
0.000838959
0.000747806
0.000642477
0.000521333
0.000386672
0.000248709
0.00012756
4.44227e-05
6.43975e-06
)
;

boundaryField
{
    movingWall
    {
        type            epsilonWallFunction;
        value           nonuniform List<scalar> 
75
(
1.52482e-05
8.54774e-05
0.000164088
0.000234424
0.000295799
0.000349081
0.000395394
0.000435752
0.000471132
0.000502465
0.000530604
0.000556315
0.000580271
0.000603053
0.00062516
0.000647009
0.00066895
0.000691271
0.000714205
0.000737937
0.000762608
0.00078832
0.000815142
0.000843107
0.000872218
0.000902446
0.000933733
0.000965993
0.000999108
0.00103294
0.00106731
0.00110202
0.00113687
0.00117162
0.00120599
0.00123973
0.00127255
0.00130416
0.00133427
0.00136259
0.00138883
0.00141272
0.001434
0.00145244
0.00146782
0.00147994
0.00148864
0.00149337
0.00149384
0.00149219
0.00148704
0.00147689
0.00146293
0.0014451
0.00142341
0.00139787
0.00136851
0.00133535
0.00129839
0.00125763
0.00121296
0.00116424
0.00111114
0.00105316
0.000989432
0.000918665
0.000838959
0.000747806
0.000642477
0.000521333
0.000386672
0.000248709
0.00012756
4.44227e-05
6.43975e-06
)
;
    }
    fixedWalls
    {
        type            epsilonWallFunction;
        value           nonuniform List<scalar> 
225
(
3.44366e-07
6.50548e-07
1.381e-06
2.25734e-06
3.25204e-06
4.34585e-06
5.52642e-06
6.78575e-06
8.11863e-06
9.52161e-06
1.09923e-05
1.25291e-05
1.41311e-05
1.57977e-05
1.75289e-05
1.93245e-05
2.11847e-05
2.31097e-05
2.50997e-05
2.71551e-05
2.9276e-05
3.14626e-05
3.3715e-05
3.60332e-05
3.8417e-05
4.08663e-05
4.33807e-05
4.59598e-05
4.86028e-05
5.13091e-05
5.40779e-05
5.69079e-05
5.97982e-05
6.27474e-05
6.5754e-05
6.88166e-05
7.19331e-05
7.51019e-05
7.83207e-05
8.15872e-05
8.48988e-05
8.82528e-05
9.16459e-05
9.50746e-05
9.85351e-05
0.000102023
0.000105533
0.00010906
0.000112596
0.000116136
0.000119668
0.000123184
0.000126671
0.000130114
0.000133495
0.000136792
0.000139977
0.000143015
0.000145862
0.00014846
0.000150732
0.000152579
0.000153866
0.000154412
0.000154008
0.000152253
0.000148629
0.000142597
0.000133425
0.00012027
0.00010233
7.93756e-05
5.25784e-05
2.64015e-05
1.52482e-05
8.71154e-07
1.64477e-06
3.48306e-06
5.66924e-06
8.11891e-06
1.07681e-05
1.35707e-05
1.6491e-05
1.95014e-05
2.25802e-05
2.57098e-05
2.88763e-05
3.20688e-05
3.52789e-05
3.85007e-05
4.17305e-05
4.49664e-05
4.82083e-05
5.14574e-05
5.47164e-05
5.79883e-05
6.12769e-05
6.45863e-05
6.79202e-05
7.12818e-05
7.46738e-05
7.80978e-05
8.1554e-05
8.50416e-05
8.85581e-05
9.20994e-05
9.56598e-05
9.9232e-05
0.000102807
0.000106373
0.000109919
0.00011343
0.000116889
0.000120279
0.00012358
0.00012677
0.000129825
0.00013272
0.000135427
0.000137918
0.000140161
0.000142124
0.000143772
0.000145072
0.000145984
0.000146436
0.000146464
0.000146013
0.000145043
0.000143521
0.000141425
0.000138735
0.000135435
0.000131516
0.000126976
0.000121822
0.000116074
0.000109761
0.000102917
9.55811e-05
8.7792e-05
7.95637e-05
7.08739e-05
6.17029e-05
5.20217e-05
4.18174e-05
3.12126e-05
2.08881e-05
1.04665e-05
6.43975e-06
3.44366e-07
2.32749e-06
5.16072e-06
8.49247e-06
1.21414e-05
1.5982e-05
1.99165e-05
2.38663e-05
2.77676e-05
3.15708e-05
3.52391e-05
3.87481e-05
4.20854e-05
4.52495e-05
4.82483e-05
5.1098e-05
5.38212e-05
5.64452e-05
5.90001e-05
6.15175e-05
6.40293e-05
6.6566e-05
6.91568e-05
7.18287e-05
7.4606e-05
7.75106e-05
8.05622e-05
8.37776e-05
8.7172e-05
9.07582e-05
9.45471e-05
9.85478e-05
0.000102768
0.000107212
0.000111884
0.000116784
0.000121911
0.00012726
0.000132822
0.000138583
0.000144523
0.000150617
0.000156831
0.000163119
0.000169426
0.000175684
0.00018181
0.000187701
0.000193242
0.000198294
0.000202703
0.00020629
0.000208846
0.000210099
0.00021017
0.000208686
0.000205461
0.000200383
0.000193396
0.000184515
0.00017383
0.000161515
0.000147829
0.000133102
0.000117718
0.000102087
8.66124e-05
7.16649e-05
5.75542e-05
4.45163e-05
3.27139e-05
2.22569e-05
1.32501e-05
5.90338e-06
8.71154e-07
)
;
    }
    frontAndBack
    {
        type            empty;
    }
}


// ************************************************************************* //
