/*--------------------------------*- C++ -*----------------------------------*\
  =========                 |
  \\      /  F ield         | OpenFOAM: The Open Source CFD Toolbox
   \\    /   O peration     | Website:  https://openfoam.org
    \\  /    A nd           | Version:  12
     \\/     M anipulation  |
\*---------------------------------------------------------------------------*/
FoamFile
{
    format      ascii;
    class       volScalarField;
    location    "8.5";
    object      p;
}
// * * * * * * * * * * * * * * * * * * * * * * * * * * * * * * * * * * * * * //

dimensions      [0 2 -2 0 0 0 0];

internalField   nonuniform List<scalar> 
5625
(
1.05734e-09
6.19815e-08
9.63496e-07
2.79819e-06
5.34294e-06
8.38562e-06
1.17504e-05
1.52787e-05
1.88309e-05
2.22829e-05
2.55273e-05
2.84724e-05
3.10408e-05
3.31682e-05
3.48023e-05
3.59015e-05
3.64342e-05
3.63777e-05
3.57177e-05
3.44472e-05
3.25659e-05
3.008e-05
2.70013e-05
2.33467e-05
1.91378e-05
1.44004e-05
9.16419e-06
3.46211e-06
-2.66981e-06
-9.19306e-06
-1.60668e-05
-2.32482e-05
-3.06932e-05
-3.83562e-05
-4.61907e-05
-5.41496e-05
-6.21855e-05
-7.02509e-05
-7.82981e-05
-8.62801e-05
-9.41507e-05
-0.000101864
-0.000109376
-0.000116643
-0.000123624
-0.000130278
-0.000136568
-0.000142457
-0.000147912
-0.000152901
-0.000157398
-0.000161376
-0.000164815
-0.000167696
-0.000170006
-0.000171735
-0.00017288
-0.00017344
-0.000173424
-0.000172846
-0.000171726
-0.000170093
-0.000167988
-0.000165458
-0.000162563
-0.000159378
-0.000155989
-0.000152501
-0.000149032
-0.000145715
-0.000142713
-0.000140196
-0.000138372
-0.000137468
-0.000137398
-3.12273e-06
-2.69145e-06
-1.67022e-06
-2.66223e-08
2.11439e-06
4.611e-06
7.33705e-06
1.0177e-05
1.30242e-05
1.57821e-05
1.83646e-05
2.06963e-05
2.27122e-05
2.43568e-05
2.55841e-05
2.63568e-05
2.66456e-05
2.6429e-05
2.56922e-05
2.44274e-05
2.26324e-05
2.0311e-05
1.74718e-05
1.41283e-05
1.02982e-05
6.00331e-06
1.26873e-06
-3.87717e-06
-9.40321e-06
-1.52758e-05
-2.14591e-05
-2.79157e-05
-3.46064e-05
-4.14911e-05
-4.85284e-05
-5.56765e-05
-6.28933e-05
-7.01364e-05
-7.73635e-05
-8.45327e-05
-9.16026e-05
-9.85329e-05
-0.000105284
-0.000111817
-0.000118096
-0.000124084
-0.000129749
-0.00013506
-0.000139986
-0.000144501
-0.000148581
-0.000152205
-0.000155355
-0.000158016
-0.000160178
-0.000161834
-0.000162982
-0.000163625
-0.000163772
-0.000163436
-0.000162638
-0.000161405
-0.000159772
-0.000157783
-0.000155489
-0.000152951
-0.000150243
-0.000147445
-0.000144652
-0.000141966
-0.000139501
-0.00013738
-0.000135746
-0.00013472
-0.000134277
-9.21683e-06
-8.07032e-06
-6.46003e-06
-4.53484e-06
-2.35336e-06
1.78798e-08
2.50059e-06
5.01574e-06
7.48795e-06
9.84687e-06
1.20278e-05
1.39725e-05
1.56293e-05
1.69531e-05
1.79061e-05
1.84567e-05
1.85798e-05
1.82565e-05
1.74739e-05
1.62245e-05
1.45059e-05
1.23209e-05
9.67654e-06
6.58436e-06
3.05958e-06
-8.78959e-07
-5.20921e-06
-9.90621e-06
-1.49424e-05
-2.0288e-05
-2.59112e-05
-3.17785e-05
-3.7855e-05
-4.41046e-05
-5.04905e-05
-5.69752e-05
-6.35208e-05
-7.00893e-05
-7.66428e-05
-8.31437e-05
-8.9555e-05
-9.58403e-05
-0.000101964
-0.000107893
-0.000113593
-0.000119033
-0.000124184
-0.000129017
-0.000133507
-0.00013763
-0.000141366
-0.000144697
-0.000147606
-0.000150081
-0.000152115
-0.000153701
-0.00015484
-0.000155533
-0.000155788
-0.000155619
-0.000155042
-0.000154082
-0.000152767
-0.000151133
-0.000149222
-0.000147083
-0.000144769
-0.000142343
-0.000139871
-0.000137427
-0.000135086
-0.000132924
-0.000131007
-0.000129391
-0.000128232
-1.71229e-05
-1.50907e-05
-1.26328e-05
-1.01228e-05
-7.56567e-06
-4.96872e-06
-2.37678e-06
1.55983e-07
2.57696e-06
4.83632e-06
6.88702e-06
8.68568e-06
1.0193e-05
1.13746e-05
1.22005e-05
1.26462e-05
1.26917e-05
1.23224e-05
1.1528e-05
1.03032e-05
8.64704e-06
6.56268e-06
4.05728e-06
1.14178e-06
-2.16956e-06
-5.85917e-06
-9.90674e-06
-1.42892e-05
-1.89812e-05
-2.39553e-05
-2.91823e-05
-3.46315e-05
-4.02708e-05
-4.60671e-05
-5.19868e-05
-5.79952e-05
-6.40578e-05
-7.01399e-05
-7.62067e-05
-8.22238e-05
-8.81576e-05
-9.39749e-05
-9.96435e-05
-0.000105132
-0.000110411
-0.000115452
-0.000120227
-0.000124713
-0.000128884
-0.000132721
-0.000136204
-0.000139317
-0.000142046
-0.00014438
-0.00014631
-0.000147832
-0.000148944
-0.000149647
-0.000149949
-0.000149857
-0.000149387
-0.000148555
-0.000147385
-0.000145904
-0.000144144
-0.000142139
-0.00013993
-0.00013756
-0.000135077
-0.000132529
-0.000129967
-0.000127435
-0.000124936
-0.000122474
-0.000120429
-2.56159e-05
-2.26548e-05
-1.92568e-05
-1.60264e-05
-1.29293e-05
-9.92527e-06
-7.03498e-06
-4.29513e-06
-1.74139e-06
5.92369e-07
2.67345e-06
4.47102e-06
5.95675e-06
7.10546e-06
7.89537e-06
8.30846e-06
8.33045e-06
7.95107e-06
7.16381e-06
5.96613e-06
4.35906e-06
2.3474e-06
-6.08439e-08
-2.85421e-06
-6.01845e-06
-9.53628e-06
-1.33881e-05
-1.75517e-05
-2.2003e-05
-2.67161e-05
-3.16632e-05
-3.68155e-05
-4.2143e-05
-4.76145e-05
-5.31986e-05
-5.8863e-05
-6.45755e-05
-7.03037e-05
-7.60154e-05
-8.16788e-05
-8.72626e-05
-9.2736e-05
-9.80694e-05
-0.000103234
-0.000108202
-0.000112948
-0.000117446
-0.000121673
-0.000125608
-0.000129231
-0.000132524
-0.000135473
-0.000138063
-0.000140284
-0.000142128
-0.000143588
-0.000144663
-0.000145351
-0.000145656
-0.000145585
-0.000145146
-0.000144351
-0.000143218
-0.000141763
-0.000140011
-0.000137984
-0.000135711
-0.00013322
-0.00013054
-0.000127705
-0.000124747
-0.000121683
-0.000118471
-0.000115072
-0.000112099
-3.38706e-05
-2.99973e-05
-2.56451e-05
-2.16387e-05
-1.79157e-05
-1.43988e-05
-1.10924e-05
-8.02189e-06
-5.21124e-06
-2.68267e-06
-4.57927e-07
1.44209e-06
2.99803e-06
4.19271e-06
5.01142e-06
5.44231e-06
5.47647e-06
5.10815e-06
4.33477e-06
3.15695e-06
1.57843e-06
-3.93949e-07
-2.75045e-06
-5.47847e-06
-8.56283e-06
-1.19858e-05
-1.57276e-05
-1.97662e-05
-2.40777e-05
-2.86368e-05
-3.34167e-05
-3.83893e-05
-4.35257e-05
-4.87962e-05
-5.41706e-05
-5.96182e-05
-6.51084e-05
-7.06103e-05
-7.60937e-05
-8.15282e-05
-8.68845e-05
-9.21336e-05
-9.72475e-05
-0.000102199
-0.000106963
-0.000111513
-0.000115828
-0.000119884
-0.000123662
-0.000127142
-0.000130308
-0.000133145
-0.000135639
-0.000137779
-0.000139556
-0.000140964
-0.000141997
-0.000142654
-0.000142933
-0.000142839
-0.000142375
-0.000141549
-0.00014037
-0.00013885
-0.000137003
-0.000134843
-0.000132388
-0.000129654
-0.000126659
-0.000123423
-0.000119967
-0.000116291
-0.000112313
-0.000107967
-0.000104085
-4.13103e-05
-3.65614e-05
-3.12732e-05
-2.64769e-05
-2.20889e-05
-1.80035e-05
-1.42138e-05
-1.07387e-05
-7.59467e-06
-4.79564e-06
-2.35532e-06
-2.87039e-07
1.39702e-06
2.68625e-06
3.57202e-06
4.04793e-06
4.11005e-06
3.75699e-06
2.9901e-06
1.81337e-06
2.33543e-07
-1.74005e-06
-4.09545e-06
-6.81833e-06
-9.89199e-06
-1.32976e-05
-1.70144e-05
-2.10199e-05
-2.52897e-05
-2.97984e-05
-3.45191e-05
-3.94241e-05
-4.44848e-05
-4.96721e-05
-5.49563e-05
-6.03078e-05
-6.56966e-05
-7.10931e-05
-7.64678e-05
-8.17917e-05
-8.70364e-05
-9.21743e-05
-9.71783e-05
-0.000102023
-0.000106682
-0.000111134
-0.000115354
-0.000119323
-0.00012302
-0.000126426
-0.000129526
-0.000132304
-0.000134745
-0.000136839
-0.000138576
-0.000139946
-0.000140943
-0.000141563
-0.000141802
-0.000141659
-0.000141135
-0.000140232
-0.000138955
-0.000137307
-0.000135297
-0.000132932
-0.00013022
-0.000127169
-0.000123788
-0.000120088
-0.000116083
-0.00011176
-0.000107007
-0.000101736
-9.69847e-05
-4.75176e-05
-4.19292e-05
-3.57312e-05
-3.01491e-05
-2.50829e-05
-2.04031e-05
-1.60959e-05
-1.21767e-05
-8.65717e-06
-5.54567e-06
-2.85015e-06
-5.78201e-07
1.26356e-06
2.66989e-06
3.63728e-06
4.16413e-06
4.25101e-06
3.90067e-06
3.1183e-06
1.91132e-06
2.89675e-07
-1.73451e-06
-4.14671e-06
-6.93041e-06
-1.00669e-05
-1.35357e-05
-1.73145e-05
-2.13796e-05
-2.57056e-05
-3.02665e-05
-3.50345e-05
-3.99818e-05
-4.50793e-05
-5.02979e-05
-5.5608e-05
-6.098e-05
-6.63843e-05
-7.17917e-05
-7.71731e-05
-8.25002e-05
-8.7745e-05
-9.28804e-05
-9.78802e-05
-0.000102719
-0.000107373
-0.000111817
-0.000116032
-0.000119994
-0.000123686
-0.000127088
-0.000130183
-0.000132957
-0.000135393
-0.000137481
-0.000139207
-0.000140563
-0.000141539
-0.000142128
-0.000142324
-0.000142123
-0.000141522
-0.000140518
-0.000139111
-0.000137301
-0.000135088
-0.000132475
-0.000129463
-0.000126054
-0.00012225
-0.000118055
-0.00011348
-0.000108501
-0.000102984
-9.68214e-05
-9.12433e-05
-5.21718e-05
-4.57708e-05
-3.86852e-05
-3.23268e-05
-2.65815e-05
-2.1299e-05
-1.64608e-05
-1.20809e-05
-8.16814e-06
-4.72715e-06
-1.7617e-06
7.24937e-07
2.73054e-06
4.25427e-06
5.29698e-06
5.86132e-06
5.95195e-06
5.57556e-06
4.74103e-06
3.45934e-06
1.74368e-06
-3.90721e-07
-2.92653e-06
-5.84459e-06
-9.12382e-06
-1.27416e-05
-1.66736e-05
-2.08945e-05
-2.53773e-05
-3.00945e-05
-3.50175e-05
-4.01171e-05
-4.53637e-05
-5.07274e-05
-5.6178e-05
-6.16858e-05
-6.72208e-05
-7.27536e-05
-7.82551e-05
-8.36969e-05
-8.90513e-05
-9.42912e-05
-9.93905e-05
-0.000104324
-0.000109067
-0.000113598
-0.000117893
-0.000121932
-0.000125694
-0.000129162
-0.000132318
-0.000135145
-0.000137628
-0.000139753
-0.000141508
-0.00014288
-0.000143858
-0.000144434
-0.000144599
-0.000144344
-0.000143664
-0.000142552
-0.000141004
-0.000139015
-0.000136582
-0.000133701
-0.00013037
-0.000126584
-0.000122341
-0.000117641
-0.000112491
-0.000106863
-0.000100599
-9.35763e-05
-8.72073e-05
-5.50024e-05
-4.78037e-05
-3.98446e-05
-3.27185e-05
-2.62982e-05
-2.04143e-05
-1.50449e-05
-1.02036e-05
-5.89781e-06
-2.12934e-06
1.10103e-06
3.79346e-06
5.94925e-06
7.57136e-06
8.66442e-06
9.23498e-06
9.29147e-06
8.84443e-06
7.90635e-06
6.49186e-06
4.61751e-06
2.30189e-06
-4.34629e-07
-3.56985e-06
-7.08003e-06
-1.09399e-05
-1.51228e-05
-1.9601e-05
-2.43457e-05
-2.93275e-05
-3.45161e-05
-3.98809e-05
-4.53909e-05
-5.1015e-05
-5.67223e-05
-6.24819e-05
-6.82631e-05
-7.4036e-05
-7.9771e-05
-8.54392e-05
-9.10126e-05
-9.64638e-05
-0.000101766
-0.000106895
-0.000111825
-0.000116533
-0.000120997
-0.000125196
-0.000129108
-0.000132715
-0.000135999
-0.000138942
-0.000141528
-0.000143742
-0.000145569
-0.000146997
-0.000148011
-0.000148601
-0.000148755
-0.000148464
-0.000147717
-0.000146505
-0.000144819
-0.000142653
-0.000139997
-0.000136845
-0.00013319
-0.000129024
-0.000124341
-0.000119138
-0.000113419
-0.000107152
-0.000100159
-9.2302e-05
-8.51688e-05
-5.57561e-05
-4.77636e-05
-3.89358e-05
-3.10474e-05
-2.39581e-05
-1.74801e-05
-1.15884e-05
-6.29679e-06
-1.61172e-06
2.4669e-06
5.94084e-06
8.8131e-06
1.10881e-05
1.27721e-05
1.38734e-05
1.44021e-05
1.43703e-05
1.37923e-05
1.26844e-05
1.1065e-05
8.95402e-06
6.37379e-06
3.34798e-06
-9.78624e-08
-3.93691e-06
-8.14082e-06
-1.26803e-05
-1.75248e-05
-2.26433e-05
-2.80037e-05
-3.3574e-05
-3.93213e-05
-4.52132e-05
-5.12168e-05
-5.72997e-05
-6.34297e-05
-6.95752e-05
-7.57051e-05
-8.17889e-05
-8.77969e-05
-9.37003e-05
-9.94712e-05
-0.000105083
-0.000110509
-0.000115724
-0.000120705
-0.000125428
-0.000129873
-0.000134016
-0.00013784
-0.000141324
-0.00014445
-0.000147201
-0.00014956
-0.000151512
-0.000153041
-0.000154133
-0.000154774
-0.00015495
-0.000154649
-0.000153858
-0.000152565
-0.000150758
-0.000148427
-0.00014556
-0.000142147
-0.000138176
-0.000133638
-0.000128522
-0.000122824
-0.000116547
-0.000109653
-0.000101945
-9.32737e-05
-8.53941e-05
-5.41732e-05
-4.53809e-05
-3.56813e-05
-2.70327e-05
-1.92818e-05
-1.22214e-05
-5.82338e-06
-1.02258e-07
4.93645e-06
9.29456e-06
1.29762e-05
1.59869e-05
1.83341e-05
2.00273e-05
2.10781e-05
2.15004e-05
2.13102e-05
2.05254e-05
1.91663e-05
1.7255e-05
1.48156e-05
1.18741e-05
8.45789e-06
4.59616e-06
3.19286e-07
-4.34107e-06
-9.35233e-06
-1.4681e-05
-2.0293e-05
-2.61537e-05
-3.22284e-05
-3.8482e-05
-4.48798e-05
-5.13869e-05
-5.79692e-05
-6.45927e-05
-7.12244e-05
-7.78316e-05
-8.43828e-05
-9.08471e-05
-9.71947e-05
-0.000103397
-0.000109425
-0.000115254
-0.000120856
-0.000126208
-0.000131285
-0.000136065
-0.000140526
-0.000144647
-0.000148408
-0.000151789
-0.000154773
-0.000157341
-0.000159476
-0.000161162
-0.00016238
-0.000163117
-0.000163356
-0.000163083
-0.000162281
-0.000160937
-0.000159036
-0.000156564
-0.000153506
-0.00014985
-0.000145581
-0.000140686
-0.000135152
-0.000128973
-0.00012215
-0.000114643
-0.000106234
-9.67589e-05
-8.81429e-05
-4.99681e-05
-4.03632e-05
-2.97833e-05
-2.03754e-05
-1.19719e-05
-4.34543e-06
2.53541e-06
8.65584e-06
1.40113e-05
1.86054e-05
2.24446e-05
2.55374e-05
2.7894e-05
2.95275e-05
3.04529e-05
3.0688e-05
3.02527e-05
2.9169e-05
2.74615e-05
2.51562e-05
2.22818e-05
1.8868e-05
1.49467e-05
1.05508e-05
5.71484e-06
4.74099e-07
-5.13511e-06
-1.10759e-05
-1.73108e-05
-2.38023e-05
-3.05124e-05
-3.74036e-05
-4.44384e-05
-5.15798e-05
-5.87912e-05
-6.60369e-05
-7.32817e-05
-8.04917e-05
-8.76334e-05
-9.46748e-05
-0.000101585
-0.000108333
-0.000114891
-0.000121231
-0.000127326
-0.00013315
-0.000138679
-0.000143889
-0.000148758
-0.000153263
-0.000157383
-0.000161099
-0.00016439
-0.000167236
-0.00016962
-0.000171523
-0.000172926
-0.000173813
-0.000174165
-0.000173964
-0.000173195
-0.000171839
-0.000169879
-0.000167298
-0.00016408
-0.000160208
-0.000155666
-0.000150436
-0.000144504
-0.000137862
-0.000130509
-0.000122401
-0.0001133
-0.00010303
-9.36818e-05
-4.28158e-05
-3.23817e-05
-2.0911e-05
-1.07456e-05
-1.70235e-06
6.46725e-06
1.37989e-05
2.02779e-05
2.5901e-05
3.0674e-05
3.46062e-05
3.77089e-05
3.9996e-05
4.1484e-05
4.2192e-05
4.21417e-05
4.13575e-05
3.98659e-05
3.76959e-05
3.48782e-05
3.1446e-05
2.74337e-05
2.28777e-05
1.78153e-05
1.22854e-05
6.32747e-06
-1.80682e-08
-6.71052e-06
-1.37087e-05
-2.09715e-05
-2.84577e-05
-3.61267e-05
-4.39379e-05
-5.18519e-05
-5.98295e-05
-6.78326e-05
-7.58241e-05
-8.3768e-05
-9.16291e-05
-9.93738e-05
-0.000106969
-0.000114385
-0.000121589
-0.000128554
-0.000135252
-0.000141656
-0.00014774
-0.00015348
-0.000158851
-0.000163832
-0.0001684
-0.000172534
-0.000176212
-0.000179413
-0.000182119
-0.000184308
-0.000185961
-0.000187059
-0.000187581
-0.000187509
-0.000186822
-0.000185501
-0.000183527
-0.000180879
-0.000177538
-0.000173485
-0.0001687
-0.000163164
-0.000156859
-0.000149775
-0.00014191
-0.000133215
-0.000123433
-0.000112373
-0.000102294
-3.23386e-05
-2.1059e-05
-8.68883e-06
2.22779e-06
1.18907e-05
2.05717e-05
2.83113e-05
3.50956e-05
4.09232e-05
4.58028e-05
4.9747e-05
5.27706e-05
5.48914e-05
5.61301e-05
5.65102e-05
5.6058e-05
5.48028e-05
5.27759e-05
5.00115e-05
4.65453e-05
4.24155e-05
3.76618e-05
3.23254e-05
2.64486e-05
2.00752e-05
1.32491e-05
6.01544e-06
-1.58091e-06
-9.49461e-06
-1.76807e-05
-2.60943e-05
-3.46913e-05
-4.3428e-05
-5.22619e-05
-6.1151e-05
-7.00548e-05
-7.89337e-05
-8.77497e-05
-9.64656e-05
-0.000105046
-0.000113457
-0.000121665
-0.000129639
-0.000137348
-0.000144765
-0.00015186
-0.000158608
-0.000164983
-0.000170959
-0.000176514
-0.000181624
-0.000186265
-0.000190417
-0.000194057
-0.000197164
-0.000199716
-0.000201692
-0.00020307
-0.000203829
-0.000203946
-0.000203402
-0.000202172
-0.000200235
-0.000197569
-0.000194151
-0.000189958
-0.000184969
-0.000179161
-0.000172514
-0.000165014
-0.000156659
-0.000147394
-0.000136941
-0.000125095
-0.000114286
-1.80963e-05
-5.95885e-06
7.31274e-06
1.89655e-05
2.92176e-05
3.83656e-05
4.64561e-05
5.3477e-05
5.94293e-05
6.43256e-05
6.81823e-05
7.10186e-05
7.28568e-05
7.37224e-05
7.36441e-05
7.26535e-05
7.07851e-05
6.8076e-05
6.45657e-05
6.02959e-05
5.53104e-05
4.96543e-05
4.33746e-05
3.65189e-05
2.91363e-05
2.12759e-05
1.29876e-05
4.32127e-06
-4.67351e-06
-1.39473e-05
-2.34515e-05
-3.31379e-05
-4.29595e-05
-5.28704e-05
-6.28258e-05
-7.27823e-05
-8.26978e-05
-9.2532e-05
-0.000102246
-0.000111802
-0.000121164
-0.000130297
-0.00013917
-0.00014775
-0.000156008
-0.000163914
-0.00017144
-0.000178561
-0.00018525
-0.000191483
-0.000197235
-0.000202483
-0.000207203
-0.000211372
-0.000214967
-0.000217965
-0.000220344
-0.00022208
-0.000223149
-0.000223528
-0.000223193
-0.000222118
-0.00022028
-0.000217652
-0.000214209
-0.000209927
-0.000204779
-0.00019874
-0.000191786
-0.000183901
-0.000175081
-0.000165266
-0.000154158
-0.000141532
-0.000129993
4.24734e-07
1.34229e-05
2.75859e-05
3.99462e-05
5.07416e-05
6.02957e-05
6.86624e-05
7.58321e-05
8.18095e-05
8.66117e-05
9.02602e-05
9.27793e-05
9.41967e-05
9.45435e-05
9.38543e-05
9.21667e-05
8.95214e-05
8.59617e-05
8.15335e-05
7.62847e-05
7.02654e-05
6.35271e-05
5.61226e-05
4.81058e-05
3.95313e-05
3.04542e-05
2.09294e-05
1.10121e-05
7.56729e-07
-9.78263e-06
-2.0553e-05
-3.15022e-05
-4.25795e-05
-5.37353e-05
-6.49218e-05
-7.60925e-05
-8.7203e-05
-9.82102e-05
-0.000109073
-0.000119752
-0.000130209
-0.000140409
-0.000150317
-0.000159901
-0.000169129
-0.000177971
-0.000186398
-0.000194384
-0.000201901
-0.000208924
-0.000215427
-0.000221385
-0.000226775
-0.000231572
-0.000235751
-0.000239288
-0.000242159
-0.000244339
-0.000245801
-0.000246521
-0.000246471
-0.000245624
-0.000243952
-0.000241428
-0.000238023
-0.000233708
-0.000228454
-0.000222232
-0.000215015
-0.000206783
-0.000197531
-0.000187191
-0.000175443
-0.000162049
-0.000149784
2.382e-05
3.76673e-05
5.26935e-05
6.57133e-05
7.69861e-05
8.68639e-05
9.54096e-05
0.000102617
0.000108496
0.00011307
0.000116365
0.000118412
0.000119246
0.000118904
0.000117428
0.000114861
0.000111252
0.000106651
0.000101111
9.46861e-05
8.74344e-05
7.94139e-05
7.06842e-05
6.13057e-05
5.13392e-05
4.0846e-05
2.98868e-05
1.85224e-05
6.81253e-06
-5.18386e-06
-1.74091e-05
-2.98068e-05
-4.23221e-05
-5.4902e-05
-6.7495e-05
-8.00514e-05
-9.25244e-05
-0.000104869
-0.000117041
-0.000129
-0.000140705
-0.000152119
-0.000163208
-0.000173935
-0.000184271
-0.000194182
-0.000203641
-0.000212618
-0.000221086
-0.000229019
-0.000236389
-0.000243173
-0.000249343
-0.000254875
-0.000259742
-0.000263921
-0.000267383
-0.000270102
-0.00027205
-0.0002732
-0.000273521
-0.000272985
-0.000271561
-0.000269216
-0.00026592
-0.000261639
-0.000256341
-0.000249994
-0.000242565
-0.000234032
-0.000224385
-0.000213553
-0.000201191
-0.000187044
-0.000174062
5.27755e-05
6.74391e-05
8.32749e-05
9.68805e-05
0.000108538
0.000118631
0.00012723
0.000134337
0.000139967
0.000144149
0.000146918
0.000148313
0.000148373
0.000147146
0.00014468
0.000141027
0.000136243
0.000130385
0.000123516
0.000115696
0.000106992
9.74695e-05
8.71944e-05
7.62348e-05
6.46584e-05
5.25328e-05
3.99253e-05
2.69023e-05
1.35294e-05
-1.29469e-07
-1.40116e-05
-2.8056e-05
-4.2204e-05
-5.63987e-05
-7.05853e-05
-8.47097e-05
-9.8721e-05
-0.000112575
-0.000126227
-0.000139631
-0.000152745
-0.000165531
-0.000177952
-0.000189974
-0.000201563
-0.000212686
-0.000223315
-0.000233419
-0.000242971
-0.000251943
-0.000260308
-0.000268039
-0.000275111
-0.000281496
-0.000287168
-0.0002921
-0.000296263
-0.000299629
-0.000302168
-0.000303849
-0.000304641
-0.00030451
-0.000303424
-0.000301346
-0.000298242
-0.000294074
-0.000288806
-0.000282401
-0.000274823
-0.000266044
-0.000256053
-0.000244769
-0.000231826
-0.000216951
-0.000203268
8.80741e-05
0.000103493
0.00012005
0.000134135
0.000146052
0.000156217
0.000164713
0.000171548
0.000176744
0.00018034
0.00018238
0.000182909
0.000181978
0.00017964
0.000175954
0.00017098
0.000164784
0.000157431
0.000148991
0.000139536
0.000129138
0.000117872
0.000105812
9.30335e-05
7.96114e-05
6.56205e-05
5.11347e-05
3.62267e-05
2.09679e-05
5.42781e-06
-1.03256e-05
-2.6227e-05
-4.22129e-05
-5.82225e-05
-7.41977e-05
-9.00844e-05
-0.000105829
-0.000121378
-0.000136687
-0.00015171
-0.000166403
-0.000180726
-0.000194643
-0.000208117
-0.000221114
-0.000233602
-0.000245549
-0.000256927
-0.000267705
-0.000277856
-0.000287353
-0.000296168
-0.000304274
-0.000311644
-0.000318248
-0.000324059
-0.000329046
-0.00033318
-0.000336427
-0.000338756
-0.00034013
-0.000340515
-0.000339872
-0.000338162
-0.000335347
-0.000331385
-0.000326235
-0.000319854
-0.000312201
-0.000303245
-0.00029297
-0.000281288
-0.000267807
-0.000252239
-0.000237879
0.000130601
0.000146676
0.000163824
0.000178238
0.000190249
0.000200303
0.000208499
0.000214852
0.000219395
0.000222175
0.000223247
0.000222665
0.000220491
0.000216787
0.000211622
0.000205067
0.000197195
0.000188082
0.000177808
0.000166453
0.000154099
0.000140828
0.000126725
0.000111872
9.63513e-05
8.0246e-05
6.36367e-05
4.66026e-05
2.92213e-05
1.1568e-05
-6.28418e-06
-2.4265e-05
-4.23066e-05
-6.03444e-05
-7.83163e-05
-9.6164e-05
-0.000113832
-0.000131268
-0.000148425
-0.000165257
-0.000181713
-0.000197751
-0.000213336
-0.000228433
-0.000243005
-0.00025702
-0.000270447
-0.000283255
-0.000295415
-0.000306899
-0.000317679
-0.000327727
-0.000337014
-0.000345512
-0.000353192
-0.000360024
-0.000365975
-0.000371013
-0.000375104
-0.000378212
-0.000380298
-0.000381323
-0.000381247
-0.000380025
-0.000377613
-0.000373966
-0.000369037
-0.000362777
-0.000355141
-0.000346091
-0.000335607
-0.000323592
-0.000309632
-0.000293419
-0.000278417
0.000181348
0.000197931
0.000215484
0.000230027
0.000241915
0.000251629
0.000259282
0.0002649
0.000268526
0.000270221
0.000270049
0.000268076
0.000264374
0.000259018
0.000252086
0.00024366
0.000233823
0.000222662
0.000210267
0.000196727
0.000182134
0.00016658
0.000150156
0.000132956
0.000115069
9.65856e-05
7.75936e-05
5.81791e-05
3.8426e-05
1.84152e-05
-1.77485e-06
-2.20691e-05
-4.23955e-05
-6.26855e-05
-8.2874e-05
-0.0001029
-0.000122704
-0.000142232
-0.00016143
-0.000180254
-0.000198661
-0.000216606
-0.000234047
-0.000250948
-0.000267274
-0.000282994
-0.000298074
-0.000312485
-0.000326197
-0.000339183
-0.000351412
-0.000362858
-0.000373491
-0.000383281
-0.000392197
-0.000400209
-0.000407282
-0.000413382
-0.000418471
-0.00042251
-0.000425458
-0.000427272
-0.000427904
-0.000427308
-0.000425434
-0.000422231
-0.000417646
-0.000411624
-0.000404113
-0.00039507
-0.000384469
-0.000372204
-0.000357837
-0.000341043
-0.000325446
0.000241408
0.000258292
0.000275997
0.000290404
0.000301897
0.000310985
0.0003178
0.00032238
0.000324782
0.000325078
0.000323346
0.000319665
0.000314118
0.000306792
0.000297775
0.000287162
0.000275046
0.000261527
0.000246702
0.000230673
0.000213541
0.000195407
0.000176373
0.000156539
0.000136004
0.000114866
9.32203e-05
7.11599e-05
4.87748e-05
2.61519e-05
3.37487e-06
-1.94764e-05
-4.23259e-05
-6.51013e-05
-8.77344e-05
-0.000110161
-0.000132321
-0.000154157
-0.000175613
-0.00019664
-0.000217197
-0.000237243
-0.000256736
-0.000275636
-0.00029391
-0.000311524
-0.000328447
-0.000344649
-0.000360101
-0.000374774
-0.000388639
-0.000401668
-0.00041383
-0.000425096
-0.000435434
-0.000444809
-0.000453186
-0.000460528
-0.000466794
-0.000471942
-0.000475926
-0.000478698
-0.000480208
-0.000480402
-0.000479225
-0.000476618
-0.000472523
-0.000466878
-0.000459623
-0.000450709
-0.000440103
-0.000427688
-0.000413004
-0.000395708
-0.000379578
0.000311974
0.00032888
0.000346399
0.000360333
0.000371087
0.000379201
0.000384824
0.000388009
0.000388829
0.000387369
0.000383721
0.000377978
0.000370234
0.000360589
0.000349144
0.000336004
0.000321276
0.000305067
0.000287489
0.000268651
0.000248666
0.000227644
0.000205696
0.000182931
0.000159456
0.000135378
0.000110799
8.58185e-05
6.05331e-05
3.50355e-05
9.41431e-06
-1.62458e-05
-4.18647e-05
-6.73665e-05
-9.26801e-05
-0.000117739
-0.00014248
-0.000166845
-0.00019078
-0.000214236
-0.000237165
-0.000259527
-0.00028128
-0.000302389
-0.000322817
-0.000342534
-0.000361507
-0.000379708
-0.000397107
-0.000413676
-0.000429385
-0.000444207
-0.000458109
-0.000471061
-0.000483029
-0.000493978
-0.00050387
-0.000512664
-0.000520316
-0.00052678
-0.000532006
-0.00053594
-0.000538526
-0.000539704
-0.000539412
-0.000537585
-0.000534155
-0.000529054
-0.000522212
-0.000513573
-0.000503096
-0.000490655
-0.000475765
-0.000458066
-0.000441478
0.000394326
0.000410883
0.000427781
0.000440815
0.00045041
0.000457129
0.000461141
0.000462517
0.000461344
0.000457725
0.000451765
0.000443569
0.000433246
0.000420909
0.000406669
0.000390644
0.000372951
0.000353709
0.00033304
0.000311064
0.000287903
0.000263676
0.000238505
0.000212506
0.000185795
0.000158486
0.000130688
0.000102509
7.40499e-05
4.54097e-05
1.66819e-05
-1.20444e-05
-4.06854e-05
-6.91621e-05
-9.74005e-05
-0.000125332
-0.000152892
-0.000180022
-0.000206666
-0.000232776
-0.000258304
-0.000283209
-0.000307451
-0.000330995
-0.000353806
-0.000375853
-0.000397105
-0.000417535
-0.000437113
-0.000455811
-0.000473601
-0.000490453
-0.000506335
-0.000521215
-0.000535058
-0.000547826
-0.000559479
-0.000569971
-0.000579255
-0.00058728
-0.00059399
-0.000599326
-0.000603225
-0.000605618
-0.000606437
-0.000605608
-0.000603053
-0.000598696
-0.000592457
-0.00058427
-0.000574086
-0.000561766
-0.000546805
-0.000528824
-0.000511872
0.000489801
0.000505533
0.00052126
0.000532865
0.000540792
0.000545616
0.000547528
0.000546618
0.000542991
0.000536764
0.000528056
0.000516987
0.000503678
0.000488252
0.000470834
0.000451552
0.000430533
0.000407907
0.000383805
0.000358358
0.000331695
0.000303947
0.000275242
0.000245705
0.000215461
0.00018463
0.00015333
0.000121672
8.97652e-05
5.77134e-05
2.56148e-05
-6.43774e-06
-3.83568e-05
-7.00605e-05
-0.000101473
-0.000132523
-0.000163147
-0.000193283
-0.000222878
-0.000251882
-0.00028025
-0.000307939
-0.000334912
-0.000361135
-0.000386574
-0.000411201
-0.000434985
-0.000457899
-0.000479916
-0.000501007
-0.000521145
-0.000540299
-0.000558438
-0.000575526
-0.000591527
-0.0006064
-0.000620102
-0.000632582
-0.00064379
-0.000653666
-0.00066215
-0.000669175
-0.000674669
-0.000678556
-0.000680756
-0.000681187
-0.000679761
-0.000676388
-0.00067098
-0.000663458
-0.000653764
-0.000641746
-0.000626875
-0.000608758
-0.000591555
0.000599765
0.000614069
0.000627938
0.000637471
0.000643119
0.000645465
0.000644715
0.000640981
0.000634386
0.00062506
0.000613137
0.000598748
0.000582025
0.000563103
0.000542115
0.000519199
0.000494492
0.000468132
0.000440259
0.000411011
0.000380528
0.000348947
0.000316404
0.000283033
0.000248966
0.000214328
0.000179245
0.000143835
0.000108211
7.24817e-05
3.67504e-05
1.11322e-06
-3.43392e-05
-6.95229e-05
-0.00010436
-0.000138779
-0.000172714
-0.000206106
-0.000238901
-0.000271049
-0.000302507
-0.000333236
-0.000363198
-0.000392362
-0.000420697
-0.000448174
-0.000474768
-0.000500451
-0.000525198
-0.000548981
-0.000571772
-0.00059354
-0.000614253
-0.000633874
-0.000652364
-0.000669678
-0.000685769
-0.000700581
-0.000714057
-0.000726132
-0.000736735
-0.000745791
-0.00075322
-0.000758934
-0.000762842
-0.000764849
-0.000764855
-0.000762758
-0.000758456
-0.000751857
-0.000742891
-0.00073139
-0.000716806
-0.000698728
-0.000681409
0.000725553
0.000737682
0.000748851
0.000755537
0.000758191
0.000757381
0.000753333
0.000746177
0.000736051
0.000723101
0.000707469
0.000689297
0.000668725
0.000645894
0.000620947
0.00059403
0.000565281
0.000534848
0.000502878
0.000469516
0.000434908
0.000399198
0.000362529
0.000325041
0.000286873
0.000248158
0.000209025
0.000169598
0.000129996
9.03333e-05
5.0715e-05
1.12412e-05
-2.7995e-05
-6.69078e-05
-0.000105418
-0.000143454
-0.000180951
-0.000217849
-0.000254097
-0.000289646
-0.000324457
-0.00035849
-0.000391714
-0.000424099
-0.000455617
-0.000486242
-0.000515951
-0.000544718
-0.00057252
-0.00059933
-0.00062512
-0.00064986
-0.000673515
-0.000696046
-0.000717411
-0.00073756
-0.000756441
-0.000773992
-0.000790147
-0.000804832
-0.000817969
-0.000829469
-0.00083924
-0.000847182
-0.000853191
-0.000857155
-0.000858962
-0.000858492
-0.000855627
-0.000850262
-0.000842309
-0.000831587
-0.000817522
-0.000799692
-0.000782418
0.000868402
0.00087744
0.000884891
0.000887811
0.00088664
0.000881907
0.00087385
0.000862617
0.000848361
0.000831234
0.000811386
0.000788963
0.00076411
0.000736971
0.000707688
0.000676413
0.000643295
0.000608476
0.000572108
0.000534343
0.00049533
0.000455219
0.000414159
0.000372295
0.000329771
0.000286725
0.000243293
0.000199604
0.000155781
0.000111942
6.81957e-05
2.46455e-05
-1.86137e-05
-6.1495e-05
-0.000103919
-0.000145814
-0.000187117
-0.000227769
-0.000267723
-0.000306932
-0.00034536
-0.000382973
-0.000419742
-0.000455641
-0.000490647
-0.000524738
-0.000557894
-0.000590092
-0.00062131
-0.000651524
-0.000680706
-0.000708825
-0.000735844
-0.000761722
-0.000786411
-0.000809858
-0.000832001
-0.000852772
-0.000872095
-0.000889884
-0.000906047
-0.000920485
-0.000933089
-0.000943745
-0.000952327
-0.00095871
-0.000962761
-0.000964343
-0.000963317
-0.000959561
-0.000952967
-0.000943335
-0.000930071
-0.000912737
-0.000895698
0.00102931
0.00103415
0.00103668
0.00103477
0.00102883
0.00101932
0.00100648
0.000990469
0.000971453
0.000949584
0.000925012
0.000897882
0.000868334
0.000836511
0.000802553
0.000766604
0.000728815
0.000689332
0.000648303
0.000605881
0.000562219
0.000517469
0.000471784
0.000425314
0.000378206
0.000330606
0.000282652
0.000234479
0.000186214
0.000137978
8.98838e-05
4.20372e-05
-5.46573e-06
-5.25372e-05
-9.90985e-05
-0.00014508
-0.000190419
-0.000235063
-0.000278965
-0.000322086
-0.000364393
-0.000405858
-0.000446458
-0.000486172
-0.000524984
-0.000562876
-0.000599832
-0.000635835
-0.000670865
-0.0007049
-0.000737913
-0.00076987
-0.000800735
-0.000830462
-0.000858998
-0.000886281
-0.000912243
-0.000936802
-0.000959871
-0.00098135
-0.00100113
-0.0010191
-0.00103513
-0.00104908
-0.00106081
-0.00107017
-0.001077
-0.00108115
-0.00108245
-0.00108075
-0.00107594
-0.00106777
-0.00105565
-0.00103911
-0.00102253
0.00120898
0.00120833
0.00120453
0.00119658
0.00118479
0.00116955
0.00115108
0.00112956
0.00110514
0.00107796
0.00104818
0.00101591
0.000981288
0.000944445
0.000905512
0.000864624
0.000821918
0.000777539
0.000731631
0.000684344
0.000635831
0.000586245
0.00053574
0.000484471
0.000432589
0.000380242
0.000327575
0.000274727
0.000221828
0.000169004
0.000116371
6.40362e-05
1.20972e-05
-3.9358e-05
-9.02527e-05
-0.00014052
-0.000190101
-0.000238947
-0.000287018
-0.000334281
-0.00038071
-0.000426285
-0.000470991
-0.000514816
-0.00055775
-0.000599783
-0.000640906
-0.000681108
-0.000720372
-0.00075868
-0.000796005
-0.000832315
-0.000867568
-0.000901715
-0.000934696
-0.000966441
-0.000996867
-0.00102588
-0.00105338
-0.00107925
-0.00110335
-0.00112556
-0.00114573
-0.00116368
-0.00117924
-0.00119225
-0.00120251
-0.00120985
-0.00121407
-0.00121498
-0.00121245
-0.00120621
-0.00119563
-0.00118024
-0.00116439
0.00140765
0.00139998
0.00138819
0.00137278
0.00135397
0.00133198
0.001307
0.00127921
0.00124875
0.00121573
0.00118027
0.00114248
0.00110247
0.00106033
0.00101618
0.000970143
0.000922334
0.000872885
0.000821936
0.000769628
0.000716111
0.000661537
0.000606062
0.000549841
0.000493031
0.000435784
0.000378249
0.000320569
0.000262881
0.000205314
0.000147986
9.10078e-05
3.44795e-05
-2.15115e-05
-7.6893e-05
-0.000131602
-0.000185587
-0.000238804
-0.000291221
-0.000342814
-0.000393569
-0.000443475
-0.00049253
-0.000540732
-0.000588082
-0.000634582
-0.000680232
-0.000725027
-0.00076896
-0.000812015
-0.000854168
-0.000895387
-0.000935627
-0.000974833
-0.00101294
-0.00104986
-0.0010855
-0.00111974
-0.00115248
-0.00118355
-0.00121282
-0.00124012
-0.00126525
-0.00128803
-0.00130827
-0.00132574
-0.00134023
-0.00135151
-0.00135936
-0.00136356
-0.00136393
-0.00136017
-0.00135162
-0.00133781
-0.00132302
0.0016247
0.00160825
0.00158663
0.00156223
0.00153512
0.00150529
0.00147291
0.0014381
0.00140098
0.00136163
0.0013201
0.00127648
0.00123081
0.00118317
0.00113364
0.00108231
0.00102927
0.000974644
0.000918546
0.000861112
0.000802486
0.000742817
0.000682261
0.000620975
0.00055912
0.000496853
0.00043433
0.000371701
0.000309108
0.000246682
0.000184547
0.000122813
6.15924e-05
9.74717e-07
-5.89862e-05
-0.000118232
-0.000176716
-0.000234402
-0.000291272
-0.000347313
-0.000402525
-0.000456914
-0.000510492
-0.000563276
-0.000615281
-0.000666525
-0.000717021
-0.000766778
-0.000815797
-0.000864069
-0.000911577
-0.000958287
-0.00100415
-0.00104911
-0.00109309
-0.00113598
-0.00117768
-0.00121806
-0.00125695
-0.0012942
-0.00132961
-0.00136299
-0.00139412
-0.00142275
-0.00144865
-0.00147156
-0.00149123
-0.00150737
-0.00151972
-0.00152802
-0.00153203
-0.00153143
-0.00152553
-0.00151383
-0.00150049
0.00185866
0.00183145
0.00179791
0.00176283
0.00172605
0.00168728
0.00164658
0.00160404
0.0015597
0.00151358
0.00146567
0.00141596
0.00136447
0.00131121
0.0012562
0.0011995
0.00114118
0.00108131
0.00102001
0.000957387
0.000893584
0.000828744
0.000763024
0.000696585
0.000629594
0.000562216
0.000494614
0.000426948
0.000359371
0.000292021
0.000225011
0.000158424
9.24624e-05
2.72486e-05
-3.72976e-05
-0.000101096
-0.000164084
-0.000226239
-0.000287559
-0.000348052
-0.000407737
-0.000466643
-0.000524804
-0.00058226
-0.000639051
-0.000695215
-0.000750788
-0.000805795
-0.000860254
-0.000914168
-0.000967526
-0.0010203
-0.00107244
-0.00112388
-0.00117453
-0.00122428
-0.00127298
-0.00132048
-0.0013666
-0.00141113
-0.00145383
-0.00149447
-0.00153277
-0.00156846
-0.00160122
-0.00163076
-0.00165675
-0.00167886
-0.00169676
-0.00171015
-0.00171872
-0.00172211
-0.00171959
-0.00171064
-0.00169924
0.00210672
0.00206655
0.00201883
0.00197125
0.00192339
0.00187456
0.00182466
0.00177372
0.00172168
0.00166844
0.0016139
0.00155796
0.00150055
0.00144161
0.0013811
0.00131903
0.0012554
0.00119028
0.00112374
0.00105589
0.000986854
0.000916775
0.000845812
0.000774135
0.000701918
0.000629341
0.000556581
0.000483813
0.000411208
0.000338928
0.000267036
0.000195369
0.000124653
5.51033e-05
-1.38983e-05
-8.2163e-05
-0.000149541
-0.000216024
-0.000281638
-0.00034642
-0.000410418
-0.000473691
-0.000536308
-0.00059834
-0.000659863
-0.000720946
-0.000781657
-0.000842049
-0.000902164
-0.000962026
-0.00102164
-0.00108098
-0.00114
-0.00119863
-0.00125677
-0.00131428
-0.001371
-0.00142674
-0.00148126
-0.00153432
-0.00158563
-0.00163489
-0.00168177
-0.00172592
-0.00176696
-0.00180452
-0.00183822
-0.00186763
-0.00189237
-0.00191205
-0.00192631
-0.0019347
-0.00193647
-0.00193108
-0.00192223
0.00236448
0.00230896
0.00224462
0.00218266
0.00212228
0.00206228
0.00200237
0.00194244
0.00188229
0.00182167
0.00176036
0.00169813
0.00163479
0.00157018
0.00150418
0.00143674
0.00136781
0.00129741
0.0012256
0.00115245
0.00107809
0.00100266
0.000926326
0.000849274
0.000771694
0.000693782
0.000615737
0.000537753
0.000460014
0.00038269
0.000305919
0.000229803
0.000154541
8.02206e-05
6.84756e-06
-6.55603e-05
-0.00013698
-0.000207428
-0.00027695
-0.000345612
-0.000413501
-0.000480719
-0.000547378
-0.000613599
-0.000679506
-0.000745218
-0.000810846
-0.000876488
-0.000942225
-0.00100811
-0.00107418
-0.00114042
-0.00120679
-0.00127323
-0.00133961
-0.00140579
-0.00147156
-0.00153669
-0.0016009
-0.00166387
-0.00172527
-0.00178471
-0.00184177
-0.00189603
-0.00194703
-0.00199429
-0.00203733
-0.00207566
-0.00210878
-0.00213621
-0.00215752
-0.00217217
-0.00217937
-0.00217854
-0.002173
0.00262555
0.00255213
0.00246861
0.00239035
0.00231605
0.00224385
0.00217319
0.00210377
0.00203521
0.00196707
0.00189892
0.00183038
0.00176113
0.00169087
0.00161941
0.00154659
0.00147231
0.00139655
0.00131932
0.00124071
0.00116083
0.00107982
0.000997871
0.000915187
0.000831987
0.000748497
0.00066495
0.000581569
0.000498572
0.000416154
0.000334492
0.00025374
0.000174032
9.54587e-05
1.80739e-05
-5.81055e-05
-0.000133093
-0.000206936
-0.000279714
-0.00035154
-0.000422552
-0.000492911
-0.000562795
-0.000632393
-0.000701898
-0.0007715
-0.000841381
-0.000911705
-0.00098261
-0.00105421
-0.00112656
-0.00119971
-0.00127364
-0.00134826
-0.00142347
-0.00149908
-0.00157486
-0.00165053
-0.00172575
-0.00180013
-0.00187322
-0.00194457
-0.00201365
-0.00207993
-0.00214282
-0.00220174
-0.00225609
-0.00230525
-0.00234862
-0.0023856
-0.0024156
-0.00243804
-0.00245206
-0.00245705
-0.00245579
0.00288114
0.0027872
0.00268193
0.00258546
0.00249589
0.00241056
0.00232852
0.00224924
0.00217207
0.0020963
0.0020213
0.00194647
0.00187131
0.0017954
0.0017184
0.00164007
0.00156026
0.00147889
0.00139594
0.00131149
0.00122566
0.00113861
0.00105055
0.000961735
0.000872416
0.000782871
0.000693381
0.000604221
0.000515654
0.000427924
0.000341253
0.000255826
0.000171794
8.92646e-05
8.29933e-06
-7.10869e-05
-0.000148927
-0.000225302
-0.000300336
-0.000374201
-0.000447103
-0.000519284
-0.00059101
-0.000662566
-0.000734248
-0.000806348
-0.000879151
-0.00095292
-0.00102789
-0.00110425
-0.00118214
-0.00126166
-0.00134282
-0.00142558
-0.00150982
-0.00159534
-0.00168189
-0.0017691
-0.00185658
-0.00194383
-0.00203032
-0.00211545
-0.00219857
-0.002279
-0.00235602
-0.00242888
-0.00249684
-0.00255911
-0.00261495
-0.00266362
-0.00270438
-0.00273647
-0.00275903
-0.0027714
-0.00277565
0.00311972
0.00300267
0.0028731
0.00275663
0.00265059
0.00255131
0.0024574
0.00236797
0.00228204
0.0021986
0.00211672
0.00203555
0.0019544
0.00187266
0.00178988
0.0017057
0.0016199
0.00153235
0.00144303
0.00135201
0.00125941
0.00116545
0.00107039
0.000974508
0.00087815
0.000781657
0.000685384
0.000589684
0.000494894
0.000401331
0.000309274
0.00021896
0.000130596
4.43333e-05
-3.97686e-05
-0.000121688
-0.000201466
-0.000279218
-0.000355121
-0.000429416
-0.0005024
-0.000574418
-0.000645859
-0.000717139
-0.000788697
-0.000860975
-0.000934407
-0.00100941
-0.00108635
-0.00116556
-0.0012473
-0.00133175
-0.00141902
-0.00150911
-0.00160193
-0.00169728
-0.00179486
-0.00189427
-0.00199501
-0.00209648
-0.00219801
-0.00229884
-0.00239815
-0.00249509
-0.00258873
-0.00267814
-0.00276236
-0.00284043
-0.00291139
-0.0029743
-0.00302826
-0.00307235
-0.0031056
-0.00312733
-0.00313863
0.00332667
0.00318402
0.0030278
0.00288973
0.00276618
0.00265232
0.00254616
0.00244638
0.00235158
0.00226038
0.00217149
0.00208379
0.00199633
0.00190832
0.00181916
0.00172838
0.00163569
0.00154092
0.00144403
0.00134512
0.00124434
0.00114197
0.00103832
0.000933786
0.000828789
0.000723781
0.000619224
0.000515581
0.000413303
0.000312813
0.000214494
0.000118642
2.54653e-05
-6.44511e-05
-0.000151344
-0.000235126
-0.000315812
-0.000393537
-0.000468535
-0.000541126
-0.000611714
-0.000680779
-0.000748869
-0.000816579
-0.000884544
-0.000953417
-0.00102385
-0.00109648
-0.00117189
-0.00125061
-0.0013331
-0.0014197
-0.00151066
-0.00160607
-0.00170592
-0.00181004
-0.0019181
-0.00202966
-0.00214411
-0.00226073
-0.00237869
-0.00249702
-0.0026147
-0.00273062
-0.00284361
-0.00295248
-0.00305602
-0.00315299
-0.00324218
-0.00332241
-0.00339252
-0.0034514
-0.003498
-0.00353158
-0.00355191
0.00348407
0.00331362
0.0031287
0.00296769
0.00282584
0.00269693
0.00257824
0.00246793
0.00236411
0.00226493
0.00216869
0.00207395
0.00197949
0.00188431
0.00178764
0.00168891
0.00158776
0.00148398
0.00137755
0.00126857
0.0011573
0.00104406
0.000929291
0.000813499
0.000697243
0.000581121
0.000465753
0.000351763
0.000239764
0.000130338
2.40288e-05
-7.86455e-05
-0.000177231
-0.000271784
-0.000361717
-0.000446993
-0.000527665
-0.000603884
-0.000675924
-0.00074419
-0.000809212
-0.000871632
-0.000932198
-0.000991743
-0.00105117
-0.00111141
-0.00117344
-0.0012382
-0.0013066
-0.00137949
-0.0014576
-0.00154156
-0.00163184
-0.00172873
-0.00183234
-0.00194258
-0.00205917
-0.00218162
-0.00230924
-0.00244115
-0.00257632
-0.00271356
-0.00285155
-0.00298888
-0.00312406
-0.00325555
-0.00338179
-0.00350121
-0.00361226
-0.00371342
-0.00380323
-0.0038803
-0.00394351
-0.00399201
-0.00402388
0.00357061
0.0033706
0.00315539
0.00297049
0.0028098
0.00266554
0.00253412
0.00241308
0.00229993
0.00219228
0.00208799
0.00198525
0.00188253
0.0017786
0.00167254
0.00156365
0.00145151
0.00133591
0.00121684
0.00109446
0.000969104
0.000841231
0.000711414
0.000580326
0.000448712
0.000317373
0.000187146
5.88829e-05
-6.65723e-05
-0.000188402
-0.000305834
-0.000418163
-0.000524771
-0.000625189
-0.000719037
-0.000806077
-0.000886259
-0.000959696
-0.00102668
-0.00108768
-0.00114336
-0.00119454
-0.00124221
-0.0012875
-0.00133166
-0.00137602
-0.00142197
-0.0014709
-0.00152419
-0.00158314
-0.00164894
-0.00172262
-0.00180505
-0.00189682
-0.00199833
-0.00210966
-0.00223062
-0.00236074
-0.00249928
-0.0026452
-0.00279725
-0.00295394
-0.00311362
-0.00327446
-0.00343455
-0.00359191
-0.0037445
-0.00389032
-0.00402735
-0.00415366
-0.00426736
-0.0043667
-0.00445047
-0.00451773
-0.00456424
0.00356176
0.00333106
0.00308459
0.00287528
0.00269553
0.00253579
0.00239146
0.00225935
0.00213629
0.00201928
0.0019057
0.00179331
0.00168028
0.00156513
0.00144675
0.00132436
0.00119748
0.00106588
0.000929611
0.00078891
0.000644226
0.000496176
0.000345524
0.000193158
4.00711e-05
-0.000112663
-0.000263914
-0.000412518
-0.000557305
-0.000697121
-0.000830863
-0.0009575
-0.0010761
-0.00118588
-0.00128622
-0.00137665
-0.00145694
-0.0015271
-0.00158737
-0.00163825
-0.00168051
-0.00171515
-0.00174344
-0.00176685
-0.00178708
-0.00180596
-0.00182543
-0.00184751
-0.00187423
-0.00190755
-0.00194933
-0.00200124
-0.00206474
-0.00214097
-0.00223075
-0.00233454
-0.00245239
-0.00258395
-0.00272846
-0.0028848
-0.00305145
-0.0032266
-0.00340815
-0.00359379
-0.00378105
-0.00396733
-0.00415002
-0.00432646
-0.00449409
-0.00465035
-0.00479278
-0.00491926
-0.00502839
-0.00511913
-0.00518417
0.00343022
0.00316846
0.00289057
0.00265689
0.00245818
0.00228294
0.00212545
0.00198169
0.00184773
0.00171992
0.00159508
0.00147055
0.00134414
0.00121413
0.00107925
0.000938592
0.000791634
0.000638172
0.000478299
0.000312373
0.000140993
-3.50301e-05
-0.000214695
-0.000396834
-0.000580138
-0.000763181
-0.000944445
-0.00112235
-0.00129528
-0.00146163
-0.00161981
-0.00176833
-0.00190579
-0.00203094
-0.00214275
-0.00224042
-0.00232335
-0.00239133
-0.00244444
-0.00248312
-0.00250817
-0.00252076
-0.00252242
-0.00251502
-0.00250076
-0.00248209
-0.00246169
-0.00244237
-0.00242706
-0.00241864
-0.00241993
-0.00243355
-0.00246185
-0.00250684
-0.00257009
-0.00265267
-0.00275511
-0.00287739
-0.00301888
-0.00317841
-0.00335429
-0.00354431
-0.00374588
-0.00395606
-0.00417166
-0.0043893
-0.00460555
-0.00481694
-0.00502008
-0.00521167
-0.0053885
-0.00554773
-0.00568791
-0.00580789
-0.00589626
0.00314664
0.00285448
0.0025459
0.00228852
0.00207127
0.0018806
0.00170958
0.00155325
0.00140687
0.00126609
0.00112714
0.000986899
0.000842837
0.000692976
0.000535853
0.000370472
0.000196264
1.30456e-05
-0.000179014
-0.000379426
-0.00058741
-0.000801921
-0.00102167
-0.00124515
-0.00147066
-0.00169632
-0.00192013
-0.00213996
-0.00235362
-0.00255888
-0.00275352
-0.00293537
-0.00310237
-0.00325265
-0.00338451
-0.00349655
-0.00358776
-0.00365741
-0.00370524
-0.00373147
-0.00373684
-0.00372255
-0.00369037
-0.00364255
-0.00358184
-0.0035114
-0.00343479
-0.00335586
-0.00327865
-0.00320732
-0.003146
-0.00309866
-0.00306899
-0.00306029
-0.00307531
-0.00311617
-0.00318427
-0.00328021
-0.00340378
-0.00355397
-0.00372896
-0.00392624
-0.00414263
-0.00437444
-0.00461758
-0.00486765
-0.00512014
-0.00537047
-0.00561416
-0.00584684
-0.00606432
-0.00626293
-0.00644092
-0.00659691
-0.00671449
0.00268085
0.00236004
0.0020226
0.00174283
0.00150779
0.00130181
0.00111667
0.000946426
0.000785469
0.000628707
0.000471782
0.000311094
0.00014375
-3.24929e-05
-0.000219279
-0.000417711
-0.0006284
-0.000851505
-0.00108677
-0.00133358
-0.00159093
-0.00185752
-0.00213172
-0.00241163
-0.00269506
-0.00297962
-0.00326267
-0.00354141
-0.00381291
-0.00407414
-0.00432203
-0.00455352
-0.00476567
-0.00495567
-0.00512096
-0.00525927
-0.00536876
-0.005448
-0.00549616
-0.00551298
-0.00549888
-0.00545497
-0.00538308
-0.00528579
-0.00516633
-0.00502866
-0.00487729
-0.0047173
-0.00455414
-0.00439356
-0.00424141
-0.00410353
-0.00398549
-0.00389248
-0.00382903
-0.00379893
-0.00380501
-0.00384905
-0.0039317
-0.00405245
-0.00420964
-0.00440054
-0.00462142
-0.00486775
-0.00513432
-0.00541546
-0.00570521
-0.00599753
-0.00628645
-0.00656615
-0.00683106
-0.00707644
-0.00730006
-0.00750028
-0.00765402
0.00200332
0.00165688
0.00129355
0.000993417
0.000741641
0.000520482
0.000320394
0.0001344
-4.39874e-05
-0.000220612
-0.00040044
-0.000587551
-0.000785205
-0.000995919
-0.00122153
-0.00146325
-0.00172175
-0.00199717
-0.00228919
-0.00259702
-0.00291946
-0.00325492
-0.00360139
-0.00395652
-0.00431759
-0.00468154
-0.00504502
-0.00540441
-0.00575586
-0.00609533
-0.00641868
-0.00672174
-0.00700036
-0.00725053
-0.00746847
-0.00765071
-0.00779425
-0.00789666
-0.00795607
-0.00797145
-0.00794258
-0.00787018
-0.00775594
-0.00760252
-0.00741357
-0.00719371
-0.00694846
-0.00668419
-0.00640798
-0.00612745
-0.00585064
-0.00558577
-0.00534097
-0.00512401
-0.00494205
-0.00480135
-0.00470702
-0.00466281
-0.00467097
-0.0047321
-0.00484517
-0.00500757
-0.00521518
-0.00546262
-0.0057434
-0.00605026
-0.00637542
-0.00671088
-0.00704866
-0.00738097
-0.00770034
-0.00800052
-0.00827869
-0.00853271
-0.00873089
0.00108705
0.000719317
0.000334235
1.64686e-05
-0.000250662
-0.000486859
-0.000702975
-0.000907014
-0.00110634
-0.00130755
-0.0015162
-0.00173684
-0.00197312
-0.00222783
-0.00250301
-0.00280002
-0.00311958
-0.00346185
-0.00382644
-0.00421244
-0.00461843
-0.00504252
-0.00548231
-0.00593494
-0.00639708
-0.00686497
-0.0073344
-0.00780078
-0.00825917
-0.00870436
-0.00913088
-0.00953318
-0.00990561
-0.0102427
-0.0105389
-0.0107894
-0.0109896
-0.0111354
-0.0112237
-0.0112521
-0.0112195
-0.0111256
-0.0109719
-0.0107606
-0.0104956
-0.0101818
-0.00982562
-0.00943473
-0.00901783
-0.00858462
-0.0081456
-0.00771192
-0.00729492
-0.00690579
-0.00655527
-0.00625316
-0.00600798
-0.00582656
-0.00571382
-0.00567247
-0.00570295
-0.00580341
-0.00596977
-0.00619597
-0.00647423
-0.00679544
-0.00714954
-0.00752601
-0.00791419
-0.00830363
-0.00868426
-0.0090477
-0.00939024
-0.00970895
-0.00996135
-9.03837e-05
-0.000473789
-0.000875293
-0.00120726
-0.00148805
-0.0017391
-0.0019725
-0.00219725
-0.00242155
-0.0026527
-0.00289686
-0.00315904
-0.00344325
-0.00375257
-0.00408927
-0.00445487
-0.00485019
-0.00527542
-0.00573015
-0.00621334
-0.0067234
-0.00725812
-0.00781471
-0.00838978
-0.00897936
-0.00957886
-0.0101831
-0.0107865
-0.0113829
-0.0119655
-0.0125276
-0.0130617
-0.0135607
-0.014017
-0.0144234
-0.0147729
-0.0150589
-0.0152757
-0.015418
-0.0154818
-0.0154641
-0.0153637
-0.0151812
-0.0149182
-0.0145776
-0.0141643
-0.0136852
-0.0131498
-0.0125683
-0.011952
-0.0113136
-0.0106676
-0.0100291
-0.00941354
-0.00883621
-0.00831174
-0.00785342
-0.00747264
-0.00717846
-0.00697717
-0.00687199
-0.00686294
-0.00694687
-0.0071176
-0.00736626
-0.00768181
-0.00805154
-0.00846174
-0.00889833
-0.00934725
-0.00979493
-0.01023
-0.0106475
-0.0110431
-0.0113609
-0.00154465
-0.00193694
-0.00234846
-0.00269053
-0.00298293
-0.00324852
-0.0035005
-0.00374877
-0.00400234
-0.00426914
-0.00455589
-0.00486802
-0.00520993
-0.00558499
-0.0059957
-0.00644378
-0.00693018
-0.00745517
-0.00801833
-0.00861856
-0.00925407
-0.0099224
-0.0106203
-0.011344
-0.0120886
-0.0128489
-0.0136186
-0.0143908
-0.0151581
-0.0159123
-0.0166448
-0.0173465
-0.018008
-0.0186199
-0.0191727
-0.0196571
-0.0200643
-0.020386
-0.0206147
-0.0207439
-0.0207681
-0.0206837
-0.0204908
-0.0201916
-0.0197863
-0.0192769
-0.0186723
-0.0179844
-0.0172244
-0.0164027
-0.0155331
-0.0146358
-0.0137289
-0.0128322
-0.0119664
-0.0111524
-0.0104098
-0.0097562
-0.00920672
-0.00877315
-0.00846342
-0.00828122
-0.00822578
-0.00829198
-0.00847061
-0.00874892
-0.0091114
-0.00954062
-0.0100181
-0.0105253
-0.0110437
-0.0115581
-0.0120612
-0.0125471
-0.0129428
-0.00328274
-0.00367611
-0.00409032
-0.00443779
-0.00473936
-0.00501892
-0.00529058
-0.00556506
-0.00585204
-0.00616005
-0.00649628
-0.00686659
-0.0072757
-0.0077273
-0.00822415
-0.00876816
-0.00936045
-0.0100014
-0.0106906
-0.011427
-0.0122086
-0.0130326
-0.0138956
-0.0147929
-0.0157192
-0.0166683
-0.0176329
-0.0186048
-0.0195752
-0.0205341
-0.0214713
-0.0223756
-0.0232356
-0.0240395
-0.0247755
-0.0254317
-0.0259967
-0.0264595
-0.0268097
-0.0270378
-0.0271348
-0.0270924
-0.0269084
-0.0265923
-0.0261562
-0.0256008
-0.0249126
-0.0240904
-0.0231432
-0.0220852
-0.0209507
-0.0197704
-0.0185567
-0.0173307
-0.0161188
-0.0149489
-0.0138482
-0.0128423
-0.0119544
-0.011204
-0.0106063
-0.0101712
-0.00990253
-0.00979831
-0.00985047
-0.0100455
-0.0103655
-0.0107888
-0.011292
-0.0118505
-0.0124399
-0.0130393
-0.0136385
-0.0142288
-0.014716
-0.00530128
-0.00568726
-0.00609615
-0.00644377
-0.00675163
-0.00704414
-0.00733612
-0.00763893
-0.00796285
-0.00831688
-0.00870861
-0.00914429
-0.00962894
-0.0101665
-0.0107601
-0.0114118
-0.0121229
-0.0128939
-0.0137245
-0.0146136
-0.015559
-0.0165578
-0.017606
-0.0186986
-0.0198295
-0.0209915
-0.0221762
-0.0233742
-0.0245751
-0.0257675
-0.0269391
-0.0280769
-0.0291672
-0.0301962
-0.0311495
-0.0320133
-0.0327736
-0.0334172
-0.0339318
-0.0343064
-0.0345317
-0.0346002
-0.0345004
-0.034217
-0.0337412
-0.0330845
-0.0322702
-0.0313131
-0.0302297
-0.0290205
-0.0276667
-0.0261852
-0.0246261
-0.0230311
-0.0214253
-0.0198424
-0.0183167
-0.0168823
-0.0155717
-0.0144147
-0.0134362
-0.0126554
-0.0120844
-0.011727
-0.011579
-0.0116283
-0.0118553
-0.0122351
-0.0127385
-0.0133338
-0.0139891
-0.0146763
-0.0153805
-0.0160894
-0.0166825
-0.00758563
-0.00795541
-0.00835058
-0.00869269
-0.00900343
-0.00930724
-0.00961934
-0.00995163
-0.0103148
-0.0107182
-0.0111698
-0.0116761
-0.0122425
-0.0128731
-0.0135712
-0.0143392
-0.0151785
-0.0160899
-0.017073
-0.0181267
-0.0192488
-0.0204361
-0.0216841
-0.0229873
-0.0243388
-0.0257305
-0.027153
-0.0285956
-0.0300462
-0.0314919
-0.0329184
-0.0343109
-0.0356536
-0.0369302
-0.0381243
-0.0392194
-0.0401992
-0.0410479
-0.0417505
-0.0422934
-0.0426643
-0.0428534
-0.0428515
-0.042649
-0.042239
-0.041618
-0.0407886
-0.0397508
-0.0385006
-0.0370544
-0.0354545
-0.0337259
-0.0318816
-0.0299273
-0.0279119
-0.0258873
-0.0238943
-0.0219744
-0.0201705
-0.0185242
-0.0170732
-0.0158496
-0.0148773
-0.0141707
-0.0137332
-0.0135573
-0.0136248
-0.0139084
-0.0143737
-0.0149814
-0.0156903
-0.0164631
-0.0172789
-0.0181199
-0.0188338
-0.0101096
-0.0104545
-0.0108275
-0.0111582
-0.0114679
-0.0117805
-0.0121114
-0.0124728
-0.0128757
-0.0133297
-0.0138431
-0.0144224
-0.0150733
-0.0158003
-0.0166067
-0.0174952
-0.0184674
-0.0195241
-0.020665
-0.0218889
-0.0231936
-0.0245755
-0.0260298
-0.0275503
-0.0291294
-0.0307582
-0.032426
-0.0341208
-0.0358292
-0.0375366
-0.0392271
-0.0408838
-0.042489
-0.0440247
-0.045472
-0.0468125
-0.0480277
-0.0490994
-0.0500104
-0.0507443
-0.0512861
-0.0516218
-0.0517396
-0.0516293
-0.051283
-0.0506943
-0.0498554
-0.0487714
-0.0474549
-0.045927
-0.0441986
-0.0422504
-0.0401071
-0.0378257
-0.035451
-0.033011
-0.0305522
-0.0281266
-0.0257888
-0.0235936
-0.0215941
-0.0198385
-0.0183671
-0.0172095
-0.0163824
-0.015888
-0.0157135
-0.0158326
-0.0162074
-0.016791
-0.017532
-0.018382
-0.0193122
-0.020297
-0.0211461
-0.0128363
-0.0131482
-0.0134911
-0.0138043
-0.0141084
-0.0144262
-0.0147731
-0.0151615
-0.0156023
-0.0161053
-0.0166789
-0.01733
-0.0180643
-0.0188863
-0.0197997
-0.0208073
-0.0219108
-0.0231109
-0.0244077
-0.0257997
-0.0272845
-0.0288582
-0.0305157
-0.0322501
-0.0340532
-0.0359148
-0.0378235
-0.0397659
-0.0417274
-0.0436916
-0.0456413
-0.0475578
-0.0494218
-0.0512135
-0.0529124
-0.0544983
-0.055951
-0.0572508
-0.0583788
-0.0593169
-0.0600483
-0.0605572
-0.0608295
-0.0608529
-0.0606167
-0.0601123
-0.0593328
-0.0582754
-0.0569411
-0.0553341
-0.0534644
-0.0513627
-0.0490488
-0.0465409
-0.0438598
-0.0410477
-0.0381554
-0.0352403
-0.032365
-0.0295961
-0.0270016
-0.0246474
-0.0225934
-0.0208896
-0.0195716
-0.0186577
-0.018147
-0.0180192
-0.0182365
-0.0187465
-0.0194873
-0.0203982
-0.0214402
-0.0225777
-0.0235751
-0.0157196
-0.0159917
-0.0162972
-0.016587
-0.0168805
-0.017199
-0.0175575
-0.0179681
-0.0184421
-0.0189893
-0.0196179
-0.0203349
-0.0211462
-0.0220566
-0.0230697
-0.0241884
-0.0254146
-0.026749
-0.0281916
-0.0297409
-0.0313943
-0.0331475
-0.034995
-0.0369292
-0.0389412
-0.04102
-0.0431531
-0.0453259
-0.0475225
-0.0497254
-0.0519157
-0.0540734
-0.0561779
-0.0582078
-0.0601415
-0.0619573
-0.0636339
-0.0651506
-0.0664873
-0.067625
-0.0685457
-0.0692329
-0.0696713
-0.0698472
-0.0697485
-0.0693651
-0.0686888
-0.0677138
-0.0664371
-0.0648583
-0.0629818
-0.0608184
-0.0583827
-0.0556937
-0.0527772
-0.0496691
-0.0464151
-0.0430709
-0.0397019
-0.0363816
-0.0331899
-0.0302094
-0.0275206
-0.0251971
-0.023299
-0.021868
-0.0209225
-0.0204558
-0.0204365
-0.0208105
-0.0215072
-0.0224533
-0.023598
-0.024893
-0.0260499
-0.0187072
-0.0189339
-0.0191962
-0.0194572
-0.0197347
-0.0200482
-0.0204118
-0.0208378
-0.0213371
-0.0219195
-0.0225934
-0.0233657
-0.0242424
-0.0252283
-0.0263273
-0.0275423
-0.0288752
-0.0303269
-0.0318972
-0.0335844
-0.0353858
-0.0372968
-0.0393112
-0.0414211
-0.0436168
-0.0458864
-0.0482163
-0.0505912
-0.0529938
-0.0554054
-0.057806
-0.0601745
-0.062489
-0.064727
-0.066866
-0.0688834
-0.0707572
-0.0724661
-0.0739894
-0.0753078
-0.0764031
-0.0772582
-0.0778578
-0.0781876
-0.0782348
-0.0779883
-0.0774383
-0.0765769
-0.075398
-0.0738979
-0.0720758
-0.0699345
-0.0674809
-0.0647272
-0.0616925
-0.0584046
-0.0549018
-0.0512341
-0.047464
-0.0436665
-0.0399281
-0.0363438
-0.0330131
-0.0300335
-0.0274936
-0.0254644
-0.0239921
-0.0230928
-0.0227501
-0.0229151
-0.0235129
-0.0244587
-0.0256895
-0.0271417
-0.028466
-0.021743
-0.0219212
-0.022136
-0.0223635
-0.0226195
-0.0229211
-0.0232818
-0.0237135
-0.0242269
-0.0248317
-0.0255364
-0.026348
-0.0272725
-0.0283151
-0.0294796
-0.0307691
-0.0321856
-0.0337299
-0.0354019
-0.0371998
-0.0391206
-0.0411593
-0.0433094
-0.0455625
-0.0479081
-0.0503335
-0.0528245
-0.0553645
-0.0579355
-0.0605178
-0.0630902
-0.0656307
-0.0681164
-0.0705243
-0.0728308
-0.0750131
-0.0770487
-0.0789159
-0.0805943
-0.0820644
-0.0833084
-0.0843096
-0.0850529
-0.0855244
-0.0857117
-0.0856033
-0.085189
-0.0844599
-0.0834078
-0.0820263
-0.0803103
-0.0782572
-0.0758672
-0.0731447
-0.0700998
-0.0667505
-0.0631245
-0.0592615
-0.0552154
-0.0510558
-0.0468685
-0.0427541
-0.0388254
-0.0352008
-0.031997
-0.0293184
-0.0272463
-0.025829
-0.0250753
-0.0249519
-0.0253866
-0.0262872
-0.0275794
-0.0291826
-0.0306787
-0.0247716
-0.0249002
-0.0250656
-0.0252561
-0.0254851
-0.0257673
-0.0261151
-0.0265401
-0.0270529
-0.0276632
-0.0283793
-0.0292089
-0.030158
-0.031232
-0.0324352
-0.0337708
-0.0352409
-0.0368467
-0.0385877
-0.0404623
-0.0424673
-0.0445974
-0.0468458
-0.0492035
-0.0516595
-0.0542005
-0.0568114
-0.059475
-0.0621723
-0.0648828
-0.0675846
-0.0702547
-0.0728697
-0.0754057
-0.077839
-0.0801461
-0.0823046
-0.0842929
-0.0860905
-0.0876786
-0.0890397
-0.090158
-0.091019
-0.09161
-0.091919
-0.0919354
-0.0916495
-0.0910521
-0.0901346
-0.088889
-0.0873079
-0.0853848
-0.0831148
-0.0804954
-0.0775282
-0.0742207
-0.0705885
-0.0666586
-0.0624718
-0.0580861
-0.0535789
-0.0490482
-0.0446112
-0.0404003
-0.0365561
-0.0332161
-0.0305005
-0.0284979
-0.0272538
-0.0267616
-0.0269626
-0.0277648
-0.0290858
-0.0308276
-0.0324959
-0.0277412
-0.0278222
-0.0279388
-0.0280902
-0.0282872
-0.0285418
-0.0288652
-0.0292687
-0.0297626
-0.030357
-0.0310605
-0.0318811
-0.0328258
-0.0339002
-0.0351092
-0.0364565
-0.0379446
-0.0395747
-0.0413468
-0.0432593
-0.0453087
-0.0474897
-0.0497953
-0.052216
-0.0547402
-0.0573544
-0.0600427
-0.0627871
-0.0655681
-0.0683644
-0.0711534
-0.0739116
-0.0766149
-0.079239
-0.0817598
-0.0841536
-0.086398
-0.0884713
-0.0903535
-0.0920262
-0.0934726
-0.0946775
-0.0956277
-0.0963112
-0.0967173
-0.0968365
-0.09666
-0.0961795
-0.0953867
-0.0942735
-0.0928315
-0.0910522
-0.0889274
-0.0864499
-0.0836143
-0.0804192
-0.0768688
-0.0729766
-0.0687686
-0.0642872
-0.0595953
-0.0547798
-0.0499529
-0.0452512
-0.0408307
-0.0368576
-0.03349
-0.0308604
-0.0290607
-0.0281241
-0.0280185
-0.0286624
-0.0299724
-0.0318341
-0.033671
-0.0306074
-0.0306457
-0.030717
-0.0308292
-0.03099
-0.0312083
-0.0314943
-0.0318586
-0.0323121
-0.0328649
-0.0335267
-0.0343063
-0.0352118
-0.0362499
-0.0374264
-0.0387459
-0.0402114
-0.0418245
-0.0435862
-0.0454946
-0.0475464
-0.0497363
-0.052057
-0.0544988
-0.0570497
-0.0596957
-0.0624204
-0.0652054
-0.0680304
-0.0708736
-0.0737119
-0.0765211
-0.0792767
-0.0819539
-0.0845284
-0.0869763
-0.0892749
-0.0914028
-0.0933401
-0.0950686
-0.0965722
-0.0978365
-0.0988489
-0.0995983
-0.100075
-0.100272
-0.10018
-0.0997917
-0.0991011
-0.0981002
-0.0967809
-0.0951341
-0.0931503
-0.0908193
-0.0881316
-0.0850788
-0.0816563
-0.077866
-0.0737191
-0.0692416
-0.0644787
-0.0595002
-0.0544051
-0.0493225
-0.0444124
-0.0398666
-0.0358745
-0.0326038
-0.0302006
-0.028752
-0.0282669
-0.028688
-0.0299403
-0.0318974
-0.0338952
-0.0333389
-0.0333441
-0.0333768
-0.0334503
-0.0335707
-0.0337439
-0.0339778
-0.0342828
-0.0346702
-0.0351511
-0.0357367
-0.0364375
-0.0372633
-0.0382229
-0.0393236
-0.0405714
-0.0419711
-0.0435238
-0.0452307
-0.0470919
-0.049104
-0.0512615
-0.0535568
-0.0559802
-0.0585194
-0.0611599
-0.0638849
-0.0666754
-0.0695106
-0.0723681
-0.0752244
-0.0780546
-0.0808339
-0.083537
-0.0861392
-0.0886163
-0.0909455
-0.0931051
-0.0950752
-0.0968381
-0.0983775
-0.0996795
-0.100732
-0.101525
-0.102049
-0.102298
-0.102263
-0.10194
-0.101323
-0.100404
-0.0991763
-0.0976317
-0.0957604
-0.0935512
-0.0909922
-0.0880713
-0.0847777
-0.0811044
-0.0770511
-0.0726286
-0.0678644
-0.0628093
-0.0575434
-0.0521792
-0.0468606
-0.0417919
-0.0372421
-0.0333484
-0.0303092
-0.0282868
-0.0273491
-0.0274777
-0.028619
-0.0306413
-0.032789
-0.0359079
-0.0358937
-0.0359021
-0.0359446
-0.0360202
-0.0361343
-0.0362966
-0.0365181
-0.036811
-0.0371868
-0.0376573
-0.0382366
-0.0389377
-0.0397723
-0.04075
-0.041879
-0.0431654
-0.0446129
-0.0462229
-0.0479955
-0.0499277
-0.0520145
-0.0542482
-0.0566187
-0.0591134
-0.0617174
-0.0644133
-0.0671817
-0.0700011
-0.0728487
-0.0757
-0.0785301
-0.0813132
-0.0840238
-0.0866365
-0.0891269
-0.0914716
-0.0936486
-0.095638
-0.0974214
-0.0989829
-0.100308
-0.101386
-0.102205
-0.102757
-0.103036
-0.103036
-0.10275
-0.102174
-0.101301
-0.100127
-0.0986419
-0.0968376
-0.094703
-0.0922253
-0.0893908
-0.0861854
-0.0825965
-0.0786157
-0.0742422
-0.0694887
-0.0643877
-0.0590003
-0.0534212
-0.0477728
-0.0422025
-0.0370763
-0.0326307
-0.0289496
-0.0262948
-0.024827
-0.0245865
-0.0255555
-0.0276064
-0.0298901
-0.0383159
-0.0382999
-0.0382984
-0.0383177
-0.0383554
-0.0384127
-0.0384938
-0.0386042
-0.0387563
-0.0389728
-0.0392756
-0.0396807
-0.0402045
-0.040862
-0.0416661
-0.0426275
-0.0437543
-0.0450521
-0.0465234
-0.0481689
-0.0499859
-0.0519694
-0.0541114
-0.0564016
-0.0588269
-0.0613716
-0.0640177
-0.0667452
-0.0695319
-0.0723543
-0.0751873
-0.0780051
-0.0807816
-0.0834903
-0.0861055
-0.0886019
-0.0909557
-0.0931443
-0.0951472
-0.0969455
-0.0985227
-0.0998641
-0.100957
-0.101792
-0.102359
-0.102652
-0.102664
-0.10239
-0.101825
-0.100963
-0.0997982
-0.0983236
-0.0965303
-0.0944077
-0.0919431
-0.0891223
-0.0859297
-0.0823502
-0.0783704
-0.0739824
-0.0691879
-0.0640049
-0.0584765
-0.0526804
-0.0467294
-0.0407542
-0.0349447
-0.0298798
-0.0255931
-0.0222565
-0.0201733
-0.0194745
-0.0201983
-0.0222339
-0.0246361
-0.0405763
-0.0405863
-0.0406018
-0.0406115
-0.0406044
-0.0405773
-0.0405371
-0.0404983
-0.0404774
-0.0404937
-0.0405739
-0.0407469
-0.0410364
-0.0414618
-0.0420401
-0.0427851
-0.0437076
-0.0448148
-0.0461109
-0.0475966
-0.0492697
-0.0511248
-0.0531536
-0.0553449
-0.0576849
-0.060157
-0.0627424
-0.06542
-0.0681668
-0.0709584
-0.0737689
-0.0765717
-0.0793397
-0.0820459
-0.0846637
-0.087167
-0.0895312
-0.091733
-0.0937508
-0.0955649
-0.0971579
-0.0985143
-0.0996205
-0.100465
-0.101039
-0.101333
-0.101341
-0.101056
-0.100473
-0.0995849
-0.0983861
-0.0968689
-0.095024
-0.0928407
-0.0903064
-0.0874064
-0.0841248
-0.0804449
-0.0763513
-0.0718321
-0.0668826
-0.0615111
-0.0557469
-0.0496507
-0.043322
-0.0368914
-0.0305125
-0.0246261
-0.0196201
-0.0155426
-0.0127506
-0.0114879
-0.0118762
-0.0138408
-0.01634
-0.0427301
-0.0428004
-0.042859
-0.0428654
-0.0428017
-0.0426628
-0.042457
-0.0422071
-0.0419441
-0.0417007
-0.0415078
-0.0413972
-0.0413986
-0.0415393
-0.0418425
-0.0423267
-0.0430055
-0.0438883
-0.0449803
-0.0462826
-0.0477926
-0.0495043
-0.0514084
-0.0534928
-0.0557421
-0.0581388
-0.0606625
-0.0632911
-0.0660004
-0.0687648
-0.0715574
-0.0743507
-0.0771166
-0.0798272
-0.0824547
-0.0849724
-0.0873545
-0.0895766
-0.0916161
-0.0934521
-0.0950657
-0.0964401
-0.0975604
-0.0984134
-0.098988
-0.099274
-0.0992627
-0.0989474
-0.098319
-0.0973701
-0.0960928
-0.0944778
-0.0925147
-0.0901916
-0.0874944
-0.0844077
-0.0809146
-0.0769976
-0.0726399
-0.0678278
-0.0625536
-0.0568205
-0.0506493
-0.044088
-0.0372241
-0.0301941
-0.0231733
-0.0163393
-0.0103735
-0.00544108
-0.0017924
0.000175974
0.00024015
-0.00158074
-0.00414864
-0.0448545
-0.0450413
-0.0451865
-0.0451977
-0.0450548
-0.0447627
-0.0443414
-0.0438226
-0.0432476
-0.0426624
-0.0421118
-0.0416386
-0.0412831
-0.0410804
-0.0410591
-0.0412418
-0.0416446
-0.042278
-0.0431475
-0.0442538
-0.0455932
-0.0471583
-0.0489382
-0.0509188
-0.0530833
-0.055412
-0.0578833
-0.0604731
-0.063156
-0.065905
-0.0686919
-0.0714881
-0.0742644
-0.0769917
-0.0796413
-0.0821853
-0.0845967
-0.0868499
-0.088921
-0.0907875
-0.0924289
-0.0938265
-0.0949635
-0.0958248
-0.0963966
-0.0966667
-0.0966237
-0.0962571
-0.0955563
-0.0945106
-0.0931091
-0.0913396
-0.0891886
-0.0866411
-0.0836805
-0.0802887
-0.0764465
-0.0721343
-0.0673337
-0.0620296
-0.0562126
-0.0498838
-0.0430605
-0.0357847
-0.0281347
-0.0202395
-0.0122873
-0.00451692
0.00276283
0.00886587
0.0136168
0.0165304
0.0172121
0.0156292
0.0130278
-0.0471034
-0.0474903
-0.0477811
-0.0477997
-0.0475375
-0.0470202
-0.0462856
-0.0453873
-0.0443885
-0.0433555
-0.042352
-0.0414359
-0.0406576
-0.0400592
-0.0396739
-0.0395265
-0.0396345
-0.0400081
-0.0406516
-0.0415639
-0.0427393
-0.0441679
-0.0458365
-0.0477284
-0.0498243
-0.0521025
-0.0545391
-0.0571083
-0.0597828
-0.0625342
-0.0653328
-0.0681487
-0.0709514
-0.0737108
-0.076397
-0.0789807
-0.0814339
-0.0837295
-0.0858419
-0.0877471
-0.0894226
-0.0908476
-0.0920029
-0.0928707
-0.0934345
-0.0936789
-0.093589
-0.0931506
-0.0923493
-0.0911702
-0.0895978
-0.0876153
-0.0852043
-0.0823451
-0.0790159
-0.0751936
-0.0708544
-0.0659743
-0.0605312
-0.0545068
-0.0478893
-0.0406783
-0.0328898
-0.0245639
-0.0157761
-0.00665111
0.00261919
0.011764
0.0204451
0.0280515
0.0343334
0.0387466
0.0403668
0.0391839
0.036607
-0.0497786
-0.0504784
-0.0509749
-0.0509638
-0.0504707
-0.0495757
-0.0483616
-0.0469226
-0.045355
-0.0437513
-0.0421955
-0.0407589
-0.0395002
-0.0384659
-0.0376917
-0.0372026
-0.0370145
-0.0371353
-0.037566
-0.0383022
-0.0393349
-0.0406506
-0.0422325
-0.0440608
-0.0461132
-0.0483654
-0.050791
-0.0533624
-0.0560501
-0.0588241
-0.0616534
-0.0645064
-0.0673516
-0.0701576
-0.0728932
-0.075528
-0.0780325
-0.0803783
-0.0825382
-0.0844862
-0.086198
-0.0876502
-0.0888211
-0.0896898
-0.0902365
-0.090442
-0.0902874
-0.0897538
-0.0888218
-0.0874712
-0.0856805
-0.0834266
-0.0806843
-0.0774264
-0.0736237
-0.0692453
-0.0642592
-0.0586336
-0.0523388
-0.0453492
-0.0376474
-0.0292276
-0.0201022
-0.0103085
8.09877e-05
0.0109447
0.0220928
0.0332363
0.0439522
0.0537706
0.061814
0.0678646
0.0712138
0.0709113
0.0685468
-0.0535852
-0.0547248
-0.0554383
-0.0552447
-0.0542747
-0.0527228
-0.0507431
-0.0485063
-0.0461562
-0.0438133
-0.0415857
-0.0395523
-0.0377714
-0.0362861
-0.035127
-0.0343138
-0.0338563
-0.0337555
-0.0340063
-0.0346004
-0.0355244
-0.036761
-0.0382889
-0.0400846
-0.0421227
-0.0443759
-0.0468156
-0.0494117
-0.0521331
-0.0549479
-0.0578235
-0.0607272
-0.0636262
-0.0664877
-0.0692797
-0.0719705
-0.0745294
-0.0769265
-0.0791329
-0.0811211
-0.0828643
-0.0843369
-0.0855144
-0.0863726
-0.086888
-0.0870374
-0.0867971
-0.086143
-0.0850498
-0.0834908
-0.0814374
-0.0788583
-0.0757199
-0.0719854
-0.0676152
-0.0625673
-0.0567979
-0.0502626
-0.0429188
-0.0347279
-0.0256594
-0.0156955
-0.00483667
0.00688995
0.0194213
0.0326445
0.0463769
0.0603365
0.0741065
0.0870961
0.0985338
0.107313
0.112702
0.113953
0.112211
-0.0601355
-0.061738
-0.062456
-0.061602
-0.0595639
-0.0567916
-0.0535701
-0.0501832
-0.0468668
-0.0436934
-0.0407188
-0.0380209
-0.0356646
-0.0336925
-0.03213
-0.0309911
-0.0302814
-0.0299948
-0.0301123
-0.0306123
-0.0314745
-0.0326757
-0.034188
-0.0359832
-0.0380339
-0.0403112
-0.0427845
-0.0454218
-0.0481902
-0.0510561
-0.0539857
-0.0569451
-0.0599003
-0.0628177
-0.0656642
-0.068407
-0.0710144
-0.0734552
-0.0756992
-0.0777169
-0.0794798
-0.0809598
-0.0821294
-0.0829615
-0.0834287
-0.0835033
-0.0831569
-0.0823597
-0.0810799
-0.0792837
-0.0769342
-0.0739916
-0.0704117
-0.0661465
-0.0611438
-0.0553472
-0.0486972
-0.0411321
-0.0325896
-0.0230099
-0.012339
-0.000533999
0.0124312
0.0265576
0.0418118
0.0581116
0.0753071
0.0931486
0.111238
0.128963
0.145451
0.159398
0.169154
0.173364
0.172972
-0.0731669
-0.0747292
-0.0745373
-0.0718836
-0.0677902
-0.0630295
-0.0579998
-0.052943
-0.048102
-0.0437018
-0.0397743
-0.0363277
-0.0333755
-0.030928
-0.0289868
-0.0275453
-0.0265912
-0.0261114
-0.0260913
-0.0265055
-0.0273231
-0.0285169
-0.0300483
-0.0318735
-0.0339613
-0.0362818
-0.0388033
-0.0414921
-0.044314
-0.0472343
-0.050218
-0.0532304
-0.0562368
-0.059203
-0.062095
-0.0648797
-0.0675241
-0.0699963
-0.0722649
-0.0742989
-0.0760678
-0.0775417
-0.0786903
-0.0794835
-0.0798902
-0.0798787
-0.0794156
-0.078466
-0.0769916
-0.0749509
-0.0722992
-0.0689874
-0.0649609
-0.0601594
-0.0545167
-0.0479604
-0.0404122
-0.0317882
-0.0220004
-0.010958
0.00142918
0.0152473
0.0305729
0.0474665
0.0659629
0.0860594
0.107697
0.130728
0.154868
0.179591
0.203943
0.226164
0.243388
0.253172
0.256748
-0.102139
-0.101082
-0.0966076
-0.0886424
-0.0791955
-0.070177
-0.0622129
-0.05519
-0.0488889
-0.0432436
-0.0383088
-0.0340904
-0.0305664
-0.0277059
-0.0254699
-0.0238212
-0.0227297
-0.0221678
-0.0221102
-0.0225183
-0.0233345
-0.0245105
-0.0260266
-0.0278633
-0.0299845
-0.0323507
-0.0349236
-0.0376664
-0.0405426
-0.043516
-0.0465509
-0.0496118
-0.0526636
-0.0556717
-0.0586019
-0.0614205
-0.0640944
-0.0665907
-0.0688773
-0.0709221
-0.0726932
-0.074159
-0.075287
-0.0760446
-0.0763978
-0.0763109
-0.0757461
-0.0746637
-0.0730201
-0.0707687
-0.067859
-0.0642323
-0.0598238
-0.0545622
-0.0483685
-0.0411547
-0.0328233
-0.0232666
-0.0123664
5.89799e-06
0.0139894
0.0297329
0.0473932
0.0671331
0.0891177
0.113508
0.140448
0.170045
0.20231
0.237039
0.273443
0.309403
0.340829
0.363056
0.375344
-0.182053
-0.156275
-0.127281
-0.103659
-0.0862727
-0.0726311
-0.06141
-0.0521247
-0.0444232
-0.037989
-0.0326292
-0.0282155
-0.0246545
-0.0218721
-0.0197701
-0.0182619
-0.0173109
-0.0168825
-0.0169346
-0.0174322
-0.0183543
-0.0196703
-0.0213378
-0.0233175
-0.0255707
-0.0280591
-0.0307457
-0.033594
-0.0365684
-0.0396332
-0.0427535
-0.0458944
-0.0490213
-0.0521002
-0.0550972
-0.0579788
-0.0607121
-0.063264
-0.065602
-0.0676936
-0.0695062
-0.0710069
-0.0721623
-0.0729386
-0.0733008
-0.0732137
-0.0726416
-0.0715191
-0.0697915
-0.0674369
-0.0644049
-0.0606223
-0.0560149
-0.0505051
-0.044006
-0.0364187
-0.0276311
-0.0175165
-0.00593075
0.00729058
0.0223365
0.039426
0.0588153
0.0808072
0.105765
0.134128
0.166432
0.203332
0.245588
0.293952
0.348748
0.409146
0.472997
0.536828
0.588914
-0.463175
-0.300632
-0.192593
-0.135155
-0.10049
-0.0765322
-0.0591853
-0.0464634
-0.0369563
-0.0296841
-0.0240374
-0.0196428
-0.0162548
-0.0136954
-0.0118692
-0.0107175
-0.0101596
-0.010124
-0.0105551
-0.0114098
-0.0126527
-0.0142506
-0.0161679
-0.01837
-0.020823
-0.0234934
-0.0263474
-0.0293511
-0.0324708
-0.0356728
-0.0389236
-0.0421895
-0.0454372
-0.0486334
-0.0517449
-0.0547389
-0.0575827
-0.0602435
-0.0626888
-0.064886
-0.066802
-0.0684033
-0.0696554
-0.0705223
-0.070967
-0.0709498
-0.0704895
-0.0694844
-0.0678048
-0.0655042
-0.062538
-0.0588067
-0.0542346
-0.0487458
-0.0422519
-0.0346502
-0.0258231
-0.015635
-0.00392885
0.00948074
0.0248156
0.0423467
0.0624137
0.0854535
0.112046
0.142983
0.179381
0.222844
0.275708
0.341294
0.423902
0.528047
0.658828
0.827595
1.02813
)
;

boundaryField
{
    movingWall
    {
        type            zeroGradient;
    }
    fixedWalls
    {
        type            zeroGradient;
    }
    frontAndBack
    {
        type            empty;
    }
}


// ************************************************************************* //
