/*--------------------------------*- C++ -*----------------------------------*\
  =========                 |
  \\      /  F ield         | OpenFOAM: The Open Source CFD Toolbox
   \\    /   O peration     | Website:  https://openfoam.org
    \\  /    A nd           | Version:  12
     \\/     M anipulation  |
\*---------------------------------------------------------------------------*/
FoamFile
{
    format      ascii;
    class       volScalarField;
    location    "0.5";
    object      nut;
}
// * * * * * * * * * * * * * * * * * * * * * * * * * * * * * * * * * * * * * //

dimensions      [0 2 -1 0 0 0 0];

internalField   nonuniform List<scalar> 
5625
(
7.76526e-13
2.34516e-11
4.9643e-11
8.07981e-11
1.15734e-10
1.53542e-10
1.9354e-10
2.35195e-10
2.78061e-10
3.21756e-10
3.65937e-10
4.10299e-10
4.54563e-10
4.98476e-10
5.41807e-10
5.84346e-10
6.25904e-10
6.66308e-10
7.05404e-10
7.43057e-10
7.79142e-10
8.13554e-10
8.46199e-10
8.76994e-10
9.05872e-10
9.32771e-10
9.57642e-10
9.80443e-10
1.00114e-09
1.01971e-09
1.03611e-09
1.05035e-09
1.0624e-09
1.07225e-09
1.0799e-09
1.08534e-09
1.08856e-09
1.08956e-09
1.08835e-09
1.08492e-09
1.07928e-09
1.07142e-09
1.06137e-09
1.04912e-09
1.03469e-09
1.01809e-09
9.99337e-10
9.78463e-10
9.55494e-10
9.30467e-10
9.03424e-10
8.74418e-10
8.4351e-10
8.10772e-10
7.76288e-10
7.40152e-10
7.02473e-10
6.63375e-10
6.22997e-10
5.81492e-10
5.39033e-10
4.9581e-10
4.52032e-10
4.07928e-10
3.6375e-10
3.19773e-10
2.763e-10
2.3367e-10
1.9226e-10
1.52508e-10
1.14945e-10
8.0241e-11
4.92977e-11
2.32874e-11
7.71054e-13
5.24062e-12
7.63473e-10
4.05511e-09
9.43439e-09
1.57946e-08
2.26206e-08
2.97241e-08
3.70197e-08
4.44507e-08
5.19689e-08
5.95295e-08
6.709e-08
7.46103e-08
8.20527e-08
8.93824e-08
9.65669e-08
1.03577e-07
1.10385e-07
1.16967e-07
1.23301e-07
1.29368e-07
1.3515e-07
1.40633e-07
1.45804e-07
1.50651e-07
1.55164e-07
1.59337e-07
1.63161e-07
1.66632e-07
1.69745e-07
1.72496e-07
1.74883e-07
1.76903e-07
1.78554e-07
1.79836e-07
1.80747e-07
1.81286e-07
1.81454e-07
1.8125e-07
1.80675e-07
1.79728e-07
1.78411e-07
1.76725e-07
1.7467e-07
1.7225e-07
1.69466e-07
1.66321e-07
1.62819e-07
1.58966e-07
1.54766e-07
1.50227e-07
1.45358e-07
1.40168e-07
1.34669e-07
1.28874e-07
1.22798e-07
1.16459e-07
1.09877e-07
1.03074e-07
9.60738e-08
8.89038e-08
8.15937e-08
7.41757e-08
6.66846e-08
5.91576e-08
5.16347e-08
4.41575e-08
3.67705e-08
2.95208e-08
2.24643e-08
1.56849e-08
9.36883e-09
4.02699e-09
7.58169e-10
5.20362e-12
1.1583e-11
1.89959e-09
1.28692e-08
3.80627e-08
7.6109e-08
1.22794e-07
1.74509e-07
2.28983e-07
2.84903e-07
3.41487e-07
3.98224e-07
4.54742e-07
5.10737e-07
5.65951e-07
6.20152e-07
6.7313e-07
7.24694e-07
7.7467e-07
8.22903e-07
8.69249e-07
9.13583e-07
9.55794e-07
9.95783e-07
1.03347e-06
1.06877e-06
1.10162e-06
1.13198e-06
1.1598e-06
1.18504e-06
1.20767e-06
1.22767e-06
1.24501e-06
1.25968e-06
1.27168e-06
1.28098e-06
1.2876e-06
1.29151e-06
1.29272e-06
1.29122e-06
1.28703e-06
1.28014e-06
1.27056e-06
1.25829e-06
1.24334e-06
1.22574e-06
1.20548e-06
1.18261e-06
1.15713e-06
1.12909e-06
1.09852e-06
1.06547e-06
1.02999e-06
9.92165e-07
9.52055e-07
9.09753e-07
8.65359e-07
8.18989e-07
7.70769e-07
7.20844e-07
6.69373e-07
6.16528e-07
5.62503e-07
5.07506e-07
4.51766e-07
3.95541e-07
3.3913e-07
2.829e-07
2.27353e-07
1.7326e-07
1.21915e-07
7.55673e-08
3.77932e-08
1.2778e-08
1.88601e-09
1.14987e-11
1.89876e-11
3.19129e-09
2.30705e-08
7.48353e-08
1.64766e-07
2.89361e-07
4.40291e-07
6.08974e-07
7.88564e-07
9.7417e-07
1.16243e-06
1.35102e-06
1.53828e-06
1.72297e-06
1.90413e-06
2.08097e-06
2.25281e-06
2.4191e-06
2.57934e-06
2.73309e-06
2.87997e-06
3.01966e-06
3.15186e-06
3.27632e-06
3.39283e-06
3.50121e-06
3.60129e-06
3.69296e-06
3.77609e-06
3.8506e-06
3.91642e-06
3.97349e-06
4.02177e-06
4.06122e-06
4.09182e-06
4.11354e-06
4.12637e-06
4.13031e-06
4.12535e-06
4.11151e-06
4.08879e-06
4.0572e-06
4.01677e-06
3.96753e-06
3.90951e-06
3.84278e-06
3.76739e-06
3.68342e-06
3.59097e-06
3.49016e-06
3.38113e-06
3.26404e-06
3.13908e-06
3.0065e-06
2.86653e-06
2.7195e-06
2.56572e-06
2.40561e-06
2.23958e-06
2.06816e-06
1.8919e-06
1.71146e-06
1.52765e-06
1.3414e-06
1.15395e-06
9.66936e-07
7.82639e-07
6.04378e-07
4.36975e-07
2.87196e-07
1.63542e-07
7.42806e-08
2.28985e-08
3.16721e-09
1.88417e-11
2.70224e-11
4.57978e-09
3.38948e-08
1.14185e-07
2.63287e-07
4.84967e-07
7.7134e-07
1.10872e-06
1.48262e-06
1.88038e-06
2.29196e-06
2.70978e-06
3.12823e-06
3.54313e-06
3.95134e-06
4.35044e-06
4.73853e-06
5.11407e-06
5.47582e-06
5.82273e-06
6.15393e-06
6.46869e-06
6.76638e-06
7.04647e-06
7.3085e-06
7.55211e-06
7.77698e-06
7.98284e-06
8.16947e-06
8.33669e-06
8.48436e-06
8.61237e-06
8.72061e-06
8.80903e-06
8.87756e-06
8.92617e-06
8.95483e-06
8.96353e-06
8.95227e-06
8.92107e-06
8.86994e-06
8.79893e-06
8.70807e-06
8.59743e-06
8.4671e-06
8.31719e-06
8.14782e-06
7.95917e-06
7.75144e-06
7.52486e-06
7.27973e-06
7.01638e-06
6.73522e-06
6.43673e-06
6.12146e-06
5.79007e-06
5.44331e-06
5.08207e-06
4.70741e-06
4.32058e-06
3.92313e-06
3.51693e-06
3.10438e-06
2.68859e-06
2.27368e-06
1.86518e-06
1.47056e-06
1.09971e-06
7.65101e-07
4.81076e-07
2.61188e-07
1.13274e-07
3.36223e-08
4.54252e-09
2.6799e-11
3.53832e-11
6.01886e-09
4.50198e-08
1.54402e-07
3.64479e-07
6.893e-07
1.12598e-06
1.65967e-06
2.26998e-06
2.93592e-06
3.63872e-06
4.36282e-06
5.09588e-06
5.82835e-06
6.55288e-06
7.2638e-06
7.95675e-06
8.62828e-06
9.2757e-06
9.89681e-06
1.04899e-05
1.10534e-05
1.15863e-05
1.20876e-05
1.25564e-05
1.29922e-05
1.33942e-05
1.37622e-05
1.40957e-05
1.43945e-05
1.46582e-05
1.48867e-05
1.50799e-05
1.52376e-05
1.53598e-05
1.54463e-05
1.54972e-05
1.55124e-05
1.5492e-05
1.54359e-05
1.53442e-05
1.52169e-05
1.50543e-05
1.48562e-05
1.46231e-05
1.43549e-05
1.40519e-05
1.37145e-05
1.33429e-05
1.29375e-05
1.2499e-05
1.20278e-05
1.15247e-05
1.09905e-05
1.04263e-05
9.8332e-06
9.21277e-06
8.56678e-06
7.89741e-06
7.20737e-06
6.50009e-06
5.7799e-06
5.05238e-06
4.32476e-06
3.60648e-06
2.90965e-06
2.2496e-06
1.64482e-06
1.11597e-06
6.83227e-07
3.61286e-07
1.53049e-07
4.46227e-08
5.96521e-09
3.50633e-11
4.3831e-11
7.46995e-09
5.61844e-08
1.94543e-07
4.65237e-07
8.93386e-07
1.48324e-06
2.2217e-06
3.08503e-06
4.0453e-06
5.07502e-06
6.14968e-06
7.24867e-06
8.35529e-06
9.45628e-06
1.05412e-05
1.16021e-05
1.26324e-05
1.36272e-05
1.45826e-05
1.54954e-05
1.63631e-05
1.71838e-05
1.79558e-05
1.86778e-05
1.93488e-05
1.99678e-05
2.05343e-05
2.10475e-05
2.15072e-05
2.19128e-05
2.22642e-05
2.25611e-05
2.28033e-05
2.29908e-05
2.31234e-05
2.3201e-05
2.32238e-05
2.31916e-05
2.31046e-05
2.29627e-05
2.27661e-05
2.2515e-05
2.22096e-05
2.18499e-05
2.14365e-05
2.09695e-05
2.04495e-05
1.9877e-05
1.92526e-05
1.8577e-05
1.78513e-05
1.70766e-05
1.62542e-05
1.53859e-05
1.44737e-05
1.35202e-05
1.25285e-05
1.15026e-05
1.04474e-05
9.36926e-06
8.27619e-06
7.17842e-06
6.08898e-06
5.02428e-06
4.00458e-06
3.05395e-06
2.19942e-06
1.46849e-06
8.84589e-07
4.60688e-07
1.92643e-07
5.56333e-08
7.39609e-09
4.33924e-11
5.21731e-11
8.90107e-09
6.71642e-08
2.33867e-07
5.63631e-07
1.09248e-06
1.83244e-06
2.77363e-06
3.89078e-06
5.1506e-06
6.51786e-06
7.95929e-06
9.44564e-06
1.09523e-05
1.24592e-05
1.39502e-05
1.54126e-05
1.68362e-05
1.82131e-05
1.95371e-05
2.08032e-05
2.20076e-05
2.31471e-05
2.42192e-05
2.52221e-05
2.6154e-05
2.70138e-05
2.78005e-05
2.85132e-05
2.91513e-05
2.97143e-05
3.02018e-05
3.06135e-05
3.09491e-05
3.12086e-05
3.13918e-05
3.14985e-05
3.15289e-05
3.1483e-05
3.13609e-05
3.11625e-05
3.08882e-05
3.05382e-05
3.01126e-05
2.96119e-05
2.90364e-05
2.83868e-05
2.76635e-05
2.68674e-05
2.59995e-05
2.50607e-05
2.40526e-05
2.29768e-05
2.18354e-05
2.0631e-05
1.93666e-05
1.80464e-05
1.66753e-05
1.52594e-05
1.38067e-05
1.2327e-05
1.08331e-05
9.34069e-06
7.86946e-06
6.44354e-06
5.09161e-06
3.84627e-06
2.74211e-06
1.81183e-06
1.08033e-06
5.57416e-07
2.31298e-07
6.64251e-08
8.80257e-09
5.15897e-11
6.02543e-11
1.02863e-08
7.77733e-08
2.71765e-07
6.58203e-07
1.2835e-06
2.16735e-06
3.30363e-06
4.66657e-06
6.21874e-06
7.91816e-06
9.72355e-06
1.15973e-05
1.35069e-05
1.54251e-05
1.73297e-05
1.92029e-05
2.10303e-05
2.28007e-05
2.45052e-05
2.61366e-05
2.76896e-05
2.91595e-05
3.05431e-05
3.18374e-05
3.30404e-05
3.41502e-05
3.51656e-05
3.60854e-05
3.69087e-05
3.76349e-05
3.82635e-05
3.8794e-05
3.92262e-05
3.95599e-05
3.97948e-05
3.9931e-05
3.99685e-05
3.99074e-05
3.97477e-05
3.94896e-05
3.91334e-05
3.86794e-05
3.81279e-05
3.74795e-05
3.67347e-05
3.58942e-05
3.4959e-05
3.393e-05
3.28085e-05
3.1596e-05
3.02946e-05
2.89064e-05
2.74345e-05
2.58824e-05
2.42546e-05
2.25567e-05
2.07958e-05
1.89808e-05
1.71227e-05
1.52356e-05
1.33371e-05
1.14488e-05
9.59737e-06
7.81459e-06
6.13719e-06
4.60558e-06
3.26081e-06
2.13959e-06
1.26727e-06
6.49969e-07
2.68387e-07
7.68075e-08
1.01581e-08
5.94972e-11
6.79542e-11
1.16053e-08
8.78639e-08
3.0775e-07
7.47826e-07
1.46422e-06
2.48391e-06
3.80455e-06
5.4004e-06
7.23068e-06
9.24759e-06
1.14026e-05
1.36502e-05
1.59505e-05
1.82692e-05
2.05781e-05
2.28541e-05
2.50786e-05
2.72367e-05
2.93169e-05
3.13096e-05
3.32076e-05
3.50051e-05
3.66975e-05
3.8281e-05
3.9753e-05
4.1111e-05
4.23534e-05
4.34786e-05
4.44856e-05
4.53736e-05
4.61418e-05
4.67897e-05
4.73171e-05
4.77236e-05
4.80091e-05
4.81735e-05
4.82168e-05
4.81393e-05
4.7941e-05
4.76222e-05
4.71833e-05
4.66246e-05
4.59467e-05
4.51502e-05
4.42359e-05
4.32048e-05
4.20579e-05
4.07967e-05
3.94227e-05
3.79381e-05
3.63454e-05
3.46475e-05
3.28483e-05
3.09525e-05
2.89661e-05
2.68964e-05
2.47527e-05
2.25466e-05
2.02927e-05
1.80092e-05
1.57186e-05
1.34485e-05
1.12321e-05
9.10848e-06
7.12183e-06
5.31951e-06
3.74812e-06
2.44755e-06
1.4431e-06
7.37178e-07
3.03406e-07
8.66284e-08
1.14419e-08
6.69908e-11
7.51832e-11
1.28429e-08
9.7326e-08
3.41456e-07
8.31663e-07
1.63307e-06
2.77938e-06
4.27191e-06
6.08514e-06
8.17547e-06
1.049e-05
1.29736e-05
1.55739e-05
1.82437e-05
2.09422e-05
2.36354e-05
2.62952e-05
2.88988e-05
3.14278e-05
3.38677e-05
3.62069e-05
3.84361e-05
4.05481e-05
4.25372e-05
4.43988e-05
4.61294e-05
4.7726e-05
4.91865e-05
5.05092e-05
5.16926e-05
5.27356e-05
5.36376e-05
5.43978e-05
5.50158e-05
5.54914e-05
5.58244e-05
5.60146e-05
5.60622e-05
5.59674e-05
5.57304e-05
5.53515e-05
5.48313e-05
5.41702e-05
5.3369e-05
5.24284e-05
5.13495e-05
5.01335e-05
4.87817e-05
4.7296e-05
4.56784e-05
4.39314e-05
4.20582e-05
4.00627e-05
3.79494e-05
3.57244e-05
3.3395e-05
3.09704e-05
2.84622e-05
2.58846e-05
2.32555e-05
2.05973e-05
1.79372e-05
1.53084e-05
1.27502e-05
1.03085e-05
8.03415e-06
5.98061e-06
4.19934e-06
2.73286e-06
1.60617e-06
8.18169e-07
3.35976e-07
9.57734e-08
1.26382e-08
7.39779e-11
8.18804e-11
1.39891e-08
1.06085e-07
3.72637e-07
9.09157e-07
1.78901e-06
3.05209e-06
4.70307e-06
6.71677e-06
9.04716e-06
1.16368e-05
1.44247e-05
1.7352e-05
2.03651e-05
2.34173e-05
2.64689e-05
2.94871e-05
3.24452e-05
3.53214e-05
3.80985e-05
4.07625e-05
4.33026e-05
4.57101e-05
4.79779e-05
5.01007e-05
5.20742e-05
5.3895e-05
5.55603e-05
5.70682e-05
5.84169e-05
5.96052e-05
6.06321e-05
6.14969e-05
6.21991e-05
6.27384e-05
6.31145e-05
6.33274e-05
6.33774e-05
6.32646e-05
6.29894e-05
6.25521e-05
6.19535e-05
6.11942e-05
6.0275e-05
5.91971e-05
5.79617e-05
5.65701e-05
5.50243e-05
5.33263e-05
5.14786e-05
4.94844e-05
4.73473e-05
4.5072e-05
4.26641e-05
4.01308e-05
3.74808e-05
3.4725e-05
3.18771e-05
2.89542e-05
2.59772e-05
2.29721e-05
1.99708e-05
1.70114e-05
1.41391e-05
1.14056e-05
8.86775e-06
6.58456e-06
4.61163e-06
2.99369e-06
1.75537e-06
8.92343e-07
3.65834e-07
1.04163e-07
1.37363e-08
8.03945e-11
8.80106e-11
1.50378e-08
1.14097e-07
4.01153e-07
9.8e-07
1.9315e-06
3.30119e-06
5.09682e-06
7.29355e-06
9.84323e-06
1.26844e-05
1.57508e-05
1.89777e-05
2.23056e-05
2.56824e-05
2.90634e-05
3.24114e-05
3.56959e-05
3.88921e-05
4.19801e-05
4.4944e-05
4.7771e-05
5.04511e-05
5.29764e-05
5.53403e-05
5.75381e-05
5.95656e-05
6.14198e-05
6.30982e-05
6.4599e-05
6.59206e-05
6.7062e-05
6.80223e-05
6.88009e-05
6.93975e-05
6.9812e-05
7.0044e-05
7.00942e-05
6.99628e-05
6.96501e-05
6.91567e-05
6.84834e-05
6.76311e-05
6.66008e-05
6.53939e-05
6.40118e-05
6.24563e-05
6.07296e-05
5.8834e-05
5.67727e-05
5.45492e-05
5.21679e-05
4.96341e-05
4.69546e-05
4.41375e-05
4.11928e-05
3.81333e-05
3.49745e-05
3.17359e-05
2.84414e-05
2.51205e-05
2.1809e-05
1.85498e-05
1.53929e-05
1.23955e-05
9.61969e-06
7.1293e-06
4.98355e-06
3.22906e-06
1.89008e-06
9.59356e-07
3.92825e-07
1.11751e-07
1.47298e-08
8.62017e-11
9.35605e-11
1.59868e-08
1.21349e-07
4.26961e-07
1.04411e-06
2.06044e-06
3.52659e-06
5.4531e-06
7.81548e-06
1.05637e-05
1.36326e-05
1.69514e-05
2.045e-05
2.40638e-05
2.77355e-05
3.14158e-05
3.50637e-05
3.86452e-05
4.21327e-05
4.55038e-05
4.87407e-05
5.18291e-05
5.47577e-05
5.75173e-05
6.01008e-05
6.25025e-05
6.47181e-05
6.67438e-05
6.85769e-05
7.02154e-05
7.16574e-05
7.29018e-05
7.39476e-05
7.47942e-05
7.54413e-05
7.58886e-05
7.6136e-05
7.61842e-05
7.60334e-05
7.56841e-05
7.51371e-05
7.43932e-05
7.34537e-05
7.23198e-05
7.0993e-05
6.94751e-05
6.77682e-05
6.58748e-05
6.37978e-05
6.15405e-05
5.91073e-05
5.6503e-05
5.37338e-05
5.08072e-05
4.77324e-05
4.45208e-05
4.11864e-05
3.77469e-05
3.42238e-05
3.06437e-05
2.70392e-05
2.34496e-05
1.99218e-05
1.65105e-05
1.32775e-05
1.02895e-05
7.61446e-06
5.31479e-06
3.43872e-06
2.0101e-06
1.01908e-06
4.16889e-07
1.18518e-07
1.56158e-08
9.13833e-11
9.85357e-11
1.68374e-08
1.27849e-07
4.50098e-07
1.1016e-06
2.1761e-06
3.72881e-06
5.77281e-06
8.28395e-06
1.12105e-05
1.44842e-05
1.80299e-05
2.17729e-05
2.56439e-05
2.9581e-05
3.35309e-05
3.7449e-05
4.12981e-05
4.5048e-05
4.86743e-05
5.21572e-05
5.54811e-05
5.86333e-05
6.16038e-05
6.43848e-05
6.69699e-05
6.93542e-05
7.15336e-05
7.35052e-05
7.52664e-05
7.68155e-05
7.81511e-05
7.92722e-05
8.01781e-05
8.08684e-05
8.1343e-05
8.16018e-05
8.16455e-05
8.14745e-05
8.10895e-05
8.04914e-05
7.96813e-05
7.86605e-05
7.74306e-05
7.59933e-05
7.43507e-05
7.25053e-05
7.04599e-05
6.82177e-05
6.57828e-05
6.31597e-05
6.0354e-05
5.73727e-05
5.4224e-05
5.0918e-05
4.74674e-05
4.38876e-05
4.01977e-05
3.64214e-05
3.25875e-05
2.87314e-05
2.48955e-05
2.11303e-05
1.74944e-05
1.40535e-05
1.08786e-05
8.04108e-06
5.60602e-06
3.62304e-06
2.11562e-06
1.0716e-06
4.38047e-07
1.24468e-07
1.63949e-08
9.59412e-11
1.02957e-10
1.75931e-08
1.33625e-07
4.70669e-07
1.15274e-06
2.27904e-06
3.90887e-06
6.05763e-06
8.70144e-06
1.17871e-05
1.52436e-05
1.8992e-05
2.29533e-05
2.70541e-05
3.12283e-05
3.54191e-05
3.95786e-05
4.36668e-05
4.76512e-05
5.15053e-05
5.52078e-05
5.87417e-05
6.20934e-05
6.52518e-05
6.82085e-05
7.09565e-05
7.34904e-05
7.58058e-05
7.78995e-05
7.97687e-05
8.14116e-05
8.28265e-05
8.40125e-05
8.49688e-05
8.56951e-05
8.61914e-05
8.64574e-05
8.64942e-05
8.63022e-05
8.58823e-05
8.52356e-05
8.43633e-05
8.3267e-05
8.19485e-05
8.04099e-05
7.86537e-05
7.66824e-05
7.44994e-05
7.21083e-05
6.95135e-05
6.67203e-05
6.37346e-05
6.05641e-05
5.72178e-05
5.37068e-05
5.00446e-05
4.62479e-05
4.23374e-05
3.83383e-05
3.42816e-05
3.0205e-05
2.61537e-05
2.21812e-05
1.83494e-05
1.47275e-05
1.139e-05
8.41123e-06
5.85861e-06
3.78287e-06
2.2071e-06
1.11711e-06
4.56385e-07
1.29624e-07
1.70701e-08
9.98927e-11
1.06859e-10
1.82597e-08
1.38723e-07
4.88834e-07
1.19794e-06
2.37006e-06
4.06822e-06
6.30983e-06
9.07135e-06
1.22983e-05
1.5917e-05
1.98453e-05
2.40006e-05
2.83054e-05
3.26902e-05
3.70949e-05
4.14685e-05
4.57688e-05
4.9961e-05
5.40169e-05
5.79139e-05
6.16335e-05
6.51613e-05
6.84855e-05
7.15968e-05
7.44878e-05
7.71528e-05
7.9587e-05
8.1787e-05
8.37497e-05
8.54732e-05
8.69559e-05
8.81966e-05
8.91947e-05
8.99498e-05
9.0462e-05
9.0731e-05
9.07583e-05
9.05443e-05
9.00901e-05
8.93968e-05
8.84662e-05
8.72999e-05
8.59001e-05
8.42691e-05
8.24096e-05
8.03247e-05
7.8018e-05
7.54936e-05
7.27562e-05
6.98117e-05
6.66665e-05
6.3329e-05
5.98086e-05
5.61175e-05
5.227e-05
4.82839e-05
4.41811e-05
3.99884e-05
3.57385e-05
3.14711e-05
2.72337e-05
2.30825e-05
1.90821e-05
1.53047e-05
1.18277e-05
8.72784e-06
6.07456e-06
3.91944e-06
2.28525e-06
1.15599e-06
4.72041e-07
1.34025e-07
1.76464e-08
1.03267e-10
1.10281e-10
1.88444e-08
1.43196e-07
5.04789e-07
1.23767e-06
2.45017e-06
4.20858e-06
6.53217e-06
9.39767e-06
1.27495e-05
1.65117e-05
2.0599e-05
2.49257e-05
2.94108e-05
3.39817e-05
3.85752e-05
4.31378e-05
4.7625e-05
5.20002e-05
5.62337e-05
6.03014e-05
6.41839e-05
6.78657e-05
7.13346e-05
7.45806e-05
7.75959e-05
8.03743e-05
8.29109e-05
8.52018e-05
8.72442e-05
8.90357e-05
9.05748e-05
9.18603e-05
9.28916e-05
9.36684e-05
9.41908e-05
9.44587e-05
9.44738e-05
9.42366e-05
9.37483e-05
9.30105e-05
9.2025e-05
9.07937e-05
8.93191e-05
8.76039e-05
8.56511e-05
8.3464e-05
8.10467e-05
7.84037e-05
7.55401e-05
7.2462e-05
6.91768e-05
6.5693e-05
6.2021e-05
5.81733e-05
5.41653e-05
5.00157e-05
4.57474e-05
4.13885e-05
3.69732e-05
3.25429e-05
2.8147e-05
2.38438e-05
1.97004e-05
1.57914e-05
1.21964e-05
8.99439e-06
6.25624e-06
4.03429e-06
2.35093e-06
1.18864e-06
4.8519e-07
1.37721e-07
1.81301e-08
1.061e-10
1.13274e-10
1.93555e-08
1.4711e-07
5.18761e-07
1.2725e-06
2.52049e-06
4.33191e-06
6.72771e-06
9.68489e-06
1.31468e-05
1.70355e-05
2.12632e-05
2.5741e-05
3.0385e-05
3.51196e-05
3.9879e-05
4.46076e-05
4.92587e-05
5.37942e-05
5.81827e-05
6.23992e-05
6.64234e-05
7.02389e-05
7.38329e-05
7.71949e-05
8.03168e-05
8.31919e-05
8.58153e-05
8.81828e-05
9.02915e-05
9.21389e-05
9.37236e-05
9.50443e-05
9.61006e-05
9.68921e-05
9.74191e-05
9.76816e-05
9.76816e-05
9.74198e-05
9.68976e-05
9.61167e-05
9.50792e-05
9.37875e-05
9.22442e-05
9.04523e-05
8.84152e-05
8.61366e-05
8.36208e-05
8.08727e-05
7.7898e-05
7.47031e-05
7.12958e-05
6.76852e-05
6.38822e-05
5.99e-05
5.57546e-05
5.14656e-05
4.70567e-05
4.25572e-05
3.80023e-05
3.34349e-05
2.89061e-05
2.44759e-05
2.02132e-05
1.61945e-05
1.25015e-05
9.21475e-06
6.40633e-06
4.1291e-06
2.40512e-06
1.21557e-06
4.96029e-07
1.40766e-07
1.85288e-08
1.08436e-10
1.15889e-10
1.9802e-08
1.50531e-07
5.3099e-07
1.30303e-06
2.5822e-06
4.44029e-06
6.89973e-06
9.93774e-06
1.34967e-05
1.74971e-05
2.18485e-05
2.64594e-05
3.12431e-05
3.61215e-05
4.10266e-05
4.59004e-05
5.06947e-05
5.53697e-05
5.9893e-05
6.42384e-05
6.83848e-05
7.23153e-05
7.60163e-05
7.9477e-05
8.2689e-05
8.56453e-05
8.83409e-05
9.07714e-05
9.29338e-05
9.48257e-05
9.64456e-05
9.77924e-05
9.88655e-05
9.9665e-05
0.000100191
0.000100444
0.000100426
0.000100138
9.95812e-05
9.87583e-05
9.76714e-05
9.63231e-05
9.47164e-05
9.28546e-05
9.07413e-05
8.83808e-05
8.57775e-05
8.29369e-05
7.98649e-05
7.65685e-05
7.30558e-05
6.93362e-05
6.54214e-05
6.13249e-05
5.70634e-05
5.2657e-05
4.81305e-05
4.35137e-05
3.88431e-05
3.41625e-05
2.95242e-05
2.49897e-05
2.06294e-05
1.65213e-05
1.27486e-05
9.39301e-06
6.52763e-06
4.20567e-06
2.44885e-06
1.2373e-06
5.0477e-07
1.43222e-07
1.88501e-08
1.1032e-10
1.18179e-10
2.01931e-08
1.53531e-07
5.41726e-07
1.32988e-06
2.63654e-06
4.53586e-06
7.05158e-06
1.01611e-05
1.38061e-05
1.79051e-05
2.23658e-05
2.70941e-05
3.20009e-05
3.70058e-05
4.20384e-05
4.70392e-05
5.19582e-05
5.67544e-05
6.13943e-05
6.58507e-05
7.01018e-05
7.41301e-05
7.79216e-05
8.14653e-05
8.47522e-05
8.77755e-05
9.05296e-05
9.30104e-05
9.52148e-05
9.71404e-05
9.87856e-05
0.00010015
0.000101232
0.000102033
0.000102552
0.000102791
0.000102752
0.000102435
0.000101844
0.00010098
9.98452e-05
9.84436e-05
9.6778e-05
9.48521e-05
9.26699e-05
9.0236e-05
8.75552e-05
8.46333e-05
8.14766e-05
7.80924e-05
7.44892e-05
7.06771e-05
6.66677e-05
6.24754e-05
5.81171e-05
5.36138e-05
4.89904e-05
4.42778e-05
3.9513e-05
3.47408e-05
3.00145e-05
2.53964e-05
2.09583e-05
1.67791e-05
1.29432e-05
9.53326e-06
6.62298e-06
4.26581e-06
2.48319e-06
1.25435e-06
5.11626e-07
1.45147e-07
1.91021e-08
1.11799e-10
1.20199e-10
2.0538e-08
1.56179e-07
5.5122e-07
1.35366e-06
2.68476e-06
4.62078e-06
7.18665e-06
1.036e-05
1.40815e-05
1.82684e-05
2.28262e-05
2.76586e-05
3.26743e-05
3.77906e-05
4.29354e-05
4.80473e-05
5.3075e-05
5.79762e-05
6.27165e-05
6.72679e-05
7.16081e-05
7.5719e-05
7.95862e-05
8.31984e-05
8.65465e-05
8.96235e-05
9.24237e-05
9.4943e-05
9.71783e-05
9.91273e-05
0.000100789
0.000102161
0.000103245
0.000104041
0.000104548
0.000104768
0.000104705
0.000104358
0.00010373
0.000102825
0.000101644
0.000100192
9.84709e-05
9.64859e-05
9.4241e-05
9.17412e-05
8.89916e-05
8.59984e-05
8.27681e-05
7.93086e-05
7.56285e-05
7.17383e-05
6.76501e-05
6.33786e-05
5.89411e-05
5.43589e-05
4.96577e-05
4.48686e-05
4.00292e-05
3.5185e-05
3.03899e-05
2.5707e-05
2.12088e-05
1.69751e-05
1.30908e-05
9.63952e-06
6.69514e-06
4.31129e-06
2.50914e-06
1.26723e-06
5.16809e-07
1.46603e-07
1.92926e-08
1.12917e-10
1.22001e-10
2.08457e-08
1.58545e-07
5.59716e-07
1.37498e-06
2.72807e-06
4.69716e-06
7.30826e-06
1.05391e-05
1.43296e-05
1.85956e-05
2.32405e-05
2.81661e-05
3.32788e-05
3.84941e-05
4.37379e-05
4.89474e-05
5.407e-05
5.90624e-05
6.38892e-05
6.85218e-05
7.29372e-05
7.71171e-05
8.10468e-05
8.47145e-05
8.81113e-05
9.12299e-05
9.40647e-05
9.66116e-05
9.88675e-05
0.00010083
0.000102499
0.000103872
0.00010495
0.000105734
0.000106224
0.000106421
0.000106329
0.000105949
0.000105284
0.000104337
0.000103111
0.000101609
9.98358e-05
9.77958e-05
9.54935e-05
9.29341e-05
9.01233e-05
8.70674e-05
8.37734e-05
8.02494e-05
7.65044e-05
7.25492e-05
6.83962e-05
6.40603e-05
5.95594e-05
5.49148e-05
5.01526e-05
4.53043e-05
4.0408e-05
3.55093e-05
3.06627e-05
2.59318e-05
2.13894e-05
1.7116e-05
1.31967e-05
9.71559e-06
6.74674e-06
4.34379e-06
2.52769e-06
1.27644e-06
5.20514e-07
1.47644e-07
1.94289e-08
1.13719e-10
1.23636e-10
2.1125e-08
1.60695e-07
5.67452e-07
1.39443e-06
2.76766e-06
4.76706e-06
7.41965e-06
1.07032e-05
1.45569e-05
1.8895e-05
2.36194e-05
2.86294e-05
3.38297e-05
3.91338e-05
4.4466e-05
4.9762e-05
5.4968e-05
6.00397e-05
6.4941e-05
6.96428e-05
7.41215e-05
7.83585e-05
8.23388e-05
8.60506e-05
8.94847e-05
9.26339e-05
9.54927e-05
9.8057e-05
0.000100324
0.000102291
0.000103958
0.000105324
0.00010639
0.000107155
0.000107622
0.000107791
0.000107667
0.000107252
0.000106547
0.000105557
0.000104285
0.000102735
0.000100911
9.88195e-05
9.6464e-05
9.38503e-05
9.09846e-05
8.78734e-05
8.45242e-05
8.09452e-05
7.71459e-05
7.31372e-05
6.89318e-05
6.45448e-05
5.99943e-05
5.53019e-05
5.04939e-05
4.5602e-05
4.06643e-05
3.57269e-05
3.08444e-05
2.60804e-05
2.15081e-05
1.72081e-05
1.32657e-05
9.76499e-06
6.7802e-06
4.36487e-06
2.53972e-06
1.28242e-06
5.22925e-07
1.48322e-07
1.95178e-08
1.14243e-10
1.25152e-10
2.1384e-08
1.62692e-07
5.74652e-07
1.41257e-06
2.80464e-06
4.83246e-06
7.52393e-06
1.08569e-05
1.47696e-05
1.9175e-05
2.39729e-05
2.9061e-05
3.43417e-05
3.97267e-05
4.51388e-05
5.05124e-05
5.57924e-05
6.09338e-05
6.58997e-05
7.06605e-05
7.51922e-05
7.94758e-05
8.34964e-05
8.72419e-05
9.07032e-05
9.3873e-05
9.67461e-05
9.93183e-05
0.000101587
0.000103551
0.000105208
0.000106559
0.000107604
0.000108345
0.000108783
0.000108919
0.000108759
0.000108304
0.000107557
0.000106522
0.000105203
0.000103606
0.000101733
9.95916e-05
9.71859e-05
9.45222e-05
9.16068e-05
8.84466e-05
8.50494e-05
8.14237e-05
7.75792e-05
7.3527e-05
6.928e-05
6.48537e-05
6.0266e-05
5.55388e-05
5.06984e-05
4.57766e-05
4.08116e-05
3.58495e-05
3.09447e-05
2.61612e-05
2.15717e-05
1.72568e-05
1.33019e-05
9.79079e-06
6.79765e-06
4.37587e-06
2.54603e-06
1.28558e-06
5.24203e-07
1.48683e-07
1.95653e-08
1.14525e-10
1.26595e-10
2.16306e-08
1.64596e-07
5.81529e-07
1.42993e-06
2.84009e-06
4.89522e-06
7.62407e-06
1.10044e-05
1.49736e-05
1.94432e-05
2.4311e-05
2.94727e-05
3.48287e-05
4.0289e-05
4.57748e-05
5.12191e-05
5.65658e-05
6.17691e-05
6.67914e-05
7.16026e-05
7.61786e-05
8.05e-05
8.45517e-05
8.83218e-05
9.18011e-05
9.49824e-05
9.78607e-05
0.000100432
0.000102694
0.000104645
0.000106285
0.000107613
0.000108632
0.000109341
0.000109743
0.000109842
0.000109641
0.000109142
0.000108349
0.000107268
0.000105901
0.000104255
0.000102333
0.000100143
9.76895e-05
9.49788e-05
9.20178e-05
8.88137e-05
8.53745e-05
8.17091e-05
7.78272e-05
7.37401e-05
6.9461e-05
6.50053e-05
6.03913e-05
5.56408e-05
5.07801e-05
4.58409e-05
4.08614e-05
3.58874e-05
3.0973e-05
2.61819e-05
2.15866e-05
1.72673e-05
1.33093e-05
9.79586e-06
6.80106e-06
4.37806e-06
2.54733e-06
1.28626e-06
5.24493e-07
1.48768e-07
1.95768e-08
1.14595e-10
1.28007e-10
2.18721e-08
1.66463e-07
5.88287e-07
1.44702e-06
2.87504e-06
4.95715e-06
7.72291e-06
1.11499e-05
1.51747e-05
1.9707e-05
2.4643e-05
2.98759e-05
3.53043e-05
4.08362e-05
4.63914e-05
5.19015e-05
5.73096e-05
6.25687e-05
6.7641e-05
7.24957e-05
7.71085e-05
8.146e-05
8.55349e-05
8.93214e-05
9.28103e-05
9.59948e-05
9.88698e-05
0.000101432
0.000103679
0.000105609
0.000107223
0.000108522
0.000109506
0.000110177
0.000110537
0.000110592
0.000110344
0.000109797
0.000108956
0.000107824
0.000106407
0.00010471
0.00010274
0.000100501
9.80005e-05
9.52449e-05
9.22414e-05
8.89973e-05
8.5521e-05
8.18214e-05
7.79086e-05
7.37943e-05
6.94917e-05
6.50163e-05
6.03861e-05
5.5623e-05
5.0753e-05
4.58077e-05
4.08249e-05
3.585e-05
3.0937e-05
2.6149e-05
2.1558e-05
1.72438e-05
1.32909e-05
9.78249e-06
6.792e-06
4.37245e-06
2.54422e-06
1.28477e-06
5.23914e-07
1.48611e-07
1.95566e-08
1.1448e-10
1.29428e-10
2.21153e-08
1.68347e-07
5.95115e-07
1.46432e-06
2.91047e-06
5.01997e-06
7.82316e-06
1.12975e-05
1.53783e-05
1.99738e-05
2.49777e-05
3.02814e-05
3.57811e-05
4.13831e-05
4.70053e-05
5.25782e-05
5.80438e-05
6.33545e-05
6.84716e-05
7.33643e-05
7.80079e-05
8.23829e-05
8.6474e-05
9.02695e-05
9.37605e-05
9.69402e-05
9.98039e-05
0.000102348
0.000104572
0.000106474
0.000108054
0.000109315
0.000110257
0.000110883
0.000111194
0.000111199
0.000110898
0.000110298
0.000109402
0.000108216
0.000106745
0.000104996
0.000102975
0.000100687
9.81399e-05
9.53406e-05
9.22966e-05
8.90154e-05
8.55059e-05
8.17773e-05
7.784e-05
7.37055e-05
6.93869e-05
6.48997e-05
6.02621e-05
5.54955e-05
5.06259e-05
4.56845e-05
4.07086e-05
3.57434e-05
3.0842e-05
2.60671e-05
2.14898e-05
1.71893e-05
1.32493e-05
9.75248e-06
6.77173e-06
4.35984e-06
2.53715e-06
1.28133e-06
5.22561e-07
1.48237e-07
1.95083e-08
1.142e-10
1.30897e-10
2.23668e-08
1.70297e-07
6.02196e-07
1.48229e-06
2.9473e-06
5.08532e-06
7.92747e-06
1.14509e-05
1.55898e-05
2.02502e-05
2.5324e-05
3.06997e-05
3.62715e-05
4.19436e-05
4.76323e-05
5.32667e-05
5.87877e-05
6.41469e-05
6.93053e-05
7.42316e-05
7.89009e-05
8.32937e-05
8.73948e-05
9.11926e-05
9.46784e-05
9.78457e-05
0.00010069
0.000103209
0.000105401
0.000107266
0.000108805
0.000110019
0.00011091
0.000111483
0.000111738
0.000111685
0.000111326
0.000110665
0.00010971
0.000108465
0.000106936
0.000105131
0.000103056
0.000100718
9.81235e-05
9.52809e-05
9.21974e-05
8.88817e-05
8.53424e-05
8.15891e-05
7.7632e-05
7.34829e-05
6.91549e-05
6.46634e-05
6.00264e-05
5.52651e-05
5.04051e-05
4.54772e-05
4.05181e-05
3.55723e-05
3.06923e-05
2.59397e-05
2.1385e-05
1.71062e-05
1.31863e-05
9.70716e-06
6.74119e-06
4.34083e-06
2.52649e-06
1.27614e-06
5.20507e-07
1.47669e-07
1.94345e-08
1.13772e-10
1.3245e-10
2.26329e-08
1.72363e-07
6.09708e-07
1.50137e-06
2.98645e-06
5.15483e-06
8.03838e-06
1.16139e-05
1.58142e-05
2.05432e-05
2.56901e-05
3.1141e-05
3.67874e-05
4.25314e-05
4.82876e-05
5.39836e-05
5.95592e-05
6.49654e-05
7.01625e-05
7.51189e-05
7.98097e-05
8.42154e-05
8.83208e-05
9.21145e-05
9.55881e-05
9.87357e-05
0.000101553
0.000104038
0.00010619
0.000108009
0.000109497
0.000110655
0.000111488
0.000111998
0.000112189
0.00011207
0.000111644
0.000110917
0.000109895
0.000108585
0.000106994
0.000105128
0.000102996
0.000100604
9.79614e-05
9.50747e-05
9.19526e-05
8.86037e-05
8.5037e-05
8.12622e-05
7.72898e-05
7.31315e-05
6.88004e-05
6.43117e-05
5.96831e-05
5.49355e-05
5.00941e-05
4.51889e-05
4.02561e-05
3.53392e-05
3.04899e-05
2.57687e-05
2.1245e-05
1.69958e-05
1.31029e-05
9.64736e-06
6.70094e-06
4.3158e-06
2.51244e-06
1.26929e-06
5.17798e-07
1.46918e-07
1.93371e-08
1.13204e-10
1.34124e-10
2.29197e-08
1.74591e-07
6.17822e-07
1.52201e-06
3.02883e-06
5.23008e-06
8.15845e-06
1.17903e-05
1.60567e-05
2.08592e-05
2.60843e-05
3.1615e-05
3.73402e-05
4.31596e-05
4.89857e-05
5.47448e-05
6.03756e-05
6.58282e-05
7.10624e-05
7.60464e-05
8.07551e-05
8.5169e-05
8.92733e-05
9.30567e-05
9.65112e-05
9.96313e-05
0.000102413
0.000104856
0.000106958
0.000108722
0.000110149
0.000111242
0.000112006
0.000112443
0.000112561
0.000112367
0.000111865
0.000111063
0.000109967
0.000108585
0.000106924
0.000104993
0.000102799
0.000100351
9.76568e-05
9.47247e-05
9.15636e-05
8.81824e-05
8.45902e-05
8.07971e-05
7.68135e-05
7.26511e-05
6.8323e-05
6.38441e-05
5.92317e-05
5.45063e-05
4.96924e-05
4.48194e-05
3.99225e-05
3.50442e-05
3.02351e-05
2.55544e-05
2.10703e-05
1.68583e-05
1.29994e-05
9.57329e-06
6.65117e-06
4.28489e-06
2.4951e-06
1.26083e-06
5.14454e-07
1.45991e-07
1.92167e-08
1.12502e-10
1.35953e-10
2.32332e-08
1.7703e-07
6.26711e-07
1.54464e-06
3.07534e-06
5.31268e-06
8.29022e-06
1.19837e-05
1.63224e-05
2.1205e-05
2.65148e-05
3.21316e-05
3.79413e-05
4.38409e-05
4.97409e-05
5.55658e-05
6.12533e-05
6.67526e-05
7.20231e-05
7.70325e-05
8.17559e-05
8.61737e-05
9.02714e-05
9.40381e-05
9.74662e-05
0.000100551
0.000103288
0.000105679
0.000107722
0.000109419
0.000110775
0.000111792
0.000112475
0.000112828
0.000112862
0.000112582
0.000111994
0.000111106
0.000109927
0.000108465
0.000106728
0.000104724
0.000102463
9.99541e-05
9.72053e-05
9.42258e-05
9.10248e-05
8.76116e-05
8.39957e-05
8.01871e-05
7.61964e-05
7.20353e-05
6.77166e-05
6.32548e-05
5.86668e-05
5.39725e-05
4.91956e-05
4.43646e-05
3.95137e-05
3.46842e-05
2.99253e-05
2.52948e-05
2.08593e-05
1.66929e-05
1.28751e-05
9.48452e-06
6.59163e-06
4.24796e-06
2.47441e-06
1.25075e-06
5.10467e-07
1.44885e-07
1.90732e-08
1.11663e-10
1.37972e-10
2.35795e-08
1.79727e-07
6.36549e-07
1.56971e-06
3.12689e-06
5.40427e-06
8.43629e-06
1.2198e-05
1.66164e-05
2.15872e-05
2.69899e-05
3.27006e-05
3.86019e-05
4.45879e-05
5.05668e-05
5.64614e-05
6.2208e-05
6.77549e-05
7.30612e-05
7.80943e-05
8.28291e-05
8.72463e-05
9.13316e-05
9.50747e-05
9.84682e-05
0.000101508
0.000104191
0.000106519
0.000108491
0.00011011
0.000111382
0.00011231
0.0001129
0.000113155
0.000113092
0.000112714
0.000112028
0.000111044
0.000109771
0.000108218
0.000106395
0.000104312
0.000101977
9.94012e-05
9.65937e-05
9.35641e-05
9.0322e-05
8.6877e-05
8.3239e-05
7.9418e-05
7.54247e-05
7.12706e-05
6.69681e-05
6.25314e-05
5.79769e-05
5.33236e-05
4.85942e-05
4.38162e-05
3.90226e-05
3.42532e-05
2.95555e-05
2.49858e-05
2.06088e-05
1.6497e-05
1.27282e-05
9.37985e-06
6.52155e-06
4.20456e-06
2.45012e-06
1.23892e-06
5.05792e-07
1.43589e-07
1.89049e-08
1.1068e-10
1.40218e-10
2.39649e-08
1.8273e-07
6.47516e-07
1.59768e-06
3.18444e-06
5.50653e-06
8.59935e-06
1.24371e-05
1.69441e-05
2.20125e-05
2.75178e-05
3.33318e-05
3.93332e-05
4.54131e-05
5.1477e-05
5.74458e-05
6.32544e-05
6.88505e-05
7.41922e-05
7.9247e-05
8.39897e-05
8.84013e-05
9.24677e-05
9.61791e-05
9.95289e-05
0.000102513
0.000105131
0.000107383
0.000109271
0.000110798
0.000111971
0.000112795
0.000113275
0.000113421
0.000113245
0.000112754
0.000111956
0.000110862
0.000109482
0.000107827
0.000105908
0.000103735
0.000101319
9.86702e-05
9.57992e-05
9.27163e-05
8.94315e-05
8.59549e-05
8.22965e-05
7.84666e-05
7.44758e-05
7.03352e-05
6.6057e-05
6.16548e-05
5.71441e-05
5.25431e-05
4.78734e-05
4.31611e-05
3.84377e-05
3.37412e-05
2.91174e-05
2.46206e-05
2.03134e-05
1.62665e-05
1.25556e-05
9.25715e-06
6.43952e-06
4.15383e-06
2.42176e-06
1.22513e-06
5.00343e-07
1.4208e-07
1.87089e-08
1.09533e-10
1.42728e-10
2.43957e-08
1.86089e-07
6.59796e-07
1.62903e-06
3.24897e-06
5.62121e-06
8.78219e-06
1.2705e-05
1.7311e-05
2.24881e-05
2.81071e-05
3.4035e-05
4.01464e-05
4.63285e-05
5.24844e-05
5.85326e-05
6.44067e-05
7.00532e-05
7.54299e-05
8.0504e-05
8.52504e-05
8.96502e-05
9.369e-05
9.73604e-05
0.000100656
0.000103573
0.000106111
0.000108272
0.00011006
0.00011148
0.000112537
0.000113239
0.00011359
0.00011361
0.000113304
0.000112682
0.000111755
0.000110535
0.000109034
0.000107264
0.000105236
0.000102963
0.000100456
9.77275e-05
9.47876e-05
9.16477e-05
8.83186e-05
8.48107e-05
8.11344e-05
7.72999e-05
7.33176e-05
6.91985e-05
6.49541e-05
6.05973e-05
5.61428e-05
5.16076e-05
4.70118e-05
4.23801e-05
3.7742e-05
3.31337e-05
2.85988e-05
2.41891e-05
1.99651e-05
1.59951e-05
1.23529e-05
9.11316e-06
6.34341e-06
4.09446e-06
2.38861e-06
1.20902e-06
4.93984e-07
1.40319e-07
1.84804e-08
1.08196e-10
1.4554e-10
2.48785e-08
1.89857e-07
6.73583e-07
1.66425e-06
3.32151e-06
5.75016e-06
8.98771e-06
1.30059e-05
1.77226e-05
2.30209e-05
2.87663e-05
3.48202e-05
4.10524e-05
4.73462e-05
5.36014e-05
5.97345e-05
6.56773e-05
7.13753e-05
7.67859e-05
8.1876e-05
8.66205e-05
9.10012e-05
9.50048e-05
9.86227e-05
0.00010185
0.000104685
0.000107127
0.000109181
0.00011085
0.000112142
0.000113063
0.000113623
0.000113825
0.000113697
0.00011324
0.000112468
0.000111393
0.000110029
0.00010839
0.000106488
0.000104338
0.000101952
9.93445e-05
9.6527e-05
9.35121e-05
9.03115e-05
8.69367e-05
8.33984e-05
7.97073e-05
7.58736e-05
7.19075e-05
6.78195e-05
6.36205e-05
5.93226e-05
5.49391e-05
5.04858e-05
4.59811e-05
4.14478e-05
3.69133e-05
3.24114e-05
2.79831e-05
2.36777e-05
1.95529e-05
1.56744e-05
1.21135e-05
8.94333e-06
6.23015e-06
4.02457e-06
2.34962e-06
1.19009e-06
4.86519e-07
1.38254e-07
1.82124e-08
1.06627e-10
1.48695e-10
2.54202e-08
1.94088e-07
6.89078e-07
1.70387e-06
3.40315e-06
5.89528e-06
9.21892e-06
1.33442e-05
1.81847e-05
2.36183e-05
2.95039e-05
3.5697e-05
4.20618e-05
4.84772e-05
5.48396e-05
6.10628e-05
6.70772e-05
7.2827e-05
7.82692e-05
8.33704e-05
8.81058e-05
9.24575e-05
9.6413e-05
9.99644e-05
0.000103108
0.000105842
0.00010817
0.000110095
0.000111623
0.000112763
0.000113525
0.000113914
0.000113948
0.000113647
0.000113015
0.000112069
0.000110823
0.000109294
0.000107497
0.000105446
0.000103157
0.000100645
9.79251e-05
9.50102e-05
9.19137e-05
8.86486e-05
8.52269e-05
8.16599e-05
7.79583e-05
7.41324e-05
7.01921e-05
6.61472e-05
6.20079e-05
5.7785e-05
5.34905e-05
4.91385e-05
4.47456e-05
4.0332e-05
3.5923e-05
3.15493e-05
2.72492e-05
2.30687e-05
1.90624e-05
1.5293e-05
1.1829e-05
8.7416e-06
6.09568e-06
3.94163e-06
2.30338e-06
1.16766e-06
4.77679e-07
1.3581e-07
1.78956e-08
1.04771e-10
1.52232e-10
2.60279e-08
1.98838e-07
7.06489e-07
1.74842e-06
3.49498e-06
6.05853e-06
9.47891e-06
1.37243e-05
1.87033e-05
2.42873e-05
3.03284e-05
3.66748e-05
4.31846e-05
4.97317e-05
5.62088e-05
6.2527e-05
6.86147e-05
7.44153e-05
7.98849e-05
8.49903e-05
8.97069e-05
9.40172e-05
9.79094e-05
0.000101377
0.000104417
0.000107029
0.000109218
0.000110989
0.00011235
0.000113312
0.000113885
0.000114073
0.000113913
0.000113409
0.000112575
0.000111428
0.000109987
0.000108269
0.000106291
0.000104071
0.000101626
9.89727e-05
9.61274e-05
9.31049e-05
8.99206e-05
8.65877e-05
8.31189e-05
7.9526e-05
7.58199e-05
7.20108e-05
6.81082e-05
6.41211e-05
6.00586e-05
5.59303e-05
5.17465e-05
4.75191e-05
4.32625e-05
3.89944e-05
3.47369e-05
3.05176e-05
2.63713e-05
2.23404e-05
1.84759e-05
1.4837e-05
1.14888e-05
8.5003e-06
5.9348e-06
3.84239e-06
2.24807e-06
1.14083e-06
4.67117e-07
1.32892e-07
1.75176e-08
1.02558e-10
1.56193e-10
2.67087e-08
2.04164e-07
7.26028e-07
1.79844e-06
3.59815e-06
6.24192e-06
9.77081e-06
1.41505e-05
1.92838e-05
2.5035e-05
3.12476e-05
3.7762e-05
4.44294e-05
5.11183e-05
5.7717e-05
6.41337e-05
7.0295e-05
7.61432e-05
8.16338e-05
8.67336e-05
9.14183e-05
9.56712e-05
9.94815e-05
0.000102844
0.000105756
0.00010822
0.000110242
0.00011183
0.000112993
0.000113744
0.000114093
0.000114052
0.000113664
0.000112925
0.000111857
0.00011048
0.000108814
0.000106879
0.000104697
0.000102285
9.96649e-05
9.6854e-05
9.38703e-05
9.07309e-05
8.74521e-05
8.40484e-05
8.05333e-05
7.6919e-05
7.32164e-05
6.94355e-05
6.55852e-05
6.16737e-05
5.77088e-05
5.36983e-05
4.96506e-05
4.55754e-05
4.14842e-05
3.73916e-05
3.33162e-05
2.92821e-05
2.53199e-05
2.14679e-05
1.77729e-05
1.42898e-05
1.10803e-05
8.2103e-06
5.74128e-06
3.72293e-06
2.18145e-06
1.10853e-06
4.54404e-07
1.29384e-07
1.70637e-08
9.99003e-11
1.60621e-10
2.74698e-08
2.10123e-07
7.47906e-07
1.85449e-06
3.71378e-06
6.44741e-06
1.00976e-05
1.4627e-05
1.99317e-05
2.58676e-05
3.22685e-05
3.89659e-05
4.58032e-05
5.26428e-05
5.93686e-05
6.58858e-05
7.21186e-05
7.80084e-05
8.35103e-05
8.85912e-05
9.32274e-05
9.74028e-05
0.000101108
0.000104338
0.000107095
0.00010938
0.000111202
0.000112572
0.000113501
0.000114005
0.000114087
0.000113789
0.000113132
0.000112123
0.000110786
0.000109145
0.000107223
0.000105044
0.000102629
0.000100003
9.71871e-05
9.42009e-05
9.10653e-05
8.77999e-05
8.44214e-05
8.09457e-05
7.73869e-05
7.37576e-05
7.0069e-05
6.63305e-05
6.25504e-05
5.87356e-05
5.48925e-05
5.1027e-05
4.7145e-05
4.32536e-05
3.93613e-05
3.54787e-05
3.16206e-05
2.7807e-05
2.40638e-05
2.04246e-05
1.69311e-05
1.36338e-05
1.05898e-05
7.86141e-06
5.50808e-06
3.57877e-06
2.10098e-06
1.0695e-06
4.39048e-07
1.2515e-07
1.65164e-08
9.66978e-11
1.65553e-10
2.83181e-08
2.16769e-07
7.72327e-07
1.91709e-06
3.84293e-06
6.67684e-06
1.04622e-05
1.51577e-05
2.06517e-05
2.67904e-05
3.33966e-05
4.02915e-05
4.73101e-05
5.43081e-05
6.11645e-05
6.77811e-05
7.40804e-05
8.00025e-05
8.55023e-05
9.05469e-05
9.51132e-05
9.91865e-05
0.000102758
0.000105827
0.000108393
0.000110464
0.000112049
0.000113161
0.000113816
0.000114026
0.000113807
0.000113209
0.000112244
0.000110925
0.000109281
0.00010734
0.000105129
0.000102674
0.000100001
9.71361e-05
9.41018e-05
9.09242e-05
8.76257e-05
8.42261e-05
8.07442e-05
7.7197e-05
7.35996e-05
6.99648e-05
6.63036e-05
6.2625e-05
5.89363e-05
5.52431e-05
5.15498e-05
4.786e-05
4.4178e-05
4.05064e-05
3.68495e-05
3.3215e-05
2.96132e-05
2.60591e-05
2.25737e-05
1.9185e-05
1.59293e-05
1.28514e-05
1.00035e-05
7.44337e-06
5.22799e-06
3.40528e-06
2.00399e-06
1.02241e-06
4.20521e-07
1.20046e-07
1.58572e-08
9.28444e-11
1.71028e-10
2.92598e-08
2.24152e-07
7.99475e-07
1.98671e-06
3.98655e-06
6.93183e-06
1.08668e-05
1.57457e-05
2.14472e-05
2.7807e-05
3.46349e-05
4.17408e-05
4.89505e-05
5.61122e-05
6.30998e-05
6.98119e-05
7.61687e-05
8.21096e-05
8.75893e-05
9.25755e-05
9.70461e-05
0.000100988
0.000104394
0.000107263
0.000109601
0.000111417
0.000112722
0.000113533
0.000113869
0.000113734
0.000113183
0.000112235
0.00011092
0.000109248
0.000107258
0.00010498
0.000102446
9.96841e-05
9.67249e-05
9.35949e-05
9.03266e-05
8.69442e-05
8.34721e-05
7.99328e-05
7.63469e-05
7.27324e-05
6.9105e-05
6.54779e-05
6.18617e-05
5.82646e-05
5.46926e-05
5.11494e-05
4.76381e-05
4.4161e-05
4.07144e-05
3.72993e-05
3.39176e-05
3.05718e-05
2.72676e-05
2.40147e-05
2.08282e-05
1.77303e-05
1.47509e-05
1.19287e-05
9.31007e-06
6.94742e-06
4.89472e-06
3.19827e-06
1.88801e-06
9.66019e-07
3.98327e-07
1.13933e-07
1.50686e-08
8.82399e-11
1.77074e-10
3.03004e-08
2.32314e-07
8.29502e-07
2.06373e-06
4.1454e-06
7.21361e-06
1.13133e-05
1.63928e-05
2.23202e-05
2.89188e-05
3.59837e-05
4.33124e-05
5.07201e-05
5.80478e-05
6.51637e-05
7.19629e-05
7.83641e-05
8.43058e-05
8.97428e-05
9.46437e-05
9.89876e-05
0.000102763
0.000105965
0.000108596
0.000110664
0.000112179
0.000113159
0.000113622
0.000113583
0.000113066
0.000112132
0.00011079
0.000109079
0.000107013
0.000104637
0.000101986
9.90948e-05
9.59961e-05
9.27236e-05
8.93135e-05
8.57942e-05
8.21952e-05
7.85436e-05
7.48642e-05
7.11788e-05
6.75067e-05
6.38638e-05
6.02633e-05
5.67152e-05
5.32257e-05
4.9801e-05
4.64448e-05
4.31525e-05
3.99193e-05
3.67452e-05
3.36266e-05
3.05602e-05
2.75441e-05
2.45787e-05
2.16681e-05
1.88214e-05
1.60541e-05
1.33896e-05
1.08595e-05
8.50381e-06
6.36874e-06
4.50445e-06
2.95505e-06
1.75135e-06
8.99447e-07
3.72099e-07
1.0671e-07
1.41374e-08
8.28095e-11
1.83714e-10
3.14434e-08
2.41285e-07
8.62515e-07
2.14841e-06
4.31994e-06
7.52283e-06
1.18023e-05
1.70997e-05
2.32704e-05
3.01242e-05
3.74392e-05
4.49994e-05
5.26092e-05
6.0101e-05
6.73379e-05
7.42116e-05
8.06392e-05
8.65587e-05
9.19256e-05
9.67096e-05
0.000100892
0.000104462
0.000107419
0.000109768
0.000111518
0.000112686
0.000113291
0.000113356
0.000112884
0.000111957
0.000110584
0.000108805
0.00010665
0.000104149
0.000101349
9.82902e-05
9.50106e-05
9.15505e-05
8.79485e-05
8.42399e-05
8.04597e-05
7.66403e-05
7.28113e-05
6.89993e-05
6.52276e-05
6.15161e-05
5.78802e-05
5.43329e-05
5.08858e-05
4.75445e-05
4.43053e-05
4.11641e-05
3.81211e-05
3.5172e-05
3.23095e-05
2.95257e-05
2.68128e-05
2.41641e-05
2.15747e-05
1.90431e-05
1.65723e-05
1.41711e-05
1.18558e-05
9.65068e-06
7.58871e-06
5.70938e-06
4.05787e-06
2.67562e-06
1.59379e-06
8.22483e-07
3.41727e-07
9.83413e-08
1.30588e-08
7.65293e-11
1.90956e-10
3.26906e-08
2.51076e-07
8.98548e-07
2.2408e-06
4.5102e-06
7.85936e-06
1.23331e-05
1.78645e-05
2.4295e-05
3.14176e-05
3.89928e-05
4.67898e-05
5.4601e-05
6.22508e-05
6.95966e-05
7.65272e-05
8.29583e-05
8.88282e-05
9.40932e-05
9.87246e-05
0.000102706
0.000106029
0.000108697
0.000110716
0.000112102
0.000112874
0.000113055
0.000112655
0.000111729
0.00011033
0.000108474
0.000106216
0.000103574
0.0001006
9.73426e-05
9.38465e-05
9.01569e-05
8.63175e-05
8.23711e-05
7.83585e-05
7.43182e-05
7.02857e-05
6.62934e-05
6.23688e-05
5.85361e-05
5.48178e-05
5.12319e-05
4.77844e-05
4.44758e-05
4.13088e-05
3.82856e-05
3.54028e-05
3.26526e-05
3.00254e-05
2.75101e-05
2.50945e-05
2.27664e-05
2.05146e-05
1.83292e-05
1.62034e-05
1.41344e-05
1.21246e-05
1.01834e-05
8.32762e-06
6.58274e-06
4.98134e-06
3.56229e-06
2.36405e-06
1.41735e-06
7.35992e-07
3.07511e-07
8.89018e-08
1.18421e-08
6.94547e-11
1.98795e-10
3.40407e-08
2.61676e-07
9.3755e-07
2.34072e-06
4.7157e-06
8.22206e-06
1.29036e-05
1.86833e-05
2.53871e-05
3.27889e-05
4.06304e-05
4.86647e-05
5.66721e-05
6.44684e-05
7.1906e-05
7.88711e-05
8.52785e-05
9.10671e-05
9.61948e-05
0.000100635
0.000104373
0.000107406
0.000109739
0.000111382
0.000112355
0.000112682
0.000112383
0.000111474
0.000110058
0.000108136
0.000105759
0.000102975
9.98107e-05
9.6332e-05
9.259e-05
8.86378e-05
8.45251e-05
8.02996e-05
7.60102e-05
7.17025e-05
6.74191e-05
6.31977e-05
5.90749e-05
5.50835e-05
5.12448e-05
4.75705e-05
4.40699e-05
4.07546e-05
3.76298e-05
3.46935e-05
3.19396e-05
2.9359e-05
2.69396e-05
2.46676e-05
2.25276e-05
2.05034e-05
1.85791e-05
1.67392e-05
1.49701e-05
1.32604e-05
1.16022e-05
9.99269e-06
8.43461e-06
6.93805e-06
5.5209e-06
4.20876e-06
3.03338e-06
2.02965e-06
1.22697e-06
6.4225e-07
2.70299e-07
7.86142e-08
1.05151e-08
6.17484e-11
2.07202e-10
3.54891e-08
2.73046e-07
9.79355e-07
2.4477e-06
4.93526e-06
8.60854e-06
1.35094e-05
1.95488e-05
2.65358e-05
3.42229e-05
4.23318e-05
5.05987e-05
5.87915e-05
6.67178e-05
7.42253e-05
8.11981e-05
8.75509e-05
9.32236e-05
9.81762e-05
0.000102385
0.000105838
0.000108537
0.000110488
0.00011171
0.000112223
0.000112058
0.00011121
0.000109795
0.000107825
0.000105342
0.000102412
9.90571e-05
9.53466e-05
9.13423e-05
8.71077e-05
8.2695e-05
7.81584e-05
7.35569e-05
6.89443e-05
6.43719e-05
5.98884e-05
5.55365e-05
5.13458e-05
4.7338e-05
4.3538e-05
3.9963e-05
3.6622e-05
3.35167e-05
3.06438e-05
2.79954e-05
2.55599e-05
2.33225e-05
2.12662e-05
1.93726e-05
1.76224e-05
1.59963e-05
1.44753e-05
1.30415e-05
1.16784e-05
1.03718e-05
9.1104e-06
7.88709e-06
6.69965e-06
5.55207e-06
4.45548e-06
3.42844e-06
2.49558e-06
1.68731e-06
1.03084e-06
5.45121e-07
2.31567e-07
6.78723e-08
9.12708e-09
5.36974e-11
2.16127e-10
3.70269e-08
2.85111e-07
1.02366e-06
2.56086e-06
5.16693e-06
9.01495e-06
1.41437e-05
2.04505e-05
2.77259e-05
3.56991e-05
4.40706e-05
5.25596e-05
6.09216e-05
6.89564e-05
7.65076e-05
8.34578e-05
8.97224e-05
9.52429e-05
9.99819e-05
0.000103919
0.000107046
0.000109368
0.000110897
0.000111655
0.000111668
0.000110941
0.000109553
0.00010757
0.000105012
0.000101947
9.8421e-05
9.44813e-05
9.02154e-05
8.56943e-05
8.09657e-05
7.60963e-05
7.11584e-05
6.62164e-05
6.13304e-05
5.65563e-05
5.19391e-05
4.75184e-05
4.33289e-05
3.93978e-05
3.57399e-05
3.23636e-05
2.92696e-05
2.64521e-05
2.38997e-05
2.15967e-05
1.95245e-05
1.76622e-05
1.59878e-05
1.44786e-05
1.31125e-05
1.18679e-05
1.07249e-05
9.66479e-06
8.67047e-06
7.72651e-06
6.82035e-06
5.9428e-06
5.08819e-06
4.25593e-06
3.45148e-06
2.68693e-06
1.98062e-06
1.35666e-06
8.39913e-07
4.49915e-07
1.93384e-07
5.72364e-08
7.74916e-09
4.57112e-11
2.25494e-10
3.86406e-08
2.97758e-07
1.07003e-06
2.67896e-06
5.40787e-06
9.43586e-06
1.47974e-05
2.13744e-05
2.89376e-05
3.71913e-05
4.58145e-05
5.45092e-05
6.30189e-05
7.11363e-05
7.87016e-05
8.55969e-05
9.17385e-05
9.70705e-05
0.000101559
0.000105186
0.000107949
0.000109857
0.000110926
0.000111184
0.000110644
0.000109336
0.000107389
0.000104802
0.000101639
9.79721e-05
9.38282e-05
8.93244e-05
8.45218e-05
7.94716e-05
7.4263e-05
6.89789e-05
6.36932e-05
5.84767e-05
5.33945e-05
4.85035e-05
4.38533e-05
3.94828e-05
3.54202e-05
3.16832e-05
2.82789e-05
2.52051e-05
2.24515e-05
2.00014e-05
1.78335e-05
1.59229e-05
1.42432e-05
1.27684e-05
1.14728e-05
1.03298e-05
9.31565e-06
8.40904e-06
7.59074e-06
6.84422e-06
6.15418e-06
5.50691e-06
4.89024e-06
4.29397e-06
3.71101e-06
3.13806e-06
2.5768e-06
2.03403e-06
1.5224e-06
1.05941e-06
6.66655e-07
3.62807e-07
1.5821e-07
4.73864e-08
6.46827e-09
3.82914e-11
2.35194e-10
4.03117e-08
3.10835e-07
1.11783e-06
2.80029e-06
5.65432e-06
9.86419e-06
1.54586e-05
2.23029e-05
3.01467e-05
3.86687e-05
4.75262e-05
5.64045e-05
6.50358e-05
7.32065e-05
8.07542e-05
8.75612e-05
9.35458e-05
9.8655e-05
0.000102858
0.000106142
0.000108509
0.00010997
0.000110548
0.000110275
0.00010913
0.000107285
0.000104729
0.000101524
9.7761e-05
9.34595e-05
8.87589e-05
8.36953e-05
7.83432e-05
7.28102e-05
6.71873e-05
6.15618e-05
5.6016e-05
5.06262e-05
4.54619e-05
4.05842e-05
3.60385e-05
3.18561e-05
2.80554e-05
2.46414e-05
2.16077e-05
1.89377e-05
1.66071e-05
1.45865e-05
1.28439e-05
1.13458e-05
1.00577e-05
8.94677e-06
7.98742e-06
7.15572e-06
6.42908e-06
5.79212e-06
5.22762e-06
4.72016e-06
4.2562e-06
3.8245e-06
3.41547e-06
3.02136e-06
2.63638e-06
2.25697e-06
1.88072e-06
1.5096e-06
1.15048e-06
8.15561e-07
5.22829e-07
2.89832e-07
1.28539e-07
3.90313e-08
5.37682e-09
3.19719e-11
2.45094e-10
4.20162e-08
3.24143e-07
1.16631e-06
2.92273e-06
5.9016e-06
1.02913e-05
1.61133e-05
2.32153e-05
3.13256e-05
4.00966e-05
4.91648e-05
5.81993e-05
6.69223e-05
7.51147e-05
8.26127e-05
8.92993e-05
9.50953e-05
9.99512e-05
0.00010384
0.000106755
0.0001087
0.000109694
0.000109764
0.000108901
0.000107216
0.000104779
0.000101616
9.78221e-05
9.34467e-05
8.85971e-05
8.33109e-05
7.76978e-05
7.1873e-05
6.59371e-05
5.99892e-05
5.41227e-05
4.84291e-05
4.30005e-05
3.79075e-05
3.31987e-05
2.89104e-05
2.50623e-05
2.16572e-05
1.86829e-05
1.61151e-05
1.39202e-05
1.20592e-05
1.04887e-05
9.1629e-06
8.04341e-06
7.10377e-06
6.31827e-06
5.65557e-06
5.09065e-06
4.60338e-06
4.17374e-06
3.78863e-06
3.43805e-06
3.11299e-06
2.80669e-06
2.514e-06
2.23068e-06
1.95333e-06
1.67925e-06
1.40804e-06
1.14079e-06
8.81059e-07
6.36181e-07
4.16246e-07
2.35624e-07
1.06445e-07
3.27926e-08
4.55834e-09
2.72394e-11
2.55029e-10
4.37258e-08
3.37449e-07
1.21453e-06
3.04375e-06
6.14429e-06
1.07072e-05
1.67456e-05
2.40888e-05
3.2444e-05
4.14379e-05
5.06872e-05
5.98465e-05
6.86288e-05
7.68107e-05
8.42276e-05
9.07641e-05
9.63442e-05
0.000100922
0.000104476
0.000107002
0.000108512
0.000109028
0.000108561
0.000107133
0.000104916
0.000101894
9.81618e-05
9.38054e-05
8.88765e-05
8.34373e-05
7.76264e-05
7.15592e-05
6.53506e-05
5.91028e-05
5.29281e-05
4.6953e-05
4.12799e-05
3.59799e-05
3.11131e-05
2.67236e-05
2.2833e-05
1.94419e-05
1.65323e-05
1.40706e-05
1.20131e-05
1.03081e-05
8.89981e-06
7.74512e-06
6.80891e-06
6.04899e-06
5.42541e-06
4.90448e-06
4.45854e-06
4.06849e-06
3.72029e-06
3.40319e-06
3.10891e-06
2.83017e-06
2.56695e-06
2.31569e-06
2.07415e-06
1.84008e-06
1.61158e-06
1.38708e-06
1.16605e-06
9.48305e-07
7.36845e-07
5.36489e-07
3.55136e-07
2.03834e-07
9.3518e-08
2.91651e-08
4.07997e-09
2.44789e-11
2.64816e-10
4.5408e-08
3.50485e-07
1.26146e-06
3.16057e-06
6.37636e-06
1.1101e-05
1.73383e-05
2.48994e-05
3.34706e-05
4.2655e-05
5.20512e-05
6.13004e-05
7.01082e-05
7.82479e-05
8.55549e-05
9.19161e-05
9.72589e-05
0.000101542
0.000104748
0.000106878
0.000107949
0.000107987
0.000106963
0.000105059
0.000102288
9.87314e-05
9.45055e-05
8.95904e-05
8.40993e-05
7.81773e-05
7.19438e-05
6.55103e-05
5.89949e-05
5.25589e-05
4.63368e-05
4.04243e-05
3.49125e-05
2.98785e-05
2.53738e-05
2.14239e-05
1.80283e-05
1.51637e-05
1.27879e-05
1.08463e-05
9.27604e-06
8.01858e-06
7.0258e-06
6.24356e-06
5.61695e-06
5.10203e-06
4.66167e-06
4.27439e-06
3.92977e-06
3.61765e-06
3.32993e-06
3.06069e-06
2.80595e-06
2.56361e-06
2.32894e-06
2.10131e-06
1.87969e-06
1.66371e-06
1.45314e-06
1.24798e-06
1.04802e-06
8.54256e-07
6.67454e-07
4.90478e-07
3.28964e-07
1.91503e-07
8.90879e-08
2.80646e-08
3.94173e-09
2.37099e-11
2.74253e-10
4.70278e-08
3.62967e-07
1.306e-06
3.27023e-06
6.59159e-06
1.14616e-05
1.78742e-05
2.56231e-05
3.4375e-05
4.37121e-05
5.32167e-05
6.25192e-05
7.13187e-05
7.93865e-05
8.65586e-05
9.27247e-05
9.78162e-05
0.000101796
0.000104653
0.000106393
0.000107038
0.000106582
0.000105091
0.000102708
9.94647e-05
9.54904e-05
9.06998e-05
8.52792e-05
7.93538e-05
7.30334e-05
6.64381e-05
5.9741e-05
5.31084e-05
4.66572e-05
4.05081e-05
3.47756e-05
2.95505e-05
2.48961e-05
2.08448e-05
1.73983e-05
1.45307e-05
1.21932e-05
1.03223e-05
8.84683e-06
7.69963e-06
6.81659e-06
6.12869e-06
5.57732e-06
5.12458e-06
4.74519e-06
4.42e-06
4.12977e-06
3.86081e-06
3.60442e-06
3.35523e-06
3.1101e-06
2.86747e-06
2.62688e-06
2.38848e-06
2.15299e-06
1.92135e-06
1.6946e-06
1.47375e-06
1.25971e-06
1.05333e-06
8.55497e-07
6.6745e-07
4.91429e-07
3.3165e-07
1.95018e-07
9.17875e-08
2.91933e-08
4.11466e-09
2.48017e-11
2.83137e-10
4.85494e-08
3.74603e-07
1.34704e-06
3.36981e-06
6.7839e-06
1.17785e-05
1.83372e-05
2.62379e-05
3.51296e-05
4.4577e-05
5.41492e-05
6.34674e-05
7.22259e-05
8.01948e-05
8.72118e-05
9.31696e-05
9.80037e-05
0.000101682
0.000104198
0.000105563
0.000105805
0.00010488
0.000103018
0.000100247
9.66234e-05
9.21225e-05
8.69061e-05
8.10876e-05
7.47783e-05
6.81483e-05
6.13766e-05
5.45974e-05
4.79488e-05
4.15775e-05
3.56137e-05
3.01653e-05
2.53108e-05
2.10947e-05
1.7526e-05
1.4581e-05
1.22088e-05
1.03401e-05
8.89591e-06
7.7966e-06
6.96675e-06
6.33225e-06
5.84074e-06
5.45673e-06
5.14091e-06
4.86786e-06
4.62128e-06
4.38371e-06
4.14866e-06
3.90976e-06
3.66477e-06
3.41325e-06
3.15607e-06
2.8949e-06
2.63185e-06
2.36929e-06
2.10954e-06
1.85482e-06
1.60708e-06
1.36804e-06
1.13919e-06
9.21889e-07
7.17591e-07
5.2837e-07
3.57808e-07
2.1202e-07
1.00726e-07
3.232e-08
4.57143e-09
2.7593e-11
2.91273e-10
4.99388e-08
3.85119e-07
1.38355e-06
3.45664e-06
6.94785e-06
1.20422e-05
1.87134e-05
2.67252e-05
3.57114e-05
4.52239e-05
5.48211e-05
6.41175e-05
7.28043e-05
8.06513e-05
8.74982e-05
9.32412e-05
9.78205e-05
0.00010121
0.000103407
0.000104429
0.000104292
0.000103062
0.0001009
9.77557e-05
9.37045e-05
8.88228e-05
8.32334e-05
7.71e-05
7.05907e-05
6.38423e-05
5.69951e-05
5.02114e-05
4.36492e-05
3.74551e-05
3.17553e-05
2.66471e-05
2.21922e-05
1.84141e-05
1.52984e-05
1.27985e-05
1.08442e-05
9.35198e-06
8.23565e-06
7.4069e-06
6.80256e-06
6.35848e-06
6.02128e-06
5.75355e-06
5.52585e-06
5.31644e-06
5.11009e-06
4.89794e-06
4.67319e-06
4.42761e-06
4.16532e-06
3.88794e-06
3.59821e-06
3.29974e-06
2.99652e-06
2.69253e-06
2.39149e-06
2.09669e-06
1.81093e-06
1.53653e-06
1.2754e-06
1.02921e-06
7.99589e-07
5.88603e-07
3.99568e-07
2.38288e-07
1.1416e-07
3.69722e-08
5.25525e-09
3.17749e-11
2.98487e-10
5.1166e-08
3.9428e-07
1.41465e-06
3.52855e-06
7.07911e-06
1.22456e-05
1.89921e-05
2.70712e-05
3.61042e-05
4.56349e-05
5.52143e-05
6.44525e-05
7.30392e-05
8.07449e-05
8.74118e-05
9.29404e-05
9.72741e-05
0.000100394
0.000102322
0.000103107
0.000102707
0.000101224
9.86853e-05
9.51876e-05
9.07848e-05
8.56279e-05
7.9867e-05
7.36197e-05
6.70189e-05
6.0222e-05
5.33947e-05
4.67035e-05
4.03077e-05
3.43505e-05
2.89496e-05
2.41887e-05
2.01124e-05
1.67245e-05
1.39917e-05
1.18515e-05
1.0222e-05
9.00811e-06
8.12556e-06
7.50297e-06
7.06417e-06
6.75085e-06
6.51876e-06
6.33126e-06
6.16248e-06
5.99236e-06
5.80908e-06
5.60325e-06
5.37257e-06
5.11303e-06
4.8197e-06
4.50225e-06
4.16576e-06
3.8158e-06
3.45828e-06
3.09919e-06
2.74403e-06
2.39753e-06
2.06346e-06
1.74477e-06
1.44363e-06
1.16181e-06
9.00901e-07
6.62847e-07
4.50755e-07
2.70267e-07
1.30489e-07
4.26802e-08
6.10627e-09
3.70148e-11
3.0465e-10
5.22084e-08
4.01909e-07
1.43974e-06
3.58404e-06
7.17494e-06
1.23844e-05
1.91677e-05
2.72689e-05
3.63001e-05
4.58019e-05
5.53211e-05
6.44662e-05
7.29271e-05
8.0476e-05
8.69544e-05
9.22834e-05
9.64328e-05
9.94005e-05
0.000101157
0.000101677
0.000100907
9.91148e-05
9.63243e-05
9.26325e-05
8.81029e-05
8.28627e-05
7.70255e-05
7.07305e-05
6.41305e-05
5.73877e-05
5.06699e-05
4.41431e-05
3.79632e-05
3.22662e-05
2.71594e-05
2.27132e-05
1.89577e-05
1.58822e-05
1.34413e-05
1.15647e-05
1.01515e-05
9.12065e-06
8.40515e-06
7.93119e-06
7.61968e-06
7.39655e-06
7.23793e-06
7.11051e-06
6.98771e-06
6.8403e-06
6.67406e-06
6.47209e-06
6.22863e-06
5.94762e-06
5.62257e-06
5.25692e-06
4.86261e-06
4.4477e-06
4.02111e-06
3.59163e-06
3.16728e-06
2.75495e-06
2.36005e-06
1.98645e-06
1.63671e-06
1.31247e-06
1.01499e-06
7.45788e-07
5.07543e-07
3.05504e-07
1.48518e-07
4.90647e-08
7.07315e-09
4.30207e-11
3.09687e-10
5.30535e-08
4.07917e-07
1.45853e-06
3.62259e-06
7.23462e-06
1.2458e-05
1.92399e-05
2.73188e-05
3.63008e-05
4.5728e-05
5.51462e-05
6.41628e-05
7.24772e-05
7.98795e-05
8.62488e-05
9.14589e-05
9.54324e-05
9.81241e-05
9.95729e-05
9.9799e-05
9.88902e-05
9.69944e-05
9.41494e-05
9.03828e-05
8.58112e-05
8.05536e-05
7.47378e-05
6.85052e-05
6.20086e-05
5.54095e-05
4.88728e-05
4.25597e-05
3.6619e-05
3.1178e-05
2.63331e-05
2.21442e-05
1.86329e-05
1.57793e-05
1.35258e-05
1.17885e-05
1.04907e-05
9.59758e-06
9.00797e-06
8.63422e-06
8.37636e-06
8.22094e-06
8.12049e-06
8.04167e-06
7.958e-06
7.84921e-06
7.68825e-06
7.48887e-06
7.23887e-06
6.93299e-06
6.57808e-06
6.16159e-06
5.70225e-06
5.21188e-06
4.70242e-06
4.18626e-06
3.67524e-06
3.17972e-06
2.70786e-06
2.26537e-06
1.85566e-06
1.48032e-06
1.13998e-06
8.35275e-07
5.68012e-07
3.42681e-07
1.67501e-07
5.58565e-08
8.1163e-09
4.95611e-11
3.13602e-10
5.37021e-08
4.12322e-07
1.47118e-06
3.64481e-06
7.25988e-06
1.24701e-05
1.92151e-05
2.72309e-05
3.61203e-05
4.54302e-05
5.47195e-05
6.36212e-05
7.18355e-05
7.91125e-05
8.52587e-05
9.02043e-05
9.39287e-05
9.64492e-05
9.77862e-05
9.79281e-05
9.69878e-05
9.50531e-05
9.21877e-05
8.84332e-05
8.39183e-05
7.87558e-05
7.3072e-05
6.70056e-05
6.07055e-05
5.43276e-05
4.80299e-05
4.19652e-05
3.62727e-05
3.10733e-05
2.64494e-05
2.24423e-05
1.90618e-05
1.62864e-05
1.4101e-05
1.2439e-05
1.12426e-05
1.0415e-05
9.88555e-06
9.53618e-06
9.32263e-06
9.20682e-06
9.14597e-06
9.10528e-06
9.05659e-06
8.97752e-06
8.8508e-06
8.64668e-06
8.39182e-06
8.06885e-06
7.67875e-06
7.22291e-06
6.6959e-06
6.12301e-06
5.51925e-06
4.90119e-06
4.2855e-06
3.68741e-06
3.11945e-06
2.59063e-06
2.10622e-06
1.66831e-06
1.27686e-06
9.31181e-07
6.3156e-07
3.81152e-07
1.86994e-07
6.28656e-08
9.20471e-09
5.64478e-11
3.16492e-10
5.41716e-08
4.15278e-07
1.47833e-06
3.65266e-06
7.25526e-06
1.24294e-05
1.91076e-05
2.70256e-05
3.57916e-05
4.49815e-05
5.41489e-05
6.28905e-05
7.08711e-05
7.78965e-05
8.38515e-05
8.86597e-05
9.22815e-05
9.47129e-05
9.59785e-05
9.6076e-05
9.51467e-05
9.32562e-05
9.04612e-05
8.6831e-05
8.24804e-05
7.75202e-05
7.20721e-05
6.62683e-05
6.02498e-05
5.41632e-05
4.81564e-05
4.2378e-05
3.69233e-05
3.1882e-05
2.73385e-05
2.33837e-05
2.00574e-05
1.7362e-05
1.52477e-05
1.36176e-05
1.24204e-05
1.15849e-05
1.10451e-05
1.06793e-05
1.04696e-05
1.03636e-05
1.03191e-05
1.02999e-05
1.02756e-05
1.0221e-05
1.01157e-05
9.94178e-06
9.66818e-06
9.33545e-06
8.91419e-06
8.41617e-06
7.83499e-06
7.17876e-06
6.47511e-06
5.74459e-06
5.00917e-06
4.29022e-06
3.60636e-06
2.9718e-06
2.39539e-06
1.88082e-06
1.42785e-06
1.03424e-06
6.98136e-07
4.20571e-07
2.06701e-07
6.99361e-08
1.03103e-08
6.35028e-11
3.18564e-10
5.44984e-08
4.17093e-07
1.48123e-06
3.64958e-06
7.22835e-06
1.235e-05
1.89411e-05
2.67483e-05
3.53812e-05
4.43944e-05
5.33356e-05
6.18325e-05
6.96242e-05
7.64965e-05
8.23106e-05
8.69916e-05
9.05139e-05
9.28835e-05
9.41312e-05
9.42613e-05
9.34152e-05
9.1651e-05
8.90253e-05
8.56173e-05
8.15316e-05
7.68733e-05
7.17567e-05
6.63046e-05
6.06492e-05
5.49172e-05
4.92023e-05
4.35853e-05
3.82512e-05
3.33409e-05
2.89542e-05
2.51475e-05
2.1919e-05
1.92481e-05
1.70887e-05
1.53824e-05
1.41044e-05
1.31839e-05
1.25664e-05
1.21399e-05
1.18831e-05
1.1744e-05
1.16793e-05
1.16512e-05
1.16269e-05
1.15781e-05
1.14809e-05
1.13153e-05
1.10602e-05
1.06944e-05
1.02531e-05
9.70779e-06
9.07918e-06
8.35187e-06
7.55037e-06
6.70484e-06
5.84179e-06
4.98904e-06
4.17266e-06
3.41407e-06
2.7279e-06
2.12129e-06
1.59488e-06
1.14517e-06
7.67709e-07
4.60586e-07
2.26361e-07
7.69072e-08
1.14025e-08
7.05273e-11
3.20149e-10
5.47402e-08
4.18237e-07
1.4817e-06
3.64045e-06
7.18935e-06
1.22499e-05
1.87468e-05
2.64148e-05
3.48614e-05
4.36485e-05
5.23735e-05
6.06792e-05
6.82785e-05
7.49736e-05
8.06393e-05
8.52099e-05
8.86647e-05
9.1016e-05
9.22986e-05
9.25304e-05
9.18319e-05
9.0269e-05
8.79025e-05
8.48043e-05
8.10723e-05
7.68035e-05
7.21035e-05
6.70747e-05
6.1773e-05
5.62791e-05
5.07987e-05
4.55093e-05
4.05313e-05
3.5922e-05
3.17371e-05
2.80008e-05
2.47496e-05
2.19919e-05
1.97109e-05
1.78663e-05
1.64353e-05
1.53574e-05
1.45878e-05
1.4041e-05
1.36741e-05
1.34431e-05
1.33043e-05
1.32185e-05
1.31508e-05
1.30701e-05
1.29496e-05
1.27658e-05
1.24995e-05
1.21256e-05
1.16403e-05
1.10594e-05
1.03661e-05
9.58666e-06
8.69775e-06
7.74416e-06
6.75603e-06
5.76638e-06
4.80877e-06
3.91324e-06
3.10253e-06
2.38968e-06
1.77807e-06
1.26384e-06
8.39913e-07
5.00791e-07
2.45533e-07
8.35872e-08
1.24453e-08
7.72803e-11
3.21717e-10
5.49786e-08
4.19364e-07
1.48218e-06
3.63146e-06
7.15056e-06
1.21491e-05
1.85364e-05
2.60504e-05
3.43034e-05
4.28813e-05
5.13882e-05
5.947e-05
6.686e-05
7.33724e-05
7.88926e-05
8.33639e-05
8.67725e-05
8.91359e-05
9.04932e-05
9.08795e-05
9.03801e-05
8.90808e-05
8.70445e-05
8.43275e-05
8.10199e-05
7.72002e-05
7.29159e-05
6.82192e-05
6.33127e-05
5.83654e-05
5.34567e-05
4.86546e-05
4.40086e-05
3.96105e-05
3.55324e-05
3.18236e-05
2.85225e-05
2.56523e-05
2.32139e-05
2.11883e-05
1.95492e-05
1.82559e-05
1.72626e-05
1.6518e-05
1.59676e-05
1.55718e-05
1.52879e-05
1.50766e-05
1.49021e-05
1.4732e-05
1.4537e-05
1.42912e-05
1.39725e-05
1.35623e-05
1.30318e-05
1.23997e-05
1.16532e-05
1.07962e-05
9.84721e-06
8.79915e-06
7.69896e-06
6.58177e-06
5.48648e-06
4.45129e-06
3.5085e-06
2.67979e-06
1.97383e-06
1.38809e-06
9.13406e-07
5.40342e-07
2.6369e-07
8.97482e-08
1.3396e-08
8.34719e-11
3.23911e-10
5.53257e-08
4.21369e-07
1.48598e-06
3.63094e-06
7.12819e-06
1.20726e-05
1.83615e-05
2.57277e-05
3.37992e-05
4.21545e-05
5.0415e-05
5.82489e-05
6.5404e-05
7.17098e-05
7.70656e-05
8.14255e-05
8.47833e-05
8.71592e-05
8.85955e-05
8.91503e-05
8.88695e-05
8.78713e-05
8.62096e-05
8.39429e-05
8.11029e-05
7.77341e-05
7.39666e-05
6.99352e-05
6.5723e-05
6.13809e-05
5.69588e-05
5.25432e-05
4.82061e-05
4.40236e-05
4.00743e-05
3.64195e-05
3.31011e-05
3.01421e-05
2.75518e-05
2.53259e-05
2.34485e-05
2.18953e-05
2.06341e-05
1.96195e-05
1.88138e-05
1.81741e-05
1.76645e-05
1.72506e-05
1.68955e-05
1.65664e-05
1.62334e-05
1.58692e-05
1.54496e-05
1.49535e-05
1.43612e-05
1.36593e-05
1.28512e-05
1.19277e-05
1.09035e-05
9.78784e-06
8.59604e-06
7.37234e-06
6.15695e-06
4.99347e-06
3.92292e-06
2.97704e-06
2.17319e-06
1.51259e-06
9.85215e-07
5.7775e-07
2.80137e-07
9.5135e-08
1.42078e-08
8.87641e-11
3.27568e-10
5.59277e-08
4.25427e-07
1.49741e-06
3.64947e-06
7.14231e-06
1.2056e-05
1.82706e-05
2.55009e-05
3.33763e-05
4.14809e-05
4.945e-05
5.6974e-05
6.38212e-05
6.98433e-05
7.49598e-05
7.9144e-05
8.24091e-05
8.48013e-05
8.63737e-05
8.7184e-05
8.72636e-05
8.66474e-05
8.53584e-05
8.34672e-05
8.1075e-05
7.82913e-05
7.51947e-05
7.18225e-05
6.81862e-05
6.43542e-05
6.03912e-05
5.63746e-05
5.23865e-05
4.85006e-05
4.47722e-05
4.12511e-05
3.79779e-05
3.49818e-05
3.22805e-05
2.98805e-05
2.77778e-05
2.59593e-05
2.44194e-05
2.3108e-05
2.2003e-05
2.10756e-05
2.02873e-05
1.96045e-05
1.90105e-05
1.84646e-05
1.79393e-05
1.7407e-05
1.68428e-05
1.62241e-05
1.55314e-05
1.47496e-05
1.38688e-05
1.28823e-05
1.17918e-05
1.06162e-05
9.35998e-06
8.05923e-06
6.75365e-06
5.4881e-06
4.30903e-06
3.25731e-06
2.36067e-06
1.62775e-06
1.04984e-06
6.10353e-07
2.94006e-07
9.93036e-08
1.47833e-08
9.24632e-11
3.33678e-10
5.69599e-08
4.32953e-07
1.52157e-06
3.69893e-06
7.21355e-06
1.21226e-05
1.82876e-05
2.54045e-05
3.30657e-05
4.08712e-05
4.8491e-05
5.56414e-05
6.21228e-05
6.78161e-05
7.26676e-05
7.66661e-05
7.98261e-05
8.21736e-05
8.37403e-05
8.45418e-05
8.46611e-05
8.41758e-05
8.31761e-05
8.17412e-05
7.9902e-05
7.76915e-05
7.51235e-05
7.22531e-05
6.91219e-05
6.5795e-05
6.2343e-05
5.88297e-05
5.53009e-05
5.18079e-05
4.83997e-05
4.51193e-05
4.20039e-05
3.90834e-05
3.63796e-05
3.39062e-05
3.16683e-05
2.96635e-05
2.78985e-05
2.63411e-05
2.49685e-05
2.37664e-05
2.271e-05
2.17747e-05
2.09262e-05
2.01449e-05
1.94127e-05
1.86963e-05
1.79721e-05
1.72176e-05
1.64125e-05
1.55391e-05
1.45907e-05
1.35492e-05
1.24128e-05
1.11913e-05
9.89879e-06
8.5562e-06
7.19905e-06
5.87036e-06
4.61736e-06
3.48629e-06
2.51388e-06
1.71924e-06
1.09851e-06
6.33227e-07
3.01561e-07
1.01094e-07
1.49897e-08
9.38329e-11
3.43234e-10
5.86028e-08
4.45417e-07
1.56347e-06
3.78971e-06
7.35587e-06
1.22835e-05
1.83842e-05
2.53275e-05
3.27104e-05
4.01316e-05
4.72626e-05
5.38444e-05
5.97246e-05
6.48169e-05
6.9081e-05
7.25212e-05
7.51765e-05
7.70988e-05
7.83549e-05
7.90359e-05
7.9199e-05
7.88884e-05
7.81515e-05
7.70106e-05
7.54978e-05
7.36578e-05
7.154e-05
6.91775e-05
6.66283e-05
6.3921e-05
6.10933e-05
5.8184e-05
5.52312e-05
5.22608e-05
4.9328e-05
4.64577e-05
4.368e-05
4.10215e-05
3.85045e-05
3.61452e-05
3.39538e-05
3.19349e-05
3.00969e-05
2.8433e-05
2.69196e-05
2.55527e-05
2.43164e-05
2.31932e-05
2.21633e-05
2.12072e-05
2.03051e-05
1.94353e-05
1.85769e-05
1.77093e-05
1.68138e-05
1.58725e-05
1.48697e-05
1.37931e-05
1.26373e-05
1.14104e-05
1.0117e-05
8.77368e-06
7.41005e-06
6.06754e-06
4.78874e-06
3.62011e-06
2.60392e-06
1.76862e-06
1.11995e-06
6.39843e-07
3.0269e-07
1.0106e-07
1.49127e-08
9.33577e-11
3.56733e-10
6.0954e-08
4.63556e-07
1.62442e-06
3.91832e-06
7.54376e-06
1.24592e-05
1.84027e-05
2.49725e-05
3.17399e-05
3.83508e-05
4.45087e-05
5.0028e-05
5.48077e-05
5.88197e-05
6.2087e-05
6.46578e-05
6.65902e-05
6.79499e-05
6.88025e-05
6.92062e-05
6.92044e-05
6.88412e-05
6.81689e-05
6.72262e-05
6.60495e-05
6.46681e-05
6.30996e-05
6.13725e-05
5.95097e-05
5.75109e-05
5.54127e-05
5.32348e-05
5.1e-05
4.8731e-05
4.64529e-05
4.41885e-05
4.19573e-05
3.97771e-05
3.76734e-05
3.56565e-05
3.3739e-05
3.19286e-05
3.02301e-05
2.86478e-05
2.71824e-05
2.58186e-05
2.45518e-05
2.33742e-05
2.22743e-05
2.12394e-05
2.02555e-05
1.93069e-05
1.83774e-05
1.7451e-05
1.65151e-05
1.55513e-05
1.45425e-05
1.34727e-05
1.23243e-05
1.11022e-05
9.82661e-06
8.5181e-06
7.20169e-06
5.91559e-06
4.68942e-06
3.56102e-06
2.5683e-06
1.74128e-06
1.09381e-06
6.19277e-07
2.94482e-07
9.80692e-08
1.43785e-08
8.98708e-11
3.73021e-10
6.38119e-08
4.85275e-07
1.69204e-06
4.03584e-06
7.63694e-06
1.23335e-05
1.77458e-05
2.34382e-05
2.90237e-05
3.41946e-05
3.87706e-05
4.26756e-05
4.59065e-05
4.8504e-05
5.053e-05
5.20528e-05
5.31406e-05
5.3849e-05
5.42311e-05
5.4349e-05
5.4249e-05
5.39698e-05
5.35307e-05
5.29482e-05
5.22356e-05
5.14034e-05
5.04596e-05
4.94119e-05
4.82658e-05
4.70413e-05
4.5744e-05
4.43636e-05
4.29247e-05
4.14377e-05
3.99156e-05
3.83712e-05
3.68178e-05
3.52683e-05
3.3729e-05
3.22177e-05
3.07475e-05
2.93226e-05
2.79495e-05
2.66328e-05
2.53753e-05
2.41765e-05
2.30348e-05
2.19469e-05
2.09073e-05
1.99133e-05
1.89572e-05
1.80285e-05
1.71143e-05
1.61986e-05
1.52642e-05
1.43015e-05
1.33046e-05
1.22744e-05
1.12232e-05
1.01376e-05
9.0124e-06
7.85744e-06
6.68518e-06
5.51538e-06
4.38066e-06
3.3228e-06
2.38702e-06
1.61062e-06
1.01039e-06
5.7565e-07
2.74943e-07
9.16589e-08
1.33439e-08
8.30344e-11
3.87036e-10
6.6211e-08
5.00625e-07
1.71642e-06
3.98102e-06
7.25859e-06
1.12381e-05
1.55174e-05
1.96832e-05
2.3453e-05
2.66875e-05
2.93568e-05
3.14946e-05
3.31653e-05
3.44443e-05
3.53993e-05
3.60814e-05
3.65586e-05
3.68889e-05
3.71083e-05
3.72285e-05
3.72613e-05
3.72163e-05
3.70996e-05
3.69149e-05
3.66641e-05
3.63485e-05
3.59682e-05
3.55234e-05
3.50145e-05
3.44421e-05
3.38053e-05
3.31381e-05
3.24028e-05
3.16098e-05
3.07721e-05
2.98956e-05
2.89862e-05
2.80497e-05
2.7086e-05
2.61187e-05
2.51465e-05
2.41754e-05
2.32112e-05
2.22587e-05
2.13219e-05
2.04036e-05
1.95058e-05
1.86291e-05
1.77731e-05
1.69359e-05
1.61131e-05
1.52941e-05
1.44777e-05
1.36621e-05
1.28437e-05
1.20182e-05
1.11812e-05
1.03275e-05
9.45012e-06
8.5482e-06
7.62197e-06
6.67485e-06
5.71447e-06
4.75419e-06
3.81423e-06
2.92322e-06
2.11722e-06
1.43143e-06
8.90151e-07
4.98474e-07
2.378e-07
8.00174e-08
1.16506e-08
7.20193e-11
3.87667e-10
6.60523e-08
4.89753e-07
1.6115e-06
3.52185e-06
5.99651e-06
8.67585e-06
1.12217e-05
1.34503e-05
1.53016e-05
1.67936e-05
1.79789e-05
1.89102e-05
1.9636e-05
2.02127e-05
2.06807e-05
2.10715e-05
2.13993e-05
2.16731e-05
2.19006e-05
2.20887e-05
2.2241e-05
2.23586e-05
2.2442e-05
2.24903e-05
2.25025e-05
2.24772e-05
2.24128e-05
2.2308e-05
2.21613e-05
2.19712e-05
2.17357e-05
2.14738e-05
2.11752e-05
2.08231e-05
2.0435e-05
2.00119e-05
1.95474e-05
1.90596e-05
1.85472e-05
1.80131e-05
1.74612e-05
1.68951e-05
1.63185e-05
1.57347e-05
1.51465e-05
1.45563e-05
1.39659e-05
1.33766e-05
1.27887e-05
1.22017e-05
1.16136e-05
1.10216e-05
1.04267e-05
9.82885e-06
9.2275e-06
8.62161e-06
8.0098e-06
7.39045e-06
6.7618e-06
6.1226e-06
5.47232e-06
4.81162e-06
4.14326e-06
3.47335e-06
2.81318e-06
2.17912e-06
1.59236e-06
1.08061e-06
6.68309e-07
3.69266e-07
1.75478e-07
6.08789e-08
9.12697e-09
5.62535e-11
3.57378e-10
5.95337e-08
4.11105e-07
1.20566e-06
2.32816e-06
3.53439e-06
4.64824e-06
5.59893e-06
6.38395e-06
7.02274e-06
7.5402e-06
7.97166e-06
8.34196e-06
8.66804e-06
8.95737e-06
9.21595e-06
9.44833e-06
9.65736e-06
9.84477e-06
1.0012e-05
1.01604e-05
1.02911e-05
1.04046e-05
1.0501e-05
1.05802e-05
1.06419e-05
1.06855e-05
1.07105e-05
1.07161e-05
1.07012e-05
1.06639e-05
1.06078e-05
1.05401e-05
1.04472e-05
1.03264e-05
1.01871e-05
1.00289e-05
9.8504e-06
9.65306e-06
9.43811e-06
9.20684e-06
8.96069e-06
8.7011e-06
8.42963e-06
8.14795e-06
7.85767e-06
7.56035e-06
7.25744e-06
6.95023e-06
6.6396e-06
6.32624e-06
6.01143e-06
5.69788e-06
5.38486e-06
5.07188e-06
4.7585e-06
4.44434e-06
4.12897e-06
3.81192e-06
3.49266e-06
3.17066e-06
2.84544e-06
2.51671e-06
2.18464e-06
1.85039e-06
1.517e-06
1.19086e-06
8.82428e-07
6.0522e-07
3.75642e-07
2.05696e-07
9.63478e-08
3.51596e-08
5.85761e-09
3.65759e-11
2.51937e-10
3.69318e-08
1.94238e-07
4.33959e-07
6.80401e-07
8.99462e-07
1.08565e-06
1.24294e-06
1.37675e-06
1.49212e-06
1.59318e-06
1.68184e-06
1.75996e-06
1.82909e-06
1.89047e-06
1.94505e-06
1.9936e-06
2.03676e-06
2.07506e-06
2.10896e-06
2.13882e-06
2.16492e-06
2.18748e-06
2.20662e-06
2.22244e-06
2.23496e-06
2.24416e-06
2.24998e-06
2.25225e-06
2.25013e-06
2.24642e-06
2.23826e-06
2.22579e-06
2.20999e-06
2.1902e-06
2.16645e-06
2.13881e-06
2.1073e-06
2.072e-06
2.03305e-06
1.9906e-06
1.94485e-06
1.89607e-06
1.84452e-06
1.79047e-06
1.73419e-06
1.67596e-06
1.61605e-06
1.55472e-06
1.49161e-06
1.42648e-06
1.35971e-06
1.29181e-06
1.22318e-06
1.15408e-06
1.08465e-06
1.01497e-06
9.45079e-07
8.74954e-07
8.04546e-07
7.33761e-07
6.62468e-07
5.90508e-07
5.17723e-07
4.44019e-07
3.69535e-07
2.94949e-07
2.21956e-07
1.53757e-07
9.51391e-08
5.08147e-08
2.26304e-08
7.98755e-09
1.67959e-09
1.47789e-11
4.39157e-11
1.28715e-09
2.64412e-09
4.01189e-09
5.3126e-09
6.51214e-09
7.60551e-09
8.59968e-09
9.50376e-09
1.03262e-08
1.10742e-08
1.17532e-08
1.23685e-08
1.29249e-08
1.34276e-08
1.38812e-08
1.42895e-08
1.46558e-08
1.4983e-08
1.52738e-08
1.55308e-08
1.57563e-08
1.5952e-08
1.61195e-08
1.626e-08
1.63744e-08
1.64632e-08
1.65269e-08
1.65653e-08
1.65731e-08
1.65625e-08
1.65308e-08
1.64684e-08
1.63801e-08
1.6266e-08
1.61259e-08
1.59596e-08
1.57672e-08
1.55492e-08
1.53059e-08
1.50381e-08
1.47467e-08
1.44329e-08
1.40981e-08
1.37438e-08
1.33715e-08
1.29828e-08
1.25794e-08
1.2163e-08
1.17409e-08
1.1316e-08
1.08852e-08
1.04476e-08
1.00036e-08
9.55402e-09
9.09929e-09
8.63987e-09
8.1759e-09
7.7072e-09
7.23322e-09
6.753e-09
6.265e-09
5.76708e-09
5.25627e-09
4.72873e-09
4.18e-09
3.60595e-09
3.0054e-09
2.38528e-09
1.7676e-09
1.19303e-09
7.12345e-10
3.63274e-10
1.46448e-10
4.91102e-12
)
;

boundaryField
{
    movingWall
    {
        type            nutkWallFunction;
        Cmu             0.09;
        kappa           0.41;
        E               9.8;
        value           uniform 0;
    }
    fixedWalls
    {
        type            nutkWallFunction;
        Cmu             0.09;
        kappa           0.41;
        E               9.8;
        value           uniform 0;
    }
    frontAndBack
    {
        type            empty;
    }
}


// ************************************************************************* //
