/*--------------------------------*- C++ -*----------------------------------*\
  =========                 |
  \\      /  F ield         | OpenFOAM: The Open Source CFD Toolbox
   \\    /   O peration     | Website:  https://openfoam.org
    \\  /    A nd           | Version:  12
     \\/     M anipulation  |
\*---------------------------------------------------------------------------*/
FoamFile
{
    format      ascii;
    class       volScalarField;
    location    "9.5";
    object      p;
}
// * * * * * * * * * * * * * * * * * * * * * * * * * * * * * * * * * * * * * //

dimensions      [0 2 -2 0 0 0 0];

internalField   nonuniform List<scalar> 
5625
(
-2.63847e-09
-1.83411e-05
-9.33301e-05
-0.000227729
-0.000405934
-0.000612969
-0.000836328
-0.00106555
-0.00129213
-0.00150931
-0.00171185
-0.00189571
-0.00205788
-0.00219611
-0.00230878
-0.00239473
-0.00245315
-0.0024835
-0.00248538
-0.00245857
-0.00240291
-0.00231833
-0.00220479
-0.00206237
-0.00189118
-0.00169143
-0.00146347
-0.00120778
-0.000925006
-0.000616
-0.000281846
7.61145e-05
0.000456262
0.000856676
0.00127512
0.00170903
0.00215551
0.00261139
0.00307323
0.00353719
0.00399929
0.00445532
0.00490095
0.00533174
0.00574325
0.00613109
0.006491
0.00681896
0.00711123
0.00736444
0.00757573
0.00774273
0.00786371
0.00793758
0.00796399
0.00794332
0.00787674
0.00776622
0.00761449
0.00742507
0.00720224
0.00695099
0.006677
0.00638657
0.00608663
0.0057846
0.00548846
0.00520658
0.00494769
0.00472074
0.00453449
0.00439709
0.00431539
0.0042918
0.00430696
1.81662e-05
-2.50481e-07
-6.71178e-05
-0.000185134
-0.000341124
-0.000522691
-0.000719393
-0.000922286
-0.00112387
-0.00131801
-0.00149982
-0.00166545
-0.00181194
-0.00193703
-0.00203901
-0.00211664
-0.002169
-0.00219542
-0.00219545
-0.00216874
-0.00211508
-0.00203433
-0.00192644
-0.00179141
-0.00162937
-0.0014405
-0.00122514
-0.000983746
-0.000716952
-0.000425585
-0.000110688
0.000226452
0.000584289
0.000960994
0.00135445
0.00176222
0.00218158
0.00260959
0.00304295
0.00347808
0.00391128
0.00433862
0.00475604
0.00515943
0.00554465
0.00590764
0.00624446
0.00655138
0.00682496
0.00706212
0.00726023
0.00741716
0.00753134
0.00760185
0.0076284
0.00761144
0.00755213
0.00745236
0.00731475
0.00714264
0.00694007
0.00671171
0.00646286
0.00619941
0.00592772
0.00565464
0.00538738
0.00513348
0.00490067
0.00469669
0.00452895
0.00440423
0.00432874
0.0043066
0.00432199
9.34171e-05
6.63452e-05
-1.07793e-06
-0.000109753
-0.000249312
-0.000410124
-0.000583853
-0.000763134
-0.000941607
-0.00111393
-0.00127574
-0.0014235
-0.00155441
-0.0016663
-0.00175748
-0.00182665
-0.00187286
-0.00189537
-0.00189364
-0.00186727
-0.00181598
-0.00173959
-0.00163797
-0.00151112
-0.00135911
-0.00118211
-0.000980409
-0.000754442
-0.000504803
-0.000232267
6.21797e-05
0.000377328
0.000711721
0.00106364
0.0014311
0.00181183
0.0022033
0.00260273
0.00300702
0.00341288
0.00381685
0.00421527
0.00460438
0.00498035
0.00533935
0.0056776
0.00599148
0.00627754
0.00653261
0.00675387
0.00693891
0.0070858
0.00719314
0.00726011
0.00728653
0.00727287
0.00722027
0.00713055
0.0070062
0.00685039
0.00666689
0.00646007
0.00623487
0.00599668
0.00575136
0.00550511
0.00526441
0.00503596
0.0048265
0.00464267
0.00449073
0.00437636
0.00430546
0.00428398
0.0042989
0.000229458
0.000184818
0.000106208
-3.67773e-06
-0.000137448
-0.000287768
-0.000447953
-0.000611982
-0.000774568
-0.000931192
-0.00107808
-0.00121212
-0.00133083
-0.00143221
-0.0015147
-0.00157706
-0.00161835
-0.00163784
-0.00163497
-0.00160932
-0.00156056
-0.00148846
-0.00139288
-0.00127376
-0.00113113
-0.00096511
-0.000775948
-0.000564023
-0.000329867
-7.41899e-05
0.000202103
0.000497892
0.000811821
0.00114229
0.00148744
0.00184515
0.00221305
0.00258851
0.00296863
0.00335034
0.00373036
0.00410524
0.00447144
0.00482536
0.00516338
0.00548195
0.00577764
0.00604721
0.00628768
0.0064964
0.0066711
0.00680999
0.00691177
0.00697569
0.00700163
0.00699004
0.00694205
0.00685942
0.00674452
0.00660035
0.0064305
0.00623909
0.00603071
0.00581041
0.00558358
0.00535592
0.00513332
0.00492178
0.00472731
0.00455579
0.00441272
0.00430319
0.00423291
0.00420852
0.00421891
0.00041184
0.000342845
0.000245056
0.000126329
-9.13793e-06
-0.000156168
-0.000309476
-0.000464231
-0.000616165
-0.000761577
-0.000897332
-0.00102083
-0.00112992
-0.0012229
-0.00129839
-0.00135529
-0.00139274
-0.00141004
-0.00140667
-0.0013822
-0.00133628
-0.00126866
-0.00117916
-0.00106768
-0.00093419
-0.00077876
-0.000601575
-0.000402943
-0.000183321
5.66682e-05
0.000316212
0.000594292
0.000889667
0.00120086
0.00152613
0.00186352
0.00221077
0.00256544
0.00292478
0.00328588
0.00364562
0.00400075
0.00434787
0.00468355
0.00500435
0.00530685
0.00558778
0.00584402
0.00607273
0.00627136
0.00643774
0.00657015
0.00666734
0.00672861
0.00675383
0.00674347
0.00669861
0.00662093
0.00651272
0.00637683
0.00621669
0.00603618
0.00583965
0.00563182
0.00541771
0.00520259
0.00499184
0.00479094
0.0046053
0.00444017
0.00430051
0.00419096
0.00411679
0.00408414
0.00408442
0.000626515
0.000528647
0.000406209
0.000273195
0.000130622
-1.83839e-05
-0.000169773
-0.000319796
-0.000465139
-0.000602904
-0.000730611
-0.000846175
-0.000947877
-0.00103431
-0.00110434
-0.00115705
-0.0011917
-0.00120768
-0.0012045
-0.00118175
-0.0011391
-0.00107627
-0.000993043
-0.000889271
-0.000764875
-0.000619859
-0.000454331
-0.000268516
-6.27813e-05
0.000162349
0.000406168
0.000667772
0.000946037
0.00123961
0.0015469
0.00186606
0.00219499
0.00253137
0.00287262
0.00321595
0.00355839
0.0038968
0.00422795
0.0045485
0.00485512
0.00514453
0.00541352
0.00565907
0.0058784
0.00606902
0.0062288
0.00635606
0.00644957
0.00650863
0.00653309
0.0065234
0.00648058
0.00640624
0.00630259
0.00617236
0.0060188
0.00584564
0.00565699
0.00545731
0.0052513
0.00504386
0.00483998
0.00464467
0.00446284
0.00429925
0.00415838
0.00404446
0.00396206
0.00391615
0.00390139
0.000861444
0.00073197
0.000581288
0.000430049
0.00027625
0.000121132
-3.23458e-05
-0.000181401
-0.000323611
-0.000456845
-0.000579264
-0.000689318
-0.000785719
-0.000867409
-0.000933523
-0.000983348
-0.0010163
-0.00103187
-0.00102965
-0.00100926
-0.000970376
-0.000912708
-0.000836011
-0.000740087
-0.000624795
-0.000490067
-0.000335926
-0.000162504
2.99344e-05
0.000240975
0.000470028
0.000716311
0.000978827
0.00125635
0.00154743
0.00185034
0.00216313
0.00248359
0.00280926
0.0031375
0.00346542
0.00379001
0.00410811
0.00441647
0.00471184
0.00499098
0.00525074
0.00548814
0.00570041
0.00588507
0.00604001
0.00616351
0.00625434
0.00631177
0.00633561
0.00632625
0.00628465
0.00621236
0.00611149
0.00598466
0.00583501
0.00566608
0.00548182
0.00528645
0.00508444
0.00488037
0.0046789
0.00448466
0.00430217
0.00413576
0.00398952
0.00386726
0.00377278
0.00370958
0.00367611
0.00110603
0.000943531
0.000762399
0.000590197
0.000422122
0.000257702
9.895e-05
-5.22216e-05
-0.000194207
-0.000325597
-0.000445175
-0.000551916
-0.00064497
-0.000723639
-0.000787344
-0.0008356
-0.000867988
-0.000884138
-0.000883706
-0.00086637
-0.000831821
-0.000779764
-0.000709921
-0.000622045
-0.00051593
-0.000391427
-0.000248465
-8.70755e-05
9.25922e-05
0.000290242
0.000505409
0.000737442
0.000985476
0.00124842
0.00152495
0.00181347
0.00211216
0.00241892
0.00273141
0.00304708
0.00336313
0.00367663
0.00398447
0.00428346
0.00457038
0.00484199
0.00509517
0.00532691
0.00553443
0.00571521
0.0058671
0.00598833
0.00607762
0.00613417
0.00615772
0.00614861
0.00610771
0.0060365
0.00593697
0.00581168
0.00566363
0.00549625
0.00531332
0.0051189
0.00491723
0.00471269
0.00450966
0.00431246
0.00412531
0.00395219
0.00379685
0.00366277
0.00355294
0.00346932
0.00341459
0.00135099
0.00115492
0.00094214
0.000747189
0.000562678
0.000386589
0.000220103
6.43593e-05
-7.97863e-05
-0.000211601
-0.000330458
-0.000435841
-0.000527333
-0.000604594
-0.000667341
-0.000715321
-0.000748298
-0.000766031
-0.00076827
-0.000754746
-0.000725171
-0.000679243
-0.000616655
-0.000537106
-0.000440319
-0.000326058
-0.000194154
-4.45227e-05
0.000122805
0.000307662
0.000509718
0.000728456
0.00096315
0.00121285
0.00147634
0.00175219
0.00203867
0.00233379
0.00263532
0.00294078
0.00324745
0.00355244
0.00385267
0.00414498
0.00442614
0.00469289
0.00494206
0.00517062
0.00537569
0.00555471
0.00570543
0.00582601
0.00591505
0.00597167
0.00599552
0.00598684
0.00594642
0.00587563
0.0057764
0.00565116
0.00550283
0.00533474
0.00515053
0.00495413
0.00474965
0.00454126
0.00433315
0.00412943
0.00393406
0.00375077
0.00358306
0.00343413
0.00330625
0.00319987
0.00312215
0.00158815
0.00135854
0.00111363
0.000894863
0.000692465
0.000503007
0.000326941
0.000164708
1.64763e-05
-0.00011765
-0.0002376
-0.000343346
-0.000434888
-0.000512241
-0.000575409
-0.000624376
-0.000659086
-0.000679435
-0.000685265
-0.000676363
-0.000652463
-0.000613256
-0.0005584
-0.000487538
-0.000400316
-0.000296406
-0.00017553
-3.74839e-05
0.00011783
0.000290382
0.000479981
0.000686254
0.000908616
0.00114625
0.0013981
0.00166283
0.00193883
0.00222423
0.00251687
0.00281433
0.00311396
0.00341289
0.00370805
0.00399627
0.00427427
0.00453876
0.00478649
0.00501433
0.00521933
0.00539879
0.00555034
0.00567201
0.00576228
0.00582015
0.00584515
0.00583738
0.00579753
0.00572688
0.00562723
0.00550096
0.00535087
0.00518021
0.00499253
0.00479167
0.00458161
0.00436642
0.00415015
0.00393675
0.00373003
0.00353352
0.00335056
0.00318417
0.00303597
0.00290504
0.00280316
0.00181024
0.00154749
0.00127046
0.00102736
0.000806173
0.000602182
0.000415187
0.000244998
9.11494e-05
-4.68413e-05
-0.000169428
-0.000277042
-0.000370086
-0.000448911
-0.000513807
-0.000564983
-0.000602563
-0.000626574
-0.00063695
-0.00063353
-0.000616067
-0.000584241
-0.000537673
-0.000475943
-0.000398615
-0.000305261
-0.000195487
-6.89623e-05
7.45494e-05
0.000235161
0.000412831
0.000607334
0.000818234
0.00104486
0.00128628
0.0015413
0.00180841
0.00208584
0.0023715
0.00266305
0.00295786
0.00325306
0.00354559
0.00383223
0.00410964
0.00437446
0.00462333
0.00485298
0.00506033
0.00524253
0.00539706
0.00552177
0.00561499
0.00567554
0.0057028
0.00569673
0.00565789
0.00558742
0.00548704
0.00535901
0.00520607
0.00503139
0.00483845
0.00463102
0.00441303
0.00418846
0.00396131
0.00373545
0.00351457
0.00330213
0.00310138
0.00291525
0.00274483
0.00258795
0.00246108
0.00201071
0.00171547
0.00140667
0.00113911
0.000898656
0.000679391
0.000480523
0.000301283
0.000140617
-2.50538e-06
-0.00012903
-0.000239825
-0.000335671
-0.000417244
-0.0004851
-0.000539668
-0.00058124
-0.00060997
-0.000625875
-0.000628843
-0.000618639
-0.000594928
-0.000557285
-0.000505223
-0.000438217
-0.000355731
-0.000257247
-0.000142299
-1.05064e-05
0.000138396
0.000304524
0.000487807
0.000687964
0.000904472
0.00113654
0.00138309
0.00164274
0.00191381
0.00219428
0.00248186
0.00277394
0.00306765
0.00335991
0.00364744
0.00392681
0.00419455
0.00444716
0.00468122
0.00489347
0.00508088
0.00524071
0.00537063
0.00546874
0.00553368
0.00556464
0.00556139
0.00552434
0.00545448
0.00535341
0.0052233
0.0050668
0.00488702
0.0046874
0.00447167
0.00424374
0.00400758
0.00376717
0.00352636
0.00328884
0.00305804
0.00283722
0.00262933
0.00243502
0.00225101
0.00209849
0.00218355
0.00185664
0.00151667
0.00122481
0.000964936
0.000729986
0.000518626
0.000329544
0.000161136
1.18578e-05
-0.000119701
-0.000234819
-0.000334636
-0.00042013
-0.000492112
-0.000551215
-0.00059789
-0.000632405
-0.000654853
-0.000665161
-0.000663101
-0.000648312
-0.000620319
-0.00057856
-0.00052241
-0.000451219
-0.000364338
-0.000261157
-0.000141141
-3.86344e-06
0.000150954
0.000323407
0.000513375
0.000720489
0.000944104
0.00118327
0.00143674
0.00170289
0.00197981
0.00226523
0.00255657
0.00285095
0.00314524
0.00343608
0.00371995
0.00399322
0.00425225
0.00449342
0.00471326
0.00490851
0.00507619
0.00521373
0.00531898
0.00539033
0.00542675
0.0054278
0.00539368
0.00532523
0.00522392
0.00509178
0.0049314
0.00474582
0.00453847
0.00431306
0.00407353
0.00382388
0.00356811
0.00331016
0.00305376
0.0028024
0.00255945
0.00232794
0.00210821
0.00189598
0.0017172
0.0023232
0.00196553
0.00159516
0.00127941
0.0010002
0.000749419
0.000525202
0.000325733
0.000148884
-7.37335e-06
-0.000144888
-0.000265328
-0.000370167
-0.000460671
-0.000537887
-0.000602637
-0.000655514
-0.000696893
-0.00072693
-0.00074558
-0.000752614
-0.000747635
-0.000730111
-0.000699392
-0.000654751
-0.000595412
-0.000520585
-0.000429508
-0.000321482
-0.000195911
-5.23428e-05
0.000109492
0.000289644
0.000487908
0.000703791
0.000936487
0.00118485
0.00144739
0.00172223
0.00200718
0.00229965
0.00259676
0.00289531
0.00319186
0.00348277
0.00376425
0.00403246
0.00428356
0.00451385
0.00471978
0.0048981
0.00504595
0.00516089
0.00524102
0.00528503
0.00529224
0.00526261
0.00519678
0.00509606
0.00496235
0.00479816
0.00460647
0.0043907
0.00415459
0.00390211
0.00363735
0.00336443
0.00308738
0.00281006
0.00253613
0.00226912
0.00201226
0.00176565
0.00152408
0.00131834
0.00242441
0.00203702
0.00163716
0.00129807
0.000999817
0.000733247
0.000496012
0.000285804
9.99981e-05
-6.38983e-05
-0.000208149
-0.000334789
-0.000445608
-0.000542139
-0.000625648
-0.000697129
-0.000757308
-0.000806646
-0.000845353
-0.000873403
-0.000890551
-0.000896358
-0.000890221
-0.000871398
-0.000839046
-0.000792255
-0.000730087
-0.000651614
-0.000555965
-0.000442365
-0.000310175
-0.000158941
1.15677e-05
0.000201322
0.000409993
0.000636921
0.000881093
0.00114112
0.00141522
0.00170122
0.00199659
0.00229839
0.00260338
0.00290802
0.00320852
0.00350093
0.00378117
0.00404518
0.00428895
0.00450863
0.00470066
0.00486182
0.00498935
0.005081
0.00513514
0.00515077
0.00512761
0.00506605
0.0049672
0.00483281
0.00466529
0.00446757
0.00424306
0.00399556
0.00372911
0.00344792
0.00315628
0.00285838
0.00255831
0.00225993
0.00196703
0.00168312
0.00140814
0.00113604
0.000902531
0.00248228
0.00206624
0.00163791
0.00127616
0.000959298
0.000677149
0.000426891
0.000205747
1.06102e-05
-0.000161454
-0.000313107
-0.00044673
-0.00056441
-0.000667929
-0.000758755
-0.000838039
-0.000906621
-0.000965039
-0.00101354
-0.00105211
-0.00108047
-0.00109813
-0.00110441
-0.00109847
-0.00107933
-0.00104594
-0.000997197
-0.00093201
-0.000849318
-0.000748153
-0.000627681
-0.00048725
-0.000326433
-0.000145071
5.66834e-05
0.000278334
0.00051901
0.000777437
0.00105193
0.00134038
0.00164025
0.00194861
0.00226215
0.00257722
0.00288989
0.003196
0.00349125
0.00377128
0.00403178
0.00426854
0.00447764
0.00465546
0.00479884
0.00490516
0.00497239
0.0049992
0.00498495
0.00492977
0.00483452
0.0047008
0.00453087
0.00432761
0.00409444
0.00383521
0.00355408
0.00325542
0.00294372
0.00262344
0.00229891
0.0019743
0.00165374
0.00134108
0.00103619
0.000732212
0.000469914
0.00249209
0.00204857
0.00159287
0.00120927
0.000874334
0.000576935
0.000313773
8.16114e-05
-0.000123118
-0.00030378
-0.000463412
-0.000604727
-0.000730092
-0.000841521
-0.000940666
-0.00102882
-0.00110692
-0.00117558
-0.00123505
-0.00128532
-0.00132608
-0.00135678
-0.00137663
-0.00138467
-0.00137982
-0.00136085
-0.00132649
-0.00127547
-0.00120653
-0.00111849
-0.00101031
-0.000881119
-0.000730288
-0.000557452
-0.000362565
-0.000145947
9.16916e-05
0.000349213
0.000625035
0.000917117
0.00122296
0.00153963
0.00186374
0.00219155
0.00251896
0.00284161
0.00315494
0.00345428
0.00373497
0.00399241
0.00422225
0.00442045
0.00458338
0.00470796
0.00479173
0.00483294
0.00483056
0.00478438
0.00469499
0.00456377
0.00439282
0.00418497
0.00394362
0.00367269
0.00337648
0.00305959
0.00272674
0.00238271
0.00203216
0.00167963
0.00132965
0.000986508
0.000650053
0.000312642
2.03048e-05
0.00244939
0.0019796
0.00149772
0.00109314
0.000740783
0.000428555
0.000152701
-9.04666e-05
-0.000304968
-0.000494579
-0.000662704
-0.000812367
-0.000946202
-0.00106644
-0.00117489
-0.00127299
-0.00136176
-0.00144184
-0.00151352
-0.00157676
-0.0016312
-0.00167621
-0.00171092
-0.00173423
-0.0017449
-0.00174156
-0.00172274
-0.00168698
-0.00163281
-0.00155883
-0.00146377
-0.00134653
-0.00120626
-0.00104235
-0.000854563
-0.000643005
-0.000408209
-0.000151156
0.000126698
0.000423402
0.000736509
0.00106307
0.00139968
0.00174247
0.00208719
0.00242927
0.00276385
0.00308595
0.0033905
0.0036725
0.00392711
0.00414978
0.00433639
0.00448332
0.0045876
0.00464697
0.00465997
0.00462599
0.00454527
0.00441892
0.00424887
0.00403784
0.00378923
0.00350703
0.00319572
0.00286012
0.00250527
0.00213629
0.00175827
0.00137616
0.000995007
0.00061959
0.000249776
-0.000122843
-0.000446732
0.00234992
0.00185516
0.00134834
0.000923756
0.00055468
0.00022812
-6.01438e-05
-0.00031424
-0.000538629
-0.000737489
-0.000914574
-0.00107321
-0.00121627
-0.0013462
-0.00146497
-0.0015741
-0.00167471
-0.00176746
-0.00185266
-0.00193022
-0.00199973
-0.00206046
-0.00211144
-0.00215145
-0.00217907
-0.00219275
-0.00219086
-0.00217169
-0.00213356
-0.00207484
-0.00199401
-0.00188972
-0.00176087
-0.00160662
-0.00142646
-0.0012203
-0.000988451
-0.000731715
-0.000451396
-0.00014933
0.000172106
0.00050999
0.000860873
0.0012208
0.00158537
0.00194976
0.00230887
0.00265732
0.00298965
0.00330037
0.00358412
0.0038358
0.00405068
0.00422455
0.00435386
0.00443577
0.00446828
0.00445031
0.00438167
0.00426317
0.0040965
0.00388425
0.00362978
0.00333719
0.00301111
0.00265663
0.00227916
0.00188423
0.00147739
0.00106412
0.000650018
0.000240432
-0.000164697
-0.000574559
-0.000931795
0.00218962
0.00167124
0.00114084
0.000697263
0.000312249
-2.80901e-05
-0.000328426
-0.000593324
-0.000827676
-0.00103605
-0.00122253
-0.00139074
-0.00154378
-0.00168429
-0.00181438
-0.00193568
-0.00204934
-0.00215607
-0.00225616
-0.00234948
-0.00243555
-0.00251356
-0.00258239
-0.00264069
-0.00268687
-0.00271921
-0.00273584
-0.00273484
-0.0027143
-0.00267233
-0.00260714
-0.00251713
-0.0024009
-0.00225735
-0.00208571
-0.00188561
-0.00165715
-0.00140091
-0.001118
-0.000810122
-0.000479545
-0.000129144
0.000237619
0.000616716
0.00100359
0.00139321
0.00178016
0.0021587
0.00252292
0.00286681
0.00318444
0.00347007
0.00371832
0.0039243
0.00408376
0.00419321
0.00425002
0.00425253
0.00420009
0.00409307
0.0039329
0.00372197
0.00346361
0.00316196
0.00282186
0.0024487
0.00204826
0.00162657
0.0011897
0.000743718
0.000294849
-0.000150896
-0.000593475
-0.00104289
-0.00143556
0.00196467
0.0014241
0.000871518
0.000410039
9.91436e-06
-0.000343602
-0.000655633
-0.000931172
-0.00117553
-0.00139366
-0.00158996
-0.00176833
-0.00193212
-0.00208411
-0.00222655
-0.00236116
-0.00248915
-0.00261124
-0.00272768
-0.00283831
-0.00294256
-0.00303952
-0.00312794
-0.00320631
-0.00327287
-0.00332569
-0.0033627
-0.00338173
-0.00338061
-0.00335718
-0.00330938
-0.0032353
-0.00313325
-0.00300182
-0.00283995
-0.00264698
-0.00242273
-0.00216752
-0.00188226
-0.00156844
-0.00122822
-0.000864372
-0.000480348
-8.02272e-05
0.000331304
0.000749004
0.00116715
0.00157963
0.00198003
0.00236181
0.0027184
0.00304337
0.0033306
0.00357442
0.0037698
0.00391249
0.00399912
0.00402735
0.00399594
0.00390478
0.00375492
0.00354853
0.00328883
0.00298002
0.00262713
0.00223585
0.00181241
0.00136335
0.000895375
0.000415174
-7.02939e-05
-0.000554296
-0.00103665
-0.00152821
-0.00195872
0.00167145
0.0011102
0.000536924
5.86825e-05
-0.000355678
-0.000721736
-0.00104505
-0.00133105
-0.00158545
-0.00181355
-0.0020201
-0.00220924
-0.00238452
-0.00254891
-0.00270477
-0.0028539
-0.00299754
-0.00313642
-0.00327076
-0.00340034
-0.00352451
-0.00364224
-0.00375215
-0.00385256
-0.00394152
-0.00401691
-0.0040764
-0.00411759
-0.00413803
-0.00413527
-0.00410694
-0.00405082
-0.00396489
-0.00384741
-0.00369697
-0.0035126
-0.00329379
-0.00304058
-0.00275359
-0.00243411
-0.00208409
-0.00170619
-0.00130381
-0.000881039
-0.000442668
5.86325e-06
0.000458538
0.000908845
0.00134989
0.00177453
0.0021755
0.00254563
0.00287796
0.00316597
0.00340372
0.00358607
0.00370881
0.00376881
0.0037641
0.00369398
0.00355905
0.00336115
0.00310336
0.0027899
0.00242596
0.00201757
0.00157144
0.00109468
0.000594662
7.88096e-05
-0.00044512
-0.000969585
-0.00149423
-0.00203081
-0.00250188
0.00130659
0.000726253
0.000133845
-0.000359962
-0.000787646
-0.00116558
-0.00149975
-0.00179601
-0.00206046
-0.00229878
-0.00251599
-0.0027165
-0.00290406
-0.00308179
-0.00325217
-0.00341706
-0.00357773
-0.00373491
-0.00388879
-0.00403907
-0.00418503
-0.00432549
-0.00445895
-0.00458355
-0.00469716
-0.00479741
-0.00488176
-0.00494752
-0.00499197
-0.00501234
-0.00500594
-0.0049702
-0.00490274
-0.00480145
-0.00466455
-0.0044907
-0.00427904
-0.00402924
-0.00374162
-0.00341717
-0.00305763
-0.00266547
-0.00224397
-0.00179722
-0.00133006
-0.000848109
-0.000357658
0.000134387
0.000620625
0.00109328
0.00154438
0.0019659
0.00234998
0.00268913
0.00297639
0.00320562
0.00337161
0.00347028
0.00349883
0.00345584
0.00334132
0.0031567
0.00290484
0.00258992
0.0022173
0.00179333
0.00132522
0.000820717
0.000287917
-0.000264936
-0.000829198
-0.00139643
-0.00196608
-0.00255086
-0.00306551
0.000867019
0.000269251
-0.000340662
-0.00084879
-0.00128885
-0.00167796
-0.00202255
-0.00232886
-0.00260338
-0.00285213
-0.00308043
-0.00329293
-0.00349358
-0.00368562
-0.00387165
-0.00405358
-0.00423272
-0.00440978
-0.00458491
-0.00475775
-0.00492747
-0.00509278
-0.00525201
-0.00540314
-0.00554383
-0.0056715
-0.00578334
-0.00587639
-0.00594762
-0.00599393
-0.00601229
-0.00599974
-0.00595352
-0.00587112
-0.00575034
-0.00558943
-0.00538709
-0.00514263
-0.00485597
-0.00452776
-0.00415944
-0.00375326
-0.00331232
-0.00284062
-0.00234304
-0.00182533
-0.00129401
-0.000756391
-0.000220373
0.000305622
0.000812837
0.00129236
0.00173534
0.00213318
0.00247782
0.00276194
0.00297918
0.00312439
0.00319374
0.00318495
0.00309728
0.00293167
0.00269064
0.00237826
0.002
0.00156256
0.00107365
0.000541713
-2.43677e-05
-0.000615448
-0.0012219
-0.00183429
-0.00245182
-0.00308826
-0.00364984
0.000349916
-0.000263536
-0.000889255
-0.00141041
-0.00186186
-0.00226144
-0.00261599
-0.00293213
-0.00321674
-0.00347616
-0.00371599
-0.0039411
-0.00415564
-0.00436299
-0.00456583
-0.00476613
-0.00496523
-0.0051638
-0.00536198
-0.00555932
-0.00575489
-0.00594728
-0.00613466
-0.00631484
-0.00648527
-0.00664312
-0.00678534
-0.00690868
-0.00700977
-0.00708518
-0.0071315
-0.00714537
-0.00712361
-0.00706326
-0.00696168
-0.00681662
-0.00662634
-0.00638968
-0.00610613
-0.00577592
-0.00540012
-0.00498067
-0.00452045
-0.00402331
-0.00349408
-0.00293857
-0.00236356
-0.00177668
-0.00118634
-0.00060163
-3.21083e-05
0.000512357
0.00102182
0.00148652
0.00189711
0.00224495
0.00252239
0.00272298
0.00284173
0.00287526
0.00282198
0.00268213
0.00245779
0.00215284
0.0017728
0.00132468
0.00081671
0.000258058
-0.000341515
-0.000971887
-0.00162234
-0.00228234
-0.00295082
-0.00364266
-0.00425482
-0.000247199
-0.000874521
-0.00151428
-0.00204713
-0.00250896
-0.00291828
-0.00328232
-0.00360807
-0.00390278
-0.0041731
-0.00442489
-0.00466327
-0.00489252
-0.00511618
-0.00533701
-0.00555704
-0.00577761
-0.0059994
-0.00622248
-0.00644634
-0.00666995
-0.00689177
-0.00710982
-0.00732172
-0.00752472
-0.00771575
-0.00789148
-0.00804838
-0.00818272
-0.00829074
-0.0083686
-0.00841253
-0.00841888
-0.00838422
-0.0083054
-0.00817967
-0.00800474
-0.00777893
-0.00750123
-0.00717138
-0.00679
-0.00635865
-0.00587988
-0.00535732
-0.00479569
-0.00420082
-0.00357962
-0.00294005
-0.00229101
-0.00164223
-0.0010041
-0.000387512
0.000196443
0.000736691
0.00122249
0.00164372
0.00199123
0.00225709
0.00243492
0.00252007
0.00250986
0.00240368
0.00220299
0.00191137
0.00153431
0.00107908
0.000554431
-2.97038e-05
-0.000662624
-0.00133314
-0.00202932
-0.00273942
-0.00346207
-0.00421333
-0.00488003
-0.000926471
-0.00156578
-0.00221776
-0.00276093
-0.00323211
-0.00365042
-0.00402347
-0.00435861
-0.00466342
-0.00494487
-0.00520907
-0.00546134
-0.00570613
-0.00594712
-0.00618713
-0.00642825
-0.00667184
-0.00691857
-0.00716845
-0.00742091
-0.00767481
-0.0079285
-0.00817985
-0.00842629
-0.00866486
-0.00889225
-0.00910486
-0.00929883
-0.00947012
-0.00961456
-0.0097279
-0.00980592
-0.00984448
-0.00983962
-0.00978766
-0.00968525
-0.00952954
-0.00931825
-0.00904977
-0.00872329
-0.0083389
-0.00789766
-0.00740173
-0.00685442
-0.00626024
-0.00562495
-0.00495555
-0.00426024
-0.00354838
-0.00283032
-0.00211731
-0.00142126
-0.000754509
-0.000129536
0.00044137
0.000946452
0.00137485
0.00171694
0.0019647
0.00211198
0.0021548
0.00209143
0.00192258
0.00165132
0.00128302
0.000825144
0.000286956
-0.000320836
-0.000986526
-0.00169775
-0.00244126
-0.00320397
-0.00398411
-0.00479906
-0.00552457
-0.00168967
-0.00233904
-0.00300136
-0.00355344
-0.00403293
-0.00445946
-0.00484102
-0.00518531
-0.00550024
-0.00579303
-0.00607006
-0.00633684
-0.006598
-0.0068573
-0.00711767
-0.00738125
-0.00764941
-0.00792279
-0.0082014
-0.00848457
-0.00877108
-0.00905916
-0.00934652
-0.00963042
-0.00990769
-0.0101748
-0.0104278
-0.0106626
-0.0108748
-0.0110598
-0.0112128
-0.0113294
-0.0114046
-0.0114342
-0.0114136
-0.0113391
-0.0112071
-0.0110146
-0.0107594
-0.01044
-0.0100558
-0.00960744
-0.00909647
-0.00852578
-0.00789959
-0.00722348
-0.00650445
-0.00575087
-0.00497246
-0.0041802
-0.00338616
-0.0026033
-0.00184527
-0.00112602
-0.000459545
0.000140587
0.000661598
0.00109194
0.00142168
0.00164291
0.00175003
0.00174
0.00161248
0.00136988
0.0010173
0.000562275
1.4549e-05
-0.000614377
-0.00131173
-0.00206389
-0.00285614
-0.0036739
-0.00451499
-0.00539813
-0.00618701
-0.00253819
-0.00319562
-0.00386637
-0.00442594
-0.00491265
-0.00534664
-0.00573622
-0.00608941
-0.00641442
-0.00671875
-0.00700901
-0.0072909
-0.00756919
-0.00784778
-0.00812966
-0.00841703
-0.00871127
-0.00901303
-0.00932226
-0.00963825
-0.00995969
-0.0102847
-0.0106108
-0.0109352
-0.0112544
-0.0115646
-0.0118618
-0.0121413
-0.0123985
-0.0126284
-0.0128258
-0.0129856
-0.0131025
-0.0131714
-0.0131873
-0.0131458
-0.0130424
-0.0128736
-0.0126364
-0.0123285
-0.0119486
-0.0114966
-0.0109735
-0.0103816
-0.00972476
-0.00900819
-0.0082388
-0.00742506
-0.00657697
-0.00570603
-0.00482511
-0.00394823
-0.00309036
-0.00226706
-0.0014941
-0.000787057
-0.000160839
0.000370812
0.000795795
0.0011041
0.00128823
0.00134349
0.00126826
0.00106403
0.000735395
0.000289885
-0.000262374
-0.00090909
-0.00163638
-0.00242925
-0.00327139
-0.00414657
-0.0050521
-0.00600818
-0.00686525
-0.003473
-0.00413648
-0.00481372
-0.00537933
-0.00587219
-0.00631284
-0.00670991
-0.00707172
-0.00740677
-0.00772281
-0.00802666
-0.00832419
-0.00862035
-0.00891911
-0.00922359
-0.00953602
-0.00985779
-0.0101896
-0.0105313
-0.0108822
-0.0112408
-0.0116053
-0.0119729
-0.0123407
-0.0127051
-0.0130621
-0.0134071
-0.0137355
-0.0140421
-0.0143214
-0.014568
-0.014776
-0.0149397
-0.0150534
-0.0151113
-0.0151083
-0.0150392
-0.0148997
-0.0146858
-0.0143944
-0.0140237
-0.0135724
-0.0130409
-0.0124308
-0.0117455
-0.0109897
-0.0101701
-0.00929507
-0.00837486
-0.00742138
-0.00644821
-0.00547043
-0.00450432
-0.00356708
-0.00267643
-0.00185009
-0.00110532
-0.000458315
7.63293e-05
0.000486184
0.000761484
0.000895554
0.000885115
0.00073046
0.000435465
7.43581e-06
-0.000543209
-0.00120342
-0.00195817
-0.002791
-0.00368386
-0.00461866
-0.00559218
-0.0066261
-0.00755647
-0.00449464
-0.00516214
-0.00584392
-0.00641411
-0.00691202
-0.00735854
-0.00776256
-0.0081327
-0.0084777
-0.00880554
-0.00912327
-0.00943692
-0.00975157
-0.0100713
-0.0103994
-0.010738
-0.0110887
-0.0114521
-0.011828
-0.0122158
-0.0126138
-0.0130202
-0.0134321
-0.0138463
-0.0142591
-0.0146663
-0.0150631
-0.0154444
-0.0158047
-0.0161383
-0.016439
-0.0167005
-0.0169165
-0.0170807
-0.0171865
-0.017228
-0.0171993
-0.017095
-0.0169104
-0.0166416
-0.0162854
-0.01584
-0.0153047
-0.0146805
-0.0139698
-0.013177
-0.0123082
-0.0113718
-0.0103779
-0.00933883
-0.00826874
-0.00718367
-0.00610125
-0.00504035
-0.00402068
-0.0030623
-0.002185
-0.00140773
-0.000747885
-0.000220696
0.000161422
0.000389393
0.000457909
0.000365695
0.000115599
-0.000285523
-0.000827115
-0.00149544
-0.00227431
-0.00314569
-0.00408965
-0.00508609
-0.00613108
-0.00724793
-0.00825695
-0.0056032
-0.0062727
-0.00695708
-0.00753041
-0.00803229
-0.00848385
-0.00889426
-0.00927238
-0.00962717
-0.00996686
-0.0102987
-0.0106288
-0.0109625
-0.0113039
-0.0116564
-0.0120223
-0.0124031
-0.0127994
-0.0132112
-0.0136376
-0.0140772
-0.0145277
-0.0149864
-0.01545
-0.0159144
-0.0163753
-0.0168276
-0.017266
-0.0176845
-0.018077
-0.0184369
-0.0187573
-0.0190313
-0.0192518
-0.0194118
-0.0195042
-0.0195223
-0.0194599
-0.0193112
-0.0190713
-0.018736
-0.0183024
-0.0177689
-0.0171354
-0.0164036
-0.0155769
-0.0146612
-0.0136642
-0.0125962
-0.0114694
-0.0102986
-0.00910067
-0.00789442
-0.00670047
-0.00554058
-0.00443725
-0.00341303
-0.00248985
-0.00168828
-0.00102672
-0.000520681
-0.000182087
-1.87369e-05
-3.38964e-05
-0.000226121
-0.000589301
-0.00111295
-0.00178276
-0.00258138
-0.00348916
-0.0044841
-0.00554387
-0.00666375
-0.00786873
-0.00896196
-0.00679834
-0.00746785
-0.00815292
-0.00872796
-0.00923271
-0.0096885
-0.0101047
-0.0104904
-0.0108548
-0.0112062
-0.0115522
-0.011899
-0.0122521
-0.0126157
-0.0129933
-0.0133872
-0.0137991
-0.0142296
-0.0146786
-0.0151454
-0.0156283
-0.0161252
-0.0166331
-0.0171487
-0.0176677
-0.0181856
-0.0186971
-0.0191965
-0.0196776
-0.0201338
-0.0205579
-0.0209427
-0.0212805
-0.0215635
-0.0217839
-0.0219338
-0.0220056
-0.0219921
-0.0218864
-0.0216825
-0.0213751
-0.02096
-0.0204347
-0.0197978
-0.0190499
-0.0181938
-0.0172343
-0.016179
-0.0150375
-0.0138222
-0.012548
-0.0112324
-0.00989569
-0.00855991
-0.00724898
-0.0059879
-0.00480216
-0.00371694
-0.00275628
-0.00194218
-0.00129371
-0.000826164
-0.000550338
-0.000471993
-0.000591539
-0.00090399
-0.00139921
-0.00206247
-0.00287533
-0.00381643
-0.00486158
-0.005986
-0.00718404
-0.00848241
-0.00966563
-0.00807926
-0.00874684
-0.00943074
-0.0100061
-0.0105127
-0.0109718
-0.0113932
-0.011786
-0.0121596
-0.0125226
-0.0128827
-0.0132463
-0.0136189
-0.014005
-0.0144081
-0.0148307
-0.0152744
-0.01574
-0.0162274
-0.0167358
-0.0172637
-0.0178087
-0.018368
-0.018938
-0.0195144
-0.0200924
-0.0206666
-0.0212309
-0.0217787
-0.0223031
-0.0227965
-0.023251
-0.0236583
-0.0240099
-0.0242972
-0.0245114
-0.0246441
-0.0246867
-0.0246315
-0.0244711
-0.0241991
-0.0238101
-0.0233
-0.0226665
-0.0219088
-0.0210285
-0.0200298
-0.0189196
-0.0177067
-0.0164032
-0.0150242
-0.0135877
-0.0121149
-0.0106294
-0.00915727
-0.00772606
-0.00636429
-0.00510062
-0.0039629
-0.00297714
-0.00216647
-0.00155009
-0.00114238
-0.000952192
-0.000982318
-0.00122936
-0.0016839
-0.00233101
-0.00315126
-0.00412158
-0.00521542
-0.00640531
-0.00768455
-0.00908162
-0.0103608
-0.00944471
-0.0101085
-0.0107895
-0.0113638
-0.0118711
-0.0123328
-0.0127586
-0.013158
-0.0135404
-0.0139147
-0.0142886
-0.0146687
-0.0150608
-0.0154694
-0.0158982
-0.0163497
-0.0168256
-0.0173269
-0.0178534
-0.0184045
-0.0189786
-0.0195733
-0.0201858
-0.0208123
-0.0214485
-0.0220894
-0.0227294
-0.023362
-0.0239806
-0.0245776
-0.0251449
-0.0256743
-0.0261567
-0.026583
-0.0269436
-0.0272289
-0.0274295
-0.0275358
-0.0275387
-0.0274298
-0.0272012
-0.0268463
-0.0263595
-0.025737
-0.0249766
-0.0240783
-0.0230457
-0.0218859
-0.0206054
-0.0192154
-0.0177318
-0.0161724
-0.0145591
-0.0129172
-0.0112748
-0.00966175
-0.00810987
-0.00665142
-0.00531835
-0.0041411
-0.00314734
-0.0023608
-0.00180011
-0.00147783
-0.00139978
-0.00156474
-0.00196442
-0.00258406
-0.00340338
-0.00439761
-0.0055377
-0.00679331
-0.0081565
-0.00965753
-0.0110386
-0.010893
-0.0115513
-0.0122277
-0.0127997
-0.0133067
-0.0137701
-0.0141996
-0.0146049
-0.0149956
-0.0153805
-0.0157677
-0.016164
-0.0165752
-0.017006
-0.0174602
-0.0179405
-0.0184487
-0.0189858
-0.0195519
-0.0201462
-0.0207673
-0.0214128
-0.0220798
-0.0227645
-0.0234625
-0.0241687
-0.0248771
-0.0255813
-0.0262741
-0.0269477
-0.0275935
-0.0282026
-0.0287654
-0.0292721
-0.0297122
-0.0300754
-0.030351
-0.0305284
-0.0305974
-0.0305481
-0.0303713
-0.0300589
-0.0296039
-0.0290007
-0.0282457
-0.0273365
-0.0262751
-0.025073
-0.0237317
-0.0222586
-0.0206718
-0.0189888
-0.0172321
-0.0154286
-0.013608
-0.0118026
-0.0100473
-0.00837816
-0.00683147
-0.00544246
-0.0042439
-0.00326463
-0.00252823
-0.00205174
-0.00184474
-0.00190882
-0.00223744
-0.00281639
-0.00362479
-0.00463626
-0.00581916
-0.00714001
-0.00858947
-0.0101996
-0.0116889
-0.0124221
-0.0130733
-0.0137436
-0.0143121
-0.0148179
-0.0152821
-0.0157145
-0.0161249
-0.016523
-0.0169179
-0.0173177
-0.0177293
-0.0181588
-0.0186111
-0.01909
-0.0195986
-0.0201387
-0.0207114
-0.0213168
-0.0219545
-0.0226229
-0.0233197
-0.0240421
-0.0247862
-0.0255475
-0.0263207
-0.0270999
-0.0278783
-0.0286484
-0.029402
-0.0301302
-0.0308235
-0.0314717
-0.0320641
-0.0325898
-0.0330371
-0.0333946
-0.0336505
-0.0337932
-0.0338117
-0.0336952
-0.0334342
-0.03302
-0.0324455
-0.0317058
-0.0307977
-0.0297181
-0.0284699
-0.0270736
-0.0255296
-0.0238417
-0.0220355
-0.0201338
-0.0181649
-0.0161598
-0.014153
-0.0121822
-0.0102873
-0.00850911
-0.00688805
-0.00546242
-0.00426685
-0.00333058
-0.00267597
-0.0023172
-0.00225947
-0.00249866
-0.00302165
-0.00380734
-0.00482785
-0.00604891
-0.00743368
-0.00897126
-0.0106955
-0.0122991
-0.0140294
-0.0146722
-0.015335
-0.0158991
-0.0164027
-0.0168668
-0.0173012
-0.0177158
-0.0181204
-0.0185242
-0.0189354
-0.0193613
-0.019808
-0.0202805
-0.0207831
-0.0213188
-0.0218898
-0.0224972
-0.0231414
-0.0238219
-0.0245373
-0.0252854
-0.0260634
-0.0268674
-0.0276929
-0.0285346
-0.0293862
-0.0302408
-0.0310906
-0.0319272
-0.0327412
-0.0335225
-0.0342604
-0.0349435
-0.03556
-0.0360975
-0.0365433
-0.0368847
-0.0371087
-0.0372029
-0.0371552
-0.0369543
-0.03659
-0.0360536
-0.0353384
-0.0344404
-0.0333579
-0.0320867
-0.0306315
-0.0290089
-0.0272304
-0.0253042
-0.023258
-0.0211225
-0.0189288
-0.0167134
-0.0145166
-0.0123821
-0.0103555
-0.0084824
-0.00680729
-0.00537115
-0.0042097
-0.00335144
-0.00281613
-0.00261347
-0.00274262
-0.00319222
-0.00394141
-0.00496107
-0.00621429
-0.00766068
-0.00928761
-0.0111307
-0.0128549
-0.0157123
-0.0163456
-0.0169998
-0.0175584
-0.018059
-0.0185221
-0.0189576
-0.0193753
-0.0197851
-0.0201965
-0.0206177
-0.0210562
-0.0215183
-0.0220095
-0.0225341
-0.0230953
-0.0236955
-0.0243361
-0.0250177
-0.0257398
-0.0265013
-0.0273001
-0.0281333
-0.0289971
-0.029887
-0.0307976
-0.0317226
-0.0326547
-0.0335862
-0.0345079
-0.0354104
-0.0362829
-0.0371142
-0.0378923
-0.0386044
-0.0392374
-0.0397775
-0.0402107
-0.0405231
-0.0407006
-0.0407297
-0.0405975
-0.040292
-0.0398027
-0.0391208
-0.03824
-0.037157
-0.035869
-0.0343748
-0.0326876
-0.0308137
-0.0287729
-0.0265914
-0.0242921
-0.0219086
-0.0194795
-0.0170483
-0.0146622
-0.0123713
-0.0102271
-0.00828042
-0.00657915
-0.00516629
-0.00407748
-0.003339
-0.00296619
-0.0029624
-0.0033189
-0.00401567
-0.00502272
-0.00630057
-0.00780517
-0.00952194
-0.0114883
-0.0133391
-0.0174675
-0.0180905
-0.0187354
-0.0192878
-0.0197845
-0.0202458
-0.0206812
-0.0211007
-0.0215143
-0.0219315
-0.0223607
-0.0228098
-0.0232852
-0.0237927
-0.0243368
-0.0249212
-0.0255484
-0.02622
-0.0269369
-0.0276988
-0.0285047
-0.0293527
-0.0302399
-0.0311627
-0.0321165
-0.0330959
-0.0340944
-0.0351047
-0.0361187
-0.0371272
-0.03812
-0.0390861
-0.0400138
-0.0408902
-0.041702
-0.042435
-0.0430745
-0.0436054
-0.0440125
-0.0442803
-0.0443939
-0.0443386
-0.0441006
-0.0436676
-0.0430285
-0.0421748
-0.0411002
-0.0398007
-0.0382748
-0.0365277
-0.0345757
-0.032436
-0.0301215
-0.0276607
-0.0250876
-0.0224422
-0.0197701
-0.0171223
-0.0145533
-0.0121202
-0.00988048
-0.00788967
-0.00619871
-0.00485132
-0.00388146
-0.0033112
-0.00314929
-0.00339061
-0.00401679
-0.00499743
-0.00629072
-0.00784881
-0.00965507
-0.0117486
-0.013732
-0.0192918
-0.019904
-0.0205391
-0.0210848
-0.021577
-0.0220355
-0.0224697
-0.0228895
-0.023305
-0.0237258
-0.0241606
-0.0246176
-0.0251034
-0.0256242
-0.0261849
-0.0267893
-0.0274403
-0.02814
-0.0288893
-0.0296884
-0.0305362
-0.0314311
-0.0323705
-0.0333506
-0.0343669
-0.0354141
-0.0364855
-0.0375738
-0.0386705
-0.0397662
-0.0408505
-0.0419118
-0.0429378
-0.0439152
-0.0448297
-0.0456663
-0.0464095
-0.047043
-0.0475504
-0.0479148
-0.0481197
-0.0481489
-0.0479868
-0.0476189
-0.0470324
-0.0462161
-0.0451616
-0.0438632
-0.0423182
-0.0405297
-0.0385083
-0.0362679
-0.0338263
-0.0312084
-0.0284481
-0.0255858
-0.0226693
-0.019752
-0.016893
-0.014155
-0.0116022
-0.00929807
-0.00730228
-0.00566758
-0.00443674
-0.0036399
-0.00329246
-0.00339412
-0.00392913
-0.0048674
-0.00616507
-0.00777051
-0.00966491
-0.011889
-0.0140108
-0.0211817
-0.0217831
-0.0224082
-0.022947
-0.0234342
-0.0238889
-0.0243206
-0.0247389
-0.025154
-0.0255758
-0.0260133
-0.0264747
-0.0269674
-0.0274977
-0.028071
-0.0286915
-0.0293625
-0.0300864
-0.0308645
-0.031697
-0.0325835
-0.0335223
-0.0345109
-0.0355458
-0.0366225
-0.0377356
-0.0388785
-0.0400436
-0.0412224
-0.0424051
-0.0435809
-0.044738
-0.0458634
-0.0469433
-0.0479626
-0.0489056
-0.0497558
-0.0504958
-0.0511079
-0.0515742
-0.0518764
-0.0519968
-0.051918
-0.0516236
-0.0510986
-0.0503297
-0.0493061
-0.0480198
-0.0464664
-0.0446464
-0.0425661
-0.0402369
-0.0376762
-0.0349081
-0.0319654
-0.0288886
-0.0257263
-0.0225347
-0.0193765
-0.0163197
-0.0134355
-0.0107955
-0.00846862
-0.00651758
-0.00499517
-0.00394095
-0.00337845
-0.00331358
-0.00373439
-0.004612
-0.00590099
-0.00754603
-0.00952609
-0.0118836
-0.0141493
-0.0231337
-0.0237248
-0.0243404
-0.0248722
-0.0253539
-0.0258039
-0.0262315
-0.0266462
-0.0270583
-0.0274778
-0.0279142
-0.0283761
-0.0288712
-0.0294064
-0.0299875
-0.0306193
-0.0313055
-0.0320488
-0.0328509
-0.0337126
-0.0346334
-0.0356121
-0.0366463
-0.0377326
-0.0388667
-0.040043
-0.0412549
-0.0424949
-0.0437541
-0.0450226
-0.0462892
-0.0475416
-0.0487666
-0.0499494
-0.0510746
-0.0521256
-0.0530849
-0.0539341
-0.0546545
-0.0552266
-0.0556311
-0.0558483
-0.0558593
-0.0556456
-0.0551903
-0.0544778
-0.0534949
-0.0522311
-0.0506797
-0.0488384
-0.0467103
-0.0443041
-0.0416351
-0.0387261
-0.0356082
-0.0323216
-0.0289153
-0.0254472
-0.0219833
-0.0185966
-0.0153649
-0.0123681
-0.00968488
-0.00738869
-0.00554353
-0.0041998
-0.00339077
-0.00313014
-0.00341123
-0.00420744
-0.00547249
-0.00714762
-0.00920959
-0.0117024
-0.0141171
-0.0251443
-0.0257261
-0.026333
-0.0268583
-0.0273342
-0.0277786
-0.0282003
-0.0286089
-0.0290148
-0.0294282
-0.0298591
-0.0303164
-0.0308086
-0.0313431
-0.0319263
-0.0325635
-0.033259
-0.034016
-0.0348366
-0.035722
-0.0366721
-0.0376857
-0.0387609
-0.0398944
-0.0410818
-0.0423177
-0.0435956
-0.0449075
-0.0462446
-0.0475967
-0.0489523
-0.0502988
-0.0516223
-0.0529077
-0.0541387
-0.0552981
-0.0563674
-0.0573274
-0.0581582
-0.0588391
-0.0593492
-0.0596676
-0.0597735
-0.0596467
-0.059268
-0.0586198
-0.0576863
-0.0564548
-0.0549156
-0.0530637
-0.0508991
-0.0484276
-0.0456618
-0.0426223
-0.0393384
-0.0358491
-0.032203
-0.0284592
-0.0246862
-0.0209614
-0.0173688
-0.0139964
-0.0109331
-0.00826364
-0.00606438
-0.00439803
-0.00330929
-0.00282145
-0.00293475
-0.00362629
-0.00484983
-0.00654361
-0.00868231
-0.0113115
-0.01388
-0.0272102
-0.0277845
-0.0283843
-0.0289037
-0.0293737
-0.0298114
-0.0302253
-0.0306249
-0.0310207
-0.0314234
-0.0318434
-0.0322903
-0.0327732
-0.0333004
-0.0338788
-0.0345144
-0.0352124
-0.0359763
-0.0368088
-0.0377115
-0.0386847
-0.0397276
-0.0408383
-0.0420138
-0.0432498
-0.044541
-0.0458806
-0.0472608
-0.0486724
-0.0501051
-0.0515471
-0.0529852
-0.0544053
-0.0557917
-0.0571274
-0.0583944
-0.0595735
-0.0606446
-0.0615865
-0.0623776
-0.0629957
-0.0634181
-0.0636227
-0.0635872
-0.0632907
-0.0627132
-0.0618367
-0.0606459
-0.0591284
-0.0572761
-0.0550859
-0.0525606
-0.0497097
-0.0465512
-0.0431118
-0.0394286
-0.0355494
-0.0315334
-0.0274508
-0.0233827
-0.0194186
-0.0156545
-0.0121893
-0.00911976
-0.0065354
-0.00451275
-0.0031097
-0.00236111
-0.00227608
-0.00283704
-0.00399903
-0.00569793
-0.00790661
-0.0106723
-0.0133988
-0.0293284
-0.0298977
-0.0304926
-0.0310073
-0.0314715
-0.0319014
-0.0323052
-0.0326924
-0.0330736
-0.03346
-0.0338627
-0.0342922
-0.0347584
-0.0352704
-0.035836
-0.0364621
-0.0371544
-0.0379174
-0.0387542
-0.0396668
-0.0406561
-0.0417216
-0.0428615
-0.0440731
-0.0453521
-0.0466933
-0.0480898
-0.0495337
-0.0510157
-0.0525251
-0.0540499
-0.0555765
-0.0570903
-0.058575
-0.0600132
-0.061386
-0.0626735
-0.0638546
-0.0649072
-0.0658086
-0.0665351
-0.067063
-0.0673682
-0.0674271
-0.0672165
-0.0667146
-0.0659011
-0.0647578
-0.0632699
-0.0614263
-0.0592206
-0.0566524
-0.053728
-0.050462
-0.0468784
-0.0430115
-0.0389077
-0.0346252
-0.0302354
-0.0258217
-0.0214787
-0.0173096
-0.0134232
-0.00992834
-0.00692872
-0.00451592
-0.00276289
-0.00171813
-0.00140177
-0.00180359
-0.0028814
-0.00456963
-0.00683982
-0.00974101
-0.0126292
-0.0314962
-0.0320641
-0.0326571
-0.0331688
-0.0336274
-0.0340484
-0.0344394
-0.03481
-0.0351712
-0.0355348
-0.0359128
-0.0363167
-0.0367574
-0.037245
-0.0377886
-0.0383959
-0.0390734
-0.0398265
-0.0406589
-0.0415732
-0.0425707
-0.0436511
-0.0448132
-0.0460541
-0.0473699
-0.0487551
-0.050203
-0.0517054
-0.0532528
-0.0548344
-0.0564376
-0.0580487
-0.0596524
-0.061232
-0.0627694
-0.0642451
-0.0656383
-0.0669272
-0.0680887
-0.0690989
-0.0699331
-0.070566
-0.0709723
-0.0711267
-0.0710041
-0.0705807
-0.069834
-0.0687434
-0.0672914
-0.0654638
-0.0632512
-0.0606497
-0.0576623
-0.0543
-0.0505833
-0.0465437
-0.0422248
-0.0376837
-0.0329912
-0.0282325
-0.023506
-0.0189216
-0.0145972
-0.010654
-0.00721018
-0.00437368
-0.00223426
-0.000856266
-0.000273273
-0.00048466
-0.00145293
-0.00311229
-0.00543364
-0.00846809
-0.0115209
-0.033712
-0.0342829
-0.0348781
-0.0353889
-0.0358424
-0.036253
-0.0366281
-0.0369772
-0.037312
-0.0376451
-0.0379896
-0.0383582
-0.0387632
-0.0392161
-0.039727
-0.0403049
-0.0409573
-0.0416904
-0.0425088
-0.0434155
-0.0444123
-0.0454995
-0.0466759
-0.0479388
-0.0492844
-0.0507071
-0.0522002
-0.0537553
-0.0553627
-0.0570111
-0.0586879
-0.0603787
-0.0620678
-0.063738
-0.0653704
-0.0669451
-0.0684405
-0.0698337
-0.071101
-0.0722172
-0.0731566
-0.0738927
-0.0743987
-0.0746478
-0.0746132
-0.0742692
-0.0735911
-0.0725561
-0.0711439
-0.0693377
-0.0671247
-0.0644978
-0.0614562
-0.0580075
-0.0541683
-0.0499665
-0.0454427
-0.0406515
-0.0356627
-0.0305618
-0.0254501
-0.0204428
-0.0156665
-0.0112541
-0.00733882
-0.00404572
-0.00148312
0.00026657
0.00115375
0.0011668
0.000336276
-0.00127341
-0.00363352
-0.00679769
-0.0100176
-0.0359746
-0.0365544
-0.0371569
-0.0376698
-0.0381187
-0.0385173
-0.0388725
-0.0391943
-0.039495
-0.0397885
-0.0400891
-0.0404113
-0.040769
-0.0411751
-0.0416412
-0.0421779
-0.0427936
-0.0434956
-0.0442892
-0.0451783
-0.046165
-0.0472499
-0.0484321
-0.0497091
-0.051077
-0.0525303
-0.054062
-0.0556636
-0.057325
-0.0590346
-0.0607794
-0.0625446
-0.064314
-0.0660697
-0.0677924
-0.0694613
-0.0710541
-0.0725472
-0.0739159
-0.075134
-0.0761749
-0.0770107
-0.0776133
-0.0779545
-0.0780059
-0.07774
-0.07713
-0.076151
-0.0747803
-0.072998
-0.0707887
-0.0681417
-0.0650527
-0.0615254
-0.0575726
-0.0532182
-0.048499
-0.0434666
-0.0381886
-0.0327499
-0.0272533
-0.0218181
-0.0165786
-0.0116786
-0.00726629
-0.00348464
-0.000462003
0.001699
0.00293005
0.0032043
0.00254272
0.00100628
-0.001378
-0.00466691
-0.00805556
-0.0382845
-0.0388804
-0.0394967
-0.040015
-0.04046
-0.0408445
-0.0411753
-0.0414627
-0.0417202
-0.0419632
-0.0422079
-0.0424708
-0.0427676
-0.0431132
-0.0435211
-0.0440032
-0.0445695
-0.0452281
-0.0459855
-0.046846
-0.0478123
-0.0488854
-0.0500646
-0.0513474
-0.0527299
-0.0542065
-0.0557699
-0.0574113
-0.0591204
-0.0608853
-0.0626923
-0.0645262
-0.0663702
-0.0682059
-0.0700133
-0.0717709
-0.0734558
-0.0750434
-0.0765081
-0.0778229
-0.07896
-0.0798905
-0.080585
-0.0810138
-0.0811472
-0.0809559
-0.0804112
-0.0794861
-0.0781556
-0.0763973
-0.0741927
-0.071528
-0.0683954
-0.0647947
-0.0607347
-0.0562351
-0.0513287
-0.046063
-0.0405028
-0.0347314
-0.0288514
-0.0229853
-0.0172733
-0.0118696
-0.00693648
-0.00263539
0.000883933
0.00349683
0.00511346
0.00568853
0.00523025
0.0037936
0.00140215
-0.00200499
-0.00556339
-0.0406434
-0.0412646
-0.0419025
-0.0424305
-0.0428722
-0.04324
-0.0435406
-0.043785
-0.0439883
-0.044168
-0.0443427
-0.0445312
-0.0447518
-0.0450215
-0.045356
-0.0457689
-0.0462717
-0.0468739
-0.0475826
-0.0484029
-0.0493382
-0.0503896
-0.0515565
-0.0528366
-0.0542258
-0.0557182
-0.0573063
-0.058981
-0.0607315
-0.0625453
-0.0644084
-0.0663051
-0.0682178
-0.0701276
-0.0720138
-0.0738542
-0.0756249
-0.0773008
-0.0788553
-0.0802605
-0.0814874
-0.0825062
-0.0832863
-0.0837966
-0.084006
-0.0838835
-0.0833989
-0.0825231
-0.0812288
-0.0794913
-0.0772893
-0.0746061
-0.0714303
-0.0677581
-0.0635941
-0.0589538
-0.0538655
-0.0483727
-0.0425361
-0.0364362
-0.0301748
-0.0238756
-0.0176834
-0.0117615
-0.00628539
-0.0014349
0.00261746
0.00572367
0.00776966
0.00868813
0.00847088
0.00716386
0.00478485
0.00126755
-0.00246092
-0.0430554
-0.043713
-0.0443822
-0.0449247
-0.0453637
-0.0457112
-0.0459743
-0.0461652
-0.0463012
-0.0464025
-0.0464906
-0.0465875
-0.0467144
-0.046891
-0.0471351
-0.0474628
-0.047887
-0.0484185
-0.0490655
-0.0498337
-0.0507268
-0.0517463
-0.0528917
-0.0541605
-0.0555484
-0.0570492
-0.0586551
-0.0603565
-0.0621421
-0.0639988
-0.065912
-0.0678654
-0.0698408
-0.0718185
-0.0737772
-0.0756939
-0.077544
-0.0793014
-0.0809386
-0.082427
-0.0837364
-0.0848359
-0.0856938
-0.0862779
-0.0865555
-0.0864942
-0.086062
-0.0852282
-0.0839633
-0.0822404
-0.0800356
-0.0773292
-0.0741069
-0.070361
-0.0660924
-0.0613121
-0.056044
-0.0503268
-0.0442171
-0.0377915
-0.0311496
-0.0244149
-0.0177354
-0.0112816
-0.00524117
0.000188272
0.00480972
0.00845154
0.0109729
0.0122805
0.0123458
0.0112018
0.00885775
0.00524011
0.00134181
-0.0455271
-0.0462348
-0.046947
-0.0475095
-0.0479459
-0.0482685
-0.0484847
-0.0486091
-0.0486619
-0.0486668
-0.0486492
-0.0486346
-0.0486479
-0.048712
-0.048847
-0.049072
-0.0494015
-0.0498476
-0.0504192
-0.0511229
-0.0519626
-0.0529401
-0.0540548
-0.0553039
-0.0566828
-0.058185
-0.059802
-0.0615237
-0.0633383
-0.0652319
-0.0671894
-0.0691935
-0.0712256
-0.0732651
-0.07529
-0.0772763
-0.0791988
-0.0810305
-0.0827429
-0.0843064
-0.0856901
-0.0868618
-0.0877886
-0.0884372
-0.0887735
-0.0887637
-0.0883744
-0.0875728
-0.0863277
-0.0846101
-0.0823936
-0.079656
-0.0763797
-0.0725539
-0.0681755
-0.0632515
-0.0578011
-0.0518583
-0.0454749
-0.0387231
-0.0316991
-0.0245251
-0.0173503
-0.0103507
-0.00372435
0.00231431
0.00754024
0.0117611
0.0148066
0.0165529
0.0169463
0.016003
0.0137196
0.0100132
0.00594585
-0.048069
-0.0488435
-0.0496123
-0.0502012
-0.0506344
-0.0509253
-0.051083
-0.0511247
-0.051075
-0.0509621
-0.0508161
-0.0506673
-0.0505447
-0.0504747
-0.0504793
-0.0505833
-0.0508011
-0.0511465
-0.0516289
-0.0522555
-0.0530308
-0.0539563
-0.0550313
-0.0562528
-0.0576155
-0.0591124
-0.0607344
-0.0624706
-0.0643084
-0.0662334
-0.0682295
-0.0702788
-0.0723618
-0.074457
-0.0765416
-0.0785909
-0.0805787
-0.0824771
-0.0842567
-0.085887
-0.0873359
-0.0885703
-0.0895562
-0.0902588
-0.090643
-0.0906735
-0.0903152
-0.0895339
-0.0882966
-0.086572
-0.0843317
-0.0815508
-0.0782092
-0.0742927
-0.0697948
-0.0647183
-0.0590781
-0.0529033
-0.0462407
-0.0391578
-0.0317464
-0.0241259
-0.0164454
-0.0088841
-0.00164788
0.00503394
0.010896
0.015741
0.0193637
0.0216031
0.0223754
0.021675
0.0194818
0.0157002
0.0114649
-0.050696
-0.0515576
-0.0523995
-0.0530213
-0.0534495
-0.0536995
-0.0537832
-0.0537222
-0.0535463
-0.0532901
-0.0529894
-0.0526803
-0.0523961
-0.0521665
-0.0520213
-0.0519842
-0.0520722
-0.052301
-0.0526801
-0.0532172
-0.0539171
-0.0547812
-0.0558083
-0.0569947
-0.0583347
-0.0598203
-0.0614417
-0.0631872
-0.0650432
-0.0669946
-0.0690242
-0.0711134
-0.0732417
-0.0753868
-0.0775249
-0.0796305
-0.0816764
-0.0836339
-0.0854725
-0.0871607
-0.0886654
-0.0899524
-0.0909866
-0.0917319
-0.0921518
-0.0922099
-0.0918694
-0.0910944
-0.0898503
-0.0881039
-0.0858246
-0.0829852
-0.0795629
-0.0755406
-0.0709084
-0.0656655
-0.0598223
-0.0534034
-0.0464504
-0.0390257
-0.0312162
-0.0231373
-0.0149365
-0.00679445
0.00108022
0.00844998
0.0149729
0.0204869
0.0247467
0.0275406
0.0287489
0.0283394
0.0262702
0.0224292
0.0180272
-0.0534294
-0.0544027
-0.055337
-0.0559985
-0.0564176
-0.0566139
-0.0566035
-0.0564143
-0.0560836
-0.0556535
-0.0551676
-0.0546684
-0.0541935
-0.0537779
-0.0534653
-0.0532706
-0.0532045
-0.0532978
-0.0535587
-0.0539942
-0.0546084
-0.0554023
-0.056374
-0.0575189
-0.0588305
-0.0602997
-0.0619159
-0.0636661
-0.0655361
-0.0675094
-0.069568
-0.0716923
-0.0738608
-0.0760503
-0.078236
-0.0803914
-0.0824884
-0.0844972
-0.0863865
-0.0881235
-0.0896742
-0.0910033
-0.0920743
-0.0928501
-0.0932929
-0.0933645
-0.0930271
-0.092243
-0.0909757
-0.0891903
-0.0868542
-0.0839378
-0.0804159
-0.0762686
-0.0714828
-0.0660542
-0.0599892
-0.0533078
-0.0460466
-0.0382627
-0.0300377
-0.0214824
-0.0127414
-0.00399581
0.00454451
0.0126533
0.0199001
0.0261099
0.0310693
0.0344878
0.0361974
0.036134
0.0342281
0.0303456
0.0257781
-0.0562992
-0.0574139
-0.058463
-0.0591702
-0.059573
-0.0596974
-0.0595665
-0.059217
-0.0586962
-0.058056
-0.0573489
-0.0566255
-0.0559288
-0.0553108
-0.0547998
-0.0544119
-0.0541791
-0.0541213
-0.0542505
-0.0545732
-0.0550925
-0.0558085
-0.0567184
-0.0578165
-0.0590951
-0.0605439
-0.0621511
-0.0639026
-0.0657829
-0.0677745
-0.0698583
-0.0720135
-0.0742176
-0.0764464
-0.0786741
-0.0808731
-0.0830142
-0.0850668
-0.0869983
-0.088775
-0.0903618
-0.091722
-0.0928181
-0.0936117
-0.0940636
-0.0941343
-0.0937842
-0.0929741
-0.0916659
-0.0898226
-0.0874096
-0.0843953
-0.0807518
-0.0764566
-0.0714937
-0.0658553
-0.059544
-0.0525753
-0.0449811
-0.0368131
-0.0281474
-0.0190896
-0.0097804
-0.000400933
0.00883264
0.0176974
0.0258237
0.032751
0.0384602
0.0425815
0.0448686
0.0452155
0.0435187
0.0396159
0.0348835
-0.0593464
-0.0606386
-0.0618281
-0.0625858
-0.0629597
-0.0629867
-0.0627004
-0.0621497
-0.0613953
-0.0605014
-0.0595305
-0.0585396
-0.0575893
-0.0567332
-0.055988
-0.0553867
-0.0549738
-0.0547545
-0.0547413
-0.0549416
-0.0553583
-0.0559903
-0.0568334
-0.0578807
-0.0591228
-0.0605484
-0.062144
-0.0638943
-0.0657824
-0.0677895
-0.0698953
-0.0720779
-0.0743136
-0.076577
-0.0788414
-0.081078
-0.0832567
-0.0853455
-0.087311
-0.0891183
-0.090731
-0.0921115
-0.0932208
-0.0940192
-0.0944662
-0.0945207
-0.0941416
-0.0932881
-0.0919201
-0.0899988
-0.0874875
-0.0843523
-0.080563
-0.0760943
-0.0709272
-0.0650505
-0.0584633
-0.0511767
-0.0432177
-0.0346328
-0.0254923
-0.0158964
-0.00598083
0.00407447
0.0140425
0.0236825
0.0327997
0.0405713
0.0470676
0.0519759
0.0549292
0.0557628
0.05433
0.0504313
0.0455338
-0.062628
-0.0641411
-0.0655
-0.0663093
-0.0666339
-0.0665276
-0.0660393
-0.0652354
-0.0641939
-0.0629935
-0.061706
-0.0604042
-0.0591656
-0.0580263
-0.0570213
-0.0562002
-0.0555845
-0.0551868
-0.0550194
-0.0550888
-0.0553964
-0.0559396
-0.0567126
-0.0577065
-0.0589105
-0.0603114
-0.061894
-0.0636417
-0.0655359
-0.0675565
-0.069682
-0.0718891
-0.0741528
-0.0764468
-0.078743
-0.0810116
-0.0832214
-0.0853392
-0.0873306
-0.0891595
-0.0907883
-0.092178
-0.0932886
-0.0940789
-0.0945069
-0.09453
-0.0941055
-0.0931907
-0.0917438
-0.0897238
-0.087092
-0.083812
-0.0798512
-0.0751814
-0.0697805
-0.0636342
-0.0567373
-0.0490969
-0.0407351
-0.0316927
-0.0220343
-0.0118538
-0.00128123
0.00950785
0.0202851
0.0307899
0.04081
0.049678
0.0570823
0.0628501
0.0665683
0.0679811
0.0668794
0.0630146
0.0579506
-0.0662226
-0.0680089
-0.0695688
-0.0704246
-0.0706677
-0.0703772
-0.069625
-0.0685011
-0.0671057
-0.0655335
-0.0638701
-0.0622217
-0.0606455
-0.0591918
-0.0579079
-0.0568348
-0.0559954
-0.0554048
-0.0550732
-0.0550048
-0.0551989
-0.0556505
-0.0563517
-0.0572916
-0.0584571
-0.0598332
-0.0614028
-0.0631475
-0.0650472
-0.0670804
-0.0692239
-0.0714531
-0.0737421
-0.0760629
-0.0783865
-0.0806819
-0.0829166
-0.0850566
-0.087066
-0.0889077
-0.0905428
-0.0919312
-0.0930314
-0.0938008
-0.094196
-0.0941728
-0.0936866
-0.0926932
-0.0911484
-0.0890094
-0.086235
-0.0827864
-0.078628
-0.0737289
-0.0680637
-0.0616142
-0.0543713
-0.0463375
-0.0375296
-0.0279825
-0.0177545
-0.00693247
0.00435997
0.0159541
0.0276253
0.0390916
0.050045
0.0601856
0.0686347
0.075378
0.0799961
0.0821064
0.0814219
0.0776287
0.0723952
-0.0702391
-0.072361
-0.0741549
-0.0750413
-0.0751524
-0.0746058
-0.0735067
-0.0719767
-0.0701433
-0.0681201
-0.0660306
-0.0639711
-0.062009
-0.0602069
-0.0586137
-0.0572663
-0.0561883
-0.055394
-0.054891
-0.0546805
-0.0547588
-0.0551184
-0.0557483
-0.0566353
-0.0577638
-0.0591164
-0.0606743
-0.062417
-0.0643226
-0.0663681
-0.0685287
-0.0707786
-0.0730903
-0.0754348
-0.0777817
-0.080099
-0.0823529
-0.0845084
-0.0865283
-0.0883744
-0.0900066
-0.0913834
-0.092462
-0.0931985
-0.0935477
-0.093464
-0.0929009
-0.0918122
-0.0901518
-0.0878745
-0.0849366
-0.0812965
-0.0769157
-0.0717599
-0.0658001
-0.059014
-0.0513879
-0.0429191
-0.0336186
-0.0235147
-0.0126582
-0.00112828
0.0109595
0.023444
0.0361057
0.0486547
0.0607449
0.0721322
0.0818474
0.0897911
0.0954669
0.0984183
0.0982609
0.0945886
0.0891819
-0.0748302
-0.0773611
-0.07942
-0.0803026
-0.0802038
-0.0792996
-0.0777424
-0.0756951
-0.0733164
-0.0707618
-0.0681694
-0.0656317
-0.0632364
-0.0610485
-0.0591166
-0.0574752
-0.0561458
-0.0551398
-0.0544611
-0.0541071
-0.0540704
-0.0543399
-0.0549015
-0.0557388
-0.0568335
-0.0581658
-0.0597146
-0.0614573
-0.0633703
-0.0654286
-0.0676063
-0.0698758
-0.0722083
-0.0745738
-0.0769405
-0.0792751
-0.081543
-0.0837077
-0.0857311
-0.0875737
-0.0891942
-0.0905499
-0.0915967
-0.0922889
-0.0925802
-0.092423
-0.0917692
-0.0905704
-0.0887785
-0.0863456
-0.0832255
-0.0793735
-0.0747479
-0.0693106
-0.0630283
-0.0558742
-0.0478291
-0.0388844
-0.0290441
-0.0183287
-0.00678026
0.00553174
0.0185018
0.0319779
0.0457488
0.0595294
0.0729602
0.0856446
0.0969454
0.106283
0.113252
0.117243
0.117762
0.11428
0.108697
-0.0802118
-0.0832363
-0.0855824
-0.0863955
-0.0859674
-0.0845612
-0.082396
-0.0796859
-0.0766389
-0.073451
-0.0702592
-0.06718
-0.0643011
-0.0616893
-0.0593918
-0.0574392
-0.0558486
-0.0546265
-0.0537715
-0.0532761
-0.0531284
-0.0533128
-0.0538114
-0.0546046
-0.0556708
-0.0569875
-0.0585312
-0.0602772
-0.0621999
-0.0642727
-0.0664679
-0.0687567
-0.0711088
-0.073493
-0.0758763
-0.0782244
-0.0805013
-0.0826697
-0.0846902
-0.0865221
-0.0881231
-0.0894492
-0.0904548
-0.0910931
-0.0913159
-0.0910742
-0.0903179
-0.0889967
-0.0870599
-0.0844574
-0.0811398
-0.0770594
-0.0721706
-0.0664312
-0.0598032
-0.0522541
-0.0437586
-0.0343007
-0.023876
-0.0124957
-0.000190534
0.012982
0.0269296
0.0415132
0.0565334
0.0717132
0.086677
0.100929
0.114061
0.125053
0.133648
0.138965
0.140373
0.137184
0.131427
-0.0866938
-0.090304
-0.0929383
-0.0935635
-0.0926228
-0.090509
-0.0875339
-0.0839754
-0.080106
-0.0761511
-0.0722736
-0.0685808
-0.0651653
-0.0620932
-0.0594069
-0.0571304
-0.0552735
-0.0538356
-0.0528083
-0.052178
-0.0519269
-0.0520346
-0.0524788
-0.0532358
-0.0542809
-0.0555886
-0.0571328
-0.0588866
-0.0608225
-0.0629121
-0.0651262
-0.0674345
-0.0698056
-0.0722069
-0.0746043
-0.0769624
-0.0792443
-0.0814114
-0.0834235
-0.0852387
-0.0868135
-0.0881027
-0.0890596
-0.089636
-0.0897822
-0.0894474
-0.0885798
-0.087127
-0.0850359
-0.0822538
-0.0787284
-0.0744082
-0.0692438
-0.0631882
-0.0561979
-0.048234
-0.0392639
-0.0292627
-0.018216
-0.00612262
0.00700022
0.0211111
0.0361352
0.0519521
0.0683796
0.0851528
0.101898
0.118111
0.133238
0.146314
0.15687
0.164014
0.16665
0.163921
0.158008
-0.09473
-0.099015
-0.101891
-0.102121
-0.100387
-0.097273
-0.0932162
-0.0885723
-0.0836727
-0.0788299
-0.0741625
-0.06978
-0.065776
-0.0622114
-0.0591191
-0.0565125
-0.0543909
-0.0527439
-0.0515544
-0.0508009
-0.0504589
-0.0505023
-0.0509038
-0.0516356
-0.0526693
-0.0539764
-0.0555283
-0.0572959
-0.0592496
-0.0613594
-0.0635946
-0.0659235
-0.0683136
-0.070731
-0.0731408
-0.0755065
-0.0777901
-0.0799522
-0.0819515
-0.0837453
-0.0852889
-0.0865361
-0.0874389
-0.087948
-0.0880121
-0.087579
-0.086595
-0.0850056
-0.0827557
-0.0797896
-0.0760519
-0.0714875
-0.0660427
-0.0596651
-0.0523052
-0.043917
-0.0344588
-0.0238955
-0.0122002
0.000643049
0.0146348
0.0297542
0.0459504
0.0631294
0.0811356
0.0997289
0.118554
0.137102
0.154651
0.17049
0.18351
0.192971
0.197291
0.195302
0.189302
-0.105
-0.110018
-0.11299
-0.112472
-0.109518
-0.104993
-0.0994901
-0.0934511
-0.0873856
-0.0814701
-0.0758593
-0.0706996
-0.0660578
-0.0619761
-0.0584702
-0.0555374
-0.0531622
-0.0513217
-0.0499876
-0.0491293
-0.0487146
-0.0487108
-0.0490853
-0.0498059
-0.0508407
-0.052158
-0.0537266
-0.0555153
-0.0574927
-0.0596273
-0.0618868
-0.0642384
-0.0666485
-0.0690823
-0.0715038
-0.0738757
-0.0761592
-0.078314
-0.080298
-0.0820675
-0.0835771
-0.0847795
-0.0856258
-0.0860652
-0.0860456
-0.085513
-0.0844122
-0.0826868
-0.0802793
-0.0771314
-0.0731845
-0.0683799
-0.062659
-0.0559643
-0.0482393
-0.0394298
-0.0294844
-0.0183558
-0.00600205
0.00761067
0.0225049
0.0386867
0.0561366
0.0747973
0.0945541
0.115207
0.136434
0.157737
0.178378
0.197544
0.213829
0.226225
0.233136
0.232421
0.226509
-0.11855
-0.124259
-0.126988
-0.125115
-0.12029
-0.113786
-0.106351
-0.0986682
-0.0910903
-0.0838779
-0.0772271
-0.0712149
-0.0658992
-0.061292
-0.0573813
-0.0541411
-0.0515372
-0.0495302
-0.0480792
-0.0471428
-0.0466802
-0.0466519
-0.0470198
-0.0477472
-0.0487985
-0.0501392
-0.0517357
-0.0535547
-0.0555633
-0.0577284
-0.0600168
-0.0623946
-0.064827
-0.0672787
-0.0697128
-0.0720912
-0.0743746
-0.0765218
-0.0784902
-0.0802353
-0.081711
-0.0828691
-0.0836599
-0.0840317
-0.0839311
-0.0833029
-0.0820906
-0.0802357
-0.0776789
-0.0743592
-0.0702151
-0.0651839
-0.0592026
-0.0522077
-0.044136
-0.0349242
-0.02451
-0.0128324
0.000167589
0.0145452
0.0303496
0.0476199
0.0663779
0.086616
0.108278
0.131228
0.155209
0.179777
0.20422
0.227472
0.24827
0.264996
0.275567
0.276827
0.271381
-0.137047
-0.143147
-0.14489
-0.140624
-0.132955
-0.123606
-0.11366
-0.103833
-0.0944639
-0.0858225
-0.0780248
-0.0711279
-0.0651393
-0.0600282
-0.0557471
-0.0522409
-0.0494514
-0.0473206
-0.0457929
-0.0448151
-0.0443378
-0.0443143
-0.0447011
-0.0454573
-0.046544
-0.0479242
-0.049562
-0.0514226
-0.0534717
-0.0556751
-0.0579986
-0.0604076
-0.0628666
-0.0653396
-0.0677892
-0.0701768
-0.0724624
-0.0746046
-0.0765601
-0.078284
-0.0797295
-0.0808479
-0.0815888
-0.0818997
-0.0817264
-0.0810127
-0.0797006
-0.0777303
-0.0750404
-0.0715678
-0.0672481
-0.0620151
-0.0558011
-0.0485372
-0.0401526
-0.0305753
-0.0197313
-0.00754462
0.00606236
0.0211691
0.0378559
0.0562015
0.0762785
0.0981439
0.121822
0.147273
0.174348
0.202711
0.231729
0.260319
0.287098
0.309871
0.325688
0.330519
0.326506
-0.163282
-0.168811
-0.167998
-0.159607
-0.147548
-0.13421
-0.120994
-0.10855
-0.0971653
-0.086946
-0.0779514
-0.0701819
-0.063567
-0.0580162
-0.0534358
-0.0497346
-0.046827
-0.0446344
-0.0430852
-0.0421149
-0.0416652
-0.041683
-0.0421201
-0.0429317
-0.0440765
-0.0455152
-0.0472105
-0.0491263
-0.0512274
-0.053479
-0.055846
-0.0582935
-0.0607856
-0.0632858
-0.0657566
-0.0681589
-0.0704526
-0.0725958
-0.074545
-0.076255
-0.0776787
-0.078767
-0.079469
-0.0797318
-0.0795004
-0.0787179
-0.0773253
-0.0752616
-0.0724637
-0.0688668
-0.0644038
-0.0590054
-0.0525997
-0.0451124
-0.0364659
-0.0265792
-0.0153667
-0.00273732
0.0114063
0.0271695
0.0446667
0.0640217
0.0853669
0.108838
0.134564
0.162639
0.193079
0.225737
0.260173
0.29545
0.329928
0.361142
0.385425
0.396817
0.396179
-0.202083
-0.204472
-0.197946
-0.18249
-0.163706
-0.145054
-0.127831
-0.112305
-0.098595
-0.0867115
-0.0765774
-0.068038
-0.0609188
-0.0550542
-0.0502945
-0.0465077
-0.0435789
-0.0414085
-0.0399101
-0.0390088
-0.0386388
-0.0387419
-0.0392662
-0.0401646
-0.0413937
-0.0429132
-0.044685
-0.0466723
-0.0488395
-0.0511514
-0.0535731
-0.0560692
-0.0586039
-0.0611405
-0.0636415
-0.0660678
-0.0683793
-0.0705339
-0.0724882
-0.0741968
-0.0756124
-0.0766861
-0.0773664
-0.0776004
-0.0773327
-0.0765058
-0.0750601
-0.0729335
-0.070062
-0.0663793
-0.0618161
-0.0563006
-0.0497572
-0.042107
-0.0332663
-0.0231457
-0.0116489
0.00132937
0.0159059
0.0322117
0.0503962
0.0706311
0.0931143
0.118073
0.14576
0.176444
0.210371
0.247696
0.288337
0.331734
0.376472
0.41993
0.457261
0.480124
0.487151
-0.261438
-0.254865
-0.236551
-0.208978
-0.180639
-0.155227
-0.133006
-0.113925
-0.0978275
-0.0844356
-0.0733786
-0.0643043
-0.0569081
-0.0509352
-0.0461752
-0.0424552
-0.039633
-0.0375911
-0.0362316
-0.0354721
-0.0352421
-0.0354805
-0.0361337
-0.0371536
-0.0384965
-0.0401218
-0.0419915
-0.044069
-0.0463189
-0.0487064
-0.0511967
-0.0537547
-0.0563449
-0.0589309
-0.0614752
-0.0639393
-0.0662829
-0.0684644
-0.0704404
-0.0721656
-0.0735931
-0.0746737
-0.0753563
-0.0755878
-0.0753128
-0.0744736
-0.0730104
-0.07086
-0.0679579
-0.0642372
-0.0596272
-0.0540537
-0.0474386
-0.0396992
-0.0307469
-0.0204855
-0.00880976
0.00439811
0.0192717
0.0359653
0.0546609
0.0755759
0.098974
0.125177
0.154578
0.187648
0.224931
0.267007
0.314373
0.367213
0.424939
0.485233
0.542297
0.585031
0.608976
-0.354588
-0.326469
-0.284171
-0.237486
-0.19641
-0.16226
-0.134319
-0.111739
-0.0936863
-0.0792784
-0.0677711
-0.0585833
-0.0512681
-0.0454822
-0.0409613
-0.0375005
-0.0349391
-0.0331496
-0.0320285
-0.0314912
-0.0314665
-0.0318938
-0.0327202
-0.0338987
-0.0353868
-0.037145
-0.0391363
-0.0413253
-0.0436774
-0.0461586
-0.0487348
-0.0513717
-0.0540343
-0.0566869
-0.0592925
-0.0618129
-0.0642085
-0.0664379
-0.0684582
-0.0702245
-0.07169
-0.0728061
-0.0735218
-0.0737842
-0.0735384
-0.0727267
-0.07129
-0.0691627
-0.0662809
-0.0625787
-0.0579839
-0.052421
-0.0458102
-0.0380663
-0.0290974
-0.0188028
-0.00707063
0.00622568
0.0212322
0.0381213
0.0571004
0.0784247
0.102414
0.129477
0.160141
0.195088
0.235203
0.281597
0.3356
0.398633
0.47179
0.554502
0.641402
0.718925
0.774862
-0.519232
-0.42911
-0.336276
-0.261347
-0.204169
-0.160751
-0.127894
-0.103175
-0.0844447
-0.0700943
-0.0589977
-0.0503691
-0.0436522
-0.0384486
-0.0344691
-0.0314998
-0.029379
-0.027982
-0.0272102
-0.0269836
-0.027236
-0.0279112
-0.0289601
-0.0303391
-0.0320087
-0.033932
-0.0360741
-0.0384013
-0.0408809
-0.0434801
-0.0461661
-0.0489057
-0.051665
-0.054409
-0.0571015
-0.0597052
-0.0621809
-0.0644881
-0.0665844
-0.0684255
-0.0699651
-0.071155
-0.0719449
-0.0722821
-0.0721128
-0.0713795
-0.070025
-0.0679774
-0.0651771
-0.0615616
-0.057056
-0.0515841
-0.0450659
-0.0374155
-0.0285396
-0.0183356
-0.00668874
0.00653155
0.0214774
0.0383302
0.0573108
0.0786958
0.102839
0.130207
0.161421
0.197337
0.239141
0.288494
0.347716
0.419959
0.509128
0.618834
0.74999
0.896541
1.03071
-0.892018
-0.585169
-0.377892
-0.263283
-0.191209
-0.142116
-0.108397
-0.0848819
-0.0679937
-0.0555311
-0.0461574
-0.0390264
-0.0335824
-0.0294512
-0.026374
-0.0241661
-0.0226915
-0.0218467
-0.0215502
-0.0217362
-0.0223495
-0.0233428
-0.0246745
-0.0263069
-0.0282051
-0.0303362
-0.0326687
-0.0351719
-0.037815
-0.0405675
-0.0433984
-0.0462759
-0.0491675
-0.0520394
-0.0548566
-0.0575826
-0.0601793
-0.062607
-0.0648241
-0.0667869
-0.0684501
-0.0697659
-0.0706846
-0.0711544
-0.0711276
-0.0705424
-0.0693285
-0.0674295
-0.0647913
-0.061348
-0.0570215
-0.051737
-0.045416
-0.0379735
-0.0293175
-0.0193466
-0.00794765
0.00500815
0.0196706
0.0362182
0.054869
0.0758963
0.099653
0.126608
0.157402
0.192944
0.234557
0.284242
0.345118
0.42214
0.522983
0.65909
0.851469
1.14374
1.52548
-1.60763
-0.801148
-0.409555
-0.249871
-0.165765
-0.114496
-0.0828468
-0.0626969
-0.0491186
-0.0395067
-0.0324777
-0.0272416
-0.0233224
-0.0204223
-0.0183469
-0.0169623
-0.016172
-0.0159022
-0.0160945
-0.0167005
-0.0176785
-0.0189919
-0.0206072
-0.0224932
-0.0246204
-0.0269603
-0.0294848
-0.0321661
-0.034976
-0.037886
-0.040867
-0.0438888
-0.0469202
-0.0499287
-0.0528805
-0.0557401
-0.0584703
-0.0610322
-0.0633851
-0.0654862
-0.0672905
-0.0687511
-0.0698179
-0.070437
-0.0705851
-0.0701777
-0.069114
-0.0673945
-0.0649559
-0.0617153
-0.0576009
-0.0525405
-0.0464571
-0.0392677
-0.0308825
-0.0212033
-0.0101211
0.00248741
0.0167647
0.0328792
0.0510347
0.0714855
0.0945578
0.120684
0.150459
0.184738
0.224804
0.272705
0.331911
0.408689
0.514738
0.672347
0.933531
1.44318
2.35002
)
;

boundaryField
{
    movingWall
    {
        type            zeroGradient;
    }
    fixedWalls
    {
        type            zeroGradient;
    }
    frontAndBack
    {
        type            empty;
    }
}


// ************************************************************************* //
