/*--------------------------------*- C++ -*----------------------------------*\
  =========                 |
  \\      /  F ield         | OpenFOAM: The Open Source CFD Toolbox
   \\    /   O peration     | Website:  https://openfoam.org
    \\  /    A nd           | Version:  12
     \\/     M anipulation  |
\*---------------------------------------------------------------------------*/
FoamFile
{
    format      ascii;
    class       volScalarField;
    location    "6.5";
    object      k;
}
// * * * * * * * * * * * * * * * * * * * * * * * * * * * * * * * * * * * * * //

dimensions      [0 2 -2 0 0 0 0];

internalField   nonuniform List<scalar> 
5625
(
2.22045e-16
3.93749e-16
8.31398e-16
1.35467e-15
1.94403e-15
2.58505e-15
3.26727e-15
3.9826e-15
4.72442e-15
5.48698e-15
6.26514e-15
7.05415e-15
7.8496e-15
8.64729e-15
9.44325e-15
1.02337e-14
1.10149e-14
1.17834e-14
1.25359e-14
1.32691e-14
1.398e-14
1.46656e-14
1.53231e-14
1.59499e-14
1.65435e-14
1.71016e-14
1.7622e-14
1.81028e-14
1.8542e-14
1.89381e-14
1.92895e-14
1.9595e-14
1.98535e-14
2.00641e-14
2.02259e-14
2.03385e-14
2.04014e-14
2.04147e-14
2.03781e-14
2.02921e-14
2.01569e-14
1.9973e-14
1.97414e-14
1.94629e-14
1.91386e-14
1.87699e-14
1.8358e-14
1.79048e-14
1.74119e-14
1.68813e-14
1.6315e-14
1.57153e-14
1.50845e-14
1.44251e-14
1.37397e-14
1.30311e-14
1.23021e-14
1.15558e-14
1.07952e-14
1.00236e-14
9.24425e-15
8.46075e-15
7.67668e-15
6.89585e-15
6.12222e-15
5.36001e-15
4.61373e-15
3.8883e-15
3.18922e-15
2.52285e-15
1.89697e-15
1.32173e-15
8.11121e-16
3.84168e-16
2.22045e-16
3.51335e-16
3.12586e-15
7.12137e-15
1.18972e-14
1.72459e-14
2.30427e-14
2.91995e-14
3.5648e-14
4.23307e-14
4.91973e-14
5.62021e-14
6.33033e-14
7.04611e-14
7.76384e-14
8.47994e-14
9.191e-14
9.89375e-14
1.0585e-13
1.12619e-13
1.19214e-13
1.25607e-13
1.31773e-13
1.37687e-13
1.43324e-13
1.48663e-13
1.53682e-13
1.58363e-13
1.62686e-13
1.66636e-13
1.70198e-13
1.73358e-13
1.76106e-13
1.7843e-13
1.80324e-13
1.81779e-13
1.82791e-13
1.83358e-13
1.83476e-13
1.83148e-13
1.82373e-13
1.81157e-13
1.79504e-13
1.77421e-13
1.74916e-13
1.71999e-13
1.68683e-13
1.64979e-13
1.60903e-13
1.5647e-13
1.51698e-13
1.46606e-13
1.41212e-13
1.35539e-13
1.29608e-13
1.23444e-13
1.17071e-13
1.10515e-13
1.03802e-13
9.69606e-14
9.00197e-14
8.30094e-14
7.59609e-14
6.89066e-14
6.18806e-14
5.49183e-14
4.80573e-14
4.13378e-14
3.48031e-14
2.85014e-14
2.24877e-14
1.68282e-14
1.16077e-14
6.94752e-15
3.04938e-15
3.4273e-16
7.80741e-16
7.00181e-15
1.60565e-14
2.69553e-14
3.92116e-14
5.25246e-14
6.66821e-14
8.15196e-14
9.6901e-14
1.12708e-13
1.28835e-13
1.45183e-13
1.61662e-13
1.78185e-13
1.9467e-13
2.11039e-13
2.27216e-13
2.43129e-13
2.58709e-13
2.73889e-13
2.88605e-13
3.02798e-13
3.16408e-13
3.29383e-13
3.4167e-13
3.53222e-13
3.63993e-13
3.73943e-13
3.83034e-13
3.9123e-13
3.98503e-13
4.04826e-13
4.10174e-13
4.1453e-13
4.17878e-13
4.20207e-13
4.2151e-13
4.21782e-13
4.21025e-13
4.19242e-13
4.16442e-13
4.12637e-13
4.07841e-13
4.02076e-13
3.95364e-13
3.8773e-13
3.79206e-13
3.69825e-13
3.59622e-13
3.48639e-13
3.36918e-13
3.24504e-13
3.11447e-13
2.97798e-13
2.8361e-13
2.68942e-13
2.53851e-13
2.384e-13
2.22653e-13
2.06677e-13
1.9054e-13
1.74315e-13
1.58077e-13
1.41903e-13
1.25876e-13
1.10083e-13
9.46162e-14
7.95773e-14
6.50792e-14
5.12529e-14
3.82567e-14
2.6296e-14
1.56624e-14
6.82957e-15
7.61505e-16
1.29151e-15
1.16015e-14
2.66606e-14
4.48498e-14
6.53618e-14
8.76887e-14
1.11467e-13
1.36412e-13
1.62289e-13
1.88894e-13
2.16046e-13
2.43577e-13
2.71332e-13
2.99164e-13
3.26933e-13
3.54508e-13
3.8176e-13
4.08568e-13
4.34815e-13
4.60387e-13
4.85179e-13
5.09088e-13
5.32016e-13
5.53873e-13
5.74571e-13
5.9403e-13
6.12173e-13
6.28932e-13
6.44243e-13
6.58049e-13
6.70298e-13
6.80945e-13
6.89951e-13
6.97286e-13
7.02922e-13
7.06841e-13
7.09031e-13
7.09486e-13
7.08207e-13
7.052e-13
7.00479e-13
6.94065e-13
6.85984e-13
6.76269e-13
6.64958e-13
6.52097e-13
6.37735e-13
6.21929e-13
6.04741e-13
5.86237e-13
5.66491e-13
5.45579e-13
5.23582e-13
5.00589e-13
4.7669e-13
4.5198e-13
4.26561e-13
4.00534e-13
3.7401e-13
3.471e-13
3.19921e-13
2.92595e-13
2.65249e-13
2.38014e-13
2.11031e-13
1.84446e-13
1.5842e-13
1.33125e-13
1.08757e-13
8.55416e-14
6.3752e-14
4.37401e-14
2.59987e-14
1.13128e-14
1.25932e-15
1.86063e-15
1.6724e-14
3.84677e-14
6.47792e-14
9.45024e-14
1.26904e-13
1.61453e-13
1.97734e-13
2.35397e-13
2.74142e-13
3.137e-13
3.53822e-13
3.94281e-13
4.34859e-13
4.75352e-13
5.15565e-13
5.5531e-13
5.94409e-13
6.32691e-13
6.6999e-13
7.06152e-13
7.41025e-13
7.74468e-13
8.06348e-13
8.36537e-13
8.64917e-13
8.91378e-13
9.15819e-13
9.38148e-13
9.58279e-13
9.76139e-13
9.91662e-13
1.00479e-12
1.01548e-12
1.02369e-12
1.0294e-12
1.03259e-12
1.03324e-12
1.03136e-12
1.02697e-12
1.02007e-12
1.01071e-12
9.98911e-13
9.84731e-13
9.68225e-13
9.49457e-13
9.28501e-13
9.0544e-13
8.80364e-13
8.5337e-13
8.24564e-13
7.94058e-13
7.61973e-13
7.28435e-13
6.93577e-13
6.57539e-13
6.20467e-13
5.82513e-13
5.43836e-13
5.04599e-13
4.64975e-13
4.25141e-13
3.85283e-13
3.45596e-13
3.06285e-13
2.67569e-13
2.29682e-13
1.92882e-13
1.57456e-13
1.23739e-13
9.21313e-14
6.31463e-14
3.74947e-14
1.62999e-14
1.81338e-15
2.47373e-15
2.2241e-14
5.11823e-14
8.62399e-14
1.25887e-13
1.69151e-13
2.15326e-13
2.63852e-13
3.14262e-13
3.66147e-13
4.19143e-13
4.72915e-13
5.27153e-13
5.81563e-13
6.35868e-13
6.89804e-13
7.4312e-13
7.95573e-13
8.46931e-13
8.96975e-13
9.45492e-13
9.92282e-13
1.03715e-12
1.07993e-12
1.12043e-12
1.1585e-12
1.194e-12
1.22679e-12
1.25674e-12
1.28374e-12
1.3077e-12
1.32851e-12
1.34611e-12
1.36044e-12
1.37144e-12
1.37908e-12
1.38334e-12
1.38419e-12
1.38166e-12
1.37574e-12
1.36647e-12
1.35388e-12
1.33803e-12
1.31899e-12
1.29682e-12
1.27162e-12
1.24349e-12
1.21253e-12
1.17887e-12
1.14264e-12
1.10398e-12
1.06305e-12
1.01999e-12
9.74993e-13
9.28226e-13
8.79879e-13
8.3015e-13
7.79242e-13
7.2737e-13
6.74755e-13
6.21627e-13
5.68229e-13
5.14809e-13
4.61633e-13
4.08977e-13
3.57136e-13
3.0643e-13
2.57206e-13
2.09852e-13
1.64819e-13
1.22643e-13
8.40068e-14
4.98522e-14
2.16616e-14
2.40919e-15
3.12024e-15
2.8058e-14
6.45865e-14
1.08863e-13
1.58972e-13
2.13692e-13
2.72133e-13
3.33587e-13
3.97461e-13
4.63236e-13
5.30446e-13
5.98662e-13
6.67488e-13
7.36549e-13
8.05489e-13
8.73972e-13
9.41674e-13
1.00829e-12
1.07351e-12
1.13708e-12
1.1987e-12
1.25813e-12
1.31512e-12
1.36945e-12
1.42089e-12
1.46925e-12
1.51433e-12
1.55597e-12
1.594e-12
1.62828e-12
1.65869e-12
1.6851e-12
1.70744e-12
1.72561e-12
1.73955e-12
1.74923e-12
1.7546e-12
1.75565e-12
1.75239e-12
1.74484e-12
1.73303e-12
1.717e-12
1.69684e-12
1.67261e-12
1.64442e-12
1.61238e-12
1.57661e-12
1.53726e-12
1.49449e-12
1.44844e-12
1.39932e-12
1.34731e-12
1.29262e-12
1.23546e-12
1.17606e-12
1.11466e-12
1.05151e-12
9.86876e-13
9.21025e-13
8.54243e-13
7.86823e-13
7.19072e-13
6.51311e-13
5.83877e-13
5.17125e-13
4.51432e-13
3.87203e-13
3.24883e-13
2.64966e-13
2.08021e-13
1.54727e-13
1.05942e-13
6.28467e-14
2.73003e-14
3.03584e-15
3.79171e-15
3.40991e-14
7.85062e-14
1.32355e-13
1.93327e-13
2.59942e-13
3.31122e-13
4.06008e-13
4.83875e-13
5.64091e-13
6.46084e-13
7.2933e-13
8.13341e-13
8.97656e-13
9.81839e-13
1.06547e-12
1.14817e-12
1.22954e-12
1.30922e-12
1.38687e-12
1.46215e-12
1.53476e-12
1.60439e-12
1.67076e-12
1.7336e-12
1.79267e-12
1.84773e-12
1.89858e-12
1.94502e-12
1.98688e-12
2.02399e-12
2.05623e-12
2.08348e-12
2.10563e-12
2.12262e-12
2.13439e-12
2.14089e-12
2.14212e-12
2.13809e-12
2.1288e-12
2.1143e-12
2.09467e-12
2.06997e-12
2.04032e-12
2.00582e-12
1.96662e-12
1.92288e-12
1.87476e-12
1.82245e-12
1.76617e-12
1.70613e-12
1.64256e-12
1.57573e-12
1.50589e-12
1.43332e-12
1.35832e-12
1.2812e-12
1.20227e-12
1.12188e-12
1.04036e-12
9.58074e-13
8.75407e-13
7.92748e-13
7.1051e-13
6.29129e-13
5.49067e-13
4.7082e-13
3.94931e-13
3.22003e-13
2.52726e-13
1.87925e-13
1.28639e-13
7.62935e-14
3.31356e-14
3.6844e-15
4.48105e-15
4.03008e-14
9.27948e-14
1.56468e-13
2.28587e-13
3.07411e-13
3.91666e-13
4.80338e-13
5.72572e-13
6.67617e-13
7.64793e-13
8.63479e-13
9.63093e-13
1.06308e-12
1.16294e-12
1.26215e-12
1.36025e-12
1.4568e-12
1.55134e-12
1.64348e-12
1.73281e-12
1.81896e-12
1.90158e-12
1.98032e-12
2.05488e-12
2.12495e-12
2.19027e-12
2.25058e-12
2.30565e-12
2.35527e-12
2.39926e-12
2.43745e-12
2.46972e-12
2.49593e-12
2.51602e-12
2.5299e-12
2.53753e-12
2.53891e-12
2.53403e-12
2.52291e-12
2.50562e-12
2.48223e-12
2.45284e-12
2.41756e-12
2.37655e-12
2.32995e-12
2.27797e-12
2.22081e-12
2.15868e-12
2.09185e-12
2.02056e-12
1.9451e-12
1.86577e-12
1.78289e-12
1.69679e-12
1.60782e-12
1.51634e-12
1.42274e-12
1.32742e-12
1.23077e-12
1.13325e-12
1.03529e-12
9.3737e-13
8.39971e-13
7.43615e-13
6.4885e-13
5.56266e-13
4.66503e-13
3.80276e-13
2.98399e-13
2.21842e-13
1.51827e-13
9.00318e-14
3.90978e-14
4.34707e-15
5.18212e-15
4.66077e-14
1.07325e-13
1.80988e-13
2.6444e-13
3.55675e-13
4.53222e-13
5.5591e-13
6.6275e-13
7.72871e-13
8.85487e-13
9.99873e-13
1.11535e-12
1.23129e-12
1.34708e-12
1.46214e-12
1.57592e-12
1.68789e-12
1.79755e-12
1.90442e-12
2.00803e-12
2.10796e-12
2.20377e-12
2.29509e-12
2.38154e-12
2.46279e-12
2.53851e-12
2.60841e-12
2.67222e-12
2.7297e-12
2.78064e-12
2.82485e-12
2.86218e-12
2.89248e-12
2.91566e-12
2.93164e-12
2.94037e-12
2.94183e-12
2.93604e-12
2.92302e-12
2.90283e-12
2.87557e-12
2.84135e-12
2.80031e-12
2.75262e-12
2.69847e-12
2.63807e-12
2.57168e-12
2.49954e-12
2.42194e-12
2.3392e-12
2.25164e-12
2.1596e-12
2.06346e-12
1.9636e-12
1.86043e-12
1.75438e-12
1.64588e-12
1.53541e-12
1.42343e-12
1.31046e-12
1.19701e-12
1.08362e-12
9.70873e-13
8.5936e-13
7.49719e-13
6.42633e-13
5.38842e-13
4.3917e-13
3.44557e-13
2.56119e-13
1.75263e-13
1.03917e-13
4.51238e-14
5.01687e-15
5.88949e-15
5.29713e-14
1.21985e-13
2.05725e-13
3.0061e-13
4.04362e-13
5.15314e-13
6.32137e-13
7.53705e-13
8.79028e-13
1.00721e-12
1.13743e-12
1.26891e-12
1.40092e-12
1.53277e-12
1.6638e-12
1.79338e-12
1.9209e-12
2.0458e-12
2.1675e-12
2.2855e-12
2.39928e-12
2.50838e-12
2.61235e-12
2.71076e-12
2.80323e-12
2.88939e-12
2.96891e-12
3.04148e-12
3.10684e-12
3.16472e-12
3.21494e-12
3.2573e-12
3.29165e-12
3.31788e-12
3.3359e-12
3.34567e-12
3.34715e-12
3.34037e-12
3.32535e-12
3.30218e-12
3.27095e-12
3.2318e-12
3.1849e-12
3.13043e-12
3.06861e-12
2.9997e-12
2.92396e-12
2.8417e-12
2.75325e-12
2.65895e-12
2.55918e-12
2.45433e-12
2.34484e-12
2.23113e-12
2.11368e-12
1.99297e-12
1.86951e-12
1.74382e-12
1.61645e-12
1.48797e-12
1.35897e-12
1.23008e-12
1.10195e-12
9.75244e-13
8.50701e-13
7.2909e-13
6.11252e-13
4.98121e-13
3.90758e-13
2.90428e-13
1.9872e-13
1.17815e-13
5.11558e-14
5.68733e-15
6.59837e-15
5.93481e-14
1.36676e-13
2.30512e-13
3.36849e-13
4.5314e-13
5.77519e-13
7.08496e-13
8.44811e-13
9.85354e-13
1.12912e-12
1.27518e-12
1.42267e-12
1.57077e-12
1.71869e-12
1.86569e-12
2.01107e-12
2.15414e-12
2.29425e-12
2.43078e-12
2.56313e-12
2.69075e-12
2.8131e-12
2.92967e-12
3.03999e-12
3.14363e-12
3.24017e-12
3.32925e-12
3.41051e-12
3.48365e-12
3.54841e-12
3.60454e-12
3.65184e-12
3.69015e-12
3.71934e-12
3.73931e-12
3.75002e-12
3.75143e-12
3.74357e-12
3.72647e-12
3.70022e-12
3.66495e-12
3.6208e-12
3.56797e-12
3.50666e-12
3.43712e-12
3.35964e-12
3.27453e-12
3.18212e-12
3.08279e-12
2.97693e-12
2.86495e-12
2.74732e-12
2.62449e-12
2.49697e-12
2.36529e-12
2.22997e-12
2.0916e-12
1.95076e-12
1.80808e-12
1.66418e-12
1.51973e-12
1.37543e-12
1.23201e-12
1.09022e-12
9.50886e-13
8.1486e-13
6.83083e-13
5.56597e-13
4.36587e-13
3.24461e-13
2.21988e-13
1.31602e-13
5.71393e-14
6.35242e-15
7.30446e-15
6.56999e-14
1.51307e-13
2.55198e-13
3.72941e-13
5.01715e-13
6.39459e-13
7.84523e-13
9.35514e-13
1.0912e-12
1.25047e-12
1.41228e-12
1.57569e-12
1.73977e-12
1.90366e-12
2.06653e-12
2.22759e-12
2.38608e-12
2.54128e-12
2.6925e-12
2.83908e-12
2.98039e-12
3.11584e-12
3.24487e-12
3.36695e-12
3.48161e-12
3.58837e-12
3.68684e-12
3.77663e-12
3.85741e-12
3.92887e-12
3.99076e-12
4.04285e-12
4.08497e-12
4.11698e-12
4.13877e-12
4.15028e-12
4.1515e-12
4.14246e-12
4.12318e-12
4.09378e-12
4.0544e-12
4.0052e-12
3.94639e-12
3.87822e-12
3.80096e-12
3.71492e-12
3.62047e-12
3.51796e-12
3.40781e-12
3.29046e-12
3.16638e-12
3.03607e-12
2.90004e-12
2.75886e-12
2.61309e-12
2.46335e-12
2.31026e-12
2.15447e-12
1.99667e-12
1.83757e-12
1.6779e-12
1.51842e-12
1.35995e-12
1.20332e-12
1.04942e-12
8.99208e-13
7.5372e-13
6.141e-13
4.81652e-13
3.57925e-13
2.44868e-13
1.45158e-13
6.3023e-14
7.00642e-15
8.00399e-15
7.19924e-14
1.65802e-13
2.79653e-13
4.0869e-13
5.49826e-13
7.00801e-13
8.59809e-13
1.02532e-12
1.19599e-12
1.37058e-12
1.54797e-12
1.72711e-12
1.90698e-12
2.08663e-12
2.26515e-12
2.44168e-12
2.61538e-12
2.78544e-12
2.95112e-12
3.11169e-12
3.26645e-12
3.41475e-12
3.55599e-12
3.68958e-12
3.815e-12
3.93174e-12
4.03936e-12
4.13743e-12
4.2256e-12
4.30354e-12
4.37096e-12
4.42763e-12
4.47335e-12
4.50798e-12
4.53141e-12
4.54357e-12
4.54446e-12
4.5341e-12
4.51254e-12
4.4799e-12
4.43634e-12
4.38204e-12
4.31725e-12
4.24222e-12
4.15727e-12
4.06275e-12
3.95903e-12
3.84653e-12
3.7257e-12
3.59703e-12
3.46103e-12
3.31824e-12
3.16924e-12
3.01464e-12
2.85507e-12
2.69118e-12
2.52368e-12
2.35326e-12
2.18069e-12
2.00672e-12
1.83217e-12
1.65787e-12
1.4847e-12
1.31358e-12
1.14548e-12
9.81435e-13
8.22577e-13
6.7015e-13
5.25577e-13
3.90542e-13
2.67168e-13
1.58371e-13
6.87577e-14
7.64385e-15
8.69361e-15
7.81958e-14
1.80091e-13
3.03758e-13
4.43926e-13
5.97242e-13
7.61251e-13
9.33991e-13
1.1138e-12
1.2992e-12
1.48888e-12
1.68159e-12
1.87618e-12
2.07156e-12
2.26668e-12
2.46056e-12
2.65225e-12
2.84083e-12
3.02544e-12
3.20525e-12
3.37946e-12
3.54734e-12
3.70816e-12
3.86127e-12
4.00603e-12
4.14187e-12
4.26825e-12
4.38468e-12
4.49071e-12
4.58595e-12
4.67006e-12
4.74272e-12
4.80368e-12
4.85275e-12
4.88975e-12
4.91459e-12
4.9272e-12
4.92757e-12
4.91575e-12
4.89178e-12
4.85581e-12
4.80801e-12
4.74859e-12
4.67781e-12
4.59596e-12
4.50339e-12
4.40047e-12
4.28763e-12
4.1653e-12
4.034e-12
3.89424e-12
3.74658e-12
3.59161e-12
3.42997e-12
3.2623e-12
3.08929e-12
2.91166e-12
2.73015e-12
2.54554e-12
2.35863e-12
2.17026e-12
1.9813e-12
1.79265e-12
1.60526e-12
1.42013e-12
1.23829e-12
1.06087e-12
8.8909e-13
7.2429e-13
5.68003e-13
4.22045e-13
2.88707e-13
1.71133e-13
7.42963e-14
8.25949e-15
9.37048e-15
8.42844e-14
1.94115e-13
3.27415e-13
4.78504e-13
6.43766e-13
8.20557e-13
1.00676e-12
1.20057e-12
1.40042e-12
1.60485e-12
1.81255e-12
2.02225e-12
2.23278e-12
2.44301e-12
2.65186e-12
2.85832e-12
3.06139e-12
3.26014e-12
3.45366e-12
3.64111e-12
3.82167e-12
3.99458e-12
4.15913e-12
4.31463e-12
4.46046e-12
4.59605e-12
4.72088e-12
4.83447e-12
4.93639e-12
5.02628e-12
5.10382e-12
5.16873e-12
5.22081e-12
5.25989e-12
5.28587e-12
5.29868e-12
5.29833e-12
5.28486e-12
5.25834e-12
5.21893e-12
5.16682e-12
5.10225e-12
5.02549e-12
4.93688e-12
4.83678e-12
4.72561e-12
4.60381e-12
4.47189e-12
4.33037e-12
4.17982e-12
4.02084e-12
3.85407e-12
3.68018e-12
3.49988e-12
3.3139e-12
3.12302e-12
2.92803e-12
2.72976e-12
2.52908e-12
2.32687e-12
2.12408e-12
1.92167e-12
1.72065e-12
1.52208e-12
1.32709e-12
1.13687e-12
9.5272e-13
7.76079e-13
6.08584e-13
4.52177e-13
3.09307e-13
1.83338e-13
7.95934e-14
8.8483e-15
1.00322e-14
9.02362e-14
2.07824e-13
3.50538e-13
5.12298e-13
6.89232e-13
8.78504e-13
1.07784e-12
1.28533e-12
1.49925e-12
1.71807e-12
1.94036e-12
2.16477e-12
2.39002e-12
2.61492e-12
2.8383e-12
3.05906e-12
3.27615e-12
3.48855e-12
3.69529e-12
3.89547e-12
4.08822e-12
4.27271e-12
4.44818e-12
4.6139e-12
4.76923e-12
4.91353e-12
5.04626e-12
5.16691e-12
5.27504e-12
5.37026e-12
5.45223e-12
5.52069e-12
5.57539e-12
5.6162e-12
5.64299e-12
5.65572e-12
5.65438e-12
5.63905e-12
5.60982e-12
5.56684e-12
5.51034e-12
5.44058e-12
5.35787e-12
5.26256e-12
5.15505e-12
5.03579e-12
4.90526e-12
4.764e-12
4.61258e-12
4.4516e-12
4.2817e-12
4.10357e-12
3.91793e-12
3.72553e-12
3.52715e-12
3.3236e-12
3.11574e-12
2.90446e-12
2.69066e-12
2.4753e-12
2.25937e-12
2.04389e-12
1.82993e-12
1.61863e-12
1.41116e-12
1.20881e-12
1.01294e-12
8.25091e-13
6.46986e-13
4.8069e-13
3.28799e-13
1.94887e-13
8.46055e-14
9.40541e-15
1.06767e-14
9.60339e-14
2.21176e-13
3.7306e-13
5.45209e-13
7.33503e-13
9.34919e-13
1.14704e-12
1.36781e-12
1.59541e-12
1.82819e-12
2.06462e-12
2.30327e-12
2.54277e-12
2.78184e-12
3.01924e-12
3.25378e-12
3.48434e-12
3.70984e-12
3.92924e-12
4.14158e-12
4.34592e-12
4.54141e-12
4.72721e-12
4.90257e-12
5.06679e-12
5.21922e-12
5.35928e-12
5.48643e-12
5.60022e-12
5.70024e-12
5.78614e-12
5.85765e-12
5.91454e-12
5.95664e-12
5.98387e-12
5.99616e-12
5.99356e-12
5.97612e-12
5.94396e-12
5.89727e-12
5.83629e-12
5.76131e-12
5.67265e-12
5.57072e-12
5.45593e-12
5.32877e-12
5.18977e-12
5.03948e-12
4.87851e-12
4.70751e-12
4.52717e-12
4.3382e-12
4.14137e-12
3.93747e-12
3.72732e-12
3.51179e-12
3.29178e-12
3.06822e-12
2.84207e-12
2.61433e-12
2.38604e-12
2.15829e-12
1.9322e-12
1.70895e-12
1.4898e-12
1.27609e-12
1.06926e-12
8.70917e-13
6.82888e-13
5.07344e-13
3.47019e-13
2.05681e-13
8.92902e-14
9.92613e-15
1.13026e-14
1.01664e-13
2.34142e-13
3.94926e-13
5.77159e-13
7.76474e-13
9.89667e-13
1.21417e-12
1.4478e-12
1.68864e-12
1.93492e-12
2.18501e-12
2.4374e-12
2.69062e-12
2.94332e-12
3.19416e-12
3.4419e-12
3.68534e-12
3.92332e-12
4.15475e-12
4.37861e-12
4.5939e-12
4.79971e-12
4.99519e-12
5.17952e-12
5.35197e-12
5.51187e-12
5.65859e-12
5.79161e-12
5.91043e-12
6.01464e-12
6.10389e-12
6.1779e-12
6.23645e-12
6.27938e-12
6.30659e-12
6.31807e-12
6.31384e-12
6.294e-12
6.25868e-12
6.20811e-12
6.14253e-12
6.06227e-12
5.96769e-12
5.8592e-12
5.73728e-12
5.60244e-12
5.45523e-12
5.29625e-12
5.12614e-12
4.94559e-12
4.75532e-12
4.55609e-12
4.3487e-12
4.13398e-12
3.91279e-12
3.68605e-12
3.45469e-12
3.21968e-12
2.98203e-12
2.74278e-12
2.50303e-12
2.2639e-12
2.02658e-12
1.79229e-12
1.56234e-12
1.33814e-12
1.12118e-12
9.13161e-13
7.1598e-13
5.31909e-13
3.63811e-13
2.15628e-13
9.36071e-14
1.0406e-14
1.19088e-14
1.07116e-13
2.46698e-13
4.16101e-13
6.08095e-13
8.18073e-13
1.04265e-12
1.27913e-12
1.52518e-12
1.77878e-12
2.03806e-12
2.3013e-12
2.56688e-12
2.83327e-12
3.099e-12
3.36269e-12
3.623e-12
3.87866e-12
4.12845e-12
4.37123e-12
4.6059e-12
4.83142e-12
5.04684e-12
5.25125e-12
5.44381e-12
5.62375e-12
5.79037e-12
5.94304e-12
6.0812e-12
6.20435e-12
6.31207e-12
6.40402e-12
6.4799e-12
6.53952e-12
6.58272e-12
6.60942e-12
6.61962e-12
6.61338e-12
6.5908e-12
6.55205e-12
6.49737e-12
6.42705e-12
6.34144e-12
6.24093e-12
6.12598e-12
5.99707e-12
5.85476e-12
5.69964e-12
5.53234e-12
5.35354e-12
5.16395e-12
4.96433e-12
4.75547e-12
4.53822e-12
4.31343e-12
4.08201e-12
3.84489e-12
3.60306e-12
3.35752e-12
3.10932e-12
2.85954e-12
2.60931e-12
2.3598e-12
2.11224e-12
1.86789e-12
1.62813e-12
1.39439e-12
1.16825e-12
9.51444e-13
7.45963e-13
5.54163e-13
3.79021e-13
2.24638e-13
9.7517e-14
1.08406e-14
1.24948e-14
1.12387e-13
2.58834e-13
4.36563e-13
6.37984e-13
8.58257e-13
1.09383e-12
1.34183e-12
1.59985e-12
1.86573e-12
2.1375e-12
2.41335e-12
2.69156e-12
2.97051e-12
3.24867e-12
3.52455e-12
3.79676e-12
4.06395e-12
4.32484e-12
4.57822e-12
4.82295e-12
5.05793e-12
5.28217e-12
5.49471e-12
5.69469e-12
5.88131e-12
6.05384e-12
6.21164e-12
6.35414e-12
6.48084e-12
6.59131e-12
6.68521e-12
6.76227e-12
6.82229e-12
6.86515e-12
6.89077e-12
6.89919e-12
6.89047e-12
6.86475e-12
6.82225e-12
6.76322e-12
6.68799e-12
6.59693e-12
6.49048e-12
6.36912e-12
6.23338e-12
6.08384e-12
5.92113e-12
5.7459e-12
5.55887e-12
5.36079e-12
5.15244e-12
4.93465e-12
4.70829e-12
4.47425e-12
4.23346e-12
3.9869e-12
3.73557e-12
3.4805e-12
3.22278e-12
2.96353e-12
2.7039e-12
2.44509e-12
2.18837e-12
1.93505e-12
1.68654e-12
1.44432e-12
1.21e-12
9.85401e-13
7.72552e-13
5.73894e-13
3.92504e-13
2.32625e-13
1.00983e-13
1.12258e-14
1.30603e-14
1.17473e-13
2.70546e-13
4.56308e-13
6.66821e-13
8.97016e-13
1.14317e-12
1.40228e-12
1.67179e-12
1.94946e-12
2.23319e-12
2.52109e-12
2.81135e-12
3.10226e-12
3.3922e-12
3.67961e-12
3.96301e-12
4.241e-12
4.51224e-12
4.77544e-12
5.02941e-12
5.27303e-12
5.50523e-12
5.72504e-12
5.93156e-12
6.12397e-12
6.30153e-12
6.46358e-12
6.60954e-12
6.73892e-12
6.8513e-12
6.94635e-12
7.02381e-12
7.0835e-12
7.12531e-12
7.14922e-12
7.15526e-12
7.14355e-12
7.11426e-12
7.06763e-12
7.00396e-12
6.92361e-12
6.82698e-12
6.71456e-12
6.58685e-12
6.44442e-12
6.28788e-12
6.1179e-12
5.93516e-12
5.7404e-12
5.53441e-12
5.318e-12
5.09203e-12
4.85737e-12
4.61495e-12
4.36574e-12
4.11072e-12
3.85093e-12
3.58742e-12
3.3213e-12
3.05372e-12
2.78584e-12
2.51891e-12
2.25421e-12
1.99309e-12
1.73698e-12
1.48741e-12
1.24603e-12
1.01469e-12
7.95475e-13
5.90901e-13
4.04124e-13
2.39507e-13
1.03969e-13
1.15576e-14
1.36058e-14
1.22379e-13
2.8184e-13
4.75347e-13
6.9462e-13
9.3437e-13
1.1907e-12
1.46048e-12
1.74103e-12
2.02998e-12
2.32516e-12
2.62456e-12
2.92628e-12
3.22852e-12
3.52958e-12
3.82783e-12
4.12171e-12
4.40975e-12
4.69053e-12
4.96273e-12
5.2251e-12
5.47647e-12
5.71573e-12
5.94188e-12
6.154e-12
6.35125e-12
6.53287e-12
6.69821e-12
6.84668e-12
6.9778e-12
7.09117e-12
7.18647e-12
7.26347e-12
7.322e-12
7.36201e-12
7.38348e-12
7.3865e-12
7.37123e-12
7.33786e-12
7.28668e-12
7.21803e-12
7.13231e-12
7.02996e-12
6.9115e-12
6.77748e-12
6.6285e-12
6.4652e-12
6.28828e-12
6.09846e-12
5.8965e-12
5.68322e-12
5.45945e-12
5.22607e-12
4.98398e-12
4.73413e-12
4.4775e-12
4.21509e-12
3.94795e-12
3.67716e-12
3.40383e-12
3.12913e-12
2.85426e-12
2.58046e-12
2.30904e-12
2.04138e-12
1.77891e-12
1.5232e-12
1.27593e-12
1.03897e-12
8.14477e-13
6.04993e-13
4.1375e-13
2.45206e-13
1.06441e-13
1.18324e-14
1.41318e-14
1.2711e-13
2.92732e-13
4.93704e-13
7.21419e-13
9.70368e-13
1.23649e-12
1.51652e-12
1.80765e-12
2.10741e-12
2.41352e-12
2.72386e-12
3.03645e-12
3.3494e-12
3.66092e-12
3.96931e-12
4.27293e-12
4.57023e-12
4.85975e-12
5.14009e-12
5.40997e-12
5.66815e-12
5.91352e-12
6.14503e-12
6.36174e-12
6.5628e-12
6.74746e-12
6.91504e-12
7.065e-12
7.19684e-12
7.31019e-12
7.40476e-12
7.48035e-12
7.53684e-12
7.57418e-12
7.59243e-12
7.59172e-12
7.57222e-12
7.53421e-12
7.47801e-12
7.40399e-12
7.31261e-12
7.20435e-12
7.07977e-12
6.93946e-12
6.78405e-12
6.61423e-12
6.43071e-12
6.23425e-12
6.02565e-12
5.80572e-12
5.57533e-12
5.33537e-12
5.08677e-12
4.83047e-12
4.56747e-12
4.2988e-12
4.02549e-12
3.74864e-12
3.46938e-12
3.18887e-12
2.90832e-12
2.62899e-12
2.35219e-12
2.0793e-12
1.81179e-12
1.55123e-12
1.29932e-12
1.05796e-12
8.2932e-13
6.15995e-13
4.21261e-13
2.49652e-13
1.0837e-13
1.20468e-14
1.46397e-14
1.31677e-13
3.03245e-13
5.11421e-13
7.47274e-13
1.00509e-12
1.28063e-12
1.57051e-12
1.8718e-12
2.18189e-12
2.49842e-12
2.81917e-12
3.14205e-12
3.4651e-12
3.78643e-12
4.10425e-12
4.41686e-12
4.72263e-12
5.02004e-12
5.30765e-12
5.5841e-12
5.84813e-12
6.0986e-12
6.33443e-12
6.55467e-12
6.75845e-12
6.94504e-12
7.11376e-12
7.26408e-12
7.39553e-12
7.50778e-12
7.60056e-12
7.67372e-12
7.72717e-12
7.76093e-12
7.77508e-12
7.76984e-12
7.74542e-12
7.70214e-12
7.64037e-12
7.56055e-12
7.46318e-12
7.34879e-12
7.21797e-12
7.07137e-12
6.90965e-12
6.73353e-12
6.54376e-12
6.34112e-12
6.12642e-12
5.90052e-12
5.66428e-12
5.41861e-12
5.16445e-12
4.90275e-12
4.63451e-12
4.36075e-12
4.08252e-12
3.80091e-12
3.51705e-12
3.2321e-12
2.94726e-12
2.6638e-12
2.38302e-12
2.10632e-12
1.83515e-12
1.57109e-12
1.31586e-12
1.07136e-12
8.39786e-13
6.23744e-13
4.26547e-13
2.5278e-13
1.09726e-13
1.21975e-14
1.51308e-14
1.36094e-13
3.13411e-13
5.28549e-13
7.72264e-13
1.03863e-12
1.32326e-12
1.62261e-12
1.93364e-12
2.25364e-12
2.58011e-12
2.91075e-12
3.24338e-12
3.57591e-12
3.9064e-12
4.23295e-12
4.55379e-12
4.86723e-12
5.17168e-12
5.46564e-12
5.7477e-12
6.01658e-12
6.2711e-12
6.51015e-12
6.73279e-12
6.93815e-12
7.12548e-12
7.29416e-12
7.44364e-12
7.57353e-12
7.6835e-12
7.77334e-12
7.84296e-12
7.89231e-12
7.92147e-12
7.9306e-12
7.91995e-12
7.88982e-12
7.84058e-12
7.77265e-12
7.68655e-12
7.58281e-12
7.46202e-12
7.32483e-12
7.17192e-12
7.00399e-12
6.8218e-12
6.62612e-12
6.41776e-12
6.19756e-12
5.96637e-12
5.72509e-12
5.47462e-12
5.21589e-12
4.94987e-12
4.67755e-12
4.39995e-12
4.1181e-12
3.83309e-12
3.54603e-12
3.25807e-12
2.9704e-12
2.68428e-12
2.401e-12
2.12195e-12
1.84857e-12
1.58243e-12
1.32526e-12
1.07894e-12
8.45684e-13
6.28099e-13
4.29512e-13
2.54531e-13
1.10485e-13
1.22818e-14
1.56071e-14
1.40378e-13
3.23269e-13
5.45154e-13
7.96484e-13
1.07112e-12
1.36453e-12
1.67302e-12
1.99342e-12
2.32291e-12
2.65889e-12
2.99893e-12
3.34076e-12
3.6822e-12
4.0212e-12
4.3558e-12
4.68413e-12
5.00443e-12
5.31505e-12
5.61442e-12
5.90112e-12
6.1738e-12
6.43126e-12
6.6724e-12
6.89626e-12
7.10196e-12
7.2888e-12
7.45616e-12
7.60354e-12
7.73058e-12
7.83702e-12
7.9227e-12
7.98758e-12
8.03169e-12
8.05513e-12
8.05823e-12
8.04125e-12
8.00456e-12
7.9486e-12
7.87387e-12
7.78095e-12
7.67042e-12
7.54295e-12
7.39922e-12
7.23996e-12
7.06591e-12
6.87786e-12
6.67663e-12
6.46303e-12
6.23792e-12
6.00217e-12
5.75667e-12
5.50233e-12
5.24008e-12
4.97087e-12
4.69569e-12
4.41553e-12
4.13141e-12
3.84441e-12
3.5556e-12
3.26612e-12
2.97714e-12
2.68989e-12
2.40565e-12
2.12576e-12
1.85168e-12
1.58494e-12
1.32724e-12
1.08049e-12
8.46849e-13
6.28938e-13
4.30073e-13
2.54858e-13
1.10625e-13
1.22973e-14
1.60708e-14
1.44547e-13
3.32863e-13
5.61311e-13
8.20042e-13
1.10272e-12
1.40463e-12
1.72195e-12
2.0514e-12
2.39001e-12
2.73508e-12
3.08408e-12
3.43461e-12
3.7844e-12
4.13131e-12
4.47327e-12
4.80835e-12
5.1347e-12
5.4506e-12
5.75446e-12
6.04477e-12
6.32017e-12
6.57944e-12
6.82147e-12
7.04529e-12
7.25006e-12
7.43509e-12
7.59978e-12
7.74372e-12
7.86657e-12
7.96813e-12
8.04833e-12
8.10719e-12
8.14481e-12
8.1614e-12
8.15737e-12
8.13304e-12
8.08887e-12
8.02539e-12
7.94317e-12
7.84284e-12
7.72507e-12
7.59058e-12
7.44012e-12
7.27445e-12
7.09437e-12
6.9007e-12
6.69427e-12
6.47592e-12
6.24653e-12
6.00695e-12
5.7581e-12
5.50086e-12
5.23617e-12
4.96495e-12
4.68816e-12
4.40678e-12
4.1218e-12
3.83426e-12
3.54522e-12
3.25576e-12
2.96704e-12
2.68024e-12
2.3966e-12
2.11746e-12
1.84421e-12
1.57838e-12
1.32164e-12
1.07585e-12
8.43165e-13
6.26174e-13
4.28169e-13
2.53724e-13
1.10132e-13
1.22424e-14
1.65241e-14
1.48623e-13
3.42242e-13
5.77103e-13
8.4306e-13
1.13357e-12
1.44376e-12
1.76967e-12
2.10787e-12
2.45529e-12
2.80909e-12
3.16662e-12
3.52539e-12
3.88301e-12
4.23723e-12
4.58589e-12
4.92698e-12
5.25858e-12
5.57889e-12
5.88626e-12
6.17915e-12
6.45616e-12
6.71606e-12
6.95773e-12
7.18021e-12
7.3827e-12
7.56451e-12
7.72514e-12
7.86419e-12
7.98141e-12
8.07668e-12
8.15e-12
8.20148e-12
8.23128e-12
8.23981e-12
8.22748e-12
8.19473e-12
8.14211e-12
8.07023e-12
7.97976e-12
7.87141e-12
7.74594e-12
7.60411e-12
7.44672e-12
7.2746e-12
7.08857e-12
6.8895e-12
6.67824e-12
6.45564e-12
6.2226e-12
5.97997e-12
5.72864e-12
5.46952e-12
5.20348e-12
4.93145e-12
4.65436e-12
4.37313e-12
4.08873e-12
3.80215e-12
3.51441e-12
3.22656e-12
2.93969e-12
2.65495e-12
2.37355e-12
2.09675e-12
1.82592e-12
1.56255e-12
1.30826e-12
1.06488e-12
8.34522e-13
6.19729e-13
4.23749e-13
2.511e-13
1.08991e-13
1.21156e-14
1.69697e-14
1.5263e-13
3.5146e-13
5.9262e-13
8.65669e-13
1.16386e-12
1.48215e-12
1.81644e-12
2.16316e-12
2.5191e-12
2.88131e-12
3.24701e-12
3.61358e-12
3.97854e-12
4.33951e-12
4.69424e-12
5.04063e-12
5.37667e-12
5.70049e-12
6.01039e-12
6.30479e-12
6.58227e-12
6.84157e-12
7.08158e-12
7.30137e-12
7.50015e-12
7.6773e-12
7.83236e-12
7.96501e-12
8.07509e-12
8.16256e-12
8.22753e-12
8.27019e-12
8.29078e-12
8.28996e-12
8.2681e-12
8.22579e-12
8.16371e-12
8.08256e-12
7.98309e-12
7.8661e-12
7.73241e-12
7.58287e-12
7.41835e-12
7.23971e-12
7.04783e-12
6.8436e-12
6.62789e-12
6.40158e-12
6.16554e-12
5.92065e-12
5.66778e-12
5.40779e-12
5.14156e-12
4.86996e-12
4.59387e-12
4.3142e-12
4.03186e-12
3.74777e-12
3.46291e-12
3.17827e-12
2.8949e-12
2.61386e-12
2.33633e-12
2.06351e-12
1.79671e-12
1.53737e-12
1.28705e-12
1.04754e-12
8.20882e-13
6.09573e-13
4.16792e-13
2.46973e-13
1.07199e-13
1.19163e-14
1.74102e-14
1.56591e-13
3.60571e-13
6.07954e-13
8.88003e-13
1.19376e-12
1.52003e-12
1.86254e-12
2.21759e-12
2.58183e-12
2.95217e-12
3.32571e-12
3.69971e-12
4.07154e-12
4.43873e-12
4.79892e-12
5.14989e-12
5.48956e-12
5.81601e-12
6.12745e-12
6.42227e-12
6.69903e-12
6.95646e-12
7.19346e-12
7.40912e-12
7.60271e-12
7.77365e-12
7.92158e-12
8.04625e-12
8.14759e-12
8.22569e-12
8.28076e-12
8.31303e-12
8.32307e-12
8.31149e-12
8.27884e-12
8.22584e-12
8.15325e-12
8.06189e-12
7.95262e-12
7.82633e-12
7.68393e-12
7.52634e-12
7.35448e-12
7.16929e-12
6.97167e-12
6.76255e-12
6.54281e-12
6.31334e-12
6.07502e-12
5.82869e-12
5.57522e-12
5.31544e-12
5.05019e-12
4.78028e-12
4.50657e-12
4.22989e-12
3.9511e-12
3.67106e-12
3.39068e-12
3.11088e-12
2.83263e-12
2.55697e-12
2.28495e-12
2.01774e-12
1.75659e-12
1.50285e-12
1.25802e-12
1.02383e-12
8.02258e-13
5.95719e-13
4.07308e-13
2.41349e-13
1.04757e-13
1.16448e-14
1.78483e-14
1.60529e-13
3.69629e-13
6.23196e-13
9.10196e-13
1.22346e-12
1.55762e-12
1.90825e-12
2.27148e-12
2.64385e-12
3.02211e-12
3.40321e-12
3.78427e-12
4.16256e-12
4.53546e-12
4.9005e-12
5.25536e-12
5.59787e-12
5.92603e-12
6.238e-12
6.53212e-12
6.80693e-12
7.06116e-12
7.29374e-12
7.50379e-12
7.69062e-12
7.85377e-12
7.99291e-12
8.10793e-12
8.19888e-12
8.26596e-12
8.30948e-12
8.3298e-12
8.32784e-12
8.3041e-12
8.25936e-12
8.19445e-12
8.11028e-12
8.00778e-12
7.88792e-12
7.7517e-12
7.6001e-12
7.43414e-12
7.25479e-12
7.06305e-12
6.85985e-12
6.64614e-12
6.42283e-12
6.19081e-12
5.95094e-12
5.70406e-12
5.45098e-12
5.19251e-12
4.92944e-12
4.66254e-12
4.39258e-12
4.12034e-12
3.84661e-12
3.57218e-12
3.29788e-12
3.02455e-12
2.75309e-12
2.48443e-12
2.21958e-12
1.95962e-12
1.7057e-12
1.45911e-12
1.22129e-12
9.93855e-13
7.78726e-13
5.78223e-13
3.95336e-13
2.34252e-13
1.01676e-13
1.13023e-14
1.82863e-14
1.64467e-13
3.78687e-13
6.38435e-13
9.32376e-13
1.25313e-12
1.59514e-12
1.95383e-12
2.32517e-12
2.70553e-12
3.09151e-12
3.47994e-12
3.86776e-12
4.25211e-12
4.63023e-12
4.99954e-12
5.3576e-12
5.70215e-12
6.03109e-12
6.34254e-12
6.6348e-12
6.9064e-12
7.15606e-12
7.38274e-12
7.58561e-12
7.76408e-12
7.91773e-12
8.04637e-12
8.15001e-12
8.22883e-12
8.28317e-12
8.31336e-12
8.32031e-12
8.30474e-12
8.26742e-12
8.20925e-12
8.13124e-12
8.03443e-12
7.91987e-12
7.78867e-12
7.64191e-12
7.4807e-12
7.30609e-12
7.11915e-12
6.9209e-12
6.71234e-12
6.49443e-12
6.26807e-12
6.03416e-12
5.79354e-12
5.54702e-12
5.29538e-12
5.03937e-12
4.77972e-12
4.51714e-12
4.25234e-12
3.98601e-12
3.71886e-12
3.4516e-12
3.18497e-12
2.91972e-12
2.65667e-12
2.39665e-12
2.14058e-12
1.88945e-12
1.64433e-12
1.40642e-12
1.17706e-12
9.57792e-13
7.5043e-13
5.57194e-13
3.80951e-13
2.25726e-13
9.7975e-14
1.0891e-14
1.87267e-14
1.68426e-13
3.87792e-13
6.5375e-13
9.5466e-13
1.28292e-12
1.6328e-12
1.99952e-12
2.37892e-12
2.76719e-12
3.16077e-12
3.55631e-12
3.95062e-12
4.34066e-12
4.72354e-12
5.09654e-12
5.4571e-12
5.80286e-12
6.13165e-12
6.4415e-12
6.7307e-12
6.99775e-12
7.2414e-12
7.46064e-12
7.65472e-12
7.8231e-12
7.9655e-12
8.08185e-12
8.17231e-12
8.2372e-12
8.27692e-12
8.29222e-12
8.28414e-12
8.2534e-12
8.20104e-12
8.12814e-12
8.03586e-12
7.92538e-12
7.7979e-12
7.65466e-12
7.49684e-12
7.32563e-12
7.1422e-12
6.94764e-12
6.74305e-12
6.52943e-12
6.30777e-12
6.07897e-12
5.84391e-12
5.60341e-12
5.35824e-12
5.10912e-12
4.85675e-12
4.60179e-12
4.34488e-12
4.08665e-12
3.82769e-12
3.56863e-12
3.31009e-12
3.05269e-12
2.79711e-12
2.54405e-12
2.29425e-12
2.04853e-12
1.80777e-12
1.57295e-12
1.34518e-12
1.12569e-12
9.15925e-13
7.17595e-13
5.32801e-13
3.6427e-13
2.15842e-13
9.36848e-14
1.04141e-14
1.91713e-14
1.72424e-13
3.96984e-13
6.69209e-13
9.77148e-13
1.31298e-12
1.67076e-12
2.04555e-12
2.43299e-12
2.82912e-12
3.23018e-12
3.63267e-12
4.0332e-12
4.42858e-12
4.81576e-12
5.19188e-12
5.55424e-12
5.90037e-12
6.22801e-12
6.53515e-12
6.82003e-12
7.08115e-12
7.31728e-12
7.52746e-12
7.71102e-12
7.86754e-12
7.99686e-12
8.09906e-12
8.17446e-12
8.22355e-12
8.24678e-12
8.24563e-12
8.22078e-12
8.17335e-12
8.10454e-12
8.01563e-12
7.90795e-12
7.78284e-12
7.64167e-12
7.48578e-12
7.31647e-12
7.13504e-12
6.9427e-12
6.74064e-12
6.52996e-12
6.31171e-12
6.08687e-12
5.85634e-12
5.62097e-12
5.38153e-12
5.13876e-12
4.89331e-12
4.64582e-12
4.39686e-12
4.14699e-12
3.89673e-12
3.6466e-12
3.39712e-12
3.14879e-12
2.90215e-12
2.65776e-12
2.4162e-12
2.17813e-12
1.94424e-12
1.71531e-12
1.49222e-12
1.27596e-12
1.06766e-12
8.68652e-13
6.80534e-13
5.05277e-13
3.45453e-13
2.04694e-13
8.88468e-14
9.87641e-15
1.96217e-14
1.76473e-13
4.06295e-13
6.84865e-13
9.99916e-13
1.34339e-12
1.70914e-12
2.09205e-12
2.48756e-12
2.89152e-12
3.29999e-12
3.70926e-12
4.11577e-12
4.51615e-12
4.90716e-12
5.2858e-12
5.64922e-12
5.99485e-12
6.32032e-12
6.62358e-12
6.90281e-12
7.15653e-12
7.38355e-12
7.58298e-12
7.75423e-12
7.89702e-12
8.01135e-12
8.09748e-12
8.15593e-12
8.18707e-12
8.19241e-12
8.1729e-12
8.12965e-12
8.06401e-12
7.97739e-12
7.87128e-12
7.74718e-12
7.60662e-12
7.4511e-12
7.28209e-12
7.10102e-12
6.90926e-12
6.70812e-12
6.4988e-12
6.28246e-12
6.06015e-12
5.83284e-12
5.60142e-12
5.36669e-12
5.12937e-12
4.89014e-12
4.64958e-12
4.40824e-12
4.16661e-12
3.92514e-12
3.68427e-12
3.4444e-12
3.20593e-12
2.96927e-12
2.73483e-12
2.50307e-12
2.27445e-12
2.0495e-12
1.82882e-12
1.61306e-12
1.403e-12
1.1995e-12
1.00359e-12
8.1649e-13
6.39658e-13
4.74929e-13
3.2471e-13
1.92407e-13
8.35152e-14
9.28386e-15
2.00787e-14
1.80581e-13
4.1574e-13
7.00747e-13
1.02301e-12
1.37422e-12
1.74804e-12
2.13912e-12
2.54274e-12
2.95451e-12
3.37031e-12
3.78621e-12
4.19846e-12
4.60347e-12
4.99784e-12
5.37838e-12
5.7421e-12
6.08628e-12
6.4085e-12
6.70661e-12
6.9788e-12
7.22358e-12
7.43981e-12
7.62669e-12
7.78377e-12
7.91091e-12
8.00828e-12
8.07639e-12
8.11561e-12
8.12732e-12
8.11284e-12
8.07324e-12
8.01002e-12
7.92475e-12
7.81908e-12
7.69469e-12
7.5533e-12
7.3966e-12
7.22625e-12
7.04385e-12
6.85095e-12
6.64898e-12
6.43931e-12
6.22321e-12
6.00182e-12
5.7762e-12
5.5473e-12
5.31597e-12
5.08296e-12
4.84893e-12
4.61447e-12
4.38009e-12
4.14622e-12
3.91327e-12
3.68158e-12
3.45146e-12
3.22323e-12
2.99715e-12
2.77352e-12
2.55264e-12
2.33482e-12
2.12044e-12
1.90989e-12
1.70365e-12
1.50226e-12
1.30638e-12
1.11675e-12
9.34295e-13
7.6009e-13
5.95475e-13
4.42137e-13
3.02301e-13
1.79136e-13
7.77571e-14
8.64393e-15
2.05423e-14
1.84749e-13
4.25324e-13
7.16859e-13
1.04643e-12
1.40548e-12
1.78745e-12
2.18679e-12
2.59854e-12
3.01811e-12
3.44115e-12
3.86352e-12
4.28124e-12
4.6905e-12
5.08771e-12
5.46947e-12
5.83265e-12
6.1744e-12
6.4922e-12
6.78383e-12
7.04748e-12
7.28167e-12
7.48535e-12
7.65782e-12
7.79877e-12
7.90825e-12
7.98669e-12
8.03447e-12
8.05275e-12
8.04327e-12
8.00708e-12
7.94577e-12
7.86111e-12
7.75491e-12
7.62908e-12
7.48553e-12
7.32617e-12
7.15288e-12
6.96746e-12
6.77164e-12
6.56707e-12
6.35525e-12
6.1376e-12
5.9154e-12
5.68981e-12
5.46185e-12
5.23243e-12
5.00235e-12
4.77229e-12
4.54284e-12
4.31447e-12
4.0876e-12
3.86256e-12
3.63965e-12
3.41908e-12
3.20107e-12
2.98578e-12
2.77338e-12
2.56403e-12
2.35791e-12
2.15523e-12
1.95622e-12
1.76116e-12
1.57042e-12
1.38442e-12
1.20369e-12
1.02886e-12
8.60718e-13
7.00233e-13
5.48602e-13
4.07358e-13
2.7854e-13
1.65066e-13
7.16532e-14
7.96559e-15
2.10119e-14
1.8897e-13
4.3503e-13
7.33175e-13
1.07014e-12
1.43712e-12
1.82731e-12
2.23495e-12
2.65485e-12
3.08218e-12
3.51237e-12
3.94101e-12
4.36388e-12
4.77697e-12
5.17642e-12
5.55868e-12
5.92041e-12
6.25865e-12
6.57076e-12
6.85449e-12
7.108e-12
7.32987e-12
7.51914e-12
7.67523e-12
7.79803e-12
7.88787e-12
7.94508e-12
7.97048e-12
7.96636e-12
7.93364e-12
7.87406e-12
7.78953e-12
7.6821e-12
7.55388e-12
7.40701e-12
7.24365e-12
7.06592e-12
6.87585e-12
6.67542e-12
6.46646e-12
6.25068e-12
6.02968e-12
5.80488e-12
5.57756e-12
5.34885e-12
5.11975e-12
4.8911e-12
4.66362e-12
4.43789e-12
4.21441e-12
3.99354e-12
3.77558e-12
3.56076e-12
3.34923e-12
3.1411e-12
2.93644e-12
2.7353e-12
2.53773e-12
2.34377e-12
2.15346e-12
1.9669e-12
1.7842e-12
1.60553e-12
1.43113e-12
1.26131e-12
1.09647e-12
9.37141e-13
7.83983e-13
6.37832e-13
4.99753e-13
3.71123e-13
2.53791e-13
1.50413e-13
6.5297e-14
7.25923e-15
2.14856e-14
1.93229e-13
4.44822e-13
7.49634e-13
1.09406e-12
1.46902e-12
1.86748e-12
2.28343e-12
2.71145e-12
3.14647e-12
3.58363e-12
4.01829e-12
4.44596e-12
4.86236e-12
5.26341e-12
5.64533e-12
6.00462e-12
6.33816e-12
6.64322e-12
6.9175e-12
7.15918e-12
7.3669e-12
7.5398e-12
7.6775e-12
7.78016e-12
7.84812e-12
7.88168e-12
7.88362e-12
7.85485e-12
7.79718e-12
7.71269e-12
7.60363e-12
7.47234e-12
7.32124e-12
7.15275e-12
6.96926e-12
6.77307e-12
6.56641e-12
6.35137e-12
6.12989e-12
5.90376e-12
5.67457e-12
5.44377e-12
5.21261e-12
4.98217e-12
4.75338e-12
4.527e-12
4.30363e-12
4.08376e-12
3.86775e-12
3.65586e-12
3.44825e-12
3.24501e-12
3.04616e-12
2.85168e-12
2.66153e-12
2.47562e-12
2.29386e-12
2.11619e-12
1.94254e-12
1.77286e-12
1.60718e-12
1.44554e-12
1.28806e-12
1.13495e-12
9.86503e-13
8.43125e-13
7.0536e-13
5.73922e-13
4.49739e-13
3.34033e-13
2.28462e-13
1.3542e-13
5.87938e-14
6.53656e-15
2.19606e-14
1.975e-13
4.54641e-13
7.66137e-13
1.11803e-12
1.50098e-12
1.90769e-12
2.33192e-12
2.76798e-12
3.21053e-12
3.65445e-12
4.09479e-12
4.5268e-12
4.94591e-12
5.3478e-12
5.72845e-12
6.08418e-12
6.41173e-12
6.70826e-12
6.97145e-12
7.1995e-12
7.39116e-12
7.54569e-12
7.66301e-12
7.74331e-12
7.78676e-12
7.79582e-12
7.77196e-12
7.71684e-12
7.63271e-12
7.52202e-12
7.38738e-12
7.23147e-12
7.057e-12
6.86667e-12
6.6631e-12
6.4488e-12
6.22614e-12
5.99732e-12
5.76437e-12
5.52909e-12
5.2931e-12
5.05781e-12
4.82441e-12
4.59392e-12
4.36713e-12
4.14472e-12
3.92715e-12
3.71479e-12
3.50784e-12
3.30643e-12
3.11058e-12
2.92023e-12
2.73527e-12
2.55556e-12
2.3809e-12
2.21109e-12
2.04593e-12
1.88523e-12
1.72881e-12
1.57652e-12
1.42827e-12
1.28401e-12
1.14375e-12
1.0076e-12
8.75745e-13
7.48483e-13
6.26251e-13
5.0964e-13
3.9945e-13
2.96748e-13
2.03005e-13
1.20352e-13
5.22588e-14
5.81037e-15
2.24329e-14
2.01745e-13
4.64403e-13
7.82543e-13
1.14186e-12
1.53273e-12
1.94761e-12
2.37999e-12
2.82392e-12
3.27376e-12
3.72409e-12
4.16969e-12
4.60546e-12
5.02658e-12
5.42843e-12
5.80676e-12
6.1577e-12
6.47783e-12
6.76424e-12
7.01461e-12
7.22717e-12
7.40078e-12
7.53498e-12
7.62976e-12
7.68512e-12
7.70298e-12
7.6855e-12
7.63409e-12
7.55114e-12
7.43932e-12
7.30147e-12
7.14057e-12
6.95966e-12
6.76176e-12
6.54984e-12
6.32673e-12
6.09513e-12
5.85754e-12
5.61625e-12
5.37332e-12
5.13057e-12
4.88956e-12
4.65165e-12
4.41793e-12
4.18931e-12
3.96646e-12
3.74989e-12
3.53994e-12
3.33679e-12
3.14052e-12
2.95107e-12
2.76832e-12
2.59208e-12
2.42208e-12
2.25804e-12
2.09965e-12
1.94659e-12
1.79854e-12
1.6552e-12
1.51629e-12
1.38158e-12
1.25087e-12
1.12401e-12
1.00095e-12
8.81674e-13
7.66293e-13
6.55007e-13
5.48147e-13
4.46197e-13
3.49828e-13
2.59966e-13
1.77894e-13
1.05491e-13
4.58138e-14
5.09419e-15
2.28971e-14
2.05919e-13
4.73999e-13
7.9867e-13
1.16527e-12
1.56391e-12
1.98678e-12
2.42708e-12
2.87858e-12
3.33536e-12
3.79166e-12
4.24194e-12
4.68079e-12
5.10305e-12
5.50385e-12
5.87868e-12
6.22346e-12
6.53464e-12
6.80926e-12
7.04498e-12
7.24012e-12
7.39376e-12
7.50559e-12
7.57542e-12
7.60423e-12
7.59516e-12
7.54921e-12
7.46886e-12
7.35695e-12
7.21659e-12
7.05105e-12
6.8637e-12
6.65792e-12
6.43706e-12
6.20432e-12
5.96277e-12
5.71524e-12
5.46433e-12
5.21238e-12
4.96145e-12
4.71331e-12
4.46946e-12
4.23114e-12
3.99932e-12
3.77474e-12
3.55792e-12
3.34919e-12
3.14872e-12
2.95652e-12
2.77247e-12
2.59638e-12
2.42795e-12
2.26683e-12
2.11263e-12
1.96494e-12
1.82332e-12
1.68734e-12
1.5566e-12
1.43068e-12
1.30923e-12
1.19193e-12
1.07851e-12
9.68741e-13
8.62485e-13
7.59671e-13
6.60316e-13
5.6454e-13
4.72585e-13
3.84833e-13
3.01842e-13
2.244e-13
1.53616e-13
9.11239e-14
3.9583e-14
4.40183e-15
2.33469e-14
2.09963e-13
4.83296e-13
8.14291e-13
1.18795e-12
1.59408e-12
2.02462e-12
2.47249e-12
2.93115e-12
3.39435e-12
3.85603e-12
4.31027e-12
4.75134e-12
5.17376e-12
5.57234e-12
5.94235e-12
6.27949e-12
6.58011e-12
6.84118e-12
7.06039e-12
7.23622e-12
7.36801e-12
7.45536e-12
7.4979e-12
7.49978e-12
7.46165e-12
7.38595e-12
7.27567e-12
7.13413e-12
6.96489e-12
6.77167e-12
6.55824e-12
6.32834e-12
6.0856e-12
5.83347e-12
5.57517e-12
5.31367e-12
5.0516e-12
4.79132e-12
4.53483e-12
4.28383e-12
4.03967e-12
3.80345e-12
3.57596e-12
3.35776e-12
3.14917e-12
2.95031e-12
2.76116e-12
2.58153e-12
2.41114e-12
2.2496e-12
2.09646e-12
1.95123e-12
1.81338e-12
1.68238e-12
1.5577e-12
1.4388e-12
1.32518e-12
1.21638e-12
1.11196e-12
1.01153e-12
9.14766e-13
8.21394e-13
7.31208e-13
6.44078e-13
5.59959e-13
4.78904e-13
4.01075e-13
3.26769e-13
2.5644e-13
1.90749e-13
1.30645e-13
7.75301e-14
3.36877e-14
3.74673e-15
2.37746e-14
2.13808e-13
4.92137e-13
8.29143e-13
1.20949e-12
1.62272e-12
2.06047e-12
2.5154e-12
2.98064e-12
3.44961e-12
3.91588e-12
4.3732e-12
4.81548e-12
5.23689e-12
5.63197e-12
5.9957e-12
6.32364e-12
6.612e-12
6.85774e-12
7.05863e-12
7.21352e-12
7.32139e-12
7.38167e-12
7.39718e-12
7.36991e-12
7.30164e-12
7.19541e-12
7.05473e-12
6.88345e-12
6.68561e-12
6.46539e-12
6.22695e-12
5.97435e-12
5.7115e-12
5.44205e-12
5.16936e-12
4.89643e-12
4.62594e-12
4.36016e-12
4.101e-12
3.85e-12
3.60836e-12
3.37695e-12
3.15637e-12
2.94694e-12
2.74875e-12
2.56172e-12
2.38559e-12
2.21998e-12
2.06441e-12
1.91834e-12
1.78115e-12
1.65222e-12
1.53091e-12
1.41657e-12
1.30857e-12
1.20633e-12
1.10927e-12
1.01686e-12
9.28634e-13
8.44152e-13
7.63048e-13
6.85011e-13
6.09797e-13
5.37236e-13
4.67237e-13
3.998e-13
3.35027e-13
2.73139e-13
2.14501e-13
1.59663e-13
1.09422e-13
6.49691e-14
2.82399e-14
3.14133e-15
2.41716e-14
2.17377e-13
5.00342e-13
8.42923e-13
1.22946e-12
1.64923e-12
2.09359e-12
2.55489e-12
3.02595e-12
3.49983e-12
3.96976e-12
4.42909e-12
4.87139e-12
5.29049e-12
5.68062e-12
6.03654e-12
6.35364e-12
6.62804e-12
6.85674e-12
7.0379e-12
7.16976e-12
7.25165e-12
7.28436e-12
7.27158e-12
7.21417e-12
7.11517e-12
6.97819e-12
6.80731e-12
6.60688e-12
6.38147e-12
6.13566e-12
5.87401e-12
5.60089e-12
5.32042e-12
5.03641e-12
4.75229e-12
4.47108e-12
4.19537e-12
3.92734e-12
3.66873e-12
3.42087e-12
3.18474e-12
2.96096e-12
2.74986e-12
2.55152e-12
2.36578e-12
2.19231e-12
2.03064e-12
1.88017e-12
1.74026e-12
1.61018e-12
1.48919e-12
1.37655e-12
1.27152e-12
1.17336e-12
1.08139e-12
9.94953e-13
9.13448e-13
8.36316e-13
7.63052e-13
6.93207e-13
6.26394e-13
5.62285e-13
5.00617e-13
4.41197e-13
3.83908e-13
3.28711e-13
2.75663e-13
2.24925e-13
1.76788e-13
1.31699e-13
9.03257e-14
5.36639e-14
2.33359e-14
2.59633e-15
2.45285e-14
2.20585e-13
5.07718e-13
8.55305e-13
1.24739e-12
1.67298e-12
2.12315e-12
2.58995e-12
3.06587e-12
3.54362e-12
4.01606e-12
4.47616e-12
4.91713e-12
5.33247e-12
5.71613e-12
6.06264e-12
6.36725e-12
6.62612e-12
6.8365e-12
6.99579e-12
7.10338e-12
7.15759e-12
7.16315e-12
7.12071e-12
7.03287e-12
6.90325e-12
6.73605e-12
6.53591e-12
6.30773e-12
6.05655e-12
5.78738e-12
5.50511e-12
5.21438e-12
4.91948e-12
4.6243e-12
4.33229e-12
4.04641e-12
3.76911e-12
3.50238e-12
3.24773e-12
3.00625e-12
2.77862e-12
2.5652e-12
2.36602e-12
2.18086e-12
2.00932e-12
1.85081e-12
1.70464e-12
1.57003e-12
1.44614e-12
1.33213e-12
1.22713e-12
1.13029e-12
1.0408e-12
9.5789e-13
8.80823e-13
8.08925e-13
7.41573e-13
6.78205e-13
6.18316e-13
5.6146e-13
5.07252e-13
4.55367e-13
4.05542e-13
3.5758e-13
3.11349e-13
2.66793e-13
2.23934e-13
1.8289e-13
1.43887e-13
1.0729e-13
7.36474e-14
4.37861e-14
1.90499e-14
2.11995e-15
2.48354e-14
2.23343e-13
5.14058e-13
8.65942e-13
1.26277e-12
1.69327e-12
2.14828e-12
2.61952e-12
3.09915e-12
3.57953e-12
4.05314e-12
4.51259e-12
4.95074e-12
5.36077e-12
5.73636e-12
6.07187e-12
6.36261e-12
6.60471e-12
6.79472e-12
6.93122e-12
7.01245e-12
7.04011e-12
7.01733e-12
6.94527e-12
6.82744e-12
6.66807e-12
6.47198e-12
6.24437e-12
5.99067e-12
5.71636e-12
5.42685e-12
5.12731e-12
4.82258e-12
4.51705e-12
4.21463e-12
3.9187e-12
3.63207e-12
3.357e-12
3.09522e-12
2.84797e-12
2.61602e-12
2.39973e-12
2.19913e-12
2.01395e-12
1.84369e-12
1.68766e-12
1.54504e-12
1.41493e-12
1.29637e-12
1.18837e-12
1.08998e-12
1.00024e-12
9.18236e-13
8.43117e-13
7.7408e-13
7.10389e-13
6.51371e-13
5.96416e-13
5.44981e-13
4.96583e-13
4.508e-13
4.07269e-13
3.65686e-13
3.25804e-13
2.87436e-13
2.50451e-13
2.14787e-13
1.80447e-13
1.47516e-13
1.16172e-13
8.67082e-14
5.95721e-14
3.54442e-14
1.54287e-14
1.71739e-15
2.50821e-14
2.25561e-13
5.19156e-13
8.74483e-13
1.27507e-12
1.70943e-12
2.1681e-12
2.64253e-12
3.12452e-12
3.6061e-12
4.07937e-12
4.5366e-12
4.97031e-12
5.37338e-12
5.73935e-12
6.06267e-12
6.33813e-12
6.56147e-12
6.73033e-12
6.84307e-12
6.89745e-12
6.89914e-12
6.84796e-12
6.74702e-12
6.60043e-12
6.41303e-12
6.19024e-12
5.9378e-12
5.66164e-12
5.36765e-12
5.06156e-12
4.74874e-12
4.43417e-12
4.12226e-12
3.81686e-12
3.52119e-12
3.23786e-12
2.96884e-12
2.71557e-12
2.47892e-12
2.25933e-12
2.05682e-12
1.87107e-12
1.70148e-12
1.54728e-12
1.40751e-12
1.28113e-12
1.16706e-12
1.06419e-12
9.71414e-13
8.87688e-13
8.12005e-13
7.43427e-13
6.81085e-13
6.24188e-13
5.72019e-13
5.23936e-13
4.7937e-13
4.37816e-13
3.98836e-13
3.62049e-13
3.27132e-13
2.93814e-13
2.61878e-13
2.31158e-13
2.01539e-13
1.72959e-13
1.45417e-13
1.18975e-13
9.37737e-14
7.00484e-14
4.81637e-14
2.86757e-14
1.24884e-14
1.39045e-15
2.52591e-14
2.27152e-13
5.22809e-13
8.80589e-13
1.28382e-12
1.72079e-12
2.18178e-12
2.65794e-12
3.14077e-12
3.62194e-12
4.09322e-12
4.54653e-12
4.97417e-12
5.36896e-12
5.72415e-12
6.03338e-12
6.29173e-12
6.4957e-12
6.64281e-12
6.7305e-12
6.76027e-12
6.73542e-12
6.65697e-12
6.52874e-12
6.35547e-12
6.14263e-12
5.89617e-12
5.62237e-12
5.32757e-12
5.01802e-12
4.69967e-12
4.37806e-12
4.05817e-12
3.74437e-12
3.44034e-12
3.14909e-12
2.87294e-12
2.61353e-12
2.37192e-12
2.14864e-12
1.94372e-12
1.75684e-12
1.58732e-12
1.43428e-12
1.29664e-12
1.17324e-12
1.06284e-12
9.642e-13
8.76093e-13
7.97353e-13
7.26879e-13
6.63652e-13
6.06736e-13
5.55285e-13
5.08541e-13
4.65835e-13
4.26582e-13
3.90272e-13
3.56461e-13
3.2477e-13
2.94871e-13
2.66492e-13
2.39407e-13
2.13438e-13
1.88449e-13
1.64346e-13
1.41081e-13
1.18652e-13
9.71109e-14
7.65706e-14
5.72223e-14
3.93623e-14
2.34454e-14
1.02139e-14
1.13744e-15
2.53574e-14
2.28035e-13
5.24835e-13
8.8395e-13
1.28855e-12
1.72673e-12
2.18853e-12
2.66482e-12
3.14679e-12
3.62581e-12
4.09343e-12
4.54145e-12
4.96169e-12
5.34637e-12
5.68847e-12
5.98224e-12
6.22294e-12
6.40698e-12
6.53211e-12
6.59512e-12
6.60143e-12
6.5512e-12
6.44731e-12
6.2942e-12
6.09717e-12
5.86225e-12
5.59593e-12
5.30492e-12
4.99591e-12
4.67541e-12
4.34953e-12
4.02382e-12
3.70323e-12
3.39198e-12
3.09351e-12
2.81053e-12
2.54501e-12
2.29823e-12
2.07086e-12
1.86302e-12
1.67437e-12
1.50422e-12
1.35159e-12
1.21531e-12
1.09405e-12
9.86462e-13
8.91152e-13
8.06768e-13
7.32017e-13
6.65691e-13
6.06694e-13
5.54026e-13
5.0679e-13
4.64186e-13
4.25509e-13
3.90141e-13
3.57591e-13
3.27428e-13
2.99279e-13
2.72827e-13
2.4781e-13
2.2401e-13
2.01254e-13
1.79404e-13
1.58361e-13
1.38059e-13
1.18466e-13
9.95869e-14
8.14696e-14
6.42124e-14
4.79731e-14
3.29946e-14
1.96518e-14
8.56145e-15
9.53521e-16
2.53699e-14
2.28146e-13
5.25079e-13
8.84305e-13
1.28889e-12
1.72678e-12
2.18783e-12
2.66267e-12
3.14224e-12
3.6176e-12
4.07989e-12
4.52033e-12
4.93066e-12
5.30329e-12
5.63142e-12
5.90912e-12
6.13169e-12
6.29577e-12
6.39845e-12
6.4393e-12
6.42285e-12
6.34936e-12
6.22271e-12
6.04787e-12
5.83074e-12
5.57783e-12
5.29607e-12
4.99251e-12
4.67412e-12
4.34755e-12
4.01894e-12
3.69383e-12
3.37697e-12
3.07237e-12
2.78318e-12
2.51175e-12
2.25967e-12
2.02781e-12
1.81644e-12
1.6253e-12
1.45369e-12
1.30058e-12
1.1647e-12
1.04464e-12
9.38901e-13
8.45953e-13
7.64319e-13
6.9258e-13
6.29403e-13
5.73552e-13
5.24016e-13
4.7987e-13
4.40273e-13
4.04492e-13
3.71901e-13
3.41986e-13
3.14274e-13
2.88388e-13
2.6403e-13
2.40958e-13
2.18983e-13
1.97956e-13
1.77764e-13
1.58324e-13
1.39581e-13
1.21506e-13
1.04092e-13
8.73597e-14
7.13562e-14
5.61623e-14
4.19086e-14
2.87967e-14
1.71404e-14
7.4646e-15
8.31349e-16
2.52947e-14
2.27472e-13
5.23529e-13
8.81659e-13
1.28488e-12
1.72098e-12
2.1796e-12
2.65109e-12
3.12608e-12
3.59537e-12
4.04992e-12
4.48097e-12
4.8802e-12
5.23988e-12
5.55312e-12
5.81414e-12
6.01842e-12
6.1629e-12
6.24409e-12
6.26498e-12
6.22752e-12
6.13354e-12
5.98744e-12
5.79472e-12
5.56173e-12
5.29542e-12
5.00304e-12
4.6919e-12
4.3691e-12
4.04132e-12
3.71466e-12
3.39449e-12
3.08537e-12
2.79096e-12
2.51409e-12
2.25672e-12
2.02003e-12
1.80452e-12
1.61005e-12
1.43599e-12
1.28134e-12
1.14477e-12
1.02479e-12
9.19786e-13
8.28116e-13
7.48147e-13
6.78387e-13
6.17443e-13
5.6403e-13
5.17004e-13
4.75274e-13
4.3795e-13
4.0423e-13
3.73435e-13
3.45033e-13
3.18592e-13
2.93766e-13
2.70279e-13
2.47917e-13
2.26517e-13
2.05956e-13
1.86145e-13
1.67023e-13
1.48556e-13
1.30727e-13
1.13539e-13
9.70138e-14
8.11897e-14
6.61236e-14
5.18977e-14
3.86282e-14
2.64866e-14
1.57406e-14
6.84813e-15
7.62521e-16
2.51195e-14
2.25896e-13
5.19892e-13
8.75468e-13
1.27564e-12
1.70809e-12
2.16229e-12
2.62841e-12
3.09693e-12
3.55844e-12
4.00376e-12
4.42399e-12
4.81075e-12
5.15634e-12
5.454e-12
5.69811e-12
5.88443e-12
6.01009e-12
6.07155e-12
6.0746e-12
6.01887e-12
5.90774e-12
5.74607e-12
5.53979e-12
5.29561e-12
5.0208e-12
4.7228e-12
4.40906e-12
4.08669e-12
3.76232e-12
3.44187e-12
3.13049e-12
2.83241e-12
2.55099e-12
2.28866e-12
2.04698e-12
1.82677e-12
1.62813e-12
1.45058e-12
1.2932e-12
1.15468e-12
1.0335e-12
9.27959e-13
8.36359e-13
7.57022e-13
6.88361e-13
6.28852e-13
5.77018e-13
5.31504e-13
4.91147e-13
4.54932e-13
4.21974e-13
3.91672e-13
3.6357e-13
3.37271e-13
3.12452e-13
2.88856e-13
2.66284e-13
2.44588e-13
2.23658e-13
2.0342e-13
1.83823e-13
1.6484e-13
1.46463e-13
1.28702e-13
1.11582e-13
9.51407e-14
7.94333e-14
6.45279e-14
5.05124e-14
3.75017e-14
2.56556e-14
1.52187e-14
6.61272e-15
7.36056e-16
2.48448e-14
2.23425e-13
5.14194e-13
8.65803e-13
1.26133e-12
1.68843e-12
2.13645e-12
2.5954e-12
3.05559e-12
3.50751e-12
3.94186e-12
4.34975e-12
4.72281e-12
5.05346e-12
5.33513e-12
5.56247e-12
5.73157e-12
5.83925e-12
5.8842e-12
5.87127e-12
5.80058e-12
5.67611e-12
5.50313e-12
5.2879e-12
5.03739e-12
4.75903e-12
4.46037e-12
4.14881e-12
3.8314e-12
3.51457e-12
3.204e-12
2.90454e-12
2.62009e-12
2.35361e-12
2.10717e-12
1.88197e-12
1.67845e-12
1.49641e-12
1.33508e-12
1.19328e-12
1.06952e-12
9.62112e-13
8.69319e-13
7.89407e-13
7.20568e-13
6.61058e-13
6.09203e-13
5.63623e-13
5.23193e-13
4.86927e-13
4.53993e-13
4.23721e-13
3.95537e-13
3.68984e-13
3.43721e-13
3.19498e-13
2.96133e-13
2.73502e-13
2.51521e-13
2.3014e-13
2.09334e-13
1.89095e-13
1.69431e-13
1.50363e-13
1.31926e-13
1.14164e-13
9.71355e-14
8.0908e-14
6.55623e-14
5.11929e-14
3.79159e-14
2.58846e-14
1.53292e-14
6.65347e-15
7.4041e-16
2.44749e-14
2.20097e-13
5.06524e-13
8.52818e-13
1.24219e-12
1.66229e-12
2.10237e-12
2.55235e-12
3.00244e-12
3.44304e-12
3.86487e-12
4.25908e-12
4.61743e-12
4.93255e-12
5.19813e-12
5.40916e-12
5.56208e-12
5.65363e-12
5.68471e-12
5.65857e-12
5.57646e-12
5.44271e-12
5.26287e-12
5.04339e-12
4.79138e-12
4.51429e-12
4.21963e-12
3.91466e-12
3.60621e-12
3.30045e-12
3.00275e-12
2.7176e-12
2.44853e-12
2.19815e-12
1.96816e-12
1.75945e-12
1.57215e-12
1.40579e-12
1.25939e-12
1.13161e-12
1.02084e-12
9.25305e-13
8.43162e-13
7.72497e-13
7.1155e-13
6.58703e-13
6.12518e-13
5.71701e-13
5.35123e-13
5.01837e-13
4.71073e-13
4.42225e-13
4.14821e-13
3.88507e-13
3.63029e-13
3.38219e-13
3.13977e-13
2.90251e-13
2.67025e-13
2.44307e-13
2.22118e-13
2.00489e-13
1.79456e-13
1.59063e-13
1.39357e-13
1.20397e-13
1.0225e-13
8.49963e-14
6.8726e-14
5.35427e-14
3.95688e-14
2.69588e-14
1.59394e-14
6.91049e-15
7.68813e-16
2.40151e-14
2.15961e-13
4.96993e-13
8.36695e-13
1.21847e-12
1.62998e-12
2.06049e-12
2.49982e-12
2.93815e-12
3.36589e-12
3.77383e-12
4.15326e-12
4.49615e-12
4.79543e-12
5.04512e-12
5.24062e-12
5.37879e-12
5.45642e-12
5.47618e-12
5.44005e-12
5.35025e-12
5.21136e-12
5.02908e-12
4.80994e-12
4.56103e-12
4.2897e-12
4.00327e-12
3.70875e-12
3.41267e-12
3.12085e-12
2.83829e-12
2.5691e-12
2.31646e-12
2.08264e-12
1.86903e-12
1.67622e-12
1.50414e-12
1.35212e-12
1.21903e-12
1.10342e-12
1.00363e-12
9.17806e-13
8.44145e-13
7.80855e-13
7.26204e-13
6.78607e-13
6.36652e-13
5.99103e-13
5.64908e-13
5.33201e-13
5.03287e-13
4.74624e-13
4.46815e-13
4.196e-13
3.92821e-13
3.66392e-13
3.40291e-13
3.14547e-13
2.89216e-13
2.64368e-13
2.40076e-13
2.16408e-13
1.93429e-13
1.71195e-13
1.49762e-13
1.29189e-13
1.09545e-13
9.09102e-14
7.33796e-14
5.70637e-14
4.20935e-14
2.86296e-14
1.69029e-14
7.32074e-15
8.14285e-16
2.34741e-14
2.11095e-13
4.85777e-13
8.17724e-13
1.19058e-12
1.59209e-12
2.01152e-12
2.4387e-12
2.86381e-12
3.27735e-12
3.67025e-12
4.03403e-12
4.36098e-12
4.64438e-12
4.87869e-12
5.05971e-12
5.18478e-12
5.25093e-12
5.26202e-12
5.21924e-12
5.12549e-12
4.98551e-12
4.80504e-12
4.59055e-12
4.34898e-12
4.08743e-12
3.81292e-12
3.53213e-12
3.25118e-12
2.97549e-12
2.70969e-12
2.45749e-12
2.22175e-12
2.00441e-12
1.80662e-12
1.62877e-12
1.47062e-12
1.33142e-12
1.20992e-12
1.10457e-12
1.01372e-12
9.35786e-13
8.68958e-13
8.11418e-13
7.61493e-13
7.17657e-13
6.78553e-13
6.43004e-13
6.10015e-13
5.78775e-13
5.48649e-13
5.19166e-13
4.9e-13
4.60951e-13
4.31929e-13
4.02943e-13
3.74067e-13
3.4542e-13
3.17138e-13
2.89369e-13
2.6225e-13
2.35897e-13
2.10405e-13
1.85847e-13
1.62278e-13
1.3975e-13
1.18316e-13
9.80445e-14
7.90225e-14
6.13604e-14
4.51946e-14
3.06944e-14
1.80995e-14
7.8319e-15
8.71008e-16
2.28637e-14
2.05604e-13
4.73117e-13
7.9631e-13
1.15911e-12
1.54939e-12
1.95645e-12
2.37017e-12
2.78083e-12
3.17906e-12
3.55604e-12
3.90358e-12
4.21438e-12
4.48214e-12
4.70179e-12
4.86963e-12
4.98343e-12
5.04063e-12
5.04575e-12
4.9996e-12
4.90553e-12
4.76831e-12
4.59359e-12
4.38766e-12
4.15717e-12
3.9089e-12
3.64944e-12
3.38503e-12
3.12136e-12
2.86343e-12
2.61544e-12
2.38076e-12
2.16193e-12
1.96064e-12
1.77785e-12
1.61383e-12
1.46805e-12
1.33955e-12
1.2275e-12
1.1307e-12
1.04756e-12
9.76163e-13
9.14697e-13
8.61487e-13
8.14959e-13
7.73664e-13
7.36303e-13
7.01748e-13
6.69045e-13
6.37423e-13
6.06283e-13
5.75191e-13
5.43867e-13
5.12172e-13
4.80089e-13
4.47706e-13
4.15187e-13
3.82751e-13
3.50639e-13
3.19097e-13
2.88348e-13
2.58582e-13
2.29942e-13
2.02524e-13
1.76385e-13
1.51559e-13
1.28071e-13
1.05957e-13
8.52775e-14
6.61283e-14
4.86421e-14
3.29938e-14
1.94338e-14
8.40226e-15
9.34338e-16
2.21991e-14
1.99624e-13
4.59326e-13
7.72975e-13
1.12481e-12
1.50286e-12
1.89651e-12
2.29574e-12
2.69097e-12
3.07306e-12
3.4335e-12
3.76449e-12
4.05918e-12
4.3118e-12
4.51777e-12
4.6739e-12
4.77833e-12
4.82916e-12
4.83101e-12
4.78466e-12
4.69368e-12
4.56275e-12
4.39733e-12
4.2034e-12
3.98725e-12
3.75517e-12
3.5133e-12
3.26738e-12
3.02261e-12
2.78355e-12
2.55401e-12
2.33701e-12
2.13484e-12
1.94893e-12
1.77976e-12
1.62739e-12
1.49213e-12
1.37357e-12
1.2704e-12
1.18103e-12
1.10386e-12
1.03729e-12
9.79712e-13
9.29527e-13
8.85237e-13
8.45452e-13
8.08922e-13
7.74552e-13
7.41413e-13
7.08746e-13
6.75966e-13
6.42653e-13
6.08551e-13
5.73555e-13
5.377e-13
5.01145e-13
4.64146e-13
4.27028e-13
3.90157e-13
3.53902e-13
3.18608e-13
2.84571e-13
2.52013e-13
2.2108e-13
1.91843e-13
1.64317e-13
1.38484e-13
1.14328e-13
9.18583e-14
7.1129e-14
5.22523e-14
3.53996e-14
2.08287e-14
8.99798e-15
1.0005e-15
2.14989e-14
1.93322e-13
4.44783e-13
7.48348e-13
1.08859e-12
1.4537e-12
1.83319e-12
2.21718e-12
2.5963e-12
2.96171e-12
3.30528e-12
3.61969e-12
3.89862e-12
4.13682e-12
4.3303e-12
4.47634e-12
4.57351e-12
4.6205e-12
4.62171e-12
4.57816e-12
4.49342e-12
4.37197e-12
4.21897e-12
4.04002e-12
3.84091e-12
3.62743e-12
3.40517e-12
3.17934e-12
2.95465e-12
2.73519e-12
2.52438e-12
2.32495e-12
2.13837e-12
1.96587e-12
1.80909e-12
1.66869e-12
1.54397e-12
1.434e-12
1.33773e-12
1.25395e-12
1.18125e-12
1.11818e-12
1.06321e-12
1.01489e-12
9.71781e-13
9.32571e-13
8.9605e-13
8.61149e-13
8.26947e-13
7.9268e-13
7.57751e-13
7.21729e-13
6.84351e-13
6.45522e-13
6.05304e-13
5.63905e-13
5.21661e-13
4.79003e-13
4.3643e-13
3.94464e-13
3.53607e-13
3.14302e-13
2.76902e-13
2.4164e-13
2.08633e-13
1.77892e-13
1.49353e-13
1.22926e-13
9.85346e-14
7.61611e-14
5.58665e-14
3.77998e-14
2.22165e-14
9.5894e-15
1.06618e-15
2.07848e-14
1.86893e-13
4.29935e-13
7.23173e-13
1.05151e-12
1.4033e-12
1.76821e-12
2.13654e-12
2.49919e-12
2.8477e-12
3.1744e-12
3.47252e-12
3.73631e-12
3.96112e-12
4.1435e-12
4.28125e-12
4.3734e-12
4.41907e-12
4.42222e-12
4.38431e-12
4.30869e-12
4.19957e-12
4.06172e-12
3.90027e-12
3.72045e-12
3.5275e-12
3.32642e-12
3.12188e-12
2.91805e-12
2.71867e-12
2.52619e-12
2.34255e-12
2.17081e-12
2.01292e-12
1.86906e-12
1.73912e-12
1.6229e-12
1.51983e-12
1.42905e-12
1.34948e-12
1.27989e-12
1.21898e-12
1.16538e-12
1.11774e-12
1.07473e-12
1.03511e-12
9.97719e-13
9.61515e-13
9.2558e-13
8.89135e-13
8.51553e-13
8.12372e-13
7.71295e-13
7.28203e-13
6.83152e-13
6.36369e-13
5.88241e-13
5.39291e-13
4.90146e-13
4.41491e-13
3.94017e-13
3.48362e-13
3.05062e-13
2.645e-13
2.26891e-13
1.92276e-13
1.6056e-13
1.31565e-13
1.05102e-13
8.1035e-14
5.93309e-14
4.00846e-14
2.35309e-14
1.01475e-14
1.12814e-15
2.00814e-14
1.80558e-13
4.15287e-13
6.98289e-13
1.01476e-12
1.35323e-12
1.7035e-12
2.05611e-12
2.40229e-12
2.73404e-12
3.04422e-12
3.32669e-12
3.57632e-12
3.78907e-12
3.96206e-12
4.09355e-12
4.18295e-12
4.22988e-12
4.23757e-12
4.20801e-12
4.14417e-12
4.04994e-12
3.92962e-12
3.78779e-12
3.62912e-12
3.45823e-12
3.27954e-12
3.09719e-12
2.91447e-12
2.73364e-12
2.55858e-12
2.39263e-12
2.237e-12
2.09239e-12
1.95952e-12
1.83867e-12
1.72972e-12
1.63225e-12
1.54559e-12
1.46884e-12
1.40096e-12
1.34081e-12
1.2872e-12
1.23891e-12
1.19473e-12
1.15352e-12
1.11417e-12
1.07568e-12
1.03714e-12
9.97765e-13
9.5689e-13
9.1401e-13
8.68778e-13
8.21023e-13
7.70758e-13
7.1819e-13
6.63716e-13
6.07912e-13
5.51505e-13
4.95332e-13
4.40281e-13
3.87222e-13
3.36927e-13
2.89998e-13
2.46819e-13
2.07527e-13
1.72036e-13
1.40091e-13
1.11364e-13
8.55548e-14
6.24819e-14
4.21362e-14
2.47007e-14
1.06409e-14
1.18288e-15
1.94158e-14
1.74558e-13
4.0139e-13
6.7461e-13
9.79658e-13
1.30518e-12
1.64115e-12
1.97837e-12
2.30847e-12
2.62398e-12
2.91842e-12
3.18628e-12
3.42312e-12
3.62553e-12
3.79116e-12
3.9187e-12
4.00783e-12
4.05866e-12
4.07352e-12
4.05492e-12
4.00538e-12
3.92835e-12
3.82763e-12
3.70723e-12
3.5712e-12
3.42355e-12
3.26798e-12
3.10695e-12
2.944e-12
2.78364e-12
2.62824e-12
2.47917e-12
2.33783e-12
2.20536e-12
2.08249e-12
1.96957e-12
1.86663e-12
1.77342e-12
1.68944e-12
1.61401e-12
1.54628e-12
1.48531e-12
1.43009e-12
1.37955e-12
1.33265e-12
1.28834e-12
1.2456e-12
1.20349e-12
1.16113e-12
1.11774e-12
1.07265e-12
1.0253e-12
9.75296e-13
9.22395e-13
8.66545e-13
8.07891e-13
7.46792e-13
6.83819e-13
6.19747e-13
5.55522e-13
4.92203e-13
4.30892e-13
3.72632e-13
3.18308e-13
2.68556e-13
2.23698e-13
1.83725e-13
1.48352e-13
1.17113e-13
8.95069e-14
6.51399e-14
4.38243e-14
2.56452e-14
1.10337e-14
1.22633e-15
1.8815e-14
1.69139e-13
3.88802e-13
6.5306e-13
9.47505e-13
1.26086e-12
1.58325e-12
1.9058e-12
2.22061e-12
2.52085e-12
2.80073e-12
3.05548e-12
3.28136e-12
3.47555e-12
3.63621e-12
3.76238e-12
3.85395e-12
3.91142e-12
3.93612e-12
3.93101e-12
3.89808e-12
3.84033e-12
3.76098e-12
3.66346e-12
3.55126e-12
3.42687e-12
3.29277e-12
3.15391e-12
3.01382e-12
2.8742e-12
2.73678e-12
2.6034e-12
2.47549e-12
2.35416e-12
2.24016e-12
2.13393e-12
2.03564e-12
1.94521e-12
1.86234e-12
1.78655e-12
1.71722e-12
1.65361e-12
1.5949e-12
1.54023e-12
1.4887e-12
1.43941e-12
1.39145e-12
1.34398e-12
1.29619e-12
1.24732e-12
1.19671e-12
1.1438e-12
1.08814e-12
1.02943e-12
9.67536e-13
9.02526e-13
8.34669e-13
7.64475e-13
6.92693e-13
6.20302e-13
5.48467e-13
4.78479e-13
4.11641e-13
3.49153e-13
2.91972e-13
2.40699e-13
1.95511e-13
1.56173e-13
1.22122e-13
9.26465e-14
6.70333e-14
4.48981e-14
2.61991e-14
1.12537e-14
1.25065e-15
1.83027e-14
1.6451e-13
3.78003e-13
6.3443e-13
9.19418e-13
1.22171e-12
1.53156e-12
1.84047e-12
2.14114e-12
2.42743e-12
2.69436e-12
2.93792e-12
3.15505e-12
3.34353e-12
3.5019e-12
3.62948e-12
3.72628e-12
3.79293e-12
3.83037e-12
3.84083e-12
3.82646e-12
3.78954e-12
3.7328e-12
3.65877e-12
3.56888e-12
3.46724e-12
3.35818e-12
3.24336e-12
3.12457e-12
3.00406e-12
2.88369e-12
2.76508e-12
2.64956e-12
2.53821e-12
2.43182e-12
2.33091e-12
2.2358e-12
2.14657e-12
2.06312e-12
1.98518e-12
1.91235e-12
1.84412e-12
1.77988e-12
1.71897e-12
1.66067e-12
1.60426e-12
1.54899e-12
1.49413e-12
1.43898e-12
1.38285e-12
1.32513e-12
1.26527e-12
1.20282e-12
1.13744e-12
1.06895e-12
9.9731e-13
9.22684e-13
8.4547e-13
7.6632e-13
6.86158e-13
6.0616e-13
5.27707e-13
4.52298e-13
3.81415e-13
3.16363e-13
2.58102e-13
2.07106e-13
1.63301e-13
1.26128e-13
9.45875e-14
6.78504e-14
4.5234e-14
2.63258e-14
1.12906e-14
1.25455e-15
1.78903e-14
1.60774e-13
3.69229e-13
6.19094e-13
8.95895e-13
1.18831e-12
1.48675e-12
1.78318e-12
2.07097e-12
2.34481e-12
2.60057e-12
2.83503e-12
3.04577e-12
3.23106e-12
3.38978e-12
3.52142e-12
3.62596e-12
3.70385e-12
3.75601e-12
3.78359e-12
3.78867e-12
3.773e-12
3.73847e-12
3.68673e-12
3.62191e-12
3.5458e-12
3.45999e-12
3.36672e-12
3.26795e-12
3.1655e-12
3.06102e-12
2.95597e-12
2.85159e-12
2.74891e-12
2.64877e-12
2.55178e-12
2.45838e-12
2.3688e-12
2.28315e-12
2.20137e-12
2.12326e-12
2.04854e-12
1.97684e-12
1.90769e-12
1.84061e-12
1.77505e-12
1.71046e-12
1.64627e-12
1.58192e-12
1.51683e-12
1.45044e-12
1.38228e-12
1.31191e-12
1.23903e-12
1.16345e-12
1.08504e-12
1.00384e-12
9.20117e-13
8.34382e-13
7.47428e-13
6.60334e-13
5.74453e-13
4.91348e-13
4.12688e-13
3.40076e-13
2.74847e-13
2.17857e-13
1.69316e-13
1.28684e-13
9.52237e-14
6.76701e-14
4.48071e-14
2.59666e-14
1.11097e-14
1.23409e-15
1.75632e-14
1.57797e-13
3.62159e-13
6.06481e-13
8.76029e-13
1.15935e-12
1.44709e-12
1.73174e-12
2.00751e-12
2.27002e-12
2.51602e-12
2.74304e-12
2.94925e-12
3.13329e-12
3.29422e-12
3.43154e-12
3.54509e-12
3.63509e-12
3.7021e-12
3.74701e-12
3.77098e-12
3.77551e-12
3.76304e-12
3.73522e-12
3.69334e-12
3.63928e-12
3.57476e-12
3.50147e-12
3.42106e-12
3.33505e-12
3.24489e-12
3.15189e-12
3.05722e-12
2.96188e-12
2.86673e-12
2.77245e-12
2.67959e-12
2.58854e-12
2.49957e-12
2.41281e-12
2.32828e-12
2.24592e-12
2.16557e-12
2.08699e-12
2.00991e-12
1.93399e-12
1.8589e-12
1.78427e-12
1.70976e-12
1.63483e-12
1.55899e-12
1.48185e-12
1.40304e-12
1.32229e-12
1.23933e-12
1.1541e-12
1.06667e-12
9.7725e-13
8.86236e-13
7.94244e-13
7.02156e-13
6.11127e-13
5.22585e-13
4.38162e-13
3.59575e-13
2.8843e-13
2.25995e-13
1.72984e-13
1.29447e-13
9.43246e-14
6.61029e-14
4.33332e-14
2.49614e-14
1.06459e-14
1.18218e-15
1.72554e-14
1.54983e-13
3.55402e-13
5.94168e-13
8.5615e-13
1.12976e-12
1.40598e-12
1.67805e-12
1.94119e-12
2.19204e-12
2.42822e-12
2.64791e-12
2.84972e-12
3.03254e-12
3.19553e-12
3.33806e-12
3.45976e-12
3.56053e-12
3.64048e-12
3.69988e-12
3.73996e-12
3.76224e-12
3.7678e-12
3.75924e-12
3.73707e-12
3.70227e-12
3.65624e-12
3.60032e-12
3.53582e-12
3.46396e-12
3.38607e-12
3.30339e-12
3.21702e-12
3.12793e-12
3.03698e-12
2.94489e-12
2.85231e-12
2.75973e-12
2.66755e-12
2.57609e-12
2.48555e-12
2.39605e-12
2.30763e-12
2.22027e-12
2.13388e-12
2.04831e-12
1.96333e-12
1.87866e-12
1.79398e-12
1.70914e-12
1.62398e-12
1.53829e-12
1.45184e-12
1.36442e-12
1.27582e-12
1.18593e-12
1.0947e-12
1.00221e-12
9.08687e-13
8.14558e-13
7.20503e-13
6.27485e-13
5.36776e-13
4.4992e-13
3.68636e-13
2.94643e-13
2.29405e-13
1.73842e-13
1.28092e-13
9.15644e-14
6.29869e-14
4.06968e-14
2.32317e-14
9.86249e-15
1.09466e-15
1.68147e-14
1.5095e-13
3.45718e-13
5.76531e-13
8.27813e-13
1.088e-12
1.34873e-12
1.60438e-12
1.85137e-12
2.08734e-12
2.31066e-12
2.52008e-12
2.7145e-12
2.89295e-12
3.05452e-12
3.19842e-12
3.32404e-12
3.43096e-12
3.51913e-12
3.58935e-12
3.642e-12
3.67764e-12
3.69674e-12
3.70014e-12
3.68999e-12
3.6668e-12
3.63193e-12
3.58682e-12
3.53277e-12
3.47122e-12
3.40308e-12
3.32913e-12
3.25024e-12
3.16727e-12
3.081e-12
2.99217e-12
2.90144e-12
2.80936e-12
2.71645e-12
2.62312e-12
2.52971e-12
2.43648e-12
2.34363e-12
2.2513e-12
2.15955e-12
2.06842e-12
1.97784e-12
1.88768e-12
1.79775e-12
1.70805e-12
1.61852e-12
1.52908e-12
1.43961e-12
1.34999e-12
1.26009e-12
1.1698e-12
1.07905e-12
9.87846e-13
8.96277e-13
8.04586e-13
7.13197e-13
6.22778e-13
5.34271e-13
4.48919e-13
3.68232e-13
2.93887e-13
2.27533e-13
1.70508e-13
1.23519e-13
8.64051e-14
5.80653e-14
3.67609e-14
2.0703e-14
8.72848e-15
9.68142e-16
1.59596e-14
1.43145e-13
3.271e-13
5.43196e-13
7.75695e-13
1.01369e-12
1.25023e-12
1.4812e-12
1.70423e-12
1.91785e-12
2.12101e-12
2.3127e-12
2.49187e-12
2.65747e-12
2.80852e-12
2.94419e-12
3.06393e-12
3.16756e-12
3.25513e-12
3.32644e-12
3.38177e-12
3.42157e-12
3.44635e-12
3.45681e-12
3.45425e-12
3.44018e-12
3.41405e-12
3.37781e-12
3.33243e-12
3.27875e-12
3.21782e-12
3.15067e-12
3.0782e-12
3.00124e-12
2.92055e-12
2.83681e-12
2.75064e-12
2.66261e-12
2.57321e-12
2.48288e-12
2.392e-12
2.30086e-12
2.20975e-12
2.11885e-12
2.02833e-12
1.93831e-12
1.84888e-12
1.76012e-12
1.67217e-12
1.58498e-12
1.49851e-12
1.41271e-12
1.32749e-12
1.24278e-12
1.15848e-12
1.07449e-12
9.9075e-13
9.07189e-13
8.23815e-13
7.40715e-13
6.5811e-13
5.76401e-13
4.96218e-13
4.18468e-13
3.44348e-13
2.75303e-13
2.12904e-13
1.58616e-13
1.13485e-13
7.7811e-14
5.09571e-14
3.14267e-14
1.73528e-14
7.23964e-15
8.02234e-16
1.42462e-14
1.27543e-13
2.90114e-13
4.78213e-13
6.77242e-13
8.78383e-13
1.07677e-12
1.2698e-12
1.45601e-12
1.63428e-12
1.80356e-12
1.9628e-12
2.11099e-12
2.24721e-12
2.37067e-12
2.48086e-12
2.57755e-12
2.66071e-12
2.73057e-12
2.78755e-12
2.83183e-12
2.8637e-12
2.88356e-12
2.89197e-12
2.88998e-12
2.87903e-12
2.8578e-12
2.82813e-12
2.79078e-12
2.74648e-12
2.69603e-12
2.64017e-12
2.57963e-12
2.51509e-12
2.44716e-12
2.37642e-12
2.3034e-12
2.22858e-12
2.1524e-12
2.07525e-12
1.99748e-12
1.91939e-12
1.84125e-12
1.7633e-12
1.68572e-12
1.60867e-12
1.53228e-12
1.45668e-12
1.38198e-12
1.30818e-12
1.23528e-12
1.16325e-12
1.09207e-12
1.02167e-12
9.52005e-13
8.82992e-13
8.14557e-13
7.46629e-13
6.79156e-13
6.12134e-13
5.45631e-13
4.79829e-13
4.15076e-13
3.51933e-13
2.91211e-13
2.33983e-13
1.81522e-13
1.35161e-13
9.60447e-14
6.48224e-14
4.13728e-14
2.47194e-14
1.32693e-14
5.44575e-15
6.02449e-16
1.11073e-14
9.9037e-14
2.23134e-13
3.63349e-13
5.08794e-13
6.5382e-13
7.95404e-13
9.31805e-13
1.06182e-12
1.1845e-12
1.29908e-12
1.40499e-12
1.50181e-12
1.58931e-12
1.66738e-12
1.73607e-12
1.79549e-12
1.84585e-12
1.88742e-12
1.92054e-12
1.94552e-12
1.96267e-12
1.97228e-12
1.97466e-12
1.97125e-12
1.96178e-12
1.94596e-12
1.9248e-12
1.89879e-12
1.8684e-12
1.83406e-12
1.79621e-12
1.7553e-12
1.71173e-12
1.66588e-12
1.61812e-12
1.56878e-12
1.51817e-12
1.46658e-12
1.41428e-12
1.36148e-12
1.30842e-12
1.25526e-12
1.20217e-12
1.1493e-12
1.09675e-12
1.04462e-12
9.93003e-13
9.41972e-13
8.91575e-13
8.41844e-13
7.92791e-13
7.44415e-13
6.96699e-13
6.49614e-13
6.03118e-13
5.57162e-13
5.1169e-13
4.6665e-13
4.22002e-13
3.77736e-13
3.33896e-13
2.90614e-13
2.48146e-13
2.06919e-13
1.67559e-13
1.30892e-13
9.78831e-14
6.9492e-14
4.64479e-14
2.89953e-14
1.6727e-14
8.63038e-15
3.44305e-15
3.78535e-16
6.24883e-15
5.49149e-14
1.21241e-13
1.93878e-13
2.67351e-13
3.38625e-13
4.06209e-13
4.69454e-13
5.28136e-13
5.82214e-13
6.31749e-13
6.76837e-13
7.17589e-13
7.54127e-13
7.86567e-13
8.1502e-13
8.39594e-13
8.60407e-13
8.77582e-13
8.91249e-13
9.01531e-13
9.08548e-13
9.12399e-13
9.1313e-13
9.1162e-13
9.07507e-13
9.00565e-13
8.91308e-13
8.79913e-13
8.66556e-13
8.51418e-13
8.34675e-13
8.16502e-13
7.9707e-13
7.76544e-13
7.55078e-13
7.32823e-13
7.09915e-13
6.86484e-13
6.6265e-13
6.38521e-13
6.14198e-13
5.8977e-13
5.65315e-13
5.40897e-13
5.16543e-13
4.92297e-13
4.6822e-13
4.44367e-13
4.20777e-13
3.9748e-13
3.74495e-13
3.51835e-13
3.29501e-13
3.07488e-13
2.85783e-13
2.64369e-13
2.43221e-13
2.22313e-13
2.01619e-13
1.8112e-13
1.60811e-13
1.40718e-13
1.20914e-13
1.01542e-13
8.28392e-14
6.51569e-14
4.89539e-14
3.47507e-14
2.30233e-14
1.40501e-14
7.77202e-15
3.76876e-15
1.40252e-15
2.22045e-16
1.02255e-15
7.59743e-15
1.57202e-14
2.42884e-14
3.27227e-14
4.0707e-14
4.81207e-14
5.49482e-14
6.12151e-14
6.69571e-14
7.22098e-14
7.70017e-14
8.13531e-14
8.52775e-14
8.87858e-14
9.18864e-14
9.45868e-14
9.68946e-14
9.88186e-14
1.00368e-13
1.01554e-13
1.02386e-13
1.02872e-13
1.0301e-13
1.02893e-13
1.02512e-13
1.01798e-13
1.00824e-13
9.96061e-14
9.81646e-14
9.65181e-14
9.46859e-14
9.2687e-14
9.05403e-14
8.82639e-14
8.58756e-14
8.33919e-14
8.08287e-14
7.82008e-14
7.55219e-14
7.28049e-14
7.00612e-14
6.73014e-14
6.4535e-14
6.17721e-14
5.90325e-14
5.63173e-14
5.36233e-14
5.09526e-14
4.83087e-14
4.5695e-14
4.3114e-14
4.05674e-14
3.80559e-14
3.55796e-14
3.31373e-14
3.07274e-14
2.83476e-14
2.5995e-14
2.36668e-14
2.13605e-14
1.90749e-14
1.68116e-14
1.45765e-14
1.23822e-14
1.02509e-14
8.21635e-15
6.3243e-15
4.62943e-15
3.18631e-15
2.03519e-15
1.18641e-15
6.12542e-16
2.54934e-16
2.22045e-16
)
;

boundaryField
{
    movingWall
    {
        type            kqRWallFunction;
        value           nonuniform List<scalar> 
75
(
1.02255e-15
7.59743e-15
1.57202e-14
2.42884e-14
3.27227e-14
4.0707e-14
4.81207e-14
5.49482e-14
6.12151e-14
6.69571e-14
7.22098e-14
7.70017e-14
8.13531e-14
8.52775e-14
8.87858e-14
9.18864e-14
9.45868e-14
9.68946e-14
9.88186e-14
1.00368e-13
1.01554e-13
1.02386e-13
1.02872e-13
1.0301e-13
1.02893e-13
1.02512e-13
1.01798e-13
1.00824e-13
9.96061e-14
9.81646e-14
9.65181e-14
9.46859e-14
9.2687e-14
9.05403e-14
8.82639e-14
8.58756e-14
8.33919e-14
8.08287e-14
7.82008e-14
7.55219e-14
7.28049e-14
7.00612e-14
6.73014e-14
6.4535e-14
6.17721e-14
5.90325e-14
5.63173e-14
5.36233e-14
5.09526e-14
4.83087e-14
4.5695e-14
4.3114e-14
4.05674e-14
3.80559e-14
3.55796e-14
3.31373e-14
3.07274e-14
2.83476e-14
2.5995e-14
2.36668e-14
2.13605e-14
1.90749e-14
1.68116e-14
1.45765e-14
1.23822e-14
1.02509e-14
8.21635e-15
6.3243e-15
4.62943e-15
3.18631e-15
2.03519e-15
1.18641e-15
6.12542e-16
2.54934e-16
2.22045e-16
)
;
    }
    fixedWalls
    {
        type            kqRWallFunction;
        value           nonuniform List<scalar> 
225
(
2.22045e-16
3.51335e-16
7.80741e-16
1.29151e-15
1.86063e-15
2.47373e-15
3.12024e-15
3.79171e-15
4.48105e-15
5.18212e-15
5.88949e-15
6.59837e-15
7.30446e-15
8.00399e-15
8.69361e-15
9.37048e-15
1.00322e-14
1.06767e-14
1.13026e-14
1.19088e-14
1.24948e-14
1.30603e-14
1.36058e-14
1.41318e-14
1.46397e-14
1.51308e-14
1.56071e-14
1.60708e-14
1.65241e-14
1.69697e-14
1.74102e-14
1.78483e-14
1.82863e-14
1.87267e-14
1.91713e-14
1.96217e-14
2.00787e-14
2.05423e-14
2.10119e-14
2.14856e-14
2.19606e-14
2.24329e-14
2.28971e-14
2.33469e-14
2.37746e-14
2.41716e-14
2.45285e-14
2.48354e-14
2.50821e-14
2.52591e-14
2.53574e-14
2.53699e-14
2.52947e-14
2.51195e-14
2.48448e-14
2.44749e-14
2.40151e-14
2.34741e-14
2.28637e-14
2.21991e-14
2.14989e-14
2.07848e-14
2.00814e-14
1.94158e-14
1.8815e-14
1.83027e-14
1.78903e-14
1.75632e-14
1.72554e-14
1.68147e-14
1.59596e-14
1.42462e-14
1.11073e-14
6.24883e-15
1.02255e-15
2.22045e-16
3.4273e-16
7.61505e-16
1.25932e-15
1.81338e-15
2.40919e-15
3.03584e-15
3.6844e-15
4.34707e-15
5.01687e-15
5.68733e-15
6.35242e-15
7.00642e-15
7.64385e-15
8.25949e-15
8.8483e-15
9.40541e-15
9.92613e-15
1.0406e-14
1.08406e-14
1.12258e-14
1.15576e-14
1.18324e-14
1.20468e-14
1.21975e-14
1.22818e-14
1.22973e-14
1.22424e-14
1.21156e-14
1.19163e-14
1.16448e-14
1.13023e-14
1.0891e-14
1.04141e-14
9.87641e-15
9.28386e-15
8.64393e-15
7.96559e-15
7.25923e-15
6.53656e-15
5.81037e-15
5.09419e-15
4.40183e-15
3.74673e-15
3.14133e-15
2.59633e-15
2.11995e-15
1.71739e-15
1.39045e-15
1.13744e-15
9.53521e-16
8.31349e-16
7.62521e-16
7.36056e-16
7.4041e-16
7.68813e-16
8.14285e-16
8.71008e-16
9.34338e-16
1.0005e-15
1.06618e-15
1.12814e-15
1.18288e-15
1.22633e-15
1.25065e-15
1.25455e-15
1.23409e-15
1.18218e-15
1.09466e-15
9.68142e-16
8.02234e-16
6.02449e-16
3.78535e-16
2.22045e-16
2.22045e-16
2.22045e-16
3.93749e-16
8.31398e-16
1.35467e-15
1.94403e-15
2.58505e-15
3.26727e-15
3.9826e-15
4.72442e-15
5.48698e-15
6.26514e-15
7.05415e-15
7.8496e-15
8.64729e-15
9.44325e-15
1.02337e-14
1.10149e-14
1.17834e-14
1.25359e-14
1.32691e-14
1.398e-14
1.46656e-14
1.53231e-14
1.59499e-14
1.65435e-14
1.71016e-14
1.7622e-14
1.81028e-14
1.8542e-14
1.89381e-14
1.92895e-14
1.9595e-14
1.98535e-14
2.00641e-14
2.02259e-14
2.03385e-14
2.04014e-14
2.04147e-14
2.03781e-14
2.02921e-14
2.01569e-14
1.9973e-14
1.97414e-14
1.94629e-14
1.91386e-14
1.87699e-14
1.8358e-14
1.79048e-14
1.74119e-14
1.68813e-14
1.6315e-14
1.57153e-14
1.50845e-14
1.44251e-14
1.37397e-14
1.30311e-14
1.23021e-14
1.15558e-14
1.07952e-14
1.00236e-14
9.24425e-15
8.46075e-15
7.67668e-15
6.89585e-15
6.12222e-15
5.36001e-15
4.61373e-15
3.8883e-15
3.18922e-15
2.52285e-15
1.89697e-15
1.32173e-15
8.11121e-16
3.84168e-16
2.22045e-16
)
;
    }
    frontAndBack
    {
        type            empty;
    }
}


// ************************************************************************* //
