/*--------------------------------*- C++ -*----------------------------------*\
  =========                 |
  \\      /  F ield         | OpenFOAM: The Open Source CFD Toolbox
   \\    /   O peration     | Website:  https://openfoam.org
    \\  /    A nd           | Version:  12
     \\/     M anipulation  |
\*---------------------------------------------------------------------------*/
FoamFile
{
    format      ascii;
    class       volScalarField;
    location    "6.5";
    object      p;
}
// * * * * * * * * * * * * * * * * * * * * * * * * * * * * * * * * * * * * * //

dimensions      [0 2 -2 0 0 0 0];

internalField   nonuniform List<scalar> 
5625
(
-1.2565e-09
2.61705e-07
1.3435e-06
3.23405e-06
5.67257e-06
8.42866e-06
1.13198e-05
1.41932e-05
1.6918e-05
1.93851e-05
2.15048e-05
2.32044e-05
2.44269e-05
2.51278e-05
2.52743e-05
2.48436e-05
2.38213e-05
2.22004e-05
1.99808e-05
1.71676e-05
1.37713e-05
9.80655e-06
5.29191e-06
2.49221e-07
-5.29666e-06
-1.13184e-05
-1.77862e-05
-2.46687e-05
-3.19322e-05
-3.95422e-05
-4.74624e-05
-5.56556e-05
-6.40837e-05
-7.27077e-05
-8.1488e-05
-9.03845e-05
-9.93568e-05
-0.000108364
-0.000117366
-0.000126321
-0.000135189
-0.000143928
-0.0001525
-0.000160864
-0.000168982
-0.000176815
-0.000184326
-0.000191479
-0.000198239
-0.000204574
-0.000210451
-0.000215843
-0.000220722
-0.000225065
-0.00022885
-0.00023206
-0.000234683
-0.000236709
-0.000238135
-0.000238963
-0.000239203
-0.000238871
-0.000237993
-0.000236604
-0.000234752
-0.000232495
-0.00022991
-0.000227088
-0.00022414
-0.000221198
-0.000218414
-0.00021597
-0.000214094
-0.00021304
-0.000212803
-3.55926e-06
-2.85276e-06
-1.62058e-06
7.53234e-08
2.09895e-06
4.31209e-06
6.59017e-06
8.8222e-06
1.09102e-05
1.27695e-05
1.43278e-05
1.55251e-05
1.63121e-05
1.66497e-05
1.65077e-05
1.5864e-05
1.47038e-05
1.30187e-05
1.08064e-05
8.0693e-06
4.81478e-06
1.05414e-06
-3.1976e-06
-7.92226e-06
-1.30987e-05
-1.87033e-05
-2.47101e-05
-3.10914e-05
-3.78173e-05
-4.48568e-05
-5.21775e-05
-5.97457e-05
-6.75268e-05
-7.54855e-05
-8.35857e-05
-9.1791e-05
-0.000100064
-0.000108369
-0.000116667
-0.000124921
-0.000133094
-0.00014115
-0.000149052
-0.000156763
-0.00016425
-0.000171477
-0.000178411
-0.000185019
-0.000191273
-0.000197141
-0.000202597
-0.000207617
-0.000212176
-0.000216255
-0.000219837
-0.000222909
-0.00022546
-0.000227485
-0.000228983
-0.000229959
-0.000230422
-0.00023039
-0.000229887
-0.000228945
-0.000227606
-0.000225921
-0.000223952
-0.000221772
-0.000219469
-0.000217141
-0.000214899
-0.000212867
-0.000211185
-0.000209988
-0.000209318
-9.52028e-06
-8.03731e-06
-6.17192e-06
-4.18814e-06
-2.13009e-06
-4.63095e-08
1.99329e-06
3.91699e-06
5.65879e-06
7.15952e-06
8.36682e-06
9.23542e-06
9.72714e-06
9.81071e-06
9.46143e-06
8.66078e-06
7.39598e-06
5.65957e-06
3.44895e-06
7.6598e-07
-2.38347e-06
-5.98981e-06
-1.00402e-05
-1.45187e-05
-1.94069e-05
-2.46838e-05
-3.03262e-05
-3.63091e-05
-4.26059e-05
-4.91883e-05
-5.60269e-05
-6.30911e-05
-7.03493e-05
-7.77692e-05
-8.53177e-05
-9.29614e-05
-0.000100666
-0.000108398
-0.000116124
-0.000123808
-0.000131416
-0.000138916
-0.000146273
-0.000153456
-0.000160431
-0.000167169
-0.000173637
-0.000179809
-0.000185656
-0.000191152
-0.000196274
-0.000200998
-0.000205306
-0.000209179
-0.000212603
-0.000215567
-0.000218063
-0.000220086
-0.000221637
-0.000222719
-0.000223342
-0.00022352
-0.000223275
-0.000222632
-0.000221625
-0.000220294
-0.000218685
-0.000216853
-0.000214858
-0.000212767
-0.000210652
-0.000208585
-0.000206616
-0.000204789
-0.000203358
-1.64337e-05
-1.40613e-05
-1.13565e-05
-8.80907e-06
-6.40415e-06
-4.12522e-06
-2.00477e-06
-8.72088e-08
1.58559e-06
2.97545e-06
4.04747e-06
4.77068e-06
5.11833e-06
5.06827e-06
4.60288e-06
3.70905e-06
2.37797e-06
6.05039e-07
-1.61055e-06
-4.26583e-06
-7.35458e-06
-1.08673e-05
-1.47918e-05
-1.9113e-05
-2.38137e-05
-2.88743e-05
-3.42735e-05
-3.99879e-05
-4.59928e-05
-5.22621e-05
-5.87684e-05
-6.54831e-05
-7.23772e-05
-7.94203e-05
-8.65819e-05
-9.38308e-05
-0.000101136
-0.000108464
-0.000115785
-0.000123067
-0.000130277
-0.000137385
-0.00014436
-0.000151171
-0.000157789
-0.000164185
-0.000170331
-0.000176201
-0.000181768
-0.000187011
-0.000191905
-0.000196431
-0.00020057
-0.000204308
-0.000207629
-0.000210523
-0.000212982
-0.000215002
-0.000216581
-0.000217723
-0.000218432
-0.000218721
-0.000218603
-0.000218098
-0.000217231
-0.000216029
-0.000214525
-0.000212756
-0.000210761
-0.000208584
-0.00020627
-0.000203853
-0.000201319
-0.000198657
-0.000196339
-2.30502e-05
-1.9809e-05
-1.62363e-05
-1.30414e-05
-1.01696e-05
-7.55616e-06
-5.20745e-06
-3.14888e-06
-1.40434e-06
4.52647e-09
1.05735e-06
1.73557e-06
2.02292e-06
1.90604e-06
1.3745e-06
4.21096e-07
-9.58332e-07
-2.76472e-06
-4.99613e-06
-7.64756e-06
-1.07114e-05
-1.41774e-05
-1.8033e-05
-2.22631e-05
-2.68509e-05
-3.17775e-05
-3.70223e-05
-4.25632e-05
-4.83766e-05
-5.44377e-05
-6.07208e-05
-6.71988e-05
-7.38442e-05
-8.06286e-05
-8.75232e-05
-9.44985e-05
-0.000101525
-0.000108573
-0.000115612
-0.000122613
-0.000129546
-0.000136381
-0.00014309
-0.000149644
-0.000156016
-0.000162177
-0.000168103
-0.000173768
-0.000179149
-0.000184222
-0.000188967
-0.000193365
-0.000197398
-0.00020105
-0.000204309
-0.000207162
-0.000209602
-0.000211622
-0.000213219
-0.000214393
-0.000215147
-0.000215486
-0.00021542
-0.000214961
-0.000214124
-0.000212927
-0.00021139
-0.000209536
-0.000207386
-0.000204968
-0.000202308
-0.000199413
-0.000196224
-0.000192688
-0.000189496
-2.85481e-05
-2.45091e-05
-2.01144e-05
-1.62698e-05
-1.28939e-05
-9.88673e-06
-7.23753e-06
-4.95929e-06
-3.0633e-06
-1.55894e-06
-4.55268e-07
2.392e-07
5.17137e-07
3.72917e-07
-1.97178e-07
-1.1947e-06
-2.619e-06
-4.46711e-06
-6.73385e-06
-9.41172e-06
-1.24911e-05
-1.59603e-05
-1.98056e-05
-2.40116e-05
-2.85608e-05
-3.34345e-05
-3.86124e-05
-4.40727e-05
-4.97925e-05
-5.57479e-05
-6.1914e-05
-6.82648e-05
-7.4774e-05
-8.14143e-05
-8.81583e-05
-9.49779e-05
-0.000101845
-0.000108731
-0.000115607
-0.000122446
-0.000129218
-0.000135897
-0.000142453
-0.000148861
-0.000155094
-0.000161126
-0.000166931
-0.000172487
-0.00017777
-0.000182758
-0.000187431
-0.00019177
-0.000195758
-0.000199378
-0.000202617
-0.000205463
-0.000207906
-0.000209937
-0.000211552
-0.000212747
-0.000213521
-0.000213874
-0.000213811
-0.000213337
-0.000212459
-0.000211187
-0.000209531
-0.000207502
-0.000205111
-0.000202371
-0.000199296
-0.000195879
-0.000192022
-0.000187647
-0.000183645
-3.23659e-05
-2.76148e-05
-2.24724e-05
-1.80167e-05
-1.41478e-05
-1.07396e-05
-7.77007e-06
-5.24444e-06
-3.16539e-06
-1.53342e-06
-3.49054e-07
3.87128e-07
6.75111e-07
5.15834e-07
-8.84946e-08
-1.13426e-06
-2.61624e-06
-4.52761e-06
-6.8598e-06
-9.60258e-06
-1.2744e-05
-1.62706e-05
-2.01671e-05
-2.44169e-05
-2.90021e-05
-3.39032e-05
-3.90996e-05
-4.45697e-05
-5.02906e-05
-5.62388e-05
-6.23897e-05
-6.87182e-05
-7.51985e-05
-8.18042e-05
-8.85086e-05
-9.52846e-05
-0.000102105
-0.000108942
-0.000115769
-0.000122558
-0.000129282
-0.000135913
-0.000142426
-0.000148794
-0.000154991
-0.000160993
-0.000166774
-0.000172312
-0.000177585
-0.000182569
-0.000187246
-0.000191596
-0.000195602
-0.000199245
-0.000202513
-0.000205391
-0.000207868
-0.000209933
-0.000211578
-0.000212797
-0.000213585
-0.000213939
-0.000213856
-0.000213337
-0.000212382
-0.000210995
-0.000209177
-0.000206931
-0.000204259
-0.000201167
-0.000197661
-0.000193721
-0.000189226
-0.000184078
-0.000179342
-3.40978e-05
-2.87183e-05
-2.29096e-05
-1.79002e-05
-1.35761e-05
-9.79108e-06
-6.51563e-06
-3.75003e-06
-1.49112e-06
2.67071e-07
1.53048e-06
2.30474e-06
2.59576e-06
2.40998e-06
1.75474e-06
6.38262e-07
-9.30037e-07
-2.93965e-06
-5.3787e-06
-8.23417e-06
-1.14916e-05
-1.51355e-05
-1.91489e-05
-2.35139e-05
-2.82112e-05
-3.32208e-05
-3.85212e-05
-4.40905e-05
-4.99057e-05
-5.59431e-05
-6.21782e-05
-6.85863e-05
-7.51416e-05
-8.18185e-05
-8.85904e-05
-9.54311e-05
-0.000102314
-0.000109212
-0.000116098
-0.000122946
-0.000129728
-0.00013642
-0.000142993
-0.000149424
-0.000155686
-0.000161755
-0.000167607
-0.000173218
-0.000178566
-0.00018363
-0.000188388
-0.00019282
-0.000196909
-0.000200636
-0.000203986
-0.000206943
-0.000209493
-0.000211625
-0.000213326
-0.000214589
-0.000215403
-0.000215762
-0.00021566
-0.000215091
-0.000214052
-0.000212538
-0.000210548
-0.000208076
-0.000205119
-0.000201677
-0.000197752
-0.000193317
-0.00018823
-0.000182378
-0.000176985
-3.34271e-05
-2.74962e-05
-2.11016e-05
-1.56034e-05
-1.08766e-05
-6.75847e-06
-3.21398e-06
-2.40218e-07
2.17017e-06
4.02799e-06
5.34421e-06
6.12946e-06
6.3945e-06
6.15046e-06
5.40908e-06
4.18273e-06
2.48461e-06
3.28722e-07
-2.26994e-06
-5.29556e-06
-8.73123e-06
-1.25592e-05
-1.67608e-05
-2.13164e-05
-2.62054e-05
-3.14067e-05
-3.68981e-05
-4.26568e-05
-4.86594e-05
-5.48819e-05
-6.12996e-05
-6.78875e-05
-7.46202e-05
-8.14719e-05
-8.84164e-05
-9.54275e-05
-0.000102479
-0.000109544
-0.000116596
-0.000123609
-0.000130556
-0.000137412
-0.00014415
-0.000150744
-0.000157171
-0.000163404
-0.00016942
-0.000175195
-0.000180707
-0.000185932
-0.000190851
-0.000195441
-0.000199684
-0.00020356
-0.000207051
-0.000210142
-0.000212816
-0.000215058
-0.000216855
-0.000218193
-0.000219062
-0.00021945
-0.000219348
-0.000218745
-0.000217635
-0.000216008
-0.000213857
-0.000211174
-0.00020795
-0.00020418
-0.000199866
-0.000194975
-0.000189347
-0.00018286
-0.000176874
-3.00831e-05
-2.3671e-05
-1.67677e-05
-1.08494e-05
-5.78132e-06
-1.38657e-06
2.37431e-06
5.50665e-06
8.02105e-06
9.93228e-06
1.12554e-05
1.20053e-05
1.21968e-05
1.18451e-05
1.0966e-05
9.57546e-06
7.69022e-06
5.32756e-06
2.50541e-06
-7.57607e-07
-4.44223e-06
-8.52847e-06
-1.29957e-05
-1.78226e-05
-2.29872e-05
-2.84669e-05
-3.42388e-05
-4.0279e-05
-4.65636e-05
-5.30677e-05
-5.97666e-05
-6.66347e-05
-7.36465e-05
-8.07761e-05
-8.79972e-05
-9.52836e-05
-0.000102609
-0.000109947
-0.00011727
-0.000124554
-0.00013177
-0.000138894
-0.000145898
-0.000152759
-0.000159449
-0.000165944
-0.00017222
-0.000178252
-0.000184017
-0.000189492
-0.000194654
-0.000199482
-0.000203955
-0.000208051
-0.000211753
-0.000215041
-0.000217897
-0.000220304
-0.000222246
-0.000223707
-0.000224672
-0.000225128
-0.000225061
-0.000224458
-0.000223307
-0.000221597
-0.000219315
-0.00021645
-0.000212991
-0.00020893
-0.000204265
-0.000198962
-0.000192845
-0.000185784
-0.000179262
-2.38115e-05
-1.69843e-05
-9.64803e-06
-3.38122e-06
1.95966e-06
6.56444e-06
1.04766e-05
1.37036e-05
1.62591e-05
1.81612e-05
1.94288e-05
2.00805e-05
2.01347e-05
1.96106e-05
1.85273e-05
1.69045e-05
1.4762e-05
1.21202e-05
9.00001e-06
5.42264e-06
1.40973e-06
-3.01647e-06
-7.83344e-06
-1.30181e-05
-1.85469e-05
-2.4396e-05
-3.05413e-05
-3.69579e-05
-4.3621e-05
-5.05052e-05
-5.7585e-05
-6.48346e-05
-7.22279e-05
-7.97387e-05
-8.73407e-05
-9.50072e-05
-0.000102712
-0.000110428
-0.000118129
-0.000125788
-0.000133379
-0.000140875
-0.00014825
-0.000155479
-0.000162534
-0.000169391
-0.000176025
-0.00018241
-0.000188522
-0.000194337
-0.000199832
-0.000204983
-0.000209768
-0.000214165
-0.000218152
-0.000221709
-0.000224816
-0.000227454
-0.000229602
-0.000231244
-0.00023236
-0.000232936
-0.000232953
-0.000232396
-0.00023125
-0.000229499
-0.000227129
-0.000224125
-0.000220473
-0.000216164
-0.000211194
-0.000205525
-0.00019897
-0.000191388
-0.000184379
-1.43555e-05
-7.17848e-06
5.13674e-07
7.05267e-06
1.25906e-05
1.73291e-05
2.1316e-05
2.4561e-05
2.70808e-05
2.88969e-05
3.00317e-05
3.05075e-05
3.03463e-05
2.95707e-05
2.82033e-05
2.62671e-05
2.37852e-05
2.07809e-05
1.72778e-05
1.32998e-05
8.87087e-06
4.01543e-06
-1.24204e-06
-6.87667e-06
-1.28635e-05
-1.91772e-05
-2.57924e-05
-3.26833e-05
-3.98242e-05
-4.71889e-05
-5.47513e-05
-6.24848e-05
-7.03632e-05
-7.83597e-05
-8.64476e-05
-9.46e-05
-0.00010279
-0.000110991
-0.000119176
-0.000127317
-0.000135389
-0.000143364
-0.000151215
-0.000158916
-0.000166441
-0.000173762
-0.000180855
-0.000187693
-0.000194251
-0.000200502
-0.000206424
-0.00021199
-0.000217177
-0.000221961
-0.000226319
-0.000230227
-0.000233663
-0.000236606
-0.000239034
-0.000240926
-0.000242262
-0.000243021
-0.000243184
-0.000242733
-0.000241648
-0.000239913
-0.000237508
-0.000234417
-0.000230624
-0.000226116
-0.00022089
-0.000214905
-0.00020796
-0.000199906
-0.000192452
-1.4423e-06
6.01585e-06
1.39813e-05
2.07088e-05
2.63587e-05
3.11442e-05
3.51172e-05
3.82906e-05
4.06843e-05
4.23235e-05
4.32342e-05
4.34423e-05
4.29735e-05
4.1854e-05
4.01099e-05
3.77672e-05
3.48522e-05
3.13913e-05
2.74107e-05
2.29368e-05
1.7996e-05
1.26147e-05
6.81955e-06
6.36885e-07
-5.90666e-06
-1.27845e-05
-1.997e-05
-2.74364e-05
-3.5157e-05
-4.31049e-05
-5.12532e-05
-5.95751e-05
-6.80434e-05
-7.6631e-05
-8.5311e-05
-9.40559e-05
-0.000102839
-0.000111632
-0.000120409
-0.000129141
-0.000137802
-0.000146363
-0.000154799
-0.00016308
-0.000171181
-0.000179074
-0.000186731
-0.000194127
-0.000201234
-0.000208025
-0.000214474
-0.000220555
-0.000226241
-0.000231508
-0.000236329
-0.000240679
-0.000244534
-0.00024787
-0.000250661
-0.000252885
-0.000254518
-0.000255537
-0.00025592
-0.000255646
-0.000254692
-0.000253037
-0.000250662
-0.000247546
-0.00024367
-0.000239021
-0.000233593
-0.000227342
-0.000220056
-0.000211578
-0.000203716
1.52252e-05
2.28879e-05
3.10341e-05
3.78554e-05
4.35204e-05
4.82528e-05
5.211e-05
5.51081e-05
5.7271e-05
5.86278e-05
5.92087e-05
5.90432e-05
5.81612e-05
5.65922e-05
5.43658e-05
5.15116e-05
4.80589e-05
4.40369e-05
3.94747e-05
3.4401e-05
2.88447e-05
2.28341e-05
1.63977e-05
9.56346e-06
2.35963e-06
-5.18609e-06
-1.30458e-05
-2.11919e-05
-2.95967e-05
-3.82328e-05
-4.70725e-05
-5.60885e-05
-6.52531e-05
-7.4539e-05
-8.39185e-05
-9.33641e-05
-0.000102848
-0.000112343
-0.00012182
-0.000131253
-0.000140614
-0.000149873
-0.000159004
-0.000167977
-0.000176765
-0.00018534
-0.000193673
-0.000201737
-0.000209502
-0.000216941
-0.000224026
-0.000230729
-0.000237021
-0.000242874
-0.000248262
-0.000253156
-0.00025753
-0.000261355
-0.000264606
-0.000267255
-0.000269276
-0.000270644
-0.000271334
-0.000271319
-0.000270575
-0.00026908
-0.000266808
-0.000263738
-0.000259848
-0.000255121
-0.000249552
-0.000243092
-0.000235517
-0.000226661
-0.00021843
3.59741e-05
4.37522e-05
5.19714e-05
5.87765e-05
6.43441e-05
6.8908e-05
7.25311e-05
7.52343e-05
7.70457e-05
7.79991e-05
7.81291e-05
7.74696e-05
7.60544e-05
7.39168e-05
7.10903e-05
6.76077e-05
6.35015e-05
5.8804e-05
5.35468e-05
4.77611e-05
4.14781e-05
3.47279e-05
2.75409e-05
1.99465e-05
1.19743e-05
3.65324e-06
-4.98789e-06
-1.39207e-05
-2.31167e-05
-3.25479e-05
-4.21861e-05
-5.20037e-05
-6.19725e-05
-7.20649e-05
-8.22529e-05
-9.25087e-05
-0.000102804
-0.000113111
-0.000123402
-0.000133648
-0.00014382
-0.00015389
-0.00016383
-0.00017361
-0.000183201
-0.000192574
-0.0002017
-0.000210548
-0.000219088
-0.000227292
-0.000235129
-0.000242569
-0.000249582
-0.000256137
-0.000262205
-0.000267755
-0.000272758
-0.000277183
-0.000281
-0.000284181
-0.000286694
-0.000288512
-0.000289606
-0.000289947
-0.000289507
-0.000288259
-0.000286177
-0.000283235
-0.000279407
-0.000274676
-0.000269033
-0.000262426
-0.000254618
-0.000245437
-0.000236875
6.11646e-05
6.89511e-05
7.71147e-05
8.37736e-05
8.91117e-05
9.33721e-05
9.66241e-05
9.8894e-05
0.000100215
0.000100627
0.000100169
9.88786e-05
9.67953e-05
9.39562e-05
9.03986e-05
8.61587e-05
8.12725e-05
7.57749e-05
6.97004e-05
6.30825e-05
5.59544e-05
4.83483e-05
4.02958e-05
3.1828e-05
2.29755e-05
1.37681e-05
4.23545e-06
-5.59333e-06
-1.56894e-05
-2.60243e-05
-3.65697e-05
-4.72974e-05
-5.81793e-05
-6.91876e-05
-8.0294e-05
-9.14706e-05
-0.000102689
-0.000113921
-0.000125139
-0.000136312
-0.000147413
-0.000158412
-0.000169279
-0.000179985
-0.0001905
-0.000200792
-0.000210832
-0.000220588
-0.000230028
-0.000239121
-0.000247835
-0.000256138
-0.000263997
-0.000271379
-0.000278252
-0.000284583
-0.000290338
-0.000295485
-0.00029999
-0.00030382
-0.000306943
-0.000309325
-0.000310935
-0.000311741
-0.00031171
-0.000310813
-0.000309018
-0.000306297
-0.00030262
-0.000297968
-0.000292328
-0.000285643
-0.000277667
-0.000268217
-0.000259369
9.11908e-05
9.88551e-05
0.000106808
0.000113165
0.000118118
0.000121916
0.000124638
0.000126314
0.000126986
0.000126699
0.000125496
0.000123422
0.00012052
0.000116832
0.000112399
0.000107261
0.000101457
9.50253e-05
8.80026e-05
8.04248e-05
7.23269e-05
6.37428e-05
5.47054e-05
4.5247e-05
3.53989e-05
2.51918e-05
1.46557e-05
3.82007e-06
-7.28613e-06
-1.86342e-05
-3.01958e-05
-4.19429e-05
-5.38475e-05
-6.58816e-05
-7.80173e-05
-9.02265e-05
-0.000102481
-0.000114752
-0.000127012
-0.00013923
-0.000151379
-0.000163426
-0.000175344
-0.000187101
-0.000198665
-0.000210005
-0.000221088
-0.000231883
-0.000242355
-0.000252472
-0.000262198
-0.000271499
-0.000280341
-0.000288687
-0.000296502
-0.000303751
-0.000310395
-0.000316399
-0.000321727
-0.000326341
-0.000330204
-0.000333281
-0.000335534
-0.000336928
-0.000337427
-0.000336996
-0.0003356
-0.000333206
-0.000329782
-0.000325303
-0.000319754
-0.000313072
-0.000305001
-0.000295348
-0.000286266
0.00012648
0.000133862
0.000141416
0.000147285
0.000151667
0.000154818
0.000156823
0.000157722
0.000157562
0.000156395
0.000154273
0.000151243
0.000147356
0.000142656
0.00013719
0.000131001
0.000124131
0.000116622
0.000108512
9.984e-05
9.06421e-05
8.09536e-05
7.08085e-05
6.02398e-05
4.92793e-05
3.79579e-05
2.63057e-05
1.43523e-05
2.12621e-06
-1.0344e-05
-2.30305e-05
-3.59056e-05
-4.89416e-05
-6.21111e-05
-7.53866e-05
-8.87401e-05
-0.000102144
-0.000115569
-0.000128988
-0.000142371
-0.000155688
-0.000168909
-0.000182004
-0.00019494
-0.000207685
-0.000220207
-0.000232472
-0.000244444
-0.00025609
-0.000267374
-0.000278258
-0.000288706
-0.000298679
-0.00030814
-0.000317048
-0.000325366
-0.000333051
-0.000340065
-0.000346366
-0.000351914
-0.000356667
-0.000360584
-0.000363625
-0.000365748
-0.000366914
-0.000367082
-0.000366213
-0.00036427
-0.000361214
-0.000357018
-0.000351661
-0.000345077
-0.000336995
-0.000327217
-0.00031796
0.000167489
0.000174393
0.000181318
0.000186477
0.000190068
0.000192354
0.000193426
0.000193334
0.000192135
0.000189887
0.000186647
0.000182471
0.000177412
0.000171523
0.000164852
0.000157447
0.000149354
0.000140616
0.000131274
0.000121368
0.000110936
0.000100014
8.86366e-05
7.68371e-05
6.46472e-05
5.20978e-05
3.92183e-05
2.60378e-05
1.25842e-05
-1.11496e-06
-1.50326e-05
-2.91417e-05
-4.34159e-05
-5.78283e-05
-7.23523e-05
-8.69608e-05
-0.000101626
-0.000116321
-0.000131017
-0.000145685
-0.000160294
-0.000174816
-0.000189217
-0.000203466
-0.000217531
-0.000231375
-0.000244965
-0.000258264
-0.000271236
-0.000283841
-0.00029604
-0.000307795
-0.000319063
-0.000329803
-0.000339972
-0.000349527
-0.000358423
-0.000366616
-0.000374061
-0.000380711
-0.000386521
-0.000391445
-0.000395437
-0.000398451
-0.00040044
-0.00040136
-0.000401166
-0.000399815
-0.000397263
-0.000393476
-0.000388431
-0.000382053
-0.000374063
-0.000364253
-0.000354895
0.0002147
0.000220886
0.000226906
0.000231086
0.000233628
0.000234792
0.000234681
0.000233355
0.000230879
0.00022732
0.000222742
0.000217207
0.000210776
0.000203503
0.000195444
0.000186648
0.000177164
0.000167038
0.000156313
0.00014503
0.000133228
0.000120943
0.000108209
9.50599e-05
8.15262e-05
6.76379e-05
5.34237e-05
3.89109e-05
2.41264e-05
9.09623e-06
-6.154e-06
-2.1599e-05
-3.72136e-05
-5.29726e-05
-6.88503e-05
-8.48212e-05
-0.000100859
-0.000116936
-0.000133026
-0.000149099
-0.000165125
-0.000181076
-0.000196918
-0.000212619
-0.000228145
-0.00024346
-0.000258528
-0.000273311
-0.000287769
-0.000301862
-0.000315549
-0.000328784
-0.000341526
-0.000353726
-0.00036534
-0.000376319
-0.000386615
-0.000396177
-0.000404955
-0.000412899
-0.000419957
-0.000426077
-0.000431207
-0.000435295
-0.000438288
-0.000440136
-0.000440787
-0.000440192
-0.0004383
-0.000435072
-0.000430478
-0.000424438
-0.000416659
-0.000406928
-0.000397558
0.000268607
0.000273786
0.000278566
0.00028145
0.000282636
0.000282382
0.000280799
0.000277959
0.000273938
0.00026881
0.000262649
0.000255523
0.000247497
0.000238633
0.000228987
0.000218615
0.000207566
0.000195889
0.000183628
0.000170823
0.000157515
0.000143738
0.000129527
0.000114914
9.99268e-05
8.45949e-05
6.89447e-05
5.30016e-05
3.67901e-05
2.0334e-05
3.65677e-06
-1.32187e-05
-3.02693e-05
-4.7472e-05
-6.48031e-05
-8.22388e-05
-9.97543e-05
-0.000117324
-0.000134922
-0.000152519
-0.000170088
-0.000187598
-0.000205016
-0.000222311
-0.000239447
-0.000256387
-0.000273094
-0.000289527
-0.000305646
-0.000321406
-0.000336763
-0.000351671
-0.00036608
-0.000379942
-0.000393204
-0.000405815
-0.00041772
-0.000428865
-0.000439192
-0.000448646
-0.000457167
-0.000464697
-0.000471178
-0.000476551
-0.000480756
-0.000483734
-0.000485427
-0.000485778
-0.00048473
-0.000482236
-0.000478258
-0.000472708
-0.000465285
-0.000455768
-0.000446494
0.000329711
0.000333532
0.000336673
0.000337882
0.000337355
0.000335337
0.000331949
0.000327278
0.000321408
0.000314425
0.00030641
0.000297437
0.000287578
0.000276898
0.000265458
0.000253315
0.000240522
0.000227127
0.000213175
0.000198706
0.000183759
0.000168368
0.000152565
0.000136379
0.000119838
0.000102967
8.57898e-05
6.83282e-05
5.06039e-05
3.26375e-05
1.44491e-05
-3.94142e-06
-2.25141e-05
-4.12487e-05
-6.01244e-05
-7.912e-05
-9.82129e-05
-0.00011738
-0.000136596
-0.000155834
-0.000175068
-0.000194267
-0.0002134
-0.000232433
-0.000251332
-0.000270059
-0.000288573
-0.000306835
-0.000324798
-0.000342418
-0.000359647
-0.000376433
-0.000392724
-0.000408467
-0.000423604
-0.000438078
-0.000451829
-0.000464794
-0.000476912
-0.000488118
-0.000498347
-0.000507533
-0.000515608
-0.000522506
-0.00052816
-0.000532502
-0.000535466
-0.000536984
-0.000536993
-0.000535435
-0.000532266
-0.000527388
-0.000520492
-0.000511352
-0.000502305
0.000398493
0.000400536
0.000401562
0.000400654
0.000397997
0.000393817
0.000388244
0.00038138
0.000373323
0.000364166
0.000353999
0.000342903
0.000330954
0.000318221
0.000304769
0.000290656
0.000275936
0.000260656
0.000244861
0.00022859
0.000211878
0.000194758
0.000177259
0.000159406
0.000141222
0.000122729
0.000103947
8.48927e-05
6.55841e-05
4.60372e-05
2.62676e-05
6.291e-06
-1.38767e-05
-3.42192e-05
-5.47194e-05
-7.53594e-05
-9.612e-05
-0.00011698
-0.000137918
-0.00015891
-0.000179928
-0.000200945
-0.00022193
-0.00024285
-0.000263668
-0.000284348
-0.000304848
-0.000325124
-0.00034513
-0.000364818
-0.000384134
-0.000403025
-0.000421433
-0.0004393
-0.000456562
-0.000473156
-0.000489014
-0.000504069
-0.00051825
-0.000531484
-0.000543698
-0.000554817
-0.000564764
-0.000573465
-0.000580841
-0.000586816
-0.000591312
-0.000594254
-0.000595567
-0.000595184
-0.00059305
-0.000589057
-0.000582891
-0.000574319
-0.000565656
0.000475401
0.000475168
0.000473519
0.000469975
0.000464703
0.000457903
0.000449713
0.000440251
0.000429628
0.000417947
0.000405304
0.000391786
0.000377475
0.000362442
0.000346753
0.000330467
0.000313638
0.000296311
0.000278528
0.000260325
0.000241735
0.000222785
0.0002035
0.000183899
0.000164001
0.000143823
0.000123376
0.000102675
8.17297e-05
6.05509e-05
3.91486e-05
1.75331e-05
-4.28517e-06
-2.62948e-05
-4.84837e-05
-7.08384e-05
-9.33439e-05
-0.000115983
-0.000138737
-0.000161584
-0.000184501
-0.00020746
-0.000230433
-0.000253386
-0.000276285
-0.000299091
-0.000321761
-0.000344249
-0.000366508
-0.000388484
-0.000410123
-0.000431364
-0.000452147
-0.000472404
-0.000492069
-0.000511069
-0.000529331
-0.000546776
-0.000563327
-0.0005789
-0.000593414
-0.000606784
-0.000618922
-0.000629741
-0.000639153
-0.00064707
-0.000653404
-0.000658067
-0.000660972
-0.00066204
-0.000661206
-0.00065835
-0.000653153
-0.000645378
-0.000637284
0.00056082
0.000557723
0.000552738
0.000545953
0.000537511
0.000527569
0.000516275
0.000503763
0.000490156
0.000475567
0.000460099
0.000443843
0.000426884
0.000409294
0.000391141
0.000372481
0.000353365
0.000333837
0.000313933
0.000293685
0.000273119
0.000252257
0.000231116
0.00020971
0.000188051
0.000166145
0.000144001
0.000121622
9.90119e-05
7.61745e-05
5.31123e-05
2.98284e-05
6.32646e-06
-1.73877e-05
-4.13088e-05
-6.54291e-05
-8.97389e-05
-0.000114226
-0.000138875
-0.00016367
-0.000188589
-0.000213607
-0.000238699
-0.000263832
-0.000288971
-0.000314077
-0.000339108
-0.000364016
-0.000388749
-0.000413252
-0.000437465
-0.000461325
-0.000484763
-0.000507707
-0.000530081
-0.000551806
-0.0005728
-0.000592975
-0.000612242
-0.000630509
-0.000647682
-0.000663663
-0.000678355
-0.000691656
-0.000703466
-0.000713684
-0.000722208
-0.000728936
-0.000733767
-0.000736612
-0.000737387
-0.000735963
-0.000732015
-0.000725308
-0.000718006
0.000655027
0.000648378
0.000639289
0.000628569
0.000616321
0.000602649
0.000587704
0.00057164
0.000554592
0.000536681
0.000518013
0.000498686
0.000478783
0.000458377
0.000437533
0.000416304
0.000394736
0.000372866
0.000350726
0.000328339
0.000305724
0.000282893
0.000259855
0.000236615
0.000213174
0.000189532
0.000165686
0.00014163
0.000117359
9.28681e-05
6.81498e-05
4.31972e-05
1.80055e-05
-7.42116e-06
-3.30906e-05
-5.90023e-05
-8.51523e-05
-0.000111535
-0.00013814
-0.000164956
-0.000191966
-0.000219149
-0.000246481
-0.000273932
-0.000301469
-0.000329052
-0.000356639
-0.000384179
-0.00041162
-0.000438902
-0.000465961
-0.000492727
-0.000519127
-0.000545081
-0.000570505
-0.000595311
-0.000619405
-0.00064269
-0.000665065
-0.000686427
-0.000706666
-0.000725673
-0.000743334
-0.000759536
-0.000774161
-0.000787092
-0.000798214
-0.000807408
-0.000814558
-0.000819555
-0.000822303
-0.000822656
-0.000820292
-0.000814974
-0.000808726
0.00075816
0.000747156
0.000733077
0.000717624
0.000700851
0.000682786
0.000663584
0.000643416
0.000622431
0.000600753
0.000578493
0.000555748
0.0005326
0.00050912
0.000485365
0.000461385
0.000437216
0.000412888
0.000388421
0.000363829
0.00033912
0.000314295
0.000289352
0.000264284
0.000239081
0.00021373
0.000188215
0.000162522
0.000136633
0.00011053
8.41959e-05
5.76044e-05
3.07621e-05
3.65586e-06
-2.37463e-05
-5.14442e-05
-7.94405e-05
-0.000107737
-0.000136333
-0.000165221
-0.00019439
-0.000223825
-0.000253504
-0.000283402
-0.000313486
-0.000343719
-0.000374056
-0.000404447
-0.000434837
-0.000465163
-0.000495356
-0.000525341
-0.000555036
-0.000584354
-0.000613203
-0.000641482
-0.000669088
-0.000695911
-0.000721836
-0.000746745
-0.000770514
-0.000793018
-0.000814127
-0.000833709
-0.000851629
-0.000867754
-0.000881946
-0.000894071
-0.000903994
-0.000911586
-0.000916731
-0.000919269
-0.000918878
-0.000915327
-0.000910446
0.000870151
0.000853869
0.000833782
0.000812689
0.000790581
0.000767386
0.000743259
0.000718388
0.000692931
0.000667015
0.000640753
0.000614236
0.000587544
0.000560738
0.000533869
0.000506974
0.000480079
0.000453202
0.000426349
0.000399522
0.000372713
0.00034591
0.000319096
0.000292249
0.000265345
0.000238357
0.000211254
0.000184008
0.000156587
0.00012896
0.000101097
7.29678e-05
4.45521e-05
1.58174e-05
-1.32585e-05
-4.26932e-05
-7.25014e-05
-0.000102695
-0.00013328
-0.000164258
-0.000195626
-0.000227374
-0.000259486
-0.00029194
-0.000324707
-0.000357752
-0.00039103
-0.000424491
-0.000458077
-0.000491722
-0.000525353
-0.000558887
-0.000592237
-0.000625306
-0.00065799
-0.000690178
-0.000721753
-0.000752592
-0.000782564
-0.000811533
-0.00083936
-0.000865898
-0.000891
-0.000914513
-0.000936282
-0.000956151
-0.000973963
-0.000989559
-0.00100278
-0.00101349
-0.00102152
-0.00102672
-0.00102877
-0.00102743
-0.00102428
0.000990665
0.000968046
0.000940794
0.000913041
0.000884693
0.000855555
0.000825773
0.000795552
0.000765055
0.000734411
0.000703724
0.000673082
0.000642551
0.000612184
0.000582016
0.00055207
0.000522357
0.000492876
0.000463619
0.000434568
0.000405698
0.00037698
0.000348378
0.000319852
0.000291362
0.000262862
0.000234305
0.000205646
0.000176837
0.00014783
0.000118581
8.90443e-05
5.91797e-05
2.89467e-05
-1.69064e-06
-3.27644e-05
-6.43023e-05
-9.63272e-05
-0.000128857
-0.000161903
-0.00019547
-0.000229557
-0.000264156
-0.000299249
-0.000334813
-0.000370814
-0.000407212
-0.000443954
-0.000480982
-0.000518227
-0.000555611
-0.000593045
-0.000630433
-0.000667668
-0.000704635
-0.000741211
-0.000777263
-0.00081265
-0.000847225
-0.000880834
-0.000913314
-0.000944499
-0.000974217
-0.00100229
-0.00102855
-0.0010528
-0.00107486
-0.00109455
-0.0011117
-0.00112611
-0.00113762
-0.00114604
-0.00115106
-0.00115246
-0.00115148
0.00111902
0.00108886
0.00105314
0.00101758
0.000981996
0.000946025
0.0009098
0.000873538
0.000837406
0.000801525
0.00076599
0.000730873
0.000696226
0.000662084
0.000628463
0.000595365
0.00056278
0.000530687
0.000499054
0.000467841
0.000437002
0.000406486
0.000376235
0.00034619
0.000316286
0.00028646
0.000256645
0.000226775
0.000196783
0.000166604
0.000136173
0.00010543
7.43139e-05
4.27697e-05
1.07449e-05
-2.18083e-05
-5.49327e-05
-8.86653e-05
-0.000123037
-0.000158073
-0.000193789
-0.000230194
-0.000267288
-0.000305065
-0.000343504
-0.000382578
-0.000422249
-0.000462468
-0.000503175
-0.000544298
-0.000585754
-0.000627449
-0.000669279
-0.000711125
-0.00075286
-0.000794345
-0.000835431
-0.000875958
-0.000915759
-0.000954656
-0.000992463
-0.00102899
-0.00106403
-0.0010974
-0.00112886
-0.00115823
-0.00118528
-0.0012098
-0.00123157
-0.00125039
-0.00126606
-0.00127835
-0.00128697
-0.00129173
-0.00129343
0.00125408
0.00121504
0.00116938
0.00112476
0.00108084
0.00103707
0.000993561
0.000950532
0.000908148
0.000866515
0.00082571
0.000785785
0.000746768
0.000708669
0.000671477
0.00063517
0.000599708
0.000565043
0.000531117
0.000497862
0.000465206
0.000433071
0.000401374
0.000370032
0.000338956
0.000308058
0.00027725
0.000246441
0.000215544
0.000184472
0.00015314
0.000121466
8.93703e-05
5.67773e-05
2.36158e-05
-1.01805e-05
-4.46722e-05
-7.99139e-05
-0.000115953
-0.000152829
-0.000190574
-0.000229211
-0.00026875
-0.000309196
-0.000350539
-0.000392758
-0.00043582
-0.000479679
-0.000524277
-0.000569541
-0.000615384
-0.000661706
-0.000708393
-0.000755317
-0.000802336
-0.000849293
-0.000896022
-0.000942341
-0.000988057
-0.00103297
-0.00107686
-0.00111951
-0.00116069
-0.00120017
-0.00123769
-0.00127302
-0.0013059
-0.00133608
-0.00136332
-0.00138736
-0.00140797
-0.00142489
-0.00143787
-0.00144671
-0.00145168
0.00139417
0.00134473
0.00128752
0.00123246
0.00117902
0.00112642
0.00107474
0.00102418
0.000974918
0.000927019
0.000880538
0.000835494
0.000791885
0.000749687
0.000708854
0.000669329
0.000631039
0.000593902
0.000557825
0.00052271
0.000488453
0.000454944
0.000422074
0.000389728
0.000357792
0.000326151
0.000294689
0.000263292
0.000231848
0.000200246
0.000168377
0.000136135
0.000103418
7.01289e-05
3.6173e-05
1.46255e-06
-3.40845e-05
-7.05435e-05
-0.000107982
-0.000146459
-0.000186025
-0.000226719
-0.00026857
-0.000311594
-0.000355795
-0.000401164
-0.000447674
-0.000495288
-0.000543948
-0.000593584
-0.000644107
-0.00069541
-0.000747372
-0.000799852
-0.000852693
-0.000905722
-0.00095875
-0.00101157
-0.00106396
-0.0011157
-0.00116653
-0.00121619
-0.00126442
-0.00131095
-0.00135549
-0.00139774
-0.00143743
-0.00147425
-0.00150792
-0.00153814
-0.00156461
-0.00158707
-0.00160526
-0.00161904
-0.001628
0.00153692
0.00147544
0.0014049
0.00133788
0.00127366
0.00121115
0.00115035
0.00109151
0.00103473
0.000980061
0.000927519
0.000877081
0.000828699
0.000782305
0.000737812
0.000695117
0.000654107
0.000614657
0.000576636
0.000539908
0.000504333
0.000469766
0.000436063
0.00040308
0.00037067
0.00033869
0.000306996
0.000275445
0.000243898
0.000212218
0.000180269
0.00014792
0.000115043
8.15133e-05
4.72128e-05
1.20274e-05
-2.415e-05
-6.14199e-05
-9.98744e-05
-0.000139597
-0.00018066
-0.000223125
-0.000267042
-0.000312448
-0.000359361
-0.000407789
-0.000457719
-0.000509122
-0.000561948
-0.00061613
-0.000671579
-0.000728186
-0.000785821
-0.000844331
-0.000903546
-0.000963271
-0.00102329
-0.00108338
-0.00114328
-0.00120273
-0.00126144
-0.0013191
-0.00137543
-0.00143007
-0.00148272
-0.00153302
-0.00158065
-0.00162524
-0.00166645
-0.00170395
-0.00173737
-0.0017664
-0.00179085
-0.00181056
-0.00182436
0.00167915
0.00160382
0.00151804
0.00143746
0.0013611
0.00128753
0.00121669
0.00114876
0.00108385
0.00102193
0.000962983
0.000906913
0.000853625
0.000802992
0.000754875
0.000709117
0.000665554
0.000624013
0.000584318
0.000546287
0.00050974
0.000474495
0.00044037
0.000407185
0.000374762
0.000342924
0.000311498
0.000280311
0.000249196
0.000217985
0.000186514
0.000154625
0.000122159
8.89658e-05
5.4895e-05
1.98041e-05
-1.64439e-05
-5.39791e-05
-9.29233e-05
-0.000133389
-0.000175479
-0.000219283
-0.000264877
-0.000312323
-0.000361666
-0.000412931
-0.000466127
-0.000521239
-0.00057823
-0.000637041
-0.000697586
-0.000759757
-0.000823417
-0.000888404
-0.000954531
-0.00102158
-0.00108932
-0.00115749
-0.00122579
-0.00129391
-0.00136154
-0.00142832
-0.00149389
-0.00155787
-0.00161987
-0.0016795
-0.00173635
-0.00179001
-0.00184007
-0.00188613
-0.00192777
-0.00196461
-0.0019965
-0.00202336
-0.00204297
0.00181671
0.00172557
0.00162249
0.00152665
0.00143676
0.00135098
0.00126912
0.00119134
0.00111769
0.00104809
0.000982417
0.000920529
0.000862252
0.000807392
0.000755742
0.000707083
0.00066119
0.000617835
0.000576789
0.000537821
0.000500706
0.000465219
0.00043114
0.000398251
0.000366339
0.000335195
0.000304612
0.00027439
0.000244327
0.000214228
0.000183899
0.00015315
0.000121792
8.96406e-05
5.65146e-05
2.22376e-05
-1.33622e-05
-5.04502e-05
-8.91843e-05
-0.000129713
-0.000172176
-0.000216698
-0.00026339
-0.000312349
-0.000363652
-0.000417353
-0.000473489
-0.000532067
-0.00059307
-0.000656454
-0.000722143
-0.000790032
-0.000859983
-0.000931827
-0.00100536
-0.00108035
-0.00115653
-0.00123361
-0.00131124
-0.00138909
-0.00146677
-0.00154388
-0.00161999
-0.00169466
-0.00176743
-0.00183784
-0.00190539
-0.00196963
-0.00203005
-0.00208617
-0.00213748
-0.00218357
-0.00222434
-0.00225974
-0.00228635
0.00194428
0.00183528
0.00171275
0.00159988
0.00149503
0.00139584
0.00130201
0.00121364
0.00113069
0.00105299
0.000980339
0.000912497
0.000849201
0.000790176
0.000735134
0.000683782
0.000635828
0.000590978
0.000548944
0.000509444
0.000472203
0.00043695
0.000403425
0.000371373
0.000340545
0.000310699
0.000281597
0.000253007
0.000224699
0.000196445
0.000168023
0.000139208
0.00010978
7.95202e-05
4.82109e-05
1.56373e-05
-1.8412e-05
-5.41439e-05
-9.17592e-05
-0.000131451
-0.000173403
-0.000217787
-0.000264759
-0.00031446
-0.000367009
-0.000422505
-0.000481017
-0.000542591
-0.000607239
-0.000674939
-0.000745635
-0.000819234
-0.000895602
-0.000974566
-0.00105591
-0.00113939
-0.0012247
-0.00131151
-0.00139945
-0.00148811
-0.00157706
-0.00166582
-0.0017539
-0.00184077
-0.0019259
-0.00200873
-0.00208869
-0.00216522
-0.00223773
-0.00230565
-0.00236837
-0.00242539
-0.0024767
-0.0025223
-0.0025573
0.00205526
0.00192625
0.00178203
0.00165032
0.00152906
0.00141531
0.00130859
0.00120891
0.00111614
0.00103
0.000950157
0.000876272
0.000807974
0.000744886
0.000686629
0.000632824
0.0005831
0.000537093
0.000494451
0.000454836
0.000417919
0.000383387
0.000350937
0.000320277
0.000291126
0.000263209
0.000236261
0.000210019
0.000184226
0.000158625
0.000132963
0.000106986
8.04384e-05
5.3065e-05
2.46097e-05
-5.18456e-06
-3.65743e-05
-6.98146e-05
-0.000105157
-0.000142849
-0.00018313
-0.000226227
-0.000272356
-0.000321716
-0.000374484
-0.000430812
-0.000490825
-0.000554616
-0.000622241
-0.000693716
-0.000769018
-0.000848073
-0.000930764
-0.00101692
-0.00110633
-0.00119871
-0.00129375
-0.00139108
-0.00149027
-0.00159086
-0.00169235
-0.00179418
-0.00189577
-0.00199652
-0.00209577
-0.00219289
-0.00228718
-0.00237798
-0.00246459
-0.00254632
-0.00262244
-0.00269238
-0.0027562
-0.00281395
-0.00285899
0.00214154
0.00199033
0.00182215
0.00166981
0.00153072
0.00140128
0.00128079
0.00116915
0.0010661
0.000971215
0.000884029
0.000804055
0.000730802
0.000663778
0.000602495
0.000546477
0.000495267
0.000448425
0.000405531
0.000366187
0.000330014
0.000296654
0.000265766
0.000237024
0.000210118
0.000184748
0.000160622
0.000137453
0.000114962
9.28665e-05
7.08863e-05
4.87378e-05
2.61337e-05
2.78222e-06
-2.16139e-05
-4.73567e-05
-7.47528e-05
-0.000104112
-0.000135747
-0.000169968
-0.000207082
-0.000247388
-0.000291178
-0.000338722
-0.000390275
-0.000446064
-0.000506287
-0.000571103
-0.000640634
-0.000714954
-0.000794084
-0.000877995
-0.000966594
-0.00105973
-0.00115719
-0.0012587
-0.0013639
-0.00147239
-0.00158371
-0.00169731
-0.00181263
-0.00192901
-0.00204578
-0.00216221
-0.00227756
-0.00239104
-0.00250184
-0.00260915
-0.00271217
-0.00281004
-0.00290189
-0.00298706
-0.00306569
-0.00313793
-0.00319497
0.0021934
0.0020178
0.00182342
0.00164868
0.00149041
0.00134423
0.00120916
0.00108498
0.000971255
0.000867384
0.000772728
0.000686645
0.000608496
0.000537653
0.000473508
0.00041548
0.000363015
0.000315594
0.000272725
0.000233954
0.000198851
0.00016702
0.000138084
0.000111694
8.75161e-05
6.52306e-05
4.45299e-05
2.5113e-05
6.68206e-06
-1.10609e-05
-2.84172e-05
-4.56943e-05
-6.3208e-05
-8.12843e-05
-0.000100261
-0.000120486
-0.000142322
-0.000166139
-0.000192317
-0.000221244
-0.000253308
-0.000288897
-0.000328393
-0.000372166
-0.000420566
-0.000473922
-0.000532528
-0.00059664
-0.000666468
-0.00074217
-0.000823842
-0.000911516
-0.00100515
-0.00110463
-0.00120976
-0.00132027
-0.00143579
-0.00155589
-0.00168003
-0.00180763
-0.00193802
-0.00207045
-0.00220412
-0.0023382
-0.00247177
-0.00260391
-0.00273366
-0.00286005
-0.00298209
-0.00309879
-0.00320908
-0.00331217
-0.00340834
-0.00349782
-0.00356918
0.00219931
0.0019972
0.00177448
0.0015757
0.001397
0.00123312
0.00108277
0.000945546
0.000820811
0.000707752
0.00060553
0.000513315
0.000430301
0.000355708
0.000288794
0.000228862
0.000175258
0.000127379
8.46651e-05
4.66049e-05
1.27279e-05
-1.73974e-05
-4.41685e-05
-6.79535e-05
-8.90961e-05
-0.000107922
-0.000124742
-0.000139862
-0.000153581
-0.000166205
-0.000178043
-0.000189418
-0.000200666
-0.000212141
-0.000224219
-0.00023729
-0.000251776
-0.000268112
-0.000286755
-0.000308179
-0.000332872
-0.000361326
-0.000394038
-0.0004315
-0.00047419
-0.000522566
-0.000577052
-0.000638036
-0.000705852
-0.000780776
-0.000863013
-0.000952692
-0.00104985
-0.00115444
-0.00126631
-0.00138521
-0.00151077
-0.00164254
-0.00177993
-0.0019223
-0.00206886
-0.00221877
-0.0023711
-0.00252483
-0.00267891
-0.00283223
-0.00298364
-0.00313197
-0.00327605
-0.00341465
-0.0035465
-0.00367067
-0.00378758
-0.00389754
-0.00398599
0.0021459
0.00191532
0.00166229
0.00143797
0.00123774
0.00105535
0.000889129
0.000738449
0.00060243
0.000480012
0.000370119
0.000271712
0.000183792
0.000105412
3.5685e-05
-2.62119e-05
-8.10338e-05
-0.000129469
-0.000172141
-0.00020961
-0.000242381
-0.000270906
-0.000295593
-0.000316811
-0.000334898
-0.000350169
-0.00036292
-0.000373442
-0.00038202
-0.000388946
-0.000394524
-0.000399076
-0.000402943
-0.000406497
-0.000410139
-0.000414308
-0.00041947
-0.000426132
-0.000434834
-0.000446148
-0.000460671
-0.000479025
-0.000501847
-0.000529778
-0.000563458
-0.000603511
-0.000650538
-0.000705096
-0.000767693
-0.00083877
-0.000918689
-0.00100772
-0.00110603
-0.00121367
-0.00133057
-0.00145653
-0.00159122
-0.00173417
-0.00188477
-0.00204228
-0.00220585
-0.0023745
-0.00254713
-0.00272256
-0.00289954
-0.00307674
-0.00325278
-0.00342625
-0.00359574
-0.00375976
-0.00391679
-0.00406569
-0.00420707
-0.00434136
-0.0044502
0.00201787
0.00175711
0.00147207
0.00122096
0.000998307
0.000796756
0.000614199
0.000449739
0.00030221
0.000170261
5.2553e-05
-5.21958e-05
-0.000145194
-0.000227573
-0.000300375
-0.000364552
-0.000420963
-0.000470376
-0.000513471
-0.000550848
-0.000583032
-0.00061048
-0.000633591
-0.000652714
-0.000668161
-0.00068021
-0.000689122
-0.000695143
-0.000698521
-0.000699512
-0.000698387
-0.000695442
-0.000691007
-0.00068545
-0.000679186
-0.00067268
-0.00066644
-0.000661043
-0.000657111
-0.00065532
-0.000656395
-0.000661103
-0.000670246
-0.000684651
-0.000705158
-0.000732604
-0.000767813
-0.000811573
-0.000864621
-0.000927627
-0.00100117
-0.00108573
-0.00118166
-0.00128917
-0.00140833
-0.00153903
-0.00168102
-0.00183384
-0.00199687
-0.00216934
-0.00235027
-0.00253854
-0.00273291
-0.00293198
-0.00313426
-0.00333815
-0.00354201
-0.00374414
-0.00394282
-0.00413626
-0.0043226
-0.00450048
-0.00467071
-0.00483385
-0.00496697
0.00179807
0.00150575
0.00118738
0.00090854
0.000662812
0.000441651
0.00024244
6.39652e-05
-9.52742e-05
-0.000236954
-0.000362714
-0.000474101
-0.000572555
-0.000659403
-0.000735851
-0.000802982
-0.000861756
-0.000913014
-0.000957483
-0.000995786
-0.00102845
-0.00105592
-0.00107855
-0.00109666
-0.00111049
-0.00112027
-0.00112618
-0.00112839
-0.00112708
-0.00112243
-0.00111466
-0.00110399
-0.00109072
-0.00107517
-0.00105776
-0.00103897
-0.00101927
-0.000999341
-0.000979888
-0.000961681
-0.000945581
-0.000932518
-0.000923485
-0.000919529
-0.000921733
-0.000931201
-0.00094904
-0.000976336
-0.00101413
-0.0010634
-0.00112504
-0.00119979
-0.0012883
-0.00139102
-0.00150822
-0.00163997
-0.00178615
-0.00194637
-0.00212004
-0.00230634
-0.00250422
-0.00271244
-0.00292954
-0.0031539
-0.00338374
-0.00361718
-0.00385222
-0.00408681
-0.00431886
-0.0045462
-0.00476656
-0.00497831
-0.00518248
-0.00537979
-0.00554181
0.00146762
0.00114282
0.00079026
0.000483133
0.00021399
-2.70075e-05
-0.000243038
-0.00043569
-0.000606838
-0.000758523
-0.000892717
-0.00101125
-0.00111582
-0.00120796
-0.00128904
-0.00136027
-0.00142271
-0.00147726
-0.00152468
-0.0015656
-0.00160053
-0.00162986
-0.0016539
-0.00167288
-0.00168696
-0.00169624
-0.00170082
-0.00170074
-0.00169607
-0.00168688
-0.00167325
-0.00165533
-0.00163332
-0.00160746
-0.00157811
-0.00154568
-0.0015108
-0.00147403
-0.00143615
-0.00139805
-0.00136071
-0.00132525
-0.00129286
-0.00126485
-0.0012426
-0.00122752
-0.00122107
-0.00122474
-0.00123994
-0.00126807
-0.00131042
-0.00136815
-0.00144228
-0.00153361
-0.00164275
-0.00177003
-0.00191554
-0.00207906
-0.00226008
-0.0024578
-0.00267111
-0.00289863
-0.00313872
-0.00338949
-0.00364885
-0.00391453
-0.00418415
-0.00445521
-0.00472518
-0.00499141
-0.00525111
-0.00550233
-0.00574636
-0.0059841
-0.00618044
0.00100615
0.000648527
0.000261506
-7.40067e-05
-0.000366566
-0.000627376
-0.000860242
-0.00106717
-0.00125045
-0.00141254
-0.00155575
-0.00168224
-0.00179395
-0.00189264
-0.00197985
-0.00205691
-0.00212497
-0.00218499
-0.00223773
-0.0022838
-0.00232367
-0.00235766
-0.00238598
-0.00240874
-0.00242597
-0.00243763
-0.00244365
-0.00244392
-0.00243833
-0.00242676
-0.00240915
-0.00238548
-0.00235578
-0.00232019
-0.00227894
-0.00223238
-0.00218101
-0.00212544
-0.00206647
-0.00200504
-0.00194227
-0.00187944
-0.00181796
-0.00175942
-0.00170552
-0.00165808
-0.00161897
-0.00159015
-0.00157354
-0.00157106
-0.00158456
-0.00161572
-0.00166611
-0.00173703
-0.00182956
-0.00194444
-0.00208211
-0.00224263
-0.00242567
-0.00263052
-0.00285609
-0.00310088
-0.00336307
-0.00364048
-0.00393066
-0.00423093
-0.00453839
-0.00485003
-0.00516276
-0.00547332
-0.00577833
-0.00607538
-0.00636609
-0.00665154
-0.00688862
0.000392218
2.09505e-06
-0.000418968
-0.000782437
-0.00109803
-0.00137836
-0.00162793
-0.00184919
-0.0020449
-0.00221794
-0.00237103
-0.00250662
-0.00262695
-0.00273399
-0.00282944
-0.00291477
-0.00299119
-0.0030597
-0.00312104
-0.0031758
-0.00322436
-0.00326693
-0.0033036
-0.00333431
-0.00335891
-0.00337718
-0.00338882
-0.00339348
-0.00339083
-0.00338052
-0.00336222
-0.00333569
-0.00330074
-0.00325728
-0.00320536
-0.00314517
-0.00307707
-0.0030016
-0.00291951
-0.00283178
-0.00273959
-0.00264436
-0.00254774
-0.00245159
-0.00235799
-0.00226917
-0.00218753
-0.00211558
-0.00205587
-0.00201101
-0.00198351
-0.00197582
-0.0019902
-0.00202866
-0.00209295
-0.00218443
-0.00230406
-0.00245236
-0.00262933
-0.0028345
-0.00306684
-0.00332486
-0.00360654
-0.00390944
-0.00423071
-0.00456715
-0.0049153
-0.0052715
-0.00563198
-0.00599275
-0.00634964
-0.0066997
-0.0070449
-0.00738654
-0.00767185
-0.000396161
-0.000817698
-0.00127161
-0.00166202
-0.00199985
-0.00229915
-0.00256513
-0.00280076
-0.00300929
-0.00319405
-0.00335815
-0.00350442
-0.00363535
-0.00375313
-0.00385965
-0.00395646
-0.00404486
-0.00412584
-0.00420014
-0.00426826
-0.00433047
-0.00438687
-0.00443734
-0.00448165
-0.0045194
-0.00455011
-0.00457321
-0.00458806
-0.00459401
-0.00459039
-0.00457655
-0.0045519
-0.00451593
-0.00446826
-0.00440862
-0.00433694
-0.00425336
-0.00415823
-0.00405217
-0.00393609
-0.00381118
-0.00367896
-0.00354125
-0.00340019
-0.00325821
-0.00311804
-0.00298263
-0.00285516
-0.00273895
-0.00263741
-0.00255396
-0.00249197
-0.00245465
-0.002445
-0.00246566
-0.0025189
-0.00260646
-0.00272954
-0.00288873
-0.00308396
-0.00331447
-0.00357884
-0.00387496
-0.00420014
-0.00455111
-0.00492409
-0.00531496
-0.00571929
-0.00613245
-0.00654954
-0.00696544
-0.0073765
-0.00778508
-0.00819269
-0.00853497
-0.00138086
-0.00183188
-0.00231661
-0.00273233
-0.00309115
-0.00340858
-0.00369054
-0.00394057
-0.00416241
-0.00435988
-0.0045365
-0.00469545
-0.00483951
-0.00497108
-0.0050922
-0.00520456
-0.00530947
-0.00540795
-0.00550067
-0.00558805
-0.00567024
-0.00574712
-0.00581841
-0.00588359
-0.00594201
-0.00599285
-0.00603521
-0.00606808
-0.0060904
-0.0061011
-0.00609909
-0.00608335
-0.00605293
-0.006007
-0.00594487
-0.00586608
-0.00577039
-0.00565784
-0.00552878
-0.00538393
-0.00522438
-0.00505163
-0.00486761
-0.00467466
-0.00447557
-0.00427354
-0.00407213
-0.00387527
-0.00368713
-0.00351213
-0.00335479
-0.00321963
-0.00311113
-0.00303352
-0.00299073
-0.00298624
-0.00302295
-0.00310309
-0.00322813
-0.00339871
-0.00361458
-0.00387459
-0.00417669
-0.004518
-0.00489484
-0.00530284
-0.00573708
-0.00619221
-0.00666258
-0.00714215
-0.00762462
-0.00810544
-0.00858739
-0.0090722
-0.00948158
-0.00258282
-0.0030605
-0.00357313
-0.00401189
-0.00439004
-0.00472447
-0.00502186
-0.00528629
-0.00552205
-0.00573344
-0.00592441
-0.00609848
-0.00625871
-0.00640773
-0.00654774
-0.00668051
-0.00680741
-0.00692943
-0.00704718
-0.00716097
-0.00727079
-0.00737632
-0.00747703
-0.00757211
-0.00766056
-0.00774123
-0.00781277
-0.00787373
-0.00792259
-0.00795773
-0.00797755
-0.00798046
-0.00796492
-0.00792952
-0.00787301
-0.00779434
-0.00769273
-0.00756773
-0.00741926
-0.00724766
-0.00705375
-0.00683885
-0.00660486
-0.00635423
-0.00609
-0.0058158
-0.0055358
-0.00525471
-0.00497768
-0.00471024
-0.00445821
-0.00422756
-0.00402432
-0.00385435
-0.00372326
-0.00363617
-0.00359759
-0.00361127
-0.00368001
-0.00380556
-0.00398855
-0.00422842
-0.00452343
-0.00487066
-0.00526609
-0.00570476
-0.00618086
-0.00668796
-0.00721917
-0.00776708
-0.00832385
-0.00888386
-0.00945028
-0.010025
-0.0105132
-0.00402114
-0.00452177
-0.00505853
-0.00551741
-0.00591278
-0.00626281
-0.00657491
-0.00685374
-0.00710412
-0.00733083
-0.00753824
-0.00773023
-0.00791014
-0.00808083
-0.00824462
-0.0084034
-0.00855857
-0.00871109
-0.00886151
-0.00901001
-0.00915639
-0.00930013
-0.0094404
-0.00957609
-0.00970582
-0.009828
-0.00994082
-0.0100423
-0.0101304
-0.0102028
-0.0102573
-0.0102916
-0.0103034
-0.0102906
-0.0102512
-0.0101834
-0.0100855
-0.00995658
-0.00979573
-0.00960274
-0.00937791
-0.00912218
-0.00883719
-0.00852532
-0.0081897
-0.00783428
-0.00746376
-0.0070836
-0.00669994
-0.00631957
-0.00594976
-0.00559818
-0.00527272
-0.00498131
-0.00473167
-0.00453114
-0.00438642
-0.00430334
-0.00428664
-0.00433979
-0.00446484
-0.0046623
-0.00493109
-0.00526857
-0.00567057
-0.00613156
-0.00664482
-0.0072027
-0.00779681
-0.00841805
-0.00905673
-0.00970579
-0.0103688
-0.0110479
-0.011628
-0.00571211
-0.00623116
-0.00678744
-0.00726294
-0.00767302
-0.00803697
-0.00836292
-0.00865607
-0.00892178
-0.0091653
-0.00939142
-0.00960437
-0.00980776
-0.0100047
-0.0101976
-0.0103885
-0.0105788
-0.0107694
-0.010961
-0.0111534
-0.0113463
-0.0115389
-0.0117303
-0.0119187
-0.0121026
-0.0122799
-0.0124481
-0.0126048
-0.0127472
-0.0128724
-0.0129773
-0.0130589
-0.0131139
-0.0131394
-0.0131323
-0.0130899
-0.0130096
-0.0128893
-0.0127274
-0.0125226
-0.0122745
-0.0119833
-0.0116501
-0.0112769
-0.0108668
-0.0104237
-0.00995273
-0.00946001
-0.0089526
-0.0084385
-0.00792656
-0.00742634
-0.00694792
-0.00650166
-0.00609798
-0.00574701
-0.00545832
-0.0052406
-0.00510132
-0.00504645
-0.00508021
-0.00520487
-0.00542064
-0.0057256
-0.00611579
-0.00658529
-0.00712652
-0.00773046
-0.00838702
-0.00908504
-0.00981254
-0.0105606
-0.0113333
-0.0121325
-0.0128198
-0.00766826
-0.00820047
-0.00877096
-0.00925907
-0.00968098
-0.0100569
-0.0103957
-0.0107029
-0.0109846
-0.0112463
-0.0114934
-0.0117304
-0.0119611
-0.0121888
-0.0124163
-0.0126456
-0.0128781
-0.0131149
-0.0133563
-0.0136023
-0.0138523
-0.0141054
-0.0143601
-0.0146146
-0.0148667
-0.015114
-0.0153534
-0.0155819
-0.0157959
-0.0159917
-0.0161654
-0.0163131
-0.0164304
-0.0165133
-0.0165576
-0.0165593
-0.0165147
-0.0164204
-0.0162735
-0.0160715
-0.0158128
-0.0154966
-0.015123
-0.0146933
-0.0142101
-0.0136771
-0.0130996
-0.012484
-0.0118381
-0.0111709
-0.010493
-0.00981574
-0.00915165
-0.00851394
-0.00791618
-0.00737198
-0.00689459
-0.00649644
-0.0061887
-0.00598087
-0.00588035
-0.00589215
-0.00601863
-0.00625938
-0.00661119
-0.00706817
-0.00762202
-0.00826236
-0.00897718
-0.00975287
-0.0105747
-0.0114314
-0.0123273
-0.0132642
-0.0140752
-0.00989746
-0.010437
-0.0110159
-0.0115122
-0.0119428
-0.0123285
-0.0126787
-0.0129997
-0.0132977
-0.0135788
-0.0138488
-0.0141125
-0.014374
-0.0146369
-0.014904
-0.0151776
-0.0154592
-0.0157498
-0.0160497
-0.0163589
-0.0166765
-0.0170015
-0.0173321
-0.0176663
-0.0180013
-0.0183343
-0.0186616
-0.0189795
-0.0192838
-0.0195699
-0.0198329
-0.0200677
-0.0202691
-0.0204317
-0.0205499
-0.0206184
-0.0206319
-0.0205855
-0.0204747
-0.0202955
-0.0200446
-0.0197198
-0.0193198
-0.0188445
-0.0182956
-0.0176764
-0.0169922
-0.0162486
-0.0154535
-0.0146176
-0.0137527
-0.0128718
-0.0119897
-0.0111227
-0.0102879
-0.00950323
-0.00878633
-0.00815443
-0.00762355
-0.00720795
-0.00691954
-0.00676736
-0.00675718
-0.00689119
-0.00716786
-0.00758202
-0.00812506
-0.00878542
-0.00954902
-0.0103995
-0.0113186
-0.0122925
-0.0133253
-0.0144185
-0.0153718
-0.0124022
-0.0129431
-0.0135243
-0.0140242
-0.01446
-0.0148531
-0.0152132
-0.015547
-0.0158612
-0.0161624
-0.0164565
-0.0167489
-0.0170439
-0.0173454
-0.0176564
-0.0179793
-0.0183157
-0.0186668
-0.0190329
-0.0194138
-0.0198087
-0.0202164
-0.0206348
-0.0210616
-0.0214938
-0.0219278
-0.0223597
-0.022785
-0.0231986
-0.0235952
-0.0239689
-0.0243135
-0.0246225
-0.0248891
-0.0251064
-0.0252674
-0.025365
-0.0253927
-0.0253439
-0.0252127
-0.0249939
-0.0246833
-0.0242774
-0.0237741
-0.0231728
-0.0224768
-0.0216936
-0.0208247
-0.0198769
-0.0188634
-0.0177963
-0.0166893
-0.0155603
-0.0144284
-0.0133141
-0.0122396
-0.0112284
-0.0103035
-0.00948692
-0.00879927
-0.00825851
-0.00787939
-0.00767274
-0.00764491
-0.00779748
-0.00812708
-0.00862565
-0.00928082
-0.0100766
-0.0109934
-0.0120092
-0.0131066
-0.0142896
-0.0155587
-0.0166742
-0.0151792
-0.0157155
-0.016293
-0.0167919
-0.0172295
-0.0176273
-0.0179952
-0.0183405
-0.01867
-0.0189909
-0.0193094
-0.0196311
-0.0199609
-0.0203028
-0.0206601
-0.0210355
-0.0214308
-0.0218472
-0.0222852
-0.0227446
-0.0232246
-0.0237238
-0.0242401
-0.0247708
-0.0253127
-0.0258617
-0.0264135
-0.0269628
-0.027504
-0.0280307
-0.0285361
-0.0290129
-0.0294533
-0.029849
-0.0301915
-0.0304722
-0.0306822
-0.0308126
-0.030855
-0.0308011
-0.0306432
-0.0303745
-0.029989
-0.0294816
-0.0288473
-0.0280825
-0.0272024
-0.0262352
-0.0251766
-0.0240024
-0.0227175
-0.0213544
-0.0199481
-0.0185184
-0.0170842
-0.0156716
-0.0143101
-0.0130294
-0.011859
-0.0108272
-0.00995965
-0.00927893
-0.008803
-0.00854452
-0.00851008
-0.0086999
-0.00910775
-0.00972143
-0.0105233
-0.0114908
-0.0125973
-0.0138212
-0.0151661
-0.016631
-0.0179301
-0.0182192
-0.0187455
-0.0193138
-0.0198074
-0.0202434
-0.020643
-0.0210164
-0.0213708
-0.0217138
-0.0220527
-0.0223941
-0.022744
-0.0231076
-0.0234893
-0.023893
-0.0243214
-0.0247767
-0.0252603
-0.0257729
-0.0263145
-0.0268843
-0.0274808
-0.028102
-0.028745
-0.0294061
-0.0300813
-0.0307654
-0.0314528
-0.0321371
-0.0328111
-0.0334671
-0.0340967
-0.0346906
-0.0352393
-0.0357328
-0.0361604
-0.0365114
-0.036775
-0.0369404
-0.0369972
-0.0369352
-0.0367454
-0.0364199
-0.0359524
-0.0353394
-0.0345773
-0.0336492
-0.0325434
-0.0312839
-0.0299139
-0.0284553
-0.0268914
-0.0252108
-0.0234524
-0.0216612
-0.0198655
-0.0181001
-0.0164017
-0.0148076
-0.0133547
-0.0120786
-0.0110115
-0.0101812
-0.00960928
-0.00930999
-0.00928958
-0.00954581
-0.0100682
-0.0108385
-0.0118312
-0.0130151
-0.0143637
-0.0158796
-0.0175598
-0.0190644
-0.0215076
-0.0220195
-0.0225743
-0.023059
-0.0234902
-0.0238885
-0.0242642
-0.0246246
-0.0249776
-0.0253307
-0.0256912
-0.0260653
-0.0264588
-0.0268767
-0.0273231
-0.0278013
-0.0283139
-0.0288626
-0.0294486
-0.0300718
-0.0307318
-0.0314273
-0.032156
-0.0329151
-0.0337009
-0.0345088
-0.0353335
-0.0361687
-0.0370076
-0.0378421
-0.0386636
-0.0394626
-0.0402287
-0.0409508
-0.0416174
-0.0422159
-0.0427338
-0.0431579
-0.0434751
-0.0436721
-0.0437362
-0.0436553
-0.043418
-0.0430148
-0.0424381
-0.0416826
-0.0407432
-0.0396143
-0.0382958
-0.036793
-0.0351067
-0.0332538
-0.0312819
-0.0292143
-0.0270525
-0.0248387
-0.0226249
-0.0204539
-0.0183703
-0.0164204
-0.0146511
-0.0131065
-0.011827
-0.0108461
-0.0101892
-0.00987211
-0.00989943
-0.010265
-0.0109517
-0.0119323
-0.0131707
-0.0146351
-0.0163272
-0.0182407
-0.0199729
-0.0250249
-0.02552
-0.0260584
-0.0265317
-0.0269554
-0.0273493
-0.0277234
-0.0280852
-0.0284426
-0.0288038
-0.0291763
-0.0295672
-0.0299828
-0.0304286
-0.0309096
-0.0314296
-0.0319918
-0.0325984
-0.033251
-0.0339501
-0.0346955
-0.0354859
-0.0363194
-0.0371931
-0.0381032
-0.0390451
-0.0400129
-0.0410003
-0.0419995
-0.0430021
-0.0439984
-0.044978
-0.0459293
-0.0468401
-0.0476969
-0.0484858
-0.0491921
-0.0498004
-0.050295
-0.0506603
-0.0508803
-0.0509397
-0.0508236
-0.0505182
-0.050011
-0.0492917
-0.0483519
-0.0471859
-0.0457903
-0.0441643
-0.0423256
-0.0403011
-0.0380821
-0.0356715
-0.0331288
-0.0305047
-0.0278307
-0.0251544
-0.0225308
-0.0200178
-0.0176751
-0.0155615
-0.0137326
-0.0122378
-0.0111178
-0.0104019
-0.0101059
-0.0102317
-0.0107664
-0.0116827
-0.0129408
-0.0145033
-0.0163706
-0.0185326
-0.0205139
-0.0287486
-0.0292269
-0.0297489
-0.0302099
-0.0306242
-0.0310103
-0.0313779
-0.0317344
-0.0320882
-0.0324477
-0.0328213
-0.0332169
-0.0336415
-0.0341018
-0.0346034
-0.0351512
-0.0357492
-0.0364004
-0.0371068
-0.0378697
-0.0386891
-0.0395642
-0.0404934
-0.0414737
-0.0425015
-0.0435719
-0.0446791
-0.0458162
-0.0469749
-0.0481463
-0.04932
-0.0504846
-0.0516274
-0.0527349
-0.0537924
-0.0547841
-0.0556935
-0.0565032
-0.0571953
-0.0577514
-0.0581528
-0.058381
-0.0584177
-0.0582454
-0.0578477
-0.0572095
-0.0563181
-0.055163
-0.0537369
-0.052036
-0.0500626
-0.0478263
-0.0453517
-0.0426696
-0.039802
-0.0367725
-0.0336269
-0.0304212
-0.0272182
-0.0240864
-0.0210982
-0.018328
-0.0158492
-0.0137303
-0.0120315
-0.0108006
-0.0100702
-0.00985499
-0.0101508
-0.0109337
-0.0121617
-0.0137931
-0.015827
-0.0182482
-0.0204984
-0.0326552
-0.0331205
-0.0336295
-0.0340796
-0.0344834
-0.0348582
-0.0352129
-0.0355552
-0.0358935
-0.0362373
-0.0365958
-0.036978
-0.0373924
-0.0378469
-0.0383484
-0.0389031
-0.039516
-0.0401912
-0.0409316
-0.041739
-0.0426143
-0.043557
-0.0445658
-0.045638
-0.04677
-0.0479569
-0.0491927
-0.05047
-0.0517805
-0.0531143
-0.0544605
-0.0558067
-0.0571395
-0.058444
-0.0597042
-0.0609028
-0.0620217
-0.0630415
-0.0639421
-0.0647027
-0.0653022
-0.0657188
-0.0659313
-0.0659186
-0.0656604
-0.0651378
-0.0643334
-0.0632327
-0.0618238
-0.0600991
-0.0580557
-0.0556968
-0.0530339
-0.0500859
-0.0468774
-0.0434414
-0.0398228
-0.0360775
-0.0322718
-0.0284814
-0.0247899
-0.021287
-0.0180644
-0.0152123
-0.0128144
-0.0109424
-0.00965155
-0.00897614
-0.0089267
-0.00948769
-0.0106188
-0.0122756
-0.0144571
-0.0171421
-0.0196782
-0.0367234
-0.0371845
-0.0376886
-0.0381323
-0.0385259
-0.0388853
-0.0392188
-0.0395341
-0.0398405
-0.0401485
-0.0404689
-0.0408125
-0.0411896
-0.0416101
-0.0420826
-0.0426151
-0.0432142
-0.0438851
-0.044632
-0.0454576
-0.0463635
-0.0473498
-0.0484155
-0.0495582
-0.0507745
-0.0520592
-0.0534063
-0.054808
-0.0562555
-0.0577385
-0.0592452
-0.0607625
-0.062276
-0.0637696
-0.0652262
-0.0666271
-0.0679524
-0.0691811
-0.0702912
-0.0712597
-0.0720629
-0.0726766
-0.0730764
-0.0732379
-0.0731373
-0.0727516
-0.0720592
-0.0710407
-0.0696793
-0.0679618
-0.0658796
-0.0634298
-0.0606162
-0.0574501
-0.0539516
-0.0501508
-0.0460894
-0.0418218
-0.0374154
-0.0329507
-0.0285202
-0.0242269
-0.0201809
-0.0164952
-0.0132799
-0.0106358
-0.00864735
-0.00737613
-0.00685531
-0.0070851
-0.00803256
-0.00965429
-0.0119515
-0.014897
-0.0177317
-0.0409383
-0.0414109
-0.0419248
-0.0423702
-0.0427552
-0.043094
-0.0433947
-0.0436653
-0.0439165
-0.0441608
-0.0444114
-0.0446818
-0.0449852
-0.0453339
-0.0457393
-0.0462116
-0.0467595
-0.04739
-0.0481086
-0.0489189
-0.0498234
-0.050823
-0.0519169
-0.0531032
-0.0543781
-0.0557366
-0.0571723
-0.0586772
-0.0602416
-0.0618548
-0.0635041
-0.0651757
-0.0668539
-0.0685218
-0.0701608
-0.071751
-0.073271
-0.0746982
-0.0760086
-0.0771774
-0.0781785
-0.0789855
-0.0795712
-0.0799083
-0.0799696
-0.0797285
-0.0791595
-0.0782385
-0.0769438
-0.0752569
-0.073163
-0.0706526
-0.0677224
-0.0643765
-0.0606281
-0.0565008
-0.0520308
-0.0472679
-0.0422774
-0.0371405
-0.0319549
-0.0268333
-0.0219018
-0.0172954
-0.0131519
-0.00960516
-0.00677511
-0.00475863
-0.00362103
-0.00338797
-0.0040424
-0.00554849
-0.00791406
-0.0111063
-0.0142475
-0.045298
-0.0458073
-0.046354
-0.0468141
-0.0471926
-0.0475032
-0.0477539
-0.0479543
-0.0481175
-0.0482593
-0.048397
-0.0485481
-0.0487297
-0.048958
-0.0492475
-0.0496116
-0.0500628
-0.0506093
-0.0512577
-0.0520131
-0.0528788
-0.0538564
-0.0549455
-0.056144
-0.0574484
-0.0588532
-0.0603514
-0.0619346
-0.0635923
-0.065313
-0.0670831
-0.0688876
-0.07071
-0.0725319
-0.0743335
-0.0760936
-0.0777893
-0.0793962
-0.0808889
-0.0822404
-0.0834228
-0.0844072
-0.0851642
-0.0856638
-0.0858758
-0.0857704
-0.0853183
-0.0844915
-0.0832639
-0.0816116
-0.0795144
-0.0769565
-0.0739277
-0.0704247
-0.0664531
-0.0620285
-0.0571794
-0.0519486
-0.0463956
-0.0405984
-0.0346549
-0.0286832
-0.0228207
-0.017221
-0.0120491
-0.00747312
-0.00365412
-0.000731198
0.00118766
0.00203923
0.00181289
0.000526933
-0.00184039
-0.00525339
-0.00870233
-0.0498232
-0.0504074
-0.0510217
-0.0515143
-0.0518877
-0.0521568
-0.0523311
-0.0524234
-0.0524518
-0.0524376
-0.0524041
-0.0523751
-0.0523734
-0.0524198
-0.0525318
-0.052727
-0.0530296
-0.0534438
-0.0539756
-0.0546319
-0.0554176
-0.0563348
-0.0573834
-0.0585613
-0.0598644
-0.0612866
-0.0628203
-0.0644559
-0.0661823
-0.0679865
-0.0698539
-0.0717683
-0.0737117
-0.0756645
-0.0776055
-0.0795118
-0.081359
-0.0831212
-0.084771
-0.0862797
-0.0876174
-0.0887532
-0.0896552
-0.0902909
-0.0906277
-0.0906326
-0.0902732
-0.0895178
-0.0883361
-0.0867001
-0.0845844
-0.0819675
-0.0788329
-0.0751704
-0.0709778
-0.0662626
-0.0610445
-0.0553574
-0.0492527
-0.0428014
-0.0360972
-0.0292578
-0.0224263
-0.0157697
-0.00947496
-0.00374546
0.00120877
0.00521057
0.00809707
0.00975115
0.010119
0.00918723
0.00690855
0.00331601
-0.000435005
-0.0545744
-0.0552899
-0.0560206
-0.056568
-0.0569332
-0.0571359
-0.0571908
-0.0571176
-0.0569427
-0.0566971
-0.0564133
-0.0561233
-0.055857
-0.0556431
-0.0555104
-0.0554744
-0.0555583
-0.0557863
-0.0561534
-0.056666
-0.0573305
-0.0581497
-0.0591235
-0.0602493
-0.0615221
-0.0629349
-0.0644789
-0.0661431
-0.0679149
-0.0697801
-0.0717224
-0.0737241
-0.0757656
-0.0778258
-0.0798816
-0.0819087
-0.0838808
-0.0857702
-0.0875476
-0.0891826
-0.0906431
-0.091896
-0.0929073
-0.0936421
-0.094065
-0.0941405
-0.0938329
-0.0931074
-0.0919301
-0.0902689
-0.0880939
-0.0853788
-0.0821014
-0.0782452
-0.0738011
-0.0687686
-0.0631587
-0.0569961
-0.0503224
-0.0431992
-0.0357119
-0.027973
-0.0201251
-0.0123405
-0.00481895
0.00220451
0.00843142
0.0136933
0.0177646
0.0204446
0.0216141
0.0212099
0.019142
0.0154307
0.0113914
-0.0596805
-0.0606091
-0.0615231
-0.0621481
-0.0624885
-0.0625769
-0.0624405
-0.0621123
-0.061634
-0.0610519
-0.0604124
-0.0597595
-0.0591345
-0.0585903
-0.0581731
-0.0578715
-0.0576636
-0.0576049
-0.0577295
-0.0580393
-0.0585349
-0.0592166
-0.060082
-0.0611267
-0.0623438
-0.0637243
-0.0652575
-0.0669304
-0.0687286
-0.0706358
-0.0726338
-0.074703
-0.0768219
-0.0789673
-0.0811146
-0.0832372
-0.085307
-0.0872943
-0.0891679
-0.090895
-0.0924417
-0.0937725
-0.094851
-0.0956399
-0.0961011
-0.0961963
-0.0958868
-0.0951346
-0.0939024
-0.0921543
-0.0898563
-0.0869775
-0.0834908
-0.0793742
-0.074612
-0.0691968
-0.0631315
-0.0564318
-0.0491293
-0.0412753
-0.0329445
-0.0242406
-0.0153008
-0.00629863
0.00256343
0.0110639
0.0188308
0.0255156
0.031019
0.0350039
0.0372368
0.0375845
0.0358924
0.0321489
0.0278446
-0.0653947
-0.0666521
-0.0678349
-0.0685503
-0.0688171
-0.0686986
-0.068248
-0.0675243
-0.0665946
-0.0655287
-0.0643939
-0.0632554
-0.0621749
-0.0611897
-0.060317
-0.0595849
-0.0590401
-0.0586902
-0.0585496
-0.0586284
-0.0589287
-0.0594492
-0.0601856
-0.061131
-0.0622763
-0.0636101
-0.0651189
-0.0667876
-0.0685991
-0.0705348
-0.0725741
-0.0746952
-0.0768742
-0.0790859
-0.0813034
-0.0834979
-0.0856393
-0.0876956
-0.0896335
-0.091418
-0.0930125
-0.0943795
-0.0954798
-0.0962735
-0.0967198
-0.0967772
-0.096404
-0.0955589
-0.0942008
-0.09229
-0.0897885
-0.0866607
-0.0828749
-0.0784034
-0.0732248
-0.0673249
-0.060699
-0.0533542
-0.0453124
-0.0366139
-0.0273222
-0.0175289
-0.0073611
0.00301227
0.0133774
0.0234888
0.0330936
0.0416342
0.0488469
0.0545349
0.0581943
0.0595916
0.0584974
0.0548435
0.0503088
-0.0722002
-0.0739442
-0.0754921
-0.0762717
-0.0763446
-0.0758392
-0.0748611
-0.073513
-0.0718997
-0.0701204
-0.0682875
-0.0664778
-0.0647648
-0.0631896
-0.0617875
-0.0606047
-0.0596706
-0.0589825
-0.0585467
-0.0583709
-0.0584568
-0.0588013
-0.0593973
-0.0602349
-0.0613017
-0.0625832
-0.0640625
-0.0657216
-0.0675402
-0.0694969
-0.0715685
-0.0737305
-0.0759565
-0.0782188
-0.080488
-0.0827333
-0.084922
-0.08702
-0.0889914
-0.0907988
-0.0924034
-0.0937648
-0.0948413
-0.0955901
-0.0959673
-0.0959282
-0.0954277
-0.0944207
-0.0928622
-0.0907082
-0.0879161
-0.0844455
-0.0802589
-0.0753231
-0.0696101
-0.0630984
-0.0557754
-0.0476389
-0.0387004
-0.0289885
-0.0185533
-0.00747265
0.004141
0.0161314
0.0282891
0.0403467
0.0519835
0.0628317
0.0722459
0.0800667
0.0858789
0.0888589
0.0887156
0.0853368
0.0806245
-0.0810252
-0.0834527
-0.0854365
-0.0861438
-0.0857448
-0.084501
-0.0826154
-0.0802554
-0.0776032
-0.0747993
-0.0720237
-0.0693847
-0.0669142
-0.064648
-0.0626448
-0.0609454
-0.0595506
-0.0584634
-0.0576909
-0.0572354
-0.057093
-0.0572551
-0.0577094
-0.0584411
-0.0594331
-0.0606662
-0.0621197
-0.0637716
-0.0655983
-0.0675748
-0.0696751
-0.0718715
-0.0741352
-0.0764359
-0.0787416
-0.081019
-0.0832333
-0.0853477
-0.0873242
-0.0891229
-0.0907023
-0.0920195
-0.0930301
-0.0936881
-0.0939465
-0.0937573
-0.0930716
-0.0918402
-0.0900137
-0.0875432
-0.0843808
-0.0804803
-0.0757976
-0.0702922
-0.063928
-0.0566747
-0.0485093
-0.0394181
-0.0293994
-0.0184667
-0.00665291
0.00598335
0.0193503
0.0333128
0.0476795
0.0621885
0.0764941
0.0901498
0.102614
0.113167
0.121618
0.127338
0.128904
0.126174
0.121396
-0.0936985
-0.0969885
-0.099326
-0.0995363
-0.0980536
-0.0954016
-0.0919802
-0.088085
-0.0840051
-0.0799563
-0.0759547
-0.0721368
-0.0686262
-0.0654866
-0.0627518
-0.0604372
-0.0585297
-0.0570162
-0.0558952
-0.0551599
-0.0547974
-0.0547906
-0.0551198
-0.0557634
-0.056698
-0.0578992
-0.0593412
-0.0609976
-0.0628409
-0.0648427
-0.0669736
-0.0692031
-0.0714997
-0.0738303
-0.0761609
-0.0784557
-0.0806776
-0.0827876
-0.0847454
-0.0865089
-0.0880343
-0.089276
-0.090187
-0.0907184
-0.0908203
-0.0904409
-0.0895277
-0.0880273
-0.0858853
-0.0830477
-0.0794603
-0.0750698
-0.0698245
-0.0636745
-0.0565732
-0.0484782
-0.0393524
-0.0291659
-0.0178979
-0.00553976
0.00790107
0.0223957
0.0378859
0.0542727
0.0714015
0.0890414
0.106862
0.124406
0.14106
0.156008
0.168267
0.177394
0.182271
0.181151
0.176675
-0.114046
-0.118092
-0.120166
-0.118733
-0.114848
-0.1096
-0.103627
-0.0973531
-0.0910032
-0.0848855
-0.0792398
-0.0740905
-0.069461
-0.0653854
-0.0618655
-0.0588861
-0.0564308
-0.0544871
-0.0530351
-0.0520501
-0.0515043
-0.0513687
-0.0516132
-0.0522073
-0.0531203
-0.0543213
-0.0557794
-0.0574633
-0.0593417
-0.0613826
-0.0635537
-0.0658218
-0.0681528
-0.0705115
-0.0728618
-0.075166
-0.077385
-0.0794781
-0.0814031
-0.0831159
-0.0845707
-0.0857201
-0.0865144
-0.0869026
-0.0868318
-0.0862472
-0.0850928
-0.0833107
-0.0808423
-0.0776277
-0.0736064
-0.0687172
-0.0628992
-0.0560914
-0.0482341
-0.0392688
-0.0291396
-0.0177935
-0.00518237
0.00873563
0.0239929
0.040608
0.058579
0.0778726
0.098408
0.120032
0.142483
0.165348
0.187997
0.209534
0.22875
0.24398
0.253798
0.256458
0.253524
-0.149972
-0.153442
-0.152948
-0.146938
-0.13772
-0.127183
-0.116438
-0.106266
-0.0970373
-0.0886547
-0.0811159
-0.0744455
-0.0686201
-0.063611
-0.059333
-0.055722
-0.0527866
-0.0505009
-0.0488148
-0.0476779
-0.0470437
-0.0468681
-0.0471092
-0.047727
-0.0486829
-0.0499399
-0.0514621
-0.0532141
-0.0551613
-0.057269
-0.0595024
-0.0618264
-0.0642052
-0.0666022
-0.0689798
-0.0712989
-0.0735194
-0.0755994
-0.0774955
-0.0791623
-0.0805528
-0.081618
-0.0823069
-0.0825666
-0.0823422
-0.0815768
-0.0802111
-0.0781838
-0.0754322
-0.0718917
-0.0674954
-0.0621743
-0.0558578
-0.0484731
-0.0399454
-0.0301975
-0.0191499
-0.00672021
0.00717659
0.0226286
0.0397262
0.0585609
0.0792217
0.101788
0.126318
0.152822
0.181227
0.211307
0.242594
0.274238
0.304809
0.33202
0.352239
0.362249
0.364113
-0.21991
-0.216901
-0.205852
-0.18724
-0.166322
-0.146935
-0.129836
-0.114761
-0.101567
-0.0901714
-0.0804132
-0.072142
-0.0651243
-0.0591416
-0.0541548
-0.0501282
-0.0469675
-0.0445764
-0.0428698
-0.0417734
-0.0412221
-0.0411574
-0.0415267
-0.0422818
-0.0433785
-0.0447754
-0.0464334
-0.0483149
-0.0503834
-0.052603
-0.0549381
-0.0573528
-0.0598108
-0.0622752
-0.0647078
-0.0670696
-0.0693199
-0.0714167
-0.0733162
-0.0749728
-0.0763391
-0.0773656
-0.0780007
-0.0781907
-0.0778799
-0.07701
-0.0755192
-0.0733447
-0.0704219
-0.066682
-0.0620529
-0.0564591
-0.0498217
-0.0420572
-0.0330765
-0.0227838
-0.0110751
0.00216383
0.0170601
0.0337571
0.0524182
0.0732317
0.0964145
0.122216
0.150919
0.182825
0.218232
0.257368
0.300266
0.346527
0.394886
0.442509
0.484241
0.513114
0.528074
-0.398426
-0.342086
-0.278363
-0.22606
-0.186431
-0.155191
-0.130134
-0.110022
-0.0938419
-0.080724
-0.0699369
-0.0610089
-0.0537249
-0.0479026
-0.0433054
-0.0397474
-0.0370797
-0.0351815
-0.0339535
-0.0333131
-0.0331901
-0.0335243
-0.0342626
-0.035358
-0.0367675
-0.0384517
-0.0403733
-0.0424967
-0.0447871
-0.0472104
-0.0497326
-0.0523192
-0.0549354
-0.0575453
-0.0601121
-0.0625977
-0.0649624
-0.067165
-0.0691626
-0.0709104
-0.0723618
-0.0734678
-0.0741778
-0.0744401
-0.0742047
-0.0734024
-0.0719578
-0.0698234
-0.066944
-0.063243
-0.0586429
-0.0530655
-0.046428
-0.0386406
-0.0296055
-0.0192151
-0.00734873
0.0061308
0.0213827
0.0385954
0.0579958
0.0798627
0.104544
0.132478
0.164225
0.200494
0.242175
0.290346
0.346209
0.410865
0.484839
0.567843
0.659614
0.757932
0.841208
-1.00031
-0.667425
-0.435843
-0.305195
-0.224028
-0.167914
-0.127931
-0.0992925
-0.0784948
-0.0631517
-0.051752
-0.0432324
-0.0368304
-0.0320433
-0.0285163
-0.0259975
-0.0243062
-0.0233079
-0.0228999
-0.0230016
-0.0235478
-0.0244849
-0.0257668
-0.0273532
-0.0292079
-0.0312972
-0.0335891
-0.0360528
-0.0386578
-0.0413738
-0.0441698
-0.0470147
-0.049876
-0.0527204
-0.0555131
-0.058218
-0.0607972
-0.0632112
-0.0654185
-0.0673758
-0.0690374
-0.0703554
-0.0712785
-0.0717541
-0.0717574
-0.071219
-0.0700105
-0.0681161
-0.0655138
-0.0621007
-0.0577968
-0.0525272
-0.0462105
-0.0387568
-0.0300671
-0.0200315
-0.00852489
0.00459769
0.0195088
0.0364193
0.0555945
0.0773775
0.102226
0.130764
0.163872
0.202805
0.24939
0.306305
0.377444
0.468218
0.585401
0.737327
0.940661
1.23287
1.60646
)
;

boundaryField
{
    movingWall
    {
        type            zeroGradient;
    }
    fixedWalls
    {
        type            zeroGradient;
    }
    frontAndBack
    {
        type            empty;
    }
}


// ************************************************************************* //
