/*--------------------------------*- C++ -*----------------------------------*\
  =========                 |
  \\      /  F ield         | OpenFOAM: The Open Source CFD Toolbox
   \\    /   O peration     | Website:  https://openfoam.org
    \\  /    A nd           | Version:  12
     \\/     M anipulation  |
\*---------------------------------------------------------------------------*/
FoamFile
{
    format      ascii;
    class       volScalarField;
    location    "3.5";
    object      k;
}
// * * * * * * * * * * * * * * * * * * * * * * * * * * * * * * * * * * * * * //

dimensions      [0 2 -2 0 0 0 0];

internalField   nonuniform List<scalar> 
5625
(
5.39035e-13
4.07142e-12
8.62786e-12
1.40638e-11
2.01835e-11
2.6839e-11
3.39219e-11
4.13487e-11
4.90505e-11
5.69676e-11
6.50466e-11
7.32382e-11
8.14966e-11
8.97783e-11
9.8042e-11
1.06248e-10
1.14359e-10
1.22337e-10
1.3015e-10
1.37762e-10
1.45142e-10
1.52259e-10
1.59085e-10
1.65592e-10
1.71755e-10
1.77549e-10
1.82952e-10
1.87942e-10
1.92502e-10
1.96613e-10
2.00262e-10
2.03433e-10
2.06116e-10
2.08301e-10
2.09981e-10
2.11149e-10
2.11802e-10
2.11939e-10
2.1156e-10
2.10666e-10
2.09261e-10
2.07353e-10
2.04948e-10
2.02056e-10
1.98689e-10
1.9486e-10
1.90584e-10
1.85879e-10
1.80761e-10
1.75252e-10
1.69373e-10
1.63147e-10
1.56598e-10
1.49752e-10
1.42636e-10
1.3528e-10
1.27712e-10
1.19964e-10
1.12068e-10
1.04057e-10
9.59666e-11
8.78328e-11
7.96932e-11
7.15871e-11
6.35558e-11
5.56431e-11
4.78958e-11
4.0365e-11
3.31077e-11
2.619e-11
1.96925e-11
1.37201e-11
8.41627e-12
3.97132e-12
5.2576e-13
3.64599e-12
3.24544e-11
7.39384e-11
1.23523e-10
1.79055e-10
2.39238e-10
3.03161e-10
3.70111e-10
4.39492e-10
5.10782e-10
5.83508e-10
6.57233e-10
7.31547e-10
8.06062e-10
8.80407e-10
9.5423e-10
1.02719e-09
1.09896e-09
1.16923e-09
1.23769e-09
1.30407e-09
1.36808e-09
1.42948e-09
1.488e-09
1.54342e-09
1.59553e-09
1.64412e-09
1.689e-09
1.73e-09
1.76698e-09
1.79979e-09
1.82831e-09
1.85244e-09
1.87209e-09
1.88719e-09
1.8977e-09
1.90357e-09
1.9048e-09
1.90138e-09
1.89334e-09
1.88071e-09
1.86354e-09
1.84191e-09
1.8159e-09
1.78562e-09
1.75119e-09
1.71273e-09
1.67041e-09
1.62439e-09
1.57485e-09
1.52197e-09
1.46598e-09
1.40708e-09
1.34551e-09
1.28152e-09
1.21535e-09
1.14729e-09
1.0776e-09
1.00657e-09
9.34517e-10
8.6174e-10
7.88566e-10
7.15333e-10
6.42394e-10
5.70116e-10
4.98891e-10
4.29134e-10
3.61296e-10
2.95877e-10
2.33449e-10
1.74697e-10
1.20503e-10
7.21246e-11
3.16565e-11
3.5562e-12
8.10599e-12
7.26962e-11
1.66706e-10
2.79862e-10
4.07111e-10
5.45331e-10
6.92319e-10
8.46366e-10
1.00606e-09
1.17017e-09
1.3376e-09
1.50733e-09
1.67842e-09
1.84997e-09
2.02112e-09
2.19106e-09
2.35901e-09
2.52422e-09
2.68596e-09
2.84355e-09
2.99634e-09
3.14368e-09
3.28498e-09
3.41968e-09
3.54724e-09
3.66716e-09
3.77898e-09
3.88227e-09
3.97663e-09
4.06172e-09
4.13722e-09
4.20285e-09
4.25837e-09
4.30358e-09
4.33833e-09
4.3625e-09
4.37601e-09
4.37883e-09
4.37096e-09
4.35244e-09
4.32336e-09
4.28384e-09
4.23405e-09
4.17419e-09
4.10449e-09
4.02524e-09
3.93674e-09
3.83933e-09
3.73341e-09
3.61938e-09
3.49769e-09
3.36881e-09
3.23325e-09
3.09155e-09
2.94426e-09
2.79197e-09
2.63531e-09
2.4749e-09
2.31142e-09
2.14556e-09
1.97804e-09
1.80961e-09
1.64103e-09
1.47313e-09
1.30675e-09
1.14279e-09
9.82226e-10
8.26103e-10
6.75597e-10
5.32064e-10
3.97149e-10
2.72983e-10
1.62594e-10
7.08992e-11
7.90529e-12
1.3409e-11
1.20452e-10
2.76802e-10
4.6565e-10
6.78614e-10
9.1042e-10
1.15729e-09
1.41628e-09
1.68494e-09
1.96117e-09
2.24307e-09
2.5289e-09
2.81705e-09
3.10601e-09
3.39432e-09
3.6806e-09
3.96353e-09
4.24185e-09
4.51433e-09
4.77982e-09
5.03721e-09
5.28542e-09
5.52345e-09
5.75036e-09
5.96523e-09
6.16724e-09
6.35559e-09
6.52957e-09
6.68851e-09
6.83183e-09
6.95898e-09
7.0695e-09
7.16298e-09
7.23911e-09
7.29761e-09
7.33828e-09
7.361e-09
7.3657e-09
7.3524e-09
7.32117e-09
7.27215e-09
7.20554e-09
7.12163e-09
7.02075e-09
6.90332e-09
6.76978e-09
6.62066e-09
6.45656e-09
6.27811e-09
6.086e-09
5.88099e-09
5.66388e-09
5.43552e-09
5.19681e-09
4.94869e-09
4.69216e-09
4.42826e-09
4.15807e-09
3.8827e-09
3.60333e-09
3.32118e-09
3.0375e-09
2.7536e-09
2.47087e-09
2.19075e-09
1.91477e-09
1.64458e-09
1.38199e-09
1.12902e-09
8.88019e-10
6.61818e-10
4.54072e-10
2.69896e-10
1.1744e-10
1.30732e-11
1.9318e-11
1.73636e-10
3.9939e-10
6.72568e-10
9.81168e-10
1.31757e-09
1.67628e-09
2.05296e-09
2.44399e-09
2.84626e-09
3.25695e-09
3.67352e-09
4.09357e-09
4.51486e-09
4.93526e-09
5.35275e-09
5.76539e-09
6.17131e-09
6.56875e-09
6.95599e-09
7.3314e-09
7.69345e-09
8.04064e-09
8.3716e-09
8.685e-09
8.97963e-09
9.25433e-09
9.50806e-09
9.73985e-09
9.94883e-09
1.01342e-08
1.02954e-08
1.04316e-08
1.05426e-08
1.06278e-08
1.06871e-08
1.07201e-08
1.07269e-08
1.07074e-08
1.06617e-08
1.05901e-08
1.04928e-08
1.03703e-08
1.02231e-08
1.00517e-08
9.85686e-09
9.63928e-09
9.39985e-09
9.1395e-09
8.85924e-09
8.56017e-09
8.24346e-09
7.91036e-09
7.56217e-09
7.20028e-09
6.82615e-09
6.44128e-09
6.04725e-09
5.64572e-09
5.23838e-09
4.82702e-09
4.41349e-09
3.99971e-09
3.5877e-09
3.17961e-09
2.77769e-09
2.38437e-09
2.00234e-09
1.63458e-09
1.28455e-09
9.56429e-10
6.5553e-10
3.89237e-10
1.69212e-10
1.88249e-11
2.56836e-11
2.30918e-10
5.31401e-10
8.95387e-10
1.30702e-09
1.75621e-09
2.23562e-09
2.73944e-09
3.26281e-09
3.80151e-09
4.35173e-09
4.91001e-09
5.47312e-09
6.03801e-09
6.60182e-09
7.16179e-09
7.71532e-09
8.25988e-09
8.79308e-09
9.31263e-09
9.81633e-09
1.03021e-08
1.07679e-08
1.1212e-08
1.16325e-08
1.20277e-08
1.23963e-08
1.27366e-08
1.30476e-08
1.33279e-08
1.35765e-08
1.37926e-08
1.39753e-08
1.4124e-08
1.42382e-08
1.43174e-08
1.43616e-08
1.43704e-08
1.43441e-08
1.42826e-08
1.41863e-08
1.40556e-08
1.3891e-08
1.36933e-08
1.34631e-08
1.32015e-08
1.29094e-08
1.2588e-08
1.22385e-08
1.18624e-08
1.1461e-08
1.1036e-08
1.0589e-08
1.01218e-08
9.63627e-09
9.13435e-09
8.61807e-09
8.08957e-09
7.55105e-09
7.00483e-09
6.45329e-09
5.89893e-09
5.34436e-09
4.79232e-09
4.24568e-09
3.70751e-09
3.18111e-09
2.6701e-09
2.17851e-09
1.71101e-09
1.27317e-09
8.72088e-10
5.17523e-10
2.24873e-10
2.50101e-11
3.23961e-11
2.91314e-10
6.70574e-10
1.13028e-09
1.65054e-09
2.21868e-09
2.82544e-09
3.46349e-09
4.12665e-09
4.80956e-09
5.50735e-09
6.2156e-09
6.93018e-09
7.64718e-09
8.36294e-09
9.07394e-09
9.77683e-09
1.04684e-08
1.11456e-08
1.18055e-08
1.24453e-08
1.30622e-08
1.36539e-08
1.42179e-08
1.4752e-08
1.5254e-08
1.5722e-08
1.61543e-08
1.65491e-08
1.69049e-08
1.72205e-08
1.74948e-08
1.77266e-08
1.79152e-08
1.80599e-08
1.81603e-08
1.8216e-08
1.82269e-08
1.8193e-08
1.81146e-08
1.79919e-08
1.78255e-08
1.76161e-08
1.73645e-08
1.70718e-08
1.67391e-08
1.63678e-08
1.59592e-08
1.55151e-08
1.50371e-08
1.45271e-08
1.39871e-08
1.34192e-08
1.28258e-08
1.22091e-08
1.15717e-08
1.09161e-08
1.02451e-08
9.56147e-09
8.86817e-09
8.16824e-09
7.46489e-09
6.76144e-09
6.06138e-09
5.3684e-09
4.68642e-09
4.01964e-09
3.37268e-09
2.75067e-09
2.15951e-09
1.60625e-09
1.0998e-09
6.52423e-10
2.83409e-10
3.15156e-11
3.9368e-11
3.5404e-10
8.15103e-10
1.3742e-09
2.00724e-09
2.69889e-09
3.43792e-09
4.21543e-09
5.02389e-09
5.85673e-09
6.70802e-09
7.57232e-09
8.44455e-09
9.31993e-09
1.01939e-08
1.10623e-08
1.19208e-08
1.27656e-08
1.35929e-08
1.4399e-08
1.51806e-08
1.59344e-08
1.66573e-08
1.73463e-08
1.79987e-08
1.86119e-08
1.91836e-08
1.97114e-08
2.01935e-08
2.0628e-08
2.10133e-08
2.13479e-08
2.16307e-08
2.18607e-08
2.2037e-08
2.21591e-08
2.22266e-08
2.22393e-08
2.21973e-08
2.21008e-08
2.19503e-08
2.17464e-08
2.14899e-08
2.1182e-08
2.08238e-08
2.04168e-08
1.99626e-08
1.9463e-08
1.892e-08
1.83356e-08
1.77122e-08
1.70523e-08
1.63584e-08
1.56333e-08
1.48799e-08
1.41013e-08
1.33007e-08
1.24813e-08
1.16466e-08
1.08003e-08
9.94608e-09
9.08787e-09
8.22975e-09
7.376e-09
6.53116e-09
5.7e-09
4.8877e-09
4.09987e-09
3.34278e-09
2.62361e-09
1.95089e-09
1.33543e-09
7.92018e-10
3.43988e-10
3.82485e-11
4.65256e-11
4.18433e-10
9.63464e-10
1.62457e-09
2.37336e-09
3.19176e-09
4.06656e-09
4.98721e-09
5.94484e-09
6.93165e-09
7.94059e-09
8.9652e-09
9.99943e-09
1.10376e-08
1.20743e-08
1.31044e-08
1.41229e-08
1.51252e-08
1.61068e-08
1.70634e-08
1.79908e-08
1.88852e-08
1.97429e-08
2.05604e-08
2.13345e-08
2.20619e-08
2.274e-08
2.33661e-08
2.39377e-08
2.44528e-08
2.49094e-08
2.53059e-08
2.56408e-08
2.59129e-08
2.61214e-08
2.62654e-08
2.63446e-08
2.63588e-08
2.6308e-08
2.61926e-08
2.6013e-08
2.57701e-08
2.54649e-08
2.50986e-08
2.46727e-08
2.41889e-08
2.36492e-08
2.30557e-08
2.24107e-08
2.17167e-08
2.09766e-08
2.01932e-08
1.93696e-08
1.85091e-08
1.76152e-08
1.66915e-08
1.57418e-08
1.47701e-08
1.37804e-08
1.27771e-08
1.17647e-08
1.07477e-08
9.73115e-09
8.72001e-09
7.71969e-09
6.7359e-09
5.77475e-09
4.84289e-09
3.94774e-09
3.09775e-09
2.303e-09
1.57615e-09
9.34642e-10
4.05883e-10
4.5128e-11
5.38051e-11
4.8392e-10
1.11434e-09
1.87916e-09
2.74564e-09
3.69291e-09
4.70572e-09
5.77191e-09
6.88119e-09
8.02455e-09
9.1938e-09
1.03814e-08
1.15804e-08
1.27841e-08
1.39863e-08
1.51809e-08
1.63622e-08
1.75247e-08
1.86632e-08
1.97727e-08
2.08485e-08
2.18859e-08
2.28806e-08
2.38287e-08
2.47262e-08
2.55696e-08
2.63557e-08
2.70813e-08
2.77437e-08
2.83405e-08
2.88692e-08
2.93282e-08
2.97156e-08
3.00301e-08
3.02707e-08
3.04365e-08
3.0527e-08
3.05421e-08
3.04819e-08
3.03466e-08
3.0137e-08
2.98538e-08
2.94985e-08
2.90723e-08
2.85771e-08
2.80149e-08
2.73878e-08
2.66984e-08
2.59494e-08
2.51438e-08
2.42847e-08
2.33756e-08
2.242e-08
2.14219e-08
2.03852e-08
1.93141e-08
1.8213e-08
1.70867e-08
1.59397e-08
1.47773e-08
1.36044e-08
1.24266e-08
1.12495e-08
1.0079e-08
8.92131e-09
7.78309e-09
6.67138e-09
5.59389e-09
4.55916e-09
3.57695e-09
2.65885e-09
1.81945e-09
1.07879e-09
4.68443e-10
5.20815e-11
6.11503e-11
5.49998e-10
1.26657e-09
2.13603e-09
3.12121e-09
4.19846e-09
5.35046e-09
6.56342e-09
7.82563e-09
9.12684e-09
1.04577e-08
1.18097e-08
1.31748e-08
1.45454e-08
1.59144e-08
1.72748e-08
1.86202e-08
1.99442e-08
2.12408e-08
2.25044e-08
2.37295e-08
2.49108e-08
2.60434e-08
2.71228e-08
2.81445e-08
2.91045e-08
2.99989e-08
3.08244e-08
3.15778e-08
3.22562e-08
3.28571e-08
3.33784e-08
3.3818e-08
3.41746e-08
3.44468e-08
3.46338e-08
3.47351e-08
3.47504e-08
3.46799e-08
3.45239e-08
3.42832e-08
3.39589e-08
3.35523e-08
3.30653e-08
3.24996e-08
3.18578e-08
3.11422e-08
3.03559e-08
2.95018e-08
2.85834e-08
2.76043e-08
2.65685e-08
2.548e-08
2.43432e-08
2.31627e-08
2.19433e-08
2.06901e-08
1.94083e-08
1.81034e-08
1.67811e-08
1.54473e-08
1.41081e-08
1.277e-08
1.14397e-08
1.01244e-08
8.83145e-09
7.56895e-09
6.34563e-09
5.17116e-09
4.0566e-09
3.01503e-09
2.06298e-09
1.22308e-09
5.31065e-10
5.90421e-11
6.85112e-11
6.16215e-10
1.41911e-09
2.39341e-09
3.49752e-09
4.70497e-09
5.99639e-09
7.35632e-09
8.77168e-09
1.02309e-08
1.17236e-08
1.32402e-08
1.47715e-08
1.63091e-08
1.78449e-08
1.93712e-08
2.08806e-08
2.2366e-08
2.38207e-08
2.52382e-08
2.66123e-08
2.79372e-08
2.92074e-08
3.04177e-08
3.1563e-08
3.2639e-08
3.36412e-08
3.45659e-08
3.54095e-08
3.61688e-08
3.6841e-08
3.74236e-08
3.79146e-08
3.83122e-08
3.86151e-08
3.88224e-08
3.89334e-08
3.89479e-08
3.88662e-08
3.86885e-08
3.84159e-08
3.80496e-08
3.75911e-08
3.70425e-08
3.64058e-08
3.56838e-08
3.48793e-08
3.39956e-08
3.30362e-08
3.20048e-08
3.09057e-08
2.97431e-08
2.85218e-08
2.72466e-08
2.59227e-08
2.45555e-08
2.31507e-08
2.17141e-08
2.02519e-08
1.87706e-08
1.72766e-08
1.57771e-08
1.4279e-08
1.27901e-08
1.13181e-08
9.87156e-09
8.4594e-09
7.09137e-09
5.77826e-09
4.53239e-09
3.36836e-09
2.30455e-09
1.36621e-09
5.93185e-10
6.59469e-11
7.58435e-11
6.82174e-10
1.57105e-09
2.64977e-09
3.8723e-09
5.20939e-09
6.63959e-09
8.14581e-09
9.71355e-09
1.133e-08
1.29837e-08
1.46638e-08
1.63605e-08
1.80641e-08
1.97657e-08
2.14567e-08
2.31289e-08
2.47745e-08
2.63859e-08
2.79559e-08
2.94777e-08
3.09448e-08
3.23511e-08
3.36906e-08
3.49581e-08
3.61484e-08
3.72568e-08
3.8279e-08
3.92111e-08
4.00497e-08
4.07915e-08
4.14339e-08
4.19746e-08
4.24118e-08
4.27439e-08
4.297e-08
4.30894e-08
4.31019e-08
4.30078e-08
4.28076e-08
4.25022e-08
4.20932e-08
4.15822e-08
4.09715e-08
4.02636e-08
3.94614e-08
3.85681e-08
3.75873e-08
3.6523e-08
3.53793e-08
3.41609e-08
3.28727e-08
3.15197e-08
3.01074e-08
2.86416e-08
2.71283e-08
2.55736e-08
2.39842e-08
2.23669e-08
2.07286e-08
1.90769e-08
1.74192e-08
1.57636e-08
1.41183e-08
1.24922e-08
1.08945e-08
9.33512e-09
7.82473e-09
6.37526e-09
5.00025e-09
3.71578e-09
2.54209e-09
1.50695e-09
6.5427e-10
7.27368e-11
8.31078e-11
7.47519e-10
1.72157e-09
2.90372e-09
4.24354e-09
5.70899e-09
7.2766e-09
8.92762e-09
1.06462e-08
1.24182e-08
1.4231e-08
1.60729e-08
1.79329e-08
1.98004e-08
2.16657e-08
2.35193e-08
2.53521e-08
2.71556e-08
2.89213e-08
3.06415e-08
3.23085e-08
3.39152e-08
3.5455e-08
3.69213e-08
3.83083e-08
3.96103e-08
4.08223e-08
4.19395e-08
4.29576e-08
4.38729e-08
4.46819e-08
4.53818e-08
4.597e-08
4.64445e-08
4.68039e-08
4.70469e-08
4.7173e-08
4.7182e-08
4.70743e-08
4.68503e-08
4.65113e-08
4.60589e-08
4.5495e-08
4.48221e-08
4.40431e-08
4.3161e-08
4.21795e-08
4.11025e-08
3.99344e-08
3.86799e-08
3.73439e-08
3.59319e-08
3.44494e-08
3.29024e-08
3.12973e-08
2.96406e-08
2.79391e-08
2.62e-08
2.44308e-08
2.26391e-08
2.0833e-08
1.90209e-08
1.72114e-08
1.54136e-08
1.36371e-08
1.18919e-08
1.01888e-08
8.53962e-09
6.95719e-09
5.45629e-09
4.05443e-09
2.77362e-09
1.64414e-09
7.13809e-10
7.93548e-11
9.02695e-11
8.11941e-10
1.86997e-09
3.15405e-09
4.60947e-09
6.20141e-09
7.90437e-09
9.69798e-09
1.1565e-08
1.34901e-08
1.54595e-08
1.74605e-08
1.94809e-08
2.15095e-08
2.35355e-08
2.55486e-08
2.75388e-08
2.94968e-08
3.14136e-08
3.32804e-08
3.50892e-08
3.68321e-08
3.85018e-08
4.00914e-08
4.15943e-08
4.30046e-08
4.43166e-08
4.55253e-08
4.66261e-08
4.76148e-08
4.84878e-08
4.9242e-08
4.98748e-08
5.0384e-08
5.07681e-08
5.10258e-08
5.11565e-08
5.11601e-08
5.10372e-08
5.07882e-08
5.04145e-08
4.99181e-08
4.9301e-08
4.85659e-08
4.7716e-08
4.67547e-08
4.56861e-08
4.45144e-08
4.32443e-08
4.18809e-08
4.04298e-08
3.88967e-08
3.72878e-08
3.56095e-08
3.38687e-08
3.20724e-08
3.02282e-08
2.83438e-08
2.64271e-08
2.44866e-08
2.2531e-08
2.05692e-08
1.86107e-08
1.66653e-08
1.47432e-08
1.28555e-08
1.10136e-08
9.2302e-09
7.5193e-09
5.89678e-09
4.38151e-09
2.99724e-09
1.77663e-09
7.71314e-10
8.57467e-11
9.72989e-11
8.75171e-10
2.0156e-09
3.39973e-09
4.96856e-09
6.68457e-09
8.52027e-09
1.04537e-08
1.24661e-08
1.45412e-08
1.66639e-08
1.88205e-08
2.09979e-08
2.31838e-08
2.53667e-08
2.75352e-08
2.96788e-08
3.17873e-08
3.38508e-08
3.58601e-08
3.78063e-08
3.9681e-08
4.14762e-08
4.31846e-08
4.4799e-08
4.6313e-08
4.77207e-08
4.90166e-08
5.01958e-08
5.12538e-08
5.21869e-08
5.29918e-08
5.36655e-08
5.4206e-08
5.46116e-08
5.48811e-08
5.50139e-08
5.501e-08
5.487e-08
5.45944e-08
5.41851e-08
5.36439e-08
5.29732e-08
5.21761e-08
5.12559e-08
5.02165e-08
4.90621e-08
4.77974e-08
4.64276e-08
4.49582e-08
4.3395e-08
4.17444e-08
4.00128e-08
3.82074e-08
3.63355e-08
3.44046e-08
3.24228e-08
3.03984e-08
2.83399e-08
2.62564e-08
2.41571e-08
2.20517e-08
1.99503e-08
1.78634e-08
1.58019e-08
1.37775e-08
1.18026e-08
9.89085e-09
8.05701e-09
6.31813e-09
4.69436e-09
3.21113e-09
1.90336e-09
8.26314e-10
9.18602e-11
1.04171e-10
9.36985e-10
2.15797e-09
3.63988e-09
5.31953e-09
7.15675e-09
9.12208e-09
1.11919e-08
1.33464e-08
1.55677e-08
1.78398e-08
2.01479e-08
2.24779e-08
2.48168e-08
2.7152e-08
2.94714e-08
3.17636e-08
3.40176e-08
3.62229e-08
3.83695e-08
4.04479e-08
4.24491e-08
4.43646e-08
4.61863e-08
4.79069e-08
4.95195e-08
5.10176e-08
5.23956e-08
5.36481e-08
5.47706e-08
5.5759e-08
5.66099e-08
5.73204e-08
5.78882e-08
5.83116e-08
5.85895e-08
5.87214e-08
5.87074e-08
5.8548e-08
5.82442e-08
5.77978e-08
5.7211e-08
5.64865e-08
5.56275e-08
5.46377e-08
5.35213e-08
5.22829e-08
5.09276e-08
4.94608e-08
4.78886e-08
4.62171e-08
4.44531e-08
4.26036e-08
4.06761e-08
3.86785e-08
3.66188e-08
3.45055e-08
3.23475e-08
3.01539e-08
2.79342e-08
2.56983e-08
2.34564e-08
2.12193e-08
1.8998e-08
1.68043e-08
1.46504e-08
1.25496e-08
1.05162e-08
8.56592e-09
6.71687e-09
4.99041e-09
3.41352e-09
2.02327e-09
8.78354e-10
9.76447e-11
1.10865e-10
9.97198e-10
2.29665e-09
3.87378e-09
5.66134e-09
7.61653e-09
9.70798e-09
1.19106e-08
1.42029e-08
1.65663e-08
1.89834e-08
2.14384e-08
2.39164e-08
2.64033e-08
2.88856e-08
3.13506e-08
3.37859e-08
3.61798e-08
3.85211e-08
4.07992e-08
4.30038e-08
4.51255e-08
4.71551e-08
4.90842e-08
5.09048e-08
5.26098e-08
5.41923e-08
5.56463e-08
5.69663e-08
5.81476e-08
5.91858e-08
6.00775e-08
6.08197e-08
6.14101e-08
6.1847e-08
6.21294e-08
6.22569e-08
6.22295e-08
6.20482e-08
6.17141e-08
6.12291e-08
6.05957e-08
5.98169e-08
5.88963e-08
5.78377e-08
5.66457e-08
5.53253e-08
5.38819e-08
5.23214e-08
5.065e-08
4.88745e-08
4.7002e-08
4.50399e-08
4.29962e-08
4.08792e-08
3.86973e-08
3.64596e-08
3.41754e-08
3.18543e-08
2.95063e-08
2.71419e-08
2.47718e-08
2.24072e-08
2.00599e-08
1.77422e-08
1.5467e-08
1.32482e-08
1.11009e-08
9.04175e-09
7.08966e-09
5.26718e-09
3.60271e-09
2.13535e-09
9.26999e-10
1.03052e-10
1.17366e-10
1.05567e-09
2.43131e-09
4.10088e-09
5.99317e-09
8.06283e-09
1.02766e-08
1.26078e-08
1.50338e-08
1.75346e-08
2.00918e-08
2.26888e-08
2.53094e-08
2.79388e-08
3.05627e-08
3.31673e-08
3.57397e-08
3.82673e-08
4.07383e-08
4.31412e-08
4.54655e-08
4.77009e-08
4.98378e-08
5.18673e-08
5.37811e-08
5.55715e-08
5.72315e-08
5.87548e-08
6.01357e-08
6.13692e-08
6.2451e-08
6.33774e-08
6.41456e-08
6.47532e-08
6.51987e-08
6.5481e-08
6.55998e-08
6.55557e-08
6.53494e-08
6.49824e-08
6.4457e-08
6.37759e-08
6.29423e-08
6.196e-08
6.08335e-08
5.95674e-08
5.81671e-08
5.66385e-08
5.49877e-08
5.32214e-08
5.13467e-08
4.93711e-08
4.73025e-08
4.51492e-08
4.29198e-08
4.06233e-08
3.82691e-08
3.5867e-08
3.3427e-08
3.09596e-08
2.84757e-08
2.59866e-08
2.35039e-08
2.104e-08
1.86075e-08
1.62202e-08
1.38925e-08
1.16401e-08
9.48042e-09
7.43328e-09
5.52226e-09
3.77707e-09
2.23864e-09
9.71825e-10
1.08034e-10
1.23662e-10
1.1123e-09
2.56173e-09
4.32081e-09
6.31447e-09
8.49489e-09
1.08269e-08
1.32824e-08
1.58375e-08
1.84708e-08
2.11631e-08
2.38966e-08
2.66543e-08
2.94204e-08
3.21796e-08
3.49176e-08
3.76205e-08
4.02751e-08
4.28688e-08
4.53896e-08
4.78261e-08
5.01678e-08
5.24044e-08
5.45267e-08
5.6526e-08
5.83942e-08
6.0124e-08
6.1709e-08
6.31433e-08
6.44217e-08
6.554e-08
6.64944e-08
6.7282e-08
6.79007e-08
6.8349e-08
6.8626e-08
6.87316e-08
6.86665e-08
6.84317e-08
6.80291e-08
6.7461e-08
6.67307e-08
6.58415e-08
6.47977e-08
6.36039e-08
6.22653e-08
6.07875e-08
5.91767e-08
5.74395e-08
5.55829e-08
5.36143e-08
5.15416e-08
4.9373e-08
4.71173e-08
4.47833e-08
4.23805e-08
3.99186e-08
3.74078e-08
3.48585e-08
3.22815e-08
2.96882e-08
2.70903e-08
2.44998e-08
2.19295e-08
1.93926e-08
1.69034e-08
1.44766e-08
1.21288e-08
9.87796e-09
7.74464e-09
5.75335e-09
3.93501e-09
2.33221e-09
1.01243e-09
1.12547e-10
1.29748e-10
1.16704e-09
2.68777e-09
4.53334e-09
6.62492e-09
8.91226e-09
1.13584e-08
1.39338e-08
1.6613e-08
1.93739e-08
2.2196e-08
2.50603e-08
2.79492e-08
3.08458e-08
3.37341e-08
3.65988e-08
3.94252e-08
4.21996e-08
4.49085e-08
4.75395e-08
5.00805e-08
5.25203e-08
5.48485e-08
5.70553e-08
5.91316e-08
6.10692e-08
6.28604e-08
6.44987e-08
6.59781e-08
6.72933e-08
6.84401e-08
6.94149e-08
7.02147e-08
7.08376e-08
7.12823e-08
7.1548e-08
7.16351e-08
7.15442e-08
7.12769e-08
7.08353e-08
7.02221e-08
6.94406e-08
6.84949e-08
6.73894e-08
6.61291e-08
6.47195e-08
6.31666e-08
6.14769e-08
5.96574e-08
5.77153e-08
5.56585e-08
5.34952e-08
5.12338e-08
4.88835e-08
4.64534e-08
4.39534e-08
4.13934e-08
3.87838e-08
3.61356e-08
3.34598e-08
3.07681e-08
2.80725e-08
2.53855e-08
2.27201e-08
2.00901e-08
1.751e-08
1.49951e-08
1.25625e-08
1.02306e-08
8.02076e-09
5.95826e-09
4.07504e-09
2.41515e-09
1.04842e-09
1.16548e-10
1.35622e-10
1.21987e-09
2.80942e-09
4.73842e-09
6.92443e-09
9.31482e-09
1.18709e-08
1.45615e-08
1.73602e-08
2.02435e-08
2.31898e-08
2.61794e-08
2.91934e-08
3.22142e-08
3.52248e-08
3.82092e-08
4.1152e-08
4.40386e-08
4.68549e-08
4.95879e-08
5.22249e-08
5.47544e-08
5.71654e-08
5.94476e-08
6.15918e-08
6.35895e-08
6.5433e-08
6.71154e-08
6.86308e-08
6.99739e-08
7.11405e-08
7.21272e-08
7.29311e-08
7.35506e-08
7.39844e-08
7.42323e-08
7.42947e-08
7.41728e-08
7.38684e-08
7.33839e-08
7.27224e-08
7.18878e-08
7.08843e-08
6.97167e-08
6.83904e-08
6.69113e-08
6.52857e-08
6.35205e-08
6.16229e-08
5.96007e-08
5.74617e-08
5.52147e-08
5.28682e-08
5.04317e-08
4.79147e-08
4.53272e-08
4.26794e-08
3.9982e-08
3.7246e-08
3.4483e-08
3.17048e-08
2.89235e-08
2.61522e-08
2.34039e-08
2.06929e-08
1.80339e-08
1.54427e-08
1.29366e-08
1.05347e-08
8.25883e-09
6.13489e-09
4.19572e-09
2.48662e-09
1.07943e-09
1.19994e-10
1.41287e-10
1.27082e-09
2.92672e-09
4.93616e-09
7.21317e-09
9.7028e-09
1.23646e-08
1.51661e-08
1.80794e-08
2.10799e-08
2.41451e-08
2.7254e-08
3.03871e-08
3.35256e-08
3.66518e-08
3.97487e-08
4.28003e-08
4.57912e-08
4.87068e-08
5.15332e-08
5.42575e-08
5.68674e-08
5.93517e-08
6.16998e-08
6.39022e-08
6.59502e-08
6.78359e-08
6.95524e-08
7.10939e-08
7.24551e-08
7.3632e-08
7.46212e-08
7.54204e-08
7.60278e-08
7.64429e-08
7.66655e-08
7.66966e-08
7.65376e-08
7.61908e-08
7.5659e-08
7.49459e-08
7.40555e-08
7.29925e-08
7.17622e-08
7.03704e-08
6.88232e-08
6.71274e-08
6.52902e-08
6.33191e-08
6.1222e-08
5.90073e-08
5.66838e-08
5.42605e-08
5.17468e-08
4.91526e-08
4.64879e-08
4.37633e-08
4.09896e-08
3.8178e-08
3.53402e-08
3.24881e-08
2.96342e-08
2.67914e-08
2.39734e-08
2.11944e-08
1.84693e-08
1.58144e-08
1.32471e-08
1.0787e-08
8.4562e-09
6.28126e-09
4.2957e-09
2.54582e-09
1.10511e-09
1.22849e-10
1.46751e-10
1.31996e-09
3.03985e-09
5.12683e-09
7.4915e-09
1.00767e-08
1.28402e-08
1.57481e-08
1.87713e-08
2.18841e-08
2.50627e-08
2.82854e-08
3.15313e-08
3.47811e-08
3.8016e-08
4.12182e-08
4.43709e-08
4.74581e-08
5.04643e-08
5.33753e-08
5.61776e-08
5.88584e-08
6.14061e-08
6.38099e-08
6.606e-08
6.81476e-08
7.00648e-08
7.18047e-08
7.33615e-08
7.47302e-08
7.59069e-08
7.68886e-08
7.76732e-08
7.82594e-08
7.86468e-08
7.88359e-08
7.88282e-08
7.86254e-08
7.82304e-08
7.76464e-08
7.68776e-08
7.59284e-08
7.4804e-08
7.35101e-08
7.20529e-08
7.0439e-08
6.86755e-08
6.67697e-08
6.47296e-08
6.25635e-08
6.02798e-08
5.78875e-08
5.53958e-08
5.28145e-08
5.01533e-08
4.74225e-08
4.46328e-08
4.17951e-08
3.89206e-08
3.60211e-08
3.31086e-08
3.01957e-08
2.72955e-08
2.44216e-08
2.15883e-08
1.88109e-08
1.61056e-08
1.34901e-08
1.09842e-08
8.61038e-09
6.39554e-09
4.37373e-09
2.592e-09
1.12515e-09
1.25075e-10
1.52025e-10
1.3674e-09
3.14904e-09
5.31083e-09
7.76004e-09
1.04373e-08
1.32987e-08
1.63089e-08
1.94375e-08
2.26576e-08
2.59446e-08
2.92753e-08
3.26282e-08
3.59828e-08
3.93195e-08
4.26197e-08
4.58658e-08
4.90409e-08
5.21292e-08
5.51156e-08
5.79862e-08
6.07278e-08
6.33284e-08
6.57771e-08
6.80639e-08
7.01798e-08
7.2117e-08
7.38688e-08
7.54294e-08
7.67941e-08
7.79594e-08
7.89225e-08
7.96818e-08
8.02365e-08
8.05867e-08
8.07333e-08
8.06785e-08
8.04246e-08
7.99748e-08
7.93331e-08
7.85039e-08
7.74925e-08
7.63044e-08
7.49458e-08
7.34233e-08
7.17438e-08
6.99148e-08
6.79441e-08
6.58398e-08
6.36104e-08
6.12646e-08
5.88116e-08
5.62607e-08
5.36215e-08
5.09042e-08
4.8119e-08
4.52765e-08
4.23876e-08
3.94637e-08
3.65164e-08
3.35577e-08
3.06003e-08
2.76572e-08
2.4742e-08
2.1869e-08
1.90536e-08
1.6312e-08
1.3662e-08
1.11235e-08
8.71913e-09
6.47606e-09
4.42865e-09
2.6245e-09
1.13924e-09
1.26641e-10
1.57126e-10
1.41327e-09
3.25462e-09
5.48872e-09
8.01958e-09
1.07856e-08
1.37414e-08
1.685e-08
2.00798e-08
2.34028e-08
2.6793e-08
3.02265e-08
3.36805e-08
3.71337e-08
4.05654e-08
4.39564e-08
4.7288e-08
5.05428e-08
5.37042e-08
5.67566e-08
5.96855e-08
6.24774e-08
6.51201e-08
6.76024e-08
6.99141e-08
7.20463e-08
7.39913e-08
7.57426e-08
7.72946e-08
7.8643e-08
7.97847e-08
8.07173e-08
8.14398e-08
8.1952e-08
8.22544e-08
8.23488e-08
8.22379e-08
8.19247e-08
8.1413e-08
8.07074e-08
7.98129e-08
7.87354e-08
7.74809e-08
7.6056e-08
7.44679e-08
7.2724e-08
7.08319e-08
6.87999e-08
6.66362e-08
6.43496e-08
6.19489e-08
5.94434e-08
5.68426e-08
5.41561e-08
5.13939e-08
4.85663e-08
4.56838e-08
4.27574e-08
3.97981e-08
3.68175e-08
3.38276e-08
3.08408e-08
2.78701e-08
2.49289e-08
2.20315e-08
1.91931e-08
1.64299e-08
1.37597e-08
1.12023e-08
8.78044e-09
6.52133e-09
4.45948e-09
2.64271e-09
1.14713e-09
1.27517e-10
1.62073e-10
1.45776e-09
3.357e-09
5.66117e-09
8.2711e-09
1.11231e-08
1.417e-08
1.73734e-08
2.07006e-08
2.41222e-08
2.76111e-08
3.11422e-08
3.46919e-08
3.82375e-08
4.17578e-08
4.52323e-08
4.86417e-08
5.19677e-08
5.51932e-08
5.83019e-08
6.12789e-08
6.41103e-08
6.67837e-08
6.92876e-08
7.16119e-08
7.37478e-08
7.56877e-08
7.74254e-08
7.89556e-08
8.02745e-08
8.13795e-08
8.22689e-08
8.29422e-08
8.34e-08
8.36431e-08
8.36749e-08
8.34982e-08
8.31168e-08
8.25354e-08
8.17591e-08
8.07938e-08
7.96458e-08
7.83218e-08
7.68291e-08
7.5175e-08
7.33675e-08
7.14147e-08
6.93249e-08
6.71067e-08
6.47691e-08
6.23211e-08
5.97718e-08
5.71308e-08
5.44077e-08
5.16123e-08
4.8755e-08
4.5846e-08
4.28959e-08
3.99159e-08
3.69172e-08
3.39115e-08
3.09111e-08
2.79286e-08
2.49773e-08
2.20713e-08
1.92255e-08
1.6456e-08
1.37804e-08
1.12184e-08
8.79262e-09
6.5301e-09
4.46533e-09
2.64612e-09
1.14859e-09
1.2768e-10
1.66888e-10
1.50105e-09
3.45662e-09
5.82895e-09
8.51575e-09
1.14512e-08
1.45864e-08
1.78816e-08
2.13027e-08
2.4819e-08
2.84024e-08
3.20265e-08
3.56665e-08
3.92989e-08
4.29012e-08
4.64523e-08
4.99317e-08
5.33206e-08
5.6601e-08
5.97562e-08
6.27708e-08
6.56306e-08
6.83228e-08
7.08359e-08
7.31599e-08
7.52861e-08
7.72072e-08
7.89173e-08
8.04117e-08
8.16871e-08
8.27415e-08
8.3574e-08
8.41849e-08
8.45752e-08
8.47472e-08
8.4705e-08
8.4452e-08
8.3993e-08
8.33334e-08
8.24793e-08
8.14371e-08
8.02139e-08
7.8817e-08
7.72543e-08
7.55337e-08
7.36636e-08
7.16523e-08
6.95086e-08
6.72411e-08
6.4859e-08
6.23712e-08
5.97871e-08
5.7116e-08
5.43674e-08
5.15512e-08
4.86771e-08
4.57554e-08
4.27964e-08
3.98108e-08
3.68096e-08
3.38042e-08
3.08064e-08
2.78285e-08
2.48836e-08
2.19852e-08
1.91481e-08
1.63881e-08
1.37223e-08
1.11703e-08
8.75443e-09
6.50145e-09
4.4456e-09
2.63437e-09
1.14348e-09
1.27111e-10
1.71595e-10
1.54338e-09
3.55402e-09
5.99294e-09
8.75477e-09
1.17716e-08
1.49928e-08
1.83771e-08
2.18892e-08
2.54969e-08
2.91709e-08
3.28836e-08
3.66092e-08
4.03228e-08
4.40011e-08
4.76218e-08
5.11637e-08
5.46071e-08
5.79333e-08
6.1125e-08
6.41663e-08
6.70429e-08
6.97416e-08
7.22511e-08
7.45612e-08
7.66637e-08
7.85516e-08
8.02194e-08
8.16631e-08
8.28801e-08
8.38692e-08
8.46303e-08
8.51646e-08
8.54737e-08
8.5562e-08
8.54336e-08
8.50932e-08
8.45464e-08
8.37997e-08
8.28599e-08
8.17344e-08
8.04312e-08
7.8958e-08
7.73234e-08
7.55358e-08
7.36039e-08
7.15365e-08
6.93426e-08
6.7031e-08
6.46109e-08
6.20914e-08
5.94816e-08
5.67908e-08
5.40284e-08
5.12037e-08
4.83264e-08
4.54063e-08
4.24533e-08
3.94777e-08
3.649e-08
3.35012e-08
3.05227e-08
2.75662e-08
2.46443e-08
2.17703e-08
1.89584e-08
1.62238e-08
1.35836e-08
1.10565e-08
8.66475e-09
6.43457e-09
4.39974e-09
2.60714e-09
1.13165e-09
1.25795e-10
1.76222e-10
1.58498e-09
3.64973e-09
6.15406e-09
8.98952e-09
1.20861e-08
1.53914e-08
1.88628e-08
2.24632e-08
2.61594e-08
2.99207e-08
3.37183e-08
3.75249e-08
4.13148e-08
4.50632e-08
4.87469e-08
5.23438e-08
5.58333e-08
5.9196e-08
6.2414e-08
6.54711e-08
6.83525e-08
7.10451e-08
7.35373e-08
7.58195e-08
7.78836e-08
7.9723e-08
8.13331e-08
8.27104e-08
8.38533e-08
8.47614e-08
8.54358e-08
8.58786e-08
8.60921e-08
8.60832e-08
8.58559e-08
8.54163e-08
8.47713e-08
8.39282e-08
8.2895e-08
8.16798e-08
8.02912e-08
7.87381e-08
7.70293e-08
7.5174e-08
7.31813e-08
7.10603e-08
6.88202e-08
6.647e-08
6.40189e-08
6.14758e-08
5.88499e-08
5.61502e-08
5.33857e-08
5.05655e-08
4.76987e-08
4.47947e-08
4.1863e-08
3.89133e-08
3.59555e-08
3.3e-08
3.00577e-08
2.71397e-08
2.4258e-08
2.14253e-08
1.86552e-08
1.59624e-08
1.33634e-08
1.08765e-08
8.52317e-09
6.32917e-09
4.32753e-09
2.56431e-09
1.11304e-09
1.23727e-10
1.80795e-10
1.6261e-09
3.74432e-09
6.31326e-09
9.2214e-09
1.23965e-08
1.57846e-08
1.93414e-08
2.30283e-08
2.68107e-08
3.06565e-08
3.45355e-08
3.84192e-08
4.22804e-08
4.60933e-08
4.98337e-08
5.34782e-08
5.70055e-08
6.03954e-08
6.36295e-08
6.6691e-08
6.95649e-08
7.22381e-08
7.46991e-08
7.69385e-08
7.89487e-08
8.07238e-08
8.22598e-08
8.35543e-08
8.46065e-08
8.54174e-08
8.59889e-08
8.63238e-08
8.64278e-08
8.63073e-08
8.5968e-08
8.54173e-08
8.46631e-08
8.37141e-08
8.25791e-08
8.12673e-08
7.97883e-08
7.81515e-08
7.63666e-08
7.44432e-08
7.23909e-08
7.02191e-08
6.79371e-08
6.55541e-08
6.30792e-08
6.05213e-08
5.78892e-08
5.51916e-08
5.24372e-08
4.96346e-08
4.67924e-08
4.39195e-08
4.10246e-08
3.81169e-08
3.52056e-08
3.23004e-08
2.94113e-08
2.6549e-08
2.37247e-08
2.09503e-08
1.82387e-08
1.56041e-08
1.30621e-08
1.06304e-08
8.32985e-09
6.18535e-09
4.22908e-09
2.50593e-09
1.08769e-09
1.20909e-10
1.85343e-10
1.66699e-09
3.83836e-09
6.47149e-09
9.45179e-09
1.27049e-08
1.61749e-08
1.98159e-08
2.35878e-08
2.74546e-08
3.13825e-08
3.534e-08
3.92971e-08
4.32253e-08
4.70976e-08
5.08882e-08
5.45732e-08
5.813e-08
6.15377e-08
6.47772e-08
6.78315e-08
7.06852e-08
7.33253e-08
7.57404e-08
7.79216e-08
7.98618e-08
8.15558e-08
8.30007e-08
8.4195e-08
8.51394e-08
8.58358e-08
8.62875e-08
8.64983e-08
8.64777e-08
8.6231e-08
8.57661e-08
8.50918e-08
8.42173e-08
8.31526e-08
8.19076e-08
8.04927e-08
7.89182e-08
7.71945e-08
7.53318e-08
7.33403e-08
7.123e-08
6.90106e-08
6.66916e-08
6.42821e-08
6.17911e-08
5.92273e-08
5.65993e-08
5.39154e-08
5.11836e-08
4.84121e-08
4.5609e-08
4.27822e-08
3.99399e-08
3.70904e-08
3.42422e-08
3.14041e-08
2.85855e-08
2.5796e-08
2.30461e-08
2.03468e-08
1.77103e-08
1.515e-08
1.26807e-08
1.03192e-08
8.08554e-09
6.00371e-09
4.10479e-09
2.43225e-09
1.0557e-09
1.17353e-10
1.8989e-10
1.70787e-09
3.93238e-09
6.62967e-09
9.68203e-09
1.30128e-08
1.65644e-08
2.0289e-08
2.41451e-08
2.80948e-08
3.2103e-08
3.61365e-08
4.01638e-08
4.41549e-08
4.80814e-08
5.19164e-08
5.56346e-08
5.92125e-08
6.26284e-08
6.58626e-08
6.88976e-08
7.17179e-08
7.43105e-08
7.66645e-08
7.87712e-08
8.06245e-08
8.222e-08
8.35559e-08
8.46321e-08
8.54505e-08
8.60147e-08
8.63281e-08
8.64001e-08
8.62382e-08
8.58504e-08
8.52461e-08
8.44358e-08
8.34301e-08
8.22402e-08
8.08774e-08
7.93531e-08
7.76786e-08
7.58651e-08
7.39236e-08
7.18647e-08
6.96986e-08
6.74355e-08
6.50848e-08
6.26557e-08
6.01569e-08
5.75969e-08
5.49838e-08
5.23253e-08
4.96291e-08
4.69025e-08
4.41529e-08
4.13874e-08
3.86135e-08
3.58384e-08
3.30699e-08
3.03158e-08
2.75844e-08
2.48846e-08
2.22258e-08
1.96183e-08
1.70732e-08
1.4603e-08
1.22215e-08
9.94482e-09
7.79177e-09
5.78539e-09
3.95545e-09
2.34373e-09
1.01728e-09
1.13082e-10
1.94461e-10
1.74897e-09
4.02689e-09
6.78863e-09
9.91333e-09
1.33221e-08
1.69552e-08
2.07633e-08
2.47031e-08
2.87348e-08
3.28218e-08
3.69292e-08
4.10237e-08
4.5074e-08
4.90499e-08
5.29232e-08
5.66674e-08
6.02579e-08
6.36721e-08
6.68898e-08
6.98931e-08
7.26663e-08
7.51965e-08
7.74732e-08
7.94886e-08
8.12372e-08
8.2716e-08
8.39243e-08
8.48637e-08
8.55375e-08
8.595e-08
8.61087e-08
8.60247e-08
8.57054e-08
8.51614e-08
8.44042e-08
8.34456e-08
8.2298e-08
8.09739e-08
7.94861e-08
7.78469e-08
7.60687e-08
7.41635e-08
7.21429e-08
7.0018e-08
6.77995e-08
6.54975e-08
6.31214e-08
6.06803e-08
5.81828e-08
5.56367e-08
5.30498e-08
5.04291e-08
4.77817e-08
4.5114e-08
4.24325e-08
3.97436e-08
3.70537e-08
3.43691e-08
3.16965e-08
2.90427e-08
2.64151e-08
2.38214e-08
2.127e-08
1.87702e-08
1.63321e-08
1.39671e-08
1.16881e-08
9.51014e-09
7.45086e-09
5.53213e-09
3.78226e-09
2.24111e-09
9.7274e-10
1.08131e-10
1.99076e-10
1.79045e-09
4.1223e-09
6.94908e-09
1.01467e-08
1.3634e-08
1.73491e-08
2.1241e-08
2.52642e-08
2.93776e-08
3.35423e-08
3.77217e-08
4.18808e-08
4.59865e-08
5.00071e-08
5.39127e-08
5.76756e-08
6.12699e-08
6.46723e-08
6.78618e-08
7.08202e-08
7.35319e-08
7.5984e-08
7.81668e-08
8.00731e-08
8.16985e-08
8.30415e-08
8.41029e-08
8.4886e-08
8.53958e-08
8.56371e-08
8.56251e-08
8.5367e-08
8.48742e-08
8.41595e-08
8.3236e-08
8.21176e-08
8.08182e-08
7.93519e-08
7.77327e-08
7.59742e-08
7.40898e-08
7.20922e-08
6.99936e-08
6.78055e-08
6.55389e-08
6.32038e-08
6.08097e-08
5.83654e-08
5.58789e-08
5.33578e-08
5.0809e-08
4.8239e-08
4.56538e-08
4.30592e-08
4.04606e-08
3.78633e-08
3.52728e-08
3.26943e-08
3.01334e-08
2.75958e-08
2.50877e-08
2.26157e-08
2.01872e-08
1.78103e-08
1.54939e-08
1.32484e-08
1.10856e-08
9.01931e-09
7.06607e-09
5.24636e-09
3.58688e-09
2.12536e-09
9.22508e-10
1.02548e-10
2.03749e-10
1.83247e-09
4.21892e-09
7.11155e-09
1.0383e-08
1.39496e-08
1.77475e-08
2.17236e-08
2.58306e-08
3.00251e-08
3.42667e-08
3.85165e-08
4.27377e-08
4.68952e-08
5.09556e-08
5.48874e-08
5.86613e-08
6.22504e-08
6.56303e-08
6.87795e-08
7.16793e-08
7.43142e-08
7.66718e-08
7.87429e-08
8.05214e-08
8.20045e-08
8.31919e-08
8.40864e-08
8.46935e-08
8.5017e-08
8.50725e-08
8.48699e-08
8.44208e-08
8.3739e-08
8.28394e-08
8.17373e-08
8.04484e-08
7.89885e-08
7.73731e-08
7.56177e-08
7.37371e-08
7.17455e-08
6.96564e-08
6.74825e-08
6.52357e-08
6.29268e-08
6.05661e-08
5.81628e-08
5.57251e-08
5.32606e-08
5.07763e-08
4.82783e-08
4.57721e-08
4.3263e-08
4.07557e-08
3.82545e-08
3.57638e-08
3.32876e-08
3.08303e-08
2.83961e-08
2.59896e-08
2.36158e-08
2.12802e-08
1.89888e-08
1.67486e-08
1.45675e-08
1.24546e-08
1.04204e-08
8.47772e-09
6.64165e-09
4.93126e-09
3.37151e-09
1.99779e-09
8.67151e-10
9.63957e-11
2.08491e-10
1.8751e-09
4.31694e-09
7.27636e-09
1.06226e-08
1.42695e-08
1.81511e-08
2.22121e-08
2.64031e-08
3.06788e-08
3.49964e-08
3.9315e-08
4.35958e-08
4.78014e-08
5.18966e-08
5.58481e-08
5.9625e-08
6.31992e-08
6.65453e-08
6.96411e-08
7.24678e-08
7.50098e-08
7.72555e-08
7.91964e-08
8.08278e-08
8.21483e-08
8.31598e-08
8.38673e-08
8.42748e-08
8.43966e-08
8.42462e-08
8.38352e-08
8.31787e-08
8.22931e-08
8.11956e-08
7.99038e-08
7.84353e-08
7.68078e-08
7.50385e-08
7.31441e-08
7.11405e-08
6.90429e-08
6.68653e-08
6.46208e-08
6.23216e-08
5.99784e-08
5.76012e-08
5.51988e-08
5.2779e-08
5.03487e-08
4.79139e-08
4.54799e-08
4.30514e-08
4.06324e-08
3.82266e-08
3.58372e-08
3.34673e-08
3.11198e-08
2.87978e-08
2.65043e-08
2.42427e-08
2.20167e-08
1.98306e-08
1.76892e-08
1.55982e-08
1.35643e-08
1.15954e-08
9.70091e-09
7.89212e-09
6.18291e-09
4.59078e-09
3.13884e-09
1.86e-09
8.07366e-10
8.97514e-11
2.13302e-10
1.91836e-09
4.41638e-09
7.44355e-09
1.08656e-08
1.45939e-08
1.85601e-08
2.27066e-08
2.69821e-08
3.13387e-08
3.57315e-08
4.01172e-08
4.44547e-08
4.87045e-08
5.2829e-08
5.67932e-08
6.05646e-08
6.41135e-08
6.74137e-08
7.04423e-08
7.31803e-08
7.56125e-08
7.77279e-08
7.95192e-08
8.09832e-08
8.21205e-08
8.29354e-08
8.34319e-08
8.36219e-08
8.35238e-08
8.31481e-08
8.25116e-08
8.16324e-08
8.05296e-08
7.92228e-08
7.7732e-08
7.60769e-08
7.42771e-08
7.23514e-08
7.03176e-08
6.81929e-08
6.5993e-08
6.37325e-08
6.14247e-08
5.90818e-08
5.67143e-08
5.43317e-08
5.19423e-08
4.95532e-08
4.71703e-08
4.47988e-08
4.24429e-08
4.01061e-08
3.77914e-08
3.55011e-08
3.32373e-08
3.10018e-08
2.87963e-08
2.66226e-08
2.44825e-08
2.2378e-08
2.03116e-08
1.82863e-08
1.63059e-08
1.43746e-08
1.2498e-08
1.06828e-08
8.93696e-09
7.27063e-09
5.69622e-09
4.22967e-09
2.89214e-09
1.71391e-09
7.4399e-10
8.27083e-11
2.18175e-10
1.96216e-09
4.5171e-09
7.61285e-09
1.11117e-08
1.49222e-08
1.89737e-08
2.32064e-08
2.75664e-08
3.20036e-08
3.64704e-08
4.09212e-08
4.53122e-08
4.96016e-08
5.37495e-08
5.77188e-08
6.14752e-08
6.49876e-08
6.82288e-08
7.11753e-08
7.38081e-08
7.61124e-08
7.80782e-08
7.96996e-08
8.09752e-08
8.19085e-08
8.25031e-08
8.27672e-08
8.27248e-08
8.23853e-08
8.17668e-08
8.08892e-08
7.97737e-08
7.84422e-08
7.6917e-08
7.52205e-08
7.33746e-08
7.14007e-08
6.9319e-08
6.71487e-08
6.49077e-08
6.26124e-08
6.02776e-08
5.79167e-08
5.55415e-08
5.31622e-08
5.07876e-08
4.84251e-08
4.60809e-08
4.37601e-08
4.14665e-08
3.92031e-08
3.69724e-08
3.47758e-08
3.26146e-08
3.04895e-08
2.8401e-08
2.63496e-08
2.43356e-08
2.23596e-08
2.04225e-08
1.85255e-08
1.66704e-08
1.48596e-08
1.30963e-08
1.13848e-08
9.73048e-09
8.14023e-09
6.62273e-09
5.18903e-09
3.85344e-09
2.63516e-09
1.56177e-09
6.77994e-10
7.53742e-11
2.2309e-10
2.00635e-09
4.61869e-09
7.78363e-09
1.13598e-08
1.52532e-08
1.93905e-08
2.37094e-08
2.81537e-08
3.26706e-08
3.72098e-08
4.17231e-08
4.61638e-08
5.04875e-08
5.4652e-08
5.86178e-08
6.23488e-08
6.58124e-08
6.89804e-08
7.18289e-08
7.43389e-08
7.64963e-08
7.82923e-08
7.97227e-08
8.07893e-08
8.14955e-08
8.18445e-08
8.18651e-08
8.15668e-08
8.09683e-08
8.00912e-08
7.89589e-08
7.75957e-08
7.60267e-08
7.4277e-08
7.23714e-08
7.03339e-08
6.81877e-08
6.59543e-08
6.36541e-08
6.13055e-08
5.89252e-08
5.65281e-08
5.41273e-08
5.17341e-08
4.9358e-08
4.70069e-08
4.46872e-08
4.24039e-08
4.01607e-08
3.79603e-08
3.58044e-08
3.36939e-08
3.1629e-08
2.96096e-08
2.76351e-08
2.57047e-08
2.38175e-08
2.19727e-08
2.01696e-08
1.84079e-08
1.66876e-08
1.50092e-08
1.33741e-08
1.17844e-08
1.0243e-08
8.75433e-09
7.32391e-09
5.95917e-09
4.66975e-09
3.46836e-09
2.37219e-09
1.4061e-09
6.10473e-10
6.78709e-11
2.28019e-10
2.05065e-09
4.72057e-09
7.95486e-09
1.16086e-08
1.55848e-08
1.98077e-08
2.42125e-08
2.87402e-08
3.33352e-08
3.79445e-08
4.25167e-08
4.70025e-08
5.13543e-08
5.55275e-08
5.94801e-08
6.31742e-08
6.65755e-08
6.9655e-08
7.23884e-08
7.4757e-08
7.67476e-08
7.83529e-08
7.95719e-08
8.04063e-08
8.08581e-08
8.09528e-08
8.07056e-08
8.01338e-08
7.92605e-08
7.81115e-08
7.67136e-08
7.50947e-08
7.3283e-08
7.13065e-08
6.91925e-08
6.69669e-08
6.46545e-08
6.22782e-08
5.98588e-08
5.74153e-08
5.49644e-08
5.25207e-08
5.00967e-08
4.77028e-08
4.53476e-08
4.30377e-08
4.07782e-08
3.85728e-08
3.64237e-08
3.43322e-08
3.22984e-08
3.03217e-08
2.84012e-08
2.6535e-08
2.47214e-08
2.29582e-08
2.12433e-08
1.95747e-08
1.79505e-08
1.63693e-08
1.483e-08
1.33321e-08
1.18759e-08
1.04622e-08
9.09309e-09
7.77171e-09
6.50255e-09
5.29175e-09
4.14762e-09
3.08124e-09
2.10787e-09
1.24966e-09
5.42622e-10
6.03312e-11
2.32919e-10
2.0947e-09
4.82185e-09
8.12508e-09
1.18558e-08
1.59142e-08
2.02219e-08
2.47113e-08
2.93205e-08
3.39912e-08
3.86671e-08
4.32938e-08
4.78186e-08
5.21912e-08
5.63639e-08
6.02925e-08
6.39368e-08
6.72612e-08
7.02357e-08
7.28359e-08
7.50436e-08
7.6847e-08
7.82413e-08
7.92262e-08
7.98019e-08
7.9988e-08
7.98072e-08
7.9274e-08
7.84133e-08
7.72525e-08
7.58215e-08
7.4151e-08
7.22725e-08
7.02176e-08
6.80169e-08
6.57e-08
6.32949e-08
6.08275e-08
5.83216e-08
5.57986e-08
5.32774e-08
5.07744e-08
4.83035e-08
4.58762e-08
4.35018e-08
4.11874e-08
3.89382e-08
3.67578e-08
3.46482e-08
3.26099e-08
3.06426e-08
2.87448e-08
2.69146e-08
2.51494e-08
2.3446e-08
2.18013e-08
2.0212e-08
1.86747e-08
1.71864e-08
1.57441e-08
1.43453e-08
1.29881e-08
1.1671e-08
1.03932e-08
9.15474e-09
7.95671e-09
6.8012e-09
5.69165e-09
4.63306e-09
3.63243e-09
2.69934e-09
1.84716e-09
1.09537e-09
4.75708e-10
5.28956e-11
2.37735e-10
2.13801e-09
4.92142e-09
8.29239e-09
1.20987e-08
1.62377e-08
2.06282e-08
2.51998e-08
2.98877e-08
3.46303e-08
3.93681e-08
4.40434e-08
4.86e-08
5.29846e-08
5.71463e-08
6.10385e-08
6.46189e-08
6.78505e-08
7.07025e-08
7.31507e-08
7.51777e-08
7.67737e-08
7.79358e-08
7.86617e-08
7.89618e-08
7.88684e-08
7.8392e-08
7.75584e-08
7.6397e-08
7.494e-08
7.32214e-08
7.12762e-08
6.91397e-08
6.68463e-08
6.44296e-08
6.19212e-08
5.93506e-08
5.67449e-08
5.41283e-08
5.15222e-08
4.89451e-08
4.64126e-08
4.39375e-08
4.15299e-08
3.91975e-08
3.69457e-08
3.4778e-08
3.2696e-08
3.07e-08
2.87887e-08
2.696e-08
2.52109e-08
2.35378e-08
2.19366e-08
2.0403e-08
1.89324e-08
1.75205e-08
1.61629e-08
1.48554e-08
1.35944e-08
1.23764e-08
1.11987e-08
1.00589e-08
8.95564e-09
7.88808e-09
6.85644e-09
5.86196e-09
4.90714e-09
3.99597e-09
3.13422e-09
2.33009e-09
1.5951e-09
9.46202e-10
4.11018e-10
4.57072e-11
2.42402e-10
2.17996e-09
5.01788e-09
8.45447e-09
1.2334e-08
1.65507e-08
2.10208e-08
2.56709e-08
3.04331e-08
3.52424e-08
4.00359e-08
4.47523e-08
4.9332e-08
5.37181e-08
5.78569e-08
6.1699e-08
6.52001e-08
6.8322e-08
7.10333e-08
7.33102e-08
7.51368e-08
7.65061e-08
7.7414e-08
7.78567e-08
7.78771e-08
7.74821e-08
7.66969e-08
7.55526e-08
7.40835e-08
7.23267e-08
7.03208e-08
6.81049e-08
6.57178e-08
6.31973e-08
6.05791e-08
5.78969e-08
5.51812e-08
5.24597e-08
4.97566e-08
4.70929e-08
4.4486e-08
4.19503e-08
3.9497e-08
3.71344e-08
3.48682e-08
3.27019e-08
3.06367e-08
2.86723e-08
2.68068e-08
2.50372e-08
2.33597e-08
2.17694e-08
2.02612e-08
1.88298e-08
1.74695e-08
1.61747e-08
1.49401e-08
1.37603e-08
1.26305e-08
1.15463e-08
1.05035e-08
9.49872e-09
8.52918e-09
7.59273e-09
6.688e-09
5.81454e-09
4.97288e-09
4.16473e-09
3.39314e-09
2.66285e-09
1.98073e-09
1.35662e-09
8.05071e-10
3.49813e-10
3.8906e-11
2.4684e-10
2.21985e-09
5.1096e-09
8.60856e-09
1.25575e-08
1.68479e-08
2.13929e-08
2.61161e-08
3.09465e-08
3.58157e-08
4.06569e-08
4.54052e-08
4.99974e-08
5.43731e-08
5.84754e-08
6.22524e-08
6.56579e-08
6.86526e-08
7.12048e-08
7.32916e-08
7.49007e-08
7.60218e-08
7.66488e-08
7.68108e-08
7.65288e-08
7.58208e-08
7.47187e-08
7.32588e-08
7.14809e-08
6.94273e-08
6.7141e-08
6.46654e-08
6.20427e-08
5.93133e-08
5.65154e-08
5.36836e-08
5.08494e-08
4.80403e-08
4.52801e-08
4.25886e-08
3.99818e-08
3.74723e-08
3.5069e-08
3.27781e-08
3.0603e-08
2.85447e-08
2.66023e-08
2.47731e-08
2.30532e-08
2.14376e-08
1.99206e-08
1.84959e-08
1.7157e-08
1.58972e-08
1.47098e-08
1.35884e-08
1.25267e-08
1.15188e-08
1.05593e-08
9.64308e-09
8.76583e-09
7.92364e-09
7.1133e-09
6.33228e-09
5.5788e-09
4.85192e-09
4.15165e-09
3.47903e-09
2.83637e-09
2.22746e-09
1.658e-09
1.13628e-09
6.74665e-10
2.93255e-10
3.26208e-11
2.50959e-10
2.25688e-09
5.19474e-09
8.75154e-09
1.27648e-08
1.71229e-08
2.17365e-08
2.65259e-08
3.14166e-08
3.63367e-08
4.12158e-08
4.5985e-08
5.05774e-08
5.4929e-08
5.89801e-08
6.2676e-08
6.59689e-08
6.88187e-08
7.11942e-08
7.30761e-08
7.44462e-08
7.52977e-08
7.56384e-08
7.55068e-08
7.49118e-08
7.38849e-08
7.24636e-08
7.06901e-08
6.86097e-08
6.62697e-08
6.37178e-08
6.10012e-08
5.81653e-08
5.52531e-08
5.23039e-08
4.93535e-08
4.64333e-08
4.35701e-08
4.07866e-08
3.81007e-08
3.55266e-08
3.30742e-08
3.07501e-08
2.85577e-08
2.64978e-08
2.45688e-08
2.27672e-08
2.10881e-08
1.95254e-08
1.80724e-08
1.67214e-08
1.5465e-08
1.42952e-08
1.32044e-08
1.2185e-08
1.12299e-08
1.03323e-08
9.48593e-09
8.68494e-09
7.92412e-09
7.19881e-09
6.50498e-09
5.83923e-09
5.19883e-09
4.58178e-09
3.98684e-09
3.41363e-09
2.86273e-09
2.33583e-09
1.83593e-09
1.36769e-09
9.38028e-10
5.57297e-10
2.42343e-10
2.69628e-11
2.54662e-10
2.29017e-09
5.27127e-09
8.88001e-09
1.29508e-08
1.73693e-08
2.20431e-08
2.68896e-08
3.18308e-08
3.67911e-08
4.16962e-08
4.64733e-08
5.10519e-08
5.53645e-08
5.93484e-08
6.29467e-08
6.611e-08
6.87986e-08
7.09838e-08
7.26387e-08
7.3757e-08
7.43211e-08
7.438e-08
7.39406e-08
7.30297e-08
7.16849e-08
6.99498e-08
6.78726e-08
6.5504e-08
6.28965e-08
6.0102e-08
5.71714e-08
5.41527e-08
5.10906e-08
4.80255e-08
4.49932e-08
4.20244e-08
3.91446e-08
3.63746e-08
3.373e-08
3.1222e-08
2.8858e-08
2.66414e-08
2.45727e-08
2.26497e-08
2.08681e-08
1.92218e-08
1.77037e-08
1.63057e-08
1.50191e-08
1.38349e-08
1.27444e-08
1.17387e-08
1.08093e-08
9.94823e-09
9.14785e-09
8.40115e-09
7.70168e-09
7.04358e-09
6.4216e-09
5.83112e-09
5.26815e-09
4.72929e-09
4.21184e-09
3.71372e-09
3.23359e-09
2.77084e-09
2.32572e-09
1.89944e-09
1.49437e-09
1.11429e-09
7.64883e-10
4.54751e-10
1.97848e-10
2.20173e-11
2.57846e-10
2.31879e-09
5.33706e-09
8.99038e-09
1.31103e-08
1.75799e-08
2.23039e-08
2.71964e-08
3.21761e-08
3.71637e-08
4.20809e-08
4.68513e-08
5.14006e-08
5.56581e-08
5.95582e-08
6.30422e-08
6.60616e-08
6.85762e-08
7.055e-08
7.19684e-08
7.28131e-08
7.31015e-08
7.28663e-08
7.21193e-08
7.08971e-08
6.92435e-08
6.72085e-08
6.48461e-08
6.22125e-08
5.93649e-08
5.63592e-08
5.32493e-08
5.00852e-08
4.69127e-08
4.37724e-08
4.06993e-08
3.77227e-08
3.48662e-08
3.21476e-08
2.95798e-08
2.71708e-08
2.49245e-08
2.28411e-08
2.09178e-08
1.91494e-08
1.75288e-08
1.60475e-08
1.46962e-08
1.34647e-08
1.23431e-08
1.13212e-08
1.03891e-08
9.53738e-09
8.75717e-09
8.04013e-09
7.37861e-09
6.76562e-09
6.19484e-09
5.6606e-09
5.15791e-09
4.68238e-09
4.23024e-09
3.79833e-09
3.38409e-09
2.98556e-09
2.6014e-09
2.23096e-09
1.87428e-09
1.53223e-09
1.20666e-09
9.00623e-10
6.18765e-10
3.68152e-10
1.60255e-10
1.78383e-11
2.60406e-10
2.34181e-09
5.38995e-09
9.07901e-09
1.3238e-08
1.77476e-08
2.25096e-08
2.74352e-08
3.24394e-08
3.74393e-08
4.23531e-08
4.71004e-08
5.16036e-08
5.57889e-08
5.95891e-08
6.29467e-08
6.58074e-08
6.81272e-08
6.98816e-08
7.10534e-08
7.16193e-08
7.16381e-08
7.11081e-08
7.00613e-08
6.85405e-08
6.6596e-08
6.42837e-08
6.16636e-08
5.87968e-08
5.57448e-08
5.25669e-08
4.93191e-08
4.60529e-08
4.28142e-08
3.96429e-08
3.65725e-08
3.36302e-08
3.08364e-08
2.82061e-08
2.57484e-08
2.34678e-08
2.13645e-08
1.94352e-08
1.76739e-08
1.60722e-08
1.46205e-08
1.33079e-08
1.2123e-08
1.10545e-08
1.00909e-08
9.22121e-09
8.43509e-09
7.72275e-09
7.07518e-09
6.48416e-09
5.94225e-09
5.44278e-09
4.97983e-09
4.54818e-09
4.14325e-09
3.7611e-09
3.39837e-09
3.05225e-09
2.72049e-09
2.40135e-09
2.09365e-09
1.79676e-09
1.51064e-09
1.23595e-09
9.74144e-10
7.27679e-10
5.00335e-10
2.97888e-10
1.29732e-10
1.44442e-11
2.62243e-10
2.35832e-09
5.42787e-09
9.14237e-09
1.33288e-08
1.78654e-08
2.26515e-08
2.75951e-08
3.2608e-08
3.76037e-08
4.24968e-08
4.72034e-08
5.16436e-08
5.57429e-08
5.94312e-08
6.26426e-08
6.53257e-08
6.74445e-08
6.89731e-08
6.98849e-08
7.01953e-08
6.99387e-08
6.91255e-08
6.77955e-08
6.59978e-08
6.3789e-08
6.12311e-08
5.8389e-08
5.53288e-08
5.21152e-08
4.88101e-08
4.54709e-08
4.21494e-08
3.8891e-08
3.5734e-08
3.27095e-08
2.98417e-08
2.71476e-08
2.46385e-08
2.23195e-08
2.01912e-08
1.82502e-08
1.64895e-08
1.48999e-08
1.34703e-08
1.21885e-08
1.10418e-08
1.00171e-08
9.10193e-09
8.284e-09
7.55192e-09
6.89511e-09
6.30384e-09
5.76933e-09
5.28372e-09
4.84004e-09
4.43222e-09
4.05498e-09
3.7037e-09
3.37442e-09
3.06377e-09
2.76891e-09
2.48749e-09
2.21767e-09
1.95801e-09
1.70758e-09
1.46584e-09
1.2328e-09
1.00898e-09
7.95565e-10
5.94535e-10
4.0897e-10
2.43594e-10
1.06121e-10
1.18178e-11
2.63263e-10
2.36749e-09
5.44889e-09
9.17726e-09
1.33779e-08
1.79271e-08
2.27216e-08
2.76665e-08
3.26704e-08
3.76439e-08
4.2499e-08
4.71507e-08
5.15141e-08
5.55085e-08
5.9061e-08
6.21118e-08
6.46119e-08
6.65237e-08
6.78242e-08
6.84798e-08
6.85466e-08
6.80265e-08
6.69493e-08
6.53609e-08
6.33164e-08
6.08785e-08
5.81143e-08
5.50936e-08
5.18859e-08
4.85586e-08
4.51751e-08
4.17934e-08
3.84647e-08
3.52326e-08
3.21332e-08
2.91946e-08
2.64372e-08
2.38743e-08
2.15129e-08
1.93543e-08
1.73949e-08
1.56277e-08
1.40423e-08
1.26267e-08
1.13672e-08
1.02496e-08
9.25948e-09
8.38289e-09
7.60633e-09
6.91729e-09
6.30435e-09
5.75716e-09
5.26639e-09
4.82373e-09
4.42186e-09
4.05435e-09
3.71612e-09
3.40268e-09
3.11016e-09
2.83528e-09
2.5753e-09
2.32797e-09
2.09147e-09
1.8644e-09
1.64571e-09
1.43472e-09
1.2311e-09
1.0349e-09
8.46626e-10
6.67286e-10
4.98526e-10
3.42872e-10
2.04216e-10
8.89679e-11
9.90869e-12
2.63393e-10
2.36864e-09
5.45143e-09
9.18095e-09
1.33814e-08
1.79276e-08
2.27143e-08
2.76443e-08
3.26233e-08
3.75587e-08
4.23585e-08
4.69316e-08
5.11922e-08
5.50615e-08
5.84689e-08
6.1353e-08
6.36649e-08
6.53696e-08
6.6437e-08
6.68624e-08
6.6693e-08
6.59315e-08
6.46179e-08
6.2804e-08
6.05508e-08
5.7926e-08
5.50015e-08
5.18505e-08
4.85453e-08
4.51549e-08
4.17432e-08
3.83675e-08
3.50775e-08
3.19146e-08
2.89115e-08
2.60928e-08
2.34748e-08
2.10669e-08
1.88716e-08
1.68864e-08
1.51039e-08
1.35135e-08
1.21021e-08
1.0855e-08
9.75654e-09
8.79095e-09
7.94287e-09
7.19756e-09
6.54117e-09
5.96087e-09
5.44617e-09
4.98745e-09
4.576e-09
4.20416e-09
3.86548e-09
3.55458e-09
3.26657e-09
2.99753e-09
2.74436e-09
2.50455e-09
2.27614e-09
2.05758e-09
1.8477e-09
1.64563e-09
1.45081e-09
1.26293e-09
1.08192e-09
9.08002e-10
7.41659e-10
5.83733e-10
4.35582e-10
2.993e-10
1.78149e-10
7.75833e-11
8.64062e-12
2.62614e-10
2.36165e-09
5.43536e-09
9.15351e-09
1.33398e-08
1.78675e-08
2.2629e-08
2.75241e-08
3.24556e-08
3.73281e-08
4.20476e-08
4.65232e-08
5.06686e-08
5.44034e-08
5.76564e-08
6.03673e-08
6.24893e-08
6.39905e-08
6.48348e-08
6.50531e-08
6.46656e-08
6.36913e-08
6.21758e-08
6.01762e-08
5.77584e-08
5.49945e-08
5.19597e-08
4.87299e-08
4.53787e-08
4.19758e-08
3.85843e-08
3.526e-08
3.20501e-08
2.8993e-08
2.61178e-08
2.3445e-08
2.0987e-08
1.87487e-08
1.67289e-08
1.4921e-08
1.33146e-08
1.1896e-08
1.06497e-08
9.55886e-09
8.60651e-09
7.77568e-09
7.05089e-09
6.41767e-09
5.86266e-09
5.374e-09
4.94033e-09
4.55245e-09
4.20199e-09
3.88192e-09
3.58671e-09
3.31187e-09
3.05381e-09
2.80966e-09
2.57721e-09
2.35475e-09
2.141e-09
1.93505e-09
1.73628e-09
1.5443e-09
1.35895e-09
1.18027e-09
1.00848e-09
8.43984e-10
6.87366e-10
5.39483e-10
4.01543e-10
2.75328e-10
1.63623e-10
7.11862e-11
7.92638e-12
2.60796e-10
2.3453e-09
5.39763e-09
9.08929e-09
1.32439e-08
1.77338e-08
2.24494e-08
2.72889e-08
3.21532e-08
3.69449e-08
4.15686e-08
4.59319e-08
4.99479e-08
5.35366e-08
5.66277e-08
5.91631e-08
6.10987e-08
6.24047e-08
6.30441e-08
6.30771e-08
6.25e-08
6.13476e-08
5.96705e-08
5.753e-08
5.4996e-08
5.21436e-08
4.90505e-08
4.57936e-08
4.2447e-08
3.90793e-08
3.57523e-08
3.25191e-08
2.9424e-08
2.65017e-08
2.37774e-08
2.12676e-08
1.89806e-08
1.69175e-08
1.50734e-08
1.34386e-08
1.19997e-08
1.07409e-08
9.6445e-09
8.69286e-09
7.86858e-09
7.15517e-09
6.53682e-09
5.99818e-09
5.52519e-09
5.10575e-09
4.72935e-09
4.38676e-09
4.07177e-09
3.77965e-09
3.50627e-09
3.24826e-09
3.00296e-09
2.7683e-09
2.54274e-09
2.32516e-09
2.11476e-09
1.91102e-09
1.71368e-09
1.52263e-09
1.33799e-09
1.16e-09
9.89078e-10
8.25782e-10
6.70826e-10
5.25121e-10
3.89862e-10
2.66712e-10
1.58212e-10
6.87449e-11
7.65193e-12
2.57946e-10
2.31966e-09
5.33851e-09
8.98902e-09
1.30956e-08
1.75298e-08
2.21813e-08
2.69464e-08
3.17244e-08
3.64165e-08
4.09264e-08
4.51616e-08
4.90354e-08
5.2469e-08
5.53942e-08
5.77556e-08
5.95123e-08
6.06316e-08
6.10996e-08
6.09668e-08
6.02342e-08
5.89433e-08
5.71487e-08
5.49152e-08
5.23155e-08
4.94263e-08
4.63261e-08
4.30919e-08
3.97967e-08
3.65073e-08
3.32828e-08
3.01734e-08
2.72197e-08
2.44525e-08
2.18932e-08
1.95544e-08
1.74408e-08
1.555e-08
1.38743e-08
1.24013e-08
1.11157e-08
9.99991e-09
9.03587e-09
8.20559e-09
7.49032e-09
6.87192e-09
6.33303e-09
5.85932e-09
5.43911e-09
5.06215e-09
4.71981e-09
4.40512e-09
4.11213e-09
3.83608e-09
3.57344e-09
3.32161e-09
3.0787e-09
2.84341e-09
2.61488e-09
2.3926e-09
2.17629e-09
1.96587e-09
1.76144e-09
1.56321e-09
1.37153e-09
1.18688e-09
1.00984e-09
8.41137e-10
6.81601e-10
5.32213e-10
3.94183e-10
2.69102e-10
1.59367e-10
6.91712e-11
7.6975e-12
2.54108e-10
2.28513e-09
5.25893e-09
8.8543e-09
1.28969e-08
1.72585e-08
2.18277e-08
2.64997e-08
3.11728e-08
3.57475e-08
4.01275e-08
4.42207e-08
4.79419e-08
5.12143e-08
5.39725e-08
5.61644e-08
5.77533e-08
5.87051e-08
5.9029e-08
5.87591e-08
5.79079e-08
5.65206e-08
5.46547e-08
5.23771e-08
4.97616e-08
4.68856e-08
4.38269e-08
4.0661e-08
3.74588e-08
3.42843e-08
3.11934e-08
2.82325e-08
2.54385e-08
2.28385e-08
2.04501e-08
1.82824e-08
1.63371e-08
1.46092e-08
1.30886e-08
1.17612e-08
1.06104e-08
9.61796e-09
8.76451e-09
8.03026e-09
7.39693e-09
6.84774e-09
6.36774e-09
5.94349e-09
5.56327e-09
5.21726e-09
4.89744e-09
4.59752e-09
4.31262e-09
4.03904e-09
3.77415e-09
3.51621e-09
3.26416e-09
3.01749e-09
2.77602e-09
2.53984e-09
2.30916e-09
2.0843e-09
1.86564e-09
1.65363e-09
1.44876e-09
1.25165e-09
1.063e-09
8.83632e-10
7.14486e-10
5.56638e-10
4.11365e-10
2.80269e-10
1.6571e-10
7.18432e-11
7.99278e-12
2.49337e-10
2.24222e-09
5.16005e-09
8.68701e-09
1.26508e-08
1.69234e-08
2.13931e-08
2.59546e-08
3.05057e-08
3.4947e-08
3.91828e-08
4.31226e-08
4.66833e-08
4.97912e-08
5.23846e-08
5.44153e-08
5.5851e-08
5.66583e-08
5.68646e-08
5.64909e-08
5.55599e-08
5.41192e-08
5.22278e-08
4.99537e-08
4.73703e-08
4.4554e-08
4.15807e-08
3.85233e-08
3.54494e-08
3.24196e-08
2.94858e-08
2.66907e-08
2.40674e-08
2.16392e-08
1.94208e-08
1.74184e-08
1.56311e-08
1.40521e-08
1.26697e-08
1.14688e-08
1.0432e-08
9.54037e-09
8.77501e-09
8.11736e-09
7.54942e-09
7.05475e-09
6.61868e-09
6.22837e-09
5.8729e-09
5.54326e-09
5.23226e-09
4.93426e-09
4.64513e-09
4.36218e-09
4.08376e-09
3.80898e-09
3.53762e-09
3.26998e-09
3.00663e-09
2.74831e-09
2.49576e-09
2.24972e-09
2.01083e-09
1.77969e-09
1.55688e-09
1.34302e-09
1.13881e-09
9.45085e-10
7.62843e-10
5.93227e-10
4.376e-10
2.97631e-10
1.75722e-10
7.61065e-11
8.46531e-12
2.43724e-10
2.19173e-09
5.04366e-09
8.49016e-09
1.23614e-08
1.65302e-08
2.0885e-08
2.53204e-08
2.97343e-08
3.40282e-08
3.81079e-08
4.18854e-08
4.52806e-08
4.82237e-08
5.06573e-08
5.25378e-08
5.38374e-08
5.45255e-08
5.46418e-08
5.41988e-08
5.32268e-08
5.17747e-08
4.99021e-08
4.76761e-08
4.51689e-08
4.24541e-08
3.96045e-08
3.66896e-08
3.37728e-08
3.09105e-08
2.81506e-08
2.5532e-08
2.3084e-08
2.0827e-08
1.87729e-08
1.69258e-08
1.52832e-08
1.38374e-08
1.25753e-08
1.14809e-08
1.05371e-08
9.72739e-09
9.03301e-09
8.43508e-09
7.91623e-09
7.46063e-09
7.05417e-09
6.68462e-09
6.34167e-09
6.01689e-09
5.70368e-09
5.39715e-09
5.09391e-09
4.79189e-09
4.49016e-09
4.1888e-09
3.88861e-09
3.59078e-09
3.29678e-09
3.0081e-09
2.72617e-09
2.45222e-09
2.18723e-09
1.93194e-09
1.68694e-09
1.45275e-09
1.22994e-09
1.01921e-09
8.21476e-10
6.37872e-10
4.69823e-10
3.19086e-10
1.88156e-10
8.14177e-11
9.0547e-12
2.3739e-10
2.13475e-09
4.9123e-09
8.26797e-09
1.20348e-08
1.60871e-08
2.03136e-08
2.46093e-08
2.88733e-08
3.30083e-08
3.69227e-08
4.05316e-08
4.37591e-08
4.65399e-08
4.88213e-08
5.0565e-08
5.17476e-08
5.23426e-08
5.2397e-08
5.1919e-08
5.09435e-08
4.952e-08
4.7707e-08
4.55698e-08
4.31776e-08
4.06005e-08
3.79071e-08
3.51623e-08
3.24249e-08
2.97469e-08
2.71721e-08
2.47353e-08
2.24629e-08
2.03726e-08
1.84744e-08
1.67709e-08
1.52567e-08
1.3922e-08
1.27581e-08
1.17525e-08
1.08888e-08
1.0147e-08
9.50834e-09
8.95539e-09
8.47185e-09
8.04264e-09
7.65429e-09
7.29507e-09
6.9551e-09
6.62635e-09
6.30259e-09
5.97934e-09
5.65368e-09
5.32416e-09
4.99062e-09
4.65396e-09
4.3159e-09
3.97871e-09
3.64489e-09
3.317e-09
2.99736e-09
2.68794e-09
2.39023e-09
2.10522e-09
1.83352e-09
1.57546e-09
1.3313e-09
1.10142e-09
8.86466e-10
6.87412e-10
5.05642e-10
3.42977e-10
2.02019e-10
8.73438e-11
9.7127e-12
2.30494e-10
2.0727e-09
4.7692e-09
8.02582e-09
1.1679e-08
1.56043e-08
1.96916e-08
2.3837e-08
2.79408e-08
3.19083e-08
3.5651e-08
3.90881e-08
4.21485e-08
4.4772e-08
4.69115e-08
4.85335e-08
4.96188e-08
5.01476e-08
5.0168e-08
4.96878e-08
4.87443e-08
4.7386e-08
4.56695e-08
4.36569e-08
4.14134e-08
3.90045e-08
3.64937e-08
3.39407e-08
3.13996e-08
2.89175e-08
2.65342e-08
2.4281e-08
2.21816e-08
2.02511e-08
1.84943e-08
1.69118e-08
1.55069e-08
1.42755e-08
1.32038e-08
1.22755e-08
1.14738e-08
1.07822e-08
1.01839e-08
9.66238e-09
9.20209e-09
8.78858e-09
8.40887e-09
8.05159e-09
7.70709e-09
7.36748e-09
7.02669e-09
6.68036e-09
6.32583e-09
5.96201e-09
5.58928e-09
5.20927e-09
4.82465e-09
4.43881e-09
4.05553e-09
3.67866e-09
3.3118e-09
2.95799e-09
2.61957e-09
2.29803e-09
1.99413e-09
1.70801e-09
1.4395e-09
1.18841e-09
9.54841e-10
7.39369e-10
5.43152e-10
3.67974e-10
2.16512e-10
9.35333e-11
1.04001e-11
2.23228e-10
2.00731e-09
4.6183e-09
7.77029e-09
1.13031e-08
1.50942e-08
1.90346e-08
2.30218e-08
2.69583e-08
3.07527e-08
3.43204e-08
3.75854e-08
4.04821e-08
4.29561e-08
4.49657e-08
4.64829e-08
4.74928e-08
4.79818e-08
4.79954e-08
4.75443e-08
4.66654e-08
4.54055e-08
4.38179e-08
4.19607e-08
3.98941e-08
3.76782e-08
3.5371e-08
3.30266e-08
3.06938e-08
2.84153e-08
2.62265e-08
2.41558e-08
2.22183e-08
2.04271e-08
1.87989e-08
1.73408e-08
1.60455e-08
1.49033e-08
1.39033e-08
1.3033e-08
1.22778e-08
1.16225e-08
1.10514e-08
1.05492e-08
1.01013e-08
9.69377e-09
9.31418e-09
8.9514e-09
8.59586e-09
8.23964e-09
7.87653e-09
7.50205e-09
7.1135e-09
6.70985e-09
6.29178e-09
5.86144e-09
5.42231e-09
4.97889e-09
4.53637e-09
4.10015e-09
3.67547e-09
3.26693e-09
2.87818e-09
2.51167e-09
2.16859e-09
1.84906e-09
1.55243e-09
1.27774e-09
1.02421e-09
7.91653e-10
5.80704e-10
3.92911e-10
2.30931e-10
9.9678e-11
1.10825e-11
2.15818e-10
1.94059e-09
4.46422e-09
7.50905e-09
1.09183e-08
1.45712e-08
1.83603e-08
2.21849e-08
2.59506e-08
2.95695e-08
3.29621e-08
3.6058e-08
3.87975e-08
4.11325e-08
4.30269e-08
4.4458e-08
4.54157e-08
4.58909e-08
4.59246e-08
4.55319e-08
4.47477e-08
4.36157e-08
4.21853e-08
4.05097e-08
3.86434e-08
3.66406e-08
3.45533e-08
3.24298e-08
3.03138e-08
2.82438e-08
2.62453e-08
2.43385e-08
2.25552e-08
2.09156e-08
1.94217e-08
1.80723e-08
1.68653e-08
1.57948e-08
1.48519e-08
1.40253e-08
1.33025e-08
1.26697e-08
1.21128e-08
1.16178e-08
1.11708e-08
1.07591e-08
1.03705e-08
9.99422e-09
9.6207e-09
9.24186e-09
8.8512e-09
8.44391e-09
8.01693e-09
7.569e-09
7.10071e-09
6.61443e-09
6.11417e-09
5.60537e-09
5.09455e-09
4.58883e-09
4.09538e-09
3.62085e-09
3.17079e-09
2.74921e-09
2.3583e-09
1.99851e-09
1.66887e-09
1.3675e-09
1.09245e-09
8.42292e-10
6.16698e-10
4.16649e-10
2.44587e-10
1.05476e-10
1.17262e-11
2.0852e-10
1.87486e-09
4.31222e-09
7.25084e-09
1.0537e-08
1.40516e-08
1.76888e-08
2.13502e-08
2.4945e-08
2.839e-08
3.16111e-08
3.45445e-08
3.7137e-08
3.93468e-08
4.11437e-08
4.25098e-08
4.34389e-08
4.39271e-08
4.40079e-08
4.37018e-08
4.30399e-08
4.20623e-08
4.08139e-08
3.93419e-08
3.76951e-08
3.59213e-08
3.40665e-08
3.21734e-08
3.02765e-08
2.83992e-08
2.65816e-08
2.48585e-08
2.32425e-08
2.1741e-08
2.03612e-08
1.91062e-08
1.79747e-08
1.69625e-08
1.60624e-08
1.52652e-08
1.45601e-08
1.39353e-08
1.33783e-08
1.28766e-08
1.24176e-08
1.19893e-08
1.15804e-08
1.11804e-08
1.07798e-08
1.03705e-08
9.94569e-09
9.49999e-09
9.02985e-09
8.53347e-09
8.01102e-09
7.46463e-09
6.89844e-09
6.31842e-09
5.73214e-09
5.1483e-09
4.57613e-09
4.02465e-09
3.5019e-09
3.01415e-09
2.56536e-09
2.15699e-09
1.78811e-09
1.45609e-09
1.15751e-09
8.89251e-10
6.49436e-10
4.37965e-10
2.5674e-10
1.10602e-10
1.22949e-11
2.01613e-10
1.81261e-09
4.16803e-09
7.00514e-09
1.01728e-08
1.3553e-08
1.70418e-08
2.05435e-08
2.39713e-08
2.72478e-08
3.03055e-08
3.30873e-08
3.5547e-08
3.76494e-08
3.93699e-08
4.06948e-08
4.16211e-08
4.21498e-08
4.23049e-08
4.21126e-08
4.1599e-08
4.08e-08
3.9755e-08
3.85055e-08
3.70938e-08
3.55612e-08
3.39464e-08
3.22748e-08
3.05832e-08
2.89183e-08
2.73049e-08
2.57572e-08
2.42897e-08
2.29142e-08
2.16383e-08
2.04657e-08
1.93967e-08
1.84287e-08
1.75565e-08
1.6773e-08
1.60695e-08
1.54362e-08
1.48626e-08
1.43376e-08
1.38503e-08
1.33898e-08
1.29458e-08
1.25082e-08
1.2068e-08
1.16171e-08
1.11484e-08
1.06563e-08
1.01366e-08
9.58678e-09
9.00631e-09
8.3967e-09
7.76167e-09
7.10718e-09
6.44126e-09
5.77374e-09
5.11566e-09
4.47843e-09
3.87292e-09
3.30832e-09
2.79124e-09
2.32501e-09
1.90956e-09
1.54192e-09
1.21724e-09
9.30313e-10
6.77051e-10
4.55503e-10
2.66553e-10
1.14683e-10
1.27464e-11
1.9538e-10
1.75638e-09
4.03742e-09
6.78154e-09
9.83914e-09
1.30932e-08
1.6441e-08
1.97904e-08
2.30596e-08
2.61775e-08
2.90841e-08
3.17298e-08
3.40757e-08
3.60927e-08
3.77615e-08
3.90723e-08
4.00239e-08
4.06214e-08
4.08786e-08
4.08263e-08
4.04852e-08
3.98862e-08
3.90631e-08
3.80512e-08
3.68868e-08
3.55958e-08
3.42038e-08
3.27624e-08
3.13081e-08
2.98587e-08
2.8432e-08
2.70472e-08
2.57193e-08
2.44595e-08
2.32757e-08
2.21726e-08
2.1152e-08
2.02129e-08
1.93523e-08
1.85652e-08
1.78451e-08
1.71844e-08
1.65746e-08
1.60067e-08
1.54713e-08
1.49592e-08
1.44609e-08
1.39677e-08
1.34711e-08
1.29633e-08
1.24373e-08
1.18874e-08
1.1309e-08
1.06988e-08
1.00556e-08
9.37999e-09
8.67477e-09
7.94526e-09
7.19924e-09
6.44687e-09
5.7003e-09
4.97291e-09
4.27827e-09
3.62884e-09
3.03455e-09
2.50167e-09
2.03203e-09
1.62317e-09
1.26928e-09
9.6293e-10
6.9672e-10
4.66657e-10
2.72306e-10
1.16969e-10
1.29989e-11
1.90065e-10
1.70836e-09
3.92539e-09
6.58826e-09
9.54773e-09
1.26869e-08
1.59046e-08
1.91126e-08
2.22349e-08
2.52081e-08
2.79802e-08
3.05097e-08
3.27649e-08
3.47224e-08
3.63675e-08
3.7693e-08
3.86987e-08
3.93915e-08
3.9781e-08
3.98903e-08
3.97418e-08
3.93592e-08
3.87707e-08
3.80025e-08
3.70698e-08
3.6015e-08
3.48831e-08
3.36913e-08
3.24582e-08
3.12072e-08
2.99576e-08
2.87262e-08
2.7527e-08
2.63708e-08
2.52661e-08
2.42184e-08
2.32308e-08
2.23042e-08
2.14376e-08
2.06282e-08
1.98718e-08
1.91632e-08
1.84959e-08
1.78632e-08
1.72576e-08
1.66716e-08
1.60974e-08
1.55274e-08
1.49544e-08
1.43712e-08
1.37714e-08
1.31494e-08
1.25004e-08
1.18211e-08
1.11093e-08
1.03648e-08
9.58926e-09
8.78682e-09
7.96426e-09
7.13118e-09
6.29978e-09
5.48445e-09
4.70074e-09
3.96407e-09
3.288e-09
2.6825e-09
2.1525e-09
1.69724e-09
1.3109e-09
9.83093e-10
7.05207e-10
4.70145e-10
2.73622e-10
1.17351e-10
1.30394e-11
1.85788e-10
1.66961e-09
3.83437e-09
6.42917e-09
9.3037e-09
1.23403e-08
1.54397e-08
1.85181e-08
2.15067e-08
2.43507e-08
2.70069e-08
2.94419e-08
3.16307e-08
3.35552e-08
3.52038e-08
3.65713e-08
3.76575e-08
3.84669e-08
3.90092e-08
3.92962e-08
3.93496e-08
3.91875e-08
3.88296e-08
3.8293e-08
3.76205e-08
3.68308e-08
3.59403e-08
3.49723e-08
3.39471e-08
3.28836e-08
3.17991e-08
3.07085e-08
2.96249e-08
2.85589e-08
2.75192e-08
2.65122e-08
2.55423e-08
2.46122e-08
2.37228e-08
2.28735e-08
2.20623e-08
2.12863e-08
2.05416e-08
1.98234e-08
1.91266e-08
1.84455e-08
1.77746e-08
1.71077e-08
1.64392e-08
1.57629e-08
1.50731e-08
1.43649e-08
1.36337e-08
1.28764e-08
1.2091e-08
1.12762e-08
1.04324e-08
9.56239e-09
8.67142e-09
7.76778e-09
6.86268e-09
5.97016e-09
5.1065e-09
4.28902e-09
3.5344e-09
2.85649e-09
2.26422e-09
1.75974e-09
1.33745e-09
9.89699e-10
7.0333e-10
4.65706e-10
2.69888e-10
1.1547e-10
1.28268e-11
1.82394e-10
1.63873e-09
3.76104e-09
6.29833e-09
9.0976e-09
1.20399e-08
1.50281e-08
1.79843e-08
2.08482e-08
2.35745e-08
2.61293e-08
2.84872e-08
3.06289e-08
3.25403e-08
3.4212e-08
3.56384e-08
3.6818e-08
3.77532e-08
3.84496e-08
3.89165e-08
3.91661e-08
3.92138e-08
3.90849e-08
3.87966e-08
3.83623e-08
3.78015e-08
3.7132e-08
3.63715e-08
3.55369e-08
3.46443e-08
3.37084e-08
3.27431e-08
3.17603e-08
3.07705e-08
2.97826e-08
2.88037e-08
2.78396e-08
2.68942e-08
2.59703e-08
2.50693e-08
2.41915e-08
2.33362e-08
2.25016e-08
2.16855e-08
2.08849e-08
2.00964e-08
1.93163e-08
1.85411e-08
1.7767e-08
1.69885e-08
1.62006e-08
1.53991e-08
1.45803e-08
1.37412e-08
1.28792e-08
1.19936e-08
1.10851e-08
1.01559e-08
9.2101e-09
8.25415e-09
7.29717e-09
6.3512e-09
5.43105e-09
4.55371e-09
3.73699e-09
2.99762e-09
2.34876e-09
1.79784e-09
1.34538e-09
9.80352e-10
6.87041e-10
4.5039e-10
2.59442e-10
1.10651e-10
1.22873e-11
1.79202e-10
1.60954e-09
3.69095e-09
6.17058e-09
8.89134e-09
1.17329e-08
1.46015e-08
1.74271e-08
2.01599e-08
2.27651e-08
2.52179e-08
2.74997e-08
2.95956e-08
3.14945e-08
3.31874e-08
3.46679e-08
3.59322e-08
3.6979e-08
3.78098e-08
3.84272e-08
3.8844e-08
3.90759e-08
3.91342e-08
3.90458e-08
3.88162e-08
3.84554e-08
3.79779e-08
3.73977e-08
3.67284e-08
3.59827e-08
3.51743e-08
3.43161e-08
3.34194e-08
3.24946e-08
3.15503e-08
3.05943e-08
2.9633e-08
2.86717e-08
2.77146e-08
2.67648e-08
2.58246e-08
2.48951e-08
2.39768e-08
2.30695e-08
2.21722e-08
2.12833e-08
2.04007e-08
1.95211e-08
1.86415e-08
1.77601e-08
1.68754e-08
1.59852e-08
1.5087e-08
1.41786e-08
1.32581e-08
1.23241e-08
1.13762e-08
1.04151e-08
9.44327e-09
8.46514e-09
7.48775e-09
6.52113e-09
5.57848e-09
4.67585e-09
3.83113e-09
3.06217e-09
2.38419e-09
1.80676e-09
1.33129e-09
9.51669e-10
6.54664e-10
4.22997e-10
2.41472e-10
1.02512e-10
1.13781e-11
1.74627e-10
1.56768e-09
3.59043e-09
5.98751e-09
8.59718e-09
1.12993e-08
1.40071e-08
1.66622e-08
1.92273e-08
2.1678e-08
2.39974e-08
2.61723e-08
2.81916e-08
3.0045e-08
3.17232e-08
3.32179e-08
3.45228e-08
3.56335e-08
3.65496e-08
3.72793e-08
3.78266e-08
3.81972e-08
3.8396e-08
3.84319e-08
3.83269e-08
3.80866e-08
3.7725e-08
3.72571e-08
3.66963e-08
3.60575e-08
3.53502e-08
3.45826e-08
3.37637e-08
3.29024e-08
3.20068e-08
3.10845e-08
3.01424e-08
2.91864e-08
2.82217e-08
2.72525e-08
2.62824e-08
2.53142e-08
2.43499e-08
2.3391e-08
2.24381e-08
2.14915e-08
2.05507e-08
1.96142e-08
1.868e-08
1.77482e-08
1.68181e-08
1.5889e-08
1.49595e-08
1.40284e-08
1.30943e-08
1.21562e-08
1.12133e-08
1.02656e-08
9.31412e-09
8.36134e-09
7.41169e-09
6.47209e-09
5.55235e-09
4.66538e-09
3.82688e-09
3.05428e-09
2.36471e-09
1.77209e-09
1.28376e-09
8.98057e-10
6.0353e-10
3.82109e-10
2.15205e-10
9.07337e-11
1.0064e-11
1.65749e-10
1.48664e-09
3.39711e-09
5.64138e-09
8.05601e-09
1.05277e-08
1.29843e-08
1.53831e-08
1.76993e-08
1.99179e-08
2.20279e-08
2.40187e-08
2.58796e-08
2.75996e-08
2.91685e-08
3.05777e-08
3.18214e-08
3.2898e-08
3.38078e-08
3.45486e-08
3.51237e-08
3.55374e-08
3.57952e-08
3.59042e-08
3.5878e-08
3.57324e-08
3.54615e-08
3.50856e-08
3.46147e-08
3.40577e-08
3.34252e-08
3.27282e-08
3.19759e-08
3.1177e-08
3.03392e-08
2.94698e-08
2.85751e-08
2.7661e-08
2.67328e-08
2.57948e-08
2.4851e-08
2.39045e-08
2.29582e-08
2.20142e-08
2.10741e-08
2.01391e-08
1.92102e-08
1.82882e-08
1.73746e-08
1.64689e-08
1.55707e-08
1.46793e-08
1.3794e-08
1.29139e-08
1.20381e-08
1.11655e-08
1.02954e-08
9.42722e-09
8.56092e-09
7.69745e-09
6.8391e-09
5.99003e-09
5.15681e-09
4.34887e-09
3.57862e-09
2.86111e-09
2.21265e-09
1.64849e-09
1.17949e-09
8.08755e-10
5.29682e-10
3.26705e-10
1.80418e-10
7.52783e-11
8.34185e-12
1.47956e-10
1.32461e-09
3.01301e-09
4.96654e-09
7.03357e-09
9.12254e-09
1.11829e-08
1.31877e-08
1.51215e-08
1.6973e-08
1.87311e-08
2.03849e-08
2.19241e-08
2.33388e-08
2.46212e-08
2.57657e-08
2.677e-08
2.76339e-08
2.83596e-08
2.89517e-08
2.94119e-08
2.97431e-08
2.99497e-08
3.00373e-08
3.00169e-08
2.99035e-08
2.96834e-08
2.93756e-08
2.8988e-08
2.85282e-08
2.80045e-08
2.74247e-08
2.67963e-08
2.61262e-08
2.54209e-08
2.46865e-08
2.39283e-08
2.31514e-08
2.23604e-08
2.15592e-08
2.07516e-08
1.99407e-08
1.91292e-08
1.83196e-08
1.75139e-08
1.67136e-08
1.59202e-08
1.5135e-08
1.43591e-08
1.35925e-08
1.28351e-08
1.20869e-08
1.13474e-08
1.06161e-08
9.89235e-09
9.17536e-09
8.46435e-09
7.75858e-09
7.05753e-09
6.36114e-09
5.67012e-09
4.98638e-09
4.31351e-09
3.65736e-09
3.02637e-09
2.43166e-09
1.8865e-09
1.40472e-09
9.98232e-10
6.73785e-10
4.30113e-10
2.57057e-10
1.38049e-10
5.66834e-11
6.27163e-12
1.15356e-10
1.02856e-09
2.31739e-09
3.77361e-09
5.28415e-09
6.79034e-09
8.26078e-09
9.6774e-09
1.10277e-08
1.23018e-08
1.34918e-08
1.45918e-08
1.55974e-08
1.65061e-08
1.73171e-08
1.80305e-08
1.86477e-08
1.91708e-08
1.96027e-08
1.99468e-08
2.02064e-08
2.03847e-08
2.04847e-08
2.05096e-08
2.04743e-08
2.03762e-08
2.02121e-08
1.99925e-08
1.97226e-08
1.94071e-08
1.90507e-08
1.86578e-08
1.82331e-08
1.77807e-08
1.73047e-08
1.68088e-08
1.62965e-08
1.57711e-08
1.52354e-08
1.46922e-08
1.4144e-08
1.35929e-08
1.30409e-08
1.24895e-08
1.19404e-08
1.13946e-08
1.08532e-08
1.03171e-08
9.78705e-09
9.26357e-09
8.74699e-09
8.23744e-09
7.7349e-09
7.23921e-09
6.75005e-09
6.26701e-09
5.78956e-09
5.31713e-09
4.84917e-09
4.38527e-09
3.92532e-09
3.4698e-09
3.02004e-09
2.57875e-09
2.15034e-09
1.74133e-09
1.3603e-09
1.01728e-09
7.22264e-10
4.82823e-10
3.01507e-10
1.74077e-10
8.99753e-11
3.60149e-11
3.97421e-12
6.48984e-11
5.7033e-10
1.25917e-09
2.01355e-09
2.77662e-09
3.51685e-09
4.21875e-09
4.8756e-09
5.48505e-09
6.04669e-09
6.56115e-09
7.02943e-09
7.45268e-09
7.83217e-09
8.16911e-09
8.46463e-09
8.71989e-09
8.9361e-09
9.11452e-09
9.25651e-09
9.36337e-09
9.43631e-09
9.47638e-09
9.48406e-09
9.46844e-09
9.42581e-09
9.3538e-09
9.25775e-09
9.13949e-09
9.00086e-09
8.84372e-09
8.66992e-09
8.48127e-09
8.27953e-09
8.06642e-09
7.84356e-09
7.61248e-09
7.37462e-09
7.13132e-09
6.88383e-09
6.63328e-09
6.38069e-09
6.12701e-09
5.87304e-09
5.61945e-09
5.36652e-09
5.1147e-09
4.86463e-09
4.61687e-09
4.37184e-09
4.12985e-09
3.8911e-09
3.65571e-09
3.4237e-09
3.19502e-09
2.96954e-09
2.74706e-09
2.52735e-09
2.31012e-09
2.09511e-09
1.88212e-09
1.6711e-09
1.46232e-09
1.25654e-09
1.05523e-09
8.60884e-10
6.77138e-10
5.08764e-10
3.61177e-10
2.39335e-10
1.46147e-10
8.10191e-11
3.95862e-11
1.51177e-11
1.67071e-12
1.06199e-11
7.89047e-11
1.63266e-10
2.52252e-10
3.39848e-10
4.2277e-10
4.99767e-10
5.70675e-10
6.35761e-10
6.95396e-10
7.49949e-10
7.99716e-10
8.4491e-10
8.8567e-10
9.22108e-10
9.54314e-10
9.82362e-10
1.00634e-09
1.02632e-09
1.04243e-09
1.05475e-09
1.06339e-09
1.06845e-09
1.06989e-09
1.06868e-09
1.06473e-09
1.05733e-09
1.04722e-09
1.03459e-09
1.01962e-09
1.00253e-09
9.83514e-10
9.62764e-10
9.40477e-10
9.16844e-10
8.92047e-10
8.6626e-10
8.39646e-10
8.12359e-10
7.84542e-10
7.56328e-10
7.27836e-10
6.99176e-10
6.70447e-10
6.41754e-10
6.13301e-10
5.85102e-10
5.57121e-10
5.29382e-10
5.0192e-10
4.74771e-10
4.47962e-10
4.21508e-10
3.9542e-10
3.69695e-10
3.44323e-10
3.19287e-10
2.94563e-10
2.7012e-10
2.45931e-10
2.21968e-10
1.9822e-10
1.74702e-10
1.51477e-10
1.28676e-10
1.06529e-10
8.5387e-11
6.57259e-11
4.81142e-11
3.31205e-11
2.11642e-11
1.23543e-11
6.40201e-12
2.67561e-12
3.52946e-13
)
;

boundaryField
{
    movingWall
    {
        type            kqRWallFunction;
        value           nonuniform List<scalar> 
75
(
1.06199e-11
7.89047e-11
1.63266e-10
2.52252e-10
3.39848e-10
4.2277e-10
4.99767e-10
5.70675e-10
6.35761e-10
6.95396e-10
7.49949e-10
7.99716e-10
8.4491e-10
8.8567e-10
9.22108e-10
9.54314e-10
9.82362e-10
1.00634e-09
1.02632e-09
1.04243e-09
1.05475e-09
1.06339e-09
1.06845e-09
1.06989e-09
1.06868e-09
1.06473e-09
1.05733e-09
1.04722e-09
1.03459e-09
1.01962e-09
1.00253e-09
9.83514e-10
9.62764e-10
9.40477e-10
9.16844e-10
8.92047e-10
8.6626e-10
8.39646e-10
8.12359e-10
7.84542e-10
7.56328e-10
7.27836e-10
6.99176e-10
6.70447e-10
6.41754e-10
6.13301e-10
5.85102e-10
5.57121e-10
5.29382e-10
5.0192e-10
4.74771e-10
4.47962e-10
4.21508e-10
3.9542e-10
3.69695e-10
3.44323e-10
3.19287e-10
2.94563e-10
2.7012e-10
2.45931e-10
2.21968e-10
1.9822e-10
1.74702e-10
1.51477e-10
1.28676e-10
1.06529e-10
8.5387e-11
6.57259e-11
4.81142e-11
3.31205e-11
2.11642e-11
1.23543e-11
6.40201e-12
2.67561e-12
3.52946e-13
)
;
    }
    fixedWalls
    {
        type            kqRWallFunction;
        value           nonuniform List<scalar> 
225
(
5.39035e-13
3.64599e-12
8.10599e-12
1.3409e-11
1.9318e-11
2.56836e-11
3.23961e-11
3.9368e-11
4.65256e-11
5.38051e-11
6.11503e-11
6.85112e-11
7.58435e-11
8.31078e-11
9.02695e-11
9.72989e-11
1.04171e-10
1.10865e-10
1.17366e-10
1.23662e-10
1.29748e-10
1.35622e-10
1.41287e-10
1.46751e-10
1.52025e-10
1.57126e-10
1.62073e-10
1.66888e-10
1.71595e-10
1.76222e-10
1.80795e-10
1.85343e-10
1.8989e-10
1.94461e-10
1.99076e-10
2.03749e-10
2.08491e-10
2.13302e-10
2.18175e-10
2.2309e-10
2.28019e-10
2.32919e-10
2.37735e-10
2.42402e-10
2.4684e-10
2.50959e-10
2.54662e-10
2.57846e-10
2.60406e-10
2.62243e-10
2.63263e-10
2.63393e-10
2.62614e-10
2.60796e-10
2.57946e-10
2.54108e-10
2.49337e-10
2.43724e-10
2.3739e-10
2.30494e-10
2.23228e-10
2.15818e-10
2.0852e-10
2.01613e-10
1.9538e-10
1.90065e-10
1.85788e-10
1.82394e-10
1.79202e-10
1.74627e-10
1.65749e-10
1.47956e-10
1.15356e-10
6.48984e-11
1.06199e-11
5.2576e-13
3.5562e-12
7.90529e-12
1.30732e-11
1.88249e-11
2.50101e-11
3.15156e-11
3.82485e-11
4.5128e-11
5.20815e-11
5.90421e-11
6.59469e-11
7.27368e-11
7.93548e-11
8.57467e-11
9.18602e-11
9.76447e-11
1.03052e-10
1.08034e-10
1.12547e-10
1.16548e-10
1.19994e-10
1.22849e-10
1.25075e-10
1.26641e-10
1.27517e-10
1.2768e-10
1.27111e-10
1.25795e-10
1.23727e-10
1.20909e-10
1.17353e-10
1.13082e-10
1.08131e-10
1.02548e-10
9.63957e-11
8.97514e-11
8.27083e-11
7.53742e-11
6.78709e-11
6.03312e-11
5.28956e-11
4.57072e-11
3.8906e-11
3.26208e-11
2.69628e-11
2.20173e-11
1.78383e-11
1.44442e-11
1.18178e-11
9.90869e-12
8.64062e-12
7.92638e-12
7.65193e-12
7.6975e-12
7.99278e-12
8.46531e-12
9.0547e-12
9.7127e-12
1.04001e-11
1.10825e-11
1.17262e-11
1.22949e-11
1.27464e-11
1.29989e-11
1.30394e-11
1.28268e-11
1.22873e-11
1.13781e-11
1.0064e-11
8.34185e-12
6.27163e-12
3.97421e-12
1.67071e-12
3.52946e-13
5.39035e-13
4.07142e-12
8.62786e-12
1.40638e-11
2.01835e-11
2.6839e-11
3.39219e-11
4.13487e-11
4.90505e-11
5.69676e-11
6.50466e-11
7.32382e-11
8.14966e-11
8.97783e-11
9.8042e-11
1.06248e-10
1.14359e-10
1.22337e-10
1.3015e-10
1.37762e-10
1.45142e-10
1.52259e-10
1.59085e-10
1.65592e-10
1.71755e-10
1.77549e-10
1.82952e-10
1.87942e-10
1.92502e-10
1.96613e-10
2.00262e-10
2.03433e-10
2.06116e-10
2.08301e-10
2.09981e-10
2.11149e-10
2.11802e-10
2.11939e-10
2.1156e-10
2.10666e-10
2.09261e-10
2.07353e-10
2.04948e-10
2.02056e-10
1.98689e-10
1.9486e-10
1.90584e-10
1.85879e-10
1.80761e-10
1.75252e-10
1.69373e-10
1.63147e-10
1.56598e-10
1.49752e-10
1.42636e-10
1.3528e-10
1.27712e-10
1.19964e-10
1.12068e-10
1.04057e-10
9.59666e-11
8.78328e-11
7.96932e-11
7.15871e-11
6.35558e-11
5.56431e-11
4.78958e-11
4.0365e-11
3.31077e-11
2.619e-11
1.96925e-11
1.37201e-11
8.41627e-12
3.97132e-12
5.2576e-13
)
;
    }
    frontAndBack
    {
        type            empty;
    }
}


// ************************************************************************* //
