/*--------------------------------*- C++ -*----------------------------------*\
  =========                 |
  \\      /  F ield         | OpenFOAM: The Open Source CFD Toolbox
   \\    /   O peration     | Website:  https://openfoam.org
    \\  /    A nd           | Version:  12
     \\/     M anipulation  |
\*---------------------------------------------------------------------------*/
FoamFile
{
    format      ascii;
    class       volScalarField;
    location    "3.5";
    object      p;
}
// * * * * * * * * * * * * * * * * * * * * * * * * * * * * * * * * * * * * * //

dimensions      [0 2 -2 0 0 0 0];

internalField   nonuniform List<scalar> 
5625
(
6.29468e-10
2.67441e-07
1.34812e-06
3.23069e-06
5.65522e-06
8.39204e-06
1.12594e-05
1.41052e-05
1.67995e-05
1.92339e-05
2.13193e-05
2.29841e-05
2.41713e-05
2.48375e-05
2.49503e-05
2.44871e-05
2.3434e-05
2.17844e-05
1.95383e-05
1.67013e-05
1.32838e-05
9.30069e-06
4.77049e-06
-2.84867e-07
-5.84059e-06
-1.18693e-05
-1.83416e-05
-2.52258e-05
-3.24888e-05
-4.0096e-05
-4.80113e-05
-5.6198e-05
-6.46179e-05
-7.32326e-05
-8.20025e-05
-9.0888e-05
-9.98488e-05
-0.000108845
-0.000117835
-0.000126779
-0.000135636
-0.000144367
-0.00015293
-0.000161288
-0.0001694
-0.00017723
-0.00018474
-0.000191894
-0.000198658
-0.000204999
-0.000210886
-0.000216289
-0.000221182
-0.000225542
-0.000229346
-0.000232579
-0.000235225
-0.000237278
-0.000238732
-0.00023959
-0.000239862
-0.000239563
-0.000238718
-0.000237362
-0.000235543
-0.000233319
-0.000230764
-0.000227971
-0.000225048
-0.000222128
-0.000219362
-0.000216931
-0.000215063
-0.00021401
-0.000213771
-3.54768e-06
-2.83916e-06
-1.60853e-06
8.02514e-08
2.09164e-06
4.28818e-06
6.5459e-06
8.75442e-06
1.08164e-05
1.26475e-05
1.41764e-05
1.53434e-05
1.60997e-05
1.64067e-05
1.62347e-05
1.55618e-05
1.43736e-05
1.26622e-05
1.04251e-05
7.66521e-06
4.38995e-06
6.10744e-07
-3.65735e-06
-8.39607e-06
-1.35843e-05
-1.91985e-05
-2.52128e-05
-3.15994e-05
-3.83287e-05
-4.53699e-05
-5.26905e-05
-6.02573e-05
-6.80357e-05
-7.59907e-05
-8.40864e-05
-9.22865e-05
-0.000100554
-0.000108853
-0.000117145
-0.000125394
-0.000133563
-0.000141615
-0.000149514
-0.000157224
-0.00016471
-0.000171938
-0.000178875
-0.000185489
-0.000191748
-0.000197625
-0.000203092
-0.000208124
-0.000212699
-0.000216795
-0.000220396
-0.000223489
-0.000226063
-0.000228112
-0.000229636
-0.000230639
-0.00023113
-0.000231127
-0.000230653
-0.00022974
-0.00022843
-0.000226772
-0.000224829
-0.000222674
-0.000220392
-0.000218083
-0.000215856
-0.000213836
-0.000212161
-0.000210964
-0.000210292
-9.47682e-06
-7.99427e-06
-6.13297e-06
-4.15771e-06
-2.11216e-06
-4.43522e-08
1.97627e-06
3.87842e-06
5.59655e-06
7.07195e-06
8.25267e-06
9.0939e-06
9.55782e-06
9.61355e-06
9.23671e-06
8.40909e-06
7.11818e-06
5.35677e-06
3.12242e-06
4.17175e-07
-2.75296e-06
-6.37832e-06
-1.0446e-05
-1.494e-05
-1.98419e-05
-2.51307e-05
-3.07833e-05
-3.67748e-05
-4.30786e-05
-4.96665e-05
-5.65094e-05
-6.35766e-05
-7.08368e-05
-7.82579e-05
-8.58069e-05
-9.34506e-05
-0.000101155
-0.000108887
-0.000116612
-0.000124296
-0.000131905
-0.000139405
-0.000146765
-0.00015395
-0.000160929
-0.000167671
-0.000174147
-0.000180326
-0.000186182
-0.000191689
-0.000196823
-0.000201562
-0.000205885
-0.000209776
-0.000213219
-0.000216204
-0.000218722
-0.000220768
-0.000222342
-0.00022345
-0.000224098
-0.000224303
-0.000224084
-0.000223467
-0.000222485
-0.000221179
-0.000219593
-0.000217783
-0.000215807
-0.000213734
-0.000211634
-0.000209578
-0.000207616
-0.000205793
-0.000204362
-1.63369e-05
-1.39694e-05
-1.12729e-05
-8.73697e-06
-6.34663e-06
-4.08496e-06
-1.98412e-06
-8.81928e-08
1.56132e-06
2.92656e-06
3.97299e-06
4.66993e-06
4.99096e-06
4.91423e-06
4.42237e-06
3.50251e-06
2.14609e-06
3.48655e-07
-1.89039e-06
-4.56801e-06
-7.67779e-06
-1.12102e-05
-1.5153e-05
-1.94911e-05
-2.42072e-05
-2.92818e-05
-3.46935e-05
-4.04191e-05
-4.6434e-05
-5.2712e-05
-5.92259e-05
-6.59473e-05
-7.28472e-05
-7.98955e-05
-8.70617e-05
-9.43147e-05
-0.000101623
-0.000108956
-0.000116281
-0.000123566
-0.000130781
-0.000137894
-0.000144874
-0.000151692
-0.000158317
-0.000164721
-0.000170876
-0.000176756
-0.000182336
-0.000187591
-0.000192499
-0.000197041
-0.000201198
-0.000204953
-0.000208293
-0.000211208
-0.000213689
-0.000215731
-0.000217334
-0.0002185
-0.000219234
-0.000219547
-0.000219454
-0.000218974
-0.000218131
-0.000216953
-0.000215471
-0.000213723
-0.000211748
-0.000209588
-0.000207289
-0.000204885
-0.000202362
-0.000199707
-0.000197393
-2.28844e-05
-1.96536e-05
-1.60949e-05
-1.29159e-05
-1.0062e-05
-7.46836e-06
-5.14119e-06
-3.10561e-06
-1.38526e-06
-1.52783e-09
1.02548e-06
1.67741e-06
1.93828e-06
1.79491e-06
1.23712e-06
2.57847e-07
-1.14685e-06
-2.9778e-06
-5.23288e-06
-7.90705e-06
-1.09926e-05
-1.44791e-05
-1.8354e-05
-2.26024e-05
-2.72071e-05
-3.21495e-05
-3.74089e-05
-4.29632e-05
-4.87891e-05
-5.48616e-05
-6.11552e-05
-6.76429e-05
-7.42974e-05
-8.10902e-05
-8.79928e-05
-9.49757e-05
-0.00010201
-0.000109065
-0.000116112
-0.00012312
-0.000130061
-0.000136904
-0.000143622
-0.000150186
-0.000156567
-0.00016274
-0.000168677
-0.000174355
-0.00017975
-0.000184838
-0.000189599
-0.000194014
-0.000198065
-0.000201736
-0.000205015
-0.000207889
-0.00021035
-0.000212393
-0.000214014
-0.000215212
-0.00021599
-0.000216354
-0.000216313
-0.000215878
-0.000215065
-0.000213892
-0.000212378
-0.000210545
-0.000208416
-0.000206017
-0.000203374
-0.000200496
-0.00019732
-0.000193796
-0.000190613
-2.83029e-05
-2.42805e-05
-1.9906e-05
-1.60824e-05
-1.27286e-05
-9.74472e-06
-7.11991e-06
-4.86697e-06
-2.99701e-06
-1.51923e-06
-4.4252e-07
2.24786e-07
4.75538e-07
3.0427e-07
-2.92575e-07
-1.31641e-06
-2.76645e-06
-4.63963e-06
-6.93064e-06
-9.63192e-06
-1.27338e-05
-1.62245e-05
-2.00903e-05
-2.43156e-05
-2.88833e-05
-3.37744e-05
-3.89686e-05
-4.44444e-05
-5.01787e-05
-5.61478e-05
-6.23268e-05
-6.86898e-05
-7.52107e-05
-8.18622e-05
-8.8617e-05
-9.54471e-05
-0.000102324
-0.000109221
-0.000116107
-0.000122956
-0.00012974
-0.000136429
-0.000142997
-0.000149417
-0.000155663
-0.000161708
-0.000167528
-0.000173098
-0.000178397
-0.000183402
-0.000188092
-0.00019245
-0.000196457
-0.000200097
-0.000203358
-0.000206225
-0.000208691
-0.000210746
-0.000212385
-0.000213604
-0.000214402
-0.000214781
-0.000214743
-0.000214294
-0.000213441
-0.000212194
-0.000210562
-0.000208556
-0.000206188
-0.000203469
-0.000200416
-0.000197018
-0.00019318
-0.000188824
-0.000184836
-3.20354e-05
-2.73069e-05
-2.21913e-05
-1.77622e-05
-1.392e-05
-1.05391e-05
-7.59743e-06
-5.10006e-06
-3.04956e-06
-1.44631e-06
-2.90715e-07
4.16778e-07
6.7625e-07
4.88785e-07
-1.43326e-07
-1.21633e-06
-2.72496e-06
-4.66226e-06
-7.01962e-06
-9.78674e-06
-1.29517e-05
-1.65008e-05
-2.04189e-05
-2.46895e-05
-2.92944e-05
-3.42143e-05
-3.94288e-05
-4.4916e-05
-5.06533e-05
-5.66172e-05
-6.27831e-05
-6.9126e-05
-7.56202e-05
-8.22395e-05
-8.89571e-05
-9.57461e-05
-0.000102579
-0.000109429
-0.000116269
-0.000123071
-0.000129808
-0.000136453
-0.00014298
-0.000149362
-0.000155574
-0.000161591
-0.000167389
-0.000172944
-0.000178234
-0.000183237
-0.000187933
-0.000192303
-0.000196329
-0.000199995
-0.000203284
-0.000206185
-0.000208685
-0.000210775
-0.000212445
-0.000213689
-0.000214503
-0.000214882
-0.000214825
-0.000214332
-0.000213404
-0.000212043
-0.000210251
-0.000208031
-0.000205385
-0.000202318
-0.000198837
-0.000194922
-0.00019045
-0.000185327
-0.000180612
-3.36791e-05
-2.83284e-05
-2.25531e-05
-1.75759e-05
-1.32834e-05
-9.53005e-06
-6.2863e-06
-3.55233e-06
-1.32494e-06
4.01947e-07
1.6343e-06
2.37787e-06
2.63861e-06
2.42307e-06
1.73862e-06
5.9359e-07
-1.00259e-06
-3.03929e-06
-5.50467e-06
-8.38559e-06
-1.16677e-05
-1.53353e-05
-1.93716e-05
-2.37586e-05
-2.84771e-05
-3.35069e-05
-3.88269e-05
-4.4415e-05
-5.02483e-05
-5.63032e-05
-6.25553e-05
-6.89797e-05
-7.5551e-05
-8.22435e-05
-8.90309e-05
-9.58867e-05
-0.000102784
-0.000109697
-0.000116599
-0.000123462
-0.00013026
-0.000136967
-0.000143557
-0.000150004
-0.000156283
-0.00016237
-0.00016824
-0.00017387
-0.000179237
-0.000184321
-0.000189099
-0.000193553
-0.000197664
-0.000201414
-0.000204787
-0.000207768
-0.000210343
-0.0002125
-0.000214227
-0.000215516
-0.000216357
-0.000216743
-0.000216668
-0.000216127
-0.000215116
-0.000213631
-0.000211668
-0.000209225
-0.000206297
-0.000202883
-0.000198987
-0.000194581
-0.000189522
-0.000183701
-0.000178334
-3.29205e-05
-2.70243e-05
-2.06694e-05
-1.52091e-05
-1.05189e-05
-6.43687e-06
-2.92809e-06
1.04339e-08
2.38607e-06
4.20971e-06
5.49231e-06
6.24456e-06
6.47725e-06
6.20158e-06
5.42929e-06
4.17283e-06
2.44537e-06
2.61018e-07
-2.3653e-06
-5.41766e-06
-8.87926e-06
-1.27323e-05
-1.69581e-05
-2.1537e-05
-2.64486e-05
-3.16716e-05
-3.71841e-05
-4.29631e-05
-4.89855e-05
-5.52271e-05
-6.16635e-05
-6.82697e-05
-7.50203e-05
-8.18895e-05
-8.88514e-05
-9.58798e-05
-0.000102948
-0.00011003
-0.0001171
-0.00012413
-0.000131095
-0.000137968
-0.000144724
-0.000151338
-0.000157783
-0.000164036
-0.000170072
-0.000175868
-0.000181401
-0.000186648
-0.000191588
-0.000196202
-0.000200468
-0.000204368
-0.000207884
-0.000211
-0.0002137
-0.000215968
-0.000217792
-0.000219158
-0.000220054
-0.000220471
-0.000220397
-0.000219824
-0.000218744
-0.000217147
-0.000215026
-0.000212374
-0.000209181
-0.000205443
-0.000201161
-0.000196302
-0.000190708
-0.000184257
-0.000178302
-2.94909e-05
-2.31193e-05
-1.62619e-05
-1.03869e-05
-5.36033e-06
-1.0061e-06
2.71503e-06
5.80846e-06
8.28481e-06
1.01589e-05
1.14457e-05
1.21601e-05
1.23171e-05
1.19318e-05
1.10199e-05
9.59763e-06
7.68153e-06
5.28894e-06
2.43779e-06
-8.53312e-07
-4.56512e-06
-8.67765e-06
-1.31703e-05
-1.80218e-05
-2.32103e-05
-2.87132e-05
-3.45074e-05
-4.05695e-05
-4.68752e-05
-5.34001e-05
-6.01192e-05
-6.70072e-05
-7.40386e-05
-8.11875e-05
-8.84277e-05
-9.57332e-05
-0.000103078
-0.000110434
-0.000117777
-0.00012508
-0.000132316
-0.000139459
-0.000146484
-0.000153365
-0.000160076
-0.000166592
-0.00017289
-0.000178944
-0.000184732
-0.00019023
-0.000195416
-0.000200269
-0.000204766
-0.000208889
-0.000212616
-0.000215931
-0.000218814
-0.000221249
-0.000223219
-0.000224708
-0.000225703
-0.000226189
-0.000226152
-0.00022558
-0.000224461
-0.000222782
-0.000220533
-0.000217701
-0.000214276
-0.000210249
-0.00020562
-0.000200353
-0.000194274
-0.000187253
-0.000180767
-2.31383e-05
-1.63569e-05
-9.07242e-06
-2.85415e-06
2.44059e-06
7.00057e-06
1.0869e-05
1.40536e-05
1.65678e-05
1.84298e-05
1.96585e-05
2.02723e-05
2.02899e-05
1.97302e-05
1.86124e-05
1.69561e-05
1.47813e-05
1.21083e-05
8.95785e-06
5.35121e-06
1.31002e-06
-3.14358e-06
-7.98703e-06
-1.31973e-05
-1.87511e-05
-2.46244e-05
-3.07931e-05
-3.72326e-05
-4.39181e-05
-5.08242e-05
-5.79255e-05
-6.51962e-05
-7.26104e-05
-8.0142e-05
-8.77645e-05
-9.54516e-05
-0.000103177
-0.000110913
-0.000118635
-0.000126315
-0.000133927
-0.000141445
-0.000148842
-0.000156092
-0.00016317
-0.00017005
-0.000176707
-0.000183116
-0.000189252
-0.000195092
-0.000200612
-0.000205789
-0.0002106
-0.000215024
-0.000219039
-0.000222625
-0.00022576
-0.000228427
-0.000230605
-0.000232277
-0.000233424
-0.000234031
-0.000234081
-0.000233557
-0.000232444
-0.000230727
-0.000228392
-0.000225424
-0.000221808
-0.000217536
-0.000212605
-0.000206975
-0.000200462
-0.000192924
-0.000185955
-1.36075e-05
-6.48119e-06
1.15361e-06
7.63916e-06
1.31265e-05
1.78162e-05
2.17557e-05
2.49549e-05
2.74303e-05
2.92035e-05
3.02969e-05
3.07326e-05
3.05327e-05
2.97197e-05
2.83163e-05
2.63452e-05
2.38297e-05
2.0793e-05
1.72586e-05
1.32504e-05
8.79227e-06
3.90862e-06
-1.37612e-06
-7.03718e-06
-1.30496e-05
-1.93883e-05
-2.60277e-05
-3.29423e-05
-4.01063e-05
-4.74937e-05
-5.50784e-05
-6.2834e-05
-7.07342e-05
-7.87523e-05
-8.68618e-05
-9.50358e-05
-0.000103247
-0.00011147
-0.000119676
-0.00012784
-0.000135934
-0.000143932
-0.000151806
-0.000159531
-0.000167079
-0.000174425
-0.000181542
-0.000188405
-0.000194988
-0.000201266
-0.000207215
-0.000212808
-0.000218023
-0.000222835
-0.000227222
-0.00023116
-0.000234626
-0.0002376
-0.000240059
-0.000241983
-0.000243351
-0.000244144
-0.000244341
-0.000243924
-0.000242875
-0.000241176
-0.000238809
-0.000235756
-0.000232001
-0.000227534
-0.00022235
-0.000216407
-0.000209508
-0.000201503
-0.000194092
-6.27263e-07
6.77554e-06
1.46785e-05
2.1348e-05
2.69433e-05
3.16761e-05
3.55983e-05
3.87228e-05
4.10692e-05
4.2663e-05
4.35299e-05
4.36958e-05
4.31866e-05
4.20281e-05
4.02464e-05
3.78677e-05
3.4918e-05
3.14237e-05
2.74109e-05
2.29061e-05
1.79355e-05
1.25255e-05
6.70243e-06
4.9286e-07
-6.0768e-06
-1.298e-05
-2.01902e-05
-2.76807e-05
-3.54249e-05
-4.3396e-05
-5.15672e-05
-5.99116e-05
-6.84023e-05
-7.70123e-05
-8.57145e-05
-9.44817e-05
-0.000103287
-0.000112103
-0.000120902
-0.000129657
-0.000138341
-0.000146926
-0.000155386
-0.000163692
-0.000171818
-0.000179736
-0.000187419
-0.000194841
-0.000201974
-0.000208793
-0.00021527
-0.000221379
-0.000227094
-0.000232391
-0.000237242
-0.000241623
-0.00024551
-0.000248877
-0.000251702
-0.000253959
-0.000255626
-0.000256681
-0.0002571
-0.000256862
-0.000255945
-0.000254329
-0.000251993
-0.000248918
-0.000245083
-0.000240477
-0.000235094
-0.00022889
-0.000221653
-0.000213227
-0.000205412
1.60981e-05
2.37012e-05
3.17802e-05
3.85393e-05
4.41458e-05
4.88222e-05
5.26254e-05
5.55717e-05
5.76847e-05
5.89938e-05
5.95288e-05
5.93194e-05
5.83952e-05
5.67858e-05
5.45208e-05
5.16294e-05
4.81411e-05
4.4085e-05
3.94899e-05
3.43848e-05
2.87982e-05
2.27584e-05
1.62938e-05
9.43247e-06
2.20223e-06
-5.36906e-06
-1.32537e-05
-2.14242e-05
-2.98529e-05
-3.85125e-05
-4.73754e-05
-5.64144e-05
-6.56019e-05
-7.49105e-05
-8.43128e-05
-9.37812e-05
-0.000103288
-0.000112806
-0.000122307
-0.000131764
-0.000141148
-0.000150432
-0.000159588
-0.000168586
-0.0001774
-0.000186001
-0.000194361
-0.000202452
-0.000210246
-0.000217713
-0.000224827
-0.000231559
-0.000237881
-0.000243766
-0.000249185
-0.000254111
-0.000258517
-0.000262376
-0.00026566
-0.000268344
-0.000270401
-0.000271806
-0.000272532
-0.000272555
-0.000271851
-0.000270395
-0.000268165
-0.000265138
-0.000261291
-0.00025661
-0.000251088
-0.000244676
-0.000237153
-0.000228354
-0.000220172
3.68944e-05
4.4609e-05
5.27566e-05
5.94958e-05
6.50014e-05
6.95062e-05
7.30725e-05
7.57212e-05
7.74806e-05
7.83842e-05
7.84666e-05
7.77616e-05
7.63028e-05
7.41237e-05
7.12575e-05
6.7737e-05
6.35945e-05
5.88623e-05
5.35718e-05
4.77544e-05
4.14407e-05
3.46612e-05
2.74459e-05
1.98242e-05
1.18255e-05
3.47873e-06
-5.18751e-06
-1.41448e-05
-2.33649e-05
-3.28198e-05
-4.24815e-05
-5.23223e-05
-6.23144e-05
-7.24299e-05
-8.26412e-05
-9.29203e-05
-0.000103239
-0.000113571
-0.000123885
-0.000134156
-0.000144353
-0.000154448
-0.000164414
-0.00017422
-0.000183839
-0.000193239
-0.000202392
-0.000211268
-0.000219838
-0.000228071
-0.000235938
-0.000243409
-0.000250453
-0.00025704
-0.00026314
-0.000268724
-0.00027376
-0.000278219
-0.000282071
-0.000285287
-0.000287837
-0.000289692
-0.000290824
-0.000291204
-0.000290804
-0.000289598
-0.000287558
-0.000284659
-0.000280877
-0.000276193
-0.000270598
-0.000264041
-0.000256288
-0.000247164
-0.000238654
6.21205e-05
6.98399e-05
7.79282e-05
8.45178e-05
8.9791e-05
9.39896e-05
9.71823e-05
9.93956e-05
0.000100663
0.000101023
0.000100516
9.91791e-05
9.70513e-05
9.41699e-05
9.05719e-05
8.62936e-05
8.13707e-05
7.58382e-05
6.97303e-05
6.30807e-05
5.5922e-05
4.82866e-05
4.02059e-05
3.17109e-05
2.2832e-05
1.35991e-05
4.04147e-06
-5.81173e-06
-1.59318e-05
-2.62904e-05
-3.68593e-05
-4.76104e-05
-5.85158e-05
-6.95475e-05
-8.06776e-05
-9.1878e-05
-0.000103121
-0.000114377
-0.00012562
-0.000136818
-0.000147945
-0.00015897
-0.000169864
-0.000180597
-0.00019114
-0.000201461
-0.000211529
-0.000221315
-0.000230785
-0.000239909
-0.000248654
-0.000256988
-0.000264879
-0.000272295
-0.000279201
-0.000285565
-0.000291355
-0.000296536
-0.000301077
-0.000304943
-0.000308103
-0.000310523
-0.000312172
-0.000313017
-0.000313027
-0.000312171
-0.000310419
-0.000307742
-0.000304112
-0.000299506
-0.000293916
-0.000287282
-0.000279361
-0.00026997
-0.000261175
9.21694e-05
9.97636e-05
0.000107638
0.000113923
0.000118808
0.000122543
0.000125203
0.000126821
0.000127438
0.000127098
0.000125845
0.000123724
0.000120777
0.000117046
0.000112572
0.000107396
0.000101556
9.50891e-05
8.80334e-05
8.04242e-05
7.22962e-05
6.36834e-05
5.46184e-05
4.51334e-05
3.52596e-05
2.50275e-05
1.4467e-05
3.60745e-06
-7.52228e-06
-1.88937e-05
-3.04785e-05
-4.22488e-05
-5.41766e-05
-6.62341e-05
-7.83934e-05
-9.06266e-05
-0.000102905
-0.000115202
-0.000127486
-0.000139731
-0.000151905
-0.00016398
-0.000175925
-0.00018771
-0.000199303
-0.000210672
-0.000221785
-0.00023261
-0.000243114
-0.000253262
-0.00026302
-0.000272354
-0.000281229
-0.000289609
-0.000297458
-0.000304741
-0.000311421
-0.000317461
-0.000322824
-0.000327475
-0.000331376
-0.000334491
-0.000336784
-0.000338218
-0.000338758
-0.000338368
-0.000337016
-0.000334667
-0.000331289
-0.000326857
-0.000321357
-0.000314727
-0.00030671
-0.000297117
-0.000288087
0.000127467
0.000134776
0.000142249
0.000148044
0.000152356
0.000155442
0.000157384
0.000158224
0.000158008
0.000156788
0.000154615
0.000151538
0.000147605
0.000142863
0.000137357
0.00013113
0.000124224
0.000116681
0.000108539
9.98369e-05
9.061e-05
8.08939e-05
7.07224e-05
6.01283e-05
4.91432e-05
3.77979e-05
2.61225e-05
1.41462e-05
1.89759e-06
-1.0595e-05
-2.33039e-05
-3.62014e-05
-4.926e-05
-6.24524e-05
-7.5751e-05
-8.91282e-05
-0.000102556
-0.000116006
-0.000129451
-0.000142859
-0.000156203
-0.000169452
-0.000182574
-0.000195539
-0.000208313
-0.000220865
-0.00023316
-0.000245164
-0.000256842
-0.000268158
-0.000279075
-0.000289556
-0.000299564
-0.000309059
-0.000318003
-0.000326355
-0.000334077
-0.000341128
-0.000347466
-0.000353051
-0.000357842
-0.000361799
-0.000364879
-0.000367042
-0.000368249
-0.00036846
-0.000367635
-0.000365736
-0.000362727
-0.000358578
-0.00035327
-0.000346737
-0.000338709
-0.00032899
-0.000319786
0.000168469
0.000175298
0.00018214
0.000187222
0.000190743
0.000192962
0.00019397
0.000193819
0.000192564
0.000190262
0.000186972
0.000182748
0.000177646
0.000171715
0.000165005
0.000157563
0.000149435
0.000140665
0.000131292
0.000121357
0.000110898
9.99502e-05
8.85482e-05
7.6725e-05
6.45123e-05
5.19407e-05
3.90396e-05
2.58378e-05
1.23632e-05
-1.35691e-06
-1.52955e-05
-2.94259e-05
-4.37215e-05
-5.81559e-05
-7.27022e-05
-8.73336e-05
-0.000102023
-0.000116742
-0.000131463
-0.000146156
-0.000160792
-0.000175341
-0.00018977
-0.000204049
-0.000218142
-0.000232018
-0.000245639
-0.00025897
-0.000271973
-0.000284612
-0.000296845
-0.000308634
-0.000319937
-0.000330712
-0.000340917
-0.000350508
-0.000359441
-0.000367671
-0.000375154
-0.000381842
-0.000387692
-0.000392655
-0.000396687
-0.000399741
-0.000401772
-0.000402735
-0.000402584
-0.000401277
-0.000398771
-0.000395032
-0.000390035
-0.000383708
-0.000375771
-0.000366019
-0.000356713
0.000215655
0.000221766
0.0002277
0.000231803
0.000234273
0.00023537
0.000235196
0.00023381
0.000231278
0.000227666
0.000223038
0.000217458
0.000210983
0.00020367
0.000195573
0.000186742
0.000177225
0.000167069
0.000156316
0.000145006
0.000133179
0.00012087
0.000108113
9.49426e-05
8.13883e-05
6.748e-05
5.32462e-05
3.87142e-05
2.39106e-05
8.86131e-06
-6.40827e-06
-2.18729e-05
-3.75076e-05
-5.32871e-05
-6.91862e-05
-8.5179e-05
-0.000101239
-0.00011734
-0.000133454
-0.000149553
-0.000165606
-0.000181584
-0.000197454
-0.000213184
-0.00022874
-0.000244086
-0.000259186
-0.000274001
-0.000288492
-0.000302619
-0.00031634
-0.00032961
-0.000342387
-0.000354624
-0.000366274
-0.00037729
-0.000387623
-0.000397223
-0.00040604
-0.000414022
-0.000421119
-0.000427279
-0.000432448
-0.000436576
-0.000439611
-0.000441501
-0.000442196
-0.000441644
-0.000439797
-0.000436616
-0.00043207
-0.000426078
-0.000418352
-0.000408678
-0.000399358
0.00026952
0.000274622
0.000279316
0.000282122
0.000283237
0.000282915
0.000281269
0.00027837
0.000274293
0.000269114
0.000262905
0.000255734
0.000247667
0.000238764
0.000229082
0.000218677
0.000207598
0.000195893
0.000183605
0.000170777
0.000157446
0.000143648
0.000129417
0.000114785
9.97798e-05
8.44304e-05
6.87631e-05
5.2803e-05
3.65745e-05
2.01014e-05
3.40662e-06
-1.34867e-05
-3.05559e-05
-4.77778e-05
-6.5129e-05
-8.25857e-05
-0.000100123
-0.000117716
-0.000135338
-0.00015296
-0.000170555
-0.000188092
-0.000205539
-0.000222863
-0.00024003
-0.000257001
-0.00027374
-0.000290207
-0.000306359
-0.000322154
-0.000337546
-0.000352489
-0.000366935
-0.000380833
-0.000394132
-0.000406781
-0.000418723
-0.000429906
-0.000440271
-0.000449763
-0.000458323
-0.000465892
-0.000472413
-0.000477825
-0.00048207
-0.000485089
-0.000486824
-0.000487218
-0.000486213
-0.000483763
-0.000479831
-0.000474328
-0.000466955
-0.000457492
-0.000448266
0.000330561
0.000334305
0.00033736
0.000338492
0.000337894
0.000335809
0.000332359
0.000327629
0.000321706
0.000314673
0.000306611
0.000297596
0.000287698
0.000276981
0.000265509
0.000253336
0.000240515
0.000227095
0.000213119
0.00019863
0.000183663
0.000168254
0.000152434
0.000136233
0.000119677
0.000102791
8.55989e-05
6.8123e-05
5.03842e-05
3.2403e-05
1.41992e-05
-4.20729e-06
-2.27968e-05
-4.15492e-05
-6.04438e-05
-7.94593e-05
-9.85734e-05
-0.000117763
-0.000137002
-0.000156266
-0.000175526
-0.000194752
-0.000213914
-0.000232977
-0.000251907
-0.000270666
-0.000289213
-0.000307508
-0.000325506
-0.000343162
-0.000360426
-0.000377249
-0.000393577
-0.000409357
-0.000424531
-0.000439043
-0.000452831
-0.000465834
-0.00047799
-0.000489234
-0.000499501
-0.000508724
-0.000516838
-0.000523775
-0.000529467
-0.000533848
-0.000536851
-0.00053841
-0.000538459
-0.000536943
-0.000533817
-0.000528982
-0.000522133
-0.000513042
-0.000504039
0.000399261
0.000401227
0.000402168
0.000401183
0.000398456
0.00039421
0.000388577
0.000381657
0.000373548
0.000364344
0.000354133
0.000342997
0.000331012
0.000318246
0.000304764
0.000290625
0.00027588
0.000260579
0.000244765
0.000228476
0.000211749
0.000194615
0.000177102
0.000159237
0.000141041
0.000122537
0.000103744
8.46785e-05
6.53584e-05
4.57993e-05
2.60169e-05
6.02656e-06
-1.41559e-05
-3.45144e-05
-5.5032e-05
-7.56908e-05
-9.64715e-05
-0.000117354
-0.000138315
-0.000159331
-0.000180375
-0.00020142
-0.000222434
-0.000243384
-0.000264234
-0.000284947
-0.000305481
-0.000325791
-0.000345833
-0.000365556
-0.000384909
-0.000403837
-0.000422283
-0.000440187
-0.000457487
-0.000474119
-0.000490015
-0.000505108
-0.000519326
-0.000532597
-0.000544848
-0.000556004
-0.000565989
-0.000574726
-0.00058214
-0.000588151
-0.000592685
-0.000595664
-0.000597014
-0.000596669
-0.000594574
-0.000590622
-0.000584497
-0.00057597
-0.000567345
0.000476065
0.000475756
0.000474023
0.000470404
0.000465064
0.000458201
0.000449953
0.000440437
0.000429765
0.00041804
0.000405356
0.000391803
0.000377459
0.000362397
0.000346682
0.000330374
0.000313525
0.000296181
0.000278383
0.000260167
0.000241566
0.000222607
0.000203312
0.000183704
0.000163799
0.000143613
0.000123159
0.000102451
8.14972e-05
6.03096e-05
3.88976e-05
1.72711e-05
-4.55947e-06
-2.65829e-05
-4.87873e-05
-7.11591e-05
-9.36834e-05
-0.000116343
-0.000139119
-0.000161991
-0.000184933
-0.00020792
-0.000230922
-0.000253907
-0.000276838
-0.000299677
-0.000322381
-0.000344905
-0.0003672
-0.000389213
-0.000410889
-0.000432169
-0.00045299
-0.000473286
-0.000492989
-0.000512027
-0.000530326
-0.000547809
-0.000564397
-0.000580008
-0.000594558
-0.000607963
-0.000620137
-0.000630992
-0.000640439
-0.000648391
-0.000654759
-0.000659456
-0.000662395
-0.000663499
-0.000662699
-0.000659879
-0.000654718
-0.000646983
-0.000638923
0.000561356
0.000558186
0.000553118
0.000546261
0.000537754
0.000527752
0.000516403
0.000503841
0.000490189
0.00047556
0.000460055
0.000443767
0.00042678
0.000409166
0.000390992
0.000372315
0.000353184
0.000333644
0.00031373
0.000293475
0.000272903
0.000252036
0.000230892
0.000209484
0.000187822
0.000165914
0.000143767
0.000121385
9.87713e-05
7.5929e-05
5.28608e-05
2.95693e-05
6.05817e-06
-1.76672e-05
-4.16013e-05
-6.57367e-05
-9.00636e-05
-0.00011457
-0.000139241
-0.000164059
-0.000189003
-0.000214049
-0.00023917
-0.000264334
-0.000289505
-0.000314646
-0.000339712
-0.000364655
-0.000389426
-0.000413967
-0.000438218
-0.000462116
-0.000485593
-0.000508576
-0.000530989
-0.000552753
-0.000573784
-0.000593997
-0.000613301
-0.000631605
-0.000648813
-0.00066483
-0.000679556
-0.000692891
-0.000704734
-0.000714985
-0.00072354
-0.0007303
-0.000735163
-0.000738038
-0.000738844
-0.000737451
-0.000733536
-0.000726863
-0.000719589
0.000655412
0.000648691
0.000639523
0.000628734
0.000616425
0.000602696
0.0005877
0.00057159
0.000554502
0.000536554
0.000517856
0.000498502
0.000478576
0.000458151
0.000437292
0.000416051
0.000394474
0.000372599
0.000350455
0.000328067
0.000305451
0.000282622
0.000259586
0.000236349
0.000212912
0.000189273
0.00016543
0.000141376
0.000117106
9.26143e-05
6.78941e-05
4.29381e-05
1.7741e-05
-7.69413e-06
-3.33741e-05
-5.92985e-05
-8.54637e-05
-0.000111864
-0.000138489
-0.000165328
-0.000192362
-0.000219573
-0.000246934
-0.000274416
-0.000301986
-0.000329604
-0.000357226
-0.000384804
-0.000412282
-0.000439603
-0.000466701
-0.000493507
-0.000519947
-0.00054594
-0.000571403
-0.000596247
-0.00062038
-0.000643702
-0.000666114
-0.000687511
-0.000707786
-0.000726826
-0.000744521
-0.000760754
-0.00077541
-0.000788372
-0.000799523
-0.000808746
-0.000815923
-0.000820948
-0.000823722
-0.000824102
-0.000821765
-0.000816474
-0.00081025
0.000758367
0.000747295
0.000733141
0.000717622
0.000700792
0.000682675
0.000663427
0.000643219
0.000622197
0.000600489
0.000578203
0.000555437
0.000532272
0.000508779
0.000485016
0.00046103
0.000436859
0.000412531
0.000388067
0.000363481
0.000338778
0.000313962
0.000289028
0.000263969
0.000238776
0.000213433
0.000187927
0.000162242
0.000136358
0.00011026
8.39282e-05
5.73398e-05
3.04953e-05
3.38152e-06
-2.40283e-05
-5.17361e-05
-7.97456e-05
-0.000108059
-0.000136673
-0.000165582
-0.000194776
-0.000224238
-0.000253947
-0.000283876
-0.000313994
-0.000344261
-0.000374635
-0.000405065
-0.000435494
-0.00046586
-0.000496093
-0.000526118
-0.000555853
-0.000585212
-0.0006141
-0.000642418
-0.000670062
-0.000696922
-0.000722883
-0.000747827
-0.00077163
-0.000794166
-0.000815306
-0.000834917
-0.000852866
-0.000869017
-0.000883236
-0.000895386
-0.000905332
-0.000912948
-0.000918114
-0.000920674
-0.000920304
-0.000916774
-0.00091191
0.000870153
0.000853807
0.00083365
0.000812498
0.000790337
0.000767095
0.000742927
0.000718021
0.000692534
0.000666594
0.000640312
0.00061378
0.000587077
0.000560266
0.000533394
0.000506501
0.000479611
0.000452741
0.000425899
0.000399084
0.000372289
0.000345501
0.000318703
0.000291873
0.000264985
0.000238012
0.000210925
0.000183692
0.000156283
0.000128666
0.00010081
7.26857e-05
4.42712e-05
1.55347e-05
-1.35459e-05
-4.29883e-05
-7.28078e-05
-0.000103016
-0.000133619
-0.000164618
-0.00019601
-0.000227785
-0.000259927
-0.000292414
-0.000325216
-0.000358296
-0.000391613
-0.000425113
-0.00045874
-0.000492426
-0.000526098
-0.000559674
-0.000593064
-0.000626174
-0.000658898
-0.000691125
-0.000722738
-0.000753613
-0.00078362
-0.000812623
-0.000840481
-0.00086705
-0.000892181
-0.00091572
-0.000937515
-0.000957407
-0.000975241
-0.000990858
-0.0010041
-0.00101482
-0.00102288
-0.00102809
-0.00103015
-0.00102882
-0.00102569
0.000990435
0.000967757
0.000940441
0.000912634
0.00088424
0.000855061
0.000825244
0.000794994
0.000764474
0.000733812
0.000703112
0.000672462
0.000641928
0.000611562
0.0005814
0.000551463
0.000521762
0.000492297
0.000463058
0.000434027
0.00040518
0.000376484
0.000347906
0.000319405
0.000290938
0.00026246
0.000233926
0.000205286
0.000176495
0.000147504
0.000118266
8.87394e-05
5.88806e-05
2.86497e-05
-1.98924e-06
-3.30684e-05
-6.46156e-05
-9.66538e-05
-0.0001292
-0.000162267
-0.000195858
-0.000229973
-0.000264602
-0.000299729
-0.000335329
-0.000371368
-0.000407805
-0.000444588
-0.000481659
-0.000518946
-0.000556372
-0.000593849
-0.000631279
-0.000668556
-0.000705564
-0.000742179
-0.000778268
-0.000813691
-0.000848301
-0.000881941
-0.000914451
-0.000945664
-0.000975409
-0.00100351
-0.00102978
-0.00105405
-0.00107614
-0.00109585
-0.001113
-0.00112742
-0.00113895
-0.00114738
-0.0011524
-0.00115381
-0.00115283
0.00111853
0.00108832
0.00105254
0.00101694
0.00098131
0.000945305
0.000909052
0.000872769
0.000836621
0.000800729
0.000765188
0.000730071
0.000695429
0.000661296
0.000627689
0.000594609
0.000562045
0.000529976
0.000498369
0.000467185
0.000436378
0.000405893
0.000375675
0.000345661
0.00031579
0.000285995
0.000256209
0.000226366
0.000196398
0.00016624
0.000135828
0.000105099
7.39933e-05
4.24553e-05
1.04323e-05
-2.21236e-05
-5.5255e-05
-8.89993e-05
-0.000123387
-0.000158443
-0.000194183
-0.000230616
-0.000267742
-0.000305553
-0.000344029
-0.000383143
-0.000422856
-0.000463117
-0.000503868
-0.000545035
-0.000586536
-0.000628275
-0.000670148
-0.000712037
-0.000753813
-0.000795338
-0.000836462
-0.000877025
-0.000916859
-0.000955786
-0.000993622
-0.00103017
-0.00106524
-0.00109862
-0.00113011
-0.00115949
-0.00118656
-0.00121109
-0.00123287
-0.0012517
-0.00126737
-0.00127966
-0.00128828
-0.00129304
-0.00129473
0.0012533
0.00121421
0.00116851
0.00112385
0.0010799
0.0010361
0.000992573
0.00094953
0.000907137
0.000865502
0.0008247
0.000784783
0.00074578
0.000707698
0.00067053
0.000634249
0.000598818
0.000564186
0.000530296
0.00049708
0.000464464
0.00043237
0.000400716
0.000369415
0.00033838
0.000307521
0.00027675
0.000245976
0.000215112
0.000184068
0.000152761
0.000121107
8.90266e-05
5.64443e-05
2.32885e-05
-1.05072e-05
-4.50035e-05
-8.02549e-05
-0.000116309
-0.000153205
-0.000190974
-0.000229638
-0.00026921
-0.000309692
-0.000351073
-0.000393333
-0.000436439
-0.000480343
-0.000524987
-0.000570297
-0.000616187
-0.000662555
-0.000709288
-0.000756255
-0.000803316
-0.000850313
-0.00089708
-0.000943434
-0.000989184
-0.00103413
-0.00107805
-0.00112072
-0.00116192
-0.00120141
-0.00123895
-0.00127429
-0.00130718
-0.00133737
-0.00136461
-0.00138866
-0.00140927
-0.00142619
-0.00143915
-0.00144798
-0.00145295
0.00139308
0.00134361
0.00128636
0.00123126
0.00117779
0.00112518
0.00107348
0.00102293
0.000973662
0.00092577
0.0008793
0.000834274
0.000790687
0.000748516
0.000707716
0.000668227
0.000629978
0.000592884
0.000556854
0.000521788
0.000487581
0.000454124
0.000421306
0.000389012
0.000357126
0.000325534
0.000294118
0.000262766
0.000231362
0.000199796
0.000167958
0.000135743
0.000103048
6.97739e-05
3.58279e-05
1.12155e-06
-3.44274e-05
-7.0894e-05
-0.000108346
-0.000146842
-0.000186432
-0.000227154
-0.000269039
-0.0003121
-0.000356342
-0.000401753
-0.000448309
-0.00049597
-0.000544679
-0.000594363
-0.000644935
-0.000696286
-0.000748295
-0.00080082
-0.000853705
-0.000906776
-0.000959841
-0.0010127
-0.00106512
-0.00111689
-0.00116774
-0.00121743
-0.00126568
-0.00131222
-0.00135677
-0.00139904
-0.00143873
-0.00147555
-0.00150922
-0.00153943
-0.0015659
-0.00158835
-0.00160653
-0.00162029
-0.00162924
0.00153549
0.00147398
0.00140341
0.00133637
0.00127213
0.00120961
0.00114882
0.00108997
0.0010332
0.000978553
0.000926033
0.000875621
0.000827271
0.000780914
0.000736464
0.000693816
0.000652857
0.000613461
0.000575498
0.00053883
0.000503316
0.000468811
0.000435172
0.000402251
0.000369902
0.000337981
0.000306343
0.000274845
0.000243348
0.000211712
0.000179802
0.000147486
0.000114636
8.11279e-05
4.68417e-05
1.1664e-05
-2.45124e-05
-6.17879e-05
-0.000100254
-0.000139995
-0.000181082
-0.000223577
-0.000267529
-0.000312973
-0.000359929
-0.000408403
-0.000458381
-0.000509833
-0.000562711
-0.000616944
-0.000672444
-0.000729102
-0.000786786
-0.000845343
-0.000904603
-0.00096437
-0.00102443
-0.00108455
-0.00114449
-0.00120396
-0.00126269
-0.00132038
-0.00137672
-0.00143138
-0.00148403
-0.00153434
-0.00158197
-0.00162656
-0.00166777
-0.00170525
-0.00173867
-0.00176768
-0.00179211
-0.00181181
-0.00182558
0.00167735
0.00160199
0.0015162
0.00143561
0.00135924
0.00128568
0.00121484
0.00114693
0.00108203
0.00102015
0.000961226
0.000905194
0.000851947
0.000801363
0.000753298
0.000707598
0.000664096
0.000622621
0.000582994
0.000545035
0.000508561
0.00047339
0.000439339
0.000406228
0.000373877
0.000342109
0.000310749
0.000279626
0.000248568
0.00021741
0.000185987
0.000154138
0.000121706
8.85387e-05
5.44868e-05
1.94072e-05
-1.6837e-05
-5.43759e-05
-9.33311e-05
-0.000133815
-0.00017593
-0.000219764
-0.000265394
-0.000312881
-0.000362269
-0.000413583
-0.00046683
-0.000521995
-0.00057904
-0.000637905
-0.000698505
-0.000760729
-0.00082444
-0.000889476
-0.000955649
-0.00102274
-0.00109052
-0.00115872
-0.00122705
-0.00129521
-0.00136286
-0.00142965
-0.00149524
-0.00155922
-0.00162123
-0.00168086
-0.00173771
-0.00179136
-0.00184142
-0.00188746
-0.00192908
-0.0019659
-0.00199777
-0.0020246
-0.00204419
0.00181451
0.00172337
0.00162029
0.00152444
0.00143456
0.00134879
0.00126694
0.00118919
0.00111557
0.001046
0.000980371
0.00091853
0.000860305
0.000805503
0.000753917
0.000705326
0.000659506
0.000616228
0.000575262
0.000536378
0.000499348
0.000463947
0.000429954
0.00039715
0.000365322
0.000334259
0.000303754
0.000273604
0.00024361
0.000213573
0.000183299
0.000152597
0.00012128
8.91601e-05
5.60579e-05
2.17959e-05
-1.37973e-05
-5.08872e-05
-8.96313e-05
-0.000130178
-0.000172666
-0.000217219
-0.00026395
-0.000312953
-0.000364303
-0.000418057
-0.000474247
-0.000532881
-0.000593943
-0.000657384
-0.000723131
-0.000791076
-0.000861081
-0.000932976
-0.00100656
-0.00108159
-0.00115781
-0.00123492
-0.00131259
-0.00139046
-0.00146816
-0.00154529
-0.00162141
-0.00169608
-0.00176885
-0.00183925
-0.0019068
-0.00197102
-0.00203143
-0.00208753
-0.00213883
-0.00218489
-0.00222563
-0.00226099
-0.00228757
0.00194167
0.00183267
0.00171015
0.00159729
0.00149246
0.00139329
0.00129949
0.00121115
0.00112824
0.00105058
0.000977985
0.000910199
0.000846966
0.00078801
0.000733042
0.00068177
0.0006339
0.000589139
0.000547198
0.000507794
0.00047065
0.000435496
0.00040207
0.000370115
0.000339383
0.00030963
0.000280617
0.000252111
0.000223881
0.000195699
0.00016734
0.000138581
0.0001092
7.89783e-05
4.76976e-05
1.5143e-05
-1.88967e-05
-5.46285e-05
-9.22528e-05
-0.000131962
-0.000173941
-0.000218358
-0.00026537
-0.000315117
-0.000367718
-0.000423268
-0.00048184
-0.000543474
-0.000608183
-0.000675945
-0.000746702
-0.00082036
-0.000896784
-0.000975801
-0.0010572
-0.00114072
-0.00122607
-0.00131291
-0.00140088
-0.00148957
-0.00157853
-0.00166731
-0.00175539
-0.00184226
-0.00192739
-0.00201021
-0.00209016
-0.00216667
-0.00223917
-0.00230706
-0.00236975
-0.00242675
-0.00247803
-0.00252358
-0.00255855
0.00205221
0.00192322
0.00177901
0.00164734
0.00152611
0.00141239
0.0013057
0.00120606
0.00111334
0.00102726
0.000947479
0.000873661
0.000805436
0.000742428
0.000684256
0.000630543
0.000580915
0.000535009
0.000492472
0.000452965
0.000416159
0.000381738
0.0003494
0.000318851
0.000289808
0.000261998
0.00023515
0.000209004
0.0001833
0.000157781
0.000132193
0.00010628
7.97868e-05
5.2458e-05
2.40368e-05
-5.73396e-06
-3.71108e-05
-7.03487e-05
-0.000105699
-0.000143409
-0.000183715
-0.000226848
-0.00027302
-0.000322429
-0.000375251
-0.000431638
-0.000491713
-0.000555569
-0.000623259
-0.000694801
-0.000770167
-0.000849285
-0.000932035
-0.00101825
-0.00110771
-0.00120013
-0.00129521
-0.00139257
-0.00149179
-0.00159241
-0.00169391
-0.00179575
-0.00189735
-0.00199809
-0.00209734
-0.00219444
-0.00228872
-0.00237949
-0.00246608
-0.00254778
-0.00262388
-0.00269378
-0.00275756
-0.00281528
-0.00286028
0.00213804
0.00198686
0.00181872
0.00166641
0.00152737
0.00139797
0.00127752
0.00116594
0.00106295
0.000968131
0.000881015
0.000801118
0.000727949
0.000661015
0.000599828
0.000543914
0.000492813
0.000446084
0.000403309
0.000364086
0.000328037
0.000294802
0.00026404
0.000235423
0.000208639
0.000183388
0.000159375
0.000136315
0.000113925
9.1922e-05
7.00254e-05
4.79505e-05
2.54094e-05
2.10972e-06
-2.22462e-05
-4.79605e-05
-7.53399e-05
-0.000104694
-0.000136335
-0.000170573
-0.000207714
-0.000248057
-0.000291891
-0.000339488
-0.000391099
-0.000446951
-0.00050724
-0.000572126
-0.000641727
-0.000716116
-0.000795316
-0.000879292
-0.000967955
-0.00106115
-0.00115866
-0.00126022
-0.00136546
-0.00147399
-0.00158533
-0.00169896
-0.00181428
-0.00193067
-0.00204744
-0.00216387
-0.00227921
-0.00239267
-0.00250345
-0.00261074
-0.00271373
-0.00281156
-0.00290338
-0.00298851
-0.00306711
-0.00313931
-0.00319631
0.00218944
0.00201388
0.00181955
0.00164487
0.00148665
0.00134053
0.00120551
0.0010814
0.000967742
0.000863945
0.00076937
0.000683375
0.000605319
0.000534577
0.000470541
0.000412627
0.000360284
0.000312988
0.000270252
0.000231615
0.000196651
0.000164958
0.000136163
0.000109912
8.58706e-05
6.37179e-05
4.31449e-05
2.38492e-05
5.53173e-06
-1.21067e-05
-2.93685e-05
-4.6562e-05
-6.40038e-05
-8.20206e-05
-0.00010095
-0.000121142
-0.000142957
-0.000166765
-0.000192949
-0.000221892
-0.000253983
-0.00028961
-0.000329153
-0.000372981
-0.000421444
-0.000474867
-0.000533544
-0.00059773
-0.000667634
-0.000743411
-0.000825156
-0.000912901
-0.0010066
-0.00110615
-0.00121133
-0.00132189
-0.00143745
-0.00155758
-0.00168175
-0.00180938
-0.00193977
-0.00207221
-0.00220588
-0.00233994
-0.0024735
-0.00260562
-0.00273534
-0.00286171
-0.00298372
-0.00310038
-0.00321064
-0.00331369
-0.00340982
-0.00349925
-0.00357058
0.00219488
0.00199283
0.00177018
0.00157146
0.00139283
0.00122902
0.00107874
0.000941588
0.000816931
0.000703957
0.000601824
0.000509707
0.000426797
0.000352315
0.000285521
0.000225715
0.000172245
0.000124505
8.19358e-05
4.40247e-05
1.03001e-05
-1.96711e-05
-4.62874e-05
-6.99185e-05
-9.09098e-05
-0.000109588
-0.000126267
-0.000141251
-0.000154844
-0.000167351
-0.000179083
-0.000190364
-0.00020153
-0.000212938
-0.000224961
-0.000237993
-0.000252453
-0.000268778
-0.000287424
-0.000308864
-0.000333584
-0.000362078
-0.00039484
-0.000432361
-0.000475118
-0.000523565
-0.000578129
-0.000639192
-0.000707089
-0.000782093
-0.00086441
-0.000954164
-0.0010514
-0.00115605
-0.00126798
-0.00138693
-0.00151254
-0.00164434
-0.00178176
-0.00192414
-0.00207072
-0.00222063
-0.00237295
-0.00252667
-0.00268073
-0.00283403
-0.00298541
-0.00313371
-0.00327775
-0.00341632
-0.00354813
-0.00367226
-0.00378912
-0.00389904
-0.00398746
0.00214101
0.00191051
0.00165756
0.00143332
0.00123317
0.00105086
0.000884713
0.000734117
0.000598186
0.00047586
0.000366067
0.000267767
0.000179961
0.000101703
3.21063e-05
-2.96525e-05
-8.4329e-05
-0.000132612
-0.000175125
-0.000212431
-0.000245035
-0.000273391
-0.000297909
-0.000318958
-0.000336878
-0.000351987
-0.000364581
-0.000374954
-0.000383391
-0.000390188
-0.000395648
-0.000400094
-0.00040387
-0.000407348
-0.000410929
-0.000415051
-0.000420184
-0.000426831
-0.000435534
-0.000446862
-0.000461414
-0.00047981
-0.000502684
-0.000530677
-0.000564428
-0.000604559
-0.000651668
-0.000706312
-0.000768996
-0.00084016
-0.000920165
-0.00100928
-0.00110766
-0.00121537
-0.00133234
-0.00145835
-0.00159309
-0.00173607
-0.0018867
-0.00204423
-0.00220781
-0.00237646
-0.00254908
-0.0027245
-0.00290146
-0.00307862
-0.00325463
-0.00342807
-0.00359752
-0.0037615
-0.00391849
-0.00406735
-0.00420869
-0.00434292
-0.00445173
0.00201253
0.00175186
0.00146692
0.00121591
0.000993338
0.000791876
0.000609409
0.000445042
0.000297609
0.000165762
4.81619e-05
-5.64713e-05
-0.000149346
-0.000231593
-0.000304254
-0.000368282
-0.000424535
-0.000473783
-0.000516706
-0.000553906
-0.000585908
-0.000613172
-0.000636098
-0.000655037
-0.000670301
-0.000682173
-0.000690912
-0.000696769
-0.000699993
-0.000700841
-0.000699585
-0.000696523
-0.000691987
-0.000686344
-0.000680011
-0.000673452
-0.000667178
-0.000661762
-0.000657828
-0.000656051
-0.000657155
-0.000661905
-0.000671104
-0.000685576
-0.000706158
-0.000733688
-0.000768986
-0.000812838
-0.000865981
-0.000929081
-0.00100272
-0.00108736
-0.00118337
-0.00129096
-0.00141018
-0.00154095
-0.00168298
-0.00183584
-0.00199891
-0.00217139
-0.00235232
-0.0025406
-0.00273496
-0.00293401
-0.00313626
-0.00334012
-0.00354394
-0.00374604
-0.00394468
-0.00413807
-0.00432436
-0.0045022
-0.00467239
-0.00483548
-0.00496856
0.0017923
0.00150008
0.00118183
0.000903093
0.000657466
0.000436403
0.000237292
5.89177e-05
-0.000100217
-0.000241787
-0.000367431
-0.000478694
-0.000577015
-0.000663721
-0.000740018
-0.000806988
-0.000865593
-0.000916673
-0.000960957
-0.000999069
-0.00103154
-0.0010588
-0.00108124
-0.00109914
-0.00111278
-0.00112236
-0.00112808
-0.00113012
-0.00112864
-0.00112383
-0.00111591
-0.00110512
-0.00109173
-0.00107609
-0.0010586
-0.00103974
-0.00102
-0.00100006
-0.000980599
-0.000962406
-0.000946335
-0.000933317
-0.000924343
-0.000920457
-0.000922742
-0.0009323
-0.000950234
-0.000977629
-0.00101553
-0.0010649
-0.00112663
-0.00120148
-0.00129008
-0.00139288
-0.00151015
-0.00164197
-0.0017882
-0.00194846
-0.00212216
-0.00230848
-0.00250637
-0.00271458
-0.00293167
-0.00315601
-0.00338582
-0.00361923
-0.00385422
-0.00408877
-0.00432078
-0.00454807
-0.00476838
-0.00498009
-0.00518421
-0.00538149
-0.00554346
0.00146144
0.00113676
0.000784332
0.000477324
0.000208292
-3.25976e-05
-0.000248521
-0.000441065
-0.0006121
-0.000763668
-0.000897738
-0.00101614
-0.00112057
-0.00121256
-0.00129347
-0.00136453
-0.00142679
-0.00148115
-0.00152838
-0.00156909
-0.00160381
-0.00163292
-0.00165675
-0.00167551
-0.00168937
-0.00169845
-0.00170282
-0.00170255
-0.00169769
-0.00168833
-0.00167454
-0.00165648
-0.00163434
-0.00160838
-0.00157894
-0.00154646
-0.00151152
-0.00147472
-0.00143683
-0.00139874
-0.00136143
-0.00132601
-0.00129369
-0.00126575
-0.00124358
-0.0012286
-0.00122226
-0.00122603
-0.00124134
-0.00126958
-0.00131204
-0.00136987
-0.0014441
-0.00153552
-0.00164474
-0.00177209
-0.00191766
-0.00208122
-0.00226227
-0.00246001
-0.00267333
-0.00290085
-0.00314092
-0.00339167
-0.00365099
-0.00391664
-0.00418621
-0.00445723
-0.00472715
-0.00499333
-0.00525299
-0.00550416
-0.00574814
-0.00598583
-0.00618214
0.000999601
0.000642115
0.000255239
-8.01427e-05
-0.000372581
-0.000633276
-0.000866027
-0.00107284
-0.00125601
-0.00141797
-0.00156105
-0.0016874
-0.00179896
-0.00189749
-0.00198452
-0.0020614
-0.00212928
-0.00218909
-0.00224161
-0.00228747
-0.00232711
-0.00236087
-0.00238895
-0.00241148
-0.00242848
-0.00243992
-0.00244572
-0.00244577
-0.00243998
-0.00242822
-0.00241044
-0.00238661
-0.00235677
-0.00232107
-0.00227972
-0.00223309
-0.00218166
-0.00212605
-0.00206707
-0.00200565
-0.00194291
-0.00188012
-0.00181871
-0.00176025
-0.00170644
-0.0016591
-0.00162011
-0.0015914
-0.00157491
-0.00157255
-0.00158616
-0.00161744
-0.00166794
-0.00173896
-0.00183157
-0.00194653
-0.00208427
-0.00224483
-0.00242791
-0.00263278
-0.00285836
-0.00310315
-0.00336532
-0.00364271
-0.00393286
-0.00423309
-0.0045405
-0.00485209
-0.00516477
-0.00547528
-0.00578024
-0.00607724
-0.0063679
-0.00665331
-0.00689035
0.000385357
-4.62178e-06
-0.000425526
-0.000788855
-0.00110432
-0.00138453
-0.00163397
-0.00185511
-0.0020507
-0.00222361
-0.00237656
-0.00251201
-0.00263218
-0.00273905
-0.00283432
-0.00291946
-0.00299567
-0.00306396
-0.00312508
-0.00317961
-0.00322792
-0.00327025
-0.00330666
-0.00333712
-0.00336148
-0.00337951
-0.0033909
-0.00339534
-0.00339247
-0.00338195
-0.00336347
-0.00333676
-0.00330166
-0.00325807
-0.00320604
-0.00314576
-0.0030776
-0.00300209
-0.00291999
-0.00283226
-0.0027401
-0.00264491
-0.00254836
-0.0024523
-0.00235879
-0.00227008
-0.00218856
-0.00211673
-0.00205716
-0.00201242
-0.00198506
-0.00197749
-0.00199199
-0.00203056
-0.00209495
-0.00218651
-0.00230622
-0.00245457
-0.00263159
-0.00283678
-0.00306914
-0.00332716
-0.00360883
-0.00391171
-0.00423294
-0.00456934
-0.00491744
-0.00527359
-0.00563401
-0.00599472
-0.00635156
-0.00670157
-0.00704673
-0.00738832
-0.00767359
-0.000403279
-0.000824661
-0.0012784
-0.00166867
-0.00200636
-0.00230553
-0.00257138
-0.00280689
-0.00301528
-0.00319991
-0.00336387
-0.00350999
-0.00364075
-0.00375836
-0.00386468
-0.00396129
-0.00404947
-0.00413022
-0.00420428
-0.00427215
-0.00433411
-0.00439024
-0.00444045
-0.00448449
-0.00452197
-0.00455242
-0.00457526
-0.00458987
-0.00459558
-0.00459174
-0.00457769
-0.00455286
-0.00451672
-0.0044689
-0.00440914
-0.00433737
-0.00425371
-0.00415853
-0.00405245
-0.00393637
-0.00381149
-0.00367932
-0.00354167
-0.0034007
-0.00325882
-0.00311877
-0.00298349
-0.00285616
-0.00274009
-0.00263869
-0.00255538
-0.00249353
-0.00245635
-0.00244682
-0.0024676
-0.00252093
-0.00260857
-0.00273172
-0.00289097
-0.00308623
-0.00331676
-0.00358113
-0.00387725
-0.00420241
-0.00455334
-0.00492628
-0.0053171
-0.00572138
-0.00613448
-0.00655151
-0.00696736
-0.00737836
-0.0077869
-0.00819446
-0.00853671
-0.00138817
-0.00183902
-0.00232357
-0.00273914
-0.00309782
-0.00341511
-0.00369695
-0.00394684
-0.00416855
-0.00436588
-0.00454235
-0.00470114
-0.00484502
-0.00497641
-0.00509733
-0.00520947
-0.00531416
-0.00541239
-0.00550486
-0.00559198
-0.00567389
-0.0057505
-0.0058215
-0.00588639
-0.00594452
-0.00599509
-0.00603717
-0.00606977
-0.00609184
-0.0061023
-0.00610007
-0.00608413
-0.00605352
-0.00600743
-0.00594517
-0.00586627
-0.00577049
-0.00565788
-0.0055288
-0.00538394
-0.00522442
-0.00505171
-0.00486776
-0.0046749
-0.00447592
-0.00427401
-0.00407275
-0.00387603
-0.00368805
-0.00351321
-0.00335602
-0.00322102
-0.00311266
-0.0030352
-0.00299254
-0.00298816
-0.00302497
-0.00310519
-0.0032303
-0.00340093
-0.00361683
-0.00387685
-0.00417895
-0.00452024
-0.00489705
-0.00530501
-0.0057392
-0.00619427
-0.00666458
-0.0071441
-0.0076265
-0.00810727
-0.00858917
-0.00907393
-0.00948327
-0.00259023
-0.00306774
-0.0035802
-0.00401879
-0.0043968
-0.00473109
-0.00502834
-0.00529264
-0.00552826
-0.00573951
-0.00593032
-0.00610422
-0.00626427
-0.0064131
-0.0065529
-0.00668545
-0.00681211
-0.00693386
-0.00705135
-0.00716486
-0.00727439
-0.00737963
-0.00748002
-0.0075748
-0.00766295
-0.00774332
-0.00781456
-0.00787524
-0.00792382
-0.00795871
-0.00797829
-0.00798097
-0.00796523
-0.00792966
-0.00787299
-0.0077942
-0.0076925
-0.00756743
-0.00741892
-0.00724731
-0.00705342
-0.00683857
-0.00660465
-0.00635411
-0.00609
-0.00581593
-0.00553608
-0.00525515
-0.00497829
-0.00471102
-0.00445917
-0.0042287
-0.00402563
-0.00385582
-0.00372487
-0.00363792
-0.00359946
-0.00361324
-0.00368206
-0.00380767
-0.0039907
-0.0042306
-0.00452562
-0.00487283
-0.00526824
-0.00570687
-0.00618292
-0.00668997
-0.00722113
-0.00776897
-0.00832569
-0.00888563
-0.009452
-0.0100267
-0.0105148
-0.00402858
-0.00452904
-0.00506561
-0.00552433
-0.00591955
-0.00626944
-0.00658141
-0.0068601
-0.00711033
-0.00733689
-0.00754415
-0.00773596
-0.00791569
-0.00808616
-0.00824974
-0.00840828
-0.0085632
-0.00871544
-0.00886558
-0.00901378
-0.00915986
-0.00930328
-0.00944323
-0.0095786
-0.009708
-0.00982986
-0.00994237
-0.0100436
-0.0101313
-0.0102035
-0.0102577
-0.0102918
-0.0103034
-0.0102904
-0.0102508
-0.0101828
-0.0100849
-0.00995585
-0.00979495
-0.00960194
-0.00937712
-0.00912144
-0.00883652
-0.00852475
-0.00818925
-0.00783397
-0.00746361
-0.00708362
-0.00670015
-0.00631997
-0.00595036
-0.00559898
-0.00527372
-0.00498248
-0.00473302
-0.00453265
-0.00438808
-0.00430512
-0.00428852
-0.00434175
-0.00446687
-0.00466436
-0.00493317
-0.00527065
-0.00567263
-0.00613359
-0.00664681
-0.00720463
-0.00779869
-0.00841987
-0.00905849
-0.00970748
-0.0103705
-0.0110494
-0.0116296
-0.00571949
-0.00623836
-0.00679445
-0.00726979
-0.00767973
-0.00804354
-0.00836935
-0.00866236
-0.00892792
-0.00917129
-0.00939725
-0.00961001
-0.0098132
-0.0100099
-0.0102026
-0.0103932
-0.0105833
-0.0107736
-0.0109649
-0.0111569
-0.0113495
-0.0115419
-0.0117328
-0.011921
-0.0121045
-0.0122814
-0.0124493
-0.0126057
-0.0127478
-0.0128727
-0.0129773
-0.0130586
-0.0131134
-0.0131387
-0.0131314
-0.0130888
-0.0130084
-0.0128881
-0.0127261
-0.0125213
-0.0122731
-0.011982
-0.0116489
-0.0112758
-0.0108658
-0.0104228
-0.00995206
-0.00945953
-0.00895231
-0.00843843
-0.00792671
-0.00742671
-0.0069485
-0.00650246
-0.00609898
-0.0057482
-0.00545968
-0.00524212
-0.00510297
-0.0050482
-0.00508205
-0.00520677
-0.00542257
-0.00572754
-0.00611772
-0.00658721
-0.0071284
-0.00773229
-0.0083888
-0.00908675
-0.00981419
-0.0105622
-0.0113348
-0.012134
-0.0128212
-0.00767549
-0.00820752
-0.00877783
-0.00926578
-0.00968754
-0.0100633
-0.0104019
-0.0107091
-0.0109906
-0.0112522
-0.0114991
-0.0117358
-0.0119663
-0.0121939
-0.0124211
-0.0126501
-0.0128824
-0.0131189
-0.01336
-0.0136056
-0.0138553
-0.014108
-0.0143623
-0.0146165
-0.0148683
-0.0151152
-0.0153542
-0.0155823
-0.015796
-0.0159915
-0.016165
-0.0163123
-0.0164294
-0.016512
-0.0165561
-0.0165577
-0.016513
-0.0164186
-0.0162715
-0.0160695
-0.0158108
-0.0154946
-0.0151211
-0.0146916
-0.0142084
-0.0136756
-0.0130983
-0.0124829
-0.0118372
-0.0111703
-0.0104926
-0.00981558
-0.00915174
-0.00851427
-0.00791674
-0.00737277
-0.00689558
-0.00649762
-0.00619004
-0.00598235
-0.00588194
-0.00589382
-0.00602036
-0.00626114
-0.00661297
-0.00706994
-0.00762376
-0.00826406
-0.00897883
-0.00975446
-0.0105762
-0.0114329
-0.0123287
-0.0132655
-0.0140765
-0.00990444
-0.0104439
-0.0110226
-0.0115187
-0.0119491
-0.0123347
-0.0126848
-0.0130056
-0.0133034
-0.0135845
-0.0138543
-0.0141177
-0.014379
-0.0146417
-0.0149086
-0.0151819
-0.0154632
-0.0157535
-0.0160531
-0.0163618
-0.0166791
-0.0170037
-0.017334
-0.0176678
-0.0180024
-0.018335
-0.018662
-0.0189795
-0.0192834
-0.0195691
-0.0198318
-0.0200664
-0.0202675
-0.0204298
-0.0205478
-0.0206161
-0.0206295
-0.020583
-0.0204721
-0.0202928
-0.020042
-0.0197172
-0.0193172
-0.018842
-0.0182932
-0.0176742
-0.0169902
-0.0162468
-0.0154519
-0.0146163
-0.0137517
-0.012871
-0.0119892
-0.0111224
-0.010288
-0.00950353
-0.00878687
-0.00815519
-0.00762451
-0.00720908
-0.00692082
-0.00676876
-0.00675866
-0.00689273
-0.00716943
-0.0075836
-0.00812663
-0.00878696
-0.00955052
-0.0104009
-0.01132
-0.0122938
-0.0133265
-0.0144197
-0.0153729
-0.0124089
-0.0129496
-0.0135306
-0.0140304
-0.0144661
-0.0148591
-0.015219
-0.0155526
-0.0158667
-0.0161677
-0.0164617
-0.0167538
-0.0170486
-0.0173499
-0.0176606
-0.0179832
-0.0183193
-0.0186701
-0.0190358
-0.0194163
-0.0198109
-0.0202182
-0.0206362
-0.0210626
-0.0214944
-0.021928
-0.0223595
-0.0227844
-0.0231977
-0.0235939
-0.0239673
-0.0243116
-0.0246203
-0.0248866
-0.0251036
-0.0252644
-0.0253619
-0.0253894
-0.0253405
-0.0252092
-0.0249905
-0.0246798
-0.024274
-0.0237709
-0.0231697
-0.0224739
-0.0216908
-0.0208221
-0.0198746
-0.0188613
-0.0177945
-0.0166879
-0.0155591
-0.0144275
-0.0133135
-0.0122394
-0.0112284
-0.0103037
-0.00948742
-0.00879998
-0.00825941
-0.00788044
-0.00767391
-0.00764618
-0.00779881
-0.00812844
-0.00862701
-0.00928218
-0.0100779
-0.0109947
-0.0120104
-0.0131077
-0.0142906
-0.0155597
-0.0166752
-0.0151855
-0.0157216
-0.0162989
-0.0167977
-0.0172352
-0.0176329
-0.0180007
-0.0183458
-0.0186752
-0.0189959
-0.0193142
-0.0196358
-0.0199653
-0.0203069
-0.020664
-0.0210391
-0.021434
-0.0218501
-0.0222877
-0.0227467
-0.0232263
-0.0237251
-0.024241
-0.0247713
-0.0253127
-0.0258614
-0.0264127
-0.0269616
-0.0275024
-0.0280287
-0.0285338
-0.0290102
-0.0294503
-0.0298457
-0.030188
-0.0304684
-0.0306782
-0.0308085
-0.0308508
-0.0307968
-0.0306389
-0.0303702
-0.0299847
-0.0294775
-0.0288432
-0.0280787
-0.0271988
-0.0262318
-0.0251734
-0.0239995
-0.0227149
-0.021352
-0.0199461
-0.0185168
-0.0170829
-0.0156707
-0.0143095
-0.0130291
-0.011859
-0.0108274
-0.00996011
-0.00927958
-0.00880382
-0.00854547
-0.00851112
-0.008701
-0.00910889
-0.00972257
-0.0105244
-0.0114919
-0.0125984
-0.0138222
-0.015167
-0.0166319
-0.0179308
-0.018225
-0.0187512
-0.0193194
-0.0198129
-0.0202487
-0.0206482
-0.0210214
-0.0213758
-0.0217186
-0.0220573
-0.0223985
-0.0227481
-0.0231115
-0.023493
-0.0238964
-0.0243245
-0.0247795
-0.0252627
-0.025775
-0.0263161
-0.0268855
-0.0274816
-0.0281024
-0.0287449
-0.0294056
-0.0300803
-0.030764
-0.031451
-0.0321348
-0.0328085
-0.0334641
-0.0340933
-0.0346869
-0.0352353
-0.0357285
-0.0361558
-0.0365067
-0.0367701
-0.0369354
-0.0369921
-0.0369301
-0.0367403
-0.0364148
-0.0359474
-0.0353345
-0.0345725
-0.0336446
-0.032539
-0.0312798
-0.0299102
-0.0284518
-0.0268883
-0.025208
-0.0234501
-0.0216592
-0.0198638
-0.0180989
-0.0164008
-0.014807
-0.0133544
-0.0120785
-0.0110117
-0.0101817
-0.00960987
-0.00931072
-0.0092904
-0.00954669
-0.0100691
-0.0108394
-0.0118321
-0.013016
-0.0143644
-0.0158803
-0.0175605
-0.0190649
-0.0215129
-0.0220247
-0.0225793
-0.0230639
-0.023495
-0.0238932
-0.0242688
-0.0246291
-0.0249819
-0.0253349
-0.0256951
-0.026069
-0.0264623
-0.0268799
-0.027326
-0.0278039
-0.0283162
-0.0288646
-0.0294501
-0.0300729
-0.0307325
-0.0314275
-0.0321558
-0.0329145
-0.0336998
-0.0345072
-0.0353315
-0.0361663
-0.0370047
-0.0378388
-0.0386599
-0.0394585
-0.0402242
-0.0409461
-0.0416123
-0.0422107
-0.0427283
-0.0431523
-0.0434693
-0.0436662
-0.0437303
-0.0436494
-0.0434121
-0.043009
-0.0424324
-0.0416771
-0.0407379
-0.0396093
-0.038291
-0.0367885
-0.0351025
-0.0332501
-0.0312785
-0.0292113
-0.0270498
-0.0248365
-0.022623
-0.0204524
-0.0183691
-0.0164196
-0.0146505
-0.0131063
-0.011827
-0.0108463
-0.0101896
-0.00987263
-0.00990005
-0.0102656
-0.0109524
-0.011933
-0.0131714
-0.0146357
-0.0163277
-0.0182411
-0.0199733
-0.0250296
-0.0255246
-0.026063
-0.0265362
-0.0269598
-0.0273536
-0.0277275
-0.0280892
-0.0284465
-0.0288075
-0.0291798
-0.0295705
-0.0299858
-0.0304314
-0.030912
-0.0314317
-0.0319935
-0.0325998
-0.033252
-0.0339507
-0.0346956
-0.0354856
-0.0363186
-0.0371919
-0.0381015
-0.0390429
-0.0400103
-0.0409972
-0.041996
-0.0429981
-0.043994
-0.0449732
-0.0459243
-0.0468347
-0.0476912
-0.0484799
-0.0491859
-0.049794
-0.0502885
-0.0506537
-0.0508737
-0.0509331
-0.050817
-0.0505116
-0.0500046
-0.0492855
-0.0483459
-0.0471801
-0.0457848
-0.0441592
-0.0423208
-0.0402968
-0.038078
-0.0356678
-0.0331254
-0.0305017
-0.0278281
-0.0251523
-0.022529
-0.0200164
-0.0176741
-0.0155608
-0.0137322
-0.0122377
-0.0111179
-0.0104021
-0.0101063
-0.0102321
-0.0107669
-0.0116832
-0.0129413
-0.0145038
-0.016371
-0.0185329
-0.0205141
-0.0287527
-0.0292309
-0.0297529
-0.0302139
-0.030628
-0.0310141
-0.0313815
-0.0317379
-0.0320916
-0.032451
-0.0328244
-0.0332197
-0.0336441
-0.0341041
-0.0346054
-0.0351529
-0.0357505
-0.0364013
-0.0371073
-0.0378698
-0.0386887
-0.0395634
-0.0404921
-0.0414719
-0.0424993
-0.0435692
-0.044676
-0.0458125
-0.0469709
-0.0481418
-0.0493151
-0.0504792
-0.0516217
-0.0527289
-0.0537861
-0.0547775
-0.0556867
-0.0564963
-0.0571883
-0.0577442
-0.0581456
-0.0583738
-0.0584105
-0.0582383
-0.0578407
-0.0572027
-0.0563115
-0.0551566
-0.0537307
-0.0520302
-0.0500571
-0.0478211
-0.0453469
-0.0426652
-0.039798
-0.036769
-0.0336238
-0.0304185
-0.027216
-0.0240845
-0.0210967
-0.0183269
-0.0158484
-0.0137298
-0.0120312
-0.0108006
-0.0100703
-0.00985523
-0.0101511
-0.010934
-0.0121621
-0.0137935
-0.0158273
-0.0182484
-0.0204985
-0.0326587
-0.033124
-0.0336329
-0.034083
-0.0344868
-0.0348615
-0.0352161
-0.0355582
-0.0358965
-0.0362401
-0.0365984
-0.0369804
-0.0373945
-0.0378487
-0.03835
-0.0389043
-0.0395169
-0.0401917
-0.0409316
-0.0417386
-0.0426134
-0.0435557
-0.044564
-0.0456358
-0.0467673
-0.0479538
-0.049189
-0.0504659
-0.0517759
-0.0531093
-0.0544551
-0.055801
-0.0571334
-0.0584375
-0.0596974
-0.0608958
-0.0620144
-0.0630341
-0.0639345
-0.0646951
-0.0652945
-0.0657112
-0.0659237
-0.0659111
-0.065653
-0.0651305
-0.0643264
-0.0632259
-0.0618173
-0.0600929
-0.0580499
-0.0556913
-0.0530287
-0.0500811
-0.046873
-0.0434374
-0.0398193
-0.0360745
-0.0322692
-0.0284791
-0.0247881
-0.0212855
-0.0180633
-0.0152115
-0.0128139
-0.0109421
-0.00965146
-0.0089762
-0.00892687
-0.00948793
-0.0106191
-0.0122759
-0.0144573
-0.0171423
-0.0196783
-0.0367263
-0.0371874
-0.0376915
-0.0381352
-0.0385288
-0.0388881
-0.0392216
-0.0395368
-0.0398431
-0.0401509
-0.0404711
-0.0408145
-0.0411914
-0.0416116
-0.0420838
-0.042616
-0.0432147
-0.0438852
-0.0446317
-0.0454569
-0.0463623
-0.0473481
-0.0484134
-0.0495557
-0.0507714
-0.0520557
-0.0534023
-0.0548035
-0.0562506
-0.0577332
-0.0592395
-0.0607564
-0.0622695
-0.0637628
-0.0652191
-0.0666197
-0.0679448
-0.0691734
-0.0702834
-0.0712518
-0.072055
-0.0726687
-0.0730685
-0.0732302
-0.0731297
-0.0727442
-0.072052
-0.0710338
-0.0696726
-0.0679554
-0.0658736
-0.0634241
-0.0606109
-0.0574452
-0.0539471
-0.0501467
-0.0460857
-0.0418185
-0.0374126
-0.0329482
-0.0285181
-0.0242252
-0.0201796
-0.0164942
-0.0132791
-0.0106353
-0.0086471
-0.00737607
-0.00685539
-0.00708526
-0.00803278
-0.00965453
-0.0119518
-0.0148972
-0.0177319
-0.0409407
-0.0414133
-0.0419272
-0.0423726
-0.0427576
-0.0430964
-0.043397
-0.0436676
-0.0439187
-0.0441628
-0.0444133
-0.0446835
-0.0449866
-0.0453351
-0.0457402
-0.0462122
-0.0467598
-0.0473899
-0.048108
-0.0489179
-0.049822
-0.0508211
-0.0519146
-0.0531003
-0.0543748
-0.0557329
-0.0571681
-0.0586725
-0.0602365
-0.0618492
-0.0634982
-0.0651694
-0.0668472
-0.0685148
-0.0701535
-0.0717435
-0.0732633
-0.0746904
-0.0760007
-0.0771694
-0.0781705
-0.0789776
-0.0795633
-0.0799005
-0.079962
-0.0797211
-0.0791523
-0.0782316
-0.0769372
-0.0752506
-0.073157
-0.070647
-0.0677171
-0.0643716
-0.0606236
-0.0564967
-0.0520271
-0.0472646
-0.0422745
-0.037138
-0.0319527
-0.0268316
-0.0219004
-0.0172943
-0.0131511
-0.00960462
-0.00677481
-0.00475852
-0.00362108
-0.00338814
-0.00404264
-0.00554878
-0.00791435
-0.0111066
-0.0142477
-0.0452998
-0.0458092
-0.046356
-0.0468161
-0.0471946
-0.0475052
-0.0477559
-0.0479562
-0.0481193
-0.0482611
-0.0483986
-0.0485495
-0.0487309
-0.0489589
-0.0492482
-0.049612
-0.0500628
-0.0506089
-0.051257
-0.052012
-0.0528773
-0.0538544
-0.054943
-0.0561411
-0.057445
-0.0588493
-0.0603471
-0.0619298
-0.0635871
-0.0653074
-0.0670771
-0.0688812
-0.0707032
-0.0725248
-0.0743262
-0.0760861
-0.0777816
-0.0793884
-0.080881
-0.0822324
-0.0834148
-0.0843993
-0.0851564
-0.0856561
-0.0858683
-0.0857631
-0.0853113
-0.0844848
-0.0832575
-0.0816055
-0.0795087
-0.0769511
-0.0739227
-0.0704201
-0.0664488
-0.0620247
-0.057176
-0.0519455
-0.0463929
-0.0405961
-0.0346529
-0.0286815
-0.0228193
-0.01722
-0.0120484
-0.00747264
-0.00365387
-0.000731153
0.00118754
0.00203897
0.00181255
0.000526525
-0.00184082
-0.00525383
-0.00870275
-0.0498247
-0.050409
-0.0510233
-0.051516
-0.0518894
-0.0521585
-0.0523328
-0.0524251
-0.0524534
-0.0524391
-0.0524056
-0.0523764
-0.0523745
-0.0524207
-0.0525324
-0.0527273
-0.0530296
-0.0534434
-0.0539749
-0.0546308
-0.055416
-0.0563328
-0.057381
-0.0585584
-0.059861
-0.0612828
-0.062816
-0.0644512
-0.0661771
-0.0679809
-0.0698479
-0.0717619
-0.073705
-0.0756575
-0.0775983
-0.0795044
-0.0813514
-0.0831135
-0.0847632
-0.0862719
-0.0876097
-0.0887455
-0.0896476
-0.0902836
-0.0906205
-0.0906257
-0.0902665
-0.0895114
-0.0883301
-0.0866945
-0.0845791
-0.0819626
-0.0788284
-0.0751663
-0.0709741
-0.0662593
-0.0610415
-0.0553548
-0.0492504
-0.0427995
-0.0360956
-0.0292565
-0.0224253
-0.0157689
-0.00947447
-0.00374521
0.00120882
0.00521043
0.00809677
0.00975071
0.0101185
0.00918661
0.00690788
0.00331533
-0.000435697
-0.0545755
-0.0552911
-0.056022
-0.0565694
-0.0569347
-0.0571374
-0.0571923
-0.0571191
-0.0569442
-0.0566985
-0.0564147
-0.0561245
-0.055858
-0.055644
-0.055511
-0.0554747
-0.0555583
-0.055786
-0.0561528
-0.056665
-0.057329
-0.0581478
-0.0591212
-0.0602465
-0.0615189
-0.0629312
-0.0644747
-0.0661384
-0.0679099
-0.0697746
-0.0717166
-0.0737179
-0.0757591
-0.077819
-0.0798746
-0.0819015
-0.0838734
-0.0857627
-0.0875401
-0.0891751
-0.0906356
-0.0918886
-0.0929001
-0.0936351
-0.0940583
-0.094134
-0.0938267
-0.0931015
-0.0919246
-0.0902638
-0.0880892
-0.0853745
-0.0820975
-0.0782417
-0.073798
-0.0687659
-0.0631563
-0.0569941
-0.0503207
-0.0431978
-0.0357108
-0.0279723
-0.0201246
-0.0123402
-0.00481889
0.00220437
0.00843111
0.0136928
0.017764
0.0204438
0.0216132
0.021209
0.0191411
0.0154296
0.0113903
-0.0596814
-0.0606101
-0.0615243
-0.0621494
-0.0624898
-0.0625783
-0.0624419
-0.0621137
-0.0616354
-0.0610533
-0.0604137
-0.0597608
-0.0591356
-0.0585912
-0.0581738
-0.057872
-0.0576639
-0.0576049
-0.0577291
-0.0580385
-0.0585338
-0.059215
-0.0600799
-0.0611242
-0.0623408
-0.0637209
-0.0652536
-0.0669261
-0.0687238
-0.0706306
-0.0726282
-0.0746971
-0.0768156
-0.0789608
-0.0811079
-0.0832302
-0.0852999
-0.0872871
-0.0891607
-0.0908879
-0.0924346
-0.0937656
-0.0948442
-0.0956333
-0.0960948
-0.0961903
-0.0958812
-0.0951294
-0.0938975
-0.0921498
-0.0898522
-0.0869739
-0.0834876
-0.0793714
-0.0746096
-0.0691949
-0.06313
-0.0564306
-0.0491285
-0.0412747
-0.0329442
-0.0242406
-0.015301
-0.006299
0.0025629
0.0110632
0.01883
0.0255147
0.031018
0.0350028
0.0372356
0.0375832
0.035891
0.0321474
0.0278431
-0.0653955
-0.0666531
-0.067836
-0.0685515
-0.0688184
-0.0687
-0.0682495
-0.0675258
-0.0665961
-0.0655302
-0.0643954
-0.0632569
-0.0621762
-0.0611909
-0.0603181
-0.0595858
-0.0590408
-0.0586906
-0.0585496
-0.058628
-0.058928
-0.059448
-0.0601839
-0.0611289
-0.0622737
-0.063607
-0.0651154
-0.0667837
-0.0685947
-0.07053
-0.0725689
-0.0746896
-0.0768683
-0.0790798
-0.081297
-0.0834914
-0.0856326
-0.0876889
-0.0896268
-0.0914112
-0.0930059
-0.094373
-0.0954735
-0.0962674
-0.096714
-0.0967717
-0.096399
-0.0955542
-0.0941965
-0.0922862
-0.0897851
-0.0866578
-0.0828724
-0.0784014
-0.0732232
-0.0673238
-0.0606983
-0.0533539
-0.0453124
-0.0366142
-0.0273227
-0.0175297
-0.00736207
0.00301115
0.0133761
0.0234875
0.0330922
0.0416327
0.0488453
0.0545333
0.0581926
0.0595898
0.0584956
0.0548416
0.0503068
-0.0722011
-0.0739453
-0.0754933
-0.076273
-0.076346
-0.0758407
-0.0748627
-0.0735147
-0.0719015
-0.0701223
-0.0682893
-0.0664796
-0.0647665
-0.0631913
-0.0617891
-0.0606061
-0.0596717
-0.0589833
-0.0585472
-0.0583711
-0.0584566
-0.0588006
-0.0593962
-0.0602333
-0.0612997
-0.0625806
-0.0640595
-0.0657181
-0.0675363
-0.0694926
-0.0715638
-0.0737254
-0.075951
-0.0782131
-0.0804821
-0.0827272
-0.0849158
-0.0870137
-0.088985
-0.0907925
-0.0923972
-0.0937588
-0.0948355
-0.0955846
-0.095962
-0.0959233
-0.0954232
-0.0944166
-0.0928585
-0.090705
-0.0879134
-0.0844432
-0.0802572
-0.0753219
-0.0696093
-0.0630981
-0.0557755
-0.0476394
-0.0387012
-0.0289896
-0.0185547
-0.00747427
0.00413921
0.0161295
0.0282871
0.0403446
0.0519814
0.0628296
0.0722437
0.0800646
0.0858767
0.0888567
0.0887133
0.0853344
0.080622
-0.0810263
-0.083454
-0.085438
-0.0861453
-0.0857465
-0.0845028
-0.0826174
-0.0802575
-0.0776055
-0.0748017
-0.0720261
-0.0693872
-0.0669167
-0.0646504
-0.062647
-0.0609474
-0.0595524
-0.0584649
-0.0576921
-0.0572362
-0.0570935
-0.0572551
-0.0577089
-0.0584402
-0.0594316
-0.0606642
-0.0621173
-0.0637687
-0.0655949
-0.067571
-0.0696708
-0.0718669
-0.0741303
-0.0764306
-0.0787361
-0.0810134
-0.0832275
-0.0853419
-0.0873183
-0.089117
-0.0906966
-0.092014
-0.0930247
-0.093683
-0.0939417
-0.0937529
-0.0930676
-0.0918366
-0.0900106
-0.0875406
-0.0843787
-0.0804786
-0.0757964
-0.0702916
-0.0639279
-0.0566751
-0.0485101
-0.0394193
-0.029401
-0.0184685
-0.00665507
0.00598097
0.0193478
0.0333101
0.0476767
0.0621857
0.0764913
0.090147
0.102611
0.113164
0.121615
0.127335
0.128902
0.126171
0.121393
-0.0937001
-0.0969902
-0.0993279
-0.0995383
-0.0980558
-0.095404
-0.0919827
-0.0880877
-0.084008
-0.0799594
-0.0759579
-0.07214
-0.0686294
-0.0654898
-0.0627548
-0.06044
-0.0585322
-0.0570185
-0.0558972
-0.0551615
-0.0547985
-0.0547912
-0.05512
-0.0557631
-0.0566972
-0.0578978
-0.0593393
-0.0609952
-0.062838
-0.0648393
-0.0669698
-0.069199
-0.0714952
-0.0738256
-0.0761559
-0.0784505
-0.0806722
-0.0827822
-0.08474
-0.0865035
-0.088029
-0.0892709
-0.0901821
-0.0907138
-0.0908159
-0.0904369
-0.0895242
-0.0880242
-0.0858827
-0.0830455
-0.0794586
-0.0750687
-0.0698238
-0.0636744
-0.0565736
-0.0484791
-0.0393537
-0.0291676
-0.0179
-0.00554223
0.00789831
0.0223927
0.0378827
0.0542694
0.0713981
0.089038
0.106858
0.124402
0.141056
0.156005
0.168264
0.177391
0.182268
0.181148
0.176672
-0.114048
-0.118095
-0.120168
-0.118736
-0.114851
-0.109603
-0.10363
-0.0973564
-0.0910067
-0.084889
-0.0792435
-0.0740944
-0.0694649
-0.0653893
-0.0618693
-0.0588897
-0.0564342
-0.0544901
-0.0530378
-0.0520523
-0.0515061
-0.05137
-0.0516139
-0.0522075
-0.05312
-0.0543205
-0.055778
-0.0574615
-0.0593393
-0.0613798
-0.0635505
-0.0658181
-0.0681487
-0.0705072
-0.0728572
-0.0751612
-0.07738
-0.0794731
-0.081398
-0.0831109
-0.0845658
-0.0857153
-0.0865099
-0.0868983
-0.0868278
-0.0862436
-0.0850895
-0.0833079
-0.0808399
-0.0776259
-0.0736051
-0.0687164
-0.0628989
-0.0560916
-0.0482348
-0.03927
-0.0291413
-0.0177956
-0.00518487
0.00873279
0.0239897
0.0406046
0.0585754
0.0778689
0.0984041
0.120028
0.142479
0.165344
0.187993
0.20953
0.228746
0.243977
0.253795
0.256454
0.253521
-0.149975
-0.153445
-0.152951
-0.146941
-0.137723
-0.127186
-0.116441
-0.106269
-0.0970412
-0.0886589
-0.0811202
-0.07445
-0.0686247
-0.0636156
-0.0593374
-0.0557263
-0.0527906
-0.0505046
-0.0488181
-0.0476808
-0.047046
-0.04687
-0.0471105
-0.0477277
-0.0486831
-0.0499396
-0.0514612
-0.0532127
-0.0551594
-0.0572666
-0.0594996
-0.0618231
-0.0642016
-0.0665983
-0.0689756
-0.0712945
-0.0735149
-0.0755948
-0.0774907
-0.0791576
-0.0805482
-0.0816135
-0.0823026
-0.0825626
-0.0823385
-0.0815734
-0.0802081
-0.0781812
-0.0754301
-0.0718901
-0.0674942
-0.0621737
-0.0558577
-0.0484735
-0.0399462
-0.0301988
-0.0191517
-0.00672244
0.00717397
0.0226256
0.0397229
0.0585574
0.0792179
0.101784
0.126314
0.152818
0.181223
0.211303
0.242589
0.274234
0.304805
0.332016
0.352235
0.362246
0.364109
-0.219914
-0.216905
-0.205855
-0.187244
-0.166325
-0.146939
-0.12984
-0.114766
-0.101571
-0.0901762
-0.0804181
-0.072147
-0.0651294
-0.0591466
-0.0541596
-0.0501329
-0.0469719
-0.0445805
-0.0428735
-0.0417767
-0.0412249
-0.0411597
-0.0415284
-0.042283
-0.0433791
-0.0447755
-0.0464329
-0.0483139
-0.0503818
-0.052601
-0.0549356
-0.0573499
-0.0598076
-0.0622716
-0.0647039
-0.0670655
-0.0693156
-0.0714123
-0.0733117
-0.0749684
-0.0763347
-0.0773613
-0.0779966
-0.0781869
-0.0778764
-0.0770068
-0.0755163
-0.0733422
-0.0704199
-0.0666805
-0.0620517
-0.0564585
-0.0498216
-0.0420576
-0.0330773
-0.0227851
-0.0110768
0.00216167
0.0170576
0.0337542
0.052415
0.0732282
0.0964109
0.122213
0.150915
0.182821
0.218228
0.257364
0.300262
0.346523
0.394882
0.442505
0.484237
0.51311
0.52807
-0.39843
-0.342089
-0.278367
-0.226063
-0.186435
-0.155196
-0.130138
-0.110026
-0.0938468
-0.080729
-0.0699421
-0.0610142
-0.0537302
-0.0479078
-0.0433105
-0.0397523
-0.0370844
-0.0351859
-0.0339575
-0.0333167
-0.0331933
-0.0335269
-0.0342647
-0.0353595
-0.0367685
-0.0384522
-0.0403732
-0.042496
-0.0447859
-0.0472087
-0.0497304
-0.0523167
-0.0549324
-0.057542
-0.0601085
-0.0625938
-0.0649583
-0.0671608
-0.0691583
-0.0709061
-0.0723575
-0.0734637
-0.0741738
-0.0744363
-0.0742011
-0.0733991
-0.0719549
-0.0698208
-0.0669419
-0.0632413
-0.0586416
-0.0530647
-0.0464277
-0.0386407
-0.0296062
-0.0192162
-0.00735028
0.00612884
0.0213804
0.0385927
0.0579928
0.0798594
0.10454
0.132475
0.164221
0.20049
0.242171
0.290342
0.346205
0.410861
0.484835
0.567838
0.65961
0.757928
0.841204
-1.00032
-0.667428
-0.435846
-0.305198
-0.224032
-0.167918
-0.127936
-0.0992971
-0.0784997
-0.0631568
-0.0517572
-0.0432378
-0.0368359
-0.0320488
-0.0285216
-0.0260027
-0.0243111
-0.0233125
-0.0229042
-0.0230055
-0.0235513
-0.0244878
-0.0257692
-0.0273551
-0.0292092
-0.0312979
-0.0335893
-0.0360524
-0.0386569
-0.0413723
-0.0441679
-0.0470123
-0.0498732
-0.0527172
-0.0555096
-0.0582142
-0.0607932
-0.0632071
-0.0654143
-0.0673715
-0.0690331
-0.0703512
-0.0712744
-0.0717502
-0.0717536
-0.0712155
-0.0700075
-0.0681134
-0.0655114
-0.0620988
-0.0577954
-0.0525262
-0.04621
-0.0387567
-0.0300675
-0.0200323
-0.00852619
0.00459597
0.0195067
0.0364169
0.0555917
0.0773744
0.102222
0.130761
0.163868
0.202801
0.249386
0.306301
0.37744
0.468214
0.585397
0.737323
0.940657
1.23287
1.60645
)
;

boundaryField
{
    movingWall
    {
        type            zeroGradient;
    }
    fixedWalls
    {
        type            zeroGradient;
    }
    frontAndBack
    {
        type            empty;
    }
}


// ************************************************************************* //
