/*--------------------------------*- C++ -*----------------------------------*\
  =========                 |
  \\      /  F ield         | OpenFOAM: The Open Source CFD Toolbox
   \\    /   O peration     | Website:  https://openfoam.org
    \\  /    A nd           | Version:  12
     \\/     M anipulation  |
\*---------------------------------------------------------------------------*/
FoamFile
{
    format      ascii;
    class       volScalarField;
    location    "7.5";
    object      k;
}
// * * * * * * * * * * * * * * * * * * * * * * * * * * * * * * * * * * * * * //

dimensions      [0 2 -2 0 0 0 0];

internalField   nonuniform List<scalar> 
5625
(
3.57801e-15
2.41846e-14
5.36404e-14
8.83098e-14
1.26328e-13
1.66412e-13
2.07566e-13
2.48987e-13
2.90026e-13
3.30173e-13
3.69044e-13
4.06381e-13
4.42043e-13
4.75997e-13
5.08307e-13
5.39119e-13
5.68646e-13
5.97152e-13
6.24933e-13
6.52306e-13
6.7959e-13
7.07103e-13
7.35146e-13
7.64004e-13
7.93939e-13
8.25191e-13
8.57973e-13
8.92478e-13
9.28873e-13
9.67305e-13
1.0079e-12
1.05076e-12
1.09597e-12
1.14359e-12
1.19366e-12
1.24619e-12
1.30116e-12
1.35852e-12
1.41817e-12
1.47996e-12
1.54369e-12
1.60907e-12
1.67574e-12
1.74321e-12
1.8109e-12
1.87806e-12
1.94379e-12
2.00703e-12
2.06651e-12
2.12075e-12
2.1681e-12
2.20665e-12
2.23415e-12
2.24768e-12
2.24851e-12
2.23271e-12
2.19826e-12
2.14394e-12
2.06918e-12
1.97413e-12
1.85975e-12
1.72792e-12
1.58142e-12
1.42378e-12
1.25912e-12
1.09183e-12
9.26241e-13
7.66314e-13
6.15365e-13
4.75917e-13
3.49707e-13
2.37903e-13
1.41621e-13
6.3094e-14
9.3106e-15
2.70376e-14
2.15363e-13
4.81271e-13
7.93644e-13
1.13601e-12
1.49687e-12
1.86732e-12
2.24012e-12
2.60946e-12
2.97074e-12
3.32051e-12
3.65645e-12
3.97729e-12
4.28274e-12
4.57338e-12
4.85053e-12
5.1161e-12
5.37248e-12
5.62234e-12
5.86851e-12
6.1139e-12
6.36133e-12
6.61355e-12
6.8731e-12
7.14235e-12
7.42344e-12
7.71831e-12
8.02868e-12
8.35606e-12
8.70177e-12
9.06693e-12
9.45247e-12
9.85916e-12
1.02875e-11
1.07379e-11
1.12105e-11
1.1705e-11
1.2221e-11
1.27577e-11
1.33136e-11
1.38869e-11
1.44752e-11
1.5075e-11
1.56822e-11
1.62912e-11
1.68956e-11
1.74873e-11
1.80565e-11
1.8592e-11
1.90805e-11
1.9507e-11
1.98545e-11
2.01028e-11
2.02244e-11
2.02316e-11
2.00887e-11
1.97778e-11
1.92882e-11
1.86146e-11
1.77585e-11
1.67285e-11
1.55418e-11
1.42231e-11
1.28044e-11
1.13228e-11
9.8176e-12
8.32791e-12
6.88929e-12
5.53152e-12
4.27725e-12
3.14204e-12
2.13625e-12
1.26965e-12
5.61436e-13
7.03152e-14
5.73998e-14
4.9155e-13
1.10565e-12
1.82712e-12
2.61771e-12
3.45087e-12
4.30601e-12
5.16648e-12
6.01882e-12
6.85241e-12
7.65932e-12
8.4342e-12
9.17413e-12
9.87845e-12
1.05485e-11
1.11874e-11
1.17996e-11
1.23905e-11
1.29664e-11
1.35339e-11
1.40997e-11
1.46703e-11
1.52519e-11
1.58507e-11
1.64719e-11
1.71205e-11
1.78011e-11
1.85176e-11
1.92734e-11
2.00717e-11
2.0915e-11
2.18055e-11
2.27449e-11
2.37345e-11
2.47751e-11
2.58669e-11
2.70095e-11
2.82018e-11
2.94417e-11
3.07261e-11
3.20507e-11
3.34096e-11
3.4795e-11
3.61969e-11
3.7603e-11
3.89979e-11
4.03628e-11
4.16754e-11
4.29093e-11
4.40341e-11
4.50152e-11
4.58137e-11
4.63824e-11
4.66555e-11
4.66709e-11
4.63382e-11
4.56174e-11
4.4484e-11
4.29264e-11
4.09477e-11
3.85682e-11
3.5827e-11
3.27819e-11
2.95066e-11
2.60867e-11
2.26134e-11
1.91769e-11
1.58592e-11
1.27291e-11
9.83844e-12
7.22292e-12
4.90594e-12
2.90963e-12
1.27834e-12
1.48906e-13
9.38304e-14
8.23503e-13
1.86129e-12
3.08212e-12
4.4202e-12
5.83027e-12
7.27734e-12
8.73317e-12
1.0175e-11
1.15847e-11
1.2949e-11
1.42589e-11
1.55093e-11
1.66993e-11
1.78312e-11
1.89102e-11
1.9944e-11
2.0942e-11
2.19146e-11
2.28732e-11
2.3829e-11
2.47932e-11
2.57764e-11
2.67888e-11
2.78395e-11
2.89369e-11
3.00887e-11
3.13014e-11
3.2581e-11
3.39328e-11
3.53609e-11
3.68692e-11
3.84605e-11
4.01368e-11
4.18996e-11
4.37491e-11
4.56845e-11
4.77039e-11
4.98036e-11
5.19782e-11
5.42203e-11
5.65195e-11
5.88628e-11
6.1233e-11
6.36091e-11
6.59648e-11
6.82685e-11
7.04823e-11
7.2562e-11
7.44562e-11
7.61068e-11
7.7449e-11
7.84017e-11
7.88501e-11
7.88735e-11
7.83065e-11
7.70829e-11
7.51624e-11
7.2525e-11
6.91755e-11
6.51481e-11
6.05086e-11
5.53547e-11
4.98116e-11
4.40245e-11
3.81487e-11
3.23372e-11
2.67296e-11
2.1442e-11
1.65621e-11
1.21493e-11
8.24226e-12
4.87795e-12
2.13274e-12
2.42375e-13
1.35188e-13
1.19835e-12
2.71793e-12
4.5087e-12
6.47253e-12
8.54219e-12
1.0666e-11
1.28023e-11
1.49174e-11
1.69851e-11
1.89855e-11
2.09055e-11
2.27377e-11
2.44808e-11
2.61384e-11
2.77182e-11
2.92317e-11
3.06928e-11
3.21169e-11
3.35207e-11
3.49209e-11
3.63339e-11
3.77754e-11
3.92602e-11
4.08017e-11
4.24124e-11
4.41034e-11
4.58843e-11
4.7764e-11
4.97498e-11
5.18481e-11
5.40643e-11
5.64024e-11
5.88655e-11
6.14552e-11
6.41718e-11
6.70138e-11
6.9978e-11
7.30589e-11
7.62481e-11
7.95342e-11
8.29019e-11
8.63315e-11
8.97978e-11
9.32697e-11
9.67087e-11
1.00069e-10
1.03295e-10
1.06322e-10
1.09078e-10
1.11477e-10
1.13426e-10
1.14805e-10
1.15443e-10
1.15476e-10
1.14643e-10
1.12851e-10
1.10039e-10
1.06178e-10
1.01273e-10
9.53718e-11
8.85707e-11
8.1012e-11
7.288e-11
6.43892e-11
5.57695e-11
4.72474e-11
3.90291e-11
3.12858e-11
2.4146e-11
1.76955e-11
1.19897e-11
7.08186e-12
3.08528e-12
3.47114e-13
1.80674e-13
1.60917e-12
3.65871e-12
6.07844e-12
8.73389e-12
1.1533e-11
1.44053e-11
1.7294e-11
2.01535e-11
2.29479e-11
2.56505e-11
2.82433e-11
3.07167e-11
3.30689e-11
3.53049e-11
3.74357e-11
3.94767e-11
4.1447e-11
4.33678e-11
4.52618e-11
4.71516e-11
4.90595e-11
5.10069e-11
5.30136e-11
5.5098e-11
5.72768e-11
5.95648e-11
6.19752e-11
6.45196e-11
6.72081e-11
7.00489e-11
7.3049e-11
7.62137e-11
7.95466e-11
8.30496e-11
8.67226e-11
9.05631e-11
9.4566e-11
9.8723e-11
1.03023e-10
1.07448e-10
1.11979e-10
1.16588e-10
1.2124e-10
1.25894e-10
1.30499e-10
1.34993e-10
1.39302e-10
1.43344e-10
1.47018e-10
1.50216e-10
1.52815e-10
1.54648e-10
1.55489e-10
1.55536e-10
1.54422e-10
1.52019e-10
1.48248e-10
1.43062e-10
1.36467e-10
1.28523e-10
1.19356e-10
1.09158e-10
9.81777e-11
8.6708e-11
7.50627e-11
6.35524e-11
5.24588e-11
4.20157e-11
3.23968e-11
2.3717e-11
1.6049e-11
9.46302e-12
4.11168e-12
4.60392e-13
2.29777e-13
2.05176e-12
4.67332e-12
7.77355e-12
1.11784e-11
1.47687e-11
1.84527e-11
2.21574e-11
2.58236e-11
2.94051e-11
3.28675e-11
3.61878e-11
3.93537e-11
4.23632e-11
4.52229e-11
4.79473e-11
5.05566e-11
5.30756e-11
5.55318e-11
5.79544e-11
6.03727e-11
6.28156e-11
6.53102e-11
6.78822e-11
7.0555e-11
7.33498e-11
7.62855e-11
7.93789e-11
8.26444e-11
8.60947e-11
8.97399e-11
9.35886e-11
9.76468e-11
1.01919e-10
1.06405e-10
1.11106e-10
1.16017e-10
1.2113e-10
1.26433e-10
1.31911e-10
1.37542e-10
1.43298e-10
1.49143e-10
1.55036e-10
1.60921e-10
1.66736e-10
1.72403e-10
1.77833e-10
1.8292e-10
1.87544e-10
1.91567e-10
1.9484e-10
1.97149e-10
1.98206e-10
1.98279e-10
1.96885e-10
1.93856e-10
1.89087e-10
1.82517e-10
1.74142e-10
1.64035e-10
1.5235e-10
1.3933e-10
1.25296e-10
1.10623e-10
9.57203e-11
8.09905e-11
6.68007e-11
5.34542e-11
4.11753e-11
3.01103e-11
2.03495e-11
1.19803e-11
5.19483e-12
5.8024e-13
2.82167e-13
2.52344e-12
5.75511e-12
9.58239e-12
1.37891e-11
1.82262e-11
2.27795e-11
2.73577e-11
3.18873e-11
3.63104e-11
4.05845e-11
4.46809e-11
4.85849e-11
5.2294e-11
5.58171e-11
5.91723e-11
6.23853e-11
6.54871e-11
6.85123e-11
7.14972e-11
7.44782e-11
7.7491e-11
8.05695e-11
8.37449e-11
8.70462e-11
9.04993e-11
9.41272e-11
9.79502e-11
1.01986e-10
1.06248e-10
1.10751e-10
1.15501e-10
1.20507e-10
1.25773e-10
1.31297e-10
1.37079e-10
1.43111e-10
1.49382e-10
1.55876e-10
1.62573e-10
1.69444e-10
1.76454e-10
1.83561e-10
1.90712e-10
1.97843e-10
2.04877e-10
2.11725e-10
2.1828e-10
2.24418e-10
2.29996e-10
2.34854e-10
2.3881e-10
2.41612e-10
2.42901e-10
2.43015e-10
2.41356e-10
2.37704e-10
2.3193e-10
2.23947e-10
2.13743e-10
2.01395e-10
1.8709e-10
1.71119e-10
1.53875e-10
1.35827e-10
1.17482e-10
9.93457e-11
8.18787e-11
6.54611e-11
5.03731e-11
3.67956e-11
2.48374e-11
1.46028e-11
6.32186e-12
7.05134e-13
3.37631e-13
3.0224e-12
6.89969e-12
1.14972e-11
1.65541e-11
2.18899e-11
2.73659e-11
3.28711e-11
3.83161e-11
4.36311e-11
4.87642e-11
5.36811e-11
5.8364e-11
6.28107e-11
6.70321e-11
7.1051e-11
7.48987e-11
7.86133e-11
8.22368e-11
8.58133e-11
8.9387e-11
9.30007e-11
9.6695e-11
1.00508e-10
1.04473e-10
1.08621e-10
1.12979e-10
1.17572e-10
1.22418e-10
1.27535e-10
1.32936e-10
1.38631e-10
1.44627e-10
1.50925e-10
1.57525e-10
1.64421e-10
1.71604e-10
1.79057e-10
1.86762e-10
1.94689e-10
2.02806e-10
2.11071e-10
2.19432e-10
2.27828e-10
2.36187e-10
2.4442e-10
2.52427e-10
2.60087e-10
2.67259e-10
2.73781e-10
2.79466e-10
2.84107e-10
2.87411e-10
2.88948e-10
2.89121e-10
2.87218e-10
2.8296e-10
2.76187e-10
2.66789e-10
2.54737e-10
2.40113e-10
2.23128e-10
2.04126e-10
1.83572e-10
1.62029e-10
1.40109e-10
1.18426e-10
9.75411e-11
7.79192e-11
5.99023e-11
4.37097e-11
2.94707e-11
1.73062e-11
7.48264e-12
8.339e-13
3.96026e-13
3.54744e-12
8.10411e-12
1.35127e-11
1.94657e-11
2.5749e-11
3.2198e-11
3.86805e-11
4.50902e-11
5.13438e-11
5.73798e-11
6.31578e-11
6.8657e-11
7.38752e-11
7.88261e-11
8.35374e-11
8.80469e-11
9.24002e-11
9.66476e-11
1.00841e-10
1.05034e-10
1.09275e-10
1.13613e-10
1.18091e-10
1.2275e-10
1.27625e-10
1.32746e-10
1.38141e-10
1.43831e-10
1.49835e-10
1.56166e-10
1.62835e-10
1.69847e-10
1.77202e-10
1.84897e-10
1.92922e-10
2.01264e-10
2.09902e-10
2.1881e-10
2.27956e-10
2.37298e-10
2.46789e-10
2.5637e-10
2.65973e-10
2.75518e-10
2.84908e-10
2.94033e-10
3.0276e-10
3.10934e-10
3.18374e-10
3.2487e-10
3.30186e-10
3.33995e-10
3.35791e-10
3.36034e-10
3.33907e-10
3.29061e-10
3.21307e-10
3.10505e-10
2.96612e-10
2.79708e-10
2.60029e-10
2.37965e-10
2.14054e-10
1.88952e-10
1.63377e-10
1.38055e-10
1.13653e-10
9.07278e-11
6.96893e-11
5.08011e-11
3.42156e-11
2.00714e-11
8.66904e-12
9.65609e-13
4.57256e-13
4.09776e-12
9.36645e-12
1.56254e-11
2.25184e-11
2.97962e-11
3.72664e-11
4.47742e-11
5.2195e-11
5.94315e-11
6.64116e-11
7.30882e-11
7.94376e-11
8.54577e-11
9.11658e-11
9.65946e-11
1.01789e-10
1.06804e-10
1.11697e-10
1.16529e-10
1.21362e-10
1.26253e-10
1.31258e-10
1.36427e-10
1.41805e-10
1.47431e-10
1.5334e-10
1.59562e-10
1.6612e-10
1.73033e-10
1.80315e-10
1.87976e-10
1.96017e-10
2.04437e-10
2.13229e-10
2.2238e-10
2.31869e-10
2.41672e-10
2.51757e-10
2.62086e-10
2.72611e-10
2.83279e-10
2.94026e-10
3.04779e-10
3.15452e-10
3.25943e-10
3.36132e-10
3.45877e-10
3.55011e-10
3.63335e-10
3.70616e-10
3.76588e-10
3.80892e-10
3.82944e-10
3.83262e-10
3.80919e-10
3.75497e-10
3.66777e-10
3.54593e-10
3.38882e-10
3.19725e-10
2.97375e-10
2.72267e-10
2.45006e-10
2.16334e-10
1.87077e-10
1.58072e-10
1.30095e-10
1.038e-10
7.96726e-11
5.80276e-11
3.9045e-11
2.28828e-11
9.8745e-12
1.09951e-12
5.21258e-13
4.67283e-12
1.06855e-11
1.78331e-11
2.57088e-11
3.40266e-11
4.25645e-11
5.11438e-11
5.96206e-11
6.78819e-11
7.58446e-11
8.34545e-11
9.06849e-11
9.75343e-11
1.04024e-10
1.10191e-10
1.16091e-10
1.21785e-10
1.27341e-10
1.3283e-10
1.38321e-10
1.43881e-10
1.49572e-10
1.5545e-10
1.61565e-10
1.67962e-10
1.74678e-10
1.81744e-10
1.89185e-10
1.97021e-10
2.05263e-10
2.13919e-10
2.2299e-10
2.32469e-10
2.42345e-10
2.526e-10
2.63208e-10
2.7414e-10
2.85357e-10
2.96816e-10
3.08466e-10
3.20248e-10
3.32095e-10
3.43931e-10
3.55666e-10
3.67193e-10
3.78387e-10
3.89098e-10
3.99145e-10
4.08312e-10
4.16343e-10
4.22942e-10
4.27712e-10
4.3e-10
4.30384e-10
4.27816e-10
4.21817e-10
4.12143e-10
3.98601e-10
3.8111e-10
3.59749e-10
3.34787e-10
3.06694e-10
2.76137e-10
2.43939e-10
2.11022e-10
1.78334e-10
1.46762e-10
1.17061e-10
8.98012e-11
6.5355e-11
4.39371e-11
2.57281e-11
1.10938e-11
1.23502e-12
5.87996e-13
5.27237e-12
1.20605e-11
2.01345e-11
2.90349e-11
3.84369e-11
4.80881e-11
5.7784e-11
6.73597e-11
7.66858e-11
8.56673e-11
9.42425e-11
1.02382e-10
1.10084e-10
1.17375e-10
1.243e-10
1.30921e-10
1.37309e-10
1.43542e-10
1.49701e-10
1.55865e-10
1.62107e-10
1.68498e-10
1.75099e-10
1.81966e-10
1.89146e-10
1.96679e-10
2.04599e-10
2.1293e-10
2.2169e-10
2.30891e-10
2.40537e-10
2.50624e-10
2.61143e-10
2.72076e-10
2.834e-10
2.95086e-10
3.07096e-10
3.19389e-10
3.31916e-10
3.44624e-10
3.57451e-10
3.70328e-10
3.83177e-10
3.95906e-10
4.08407e-10
4.20548e-10
4.3217e-10
4.4308e-10
4.53044e-10
4.61781e-10
4.68964e-10
4.74151e-10
4.76637e-10
4.77059e-10
4.74237e-10
4.67648e-10
4.57022e-10
4.42145e-10
4.22921e-10
3.99424e-10
3.71935e-10
3.40955e-10
3.07198e-10
2.71559e-10
2.35049e-10
1.98719e-10
1.63566e-10
1.30451e-10
1.00034e-10
7.27563e-11
4.88751e-11
2.85977e-11
1.23228e-11
1.37167e-12
6.57451e-13
5.8962e-12
1.3491e-11
2.25289e-11
3.24953e-11
4.30256e-11
5.38345e-11
6.46908e-11
7.5407e-11
8.58361e-11
9.58704e-11
1.0544e-10
1.14513e-10
1.2309e-10
1.31199e-10
1.38896e-10
1.46249e-10
1.53342e-10
1.60263e-10
1.67102e-10
1.73947e-10
1.80881e-10
1.87981e-10
1.95314e-10
2.0294e-10
2.1091e-10
2.19265e-10
2.2804e-10
2.37259e-10
2.46939e-10
2.57087e-10
2.67706e-10
2.78786e-10
2.90315e-10
3.02268e-10
3.14618e-10
3.27329e-10
3.4036e-10
3.53666e-10
3.67196e-10
3.80893e-10
3.94696e-10
4.08535e-10
4.22332e-10
4.35995e-10
4.49411e-10
4.62444e-10
4.74926e-10
4.86648e-10
4.97357e-10
5.06747e-10
5.1446e-10
5.19993e-10
5.22619e-10
5.23039e-10
5.19912e-10
5.12702e-10
5.01117e-10
4.84926e-10
4.6402e-10
4.38469e-10
4.0856e-10
3.74815e-10
3.37987e-10
2.99027e-10
2.59026e-10
2.19127e-10
1.80436e-10
1.43919e-10
1.10338e-10
8.02111e-11
5.38462e-11
3.14845e-11
1.35583e-11
1.50909e-12
7.29616e-13
6.54428e-12
1.49771e-11
2.5016e-11
3.60896e-11
4.77915e-11
5.98023e-11
7.18618e-11
8.37588e-11
9.53274e-11
1.06446e-10
1.17037e-10
1.27066e-10
1.36533e-10
1.45475e-10
1.53952e-10
1.62047e-10
1.69851e-10
1.77466e-10
1.8499e-10
1.92522e-10
2.00153e-10
2.07967e-10
2.16035e-10
2.24423e-10
2.33183e-10
2.42359e-10
2.51984e-10
2.62081e-10
2.72667e-10
2.83744e-10
2.95311e-10
3.07354e-10
3.19854e-10
3.32784e-10
3.46109e-10
3.59791e-10
3.73785e-10
3.88041e-10
4.02509e-10
4.17132e-10
4.31849e-10
4.46592e-10
4.61282e-10
4.75826e-10
4.90109e-10
5.03988e-10
5.17281e-10
5.29765e-10
5.41163e-10
5.51144e-10
5.5932e-10
5.65111e-10
5.67802e-10
5.68168e-10
5.64664e-10
5.56792e-10
5.44232e-10
5.26742e-10
5.04206e-10
4.76687e-10
4.44474e-10
4.08103e-10
3.68353e-10
3.26218e-10
2.82851e-10
2.39483e-10
1.97317e-10
1.57432e-10
1.20692e-10
8.77051e-11
5.88418e-11
3.43833e-11
1.47982e-11
1.64705e-12
8.04494e-13
7.21665e-12
1.65186e-11
2.75958e-11
3.98177e-11
5.27344e-11
6.59905e-11
7.92954e-11
9.24122e-11
1.05155e-10
1.17387e-10
1.29024e-10
1.40025e-10
1.50397e-10
1.6018e-10
1.69446e-10
1.78286e-10
1.86805e-10
1.95114e-10
2.03326e-10
2.11546e-10
2.19875e-10
2.28401e-10
2.37204e-10
2.46351e-10
2.55897e-10
2.65885e-10
2.7635e-10
2.87312e-10
2.98783e-10
3.10764e-10
3.23249e-10
3.36219e-10
3.4965e-10
3.63509e-10
3.77759e-10
3.92358e-10
4.07257e-10
4.22408e-10
4.37759e-10
4.53255e-10
4.68837e-10
4.84437e-10
4.9998e-10
5.15367e-10
5.3048e-10
5.45165e-10
5.59227e-10
5.72423e-10
5.84452e-10
5.94956e-10
6.0352e-10
6.0947e-10
6.12143e-10
6.12387e-10
6.08424e-10
5.99836e-10
5.86279e-10
5.67498e-10
5.43376e-10
5.13972e-10
4.79572e-10
4.40718e-10
3.98202e-10
3.53047e-10
3.06458e-10
2.59733e-10
2.14173e-10
1.70963e-10
1.3108e-10
9.52299e-11
6.38567e-11
3.72913e-11
1.60411e-11
1.78538e-12
8.82092e-13
7.91337e-12
1.81158e-11
3.02686e-11
4.36799e-11
5.78544e-11
7.23989e-11
8.69904e-11
1.01365e-10
1.15314e-10
1.28687e-10
1.41389e-10
1.53379e-10
1.64665e-10
1.75295e-10
1.85351e-10
1.94936e-10
2.04169e-10
2.13172e-10
2.22068e-10
2.30973e-10
2.39996e-10
2.49232e-10
2.58765e-10
2.68664e-10
2.78986e-10
2.89776e-10
3.01064e-10
3.12871e-10
3.25204e-10
3.38062e-10
3.51431e-10
3.6529e-10
3.7961e-10
3.94354e-10
4.09482e-10
4.24949e-10
4.40706e-10
4.56706e-10
4.72897e-10
4.89228e-10
5.05642e-10
5.22072e-10
5.38441e-10
5.54649e-10
5.70568e-10
5.86031e-10
6.00826e-10
6.14686e-10
6.27287e-10
6.38244e-10
6.47114e-10
6.53124e-10
6.55701e-10
6.55736e-10
6.51228e-10
6.41862e-10
6.27275e-10
6.07203e-10
5.81528e-10
5.50309e-10
5.13828e-10
4.72622e-10
4.27491e-10
3.79474e-10
3.29807e-10
2.79849e-10
2.30983e-10
1.84501e-10
1.41496e-10
1.02782e-10
6.88892e-11
4.02071e-11
1.72862e-11
1.924e-12
9.62423e-13
8.63455e-12
1.9769e-11
3.30347e-11
4.76766e-11
6.31517e-11
7.90272e-11
9.49456e-11
1.10613e-10
1.25799e-10
1.40337e-10
1.54122e-10
1.67112e-10
1.79318e-10
1.90797e-10
2.01641e-10
2.11968e-10
2.21909e-10
2.316e-10
2.41174e-10
2.50759e-10
2.6047e-10
2.70409e-10
2.80662e-10
2.91304e-10
3.0239e-10
3.13966e-10
3.2606e-10
3.38689e-10
3.5186e-10
3.65563e-10
3.79784e-10
3.94497e-10
4.09668e-10
4.25258e-10
4.41224e-10
4.5752e-10
4.74101e-10
4.90918e-10
5.07925e-10
5.25071e-10
5.42302e-10
5.59553e-10
5.76742e-10
5.93763e-10
6.10476e-10
6.267e-10
6.422e-10
6.56684e-10
6.69802e-10
6.81141e-10
6.90232e-10
6.96202e-10
6.98654e-10
6.98345e-10
6.93216e-10
6.83005e-10
6.67348e-10
6.45968e-10
6.18757e-10
5.85771e-10
5.47289e-10
5.03844e-10
4.56231e-10
4.05495e-10
3.5289e-10
2.99819e-10
2.47739e-10
1.98042e-10
1.51939e-10
1.10362e-10
7.39403e-11
4.31313e-11
1.85336e-11
2.06291e-12
1.0455e-12
9.38031e-12
2.14783e-11
3.58946e-11
5.18081e-11
6.86266e-11
8.58753e-11
1.0316e-10
1.20156e-10
1.36607e-10
1.5233e-10
1.67212e-10
1.81209e-10
1.94336e-10
2.06661e-10
2.18289e-10
2.2935e-10
2.39991e-10
2.50361e-10
2.60605e-10
2.7086e-10
2.81249e-10
2.9188e-10
3.02844e-10
3.14216e-10
3.26052e-10
3.38397e-10
3.51278e-10
3.64709e-10
3.78691e-10
3.93214e-10
4.08257e-10
4.23792e-10
4.39782e-10
4.56188e-10
4.72964e-10
4.90066e-10
5.0745e-10
5.25072e-10
5.42887e-10
5.60849e-10
5.78903e-10
5.96984e-10
6.15004e-10
6.32848e-10
6.5036e-10
6.67339e-10
6.83526e-10
6.98603e-10
7.12191e-10
7.2385e-10
7.33087e-10
7.38933e-10
7.4122e-10
7.40449e-10
7.34623e-10
7.235e-10
7.0672e-10
6.84001e-10
6.55244e-10
6.2051e-10
5.80076e-10
5.34469e-10
4.84477e-10
4.31139e-10
3.7572e-10
3.1965e-10
2.64444e-10
2.11589e-10
1.62413e-10
1.17976e-10
7.90135e-11
4.60656e-11
1.97838e-11
2.20216e-12
1.13133e-12
1.01508e-11
2.32441e-11
3.88486e-11
5.6075e-11
7.42793e-11
9.29428e-11
1.11632e-10
1.29988e-10
1.4773e-10
1.64657e-10
1.80646e-10
1.95653e-10
2.097e-10
2.22864e-10
2.35265e-10
2.4705e-10
2.58379e-10
2.69416e-10
2.80318e-10
2.91232e-10
3.02289e-10
3.13601e-10
3.25264e-10
3.37352e-10
3.49924e-10
3.63022e-10
3.76671e-10
3.90882e-10
4.05655e-10
4.20974e-10
4.36816e-10
4.53151e-10
4.6994e-10
4.87142e-10
5.04714e-10
5.22614e-10
5.40801e-10
5.59234e-10
5.77872e-10
5.9667e-10
6.15574e-10
6.34514e-10
6.53395e-10
6.72087e-10
6.90416e-10
7.08158e-10
7.25028e-10
7.40679e-10
7.54703e-10
7.66634e-10
7.75958e-10
7.81612e-10
7.83693e-10
7.82367e-10
7.75771e-10
7.63666e-10
7.45701e-10
7.21591e-10
6.91253e-10
6.54753e-10
6.12372e-10
5.64635e-10
5.12325e-10
4.56471e-10
3.98335e-10
3.39362e-10
2.81112e-10
2.25153e-10
1.72929e-10
1.2563e-10
8.41139e-11
4.90127e-11
2.10378e-11
2.34185e-12
1.21993e-12
1.0946e-11
2.50665e-11
4.1897e-11
6.04774e-11
8.01099e-11
1.00229e-10
1.20359e-10
1.40107e-10
1.59163e-10
1.77308e-10
1.9441e-10
2.10426e-10
2.25386e-10
2.39379e-10
2.5254e-10
2.65034e-10
2.77037e-10
2.88727e-10
3.00275e-10
3.11835e-10
3.23548e-10
3.35529e-10
3.47878e-10
3.6067e-10
3.73964e-10
3.87801e-10
4.02203e-10
4.17179e-10
4.32725e-10
4.48825e-10
4.65452e-10
4.82573e-10
5.00152e-10
5.18148e-10
5.36519e-10
5.55228e-10
5.74236e-10
5.93507e-10
6.13003e-10
6.32679e-10
6.52479e-10
6.72326e-10
6.92114e-10
7.11695e-10
7.30875e-10
7.49403e-10
7.66966e-10
7.83187e-10
7.97632e-10
8.09806e-10
8.19177e-10
8.24591e-10
8.26431e-10
8.24478e-10
8.17048e-10
8.03892e-10
7.8467e-10
7.59099e-10
7.2711e-10
6.88784e-10
6.44413e-10
5.94529e-10
5.39909e-10
4.81579e-10
4.20788e-10
3.58986e-10
2.97761e-10
2.38746e-10
1.83495e-10
1.33333e-10
8.92481e-11
5.19761e-11
2.22968e-11
2.48213e-12
1.31131e-12
1.17661e-11
2.69456e-11
4.50399e-11
6.50155e-11
8.61179e-11
1.07732e-10
1.29339e-10
1.50507e-10
1.70897e-10
1.9027e-10
2.08489e-10
2.25509e-10
2.4137e-10
2.56178e-10
2.70084e-10
2.8327e-10
2.9593e-10
3.08258e-10
3.20436e-10
3.32631e-10
3.44986e-10
3.57626e-10
3.7065e-10
3.84136e-10
3.98142e-10
4.12707e-10
4.27851e-10
4.43583e-10
4.59894e-10
4.76767e-10
4.94175e-10
5.12085e-10
5.3046e-10
5.49262e-10
5.68454e-10
5.88e-10
6.07868e-10
6.28025e-10
6.48433e-10
6.69049e-10
6.89809e-10
7.10628e-10
7.31385e-10
7.51913e-10
7.71992e-10
7.91344e-10
8.09627e-10
8.26436e-10
8.41305e-10
8.53716e-10
8.63113e-10
8.68263e-10
8.69841e-10
8.67213e-10
8.58894e-10
8.44622e-10
8.24061e-10
7.96938e-10
7.63198e-10
7.22943e-10
6.76486e-10
6.24375e-10
5.67399e-10
5.06578e-10
4.43153e-10
3.78566e-10
3.14414e-10
2.52385e-10
1.94126e-10
1.41096e-10
9.44231e-11
5.49599e-11
2.35624e-11
2.62314e-12
1.40547e-12
1.26111e-11
2.88817e-11
4.82776e-11
6.96891e-11
9.23028e-11
1.15452e-10
1.38569e-10
1.61182e-10
1.82922e-10
2.03532e-10
2.22864e-10
2.4088e-10
2.57628e-10
2.73233e-10
2.87864e-10
3.01723e-10
3.15023e-10
3.27972e-10
3.40767e-10
3.53583e-10
3.66572e-10
3.79861e-10
3.93552e-10
4.07725e-10
4.22437e-10
4.37725e-10
4.53609e-10
4.70094e-10
4.87171e-10
5.04822e-10
5.23021e-10
5.41733e-10
5.60927e-10
5.80566e-10
6.00617e-10
6.21051e-10
6.41837e-10
6.62946e-10
6.84341e-10
7.05974e-10
7.27776e-10
7.49649e-10
7.71452e-10
7.92997e-10
8.14039e-10
8.34271e-10
8.53319e-10
8.7075e-10
8.86071e-10
8.98736e-10
9.08159e-10
9.13048e-10
9.14358e-10
9.11029e-10
9.0178e-10
8.86329e-10
8.64344e-10
8.35559e-10
7.99936e-10
7.57606e-10
7.08913e-10
6.54437e-10
5.94991e-10
5.31606e-10
4.65517e-10
3.9815e-10
3.31101e-10
2.66085e-10
2.04832e-10
1.48928e-10
9.9646e-11
5.79681e-11
2.4836e-11
2.76506e-12
1.50241e-12
1.3481e-11
3.08746e-11
5.16097e-11
7.44978e-11
9.86634e-11
1.23384e-10
1.48043e-10
1.72125e-10
1.95229e-10
2.17077e-10
2.37518e-10
2.56515e-10
2.74133e-10
2.90513e-10
3.05848e-10
3.2036e-10
3.34281e-10
3.47836e-10
3.61234e-10
3.74661e-10
3.88275e-10
4.02208e-10
4.16563e-10
4.31422e-10
4.46839e-10
4.62853e-10
4.79482e-10
4.96728e-10
5.14585e-10
5.33032e-10
5.52044e-10
5.71591e-10
5.91641e-10
6.12166e-10
6.33135e-10
6.54523e-10
6.76305e-10
6.9845e-10
7.20922e-10
7.43667e-10
7.66607e-10
7.89626e-10
8.12566e-10
8.35214e-10
8.57297e-10
8.78477e-10
8.98354e-10
9.16464e-10
9.32287e-10
9.45255e-10
9.54709e-10
9.59375e-10
9.60427e-10
9.56392e-10
9.46186e-10
9.29503e-10
9.06005e-10
8.75434e-10
8.37771e-10
7.93179e-10
7.42048e-10
6.85007e-10
6.22912e-10
5.56823e-10
4.87981e-10
4.17798e-10
3.47851e-10
2.79864e-10
2.15625e-10
1.56837e-10
1.04923e-10
6.10046e-11
2.61192e-11
2.90804e-12
1.60214e-12
1.43758e-11
3.29243e-11
5.50361e-11
7.94409e-11
1.05198e-10
1.31527e-10
1.57757e-10
1.83327e-10
2.07804e-10
2.3089e-10
2.52428e-10
2.7239e-10
2.90856e-10
3.07989e-10
3.24004e-10
3.39148e-10
3.53672e-10
3.67818e-10
3.81809e-10
3.95839e-10
4.10075e-10
4.2465e-10
4.39672e-10
4.55221e-10
4.71353e-10
4.88104e-10
5.05492e-10
5.23521e-10
5.42181e-10
5.61456e-10
5.8132e-10
6.01749e-10
6.22713e-10
6.44189e-10
6.66151e-10
6.88579e-10
7.11448e-10
7.3473e-10
7.58384e-10
7.82349e-10
8.06533e-10
8.30805e-10
8.54984e-10
8.78831e-10
9.02044e-10
9.24258e-10
9.45042e-10
9.63905e-10
9.80303e-10
9.93647e-10
1.00316e-09
1.00766e-09
1.00848e-09
1.00376e-09
9.92585e-10
9.74624e-10
9.49526e-10
9.17039e-10
8.77158e-10
8.30087e-10
7.76269e-10
7.16402e-10
6.5141e-10
5.8241e-10
5.10665e-10
4.37578e-10
3.64699e-10
2.93736e-10
2.26514e-10
1.64831e-10
1.10261e-10
6.40727e-11
2.74132e-11
3.05223e-12
1.70464e-12
1.52954e-11
3.50306e-11
5.85563e-11
8.45174e-11
1.11905e-10
1.39877e-10
1.67704e-10
1.9478e-10
2.20634e-10
2.44953e-10
2.67574e-10
2.88479e-10
3.07768e-10
3.25628e-10
3.423e-10
3.58055e-10
3.73165e-10
3.8789e-10
4.02466e-10
4.17097e-10
4.31955e-10
4.47179e-10
4.62877e-10
4.7913e-10
4.95993e-10
5.13504e-10
5.31679e-10
5.50522e-10
5.70026e-10
5.90174e-10
6.10946e-10
6.32319e-10
6.5427e-10
6.76779e-10
6.99827e-10
7.23393e-10
7.47458e-10
7.71989e-10
7.96942e-10
8.22244e-10
8.4779e-10
8.73428e-10
8.98955e-10
9.24106e-10
9.48551e-10
9.71895e-10
9.93678e-10
1.01338e-09
1.03044e-09
1.04425e-09
1.05389e-09
1.0583e-09
1.05892e-09
1.05355e-09
1.04142e-09
1.02215e-09
9.95373e-10
9.60837e-10
9.18551e-10
8.68757e-10
8.11964e-10
7.48958e-10
6.80759e-10
6.08568e-10
5.337e-10
4.57566e-10
3.81681e-10
3.07718e-10
2.37504e-10
1.72914e-10
1.15662e-10
6.7175e-11
2.8719e-11
3.19773e-12
1.80989e-12
1.62396e-11
3.7193e-11
6.21694e-11
8.97257e-11
1.18781e-10
1.48428e-10
1.77877e-10
2.06471e-10
2.33704e-10
2.59245e-10
2.8293e-10
3.04755e-10
3.2484e-10
3.434e-10
3.60705e-10
3.7705e-10
3.92732e-10
4.08028e-10
4.23186e-10
4.38421e-10
4.5391e-10
4.69795e-10
4.86187e-10
5.03167e-10
5.2079e-10
5.39094e-10
5.58096e-10
5.778e-10
5.982e-10
6.19283e-10
6.41033e-10
6.6343e-10
6.86456e-10
7.10096e-10
7.34334e-10
7.59153e-10
7.84531e-10
8.10435e-10
8.36811e-10
8.63575e-10
8.90605e-10
9.1773e-10
9.44721e-10
9.71287e-10
9.9707e-10
1.02165e-09
1.04453e-09
1.06518e-09
1.083e-09
1.09736e-09
1.10723e-09
1.11165e-09
1.11211e-09
1.10615e-09
1.09308e-09
1.07249e-09
1.04397e-09
1.00726e-09
9.62381e-10
9.09609e-10
8.49527e-10
7.83024e-10
7.11248e-10
6.35518e-10
5.57239e-10
4.7785e-10
3.98841e-10
3.21824e-10
2.48599e-10
1.81088e-10
1.21129e-10
7.03131e-11
3.00372e-11
3.3446e-12
1.91789e-12
1.72084e-11
3.94112e-11
6.58747e-11
9.50641e-11
1.25824e-10
1.57175e-10
1.88267e-10
2.18387e-10
2.46997e-10
2.73745e-10
2.98472e-10
3.21188e-10
3.42041e-10
3.61274e-10
3.79188e-10
3.96107e-10
4.12349e-10
4.28211e-10
4.43955e-10
4.59803e-10
4.75939e-10
4.92508e-10
5.09622e-10
5.27362e-10
5.45786e-10
5.64929e-10
5.8481e-10
6.05435e-10
6.268e-10
6.48896e-10
6.71708e-10
6.95223e-10
7.19427e-10
7.44308e-10
7.69854e-10
7.9605e-10
8.2287e-10
8.50276e-10
8.78204e-10
9.06559e-10
9.35198e-10
9.63931e-10
9.92503e-10
1.0206e-09
1.04783e-09
1.07375e-09
1.09785e-09
1.11955e-09
1.13824e-09
1.15324e-09
1.16348e-09
1.16798e-09
1.16835e-09
1.16187e-09
1.14791e-09
1.12599e-09
1.09569e-09
1.0567e-09
1.00905e-09
9.53042e-10
8.89342e-10
8.18954e-10
7.43179e-10
6.63499e-10
5.81449e-10
4.98533e-10
4.16225e-10
3.36071e-10
2.59803e-10
1.89352e-10
1.26662e-10
7.34874e-11
3.13681e-11
3.49286e-12
2.0286e-12
1.82014e-11
4.16845e-11
6.96709e-11
1.0053e-10
1.33028e-10
1.66112e-10
1.98863e-10
2.30516e-10
2.60493e-10
2.88431e-10
3.14173e-10
3.3775e-10
3.59339e-10
3.79218e-10
3.97721e-10
4.15199e-10
4.31996e-10
4.48427e-10
4.64766e-10
4.81245e-10
4.98053e-10
5.15338e-10
5.33213e-10
5.5176e-10
5.71037e-10
5.91079e-10
6.11906e-10
6.33527e-10
6.5594e-10
6.79138e-10
7.03112e-10
7.27853e-10
7.53349e-10
7.79594e-10
8.06576e-10
8.34278e-10
8.62673e-10
8.91714e-10
9.21328e-10
9.51401e-10
9.81775e-10
1.01224e-09
1.0425e-09
1.07224e-09
1.10103e-09
1.1284e-09
1.15382e-09
1.17668e-09
1.19634e-09
1.21211e-09
1.22284e-09
1.22753e-09
1.22786e-09
1.22095e-09
1.20616e-09
1.18294e-09
1.15083e-09
1.10948e-09
1.0589e-09
9.99421e-10
9.31774e-10
8.57095e-10
7.76864e-10
6.92764e-10
6.06513e-10
5.19728e-10
4.33892e-10
3.50476e-10
2.71114e-10
1.97701e-10
1.32259e-10
7.66971e-11
3.27111e-11
3.64246e-12
2.142e-12
1.92184e-11
4.40122e-11
7.35565e-11
1.06122e-10
1.4039e-10
1.75232e-10
2.09656e-10
2.4284e-10
2.74173e-10
3.03276e-10
3.30004e-10
3.5441e-10
3.76705e-10
3.97205e-10
4.16277e-10
4.34305e-10
4.51657e-10
4.68665e-10
4.85618e-10
5.02756e-10
5.20272e-10
5.38316e-10
5.57003e-10
5.76415e-10
5.9661e-10
6.17625e-10
6.3948e-10
6.62186e-10
6.85743e-10
7.10149e-10
7.35398e-10
7.61483e-10
7.88398e-10
8.16136e-10
8.44687e-10
8.74032e-10
9.04138e-10
9.34948e-10
9.66375e-10
9.98293e-10
1.03052e-09
1.06282e-09
1.0949e-09
1.12638e-09
1.15684e-09
1.18576e-09
1.21259e-09
1.23671e-09
1.25745e-09
1.27409e-09
1.28545e-09
1.29044e-09
1.29079e-09
1.28355e-09
1.268e-09
1.24353e-09
1.20961e-09
1.16586e-09
1.11222e-09
1.04906e-09
9.77155e-10
8.97779e-10
8.1261e-10
7.23575e-10
6.32632e-10
5.41563e-10
4.51907e-10
3.65061e-10
2.82532e-10
2.06131e-10
1.37915e-10
7.99398e-11
3.40654e-11
3.7933e-12
2.25804e-12
2.02591e-11
4.63936e-11
7.75299e-11
1.11836e-10
1.47905e-10
1.84525e-10
2.20632e-10
2.55344e-10
2.88014e-10
3.18256e-10
3.45936e-10
3.71137e-10
3.94108e-10
4.15204e-10
4.34831e-10
4.53405e-10
4.71319e-10
4.88923e-10
5.06519e-10
5.24353e-10
5.42623e-10
5.61482e-10
5.81045e-10
6.01394e-10
6.22587e-10
6.44662e-10
6.6764e-10
6.91534e-10
7.16346e-10
7.42077e-10
7.68724e-10
7.96283e-10
8.2475e-10
8.54119e-10
8.84377e-10
9.15502e-10
9.47452e-10
9.80161e-10
1.01353e-09
1.04741e-09
1.0816e-09
1.11585e-09
1.14984e-09
1.18316e-09
1.21537e-09
1.24593e-09
1.27427e-09
1.29974e-09
1.32165e-09
1.33925e-09
1.35136e-09
1.35676e-09
1.3572e-09
1.34973e-09
1.3335e-09
1.30786e-09
1.27217e-09
1.22599e-09
1.16923e-09
1.10221e-09
1.02577e-09
9.41309e-10
8.50716e-10
7.56201e-10
6.60015e-10
5.64184e-10
4.70347e-10
3.79852e-10
2.94055e-10
2.1463e-10
1.43622e-10
8.32118e-11
3.54294e-11
3.94519e-12
2.37669e-12
2.13229e-11
4.88275e-11
8.15892e-11
1.17668e-10
1.55566e-10
1.93983e-10
2.31777e-10
2.68007e-10
3.01994e-10
3.33343e-10
3.61939e-10
3.87901e-10
4.11518e-10
4.3319e-10
4.53364e-10
4.72486e-10
4.90977e-10
5.09204e-10
5.2748e-10
5.4606e-10
5.65144e-10
5.84887e-10
6.05403e-10
6.26775e-10
6.4906e-10
6.72296e-10
6.96507e-10
7.21705e-10
7.47895e-10
7.7508e-10
8.03259e-10
8.3243e-10
8.62588e-10
8.93727e-10
9.25831e-10
9.58871e-10
9.92797e-10
1.02753e-09
1.06295e-09
1.0989e-09
1.13516e-09
1.17145e-09
1.20742e-09
1.24267e-09
1.2767e-09
1.30899e-09
1.33891e-09
1.3658e-09
1.38896e-09
1.4076e-09
1.42057e-09
1.42646e-09
1.42706e-09
1.41946e-09
1.40266e-09
1.37592e-09
1.33853e-09
1.28996e-09
1.23003e-09
1.15904e-09
1.07784e-09
9.87945e-10
8.91458e-10
7.90901e-10
6.88884e-10
5.87744e-10
4.89299e-10
3.94882e-10
3.05685e-10
2.23189e-10
1.49371e-10
8.65078e-11
3.68008e-11
4.09791e-12
2.4979e-12
2.24096e-11
5.13129e-11
8.57321e-11
1.23615e-10
1.63366e-10
2.03595e-10
2.43076e-10
2.8081e-10
3.16086e-10
3.48507e-10
3.77983e-10
4.0467e-10
4.28907e-10
4.51139e-10
4.71855e-10
4.91538e-10
5.1063e-10
5.29518e-10
5.48526e-10
5.67913e-10
5.87883e-10
6.08591e-10
6.30151e-10
6.52646e-10
6.76131e-10
7.00645e-10
7.2621e-10
7.52841e-10
7.80543e-10
8.09321e-10
8.39173e-10
8.70099e-10
9.02092e-10
9.35141e-10
9.69228e-10
1.00432e-09
1.04034e-09
1.07721e-09
1.11479e-09
1.15291e-09
1.19131e-09
1.22972e-09
1.26775e-09
1.30497e-09
1.34089e-09
1.37494e-09
1.40649e-09
1.43487e-09
1.45932e-09
1.47905e-09
1.49297e-09
1.49945e-09
1.50027e-09
1.49263e-09
1.47535e-09
1.44762e-09
1.40863e-09
1.35773e-09
1.29466e-09
1.21964e-09
1.13352e-09
1.03789e-09
9.35077e-10
8.27924e-10
7.19457e-10
6.1241e-10
5.08863e-10
4.10191e-10
3.17421e-10
2.31795e-10
1.5515e-10
8.9821e-11
3.8177e-11
4.25111e-12
2.62161e-12
2.35186e-11
5.38485e-11
8.99561e-11
1.29672e-10
1.71299e-10
2.13348e-10
2.54512e-10
2.93731e-10
3.30263e-10
3.63719e-10
3.94034e-10
4.21413e-10
4.46245e-10
4.69027e-10
4.90291e-10
5.10554e-10
5.30283e-10
5.49882e-10
5.69683e-10
5.89952e-10
6.10894e-10
6.32664e-10
6.55374e-10
6.79105e-10
7.03912e-10
7.29832e-10
7.56887e-10
7.8509e-10
8.14449e-10
8.44966e-10
8.7664e-10
9.09467e-10
9.43438e-10
9.78538e-10
1.01474e-09
1.052e-09
1.09023e-09
1.12934e-09
1.16917e-09
1.20953e-09
1.25015e-09
1.29072e-09
1.33086e-09
1.3701e-09
1.40793e-09
1.44377e-09
1.47698e-09
1.50685e-09
1.53263e-09
1.55349e-09
1.5684e-09
1.57554e-09
1.57662e-09
1.56902e-09
1.55137e-09
1.52276e-09
1.48228e-09
1.42917e-09
1.36303e-09
1.284e-09
1.19287e-09
1.09129e-09
9.81766e-10
8.67492e-10
7.51949e-10
6.38355e-10
5.2915e-10
4.25827e-10
3.2927e-10
2.40434e-10
1.60945e-10
9.3143e-11
3.95543e-11
4.40442e-12
2.74777e-12
2.46493e-11
5.64329e-11
9.42583e-11
1.35835e-10
1.79355e-10
2.23231e-10
2.66068e-10
3.06745e-10
3.44499e-10
3.78946e-10
4.10062e-10
4.381e-10
4.63508e-10
4.86836e-10
5.08661e-10
5.29533e-10
5.49946e-10
5.70318e-10
5.90989e-10
6.12229e-10
6.34243e-10
6.57184e-10
6.81163e-10
7.06258e-10
7.32522e-10
7.59989e-10
7.8868e-10
8.18607e-10
8.49775e-10
8.82184e-10
9.15831e-10
9.50708e-10
9.86801e-10
1.02409e-09
1.06253e-09
1.10207e-09
1.14262e-09
1.18405e-09
1.2262e-09
1.26886e-09
1.31174e-09
1.35451e-09
1.39676e-09
1.43803e-09
1.47778e-09
1.51541e-09
1.55026e-09
1.58163e-09
1.60873e-09
1.63072e-09
1.64664e-09
1.65448e-09
1.65586e-09
1.64837e-09
1.63043e-09
1.60105e-09
1.55922e-09
1.50404e-09
1.43497e-09
1.352e-09
1.25586e-09
1.14819e-09
1.03166e-09
9.09788e-10
7.86558e-10
6.65749e-10
5.50275e-10
4.41844e-10
3.41238e-10
2.49092e-10
1.66741e-10
9.64638e-11
4.09287e-11
4.55737e-12
2.8763e-12
2.5801e-11
5.90645e-11
9.86357e-11
1.42096e-10
1.87525e-10
2.33228e-10
2.77722e-10
3.19827e-10
3.58761e-10
3.94157e-10
4.26032e-10
4.547e-10
4.8067e-10
5.04548e-10
5.26956e-10
5.48481e-10
5.69636e-10
5.90856e-10
6.12486e-10
6.34799e-10
6.57999e-10
6.82236e-10
7.07617e-10
7.34217e-10
7.62085e-10
7.91252e-10
8.21736e-10
8.53545e-10
8.86681e-10
9.21141e-10
9.56915e-10
9.9399e-10
1.03234e-09
1.07194e-09
1.11274e-09
1.15467e-09
1.19762e-09
1.24144e-09
1.28597e-09
1.33096e-09
1.37611e-09
1.42109e-09
1.46545e-09
1.50872e-09
1.55035e-09
1.58974e-09
1.6262e-09
1.65902e-09
1.68741e-09
1.71051e-09
1.7274e-09
1.73596e-09
1.73767e-09
1.73032e-09
1.71216e-09
1.68213e-09
1.63909e-09
1.582e-09
1.51017e-09
1.42342e-09
1.32234e-09
1.20855e-09
1.08481e-09
9.54945e-10
8.23455e-10
6.9476e-10
5.72362e-10
4.58306e-10
3.53338e-10
2.57755e-10
1.72519e-10
9.97722e-11
4.22953e-11
4.70941e-12
3.00713e-12
2.69732e-11
6.17415e-11
1.03085e-10
1.48451e-10
1.95799e-10
2.43324e-10
2.89452e-10
3.3295e-10
3.73018e-10
4.09316e-10
4.41911e-10
4.71184e-10
4.97709e-10
5.22149e-10
5.45174e-10
5.67403e-10
5.89374e-10
6.11529e-10
6.34223e-10
6.57725e-10
6.82239e-10
7.07909e-10
7.34839e-10
7.63098e-10
7.92729e-10
8.2376e-10
8.56202e-10
8.90059e-10
9.25328e-10
9.61997e-10
1.00005e-09
1.03947e-09
1.08022e-09
1.12225e-09
1.16552e-09
1.20992e-09
1.25533e-09
1.3016e-09
1.34853e-09
1.39586e-09
1.44329e-09
1.49044e-09
1.53687e-09
1.5821e-09
1.62555e-09
1.66662e-09
1.70462e-09
1.73882e-09
1.76843e-09
1.79259e-09
1.81036e-09
1.81964e-09
1.82168e-09
1.81447e-09
1.79616e-09
1.76556e-09
1.72145e-09
1.66264e-09
1.58825e-09
1.49793e-09
1.39209e-09
1.27225e-09
1.14119e-09
1.00303e-09
8.62774e-10
7.25536e-10
5.95534e-10
4.75282e-10
3.65587e-10
2.6641e-10
1.7826e-10
1.03055e-10
4.36486e-11
4.85994e-12
3.14018e-12
2.8165e-11
6.4462e-11
1.07601e-10
1.54891e-10
2.04164e-10
2.53501e-10
3.01236e-10
3.46083e-10
3.87237e-10
4.24388e-10
4.57667e-10
4.87522e-10
5.14601e-10
5.39626e-10
5.63313e-10
5.86313e-10
6.09184e-10
6.32378e-10
6.56252e-10
6.81074e-10
7.07042e-10
7.34297e-10
7.62934e-10
7.93016e-10
8.24581e-10
8.57646e-10
8.9222e-10
9.28297e-10
9.65865e-10
1.00491e-09
1.0454e-09
1.0873e-09
1.13057e-09
1.17515e-09
1.22096e-09
1.26791e-09
1.31584e-09
1.36458e-09
1.41392e-09
1.46358e-09
1.51324e-09
1.56252e-09
1.61096e-09
1.65805e-09
1.70324e-09
1.74589e-09
1.78532e-09
1.82079e-09
1.85152e-09
1.87662e-09
1.89519e-09
1.90512e-09
1.90746e-09
1.90039e-09
1.88194e-09
1.85086e-09
1.8058e-09
1.74546e-09
1.66875e-09
1.57512e-09
1.46476e-09
1.33903e-09
1.20069e-09
1.05405e-09
9.04598e-10
7.58206e-10
6.19908e-10
4.92844e-10
3.78005e-10
2.75045e-10
1.83944e-10
1.06298e-10
4.49824e-11
5.00825e-12
3.27536e-12
2.93756e-11
6.72238e-11
1.12182e-10
1.6141e-10
2.12609e-10
2.63741e-10
3.13047e-10
3.59195e-10
4.0138e-10
4.39337e-10
4.73262e-10
5.03686e-10
5.31326e-10
5.56969e-10
5.81376e-10
6.05227e-10
6.29097e-10
6.53446e-10
6.7863e-10
7.04915e-10
7.32492e-10
7.61494e-10
7.92008e-10
8.24088e-10
8.57763e-10
8.93043e-10
9.29926e-10
9.68398e-10
1.00843e-09
1.05001e-09
1.09308e-09
1.1376e-09
1.18351e-09
1.23073e-09
1.27918e-09
1.32872e-09
1.3792e-09
1.43042e-09
1.48215e-09
1.5341e-09
1.58594e-09
1.63726e-09
1.6876e-09
1.73646e-09
1.78325e-09
1.82734e-09
1.86806e-09
1.90467e-09
1.93636e-09
1.96229e-09
1.98152e-09
1.99202e-09
1.9946e-09
1.9876e-09
1.96901e-09
1.93749e-09
1.8916e-09
1.8299e-09
1.75112e-09
1.65447e-09
1.53991e-09
1.40855e-09
1.26308e-09
1.1079e-09
9.48953e-10
7.9286e-10
6.4559e-10
5.11067e-10
3.90618e-10
2.83647e-10
1.89549e-10
1.09486e-10
4.62899e-11
5.15357e-12
3.41257e-12
3.06041e-11
7.00245e-11
1.1682e-10
1.67998e-10
2.21119e-10
2.74021e-10
3.24857e-10
3.72251e-10
4.15411e-10
4.54123e-10
4.88664e-10
5.19647e-10
5.47867e-10
5.74172e-10
5.99367e-10
6.24162e-10
6.49143e-10
6.74776e-10
7.01415e-10
7.29318e-10
7.58669e-10
7.8959e-10
8.2216e-10
8.56421e-10
8.92391e-10
9.30071e-10
9.69444e-10
1.01049e-09
1.05316e-09
1.09742e-09
1.14322e-09
1.19048e-09
1.23913e-09
1.28908e-09
1.34022e-09
1.3924e-09
1.44544e-09
1.49912e-09
1.5532e-09
1.60739e-09
1.66131e-09
1.71456e-09
1.76669e-09
1.81716e-09
1.86539e-09
1.91077e-09
1.95261e-09
1.99017e-09
2.02267e-09
2.04924e-09
2.06897e-09
2.0799e-09
2.08265e-09
2.07563e-09
2.05685e-09
2.0249e-09
1.97826e-09
1.91536e-09
1.83475e-09
1.7354e-09
1.61699e-09
1.48038e-09
1.32804e-09
1.16441e-09
9.95789e-10
8.29547e-10
6.72665e-10
5.30021e-10
4.03453e-10
2.92207e-10
1.95051e-10
1.126e-10
4.75635e-11
5.29504e-12
3.5517e-12
3.18494e-11
7.28616e-11
1.21512e-10
1.74645e-10
2.29676e-10
2.84317e-10
3.36633e-10
3.85214e-10
4.29287e-10
4.68707e-10
5.03835e-10
5.35375e-10
5.64204e-10
5.91228e-10
6.17295e-10
6.43138e-10
6.69356e-10
6.96414e-10
7.24662e-10
7.54349e-10
7.85649e-10
8.18671e-10
8.53482e-10
8.90113e-10
9.28567e-10
9.68832e-10
1.01088e-09
1.05466e-09
1.10014e-09
1.14724e-09
1.19589e-09
1.24601e-09
1.29751e-09
1.35025e-09
1.40413e-09
1.45896e-09
1.51455e-09
1.57066e-09
1.62704e-09
1.68336e-09
1.73925e-09
1.79431e-09
1.84806e-09
1.89997e-09
1.94947e-09
1.99594e-09
2.03869e-09
2.07701e-09
2.1101e-09
2.13713e-09
2.15717e-09
2.16835e-09
2.17114e-09
2.16398e-09
2.14493e-09
2.11253e-09
2.06518e-09
2.0012e-09
1.91898e-09
1.81725e-09
1.6954e-09
1.55396e-09
1.39514e-09
1.2233e-09
1.04498e-09
8.68262e-10
7.01194e-10
5.49771e-10
4.16539e-10
3.00716e-10
2.00427e-10
1.15623e-10
4.87949e-11
5.43175e-12
3.69263e-12
3.31104e-11
7.57319e-11
1.2625e-10
1.81341e-10
2.38265e-10
2.94605e-10
3.48342e-10
3.98042e-10
4.42966e-10
4.83045e-10
5.18738e-10
5.50844e-10
5.80319e-10
6.08131e-10
6.35165e-10
6.62175e-10
6.89767e-10
7.18403e-10
7.48425e-10
7.80071e-10
8.135e-10
8.48811e-10
8.86054e-10
9.25244e-10
9.66373e-10
1.00941e-09
1.05431e-09
1.10101e-09
1.14944e-09
1.19952e-09
1.25116e-09
1.30424e-09
1.35865e-09
1.41425e-09
1.47089e-09
1.52839e-09
1.58649e-09
1.64498e-09
1.70356e-09
1.7619e-09
1.81964e-09
1.87634e-09
1.93154e-09
1.9847e-09
2.03526e-09
2.08259e-09
2.12603e-09
2.16487e-09
2.19833e-09
2.22558e-09
2.24572e-09
2.25696e-09
2.25963e-09
2.25217e-09
2.23273e-09
2.19981e-09
2.15174e-09
2.08678e-09
2.00314e-09
1.89933e-09
1.77446e-09
1.62868e-09
1.46387e-09
1.28419e-09
1.09631e-09
9.08933e-10
7.31199e-10
5.70368e-10
4.29906e-10
3.09168e-10
2.05654e-10
1.18534e-10
4.99751e-11
5.56267e-12
3.83522e-12
3.43858e-11
7.86322e-11
1.31029e-10
1.88072e-10
2.46863e-10
3.04854e-10
3.59946e-10
4.10692e-10
4.56402e-10
4.97095e-10
5.33336e-10
5.66024e-10
5.96196e-10
6.24877e-10
6.52986e-10
6.81293e-10
7.10406e-10
7.40782e-10
7.72749e-10
8.06534e-10
8.42279e-10
8.80068e-10
9.19933e-10
9.61874e-10
1.00586e-09
1.05185e-09
1.09978e-09
1.14955e-09
1.20109e-09
1.25429e-09
1.30902e-09
1.36516e-09
1.42255e-09
1.48104e-09
1.54046e-09
1.60059e-09
1.66117e-09
1.72195e-09
1.78264e-09
1.84288e-09
1.9023e-09
1.96047e-09
2.01691e-09
2.0711e-09
2.12249e-09
2.17045e-09
2.21434e-09
2.25344e-09
2.28701e-09
2.31423e-09
2.33422e-09
2.34529e-09
2.34764e-09
2.33969e-09
2.3197e-09
2.28615e-09
2.23733e-09
2.17142e-09
2.08652e-09
1.98092e-09
1.85344e-09
1.70384e-09
1.53362e-09
1.3466e-09
1.14947e-09
9.51421e-10
7.62661e-10
5.91844e-10
4.43578e-10
3.17555e-10
2.10704e-10
1.21313e-10
5.10943e-11
5.6867e-12
3.97934e-12
3.56742e-11
8.15587e-11
1.3584e-10
1.94825e-10
2.55449e-10
3.15031e-10
3.71403e-10
4.23116e-10
4.69544e-10
5.10807e-10
5.47587e-10
5.80884e-10
6.11815e-10
6.41459e-10
6.70763e-10
7.00507e-10
7.31297e-10
7.63579e-10
7.9767e-10
8.33775e-10
8.72023e-10
9.12477e-10
9.55152e-10
1.00003e-09
1.04706e-09
1.09617e-09
1.14729e-09
1.20029e-09
1.25508e-09
1.3115e-09
1.36943e-09
1.42869e-09
1.48912e-09
1.55053e-09
1.61271e-09
1.67544e-09
1.73844e-09
1.80142e-09
1.86409e-09
1.92608e-09
1.98701e-09
2.04645e-09
2.10392e-09
2.15892e-09
2.21088e-09
2.25922e-09
2.30328e-09
2.34239e-09
2.37579e-09
2.40271e-09
2.42228e-09
2.43293e-09
2.43472e-09
2.42606e-09
2.40533e-09
2.37099e-09
2.32133e-09
2.25447e-09
2.16841e-09
2.06127e-09
1.93157e-09
1.7787e-09
1.60369e-09
1.40997e-09
1.20406e-09
9.95506e-10
7.95507e-10
6.14209e-10
4.57573e-10
3.25872e-10
2.15554e-10
1.23935e-10
5.21422e-11
5.80268e-12
4.1248e-12
3.6974e-11
8.45072e-11
1.40674e-10
2.01584e-10
2.63995e-10
3.25101e-10
3.82668e-10
4.35263e-10
4.82339e-10
5.24134e-10
5.61451e-10
5.95395e-10
6.27159e-10
6.5787e-10
6.88499e-10
7.19828e-10
7.52456e-10
7.86816e-10
8.23205e-10
8.61812e-10
9.02745e-10
9.46046e-10
9.9171e-10
1.0397e-09
1.08994e-09
1.14234e-09
1.19679e-09
1.25316e-09
1.3113e-09
1.37106e-09
1.43226e-09
1.49471e-09
1.5582e-09
1.62253e-09
1.68746e-09
1.75273e-09
1.81806e-09
1.88314e-09
1.94765e-09
2.01123e-09
2.07348e-09
2.13399e-09
2.19227e-09
2.24782e-09
2.30011e-09
2.34855e-09
2.39251e-09
2.43133e-09
2.46428e-09
2.49061e-09
2.50946e-09
2.51943e-09
2.5204e-09
2.51078e-09
2.48908e-09
2.45377e-09
2.40313e-09
2.33527e-09
2.24811e-09
2.13962e-09
2.00806e-09
1.85246e-09
1.67334e-09
1.47365e-09
1.25959e-09
1.04088e-09
8.29604e-10
6.37441e-10
4.71899e-10
3.3411e-10
2.20178e-10
1.26379e-10
5.31076e-11
5.90935e-12
4.27142e-12
3.82834e-11
8.74726e-11
1.45522e-10
2.08329e-10
2.72474e-10
3.35022e-10
3.93689e-10
4.47074e-10
4.9473e-10
5.37023e-10
5.74884e-10
6.09523e-10
6.42207e-10
6.741e-10
7.0619e-10
7.39257e-10
7.73887e-10
8.10495e-10
8.49357e-10
8.90639e-10
9.34429e-10
9.80746e-10
1.02956e-09
1.08082e-09
1.13442e-09
1.19025e-09
1.24817e-09
1.30802e-09
1.36962e-09
1.43279e-09
1.49732e-09
1.56298e-09
1.62955e-09
1.69679e-09
1.76442e-09
1.83218e-09
1.89974e-09
1.96679e-09
2.033e-09
2.09799e-09
2.16137e-09
2.22272e-09
2.28158e-09
2.33744e-09
2.38978e-09
2.43804e-09
2.48161e-09
2.51985e-09
2.55206e-09
2.57748e-09
2.59531e-09
2.60432e-09
2.60416e-09
2.59333e-09
2.5704e-09
2.53389e-09
2.48211e-09
2.41314e-09
2.32489e-09
2.21521e-09
2.08212e-09
1.9243e-09
1.74176e-09
1.5369e-09
1.31547e-09
1.08716e-09
8.64756e-10
6.6147e-10
4.8655e-10
3.42262e-10
2.24549e-10
1.28618e-10
5.39787e-11
6.00539e-12
4.41898e-12
3.96002e-11
9.04496e-11
1.50371e-10
2.15039e-10
2.80851e-10
3.44748e-10
4.0441e-10
4.58489e-10
5.06656e-10
5.4942e-10
5.87842e-10
6.23237e-10
6.56935e-10
6.90134e-10
7.23828e-10
7.58789e-10
7.95583e-10
8.34602e-10
8.76099e-10
9.20218e-10
9.67021e-10
1.01651e-09
1.06862e-09
1.12329e-09
1.18037e-09
1.23975e-09
1.30123e-09
1.36464e-09
1.42978e-09
1.49641e-09
1.5643e-09
1.6332e-09
1.70283e-09
1.77294e-09
1.84321e-09
1.91336e-09
1.98305e-09
2.05194e-09
2.11969e-09
2.18592e-09
2.25023e-09
2.3122e-09
2.37138e-09
2.4273e-09
2.47943e-09
2.52723e-09
2.57012e-09
2.60748e-09
2.63863e-09
2.66284e-09
2.67932e-09
2.68708e-09
2.68547e-09
2.67315e-09
2.64872e-09
2.61076e-09
2.55763e-09
2.48743e-09
2.39805e-09
2.28726e-09
2.15292e-09
1.99336e-09
1.80811e-09
1.59894e-09
1.37103e-09
1.13386e-09
9.00692e-10
6.86186e-10
5.01508e-10
3.50315e-10
2.2864e-10
1.30627e-10
5.47431e-11
6.0894e-12
4.56725e-12
4.09222e-11
9.34315e-11
1.55207e-10
2.21691e-10
2.89089e-10
3.54227e-10
4.14768e-10
4.69442e-10
5.18053e-10
5.61266e-10
6.00278e-10
6.36499e-10
6.71317e-10
7.05952e-10
7.41395e-10
7.78401e-10
8.17513e-10
8.59097e-10
9.03376e-10
9.50472e-10
1.00042e-09
1.0532e-09
1.10873e-09
1.16691e-09
1.22758e-09
1.29057e-09
1.35569e-09
1.42273e-09
1.49143e-09
1.56155e-09
1.6328e-09
1.70491e-09
1.77758e-09
1.85049e-09
1.92333e-09
1.99577e-09
2.06746e-09
2.13805e-09
2.20717e-09
2.27444e-09
2.33947e-09
2.40185e-09
2.46112e-09
2.51683e-09
2.56848e-09
2.61555e-09
2.65746e-09
2.69363e-09
2.72342e-09
2.74611e-09
2.76095e-09
2.76706e-09
2.76374e-09
2.74965e-09
2.7234e-09
2.68374e-09
2.62903e-09
2.55744e-09
2.46685e-09
2.35502e-09
2.21964e-09
2.05879e-09
1.87151e-09
1.65893e-09
1.42554e-09
1.1804e-09
9.37065e-10
7.11435e-10
5.16728e-10
3.58249e-10
2.32426e-10
1.32379e-10
5.53881e-11
6.15993e-12
4.71594e-12
4.22466e-11
9.64109e-11
1.60015e-10
2.28255e-10
2.97143e-10
3.63401e-10
4.24697e-10
4.7986e-10
5.28853e-10
5.72504e-10
6.12144e-10
6.49273e-10
6.85325e-10
7.21528e-10
7.58863e-10
7.98059e-10
8.3963e-10
8.83911e-10
9.31098e-10
9.81285e-10
1.03449e-09
1.09065e-09
1.14967e-09
1.21142e-09
1.27573e-09
1.34239e-09
1.41118e-09
1.48184e-09
1.55411e-09
1.62769e-09
1.70228e-09
1.77755e-09
1.85318e-09
1.92882e-09
2.00412e-09
2.07873e-09
2.15228e-09
2.2244e-09
2.29472e-09
2.36285e-09
2.4284e-09
2.49095e-09
2.55008e-09
2.60534e-09
2.65624e-09
2.70229e-09
2.74294e-09
2.77763e-09
2.80574e-09
2.8266e-09
2.83949e-09
2.84359e-09
2.83831e-09
2.82212e-09
2.79376e-09
2.75211e-09
2.6956e-09
2.62243e-09
2.53055e-09
2.41768e-09
2.28146e-09
2.11972e-09
1.93106e-09
1.71597e-09
1.47818e-09
1.22615e-09
9.73448e-10
7.37005e-10
5.32124e-10
3.66039e-10
2.3588e-10
1.3385e-10
5.59003e-11
6.21548e-12
4.86473e-12
4.35702e-11
9.9379e-11
1.64777e-10
2.34699e-10
3.04965e-10
3.72207e-10
4.34122e-10
4.89668e-10
5.38985e-10
5.83073e-10
6.23392e-10
6.61521e-10
6.98924e-10
7.36828e-10
7.76188e-10
8.17704e-10
8.61854e-10
9.0894e-10
9.59129e-10
1.01249e-09
1.069e-09
1.12859e-09
1.19114e-09
1.25649e-09
1.32443e-09
1.39475e-09
1.46718e-09
1.54144e-09
1.61722e-09
1.69421e-09
1.77205e-09
1.8504e-09
1.92888e-09
2.00712e-09
2.08476e-09
2.1614e-09
2.23665e-09
2.31014e-09
2.38148e-09
2.45027e-09
2.51612e-09
2.57863e-09
2.63738e-09
2.69194e-09
2.74184e-09
2.78661e-09
2.82572e-09
2.85864e-09
2.88477e-09
2.9035e-09
2.91412e-09
2.9159e-09
2.90839e-09
2.88974e-09
2.859e-09
2.81511e-09
2.75655e-09
2.68162e-09
2.58834e-09
2.47445e-09
2.33754e-09
2.17527e-09
1.98586e-09
1.76916e-09
1.5281e-09
1.27038e-09
1.00933e-09
7.62623e-10
5.47586e-10
3.73652e-10
2.38974e-10
1.35011e-10
5.62667e-11
6.2544e-12
5.01323e-12
4.48892e-11
1.02326e-10
1.6947e-10
2.40985e-10
3.12498e-10
3.80571e-10
4.42961e-10
4.98785e-10
5.48378e-10
5.92912e-10
6.33973e-10
6.73202e-10
7.12076e-10
7.51806e-10
7.93313e-10
8.37257e-10
8.84078e-10
9.34042e-10
9.87284e-10
1.04384e-09
1.10368e-09
1.1667e-09
1.23275e-09
1.30165e-09
1.37318e-09
1.44708e-09
1.52307e-09
1.60082e-09
1.68002e-09
1.76029e-09
1.84126e-09
1.92254e-09
2.00373e-09
2.08443e-09
2.16423e-09
2.24273e-09
2.31952e-09
2.39419e-09
2.46635e-09
2.5356e-09
2.60156e-09
2.66381e-09
2.72196e-09
2.77557e-09
2.82422e-09
2.86745e-09
2.90475e-09
2.93562e-09
2.9595e-09
2.97579e-09
2.98384e-09
2.98309e-09
2.97303e-09
2.95158e-09
2.91821e-09
2.87183e-09
2.81102e-09
2.73417e-09
2.63937e-09
2.52446e-09
2.38701e-09
2.22454e-09
2.03497e-09
1.81756e-09
1.5744e-09
1.3123e-09
1.04412e-09
7.8795e-10
5.62971e-10
3.81044e-10
2.41683e-10
1.35839e-10
5.64523e-11
6.27359e-12
5.16101e-12
4.61993e-11
1.05238e-10
1.74069e-10
2.47068e-10
3.19677e-10
3.88413e-10
4.51128e-10
5.07128e-10
5.56957e-10
6.01963e-10
6.4384e-10
6.84272e-10
7.24734e-10
7.66403e-10
8.10157e-10
8.56608e-10
9.06152e-10
9.59021e-10
1.01532e-09
1.07506e-09
1.13817e-09
1.20454e-09
1.27401e-09
1.34636e-09
1.42134e-09
1.49869e-09
1.57807e-09
1.65916e-09
1.74159e-09
1.82496e-09
1.90887e-09
1.99289e-09
2.0766e-09
2.15956e-09
2.24133e-09
2.32149e-09
2.3996e-09
2.47525e-09
2.54803e-09
2.61754e-09
2.68338e-09
2.74516e-09
2.80248e-09
2.85493e-09
2.9021e-09
2.94353e-09
2.97878e-09
3.00734e-09
3.02869e-09
3.04227e-09
3.04748e-09
3.04407e-09
3.03102e-09
3.00655e-09
2.97033e-09
2.92125e-09
2.85801e-09
2.7791e-09
2.68273e-09
2.56681e-09
2.42896e-09
2.26662e-09
2.07746e-09
1.86021e-09
1.61613e-09
1.35107e-09
1.07714e-09
8.12572e-10
5.78095e-10
3.88152e-10
2.43979e-10
1.36256e-10
5.64789e-11
6.27463e-12
5.30754e-12
4.74951e-11
1.08102e-10
1.78543e-10
2.52897e-10
3.2643e-10
3.95645e-10
4.5853e-10
5.14609e-10
5.6465e-10
6.10168e-10
6.52944e-10
6.94686e-10
7.36842e-10
7.80544e-10
8.26612e-10
8.75607e-10
9.27881e-10
9.83628e-10
1.04292e-09
1.10575e-09
1.17202e-09
1.2416e-09
1.31431e-09
1.38992e-09
1.46815e-09
1.54872e-09
1.63127e-09
1.71545e-09
1.80086e-09
1.88707e-09
1.97366e-09
2.06017e-09
2.14613e-09
2.23109e-09
2.31459e-09
2.39616e-09
2.47537e-09
2.55177e-09
2.62494e-09
2.69448e-09
2.75999e-09
2.82108e-09
2.87736e-09
2.92843e-09
2.97389e-09
3.01332e-09
3.04627e-09
3.07229e-09
3.09086e-09
3.1015e-09
3.10367e-09
3.09744e-09
3.08103e-09
3.05339e-09
3.01412e-09
2.96219e-09
2.8964e-09
2.81535e-09
2.71737e-09
2.6005e-09
2.46242e-09
2.30055e-09
2.11236e-09
1.89614e-09
1.65234e-09
1.3858e-09
1.10767e-09
8.36004e-10
5.92727e-10
3.94892e-10
2.45843e-10
1.36339e-10
5.63246e-11
6.25513e-12
5.45218e-12
4.87704e-11
1.109e-10
1.82856e-10
2.58411e-10
3.32673e-10
4.02171e-10
4.65069e-10
5.21142e-10
5.71387e-10
6.1747e-10
6.61236e-10
7.04388e-10
7.48329e-10
7.94125e-10
8.42535e-10
8.94061e-10
9.49011e-10
1.00754e-09
1.0697e-09
1.13544e-09
1.20467e-09
1.27723e-09
1.35293e-09
1.43151e-09
1.5127e-09
1.59616e-09
1.68156e-09
1.76849e-09
1.85654e-09
1.94526e-09
2.03419e-09
2.12284e-09
2.21074e-09
2.29739e-09
2.38231e-09
2.46501e-09
2.54503e-09
2.62191e-09
2.69523e-09
2.76457e-09
2.82952e-09
2.8897e-09
2.94472e-09
2.99419e-09
3.03774e-09
3.07496e-09
3.10541e-09
3.12867e-09
3.14427e-09
3.15174e-09
3.15084e-09
3.1415e-09
3.12151e-09
3.09059e-09
3.04817e-09
2.9933e-09
2.9249e-09
2.8417e-09
2.74218e-09
2.62448e-09
2.48639e-09
2.32535e-09
2.13871e-09
1.92437e-09
1.68205e-09
1.41555e-09
1.13491e-09
8.57683e-10
6.06583e-10
4.01161e-10
2.47242e-10
1.36025e-10
5.59714e-11
6.21335e-12
5.59419e-12
5.00174e-11
1.1361e-10
1.86964e-10
2.6354e-10
3.38311e-10
4.07883e-10
4.70644e-10
5.26642e-10
5.77102e-10
6.23816e-10
6.68664e-10
7.13314e-10
7.59099e-10
8.0701e-10
8.57733e-10
9.11713e-10
9.69211e-10
1.03035e-09
1.09515e-09
1.16355e-09
1.23544e-09
1.31066e-09
1.38898e-09
1.47016e-09
1.55389e-09
1.63985e-09
1.72765e-09
1.8169e-09
1.90715e-09
1.99794e-09
2.08878e-09
2.17917e-09
2.26859e-09
2.35654e-09
2.44251e-09
2.52599e-09
2.60649e-09
2.68356e-09
2.75674e-09
2.82561e-09
2.88975e-09
2.94879e-09
3.00234e-09
3.05002e-09
3.09146e-09
3.12628e-09
3.15406e-09
3.17438e-09
3.18684e-09
3.191e-09
3.18715e-09
3.17426e-09
3.15069e-09
3.11642e-09
3.07072e-09
3.01278e-09
2.94164e-09
2.8562e-09
2.75509e-09
2.63664e-09
2.49879e-09
2.33907e-09
2.1548e-09
1.9436e-09
1.70424e-09
1.43938e-09
1.15802e-09
8.7698e-10
6.19317e-10
4.06829e-10
2.48075e-10
1.35274e-10
5.54072e-11
6.14796e-12
5.73261e-12
5.12265e-11
1.16206e-10
1.90814e-10
2.682e-10
3.4324e-10
4.12669e-10
4.75149e-10
5.31023e-10
5.81727e-10
6.2915e-10
6.75164e-10
7.21373e-10
7.69022e-10
8.1901e-10
8.71951e-10
9.28228e-10
9.88059e-10
1.05154e-09
1.11866e-09
1.18936e-09
1.26351e-09
1.34094e-09
1.42142e-09
1.5047e-09
1.59047e-09
1.67838e-09
1.76806e-09
1.85908e-09
1.95099e-09
2.04331e-09
2.13553e-09
2.22714e-09
2.3176e-09
2.40638e-09
2.49295e-09
2.57679e-09
2.65739e-09
2.73428e-09
2.807e-09
2.8751e-09
2.93817e-09
2.99582e-09
3.04768e-09
3.09337e-09
3.13253e-09
3.16478e-09
3.18974e-09
3.20701e-09
3.2162e-09
3.21707e-09
3.21024e-09
3.19358e-09
3.16647e-09
3.12879e-09
3.07993e-09
3.01917e-09
2.94569e-09
2.85848e-09
2.75631e-09
2.63761e-09
2.5004e-09
2.34224e-09
2.16038e-09
1.95225e-09
1.7171e-09
1.45614e-09
1.17614e-09
8.93205e-10
6.30523e-10
4.1175e-10
2.48368e-10
1.34085e-10
5.46237e-11
6.05795e-12
5.86628e-12
5.23858e-11
1.18654e-10
1.94343e-10
2.72294e-10
3.47338e-10
4.16406e-10
4.78478e-10
5.34203e-10
5.85198e-10
6.33405e-10
6.8065e-10
7.28438e-10
7.77909e-10
8.29864e-10
8.84839e-10
9.43161e-10
1.00501e-09
1.07045e-09
1.13948e-09
1.212e-09
1.28789e-09
1.36697e-09
1.44903e-09
1.53379e-09
1.62096e-09
1.71018e-09
1.80107e-09
1.8932e-09
1.98612e-09
2.07932e-09
2.17229e-09
2.2645e-09
2.3554e-09
2.44445e-09
2.5311e-09
2.61481e-09
2.69506e-09
2.77136e-09
2.84323e-09
2.91023e-09
2.97193e-09
3.02794e-09
3.07788e-09
3.12138e-09
3.1581e-09
3.18767e-09
3.2097e-09
3.22382e-09
3.22967e-09
3.22758e-09
3.21747e-09
3.19712e-09
3.16671e-09
3.12587e-09
3.0741e-09
3.01079e-09
2.93522e-09
2.84653e-09
2.74363e-09
2.62511e-09
2.48914e-09
2.33341e-09
2.15518e-09
1.95169e-09
1.72099e-09
1.46408e-09
1.18791e-09
9.05612e-10
6.39732e-10
4.15734e-10
2.48148e-10
1.32453e-10
5.36137e-11
5.94249e-12
5.99373e-12
5.34803e-11
1.20914e-10
1.97473e-10
2.75708e-10
3.50472e-10
4.18962e-10
4.80521e-10
5.36094e-10
5.87439e-10
6.36494e-10
6.84993e-10
7.3432e-10
7.85491e-10
8.39208e-10
8.95929e-10
9.55934e-10
1.01937e-09
1.08628e-09
1.15665e-09
1.2304e-09
1.30738e-09
1.38744e-09
1.47036e-09
1.55587e-09
1.64367e-09
1.73344e-09
1.82476e-09
1.91723e-09
2.01037e-09
2.10369e-09
2.19667e-09
2.28876e-09
2.37942e-09
2.46808e-09
2.55419e-09
2.63719e-09
2.71656e-09
2.79179e-09
2.86239e-09
2.92791e-09
2.98791e-09
3.042e-09
3.08979e-09
3.13092e-09
3.16506e-09
3.19184e-09
3.21089e-09
3.22189e-09
3.22454e-09
3.21976e-09
3.20616e-09
3.1824e-09
3.14886e-09
3.10514e-09
3.0508e-09
2.98532e-09
2.90812e-09
2.81844e-09
2.71536e-09
2.59761e-09
2.46353e-09
2.31092e-09
2.13712e-09
1.93928e-09
1.71511e-09
1.46462e-09
1.19266e-09
9.12884e-10
6.46285e-10
4.18413e-10
2.47242e-10
1.30359e-10
5.23707e-11
5.80091e-12
6.11308e-12
5.44906e-11
1.22935e-10
2.00106e-10
2.78307e-10
3.52491e-10
4.20199e-10
4.81163e-10
5.366e-10
5.88348e-10
6.3828e-10
6.87995e-10
7.38733e-10
7.91377e-10
8.46533e-10
9.04592e-10
9.65787e-10
1.03024e-09
1.098e-09
1.16904e-09
1.24327e-09
1.32058e-09
1.4008e-09
1.48374e-09
1.56913e-09
1.6567e-09
1.74611e-09
1.83698e-09
1.92889e-09
2.02137e-09
2.11394e-09
2.20607e-09
2.29723e-09
2.38686e-09
2.47438e-09
2.55925e-09
2.6409e-09
2.71878e-09
2.7924e-09
2.86131e-09
2.92502e-09
2.98306e-09
3.03501e-09
3.08049e-09
3.11916e-09
3.15066e-09
3.17464e-09
3.19071e-09
3.19847e-09
3.19801e-09
3.19048e-09
3.17339e-09
3.14663e-09
3.11035e-09
3.06419e-09
3.00777e-09
2.94069e-09
2.86245e-09
2.77245e-09
2.66989e-09
2.55366e-09
2.42223e-09
2.27359e-09
2.10515e-09
1.91403e-09
1.69767e-09
1.45537e-09
1.19077e-09
9.15157e-10
6.49316e-10
4.19514e-10
2.45615e-10
1.27799e-10
5.0891e-11
5.63281e-12
6.2219e-12
5.53919e-11
1.24649e-10
2.02126e-10
2.79933e-10
3.53225e-10
4.19993e-10
4.80385e-10
5.35716e-10
5.8784e-10
6.3855e-10
6.89346e-10
7.41249e-10
7.95009e-10
8.51145e-10
9.09988e-10
9.71741e-10
1.03652e-09
1.10436e-09
1.17524e-09
1.2491e-09
1.32583e-09
1.40529e-09
1.48728e-09
1.57158e-09
1.65792e-09
1.74598e-09
1.83546e-09
1.9259e-09
2.01682e-09
2.10776e-09
2.1982e-09
2.2876e-09
2.37541e-09
2.46107e-09
2.54402e-09
2.62368e-09
2.69952e-09
2.771e-09
2.83761e-09
2.89889e-09
2.95439e-09
3.00369e-09
3.04643e-09
3.08226e-09
3.11085e-09
3.13185e-09
3.14485e-09
3.14944e-09
3.14661e-09
3.1363e-09
3.11626e-09
3.08708e-09
3.04861e-09
3.0006e-09
2.94277e-09
2.87481e-09
2.79632e-09
2.70683e-09
2.60565e-09
2.49182e-09
2.36399e-09
2.22028e-09
2.05823e-09
1.87497e-09
1.66776e-09
1.43529e-09
1.1801e-09
9.11778e-10
6.49465e-10
4.19228e-10
2.4321e-10
1.24772e-10
4.9174e-11
5.43813e-12
6.317e-12
5.61515e-11
1.25973e-10
2.03387e-10
2.80399e-10
3.52578e-10
4.18303e-10
4.77974e-10
5.33176e-10
5.85706e-10
6.37113e-10
6.88643e-10
7.41243e-10
7.95605e-10
8.52104e-10
9.11024e-10
9.72553e-10
1.0368e-09
1.10385e-09
1.1737e-09
1.24629e-09
1.3215e-09
1.39924e-09
1.47932e-09
1.56155e-09
1.64567e-09
1.73138e-09
1.81831e-09
1.90609e-09
1.99429e-09
2.08244e-09
2.17004e-09
2.25658e-09
2.34151e-09
2.42426e-09
2.5043e-09
2.58104e-09
2.65396e-09
2.72252e-09
2.7862e-09
2.84454e-09
2.8971e-09
2.94352e-09
2.98339e-09
3.01637e-09
3.04213e-09
3.06031e-09
3.07048e-09
3.07229e-09
3.06752e-09
3.05463e-09
3.03232e-09
3.00127e-09
2.96128e-09
2.91218e-09
2.85377e-09
2.78581e-09
2.70802e-09
2.62001e-09
2.52122e-09
2.41084e-09
2.28766e-09
2.14995e-09
1.99542e-09
1.82125e-09
1.62457e-09
1.40361e-09
1.15984e-09
9.01232e-10
6.4508e-10
4.16674e-10
2.39873e-10
1.21268e-10
4.72224e-11
5.21721e-12
6.39418e-12
5.67268e-11
1.26797e-10
2.0371e-10
2.79594e-10
3.50305e-10
4.14676e-10
4.73582e-10
5.28612e-10
5.81381e-10
6.33266e-10
6.85251e-10
7.38109e-10
7.92383e-10
8.48473e-10
9.06642e-10
9.67072e-10
1.02988e-09
1.09512e-09
1.16281e-09
1.23294e-09
1.30542e-09
1.38019e-09
1.45709e-09
1.53596e-09
1.61657e-09
1.69863e-09
1.78181e-09
1.86576e-09
1.9501e-09
2.03437e-09
2.1181e-09
2.20077e-09
2.28186e-09
2.36082e-09
2.43711e-09
2.51017e-09
2.57948e-09
2.64451e-09
2.70475e-09
2.75974e-09
2.80905e-09
2.8523e-09
2.8891e-09
2.91913e-09
2.94206e-09
2.95754e-09
2.96506e-09
2.96462e-09
2.95818e-09
2.94315e-09
2.9193e-09
2.88711e-09
2.84643e-09
2.79714e-09
2.73911e-09
2.67218e-09
2.59615e-09
2.51074e-09
2.41549e-09
2.3097e-09
2.19232e-09
2.06179e-09
1.91597e-09
1.75214e-09
1.5674e-09
1.3596e-09
1.12929e-09
8.82833e-10
6.3554e-10
4.11465e-10
2.35451e-10
1.17281e-10
4.50437e-11
4.97085e-12
6.44779e-12
5.70607e-11
1.26981e-10
2.02968e-10
2.77176e-10
3.45986e-10
4.08925e-10
4.66989e-10
5.21664e-10
5.74341e-10
6.26142e-10
6.77906e-10
7.30254e-10
7.83618e-10
8.38358e-10
8.94737e-10
9.52948e-10
1.01313e-09
1.07538e-09
1.13973e-09
1.20622e-09
1.27484e-09
1.34551e-09
1.41811e-09
1.4925e-09
1.56846e-09
1.64576e-09
1.7241e-09
1.80314e-09
1.88253e-09
1.96184e-09
2.04063e-09
2.11841e-09
2.19467e-09
2.2689e-09
2.34056e-09
2.40913e-09
2.47409e-09
2.53493e-09
2.59116e-09
2.64232e-09
2.688e-09
2.72781e-09
2.76139e-09
2.78843e-09
2.8086e-09
2.82156e-09
2.82667e-09
2.82473e-09
2.81679e-09
2.80029e-09
2.77571e-09
2.74324e-09
2.7028e-09
2.65432e-09
2.59775e-09
2.53298e-09
2.4599e-09
2.37828e-09
2.28778e-09
2.1878e-09
2.07743e-09
1.95527e-09
1.81937e-09
1.66716e-09
1.49576e-09
1.30273e-09
1.08784e-09
8.55931e-10
6.20241e-10
4.03152e-10
2.29766e-10
1.128e-10
4.26497e-11
4.70028e-12
6.47033e-12
5.70782e-11
1.26411e-10
2.00804e-10
2.72732e-10
3.39406e-10
4.00711e-10
4.57705e-10
5.11657e-10
5.63685e-10
6.14674e-10
6.65302e-10
7.16095e-10
7.67458e-10
8.19733e-10
8.73196e-10
9.28065e-10
9.84511e-10
1.04266e-09
1.10259e-09
1.16436e-09
1.22798e-09
1.29342e-09
1.36059e-09
1.42936e-09
1.49958e-09
1.57101e-09
1.6434e-09
1.71646e-09
1.78983e-09
1.86315e-09
1.93599e-09
2.00789e-09
2.07839e-09
2.147e-09
2.21321e-09
2.27653e-09
2.33645e-09
2.39249e-09
2.44419e-09
2.4911e-09
2.53281e-09
2.56897e-09
2.59923e-09
2.62329e-09
2.64085e-09
2.65156e-09
2.65464e-09
2.65173e-09
2.64276e-09
2.62562e-09
2.60113e-09
2.56929e-09
2.53009e-09
2.48351e-09
2.42953e-09
2.36811e-09
2.29918e-09
2.22259e-09
2.13806e-09
2.04511e-09
1.94294e-09
1.83034e-09
1.70554e-09
1.56616e-09
1.40939e-09
1.23264e-09
1.03502e-09
8.19972e-10
5.98599e-10
3.91254e-10
2.22601e-10
1.07807e-10
4.00548e-11
4.40701e-12
6.45297e-12
5.671e-11
1.24785e-10
1.96809e-10
2.6598e-10
3.3015e-10
3.89509e-10
4.4499e-10
4.97585e-10
5.48135e-10
5.9733e-10
6.45739e-10
6.9384e-10
7.42035e-10
7.90677e-10
8.40068e-10
8.90458e-10
9.42051e-10
9.95005e-10
1.04944e-09
1.10543e-09
1.16303e-09
1.22221e-09
1.28293e-09
1.3451e-09
1.40857e-09
1.47317e-09
1.53865e-09
1.60476e-09
1.67119e-09
1.73759e-09
1.80359e-09
1.86877e-09
1.93269e-09
1.99489e-09
2.05493e-09
2.11232e-09
2.16661e-09
2.21733e-09
2.26405e-09
2.30636e-09
2.34388e-09
2.37624e-09
2.40315e-09
2.42431e-09
2.43946e-09
2.44825e-09
2.44978e-09
2.44637e-09
2.43699e-09
2.42007e-09
2.3965e-09
2.36623e-09
2.32929e-09
2.28568e-09
2.23542e-09
2.17851e-09
2.11491e-09
2.04453e-09
1.96714e-09
1.88235e-09
1.78951e-09
1.68755e-09
1.57491e-09
1.44944e-09
1.30846e-09
1.14933e-09
9.70627e-10
7.74552e-10
5.701e-10
3.7529e-10
2.13689e-10
1.02258e-10
3.72755e-11
4.09274e-12
6.37892e-12
5.57701e-11
1.21765e-10
1.90668e-10
2.56468e-10
3.17665e-10
3.74537e-10
4.2777e-10
4.78057e-10
5.26018e-10
5.72217e-10
6.17172e-10
6.61356e-10
7.05191e-10
7.49059e-10
7.9329e-10
8.38168e-10
8.83926e-10
9.3075e-10
9.78785e-10
1.02813e-09
1.07885e-09
1.13097e-09
1.18444e-09
1.23921e-09
1.29517e-09
1.35215e-09
1.40996e-09
1.46838e-09
1.52713e-09
1.5859e-09
1.64435e-09
1.70212e-09
1.75881e-09
1.81401e-09
1.8673e-09
1.91825e-09
1.96644e-09
2.01145e-09
2.05288e-09
2.09035e-09
2.1235e-09
2.15202e-09
2.17561e-09
2.19403e-09
2.20701e-09
2.21427e-09
2.21479e-09
2.21128e-09
2.20216e-09
2.18626e-09
2.16442e-09
2.13663e-09
2.10289e-09
2.06325e-09
2.01774e-09
1.96638e-09
1.90917e-09
1.84603e-09
1.77681e-09
1.70118e-09
1.61861e-09
1.5282e-09
1.42859e-09
1.31788e-09
1.19361e-09
1.05316e-09
8.94752e-10
7.19482e-10
5.34348e-10
3.54806e-10
2.02729e-10
9.60852e-11
3.43318e-11
3.75907e-12
6.22656e-12
5.40867e-11
1.17062e-10
1.81922e-10
2.43638e-10
3.01183e-10
3.54703e-10
4.04598e-10
4.5132e-10
4.95362e-10
5.37243e-10
5.77483e-10
6.16577e-10
6.54978e-10
6.93095e-10
7.31285e-10
7.6985e-10
8.09044e-10
8.49069e-10
8.90084e-10
9.32204e-10
9.75504e-10
1.02002e-09
1.06573e-09
1.11261e-09
1.16055e-09
1.20943e-09
1.2591e-09
1.30934e-09
1.35993e-09
1.41061e-09
1.46106e-09
1.51098e-09
1.56002e-09
1.60781e-09
1.65398e-09
1.69816e-09
1.73996e-09
1.77901e-09
1.81497e-09
1.84748e-09
1.87623e-09
1.90093e-09
1.92132e-09
1.93717e-09
1.94828e-09
1.95436e-09
1.9544e-09
1.95117e-09
1.94292e-09
1.92872e-09
1.90934e-09
1.88477e-09
1.85505e-09
1.8202e-09
1.78028e-09
1.73532e-09
1.68532e-09
1.63025e-09
1.56998e-09
1.50426e-09
1.43266e-09
1.35443e-09
1.26844e-09
1.17304e-09
1.06606e-09
9.45015e-10
8.07889e-10
6.54882e-10
4.9113e-10
3.29417e-10
1.89395e-10
8.91899e-11
3.12338e-11
3.40663e-12
5.97339e-12
5.14736e-11
1.10275e-10
1.70048e-10
2.26797e-10
2.79673e-10
3.28598e-10
3.73744e-10
4.15453e-10
4.54194e-10
4.90505e-10
5.24934e-10
5.58003e-10
5.90185e-10
6.219e-10
6.53512e-10
6.85325e-10
7.17593e-10
7.50519e-10
7.84262e-10
8.18938e-10
8.54627e-10
8.91368e-10
9.29165e-10
9.67986e-10
1.00776e-09
1.04839e-09
1.08975e-09
1.13166e-09
1.17393e-09
1.21633e-09
1.25862e-09
1.30052e-09
1.34174e-09
1.38197e-09
1.42088e-09
1.45816e-09
1.49348e-09
1.52651e-09
1.55696e-09
1.58451e-09
1.60891e-09
1.62989e-09
1.64723e-09
1.66073e-09
1.67021e-09
1.67544e-09
1.67546e-09
1.67277e-09
1.66587e-09
1.65388e-09
1.63749e-09
1.61671e-09
1.59156e-09
1.56208e-09
1.52832e-09
1.49032e-09
1.44807e-09
1.40157e-09
1.35072e-09
1.29533e-09
1.23506e-09
1.16932e-09
1.09718e-09
1.01728e-09
9.27764e-10
8.26369e-10
7.11032e-10
5.8125e-10
4.40483e-10
2.9886e-10
1.73364e-10
8.1443e-11
2.79678e-11
3.03447e-12
5.5887e-12
4.76854e-11
1.00971e-10
1.54479e-10
2.05091e-10
2.51904e-10
2.94689e-10
3.33552e-10
3.68861e-10
4.01134e-10
4.30946e-10
4.58863e-10
4.85404e-10
5.11034e-10
5.36154e-10
5.61105e-10
5.86171e-10
6.11585e-10
6.37534e-10
6.64161e-10
6.91576e-10
7.19851e-10
7.49026e-10
7.79111e-10
8.10083e-10
8.41893e-10
8.7446e-10
9.07678e-10
9.41414e-10
9.75511e-10
1.00978e-09
1.04403e-09
1.07803e-09
1.11153e-09
1.14429e-09
1.17604e-09
1.20651e-09
1.23543e-09
1.26254e-09
1.28758e-09
1.31029e-09
1.33046e-09
1.34786e-09
1.36231e-09
1.37364e-09
1.38169e-09
1.38629e-09
1.3866e-09
1.38461e-09
1.37933e-09
1.36983e-09
1.35672e-09
1.33999e-09
1.31968e-09
1.29583e-09
1.26846e-09
1.23762e-09
1.20331e-09
1.16552e-09
1.1242e-09
1.07919e-09
1.03024e-09
9.769e-10
9.18447e-10
8.53801e-10
7.81434e-10
6.99417e-10
6.05783e-10
4.99569e-10
3.82805e-10
2.63068e-10
1.54371e-10
7.26826e-11
2.45281e-11
2.64174e-12
5.03726e-12
4.24684e-11
8.87583e-11
1.34665e-10
1.77635e-10
2.16764e-10
2.51867e-10
2.83162e-10
3.11113e-10
3.36282e-10
3.5924e-10
3.80519e-10
4.00595e-10
4.19877e-10
4.38713e-10
4.57395e-10
4.76165e-10
4.95216e-10
5.14705e-10
5.34753e-10
5.5545e-10
5.76857e-10
5.99009e-10
6.21917e-10
6.45566e-10
6.6992e-10
6.94918e-10
7.20479e-10
7.46501e-10
7.72861e-10
7.99419e-10
8.26015e-10
8.52474e-10
8.7861e-10
9.04222e-10
9.29103e-10
9.5304e-10
9.75821e-10
9.97234e-10
1.01707e-09
1.03514e-09
1.05124e-09
1.06522e-09
1.07692e-09
1.08619e-09
1.09292e-09
1.09697e-09
1.09768e-09
1.09641e-09
1.09277e-09
1.08579e-09
1.07593e-09
1.06323e-09
1.0477e-09
1.02938e-09
1.00829e-09
9.84455e-10
9.57889e-10
9.28585e-10
8.96503e-10
8.61542e-10
8.23514e-10
7.82092e-10
7.36746e-10
6.8666e-10
6.30656e-10
5.67176e-10
4.94499e-10
4.11458e-10
3.18969e-10
2.22274e-10
1.32262e-10
6.27132e-11
2.08968e-11
2.22719e-12
4.28549e-12
3.56224e-11
7.33998e-11
1.10223e-10
1.43972e-10
1.74027e-10
2.00443e-10
2.23599e-10
2.43999e-10
2.6217e-10
2.78604e-10
2.93738e-10
3.07951e-10
3.21566e-10
3.34852e-10
3.48032e-10
3.61291e-10
3.74778e-10
3.88611e-10
4.02881e-10
4.17657e-10
4.32988e-10
4.48899e-10
4.65401e-10
4.82485e-10
5.00125e-10
5.18278e-10
5.36888e-10
5.55879e-10
5.75163e-10
5.94637e-10
6.14185e-10
6.3368e-10
6.52983e-10
6.71948e-10
6.9042e-10
7.08242e-10
7.25256e-10
7.41302e-10
7.56226e-10
7.69878e-10
7.82117e-10
7.92812e-10
8.01844e-10
8.09107e-10
8.14505e-10
8.17949e-10
8.18966e-10
8.18313e-10
8.16085e-10
8.11432e-10
8.04541e-10
7.95541e-10
7.84433e-10
7.71238e-10
7.55975e-10
7.38659e-10
7.19301e-10
6.979e-10
6.74429e-10
6.48824e-10
6.20957e-10
5.90604e-10
5.57401e-10
5.20772e-10
4.79871e-10
4.33538e-10
3.80403e-10
3.19333e-10
2.50503e-10
1.77166e-10
1.07125e-10
5.13747e-11
1.70337e-11
1.79028e-12
3.32392e-12
2.71579e-11
5.50583e-11
8.14909e-11
1.05031e-10
1.25549e-10
1.43321e-10
1.58748e-10
1.72251e-10
1.84221e-10
1.9501e-10
2.0492e-10
2.14213e-10
2.23106e-10
2.31785e-10
2.40403e-10
2.49084e-10
2.57932e-10
2.67026e-10
2.76431e-10
2.86194e-10
2.96348e-10
3.06913e-10
3.17896e-10
3.29294e-10
3.4109e-10
3.53257e-10
3.65758e-10
3.78542e-10
3.91553e-10
4.04721e-10
4.17969e-10
4.31211e-10
4.44355e-10
4.573e-10
4.69944e-10
4.82179e-10
4.93895e-10
5.04984e-10
5.15339e-10
5.24856e-10
5.33437e-10
5.40989e-10
5.47429e-10
5.52681e-10
5.56677e-10
5.59357e-10
5.60437e-10
5.60201e-10
5.5902e-10
5.56274e-10
5.51881e-10
5.46056e-10
5.38784e-10
5.30078e-10
5.19949e-10
5.08407e-10
4.9546e-10
4.81107e-10
4.65335e-10
4.48104e-10
4.29336e-10
4.08893e-10
3.86542e-10
3.61916e-10
3.34462e-10
3.03402e-10
2.6777e-10
2.26656e-10
1.79866e-10
1.29148e-10
7.94728e-11
3.86888e-11
1.28649e-11
1.33625e-12
2.2016e-12
1.7523e-11
3.47917e-11
5.05674e-11
6.43167e-11
7.61836e-11
8.64315e-11
9.53258e-11
1.03115e-10
1.10023e-10
1.16249e-10
1.21966e-10
1.27323e-10
1.32448e-10
1.37446e-10
1.42409e-10
1.4741e-10
1.5251e-10
1.57758e-10
1.63191e-10
1.68838e-10
1.7472e-10
1.80849e-10
1.87231e-10
1.93865e-10
2.00741e-10
2.07846e-10
2.15157e-10
2.22647e-10
2.30283e-10
2.38025e-10
2.45829e-10
2.53644e-10
2.61418e-10
2.6909e-10
2.76601e-10
2.83888e-10
2.90884e-10
2.97527e-10
3.03752e-10
3.09497e-10
3.14702e-10
3.19312e-10
3.23275e-10
3.26545e-10
3.29081e-10
3.30847e-10
3.31701e-10
3.31673e-10
3.31155e-10
3.29769e-10
3.27338e-10
3.24061e-10
3.19925e-10
3.14937e-10
3.091e-10
3.02421e-10
2.94904e-10
2.86551e-10
2.77354e-10
2.67294e-10
2.56328e-10
2.44381e-10
2.31326e-10
2.16959e-10
2.00969e-10
1.82911e-10
1.62211e-10
1.38285e-10
1.10876e-10
8.07552e-11
5.05839e-11
2.50444e-11
8.36544e-12
8.94229e-13
1.10543e-12
7.93804e-12
1.54316e-11
2.2139e-11
2.79749e-11
3.30294e-11
3.74161e-11
4.12395e-11
4.45968e-11
4.75783e-11
5.02658e-11
5.27319e-11
5.504e-11
5.72447e-11
5.93923e-11
6.15219e-11
6.3666e-11
6.58511e-11
6.80988e-11
7.04261e-11
7.28457e-11
7.5367e-11
7.79959e-11
8.07353e-11
8.35847e-11
8.65411e-11
8.95985e-11
9.27479e-11
9.5978e-11
9.92745e-11
1.02621e-10
1.05998e-10
1.09384e-10
1.12757e-10
1.16092e-10
1.19361e-10
1.22538e-10
1.25595e-10
1.28503e-10
1.31235e-10
1.33763e-10
1.36061e-10
1.38106e-10
1.39873e-10
1.41343e-10
1.42496e-10
1.43318e-10
1.43755e-10
1.43785e-10
1.43609e-10
1.43082e-10
1.42077e-10
1.40707e-10
1.38963e-10
1.36848e-10
1.34363e-10
1.31511e-10
1.28294e-10
1.24712e-10
1.20765e-10
1.16442e-10
1.11728e-10
1.06593e-10
1.00983e-10
9.48155e-11
8.79613e-11
8.02338e-11
7.1388e-11
6.11616e-11
4.94073e-11
3.63774e-11
2.31098e-11
1.15968e-11
3.86357e-12
4.48071e-13
1.59607e-13
8.94745e-13
1.7179e-12
2.45485e-12
3.0985e-12
3.658e-12
4.14513e-12
4.57053e-12
4.94446e-12
5.27663e-12
5.57597e-12
5.85049e-12
6.10722e-12
6.35224e-12
6.5907e-12
6.82699e-12
7.06472e-12
7.3069e-12
7.55594e-12
7.81374e-12
8.08176e-12
8.36106e-12
8.65231e-12
8.95584e-12
9.27165e-12
9.59939e-12
9.93843e-12
1.02878e-11
1.06462e-11
1.10122e-11
1.13838e-11
1.1759e-11
1.21354e-11
1.25105e-11
1.28814e-11
1.32453e-11
1.35992e-11
1.39399e-11
1.42642e-11
1.45692e-11
1.48516e-11
1.51088e-11
1.53377e-11
1.55361e-11
1.57014e-11
1.58317e-11
1.59253e-11
1.59763e-11
1.59815e-11
1.59638e-11
1.59088e-11
1.58002e-11
1.56508e-11
1.546e-11
1.52278e-11
1.49545e-11
1.46404e-11
1.42858e-11
1.38906e-11
1.34546e-11
1.2977e-11
1.24561e-11
1.18885e-11
1.12686e-11
1.05873e-11
9.83059e-12
8.97815e-12
8.00308e-12
6.87614e-12
5.57976e-12
4.13855e-12
2.66193e-12
1.36525e-12
4.75438e-13
6.89216e-14
)
;

boundaryField
{
    movingWall
    {
        type            kqRWallFunction;
        value           nonuniform List<scalar> 
75
(
1.59607e-13
8.94745e-13
1.7179e-12
2.45485e-12
3.0985e-12
3.658e-12
4.14513e-12
4.57053e-12
4.94446e-12
5.27663e-12
5.57597e-12
5.85049e-12
6.10722e-12
6.35224e-12
6.5907e-12
6.82699e-12
7.06472e-12
7.3069e-12
7.55594e-12
7.81374e-12
8.08176e-12
8.36106e-12
8.65231e-12
8.95584e-12
9.27165e-12
9.59939e-12
9.93843e-12
1.02878e-11
1.06462e-11
1.10122e-11
1.13838e-11
1.1759e-11
1.21354e-11
1.25105e-11
1.28814e-11
1.32453e-11
1.35992e-11
1.39399e-11
1.42642e-11
1.45692e-11
1.48516e-11
1.51088e-11
1.53377e-11
1.55361e-11
1.57014e-11
1.58317e-11
1.59253e-11
1.59763e-11
1.59815e-11
1.59638e-11
1.59088e-11
1.58002e-11
1.56508e-11
1.546e-11
1.52278e-11
1.49545e-11
1.46404e-11
1.42858e-11
1.38906e-11
1.34546e-11
1.2977e-11
1.24561e-11
1.18885e-11
1.12686e-11
1.05873e-11
9.83059e-12
8.97815e-12
8.00308e-12
6.87614e-12
5.57976e-12
4.13855e-12
2.66193e-12
1.36525e-12
4.75438e-13
6.89216e-14
)
;
    }
    fixedWalls
    {
        type            kqRWallFunction;
        value           nonuniform List<scalar> 
225
(
3.57801e-15
2.70376e-14
5.73998e-14
9.38304e-14
1.35188e-13
1.80674e-13
2.29777e-13
2.82167e-13
3.37631e-13
3.96026e-13
4.57256e-13
5.21258e-13
5.87996e-13
6.57451e-13
7.29616e-13
8.04494e-13
8.82092e-13
9.62423e-13
1.0455e-12
1.13133e-12
1.21993e-12
1.31131e-12
1.40547e-12
1.50241e-12
1.60214e-12
1.70464e-12
1.80989e-12
1.91789e-12
2.0286e-12
2.142e-12
2.25804e-12
2.37669e-12
2.4979e-12
2.62161e-12
2.74777e-12
2.8763e-12
3.00713e-12
3.14018e-12
3.27536e-12
3.41257e-12
3.5517e-12
3.69263e-12
3.83522e-12
3.97934e-12
4.1248e-12
4.27142e-12
4.41898e-12
4.56725e-12
4.71594e-12
4.86473e-12
5.01323e-12
5.16101e-12
5.30754e-12
5.45218e-12
5.59419e-12
5.73261e-12
5.86628e-12
5.99373e-12
6.11308e-12
6.2219e-12
6.317e-12
6.39418e-12
6.44779e-12
6.47033e-12
6.45297e-12
6.37892e-12
6.22656e-12
5.97339e-12
5.5887e-12
5.03726e-12
4.28549e-12
3.32392e-12
2.2016e-12
1.10543e-12
1.59607e-13
9.3106e-15
7.03152e-14
1.48906e-13
2.42375e-13
3.47114e-13
4.60392e-13
5.8024e-13
7.05134e-13
8.339e-13
9.65609e-13
1.09951e-12
1.23502e-12
1.37167e-12
1.50909e-12
1.64705e-12
1.78538e-12
1.924e-12
2.06291e-12
2.20216e-12
2.34185e-12
2.48213e-12
2.62314e-12
2.76506e-12
2.90804e-12
3.05223e-12
3.19773e-12
3.3446e-12
3.49286e-12
3.64246e-12
3.7933e-12
3.94519e-12
4.09791e-12
4.25111e-12
4.40442e-12
4.55737e-12
4.70941e-12
4.85994e-12
5.00825e-12
5.15357e-12
5.29504e-12
5.43175e-12
5.56267e-12
5.6867e-12
5.80268e-12
5.90935e-12
6.00539e-12
6.0894e-12
6.15993e-12
6.21548e-12
6.2544e-12
6.27359e-12
6.27463e-12
6.25513e-12
6.21335e-12
6.14796e-12
6.05795e-12
5.94249e-12
5.80091e-12
5.63281e-12
5.43813e-12
5.21721e-12
4.97085e-12
4.70028e-12
4.40701e-12
4.09274e-12
3.75907e-12
3.40663e-12
3.03447e-12
2.64174e-12
2.22719e-12
1.79028e-12
1.33625e-12
8.94229e-13
4.48071e-13
6.89216e-14
3.57801e-15
2.41846e-14
5.36404e-14
8.83098e-14
1.26328e-13
1.66412e-13
2.07566e-13
2.48987e-13
2.90026e-13
3.30173e-13
3.69044e-13
4.06381e-13
4.42043e-13
4.75997e-13
5.08307e-13
5.39119e-13
5.68646e-13
5.97152e-13
6.24933e-13
6.52306e-13
6.7959e-13
7.07103e-13
7.35146e-13
7.64004e-13
7.93939e-13
8.25191e-13
8.57973e-13
8.92478e-13
9.28873e-13
9.67305e-13
1.0079e-12
1.05076e-12
1.09597e-12
1.14359e-12
1.19366e-12
1.24619e-12
1.30116e-12
1.35852e-12
1.41817e-12
1.47996e-12
1.54369e-12
1.60907e-12
1.67574e-12
1.74321e-12
1.8109e-12
1.87806e-12
1.94379e-12
2.00703e-12
2.06651e-12
2.12075e-12
2.1681e-12
2.20665e-12
2.23415e-12
2.24768e-12
2.24851e-12
2.23271e-12
2.19826e-12
2.14394e-12
2.06918e-12
1.97413e-12
1.85975e-12
1.72792e-12
1.58142e-12
1.42378e-12
1.25912e-12
1.09183e-12
9.26241e-13
7.66314e-13
6.15365e-13
4.75917e-13
3.49707e-13
2.37903e-13
1.41621e-13
6.3094e-14
9.3106e-15
)
;
    }
    frontAndBack
    {
        type            empty;
    }
}


// ************************************************************************* //
