/*--------------------------------*- C++ -*----------------------------------*\
  =========                 |
  \\      /  F ield         | OpenFOAM: The Open Source CFD Toolbox
   \\    /   O peration     | Website:  https://openfoam.org
    \\  /    A nd           | Version:  12
     \\/     M anipulation  |
\*---------------------------------------------------------------------------*/
FoamFile
{
    format      ascii;
    class       volScalarField;
    location    "4.5";
    object      nut;
}
// * * * * * * * * * * * * * * * * * * * * * * * * * * * * * * * * * * * * * //

dimensions      [0 2 -1 0 0 0 0];

internalField   nonuniform List<scalar> 
5625
(
1.38572e-17
6.91813e-17
1.50971e-16
2.48372e-16
3.56239e-16
4.71308e-16
5.91129e-16
7.1372e-16
8.37426e-16
9.60847e-16
1.08281e-15
1.20235e-15
1.31868e-15
1.43122e-15
1.53954e-15
1.6434e-15
1.74267e-15
1.83737e-15
1.92759e-15
2.01351e-15
2.09534e-15
2.17332e-15
2.24766e-15
2.31856e-15
2.38615e-15
2.45053e-15
2.51169e-15
2.56958e-15
2.62405e-15
2.67489e-15
2.72181e-15
2.76447e-15
2.80247e-15
2.83536e-15
2.86267e-15
2.88391e-15
2.89856e-15
2.90601e-15
2.90627e-15
2.89869e-15
2.88286e-15
2.8585e-15
2.8254e-15
2.78344e-15
2.73262e-15
2.67305e-15
2.60497e-15
2.52871e-15
2.44475e-15
2.35366e-15
2.25614e-15
2.15294e-15
2.04492e-15
1.93299e-15
1.81808e-15
1.70115e-15
1.58314e-15
1.46497e-15
1.34751e-15
1.23157e-15
1.11785e-15
1.00701e-15
8.99577e-16
7.96001e-16
6.96643e-16
6.01785e-16
5.11666e-16
4.26457e-16
3.46352e-16
2.71589e-16
2.02527e-16
1.39758e-16
8.43517e-17
3.84995e-17
7.70405e-18
6.92654e-17
6.28466e-15
2.1265e-14
3.91086e-14
5.83615e-14
7.85844e-14
9.94545e-14
1.20686e-13
1.42025e-13
1.6325e-13
1.84173e-13
2.04637e-13
2.24515e-13
2.43713e-13
2.62164e-13
2.79828e-13
2.96692e-13
3.12761e-13
3.28057e-13
3.42614e-13
3.56474e-13
3.69679e-13
3.82272e-13
3.94289e-13
4.05755e-13
4.16688e-13
4.2709e-13
4.36953e-13
4.46254e-13
4.54955e-13
4.63008e-13
4.70355e-13
4.76926e-13
4.82645e-13
4.87428e-13
4.9119e-13
4.9384e-13
4.95243e-13
4.95406e-13
4.94225e-13
4.91633e-13
4.87577e-13
4.82018e-13
4.74935e-13
4.66324e-13
4.56203e-13
4.44608e-13
4.316e-13
4.17256e-13
4.01677e-13
3.84981e-13
3.67301e-13
3.48786e-13
3.29593e-13
3.09886e-13
2.89831e-13
2.69595e-13
2.49335e-13
2.29204e-13
2.0934e-13
1.89869e-13
1.70898e-13
1.52519e-13
1.34808e-13
1.17822e-13
1.01604e-13
8.61829e-14
7.15872e-14
5.78363e-14
4.49493e-14
3.29504e-14
2.18781e-14
1.18346e-14
3.49248e-15
3.84749e-17
1.51907e-16
2.13231e-14
1.07585e-13
2.40972e-13
3.9408e-13
5.55508e-13
7.20754e-13
8.87329e-13
1.0534e-12
1.21745e-12
1.37821e-12
1.53461e-12
1.68581e-12
1.83122e-12
1.97041e-12
2.1032e-12
2.22955e-12
2.34961e-12
2.46363e-12
2.57193e-12
2.67491e-12
2.77296e-12
2.86645e-12
2.95569e-12
3.04094e-12
3.12236e-12
3.19998e-12
3.27377e-12
3.34356e-12
3.40907e-12
3.46996e-12
3.52576e-12
3.57594e-12
3.61991e-12
3.65704e-12
3.68662e-12
3.70806e-12
3.72e-12
3.723e-12
3.71589e-12
3.69809e-12
3.66916e-12
3.62876e-12
3.57668e-12
3.51285e-12
3.43736e-12
3.35048e-12
3.25262e-12
3.14439e-12
3.02654e-12
2.89998e-12
2.76576e-12
2.62503e-12
2.47903e-12
2.32905e-12
2.1764e-12
2.02238e-12
1.86823e-12
1.71514e-12
1.56418e-12
1.41632e-12
1.27236e-12
1.133e-12
9.98742e-13
8.69982e-13
7.46961e-13
6.29805e-13
5.18553e-13
4.13173e-13
3.13637e-13
2.2013e-13
1.33822e-13
5.96606e-14
1.18235e-14
8.40693e-17
2.52052e-16
3.94899e-14
2.42052e-13
6.38037e-13
1.1573e-12
1.73522e-12
2.33629e-12
2.94243e-12
3.54353e-12
4.13307e-12
4.70641e-12
5.2601e-12
5.79166e-12
6.29944e-12
6.78253e-12
7.24075e-12
7.67453e-12
8.08479e-12
8.47285e-12
8.84031e-12
9.18885e-12
9.52017e-12
9.83585e-12
1.01372e-11
1.04254e-11
1.0701e-11
1.09644e-11
1.12155e-11
1.14538e-11
1.16784e-11
1.18881e-11
1.20812e-11
1.2256e-11
1.24102e-11
1.25417e-11
1.26478e-11
1.27268e-11
1.27727e-11
1.27889e-11
1.27703e-11
1.27147e-11
1.26203e-11
1.24859e-11
1.23106e-11
1.20939e-11
1.18361e-11
1.1538e-11
1.12009e-11
1.0827e-11
1.04189e-11
9.97977e-12
9.51336e-12
9.02377e-12
8.51546e-12
7.99303e-12
7.4612e-12
6.92461e-12
6.38772e-12
5.85471e-12
5.32939e-12
4.81507e-12
4.31456e-12
3.83007e-12
3.36326e-12
2.9152e-12
2.48645e-12
2.07709e-12
1.68697e-12
1.31606e-12
9.65366e-13
6.39423e-13
3.5192e-13
1.33635e-13
2.17798e-14
1.38592e-16
3.65926e-16
5.9605e-14
3.99484e-13
1.16605e-12
2.29987e-12
3.65982e-12
5.12897e-12
6.63357e-12
8.13047e-12
9.59422e-12
1.10093e-11
1.2366e-11
1.36585e-11
1.48835e-11
1.60402e-11
1.71295e-11
1.81538e-11
1.91167e-11
2.00227e-11
2.08768e-11
2.1684e-11
2.24493e-11
2.31772e-11
2.38716e-11
2.45356e-11
2.51712e-11
2.57794e-11
2.63603e-11
2.69127e-11
2.74348e-11
2.79236e-11
2.83751e-11
2.8785e-11
2.91481e-11
2.94588e-11
2.9711e-11
2.99006e-11
3.00111e-11
3.00535e-11
3.00135e-11
2.9886e-11
2.96667e-11
2.93522e-11
2.89403e-11
2.84299e-11
2.78214e-11
2.71166e-11
2.6319e-11
2.54332e-11
2.44657e-11
2.34242e-11
2.23176e-11
2.11557e-11
1.99492e-11
1.87092e-11
1.74469e-11
1.61735e-11
1.48995e-11
1.36349e-11
1.23886e-11
1.11683e-11
9.98047e-12
8.83e-12
7.72044e-12
6.65391e-12
5.63137e-12
4.65303e-12
3.71935e-12
2.83315e-12
2.00393e-12
1.25579e-12
6.37645e-13
2.18842e-13
3.25868e-14
1.99344e-16
4.91744e-16
8.15059e-14
5.71163e-13
1.77051e-12
3.70349e-12
6.18491e-12
8.98637e-12
1.19255e-11
1.48811e-11
1.77786e-11
2.05725e-11
2.32365e-11
2.57566e-11
2.81269e-11
3.03474e-11
3.24221e-11
3.43585e-11
3.61663e-11
3.78566e-11
3.94412e-11
4.09319e-11
4.234e-11
4.36755e-11
4.49471e-11
4.61613e-11
4.73227e-11
4.84338e-11
4.9495e-11
5.05043e-11
5.1458e-11
5.23505e-11
5.31744e-11
5.39213e-11
5.45811e-11
5.51432e-11
5.55961e-11
5.59309e-11
5.61179e-11
5.61775e-11
5.60821e-11
5.58225e-11
5.53907e-11
5.47808e-11
5.39887e-11
5.3013e-11
5.18545e-11
5.0517e-11
4.90069e-11
4.73337e-11
4.55093e-11
4.35481e-11
4.1467e-11
3.92842e-11
3.70196e-11
3.46936e-11
3.2327e-11
2.99402e-11
2.75526e-11
2.51824e-11
2.28457e-11
2.05565e-11
1.83261e-11
1.61633e-11
1.40742e-11
1.20625e-11
1.01304e-11
8.27995e-12
6.51647e-12
4.85391e-12
3.32479e-12
1.99292e-12
9.56506e-13
3.09292e-13
4.40333e-14
2.64693e-16
6.28557e-16
1.05141e-13
7.55079e-13
2.427e-12
5.28084e-12
9.14145e-12
1.36768e-11
1.85618e-11
2.35461e-11
2.84599e-11
3.31983e-11
3.77009e-11
4.19365e-11
4.58931e-11
4.95719e-11
5.29829e-11
5.61423e-11
5.90703e-11
6.17893e-11
6.43226e-11
6.66928e-11
6.8921e-11
7.1026e-11
7.30232e-11
7.49248e-11
7.67392e-11
7.84707e-11
8.01201e-11
8.16844e-11
8.31574e-11
8.45298e-11
8.57898e-11
8.69231e-11
8.79138e-11
8.87446e-11
8.93973e-11
8.98532e-11
9.00801e-11
9.00987e-11
8.98676e-11
8.93729e-11
8.86034e-11
8.75507e-11
8.62099e-11
8.45797e-11
8.26629e-11
8.04664e-11
7.80015e-11
7.52837e-11
7.23323e-11
6.91705e-11
6.58246e-11
6.23234e-11
5.86974e-11
5.49783e-11
5.11979e-11
4.73875e-11
4.35767e-11
3.97929e-11
3.60606e-11
3.24008e-11
2.88306e-11
2.53632e-11
2.20079e-11
1.87711e-11
1.56582e-11
1.26772e-11
9.84488e-12
7.19795e-12
4.80747e-12
2.78995e-12
1.29022e-12
4.0276e-13
5.59735e-14
3.33481e-16
7.7584e-16
1.30484e-13
9.50985e-13
3.1273e-12
6.98734e-12
1.24126e-11
1.89931e-11
2.62461e-11
3.37544e-11
4.12127e-11
4.84214e-11
5.52604e-11
6.16667e-11
6.76159e-11
7.31095e-11
7.81655e-11
8.28133e-11
8.70883e-11
9.10297e-11
9.46767e-11
9.80675e-11
1.01237e-10
1.04215e-10
1.07027e-10
1.09692e-10
1.12223e-10
1.14627e-10
1.16905e-10
1.19053e-10
1.21061e-10
1.22916e-10
1.24599e-10
1.26092e-10
1.27371e-10
1.28411e-10
1.29188e-10
1.29663e-10
1.2983e-10
1.29687e-10
1.29183e-10
1.28301e-10
1.27029e-10
1.25358e-10
1.23283e-10
1.20806e-10
1.17932e-10
1.14674e-10
1.1105e-10
1.07082e-10
1.02799e-10
9.82322e-11
9.34196e-11
8.84002e-11
8.32159e-11
7.79094e-11
7.25233e-11
6.70994e-11
6.16771e-11
5.62928e-11
5.09789e-11
4.5763e-11
4.06677e-11
3.57105e-11
3.09046e-11
2.62604e-11
2.17891e-11
1.7509e-11
1.34562e-11
9.70008e-12
6.36036e-12
3.60974e-12
1.62988e-12
4.98125e-13
6.82848e-14
4.04828e-16
9.3329e-16
1.57517e-13
1.15902e-12
3.86946e-12
8.80489e-12
1.59337e-11
2.47954e-11
3.47485e-11
4.51837e-11
5.56234e-11
6.57388e-11
7.53269e-11
8.42785e-11
9.25498e-11
1.00141e-10
1.07079e-10
1.13412e-10
1.19194e-10
1.24486e-10
1.29347e-10
1.33837e-10
1.38005e-10
1.41897e-10
1.4555e-10
1.48989e-10
1.52235e-10
1.55297e-10
1.58176e-10
1.60865e-10
1.63353e-10
1.6562e-10
1.67644e-10
1.69398e-10
1.70852e-10
1.71976e-10
1.72739e-10
1.73069e-10
1.73017e-10
1.72551e-10
1.71594e-10
1.70143e-10
1.68183e-10
1.65708e-10
1.62718e-10
1.59218e-10
1.55218e-10
1.50739e-10
1.45805e-10
1.40447e-10
1.34703e-10
1.28616e-10
1.22231e-10
1.15598e-10
1.08769e-10
1.01797e-10
9.47329e-11
8.76283e-11
8.05307e-11
7.34835e-11
6.65256e-11
5.96899e-11
5.30037e-11
4.64881e-11
4.01602e-11
3.40351e-11
2.81321e-11
2.24836e-11
1.715e-11
1.22394e-11
7.92421e-12
4.43137e-12
1.9708e-12
5.94648e-13
8.08664e-14
4.78061e-16
1.10072e-15
1.86233e-13
1.37939e-12
4.65375e-12
1.07273e-11
1.96743e-11
3.10028e-11
4.39147e-11
5.7592e-11
7.13574e-11
8.47259e-11
9.73896e-11
1.09179e-10
1.20024e-10
1.29921e-10
1.3891e-10
1.47056e-10
1.54441e-10
1.61149e-10
1.67265e-10
1.72871e-10
1.78038e-10
1.82826e-10
1.87285e-10
1.91452e-10
1.9535e-10
1.98992e-10
2.02381e-10
2.05508e-10
2.08357e-10
2.10905e-10
2.13124e-10
2.14981e-10
2.16441e-10
2.1747e-10
2.18032e-10
2.18022e-10
2.17548e-10
2.16582e-10
2.1498e-10
2.1277e-10
2.09941e-10
2.06493e-10
2.0243e-10
1.97763e-10
1.92511e-10
1.867e-10
1.80364e-10
1.73542e-10
1.66282e-10
1.58633e-10
1.50651e-10
1.42395e-10
1.33924e-10
1.25299e-10
1.1658e-10
1.07823e-10
9.90828e-11
9.04076e-11
8.18409e-11
7.34193e-11
6.5173e-11
5.71262e-11
4.9299e-11
4.17116e-11
3.43921e-11
2.73884e-11
2.07875e-11
1.47379e-11
9.4636e-12
5.24315e-12
2.31029e-12
6.91786e-13
9.36396e-14
5.52672e-16
1.27799e-15
2.16621e-13
1.61223e-12
5.48089e-12
1.27535e-11
2.36217e-11
3.75721e-11
5.36504e-11
7.08169e-11
8.8174e-11
1.05059e-10
1.21042e-10
1.35881e-10
1.49475e-10
1.61815e-10
1.72954e-10
1.8298e-10
1.92003e-10
2.00137e-10
2.07495e-10
2.14184e-10
2.20298e-10
2.25915e-10
2.31098e-10
2.35894e-10
2.40334e-10
2.44434e-10
2.48196e-10
2.51611e-10
2.54659e-10
2.57315e-10
2.59546e-10
2.61316e-10
2.62587e-10
2.63318e-10
2.63474e-10
2.62917e-10
2.61826e-10
2.60166e-10
2.57751e-10
2.54611e-10
2.50758e-10
2.46197e-10
2.4094e-10
2.35005e-10
2.2842e-10
2.21218e-10
2.13441e-10
2.05137e-10
1.96359e-10
1.87168e-10
1.77625e-10
1.67795e-10
1.57745e-10
1.47541e-10
1.37248e-10
1.26928e-10
1.16639e-10
1.06432e-10
9.63535e-11
8.64425e-11
7.67305e-11
6.72434e-11
5.80037e-11
4.90359e-11
4.03762e-11
3.20879e-11
2.42834e-11
1.71494e-11
1.09585e-11
6.03858e-12
2.64672e-12
7.89155e-13
1.06548e-13
6.28304e-16
1.46495e-15
2.48665e-13
1.85758e-12
6.35137e-12
1.48836e-11
2.77719e-11
4.44804e-11
6.38992e-11
8.47528e-11
1.05907e-10
1.26504e-10
1.4598e-10
1.64013e-10
1.80466e-10
1.95324e-10
2.08656e-10
2.20575e-10
2.31222e-10
2.40744e-10
2.49286e-10
2.56983e-10
2.63951e-10
2.70291e-10
2.76079e-10
2.81373e-10
2.86211e-10
2.90612e-10
2.9458e-10
2.98106e-10
3.01169e-10
3.0374e-10
3.05786e-10
3.07267e-10
3.08144e-10
3.08379e-10
3.07921e-10
3.06624e-10
3.04766e-10
3.02205e-10
2.98854e-10
2.94642e-10
2.89644e-10
2.83871e-10
2.77341e-10
2.70081e-10
2.62126e-10
2.53518e-10
2.44305e-10
2.34542e-10
2.2429e-10
2.13614e-10
2.02583e-10
1.91265e-10
1.79733e-10
1.68057e-10
1.56305e-10
1.44542e-10
1.32827e-10
1.21215e-10
1.09753e-10
9.84803e-11
8.74295e-11
7.66268e-11
6.60962e-11
5.58653e-11
4.59769e-11
3.65072e-11
2.7591e-11
1.94494e-11
1.23987e-11
6.81435e-12
2.97919e-12
8.8652e-13
1.19554e-13
7.04729e-16
1.66141e-15
2.82343e-13
2.11538e-12
7.26532e-12
1.71178e-11
3.21212e-11
5.1714e-11
7.46247e-11
9.93284e-11
1.24439e-10
1.48893e-10
1.71981e-10
1.93297e-10
2.12665e-10
2.30067e-10
2.45586e-10
2.59367e-10
2.71583e-10
2.82419e-10
2.92052e-10
3.00648e-10
3.0835e-10
3.15278e-10
3.21525e-10
3.27161e-10
3.32231e-10
3.36759e-10
3.40752e-10
3.44201e-10
3.47085e-10
3.49376e-10
3.51039e-10
3.52036e-10
3.52331e-10
3.51887e-10
3.50614e-10
3.48447e-10
3.4567e-10
3.42056e-10
3.37659e-10
3.32285e-10
3.26063e-10
3.19017e-10
3.11176e-10
3.02574e-10
2.93251e-10
2.83256e-10
2.72645e-10
2.61478e-10
2.49821e-10
2.37744e-10
2.25318e-10
2.12618e-10
1.99717e-10
1.86688e-10
1.73602e-10
1.60524e-10
1.47517e-10
1.34635e-10
1.21925e-10
1.09428e-10
9.71746e-11
8.51919e-11
7.3504e-11
6.21404e-11
5.11486e-11
4.06146e-11
3.06911e-11
2.16279e-11
1.37803e-11
7.56923e-12
3.30738e-12
9.83776e-13
1.3264e-13
7.81853e-16
1.86714e-15
3.17615e-13
2.38542e-12
8.22229e-12
1.94551e-11
3.66656e-11
5.92611e-11
8.57986e-11
1.14489e-10
1.43683e-10
1.72098e-10
1.98874e-10
2.23519e-10
2.45817e-10
2.65747e-10
2.83413e-10
2.9899e-10
3.12689e-10
3.24734e-10
3.3534e-10
3.44703e-10
3.52995e-10
3.60358e-10
3.66903e-10
3.72711e-10
3.77837e-10
3.82312e-10
3.86144e-10
3.89329e-10
3.91847e-10
3.93671e-10
3.94769e-10
3.95106e-10
3.94648e-10
3.93365e-10
3.91119e-10
3.87998e-10
3.8417e-10
3.79418e-10
3.73846e-10
3.67295e-10
3.59803e-10
3.51464e-10
3.42309e-10
3.32378e-10
3.21719e-10
3.10387e-10
2.98439e-10
2.85943e-10
2.72967e-10
2.59583e-10
2.45867e-10
2.31893e-10
2.17739e-10
2.03478e-10
1.89181e-10
1.74915e-10
1.60743e-10
1.46719e-10
1.32891e-10
1.19299e-10
1.05974e-10
9.29419e-11
8.0227e-11
6.78592e-11
5.58886e-11
4.44077e-11
3.35822e-11
2.36846e-11
1.51034e-11
8.30357e-12
3.63145e-12
1.08096e-12
1.45809e-13
8.59686e-16
2.08179e-15
3.54428e-13
2.66733e-12
9.22115e-12
2.18928e-11
4.13989e-11
6.7108e-11
9.73933e-11
1.30187e-10
1.63562e-10
1.96012e-10
2.2652e-10
2.54505e-10
2.79716e-10
3.02129e-10
3.21871e-10
3.39152e-10
3.54225e-10
3.67354e-10
3.78794e-10
3.88777e-10
3.97502e-10
4.05137e-10
4.11809e-10
4.17616e-10
4.22622e-10
4.26864e-10
4.30357e-10
4.33101e-10
4.3508e-10
4.3627e-10
4.36644e-10
4.36172e-10
4.34823e-10
4.32572e-10
4.29237e-10
4.25098e-10
4.20132e-10
4.14194e-10
4.07383e-10
3.9965e-10
3.90883e-10
3.81261e-10
3.70819e-10
3.59602e-10
3.47663e-10
3.35058e-10
3.21852e-10
3.08111e-10
2.93908e-10
2.79317e-10
2.64414e-10
2.49275e-10
2.33977e-10
2.18595e-10
2.032e-10
1.8786e-10
1.72636e-10
1.57585e-10
1.42754e-10
1.28182e-10
1.13901e-10
9.99366e-11
8.63118e-11
7.30566e-11
6.02219e-11
4.79034e-11
3.6275e-11
2.56257e-11
1.63715e-11
9.01884e-12
3.95198e-12
1.17824e-12
1.59081e-13
9.38336e-16
2.30493e-15
3.92708e-13
2.96058e-12
1.02601e-11
2.44265e-11
4.63118e-11
7.52368e-11
1.09378e-10
1.46372e-10
1.84005e-10
2.20537e-10
2.54794e-10
2.86107e-10
3.14186e-10
3.39014e-10
3.60739e-10
3.79614e-10
3.95933e-10
4.10007e-10
4.22132e-10
4.32577e-10
4.41573e-10
4.49311e-10
4.55942e-10
4.61577e-10
4.66292e-10
4.70133e-10
4.73124e-10
4.75268e-10
4.76556e-10
4.76972e-10
4.76492e-10
4.75093e-10
4.72754e-10
4.69427e-10
4.64942e-10
4.5975e-10
4.53602e-10
4.46459e-10
4.38389e-10
4.29484e-10
4.19479e-10
4.08613e-10
3.96934e-10
3.84492e-10
3.71342e-10
3.57544e-10
3.43162e-10
3.28267e-10
3.12931e-10
2.97228e-10
2.81235e-10
2.65029e-10
2.48686e-10
2.32281e-10
2.15885e-10
1.99566e-10
1.83388e-10
1.67405e-10
1.51665e-10
1.36209e-10
1.21069e-10
1.06269e-10
9.18332e-11
7.77904e-11
6.41909e-11
5.11308e-11
3.87878e-11
2.74615e-11
1.759e-11
9.71748e-12
4.26989e-12
1.27587e-12
1.72492e-13
1.01801e-15
2.53602e-15
4.32363e-13
3.26448e-12
1.13367e-11
2.705e-11
5.13913e-11
8.36247e-11
1.21715e-10
1.6299e-10
2.04937e-10
2.45578e-10
2.8358e-10
3.18184e-10
3.49071e-10
3.76226e-10
3.99829e-10
4.20172e-10
4.376e-10
4.52471e-10
4.65126e-10
4.75872e-10
4.84974e-10
4.92653e-10
4.99078e-10
5.04379e-10
5.08646e-10
5.11935e-10
5.14278e-10
5.15688e-10
5.16162e-10
5.1569e-10
5.14258e-10
5.11851e-10
5.08458e-10
5.03958e-10
4.98371e-10
4.92073e-10
4.84744e-10
4.76413e-10
4.67116e-10
4.57021e-10
4.45881e-10
4.33825e-10
4.20977e-10
4.07384e-10
3.93103e-10
3.78193e-10
3.62722e-10
3.46759e-10
3.30376e-10
3.13648e-10
2.96651e-10
2.79462e-10
2.62156e-10
2.44809e-10
2.27492e-10
2.10272e-10
1.93214e-10
1.76373e-10
1.59799e-10
1.43533e-10
1.27608e-10
1.12049e-10
9.68809e-11
8.21308e-11
6.78477e-11
5.41262e-11
4.11438e-11
2.92056e-11
1.87657e-11
1.04026e-11
4.58641e-12
1.3742e-12
1.8609e-13
1.09897e-15
2.77438e-15
4.73278e-13
3.57812e-12
1.24477e-11
2.97551e-11
5.66209e-11
9.2243e-11
1.3436e-10
1.7998e-10
2.26277e-10
2.71035e-10
3.12759e-10
3.50605e-10
3.84222e-10
4.13605e-10
4.38968e-10
4.60648e-10
4.79042e-10
4.94559e-10
5.07586e-10
5.18475e-10
5.27526e-10
5.34988e-10
5.41055e-10
5.45876e-10
5.49554e-10
5.5216e-10
5.53737e-10
5.54304e-10
5.5387e-10
5.52432e-10
5.49985e-10
5.4652e-10
5.42032e-10
5.36336e-10
5.29725e-10
5.22287e-10
5.13808e-10
5.04328e-10
4.93883e-10
4.82628e-10
4.70442e-10
4.57273e-10
4.43334e-10
4.28672e-10
4.13342e-10
3.97403e-10
3.80922e-10
3.63968e-10
3.46614e-10
3.28934e-10
3.11003e-10
2.92898e-10
2.74694e-10
2.56466e-10
2.38286e-10
2.20222e-10
2.02338e-10
1.84693e-10
1.67337e-10
1.50313e-10
1.33657e-10
1.17394e-10
1.01551e-10
8.61534e-11
7.12493e-11
5.69297e-11
4.33689e-11
3.08728e-11
1.99066e-11
1.10777e-11
4.90297e-12
1.47367e-12
1.99932e-13
1.18158e-15
3.01923e-15
5.15316e-13
3.90043e-12
1.3589e-11
3.25316e-11
6.19803e-11
1.01057e-10
1.47263e-10
1.9727e-10
2.47938e-10
2.96803e-10
3.42212e-10
3.83235e-10
4.19496e-10
4.51e-10
4.77999e-10
5.00881e-10
5.20097e-10
5.36109e-10
5.49358e-10
5.60239e-10
5.6909e-10
5.76191e-10
5.81763e-10
5.85975e-10
5.88948e-10
5.90766e-10
5.91482e-10
5.91131e-10
5.89727e-10
5.87279e-10
5.8379e-10
5.79259e-10
5.73659e-10
5.66813e-10
5.59234e-10
5.50691e-10
5.41122e-10
5.30564e-10
5.19054e-10
5.06706e-10
4.93561e-10
4.79376e-10
4.64434e-10
4.48786e-10
4.32485e-10
4.15593e-10
3.98172e-10
3.80293e-10
3.62028e-10
3.43451e-10
3.24636e-10
3.05662e-10
2.86602e-10
2.67534e-10
2.48528e-10
2.29654e-10
2.10979e-10
1.92562e-10
1.74455e-10
1.56706e-10
1.39351e-10
1.2242e-10
1.05938e-10
8.99344e-11
7.44534e-11
5.95823e-11
4.54901e-11
3.24792e-11
2.1021e-11
1.17467e-11
5.22112e-12
1.57475e-12
2.14083e-13
1.26622e-15
3.26966e-15
5.58319e-13
4.23014e-12
1.4756e-11
3.53675e-11
6.74455e-11
1.10028e-10
1.60365e-10
2.14784e-10
2.69824e-10
3.22772e-10
3.71815e-10
4.15942e-10
4.54752e-10
4.88266e-10
5.16777e-10
5.40725e-10
5.60621e-10
5.76987e-10
5.90314e-10
6.01045e-10
6.09561e-10
6.16174e-10
6.21134e-10
6.24631e-10
6.26806e-10
6.27758e-10
6.27554e-10
6.26239e-10
6.23839e-10
6.20373e-10
6.15852e-10
6.10287e-10
6.03558e-10
5.95723e-10
5.87194e-10
5.77629e-10
5.6706e-10
5.55523e-10
5.43054e-10
5.29705e-10
5.1565e-10
5.00594e-10
4.84732e-10
4.68176e-10
4.50978e-10
4.33195e-10
4.14891e-10
3.96135e-10
3.76999e-10
3.57557e-10
3.37888e-10
3.18067e-10
2.98173e-10
2.7828e-10
2.58464e-10
2.38795e-10
2.19341e-10
2.00164e-10
1.81319e-10
1.62857e-10
1.44818e-10
1.27234e-10
1.10134e-10
9.35469e-11
7.75161e-11
6.21245e-11
4.7534e-11
3.40406e-11
2.21174e-11
1.24136e-11
5.54249e-12
1.67792e-12
2.28612e-13
1.3533e-15
3.52464e-15
6.02106e-13
4.56581e-12
1.59433e-11
3.8249e-11
7.2989e-11
1.19109e-10
1.736e-10
2.32436e-10
2.9183e-10
3.48823e-10
4.0144e-10
4.4859e-10
4.8985e-10
5.25262e-10
5.55161e-10
5.80046e-10
6.00489e-10
6.17073e-10
6.30347e-10
6.40803e-10
6.48866e-10
6.54885e-10
6.59137e-10
6.61839e-10
6.63151e-10
6.63189e-10
6.62035e-10
6.59745e-10
6.56358e-10
6.519e-10
6.46388e-10
6.39835e-10
6.32056e-10
6.23411e-10
6.13959e-10
6.03486e-10
5.92033e-10
5.79631e-10
5.66312e-10
5.52111e-10
5.37186e-10
5.21396e-10
5.04696e-10
4.87308e-10
4.69274e-10
4.5065e-10
4.315e-10
4.11892e-10
3.91903e-10
3.71607e-10
3.51085e-10
3.30417e-10
3.09682e-10
2.88959e-10
2.68325e-10
2.47852e-10
2.27611e-10
2.07667e-10
1.88079e-10
1.689e-10
1.50173e-10
1.31937e-10
1.14222e-10
9.70583e-11
8.04897e-11
6.45943e-11
4.95263e-11
3.55724e-11
2.32041e-11
1.30821e-11
5.86867e-12
1.78369e-12
2.43592e-13
1.44326e-15
3.783e-15
6.46474e-13
4.9058e-12
1.71447e-11
4.11606e-11
7.85802e-11
1.2825e-10
1.86895e-10
2.50133e-10
3.13849e-10
3.74832e-10
4.30953e-10
4.8104e-10
5.24652e-10
5.61852e-10
5.93022e-10
6.18721e-10
6.39588e-10
6.56268e-10
6.69373e-10
6.79447e-10
6.86959e-10
6.92298e-10
6.95773e-10
6.97627e-10
6.9804e-10
6.97148e-10
6.95047e-10
6.91806e-10
6.87475e-10
6.82089e-10
6.75674e-10
6.68191e-10
6.59515e-10
6.50187e-10
6.39923e-10
6.28677e-10
6.16475e-10
6.03344e-10
5.89306e-10
5.74385e-10
5.58676e-10
5.42244e-10
5.24807e-10
5.06651e-10
4.8783e-10
4.68397e-10
4.48418e-10
4.27964e-10
4.07113e-10
3.85946e-10
3.64547e-10
3.43002e-10
3.21394e-10
2.99808e-10
2.78323e-10
2.57016e-10
2.3596e-10
2.15224e-10
1.94869e-10
1.74952e-10
1.55521e-10
1.36617e-10
1.18276e-10
1.00529e-10
8.34216e-11
6.70266e-11
5.14904e-11
3.70888e-11
2.42887e-11
1.37559e-11
6.20116e-12
1.89254e-12
2.59092e-13
1.53653e-15
4.0435e-15
6.91204e-13
5.24835e-12
1.83536e-11
4.40853e-11
8.41858e-11
1.37398e-10
2.00175e-10
2.67778e-10
3.35764e-10
4.00674e-10
4.60221e-10
5.13156e-10
5.59021e-10
5.97904e-10
6.30234e-10
6.56637e-10
6.77817e-10
6.94489e-10
7.07326e-10
7.1693e-10
7.23817e-10
7.28415e-10
7.3107e-10
7.3205e-10
7.31559e-10
7.29752e-10
7.2674e-10
7.22606e-10
7.17408e-10
7.11191e-10
7.03986e-10
6.95666e-10
6.86345e-10
6.76402e-10
6.65491e-10
6.53631e-10
6.40839e-10
6.2713e-10
6.12517e-10
5.97016e-10
5.80649e-10
5.63564e-10
5.4556e-10
5.26684e-10
5.07108e-10
4.86882e-10
4.66069e-10
4.44747e-10
4.22999e-10
4.00915e-10
3.78585e-10
3.56104e-10
3.33563e-10
3.11053e-10
2.88659e-10
2.66463e-10
2.44542e-10
2.22968e-10
2.01806e-10
1.81116e-10
1.60949e-10
1.41351e-10
1.2236e-10
1.04013e-10
8.63536e-11
6.94525e-11
5.34478e-11
3.86031e-11
2.5378e-11
1.4438e-11
6.5413e-12
2.00492e-12
2.75179e-13
1.63352e-15
4.30478e-15
7.36056e-13
5.59152e-12
1.95628e-11
4.70048e-11
8.97701e-11
1.46494e-10
2.13358e-10
2.85268e-10
3.57455e-10
4.26216e-10
4.89106e-10
5.448e-10
5.92824e-10
6.33291e-10
6.66683e-10
6.93691e-10
7.15091e-10
7.31668e-10
7.4416e-10
7.53227e-10
7.59437e-10
7.63261e-10
7.65078e-10
7.65188e-10
7.63819e-10
7.61143e-10
7.5729e-10
7.52351e-10
7.46397e-10
7.39473e-10
7.31614e-10
7.22637e-10
7.12889e-10
7.02448e-10
6.91075e-10
6.78783e-10
6.65577e-10
6.51457e-10
6.3642e-10
6.20467e-10
6.03602e-10
5.85904e-10
5.6741e-10
5.47879e-10
5.27573e-10
5.0655e-10
4.84879e-10
4.62644e-10
4.39938e-10
4.1686e-10
3.93515e-10
3.70007e-10
3.4644e-10
3.22915e-10
2.99525e-10
2.7636e-10
2.53501e-10
2.31024e-10
2.08997e-10
1.87482e-10
1.66535e-10
1.46204e-10
1.26531e-10
1.07555e-10
8.93214e-11
7.18986e-11
5.54168e-11
4.01272e-11
2.64773e-11
1.5131e-11
6.89026e-12
2.12122e-12
2.91914e-13
1.73461e-15
4.5654e-15
7.8078e-13
5.9333e-12
2.07646e-11
4.98999e-11
9.52957e-11
1.55477e-10
2.26359e-10
3.02497e-10
3.78801e-10
4.51325e-10
5.1747e-10
5.75835e-10
6.25929e-10
6.67892e-10
7.0226e-10
7.29791e-10
7.51335e-10
7.67749e-10
7.7984e-10
7.88328e-10
7.93835e-10
7.96876e-10
7.97868e-10
7.97141e-10
7.94947e-10
7.9148e-10
7.86884e-10
7.81263e-10
7.74693e-10
7.67227e-10
7.58874e-10
7.49465e-10
7.39466e-10
7.28719e-10
7.17086e-10
7.04563e-10
6.91135e-10
6.76783e-10
6.61487e-10
6.4523e-10
6.28002e-10
6.09807e-10
5.90763e-10
5.70724e-10
5.49691e-10
5.27853e-10
5.0528e-10
4.82065e-10
4.58312e-10
4.34136e-10
4.09659e-10
3.85001e-10
3.60283e-10
3.35618e-10
3.11115e-10
2.8687e-10
2.62974e-10
2.39506e-10
2.16537e-10
1.94132e-10
1.72347e-10
1.51233e-10
1.30834e-10
1.11193e-10
9.23553e-11
7.43873e-11
5.74126e-11
4.16696e-11
2.75918e-11
1.58374e-11
7.24895e-12
2.24177e-12
3.09349e-13
1.84015e-15
4.82386e-15
8.25112e-13
6.27155e-12
2.19512e-11
5.27506e-11
1.00724e-10
1.64287e-10
2.39093e-10
3.19357e-10
3.99679e-10
4.7587e-10
5.45179e-10
6.06127e-10
6.5821e-10
7.01593e-10
7.36865e-10
7.64854e-10
7.86485e-10
8.02691e-10
8.14348e-10
8.2224e-10
8.27042e-10
8.29318e-10
8.29523e-10
8.28019e-10
8.25084e-10
8.20931e-10
8.15719e-10
8.09565e-10
8.02551e-10
7.94732e-10
7.86081e-10
7.76489e-10
7.66415e-10
7.55588e-10
7.4392e-10
7.31383e-10
7.17941e-10
7.03551e-10
6.88171e-10
6.71761e-10
6.54294e-10
6.35752e-10
6.16161e-10
5.95639e-10
5.73928e-10
5.51247e-10
5.27713e-10
5.03429e-10
4.78518e-10
4.53113e-10
4.27357e-10
4.01392e-10
3.75362e-10
3.49399e-10
3.2363e-10
2.98165e-10
2.73103e-10
2.4853e-10
2.2452e-10
2.0114e-10
1.78445e-10
1.56487e-10
1.35311e-10
1.1496e-10
9.548e-11
7.69373e-11
5.94478e-11
4.32376e-11
2.87252e-11
1.65591e-11
7.61808e-12
2.36682e-12
3.27527e-13
1.95042e-15
5.07862e-15
8.68781e-13
6.6041e-12
2.31144e-11
5.55367e-11
1.06016e-10
1.72861e-10
2.51473e-10
3.35743e-10
4.19965e-10
4.99718e-10
5.72097e-10
6.35548e-10
6.89546e-10
7.34284e-10
7.70406e-10
7.98807e-10
8.2049e-10
8.36463e-10
8.47676e-10
8.54978e-10
8.591e-10
8.60654e-10
8.60137e-10
8.57942e-10
8.54374e-10
8.49667e-10
8.43993e-10
8.37478e-10
8.30208e-10
8.22239e-10
8.13551e-10
8.04032e-10
7.94063e-10
7.83405e-10
7.71943e-10
7.59627e-10
7.46393e-10
7.32171e-10
7.16894e-10
7.00497e-10
6.82927e-10
6.64149e-10
6.4415e-10
6.23017e-10
6.0074e-10
5.77186e-10
5.52622e-10
5.27169e-10
5.00969e-10
4.74179e-10
4.46967e-10
4.19508e-10
3.9197e-10
3.64514e-10
3.3729e-10
3.10427e-10
2.84037e-10
2.58216e-10
2.33042e-10
2.0858e-10
1.84886e-10
1.6201e-10
1.39994e-10
1.18881e-10
9.87166e-11
7.95637e-11
6.15327e-11
4.48371e-11
2.98792e-11
1.72984e-11
7.99801e-12
2.49654e-12
3.46481e-13
2.06564e-15
5.32811e-15
9.11512e-13
6.92876e-12
2.42462e-11
5.8238e-11
1.11132e-10
1.81136e-10
2.63414e-10
3.51547e-10
4.3954e-10
5.22742e-10
5.98097e-10
6.63971e-10
7.19822e-10
7.65866e-10
8.02798e-10
8.31585e-10
8.53305e-10
8.69046e-10
8.79828e-10
8.86569e-10
8.90059e-10
8.9096e-10
8.89808e-10
8.87032e-10
8.82963e-10
8.77855e-10
8.71893e-10
8.65211e-10
8.57897e-10
8.50001e-10
8.41537e-10
8.32382e-10
8.22713e-10
8.12483e-10
8.01482e-10
7.89634e-10
7.76843e-10
7.63011e-10
7.48037e-10
7.31828e-10
7.14306e-10
6.95411e-10
6.75114e-10
6.53413e-10
6.3046e-10
6.06118e-10
5.80449e-10
5.53718e-10
5.26085e-10
4.97735e-10
4.68871e-10
4.39698e-10
4.10423e-10
3.81243e-10
3.52336e-10
3.23859e-10
2.95944e-10
2.68697e-10
2.42204e-10
2.16531e-10
1.9173e-10
1.67846e-10
1.44917e-10
1.22982e-10
1.02083e-10
8.22793e-11
6.36756e-11
4.6473e-11
3.10568e-11
1.80551e-11
8.3889e-12
2.63101e-12
3.66231e-13
2.18598e-15
5.57077e-15
9.53032e-13
7.24334e-12
2.53385e-11
6.08345e-11
1.16036e-10
1.89053e-10
2.74833e-10
3.66667e-10
4.58287e-10
5.44818e-10
6.23053e-10
6.91279e-10
7.4893e-10
7.96243e-10
8.33966e-10
8.63132e-10
8.84897e-10
9.00425e-10
9.10814e-10
9.17047e-10
9.19976e-10
9.20312e-10
9.18636e-10
9.15409e-10
9.10991e-10
9.05654e-10
8.99597e-10
8.9296e-10
8.85831e-10
8.78254e-10
8.70236e-10
8.61748e-10
8.52665e-10
8.43092e-10
8.32813e-10
8.21692e-10
8.09592e-10
7.9638e-10
7.81924e-10
7.66095e-10
7.48783e-10
7.29904e-10
7.09403e-10
6.8726e-10
6.63538e-10
6.38408e-10
6.11617e-10
5.83502e-10
5.54289e-10
5.24196e-10
4.93461e-10
4.62334e-10
4.31064e-10
3.99892e-10
3.69037e-10
3.3869e-10
3.0901e-10
2.80123e-10
2.52124e-10
2.2508e-10
1.9904e-10
1.7404e-10
1.50112e-10
1.27284e-10
1.05594e-10
8.5095e-11
6.58837e-11
4.81492e-11
3.22596e-11
1.88291e-11
8.79059e-12
2.77021e-12
3.86785e-13
2.31152e-15
5.80507e-15
9.93073e-13
7.54572e-12
2.63835e-11
6.33073e-11
1.2069e-10
1.96555e-10
2.85651e-10
3.81007e-10
4.76096e-10
5.65828e-10
6.46848e-10
7.17359e-10
7.76768e-10
8.2533e-10
8.63841e-10
8.93399e-10
9.15237e-10
9.30597e-10
9.40649e-10
9.46449e-10
9.48907e-10
9.48787e-10
9.46715e-10
9.43185e-10
9.38585e-10
9.33206e-10
9.27258e-10
9.20888e-10
9.14183e-10
9.0718e-10
8.99873e-10
8.92217e-10
8.84137e-10
8.75493e-10
8.66145e-10
8.56023e-10
8.44866e-10
8.32515e-10
8.18803e-10
8.0356e-10
7.86643e-10
7.67935e-10
7.47355e-10
7.24863e-10
7.0047e-10
6.74358e-10
6.46529e-10
6.16928e-10
5.85991e-10
5.53967e-10
5.21137e-10
4.87798e-10
4.54251e-10
4.2079e-10
3.87685e-10
3.55173e-10
3.23449e-10
2.92666e-10
2.62935e-10
2.34327e-10
2.06888e-10
1.80643e-10
1.55612e-10
1.31811e-10
1.09265e-10
8.80203e-11
6.81627e-11
4.98686e-11
3.34882e-11
1.96203e-11
9.20274e-12
2.91406e-12
4.0814e-13
2.4423e-15
6.02951e-15
1.03138e-12
7.83387e-12
2.7374e-11
6.56386e-11
1.25061e-10
2.03588e-10
2.95795e-10
3.94475e-10
4.92863e-10
5.85663e-10
6.69372e-10
7.42106e-10
8.03243e-10
8.53048e-10
8.92361e-10
9.22344e-10
9.44304e-10
9.59558e-10
9.69353e-10
9.74813e-10
9.76909e-10
9.7646e-10
9.74133e-10
9.70462e-10
9.65857e-10
9.60631e-10
9.55005e-10
9.49129e-10
9.43088e-10
9.36911e-10
9.30575e-10
9.24015e-10
9.17124e-10
9.09755e-10
9.01755e-10
8.92777e-10
8.82814e-10
8.71562e-10
8.58834e-10
8.44396e-10
8.28072e-10
8.09708e-10
7.89192e-10
7.6646e-10
7.41506e-10
7.14388e-10
6.85424e-10
6.54371e-10
6.2157e-10
5.87435e-10
5.52286e-10
5.16472e-10
4.80352e-10
4.44282e-10
4.08595e-10
3.73585e-10
3.39497e-10
3.06521e-10
2.7479e-10
2.44388e-10
2.15358e-10
1.87713e-10
1.61456e-10
1.36586e-10
1.13112e-10
9.10644e-11
7.05178e-11
5.16336e-11
3.4743e-11
2.0428e-11
9.62479e-12
3.06238e-12
4.3028e-13
2.57827e-15
6.24271e-15
1.0677e-12
8.1059e-12
2.83031e-11
6.78119e-11
1.29119e-10
2.10105e-10
3.05198e-10
4.06989e-10
5.08492e-10
6.0422e-10
6.90523e-10
7.65425e-10
8.28268e-10
8.79324e-10
9.19471e-10
9.49931e-10
9.7208e-10
9.87311e-10
9.96946e-10
1.00218e-09
1.00403e-09
1.00339e-09
1.00097e-09
9.97323e-10
9.92898e-10
9.88023e-10
9.82931e-10
9.77775e-10
9.72636e-10
9.6753e-10
9.62419e-10
9.57213e-10
9.51774e-10
9.45923e-10
9.3945e-10
9.32101e-10
9.23628e-10
9.13557e-10
9.02076e-10
8.88664e-10
8.73141e-10
8.55311e-10
8.35022e-10
8.12178e-10
7.86748e-10
7.58771e-10
7.28516e-10
6.96073e-10
6.61328e-10
6.24931e-10
5.87257e-10
5.48711e-10
5.09721e-10
4.70712e-10
4.32091e-10
3.94221e-10
3.57412e-10
3.21904e-10
2.87866e-10
2.55399e-10
2.24548e-10
1.95318e-10
1.6769e-10
1.41639e-10
1.17151e-10
9.4237e-11
7.29539e-11
5.3446e-11
3.60241e-11
2.12516e-11
1.00561e-11
3.21494e-12
4.53179e-13
2.71931e-15
6.44334e-15
1.10182e-12
8.36006e-12
2.91648e-11
6.98129e-11
1.32836e-10
2.16062e-10
3.13801e-10
4.18473e-10
5.22899e-10
6.2141e-10
7.10209e-10
7.87229e-10
8.51767e-10
9.04095e-10
9.45123e-10
9.76128e-10
9.98551e-10
1.01386e-09
1.02345e-09
1.02857e-09
1.03033e-09
1.02965e-09
1.02728e-09
1.02384e-09
1.01978e-09
1.01545e-09
1.0111e-09
1.00688e-09
1.00287e-09
9.99068e-10
9.95422e-10
9.91813e-10
9.88076e-10
9.83994e-10
9.79316e-10
9.73756e-10
9.67016e-10
9.58786e-10
9.48502e-10
9.36306e-10
9.21806e-10
9.04717e-10
8.84843e-10
8.6205e-10
8.36283e-10
8.07565e-10
7.76013e-10
7.42088e-10
7.05491e-10
6.66707e-10
6.26333e-10
5.84826e-10
5.42682e-10
5.00406e-10
4.58488e-10
4.17379e-10
3.77463e-10
3.39048e-10
3.02353e-10
2.6751e-10
2.34573e-10
2.03538e-10
1.74365e-10
1.47001e-10
1.21401e-10
9.75484e-11
7.54763e-11
5.5308e-11
3.73316e-11
2.20902e-11
1.04957e-11
3.37144e-12
4.76799e-13
2.86523e-15
6.63022e-15
1.13352e-12
8.59483e-12
2.99539e-11
7.16292e-11
1.36189e-10
2.21424e-10
3.21556e-10
4.28866e-10
5.36011e-10
6.37151e-10
7.2835e-10
8.07441e-10
8.7367e-10
9.27304e-10
9.69275e-10
1.00091e-09
1.02371e-09
1.03921e-09
1.04887e-09
1.05403e-09
1.05584e-09
1.05527e-09
1.05313e-09
1.05005e-09
1.04654e-09
1.04295e-09
1.03954e-09
1.03646e-09
1.03378e-09
1.0315e-09
1.02954e-09
1.02775e-09
1.02595e-09
1.02387e-09
1.02122e-09
1.01769e-09
1.01292e-09
1.00655e-09
9.98216e-10
9.87318e-10
9.73893e-10
9.57772e-10
9.38524e-10
9.15974e-10
8.9003e-10
8.60687e-10
8.2803e-10
7.92467e-10
7.54132e-10
7.12916e-10
6.69712e-10
6.25051e-10
5.79498e-10
5.33646e-10
4.88079e-10
4.43343e-10
3.99918e-10
3.58195e-10
3.18459e-10
2.80889e-10
2.45559e-10
2.12465e-10
1.81545e-10
1.52712e-10
1.25885e-10
1.01011e-10
7.80906e-11
5.72215e-11
3.86652e-11
2.29429e-11
1.09428e-11
3.53149e-12
5.01093e-13
3.01579e-15
6.80232e-15
1.16264e-12
8.80888e-12
3.06659e-11
7.3251e-11
1.39161e-10
2.26163e-10
3.2842e-10
4.38115e-10
5.47765e-10
6.51376e-10
7.44875e-10
8.25993e-10
8.93918e-10
9.489e-10
9.91887e-10
1.02425e-09
1.04754e-09
1.06336e-09
1.07324e-09
1.07858e-09
1.08058e-09
1.08029e-09
1.07853e-09
1.076e-09
1.07321e-09
1.07053e-09
1.06824e-09
1.06649e-09
1.06533e-09
1.06476e-09
1.06468e-09
1.06491e-09
1.06523e-09
1.06536e-09
1.06496e-09
1.06367e-09
1.06109e-09
1.05681e-09
1.05041e-09
1.04151e-09
1.02939e-09
1.01418e-09
9.95792e-10
9.73704e-10
9.47783e-10
9.17993e-10
8.84405e-10
8.47211e-10
8.07079e-10
7.63593e-10
7.17478e-10
6.69519e-10
6.20351e-10
5.70651e-10
5.21104e-10
4.72367e-10
4.25027e-10
3.79579e-10
3.36393e-10
2.95711e-10
2.57647e-10
2.22202e-10
1.89299e-10
1.58818e-10
1.3063e-10
1.04638e-10
8.08036e-11
5.91889e-11
4.00249e-11
2.38084e-11
1.13963e-11
3.6947e-12
5.26001e-13
3.17068e-15
6.95875e-15
1.18903e-12
9.00115e-12
3.12973e-11
7.46708e-11
1.41739e-10
2.30259e-10
3.34365e-10
4.46181e-10
5.58113e-10
6.64031e-10
7.59727e-10
8.42829e-10
9.12459e-10
9.6884e-10
1.01293e-09
1.04612e-09
1.07003e-09
1.08632e-09
1.09657e-09
1.10224e-09
1.1046e-09
1.10473e-09
1.10353e-09
1.1017e-09
1.09979e-09
1.09819e-09
1.09718e-09
1.09691e-09
1.09745e-09
1.09874e-09
1.10069e-09
1.10311e-09
1.10572e-09
1.10823e-09
1.11025e-09
1.11138e-09
1.11118e-09
1.10919e-09
1.10494e-09
1.09799e-09
1.08791e-09
1.07385e-09
1.05623e-09
1.03484e-09
1.00917e-09
9.79132e-10
9.44769e-10
9.06233e-10
8.64106e-10
8.18586e-10
7.69573e-10
7.18242e-10
6.65311e-10
6.11544e-10
5.57733e-10
5.04649e-10
4.53006e-10
4.03415e-10
3.56356e-10
3.12155e-10
2.70981e-10
2.32861e-10
1.97708e-10
1.65368e-10
1.35665e-10
1.08447e-10
8.36227e-11
6.1213e-11
4.14111e-11
2.46855e-11
1.18552e-11
3.86057e-12
5.51455e-13
3.32951e-15
7.0988e-15
1.21256e-12
9.17084e-12
3.1846e-11
7.58839e-11
1.43914e-10
2.33697e-10
3.39372e-10
4.53037e-10
5.6702e-10
6.75073e-10
7.72861e-10
8.57904e-10
9.29252e-10
9.8709e-10
1.03237e-09
1.06652e-09
1.09119e-09
1.10809e-09
1.11886e-09
1.12502e-09
1.1279e-09
1.12862e-09
1.12812e-09
1.12717e-09
1.12629e-09
1.12591e-09
1.12628e-09
1.12759e-09
1.12993e-09
1.13325e-09
1.1374e-09
1.14211e-09
1.14714e-09
1.15215e-09
1.15674e-09
1.16044e-09
1.16278e-09
1.16324e-09
1.16132e-09
1.15652e-09
1.14835e-09
1.13638e-09
1.11954e-09
1.09885e-09
1.07368e-09
1.04363e-09
1.00872e-09
9.69088e-10
9.25015e-10
8.77415e-10
8.25803e-10
7.71089e-10
7.1432e-10
6.56339e-10
5.98038e-10
5.40313e-10
4.84011e-10
4.2988e-10
3.78527e-10
3.30387e-10
2.85707e-10
2.44557e-10
2.06856e-10
1.72422e-10
1.41026e-10
1.12455e-10
8.65567e-11
6.32973e-11
4.28244e-11
2.55725e-11
1.2318e-11
4.02858e-12
5.77376e-13
3.49183e-15
7.22194e-15
1.23315e-12
9.31739e-12
3.23104e-11
7.68881e-11
1.45684e-10
2.36476e-10
3.43434e-10
4.5867e-10
5.74465e-10
6.84475e-10
7.84245e-10
8.71185e-10
9.44264e-10
1.00362e-09
1.0502e-09
1.08544e-09
1.11101e-09
1.12868e-09
1.14013e-09
1.14695e-09
1.15052e-09
1.15199e-09
1.1523e-09
1.15216e-09
1.15229e-09
1.15314e-09
1.15501e-09
1.15806e-09
1.16233e-09
1.16777e-09
1.17421e-09
1.18144e-09
1.1891e-09
1.19678e-09
1.20402e-09
1.21039e-09
1.21538e-09
1.21844e-09
1.219e-09
1.21651e-09
1.21045e-09
1.20033e-09
1.18552e-09
1.16516e-09
1.14069e-09
1.11087e-09
1.07565e-09
1.03512e-09
9.89524e-10
9.39586e-10
8.85743e-10
8.27767e-10
7.67173e-10
7.04912e-10
6.41976e-10
5.79383e-10
5.18122e-10
4.59092e-10
4.03047e-10
3.50552e-10
3.0196e-10
2.57405e-10
2.16831e-10
1.80038e-10
1.4675e-10
1.16683e-10
8.96152e-11
6.54453e-11
4.42666e-11
2.64672e-11
1.27835e-11
4.19817e-12
6.03676e-13
3.65713e-15
7.32782e-15
1.25075e-12
9.44056e-12
3.26903e-11
7.7684e-11
1.4705e-10
2.38597e-10
3.46552e-10
4.63079e-10
5.80443e-10
6.92225e-10
7.9386e-10
8.82649e-10
9.57474e-10
1.01842e-09
1.0664e-09
1.10286e-09
1.12949e-09
1.1481e-09
1.16042e-09
1.16802e-09
1.17223e-09
1.17437e-09
1.17551e-09
1.17652e-09
1.17799e-09
1.18034e-09
1.18388e-09
1.18877e-09
1.19502e-09
1.20259e-09
1.2113e-09
1.22091e-09
1.2311e-09
1.24149e-09
1.25158e-09
1.26077e-09
1.26848e-09
1.27421e-09
1.27736e-09
1.27731e-09
1.2735e-09
1.26537e-09
1.25241e-09
1.23381e-09
1.20943e-09
1.1801e-09
1.14485e-09
1.1037e-09
1.05689e-09
1.0048e-09
9.48563e-10
8.87847e-10
8.23508e-10
7.56993e-10
6.89368e-10
6.21769e-10
5.55325e-10
4.91096e-10
4.30001e-10
3.72759e-10
3.19852e-10
2.71508e-10
2.27718e-10
1.88281e-10
1.52878e-10
1.21155e-10
9.28084e-11
6.76598e-11
4.57359e-11
2.73693e-11
1.32508e-11
4.36877e-12
6.3026e-13
3.82484e-15
7.4163e-15
1.26534e-12
9.54033e-12
3.29863e-11
7.82745e-11
1.4802e-10
2.40073e-10
3.48742e-10
4.66276e-10
5.84961e-10
6.98322e-10
8.017e-10
8.92286e-10
9.68869e-10
1.03147e-09
1.08096e-09
1.1188e-09
1.14664e-09
1.16622e-09
1.17931e-09
1.18768e-09
1.19285e-09
1.19612e-09
1.19848e-09
1.20076e-09
1.20358e-09
1.20743e-09
1.21263e-09
1.21933e-09
1.22758e-09
1.23731e-09
1.24833e-09
1.26039e-09
1.27313e-09
1.28609e-09
1.29883e-09
1.31082e-09
1.32144e-09
1.32997e-09
1.33576e-09
1.33825e-09
1.3368e-09
1.33081e-09
1.31971e-09
1.30304e-09
1.27974e-09
1.2505e-09
1.2155e-09
1.17402e-09
1.12625e-09
1.07252e-09
1.01365e-09
9.5061e-10
8.82799e-10
8.12161e-10
7.39895e-10
6.67249e-10
5.95491e-10
5.25844e-10
4.59403e-10
3.97064e-10
3.39463e-10
2.86952e-10
2.39593e-10
1.97209e-10
1.5945e-10
1.25893e-10
9.61475e-11
6.99445e-11
4.72321e-11
2.82778e-11
1.37185e-11
4.53975e-12
6.57022e-13
3.99431e-15
7.48742e-15
1.27694e-12
9.61698e-12
3.32e-11
7.8665e-11
1.48606e-10
2.40922e-10
3.50027e-10
4.68287e-10
5.88038e-10
7.0278e-10
8.07769e-10
9.00092e-10
9.78444e-10
1.04278e-09
1.09388e-09
1.133e-09
1.16195e-09
1.18266e-09
1.197e-09
1.20662e-09
1.21302e-09
1.21744e-09
1.22099e-09
1.22455e-09
1.22878e-09
1.23416e-09
1.24104e-09
1.24958e-09
1.25981e-09
1.27167e-09
1.28497e-09
1.29943e-09
1.31467e-09
1.33025e-09
1.34565e-09
1.36028e-09
1.37356e-09
1.38487e-09
1.39348e-09
1.39864e-09
1.39964e-09
1.3959e-09
1.38682e-09
1.37182e-09
1.35049e-09
1.32152e-09
1.28674e-09
1.2452e-09
1.19677e-09
1.14178e-09
1.08071e-09
1.01488e-09
9.44415e-10
8.69845e-10
7.93087e-10
7.15463e-10
6.38368e-10
5.63182e-10
4.91184e-10
4.2346e-10
3.60829e-10
3.03793e-10
2.52519e-10
2.06877e-10
1.66505e-10
1.30922e-10
9.96441e-11
7.23033e-11
4.87554e-11
2.91915e-11
1.41855e-11
4.71045e-12
6.83847e-13
4.16483e-15
7.5414e-15
1.28559e-12
9.67101e-12
3.3334e-11
7.8863e-11
1.48822e-10
2.41171e-10
3.50438e-10
4.69145e-10
5.89706e-10
7.05621e-10
8.12077e-10
9.06065e-10
9.86184e-10
1.05212e-09
1.10466e-09
1.14535e-09
1.17592e-09
1.19817e-09
1.21388e-09
1.22477e-09
1.2324e-09
1.23807e-09
1.24292e-09
1.24783e-09
1.25351e-09
1.26046e-09
1.26901e-09
1.27935e-09
1.29153e-09
1.30546e-09
1.32095e-09
1.33772e-09
1.35538e-09
1.37347e-09
1.39146e-09
1.40876e-09
1.42471e-09
1.43863e-09
1.44983e-09
1.4576e-09
1.46121e-09
1.45989e-09
1.45297e-09
1.43991e-09
1.42012e-09
1.39277e-09
1.35771e-09
1.31634e-09
1.26754e-09
1.21157e-09
1.14888e-09
1.08019e-09
1.00731e-09
9.29329e-10
8.48334e-10
7.65913e-10
6.83572e-10
6.02841e-10
5.25176e-10
4.51864e-10
3.83929e-10
3.2205e-10
2.66533e-10
2.17325e-10
1.74078e-10
1.36264e-10
1.0331e-10
7.47402e-11
5.03058e-11
3.01089e-11
1.46504e-11
4.88018e-12
7.10609e-13
4.33559e-15
7.57867e-15
1.29137e-12
9.70319e-12
3.33917e-11
7.88779e-11
1.48689e-10
2.4085e-10
3.50018e-10
4.68894e-10
5.90003e-10
7.06869e-10
8.14632e-10
9.10194e-10
9.91793e-10
1.05941e-09
1.11385e-09
1.15639e-09
1.18864e-09
1.21246e-09
1.22965e-09
1.24197e-09
1.25097e-09
1.25801e-09
1.26423e-09
1.27057e-09
1.27773e-09
1.28623e-09
1.29644e-09
1.30853e-09
1.32257e-09
1.33847e-09
1.35605e-09
1.375e-09
1.39495e-09
1.41542e-09
1.43587e-09
1.45569e-09
1.47422e-09
1.49075e-09
1.50455e-09
1.51485e-09
1.5209e-09
1.52196e-09
1.5173e-09
1.50622e-09
1.48818e-09
1.46265e-09
1.42843e-09
1.3865e-09
1.33761e-09
1.28097e-09
1.21697e-09
1.14626e-09
1.07025e-09
9.89789e-10
9.04904e-10
8.17967e-10
7.30591e-10
6.44429e-10
5.61105e-10
4.82107e-10
4.08674e-10
3.41693e-10
2.81641e-10
2.28576e-10
1.82193e-10
1.41937e-10
1.07155e-10
7.72588e-11
5.18831e-11
3.10285e-11
1.51118e-11
5.04817e-12
7.37172e-13
4.50574e-15
7.59988e-15
1.29439e-12
9.71454e-12
3.33772e-11
7.87212e-11
1.48229e-10
2.39994e-10
3.48814e-10
4.67584e-10
5.88969e-10
7.06545e-10
8.15426e-10
9.1218e-10
9.95505e-10
1.06506e-09
1.12139e-09
1.16578e-09
1.19986e-09
1.22544e-09
1.2443e-09
1.2582e-09
1.26871e-09
1.27723e-09
1.28492e-09
1.29272e-09
1.30138e-09
1.31143e-09
1.32325e-09
1.33702e-09
1.35282e-09
1.37057e-09
1.39008e-09
1.41106e-09
1.43312e-09
1.45579e-09
1.47852e-09
1.50069e-09
1.52164e-09
1.54065e-09
1.55694e-09
1.56973e-09
1.57822e-09
1.58162e-09
1.57915e-09
1.57009e-09
1.55378e-09
1.5297e-09
1.49746e-09
1.45559e-09
1.40622e-09
1.34904e-09
1.28407e-09
1.21179e-09
1.13306e-09
1.04988e-09
9.61972e-10
8.7088e-10
7.7879e-10
6.87438e-10
5.9859e-10
5.13925e-10
4.34903e-10
3.62638e-10
2.97812e-10
2.40629e-10
1.90862e-10
1.47956e-10
1.11188e-10
7.98618e-11
5.34867e-11
3.19485e-11
1.55681e-11
5.21364e-12
7.63389e-13
4.67432e-15
7.60594e-15
1.29483e-12
9.70637e-12
3.32958e-11
7.84063e-11
1.47468e-10
2.38646e-10
3.46906e-10
4.65408e-10
5.86958e-10
7.05191e-10
8.14974e-10
9.13301e-10
9.98385e-10
1.06975e-09
1.12792e-09
1.17411e-09
1.20991e-09
1.23715e-09
1.25778e-09
1.27345e-09
1.28563e-09
1.29574e-09
1.30496e-09
1.31428e-09
1.32445e-09
1.33602e-09
1.34938e-09
1.36475e-09
1.38218e-09
1.40163e-09
1.4229e-09
1.44571e-09
1.46968e-09
1.49434e-09
1.51914e-09
1.54347e-09
1.56664e-09
1.58793e-09
1.60655e-09
1.6217e-09
1.63254e-09
1.63822e-09
1.63792e-09
1.63087e-09
1.61636e-09
1.5938e-09
1.56275e-09
1.52249e-09
1.47294e-09
1.41516e-09
1.34921e-09
1.27567e-09
1.19506e-09
1.10873e-09
1.01851e-09
9.23812e-10
8.27431e-10
7.31248e-10
6.37144e-10
5.46961e-10
4.62375e-10
3.84741e-10
3.1497e-10
2.53455e-10
2.0008e-10
1.54322e-10
1.15413e-10
8.25507e-11
5.51155e-11
3.28667e-11
1.60177e-11
5.37571e-12
7.891e-13
4.84029e-15
7.5985e-15
1.29305e-12
9.68273e-12
3.31645e-11
7.7983e-11
1.46522e-10
2.37024e-10
3.44612e-10
4.6263e-10
5.84059e-10
7.02489e-10
8.13198e-10
9.12826e-10
9.99521e-10
1.07274e-09
1.13292e-09
1.18118e-09
1.21906e-09
1.24827e-09
1.27059e-09
1.28783e-09
1.30175e-09
1.31356e-09
1.32439e-09
1.33526e-09
1.34694e-09
1.36e-09
1.37484e-09
1.39168e-09
1.41062e-09
1.43159e-09
1.45443e-09
1.47886e-09
1.50451e-09
1.53092e-09
1.55754e-09
1.58377e-09
1.60893e-09
1.63229e-09
1.65305e-09
1.67037e-09
1.6834e-09
1.69125e-09
1.69305e-09
1.68797e-09
1.67524e-09
1.65421e-09
1.62436e-09
1.58535e-09
1.53627e-09
1.47847e-09
1.41186e-09
1.33699e-09
1.2549e-09
1.16624e-09
1.07308e-09
9.75919e-10
8.75703e-10
7.75149e-10
6.76179e-10
5.80763e-10
4.90769e-10
4.0779e-10
3.32991e-10
2.66988e-10
2.09819e-10
1.61029e-10
1.19828e-10
8.53243e-11
5.67675e-11
3.3781e-11
1.64588e-11
5.53348e-12
8.14135e-13
5.00251e-15
7.57796e-15
1.289e-12
9.64228e-12
3.29803e-11
7.74367e-11
1.45334e-10
2.34971e-10
3.41625e-10
4.58868e-10
5.79816e-10
6.9843e-10
8.09832e-10
9.10606e-10
9.98841e-10
1.07389e-09
1.13609e-09
1.18647e-09
1.22651e-09
1.25792e-09
1.28241e-09
1.30169e-09
1.31725e-09
1.33076e-09
1.34325e-09
1.3557e-09
1.36888e-09
1.38339e-09
1.39964e-09
1.41785e-09
1.43814e-09
1.46046e-09
1.48466e-09
1.51048e-09
1.53755e-09
1.56544e-09
1.59361e-09
1.62147e-09
1.64835e-09
1.6735e-09
1.69614e-09
1.71542e-09
1.73045e-09
1.7403e-09
1.74407e-09
1.74086e-09
1.72986e-09
1.71034e-09
1.68171e-09
1.6436e-09
1.59572e-09
1.53745e-09
1.47094e-09
1.39525e-09
1.31161e-09
1.22132e-09
1.12524e-09
1.02606e-09
9.22725e-10
8.18363e-10
7.15028e-10
6.14793e-10
5.1968e-10
4.31508e-10
3.51699e-10
2.81127e-10
2.20028e-10
1.68052e-10
1.24424e-10
8.81786e-11
5.84396e-11
3.46885e-11
1.68893e-11
5.68596e-12
8.38307e-13
5.15975e-15
7.545e-15
1.28285e-12
9.58559e-12
3.27365e-11
7.67606e-11
1.43915e-10
2.32554e-10
3.38109e-10
4.54347e-10
5.74758e-10
6.93347e-10
8.05242e-10
9.07037e-10
9.9674e-10
1.0736e-09
1.13786e-09
1.19044e-09
1.23273e-09
1.26637e-09
1.29305e-09
1.31446e-09
1.33214e-09
1.34739e-09
1.36161e-09
1.37567e-09
1.39036e-09
1.40628e-09
1.42385e-09
1.44332e-09
1.46481e-09
1.48829e-09
1.51363e-09
1.54059e-09
1.56882e-09
1.59791e-09
1.62733e-09
1.65651e-09
1.68478e-09
1.71143e-09
1.73566e-09
1.75662e-09
1.7734e-09
1.78504e-09
1.79057e-09
1.78905e-09
1.77963e-09
1.76157e-09
1.73416e-09
1.69698e-09
1.64979e-09
1.59216e-09
1.52497e-09
1.44924e-09
1.36463e-09
1.27273e-09
1.17489e-09
1.07284e-09
9.67683e-10
8.60078e-10
7.52968e-10
6.48444e-10
5.48635e-10
4.55549e-10
3.70866e-10
2.95732e-10
2.30627e-10
1.75353e-10
1.29184e-10
9.11051e-11
6.01269e-11
3.55858e-11
1.73069e-11
5.83207e-12
8.61416e-13
5.31065e-15
7.50148e-15
1.27492e-12
9.51667e-12
3.24546e-11
7.5984e-11
1.42304e-10
2.29821e-10
3.34132e-10
4.49315e-10
5.69012e-10
6.87357e-10
7.99582e-10
9.02268e-10
9.93359e-10
1.07201e-09
1.13834e-09
1.19318e-09
1.23783e-09
1.27383e-09
1.30284e-09
1.32648e-09
1.34628e-09
1.3636e-09
1.37957e-09
1.39527e-09
1.41147e-09
1.42877e-09
1.44759e-09
1.4682e-09
1.49073e-09
1.51519e-09
1.54145e-09
1.5693e-09
1.59841e-09
1.6284e-09
1.65875e-09
1.6889e-09
1.71821e-09
1.746e-09
1.77151e-09
1.79384e-09
1.81205e-09
1.82517e-09
1.8322e-09
1.83214e-09
1.82401e-09
1.80706e-09
1.78072e-09
1.74453e-09
1.69809e-09
1.6413e-09
1.57374e-09
1.49766e-09
1.41289e-09
1.31984e-09
1.22062e-09
1.11626e-09
1.00938e-09
8.99456e-10
7.89239e-10
6.81056e-10
5.77097e-10
4.79511e-10
3.90209e-10
3.10622e-10
2.41509e-10
1.82872e-10
1.34076e-10
9.40899e-11
6.18223e-11
3.64687e-11
1.77089e-11
5.97065e-12
8.83244e-13
5.45376e-15
7.44922e-15
1.2655e-12
9.43743e-12
3.21424e-11
7.51531e-11
1.40591e-10
2.26925e-10
3.29937e-10
4.43905e-10
5.62698e-10
6.80632e-10
7.93029e-10
8.96477e-10
9.88869e-10
1.06927e-09
1.13768e-09
1.19484e-09
1.24194e-09
1.28043e-09
1.3119e-09
1.33792e-09
1.35996e-09
1.37938e-09
1.39724e-09
1.41464e-09
1.43236e-09
1.45101e-09
1.47101e-09
1.49266e-09
1.51609e-09
1.54133e-09
1.56829e-09
1.59677e-09
1.62648e-09
1.65705e-09
1.68802e-09
1.71884e-09
1.74901e-09
1.7777e-09
1.80411e-09
1.82739e-09
1.8466e-09
1.86076e-09
1.86882e-09
1.8698e-09
1.86274e-09
1.84676e-09
1.82113e-09
1.78539e-09
1.73948e-09
1.68334e-09
1.6166e-09
1.54007e-09
1.45495e-09
1.36189e-09
1.26136e-09
1.15586e-09
1.04681e-09
9.35703e-10
8.23079e-10
7.11943e-10
6.04483e-10
5.02935e-10
4.09397e-10
3.25577e-10
2.52536e-10
1.90529e-10
1.3906e-10
9.71122e-11
6.35158e-11
3.7332e-11
1.80925e-11
6.10042e-12
9.03555e-13
5.58747e-15
7.39007e-15
1.25494e-12
9.35046e-12
3.18076e-11
7.42784e-11
1.38819e-10
2.2394e-10
3.25571e-10
4.38218e-10
5.55979e-10
6.73359e-10
7.85784e-10
8.89873e-10
9.83478e-10
1.06558e-09
1.13609e-09
1.19561e-09
1.24524e-09
1.28634e-09
1.3204e-09
1.34893e-09
1.37336e-09
1.39498e-09
1.41478e-09
1.43393e-09
1.4532e-09
1.47317e-09
1.4943e-09
1.51688e-09
1.54108e-09
1.56692e-09
1.59435e-09
1.62319e-09
1.6532e-09
1.68403e-09
1.71528e-09
1.7464e-09
1.77676e-09
1.80573e-09
1.83252e-09
1.85628e-09
1.87608e-09
1.89089e-09
1.8997e-09
1.90144e-09
1.89513e-09
1.87988e-09
1.85493e-09
1.81974e-09
1.77399e-09
1.71773e-09
1.65154e-09
1.57539e-09
1.49044e-09
1.39712e-09
1.29672e-09
1.19032e-09
1.07993e-09
9.67791e-10
8.53743e-10
7.40415e-10
6.30188e-10
5.25325e-10
4.28058e-10
3.4034e-10
2.63541e-10
1.98225e-10
1.44079e-10
1.00143e-10
6.51934e-11
3.8169e-11
1.84539e-11
6.21996e-12
9.22093e-13
5.71006e-15
7.32618e-15
1.24364e-12
9.25864e-12
3.14603e-11
7.33839e-11
1.3702e-10
2.20914e-10
3.21135e-10
4.32401e-10
5.49042e-10
6.65752e-10
7.78082e-10
8.82699e-10
9.77433e-10
1.06119e-09
1.13379e-09
1.19572e-09
1.24796e-09
1.29177e-09
1.32855e-09
1.35973e-09
1.3867e-09
1.4104e-09
1.43232e-09
1.45332e-09
1.47416e-09
1.49546e-09
1.51767e-09
1.54109e-09
1.5659e-09
1.59216e-09
1.61983e-09
1.64877e-09
1.67875e-09
1.70948e-09
1.7406e-09
1.7715e-09
1.80164e-09
1.83041e-09
1.85706e-09
1.88075e-09
1.90056e-09
1.91548e-09
1.92446e-09
1.92646e-09
1.92047e-09
1.90557e-09
1.881e-09
1.84621e-09
1.80086e-09
1.74493e-09
1.67862e-09
1.60245e-09
1.51785e-09
1.42526e-09
1.32525e-09
1.21887e-09
1.1082e-09
9.9492e-10
8.80538e-10
7.65801e-10
6.53602e-10
5.4616e-10
4.4578e-10
3.54612e-10
2.74332e-10
2.05839e-10
1.49061e-10
1.03144e-10
6.68368e-11
3.89711e-11
1.8789e-11
6.32773e-12
9.38583e-13
5.81966e-15
7.26004e-15
1.23202e-12
9.1652e-12
3.11119e-11
7.24965e-11
1.35246e-10
2.17933e-10
3.16754e-10
4.26622e-10
5.4209e-10
6.5805e-10
7.70191e-10
8.75241e-10
9.71028e-10
1.05641e-09
1.13109e-09
1.19546e-09
1.25038e-09
1.297e-09
1.33662e-09
1.3706e-09
1.39994e-09
1.42597e-09
1.45009e-09
1.47299e-09
1.49544e-09
1.51805e-09
1.54128e-09
1.56544e-09
1.59073e-09
1.61722e-09
1.64489e-09
1.67363e-09
1.70324e-09
1.73344e-09
1.76389e-09
1.79424e-09
1.82363e-09
1.8516e-09
1.87748e-09
1.90044e-09
1.91959e-09
1.93394e-09
1.94245e-09
1.9441e-09
1.93788e-09
1.92288e-09
1.89835e-09
1.86372e-09
1.81867e-09
1.76314e-09
1.69734e-09
1.62175e-09
1.53712e-09
1.44475e-09
1.34584e-09
1.2408e-09
1.13046e-09
1.017e-09
9.02647e-10
7.87462e-10
6.74131e-10
5.64914e-10
4.6213e-10
3.68073e-10
2.8469e-10
2.13226e-10
1.53921e-10
1.06068e-10
6.84218e-11
3.97278e-11
1.90931e-11
6.42205e-12
9.52732e-13
5.91427e-15
7.19458e-15
1.22057e-12
9.07379e-12
3.0775e-11
7.16468e-11
1.33556e-10
2.15094e-10
3.12566e-10
4.21067e-10
5.35358e-10
6.50529e-10
7.62417e-10
8.6783e-10
9.64611e-10
1.05157e-09
1.12832e-09
1.19516e-09
1.25283e-09
1.30235e-09
1.34494e-09
1.3815e-09
1.41324e-09
1.44194e-09
1.46826e-09
1.49306e-09
1.5171e-09
1.54099e-09
1.56518e-09
1.58998e-09
1.6156e-09
1.64211e-09
1.66953e-09
1.69775e-09
1.7266e-09
1.75581e-09
1.78503e-09
1.814e-09
1.84227e-09
1.86889e-09
1.89325e-09
1.91473e-09
1.93244e-09
1.94543e-09
1.95273e-09
1.95332e-09
1.94624e-09
1.93064e-09
1.90578e-09
1.87107e-09
1.82622e-09
1.77115e-09
1.70607e-09
1.63142e-09
1.54789e-09
1.45634e-09
1.35793e-09
1.25432e-09
1.14592e-09
1.03355e-09
9.19374e-10
8.04844e-10
6.91217e-10
5.81071e-10
4.76665e-10
3.80373e-10
2.94368e-10
2.20228e-10
1.58558e-10
1.08855e-10
6.99182e-11
4.04253e-11
1.93603e-11
6.50115e-12
9.64234e-13
5.99174e-15
7.13339e-15
1.20982e-12
8.98874e-12
3.04648e-11
7.08707e-11
1.32016e-10
2.12503e-10
3.08726e-10
4.1594e-10
5.29102e-10
6.43495e-10
7.55109e-10
8.60847e-10
9.58578e-10
1.04708e-09
1.12591e-09
1.19523e-09
1.25568e-09
1.30818e-09
1.35335e-09
1.39235e-09
1.42705e-09
1.45829e-09
1.48698e-09
1.51404e-09
1.53999e-09
1.56534e-09
1.59052e-09
1.61583e-09
1.64149e-09
1.66761e-09
1.6942e-09
1.72124e-09
1.74859e-09
1.7762e-09
1.80366e-09
1.83052e-09
1.85651e-09
1.88111e-09
1.90345e-09
1.9226e-09
1.93798e-09
1.94876e-09
1.95401e-09
1.95278e-09
1.94417e-09
1.92734e-09
1.90159e-09
1.86647e-09
1.82171e-09
1.76724e-09
1.70323e-09
1.63004e-09
1.54827e-09
1.45865e-09
1.36239e-09
1.25999e-09
1.15318e-09
1.04326e-09
9.30628e-10
8.17313e-10
7.04328e-10
5.94137e-10
4.88945e-10
3.91148e-10
3.03095e-10
2.26667e-10
1.62856e-10
1.11434e-10
7.12881e-11
4.10468e-11
1.95844e-11
6.56322e-12
9.72768e-13
6.0496e-15
7.08053e-15
1.20051e-12
8.91546e-12
3.02002e-11
7.02127e-11
1.30711e-10
2.10295e-10
3.05422e-10
4.11488e-10
5.23625e-10
6.373e-10
7.4866e-10
8.54714e-10
9.5337e-10
1.04339e-09
1.12426e-09
1.19607e-09
1.25927e-09
1.31397e-09
1.3617e-09
1.40432e-09
1.44247e-09
1.47681e-09
1.50815e-09
1.53723e-09
1.56475e-09
1.59125e-09
1.61714e-09
1.64272e-09
1.66821e-09
1.69373e-09
1.71933e-09
1.74495e-09
1.77051e-09
1.79575e-09
1.82045e-09
1.84428e-09
1.86682e-09
1.88773e-09
1.90655e-09
1.92254e-09
1.93476e-09
1.94233e-09
1.94461e-09
1.94081e-09
1.93007e-09
1.91161e-09
1.88476e-09
1.84912e-09
1.80446e-09
1.7507e-09
1.68796e-09
1.61656e-09
1.53701e-09
1.44999e-09
1.35675e-09
1.25767e-09
1.15326e-09
1.04525e-09
9.35482e-10
8.24348e-10
7.13015e-10
6.03657e-10
4.9854e-10
4.0003e-10
3.10584e-10
2.32347e-10
1.66686e-10
1.13725e-10
7.24891e-11
4.15708e-11
1.97581e-11
6.60351e-12
9.77297e-13
6.08228e-15
7.04095e-15
1.19349e-12
8.86048e-12
3.00037e-11
6.97261e-11
1.29739e-10
2.08623e-10
3.02872e-10
4.07992e-10
5.19267e-10
6.32335e-10
7.435e-10
8.49881e-10
9.4944e-10
1.04094e-09
1.12379e-09
1.19783e-09
1.26305e-09
1.32103e-09
1.37279e-09
1.41875e-09
1.45972e-09
1.49654e-09
1.52991e-09
1.5606e-09
1.5893e-09
1.61654e-09
1.64272e-09
1.66816e-09
1.69305e-09
1.71751e-09
1.7416e-09
1.76528e-09
1.78843e-09
1.81085e-09
1.83233e-09
1.85257e-09
1.87121e-09
1.8879e-09
1.90213e-09
1.91348e-09
1.92137e-09
1.92502e-09
1.92357e-09
1.91624e-09
1.9025e-09
1.8818e-09
1.8536e-09
1.8175e-09
1.77323e-09
1.72067e-09
1.65986e-09
1.59101e-09
1.51451e-09
1.43089e-09
1.3413e-09
1.24613e-09
1.14543e-09
1.04076e-09
9.33262e-10
8.25202e-10
7.16815e-10
6.09202e-10
5.05042e-10
4.06648e-10
3.1653e-10
2.37046e-10
1.69906e-10
1.15637e-10
7.34662e-11
4.19735e-11
1.9862e-11
6.61892e-12
9.7815e-13
6.09086e-15
7.02048e-15
1.18978e-12
8.83167e-12
2.99031e-11
6.9475e-11
1.29216e-10
2.07667e-10
3.01321e-10
4.05762e-10
5.16391e-10
6.29002e-10
7.40054e-10
8.46773e-10
9.47174e-10
1.04005e-09
1.1246e-09
1.20073e-09
1.26911e-09
1.3305e-09
1.38509e-09
1.43349e-09
1.47664e-09
1.51539e-09
1.55054e-09
1.58266e-09
1.6123e-09
1.63996e-09
1.666e-09
1.69072e-09
1.71432e-09
1.73692e-09
1.75859e-09
1.7793e-09
1.79898e-09
1.81751e-09
1.83469e-09
1.85034e-09
1.86417e-09
1.87584e-09
1.88494e-09
1.89105e-09
1.89366e-09
1.89232e-09
1.88651e-09
1.87561e-09
1.85899e-09
1.83611e-09
1.80668e-09
1.7703e-09
1.72672e-09
1.67583e-09
1.61755e-09
1.55195e-09
1.47928e-09
1.39991e-09
1.31494e-09
1.22461e-09
1.12859e-09
1.02848e-09
9.25236e-10
8.19902e-10
7.14737e-10
6.10386e-10
5.08061e-10
4.10637e-10
3.20624e-10
2.40529e-10
1.72363e-10
1.17069e-10
7.41545e-11
4.22304e-11
1.98975e-11
6.61362e-12
9.75287e-13
6.07489e-15
7.02542e-15
1.19051e-12
8.83846e-12
2.99322e-11
6.95374e-11
1.29279e-10
2.0763e-10
3.01037e-10
4.0512e-10
5.15352e-10
6.27658e-10
7.38661e-10
8.45682e-10
9.46863e-10
1.04074e-09
1.12687e-09
1.20542e-09
1.27633e-09
1.3397e-09
1.39629e-09
1.44685e-09
1.49199e-09
1.53242e-09
1.56881e-09
1.60171e-09
1.63162e-09
1.65897e-09
1.68411e-09
1.70732e-09
1.72879e-09
1.74865e-09
1.76699e-09
1.78382e-09
1.79911e-09
1.81279e-09
1.82473e-09
1.83481e-09
1.84283e-09
1.84856e-09
1.85173e-09
1.85204e-09
1.84914e-09
1.84268e-09
1.83224e-09
1.81746e-09
1.79795e-09
1.77328e-09
1.74303e-09
1.7069e-09
1.66459e-09
1.61587e-09
1.56076e-09
1.49913e-09
1.43107e-09
1.3568e-09
1.27744e-09
1.19272e-09
1.10231e-09
1.00768e-09
9.09631e-10
8.09103e-10
7.07208e-10
6.06148e-10
5.07223e-10
4.11638e-10
3.22548e-10
2.42539e-10
1.73886e-10
1.17915e-10
7.44855e-11
4.23069e-11
1.9862e-11
6.58046e-12
9.6771e-13
6.02814e-15
7.06113e-15
1.19645e-12
8.88463e-12
3.01023e-11
6.99694e-11
1.30078e-10
2.08734e-10
3.02289e-10
4.06355e-10
5.16423e-10
6.28464e-10
7.39181e-10
8.46239e-10
9.47703e-10
1.04257e-09
1.13007e-09
1.2098e-09
1.28201e-09
1.34693e-09
1.40503e-09
1.45691e-09
1.50313e-09
1.5443e-09
1.58099e-09
1.6137e-09
1.64288e-09
1.66893e-09
1.69217e-09
1.71285e-09
1.7312e-09
1.74735e-09
1.76142e-09
1.77346e-09
1.78349e-09
1.79152e-09
1.79751e-09
1.80141e-09
1.80312e-09
1.80255e-09
1.79955e-09
1.79396e-09
1.78559e-09
1.77421e-09
1.75957e-09
1.74141e-09
1.71943e-09
1.69331e-09
1.66276e-09
1.62742e-09
1.58701e-09
1.54124e-09
1.48988e-09
1.43286e-09
1.37011e-09
1.3017e-09
1.2288e-09
1.15031e-09
1.06635e-09
9.78074e-10
8.86113e-10
7.91277e-10
6.94572e-10
5.97232e-10
5.01369e-10
4.09168e-10
3.21981e-10
2.42807e-10
1.74284e-10
1.1806e-10
7.43826e-11
4.21506e-11
1.97257e-11
6.5138e-12
9.54834e-13
5.94724e-15
7.13878e-15
1.20969e-12
8.98836e-12
3.04687e-11
7.07927e-11
1.31523e-10
2.10833e-10
3.04837e-10
4.08961e-10
5.18739e-10
6.30493e-10
7.40988e-10
8.47827e-10
9.49193e-10
1.04391e-09
1.13139e-09
1.21132e-09
1.28377e-09
1.34893e-09
1.40721e-09
1.45907e-09
1.50503e-09
1.54559e-09
1.58126e-09
1.61249e-09
1.63969e-09
1.66323e-09
1.68342e-09
1.70052e-09
1.71476e-09
1.72631e-09
1.73532e-09
1.74191e-09
1.74618e-09
1.74818e-09
1.74799e-09
1.74563e-09
1.74115e-09
1.73454e-09
1.72579e-09
1.71485e-09
1.70167e-09
1.68613e-09
1.66811e-09
1.64741e-09
1.62383e-09
1.59712e-09
1.56698e-09
1.53311e-09
1.49519e-09
1.4529e-09
1.4059e-09
1.35402e-09
1.29707e-09
1.2353e-09
1.16924e-09
1.09745e-09
1.02067e-09
9.39493e-10
8.5441e-10
7.66091e-10
6.7542e-10
5.83527e-10
4.91731e-10
4.022e-10
3.18255e-10
2.41049e-10
1.7335e-10
1.1738e-10
7.37766e-11
4.16745e-11
1.94746e-11
6.41036e-12
9.36247e-13
5.82956e-15
7.26763e-15
1.23196e-12
9.16367e-12
3.10951e-11
7.22452e-11
1.33969e-10
2.14158e-10
3.08792e-10
4.13232e-10
5.22927e-10
6.3401e-10
7.4338e-10
8.48596e-10
9.48237e-10
1.04127e-09
1.1271e-09
1.20543e-09
1.27629e-09
1.33985e-09
1.39645e-09
1.4465e-09
1.49043e-09
1.52871e-09
1.56179e-09
1.59009e-09
1.61399e-09
1.63384e-09
1.64996e-09
1.66262e-09
1.67208e-09
1.67854e-09
1.68221e-09
1.68326e-09
1.68185e-09
1.67815e-09
1.67228e-09
1.66438e-09
1.65456e-09
1.64293e-09
1.62955e-09
1.61449e-09
1.59775e-09
1.57933e-09
1.55914e-09
1.53708e-09
1.51297e-09
1.4866e-09
1.45771e-09
1.42599e-09
1.39111e-09
1.35271e-09
1.31042e-09
1.26397e-09
1.21312e-09
1.15857e-09
1.09912e-09
1.03457e-09
9.65428e-10
8.91898e-10
8.14331e-10
7.33249e-10
6.49393e-10
5.63765e-10
4.77638e-10
3.92266e-10
3.1086e-10
2.36631e-10
1.70861e-10
1.1574e-10
7.26044e-11
4.09184e-11
1.9098e-11
6.26682e-12
9.11518e-13
5.67241e-15
7.45541e-15
1.26465e-12
9.42132e-12
3.20038e-11
7.43496e-11
1.37635e-10
2.19249e-10
3.14779e-10
4.19182e-10
5.2768e-10
6.36358e-10
7.4255e-10
8.44249e-10
9.40059e-10
1.0291e-09
1.11087e-09
1.18518e-09
1.25206e-09
1.31171e-09
1.36442e-09
1.41058e-09
1.4506e-09
1.48491e-09
1.51391e-09
1.53801e-09
1.55757e-09
1.57295e-09
1.58447e-09
1.59241e-09
1.59706e-09
1.59866e-09
1.59746e-09
1.59368e-09
1.58755e-09
1.57927e-09
1.56904e-09
1.55705e-09
1.54348e-09
1.52848e-09
1.51218e-09
1.49467e-09
1.47602e-09
1.45624e-09
1.43531e-09
1.41314e-09
1.3896e-09
1.36449e-09
1.33756e-09
1.30853e-09
1.27708e-09
1.24275e-09
1.20533e-09
1.1643e-09
1.12017e-09
1.07194e-09
1.01927e-09
9.62274e-10
9.00949e-10
8.35379e-10
7.65775e-10
6.92509e-10
6.16163e-10
5.3758e-10
4.57923e-10
3.78125e-10
3.01301e-10
2.2961e-10
1.66184e-10
1.12826e-10
7.06746e-11
3.97734e-11
1.85655e-11
6.07694e-12
8.80059e-13
5.47282e-15
7.70795e-15
1.3089e-12
9.76995e-12
3.32148e-11
7.70494e-11
1.42081e-10
2.24967e-10
3.20707e-10
4.2357e-10
5.28822e-10
6.3296e-10
7.33503e-10
8.28796e-10
9.17775e-10
9.99818e-10
1.07462e-09
1.14212e-09
1.20242e-09
1.25577e-09
1.30247e-09
1.34289e-09
1.37744e-09
1.4065e-09
1.43047e-09
1.44973e-09
1.46464e-09
1.47552e-09
1.4827e-09
1.48648e-09
1.48715e-09
1.48497e-09
1.4802e-09
1.4731e-09
1.46391e-09
1.45287e-09
1.44018e-09
1.42607e-09
1.41073e-09
1.39432e-09
1.37699e-09
1.35883e-09
1.33992e-09
1.3203e-09
1.29995e-09
1.27881e-09
1.25676e-09
1.23362e-09
1.20916e-09
1.18317e-09
1.1553e-09
1.12505e-09
1.09246e-09
1.05722e-09
1.01855e-09
9.76529e-10
9.30797e-10
8.81201e-10
8.2765e-10
7.70134e-10
7.08743e-10
6.43709e-10
5.75453e-10
5.04633e-10
4.32186e-10
3.58902e-10
2.87646e-10
2.20563e-10
1.59922e-10
1.08454e-10
6.79012e-11
3.82049e-11
1.78562e-11
5.835e-12
8.41376e-13
5.22834e-15
8.02597e-15
1.36493e-12
1.02094e-11
3.47011e-11
8.01811e-11
1.46694e-10
2.2994e-10
3.24096e-10
4.22984e-10
5.22026e-10
6.18147e-10
7.09435e-10
7.94767e-10
8.73529e-10
9.4544e-10
1.01044e-09
1.06862e-09
1.1202e-09
1.16545e-09
1.20471e-09
1.23833e-09
1.26669e-09
1.29013e-09
1.30904e-09
1.32373e-09
1.33454e-09
1.34177e-09
1.34572e-09
1.34666e-09
1.34487e-09
1.3406e-09
1.33409e-09
1.3256e-09
1.31534e-09
1.30354e-09
1.29042e-09
1.27618e-09
1.26096e-09
1.24498e-09
1.2283e-09
1.21102e-09
1.19323e-09
1.17496e-09
1.15622e-09
1.13694e-09
1.11702e-09
1.0963e-09
1.07455e-09
1.05178e-09
1.02759e-09
1.00141e-09
9.73234e-10
9.4278e-10
9.09661e-10
8.73648e-10
8.3449e-10
7.91991e-10
7.46011e-10
6.96473e-10
6.4337e-10
5.86817e-10
5.27093e-10
4.64673e-10
4.00093e-10
3.34333e-10
2.69641e-10
2.08015e-10
1.51728e-10
1.03304e-10
6.46258e-11
3.62184e-11
1.69479e-11
5.53465e-12
7.95042e-13
4.93711e-15
8.4009e-15
1.43125e-12
1.07225e-11
3.63515e-11
8.32962e-11
1.50348e-10
2.32072e-10
3.21548e-10
4.12603e-10
5.01246e-10
5.85232e-10
6.63463e-10
7.35484e-10
8.0118e-10
8.60614e-10
9.13948e-10
9.61412e-10
1.00327e-09
1.03982e-09
1.07137e-09
1.09824e-09
1.12074e-09
1.13919e-09
1.15386e-09
1.16504e-09
1.17298e-09
1.17796e-09
1.18019e-09
1.17993e-09
1.17739e-09
1.17278e-09
1.16631e-09
1.1582e-09
1.14862e-09
1.13777e-09
1.12583e-09
1.113e-09
1.09931e-09
1.08511e-09
1.07025e-09
1.05487e-09
1.03909e-09
1.02294e-09
1.00642e-09
9.89492e-10
9.72073e-10
9.54093e-10
9.35341e-10
9.15615e-10
8.94689e-10
8.72307e-10
8.48289e-10
8.22406e-10
7.94395e-10
7.64017e-10
7.31049e-10
6.95297e-10
6.56607e-10
6.14869e-10
5.69994e-10
5.2202e-10
4.71113e-10
4.17557e-10
3.61533e-10
3.04206e-10
2.47063e-10
1.91826e-10
1.40741e-10
9.62005e-11
6.02269e-11
3.36798e-11
1.57869e-11
5.1675e-12
7.40576e-13
4.59796e-15
8.80883e-15
1.50333e-12
1.12607e-11
3.78996e-11
8.55097e-11
1.5107e-10
2.27954e-10
3.08342e-10
3.86919e-10
4.60893e-10
5.292e-10
5.91656e-10
6.48436e-10
6.9982e-10
7.46097e-10
7.87546e-10
8.24433e-10
8.57009e-10
8.85508e-10
9.10173e-10
9.31259e-10
9.48993e-10
9.6359e-10
9.75256e-10
9.84189e-10
9.90578e-10
9.94607e-10
9.96452e-10
9.96284e-10
9.94269e-10
9.90568e-10
9.85337e-10
9.78733e-10
9.7091e-10
9.61995e-10
9.52136e-10
9.41662e-10
9.30363e-10
9.18404e-10
9.05944e-10
8.93126e-10
8.80011e-10
8.6654e-10
8.52677e-10
8.38373e-10
8.23562e-10
8.0814e-10
7.92023e-10
7.75128e-10
7.57334e-10
7.38456e-10
7.18325e-10
6.9675e-10
6.73524e-10
6.48445e-10
6.21323e-10
5.91988e-10
5.60292e-10
5.26134e-10
4.89326e-10
4.49888e-10
4.079e-10
3.63441e-10
3.1678e-10
2.68654e-10
2.19964e-10
1.72093e-10
1.27047e-10
8.72796e-11
5.47728e-11
3.0598e-11
1.4378e-11
4.72948e-12
6.77774e-13
4.21136e-15
9.20265e-15
1.57178e-12
1.17228e-11
3.88403e-11
8.53273e-11
1.46244e-10
2.13541e-10
2.80069e-10
3.42189e-10
3.98767e-10
4.49915e-10
4.96145e-10
5.37987e-10
5.75871e-10
6.10123e-10
6.40993e-10
6.68684e-10
6.93376e-10
7.15283e-10
7.34551e-10
7.51255e-10
7.65516e-10
7.77459e-10
7.8721e-10
7.94894e-10
8.00632e-10
8.04542e-10
8.06743e-10
8.0735e-10
8.06476e-10
8.0423e-10
8.0072e-10
7.96063e-10
7.90387e-10
7.83733e-10
7.76515e-10
7.68341e-10
7.59503e-10
7.5007e-10
7.40104e-10
7.29667e-10
7.18785e-10
7.0751e-10
6.95854e-10
6.83795e-10
6.7131e-10
6.5837e-10
6.4493e-10
6.30936e-10
6.16287e-10
6.00804e-10
5.84424e-10
5.66991e-10
5.48336e-10
5.2831e-10
5.06764e-10
4.83556e-10
4.58558e-10
4.31657e-10
4.02738e-10
3.71725e-10
3.38592e-10
3.03444e-10
2.66447e-10
2.27744e-10
1.88052e-10
1.4853e-10
1.10727e-10
7.65483e-11
4.82264e-11
2.69557e-11
1.2697e-11
4.21602e-12
6.07213e-13
3.78078e-15
9.50304e-15
1.62012e-12
1.19292e-11
3.83613e-11
8.0817e-11
1.32823e-10
1.86182e-10
2.3591e-10
2.80483e-10
3.20198e-10
3.55855e-10
3.8818e-10
4.17687e-10
4.44709e-10
4.69448e-10
4.92036e-10
5.12559e-10
5.3108e-10
5.4765e-10
5.62341e-10
5.75236e-10
5.86402e-10
5.95904e-10
6.03808e-10
6.10183e-10
6.15099e-10
6.18626e-10
6.20837e-10
6.21804e-10
6.21599e-10
6.20288e-10
6.17936e-10
6.14644e-10
6.10619e-10
6.05869e-10
6.00214e-10
5.93923e-10
5.87081e-10
5.79687e-10
5.71787e-10
5.63535e-10
5.54893e-10
5.45904e-10
5.36598e-10
5.27001e-10
5.17105e-10
5.06877e-10
4.9628e-10
4.85271e-10
4.7379e-10
4.61754e-10
4.49085e-10
4.35689e-10
4.21462e-10
4.06295e-10
3.90081e-10
3.72712e-10
3.54089e-10
3.34115e-10
3.127e-10
2.89763e-10
2.65298e-10
2.39247e-10
2.11524e-10
1.8233e-10
1.52045e-10
1.21385e-10
9.15213e-11
6.40484e-11
4.05931e-11
2.27576e-11
1.07442e-11
3.62482e-12
5.28873e-13
3.30963e-15
9.59071e-15
1.6229e-12
1.16342e-11
3.56963e-11
7.12765e-11
1.10802e-10
1.47938e-10
1.80637e-10
2.09205e-10
2.34573e-10
2.57541e-10
2.78636e-10
2.98164e-10
3.16286e-10
3.33082e-10
3.48589e-10
3.62817e-10
3.75746e-10
3.87398e-10
3.97811e-10
4.0702e-10
4.15058e-10
4.21956e-10
4.27747e-10
4.32468e-10
4.36157e-10
4.38857e-10
4.40609e-10
4.41458e-10
4.41447e-10
4.40608e-10
4.3896e-10
4.36859e-10
4.3406e-10
4.3057e-10
4.26506e-10
4.2205e-10
4.17152e-10
4.11848e-10
4.06174e-10
4.00184e-10
3.93901e-10
3.87352e-10
3.80558e-10
3.73537e-10
3.66294e-10
3.58822e-10
3.51106e-10
3.43121e-10
3.34836e-10
3.26208e-10
3.17189e-10
3.07721e-10
2.97743e-10
2.87186e-10
2.7598e-10
2.64053e-10
2.51333e-10
2.3775e-10
2.23238e-10
2.07744e-10
1.91194e-10
1.73509e-10
1.54651e-10
1.34614e-10
1.13565e-10
9.18754e-11
7.02522e-11
4.9826e-11
3.2018e-11
1.80564e-11
8.55732e-12
2.96007e-12
4.42814e-13
2.80219e-15
9.34008e-15
1.55473e-12
1.05871e-11
2.9966e-11
5.52047e-11
7.99476e-11
1.01475e-10
1.19888e-10
1.36008e-10
1.50529e-10
1.63888e-10
1.76327e-10
1.87967e-10
1.9886e-10
2.09022e-10
2.18453e-10
2.2715e-10
2.35132e-10
2.42385e-10
2.48899e-10
2.5468e-10
2.59737e-10
2.64086e-10
2.67743e-10
2.70727e-10
2.73061e-10
2.74769e-10
2.75874e-10
2.76398e-10
2.76363e-10
2.75788e-10
2.74934e-10
2.73427e-10
2.71568e-10
2.69334e-10
2.66739e-10
2.63839e-10
2.60657e-10
2.57219e-10
2.53549e-10
2.49672e-10
2.4561e-10
2.41381e-10
2.37e-10
2.32479e-10
2.27826e-10
2.23041e-10
2.1812e-10
2.13053e-10
2.07825e-10
2.02418e-10
1.96805e-10
1.9096e-10
1.84847e-10
1.7843e-10
1.71669e-10
1.64521e-10
1.56944e-10
1.48891e-10
1.4032e-10
1.31182e-10
1.21421e-10
1.10972e-10
9.9797e-11
8.78737e-11
7.51813e-11
6.18281e-11
4.81517e-11
3.48033e-11
2.27452e-11
1.3006e-11
6.21897e-12
2.21568e-12
3.49942e-13
2.26335e-15
8.44294e-15
1.34401e-12
8.18334e-12
2.04221e-11
3.37344e-11
4.54447e-11
5.53119e-11
6.38114e-11
7.14057e-11
7.8385e-11
8.49058e-11
9.10411e-11
9.68196e-11
1.02248e-10
1.07322e-10
1.12032e-10
1.16374e-10
1.20347e-10
1.23948e-10
1.27174e-10
1.30027e-10
1.3251e-10
1.3463e-10
1.36397e-10
1.3782e-10
1.38912e-10
1.39683e-10
1.40148e-10
1.403e-10
1.40203e-10
1.39876e-10
1.3927e-10
1.38444e-10
1.37411e-10
1.36188e-10
1.34789e-10
1.33235e-10
1.3154e-10
1.29719e-10
1.27786e-10
1.25753e-10
1.23632e-10
1.21432e-10
1.19163e-10
1.1683e-10
1.14438e-10
1.1199e-10
1.09483e-10
1.06915e-10
1.04282e-10
1.01576e-10
9.8789e-11
9.5908e-11
9.29191e-11
8.98059e-11
8.65502e-11
8.31322e-11
7.95309e-11
7.57238e-11
7.16865e-11
6.73926e-11
6.28106e-11
5.7903e-11
5.2627e-11
4.6937e-11
4.07963e-11
3.42051e-11
2.72582e-11
2.0221e-11
1.35773e-11
7.95206e-12
3.87132e-12
1.42498e-12
2.49223e-13
1.69329e-15
6.52522e-15
9.14582e-13
4.44752e-12
9.21467e-12
1.35885e-11
1.72319e-11
2.03232e-11
2.30553e-11
2.55526e-11
2.78823e-11
3.00775e-11
3.21512e-11
3.41068e-11
3.59425e-11
3.76549e-11
3.92386e-11
4.06914e-11
4.20137e-11
4.32051e-11
4.42658e-11
4.51965e-11
4.59993e-11
4.66768e-11
4.72327e-11
4.76708e-11
4.79957e-11
4.82123e-11
4.83245e-11
4.83225e-11
4.82601e-11
4.81074e-11
4.78611e-11
4.75424e-11
4.7156e-11
4.67074e-11
4.6202e-11
4.56456e-11
4.50437e-11
4.44014e-11
4.37235e-11
4.30143e-11
4.22777e-11
4.15171e-11
4.07357e-11
3.99358e-11
3.91193e-11
3.82859e-11
3.74348e-11
3.65673e-11
3.56823e-11
3.47789e-11
3.38545e-11
3.29061e-11
3.19296e-11
3.09202e-11
2.98724e-11
2.87802e-11
2.76368e-11
2.64345e-11
2.51649e-11
2.38182e-11
2.23826e-11
2.08433e-11
1.91819e-11
1.73753e-11
1.53978e-11
1.32268e-11
1.086e-11
8.34639e-12
5.82616e-12
3.54375e-12
1.77865e-12
6.75962e-13
1.39466e-13
1.09392e-15
3.58497e-15
3.22363e-13
1.01073e-12
1.6636e-12
2.21596e-12
2.69111e-12
3.11286e-12
3.49877e-12
3.85919e-12
4.19953e-12
4.52226e-12
4.82811e-12
5.11692e-12
5.38815e-12
5.64114e-12
5.87542e-12
6.09052e-12
6.28611e-12
6.46213e-12
6.61863e-12
6.75581e-12
6.87399e-12
6.97365e-12
7.05532e-12
7.11967e-12
7.16737e-12
7.19919e-12
7.21581e-12
7.21497e-12
7.20641e-12
7.18511e-12
7.14865e-12
7.10263e-12
7.04662e-12
6.98149e-12
6.90809e-12
6.82725e-12
6.73975e-12
6.64634e-12
6.54773e-12
6.44456e-12
6.33742e-12
6.22683e-12
6.11325e-12
5.99709e-12
5.87858e-12
5.75694e-12
5.63251e-12
5.50611e-12
5.37769e-12
5.24717e-12
5.11432e-12
4.9788e-12
4.84015e-12
4.6978e-12
4.55108e-12
4.39919e-12
4.24123e-12
4.07615e-12
3.90275e-12
3.71955e-12
3.52479e-12
3.31614e-12
3.09057e-12
2.84405e-12
2.57137e-12
2.26637e-12
1.92341e-12
1.54138e-12
1.13136e-12
7.26152e-13
3.81294e-13
1.49355e-13
3.49379e-14
5.04945e-16
8.10045e-16
3.68288e-15
7.17922e-15
1.04298e-14
1.3376e-14
1.60407e-14
1.84909e-14
2.0783e-14
2.29515e-14
2.50148e-14
2.69811e-14
2.8852e-14
3.06251e-14
3.22965e-14
3.38615e-14
3.53163e-14
3.66574e-14
3.7883e-14
3.89919e-14
3.99842e-14
4.08606e-14
4.16228e-14
4.22731e-14
4.28145e-14
4.32506e-14
4.35853e-14
4.38231e-14
4.39686e-14
4.40103e-14
4.39868e-14
4.39024e-14
4.37275e-14
4.34842e-14
4.31794e-14
4.28179e-14
4.24044e-14
4.19438e-14
4.14408e-14
4.09e-14
4.03255e-14
3.97215e-14
3.90916e-14
3.84392e-14
3.77672e-14
3.70782e-14
3.6376e-14
3.56648e-14
3.4941e-14
3.42057e-14
3.34593e-14
3.27018e-14
3.19324e-14
3.11497e-14
3.03519e-14
2.95362e-14
2.86994e-14
2.78373e-14
2.69452e-14
2.60176e-14
2.50478e-14
2.40277e-14
2.29476e-14
2.17946e-14
2.05516e-14
1.91956e-14
1.76947e-14
1.60071e-14
1.40831e-14
1.18783e-14
9.38848e-15
6.71489e-15
4.13005e-15
2.0373e-15
7.28507e-16
1.45818e-16
)
;

boundaryField
{
    movingWall
    {
        type            nutkWallFunction;
        Cmu             0.09;
        kappa           0.41;
        E               9.8;
        value           uniform 0;
    }
    fixedWalls
    {
        type            nutkWallFunction;
        Cmu             0.09;
        kappa           0.41;
        E               9.8;
        value           uniform 0;
    }
    frontAndBack
    {
        type            empty;
    }
}


// ************************************************************************* //
