/*--------------------------------*- C++ -*----------------------------------*\
  =========                 |
  \\      /  F ield         | OpenFOAM: The Open Source CFD Toolbox
   \\    /   O peration     | Website:  https://openfoam.org
    \\  /    A nd           | Version:  12
     \\/     M anipulation  |
\*---------------------------------------------------------------------------*/
FoamFile
{
    format      ascii;
    class       volScalarField;
    location    "4";
    object      epsilon;
}
// * * * * * * * * * * * * * * * * * * * * * * * * * * * * * * * * * * * * * //

dimensions      [0 2 -3 0 0 0 0];

internalField   nonuniform List<scalar> 
5625
(
6.17642e-08
1.16633e-07
2.47244e-07
4.03179e-07
5.78864e-07
7.70093e-07
9.738e-07
1.18762e-06
1.40963e-06
1.63815e-06
1.87168e-06
2.10885e-06
2.34838e-06
2.58904e-06
2.82968e-06
3.06917e-06
3.30645e-06
3.54049e-06
3.77028e-06
3.99487e-06
4.21334e-06
4.42479e-06
4.62839e-06
4.82331e-06
5.0088e-06
5.18412e-06
5.34859e-06
5.50157e-06
5.64246e-06
5.77071e-06
5.88583e-06
5.98736e-06
6.0749e-06
6.14811e-06
6.20669e-06
6.2504e-06
6.27905e-06
6.29251e-06
6.29073e-06
6.27366e-06
6.24133e-06
6.19384e-06
6.13133e-06
6.05401e-06
5.96215e-06
5.85607e-06
5.73614e-06
5.60279e-06
5.4565e-06
5.29782e-06
5.12734e-06
4.94571e-06
4.75362e-06
4.55182e-06
4.34111e-06
4.12234e-06
3.89639e-06
3.66421e-06
3.42679e-06
3.18516e-06
2.94041e-06
2.69368e-06
2.44614e-06
2.19906e-06
1.95373e-06
1.71157e-06
1.47407e-06
1.24286e-06
1.01977e-06
8.06902e-07
6.06808e-07
4.22787e-07
2.59329e-07
1.22348e-07
6.47898e-08
4.17548e-07
2.27142e-07
2.21087e-07
2.64105e-07
3.30279e-07
4.10345e-07
4.99853e-07
5.96241e-07
6.97823e-07
8.03366e-07
9.11893e-07
1.02258e-06
1.13471e-06
1.24762e-06
1.36071e-06
1.47341e-06
1.58518e-06
1.69552e-06
1.80393e-06
1.90995e-06
2.01313e-06
2.11304e-06
2.20927e-06
2.30143e-06
2.38916e-06
2.4721e-06
2.54993e-06
2.62235e-06
2.68905e-06
2.74979e-06
2.80433e-06
2.85244e-06
2.89394e-06
2.92866e-06
2.95646e-06
2.97723e-06
2.99086e-06
2.99731e-06
2.99653e-06
2.98852e-06
2.97328e-06
2.95086e-06
2.92133e-06
2.88478e-06
2.84134e-06
2.79117e-06
2.73444e-06
2.67136e-06
2.60216e-06
2.5271e-06
2.44646e-06
2.36055e-06
2.26972e-06
2.17431e-06
2.07473e-06
1.97136e-06
1.86466e-06
1.75507e-06
1.64309e-06
1.52922e-06
1.41401e-06
1.29802e-06
1.18187e-06
1.06619e-06
9.51712e-07
8.392e-07
7.29549e-07
6.23813e-07
5.23317e-07
4.29863e-07
3.46174e-07
2.76946e-07
2.3193e-07
2.38333e-07
4.38103e-07
9.2797e-07
4.54854e-07
3.50807e-07
3.31257e-07
3.47328e-07
3.83058e-07
4.31257e-07
4.88017e-07
5.50933e-07
6.18383e-07
6.89193e-07
7.62458e-07
8.37443e-07
9.1353e-07
9.90177e-07
1.0669e-06
1.14326e-06
1.21886e-06
1.29331e-06
1.36625e-06
1.43735e-06
1.50629e-06
1.57278e-06
1.63653e-06
1.69726e-06
1.75473e-06
1.80871e-06
1.85896e-06
1.9053e-06
1.94752e-06
1.98545e-06
2.01895e-06
2.04788e-06
2.0721e-06
2.09153e-06
2.10608e-06
2.11569e-06
2.12029e-06
2.11988e-06
2.11445e-06
2.10398e-06
2.08852e-06
2.06812e-06
2.04284e-06
2.01278e-06
1.97804e-06
1.93874e-06
1.89505e-06
1.84711e-06
1.79513e-06
1.7393e-06
1.67985e-06
1.61703e-06
1.55111e-06
1.48236e-06
1.41109e-06
1.33763e-06
1.26233e-06
1.18556e-06
1.10773e-06
1.02927e-06
9.50641e-07
8.72371e-07
7.95039e-07
7.19311e-07
6.45974e-07
5.75997e-07
5.10631e-07
4.51594e-07
4.01429e-07
3.64251e-07
3.47622e-07
3.68307e-07
4.7762e-07
9.74347e-07
1.53344e-06
7.35632e-07
5.33431e-07
4.59931e-07
4.37506e-07
4.42018e-07
4.63099e-07
4.95327e-07
5.35465e-07
5.81394e-07
6.31622e-07
6.85041e-07
7.4079e-07
7.9817e-07
8.56601e-07
9.15581e-07
9.74672e-07
1.03348e-06
1.09164e-06
1.14883e-06
1.20474e-06
1.25909e-06
1.31162e-06
1.36208e-06
1.41024e-06
1.45588e-06
1.49881e-06
1.53883e-06
1.57577e-06
1.60947e-06
1.63979e-06
1.6666e-06
1.68978e-06
1.70923e-06
1.72487e-06
1.73662e-06
1.74443e-06
1.74825e-06
1.74807e-06
1.74388e-06
1.73567e-06
1.72347e-06
1.70732e-06
1.68728e-06
1.66343e-06
1.63584e-06
1.60464e-06
1.56994e-06
1.53189e-06
1.49064e-06
1.44638e-06
1.39929e-06
1.34959e-06
1.29752e-06
1.24332e-06
1.18728e-06
1.12967e-06
1.07084e-06
1.01112e-06
9.50903e-07
8.90611e-07
8.30717e-07
7.71761e-07
7.1437e-07
6.59289e-07
6.07437e-07
5.59988e-07
5.18513e-07
4.85249e-07
4.63607e-07
4.59291e-07
4.83193e-07
5.60676e-07
7.73319e-07
1.61189e-06
2.20539e-06
1.05034e-06
7.45059e-07
6.1906e-07
5.61934e-07
5.40041e-07
5.39327e-07
5.52646e-07
5.75854e-07
6.06288e-07
6.4212e-07
6.82015e-07
7.24957e-07
7.70139e-07
8.16903e-07
8.64694e-07
9.13035e-07
9.61513e-07
1.00976e-06
1.05744e-06
1.10426e-06
1.14994e-06
1.19423e-06
1.23688e-06
1.27768e-06
1.31644e-06
1.35295e-06
1.38705e-06
1.41857e-06
1.44738e-06
1.47333e-06
1.49632e-06
1.51623e-06
1.53297e-06
1.54646e-06
1.55663e-06
1.56344e-06
1.56684e-06
1.56681e-06
1.56336e-06
1.55646e-06
1.54616e-06
1.53247e-06
1.51546e-06
1.4952e-06
1.47176e-06
1.44524e-06
1.41576e-06
1.38345e-06
1.34846e-06
1.31096e-06
1.27113e-06
1.22918e-06
1.18533e-06
1.13982e-06
1.09292e-06
1.04494e-06
9.96181e-07
9.47018e-07
8.97843e-07
8.49108e-07
8.01322e-07
7.55081e-07
7.11088e-07
6.702e-07
6.33499e-07
6.02397e-07
5.78823e-07
5.65573e-07
5.67009e-07
5.9064e-07
6.51251e-07
7.84232e-07
1.10578e-06
2.3217e-06
2.92523e-06
1.38873e-06
9.75505e-07
7.96612e-07
7.06167e-07
6.60093e-07
6.40232e-07
6.37518e-07
6.46784e-07
6.6479e-07
6.89336e-07
7.18848e-07
7.52142e-07
7.88294e-07
8.2656e-07
8.66324e-07
9.07066e-07
9.48337e-07
9.89741e-07
1.03093e-06
1.07159e-06
1.11144e-06
1.15021e-06
1.18768e-06
1.22362e-06
1.25784e-06
1.29015e-06
1.32038e-06
1.34838e-06
1.37401e-06
1.39714e-06
1.41765e-06
1.43544e-06
1.45043e-06
1.46254e-06
1.4717e-06
1.47786e-06
1.48099e-06
1.48106e-06
1.47808e-06
1.47203e-06
1.46294e-06
1.45084e-06
1.43579e-06
1.41784e-06
1.39708e-06
1.37361e-06
1.34753e-06
1.31899e-06
1.28811e-06
1.25508e-06
1.22007e-06
1.18329e-06
1.14497e-06
1.10536e-06
1.06473e-06
1.02339e-06
9.81685e-07
9.39987e-07
8.98722e-07
8.58377e-07
8.19516e-07
7.82805e-07
7.49042e-07
7.19212e-07
6.94561e-07
6.76748e-07
6.6808e-07
6.71971e-07
6.93855e-07
7.43276e-07
8.39356e-07
1.02854e-06
1.46464e-06
3.08513e-06
3.67886e-06
1.74364e-06
1.21866e-06
9.86137e-07
8.6291e-07
7.93835e-07
7.56357e-07
7.39333e-07
7.36493e-07
7.43948e-07
7.59115e-07
7.80158e-07
8.05715e-07
8.34737e-07
8.6639e-07
8.99989e-07
9.34961e-07
9.70818e-07
1.00714e-06
1.04354e-06
1.07971e-06
1.11533e-06
1.15015e-06
1.18392e-06
1.21641e-06
1.24743e-06
1.27679e-06
1.30432e-06
1.32986e-06
1.35327e-06
1.37443e-06
1.39322e-06
1.40954e-06
1.42331e-06
1.43444e-06
1.44288e-06
1.44858e-06
1.4515e-06
1.45162e-06
1.44894e-06
1.44345e-06
1.43518e-06
1.42415e-06
1.41043e-06
1.39407e-06
1.37516e-06
1.35379e-06
1.33008e-06
1.30416e-06
1.27618e-06
1.24631e-06
1.21474e-06
1.18168e-06
1.14737e-06
1.11206e-06
1.07605e-06
1.03967e-06
1.00327e-06
9.67265e-07
9.32118e-07
8.98361e-07
8.66608e-07
8.37592e-07
8.12204e-07
7.91558e-07
7.7709e-07
7.70729e-07
7.75197e-07
7.9458e-07
8.35486e-07
9.09659e-07
1.04089e-06
1.28741e-06
1.84273e-06
3.88808e-06
4.45474e-06
2.1094e-06
1.47007e-06
1.18337e-06
1.02765e-06
9.36311e-07
8.8222e-07
8.52044e-07
8.38344e-07
8.36553e-07
8.43653e-07
8.57545e-07
8.76677e-07
8.99867e-07
9.26183e-07
9.54869e-07
9.85298e-07
1.01694e-06
1.04933e-06
1.08208e-06
1.11484e-06
1.14728e-06
1.17914e-06
1.21016e-06
1.2401e-06
1.26876e-06
1.29594e-06
1.32148e-06
1.34522e-06
1.36701e-06
1.38673e-06
1.40426e-06
1.4195e-06
1.43236e-06
1.44277e-06
1.45067e-06
1.456e-06
1.45874e-06
1.45886e-06
1.45636e-06
1.45123e-06
1.4435e-06
1.43321e-06
1.4204e-06
1.40515e-06
1.38753e-06
1.36766e-06
1.34564e-06
1.32161e-06
1.29574e-06
1.26819e-06
1.23917e-06
1.2089e-06
1.17762e-06
1.14562e-06
1.1132e-06
1.0807e-06
1.04851e-06
1.01706e-06
9.86861e-07
9.58481e-07
9.32601e-07
9.10032e-07
8.91765e-07
8.79055e-07
8.73532e-07
8.77413e-07
8.93865e-07
9.27701e-07
9.86764e-07
1.08513e-06
1.2515e-06
1.55632e-06
2.23428e-06
4.71891e-06
5.243e-06
2.48123e-06
1.7262e-06
1.3851e-06
1.19718e-06
1.08415e-06
1.0142e-06
9.7173e-07
9.48097e-07
9.38022e-07
9.38048e-07
9.45769e-07
9.59456e-07
9.77778e-07
9.99703e-07
1.0244e-06
1.05118e-06
1.07947e-06
1.10878e-06
1.13869e-06
1.16881e-06
1.19881e-06
1.22841e-06
1.25734e-06
1.28535e-06
1.31223e-06
1.33779e-06
1.36184e-06
1.38422e-06
1.40479e-06
1.42342e-06
1.43999e-06
1.45441e-06
1.46657e-06
1.47641e-06
1.48386e-06
1.48888e-06
1.49143e-06
1.49149e-06
1.48907e-06
1.48415e-06
1.47677e-06
1.46696e-06
1.45478e-06
1.44029e-06
1.4236e-06
1.40479e-06
1.384e-06
1.36137e-06
1.33707e-06
1.31126e-06
1.28418e-06
1.25604e-06
1.22711e-06
1.19768e-06
1.16809e-06
1.13868e-06
1.10989e-06
1.08217e-06
1.05606e-06
1.0322e-06
1.01131e-06
9.94293e-07
9.82246e-07
9.76568e-07
9.79096e-07
9.92352e-07
1.01998e-06
1.06754e-06
1.14417e-06
1.26635e-06
1.46782e-06
1.83159e-06
2.63439e-06
5.56743e-06
6.03505e-06
2.85502e-06
1.98405e-06
1.58874e-06
1.36901e-06
1.23484e-06
1.14966e-06
1.0956e-06
1.06278e-06
1.04519e-06
1.03892e-06
1.04126e-06
1.05026e-06
1.06448e-06
1.08275e-06
1.10418e-06
1.12801e-06
1.15363e-06
1.1805e-06
1.20817e-06
1.23625e-06
1.26438e-06
1.29225e-06
1.31958e-06
1.34612e-06
1.37166e-06
1.39597e-06
1.41889e-06
1.44025e-06
1.45989e-06
1.47768e-06
1.49351e-06
1.50727e-06
1.51887e-06
1.52824e-06
1.53532e-06
1.54005e-06
1.5424e-06
1.54236e-06
1.53994e-06
1.5351e-06
1.52791e-06
1.51839e-06
1.50661e-06
1.49263e-06
1.47656e-06
1.4585e-06
1.43858e-06
1.41696e-06
1.39379e-06
1.36929e-06
1.34366e-06
1.31716e-06
1.29006e-06
1.26266e-06
1.23532e-06
1.20843e-06
1.18242e-06
1.15779e-06
1.13514e-06
1.11512e-06
1.09854e-06
1.08639e-06
1.07987e-06
1.08053e-06
1.09042e-06
1.1124e-06
1.15057e-06
1.21129e-06
1.305e-06
1.45066e-06
1.68708e-06
2.10999e-06
3.03861e-06
6.4244e-06
6.82335e-06
3.22717e-06
2.24104e-06
1.79211e-06
1.54114e-06
1.3864e-06
1.28659e-06
1.22157e-06
1.18019e-06
1.15572e-06
1.14379e-06
1.1414e-06
1.14636e-06
1.15708e-06
1.17231e-06
1.19105e-06
1.2125e-06
1.23598e-06
1.26094e-06
1.28687e-06
1.31337e-06
1.34006e-06
1.36661e-06
1.39274e-06
1.41818e-06
1.44269e-06
1.46608e-06
1.48814e-06
1.50871e-06
1.52763e-06
1.54477e-06
1.56001e-06
1.57325e-06
1.58438e-06
1.59335e-06
1.60008e-06
1.60453e-06
1.60667e-06
1.60648e-06
1.60397e-06
1.59912e-06
1.59199e-06
1.5826e-06
1.57103e-06
1.55735e-06
1.54167e-06
1.52409e-06
1.50476e-06
1.48382e-06
1.46148e-06
1.43792e-06
1.41338e-06
1.38811e-06
1.36242e-06
1.33663e-06
1.31109e-06
1.28623e-06
1.26252e-06
1.24048e-06
1.22075e-06
1.20404e-06
1.19124e-06
1.18339e-06
1.18184e-06
1.18827e-06
1.20498e-06
1.23513e-06
1.28333e-06
1.3567e-06
1.46705e-06
1.63577e-06
1.90683e-06
2.3886e-06
3.44286e-06
7.28124e-06
7.60134e-06
3.59457e-06
2.49497e-06
1.99337e-06
1.71189e-06
1.53722e-06
1.42338e-06
1.34796e-06
1.2986e-06
1.26783e-06
1.2508e-06
1.2442e-06
1.24567e-06
1.25341e-06
1.2661e-06
1.28264e-06
1.30217e-06
1.32397e-06
1.34743e-06
1.37203e-06
1.39734e-06
1.42294e-06
1.44852e-06
1.47375e-06
1.49837e-06
1.52213e-06
1.54481e-06
1.56623e-06
1.5862e-06
1.60457e-06
1.6212e-06
1.63596e-06
1.64876e-06
1.6595e-06
1.66811e-06
1.67451e-06
1.67868e-06
1.68057e-06
1.68018e-06
1.67751e-06
1.67255e-06
1.66536e-06
1.65597e-06
1.64445e-06
1.63089e-06
1.61539e-06
1.59808e-06
1.57909e-06
1.5586e-06
1.5368e-06
1.51389e-06
1.49013e-06
1.46578e-06
1.44115e-06
1.41659e-06
1.39248e-06
1.36927e-06
1.34744e-06
1.32758e-06
1.31034e-06
1.2965e-06
1.28701e-06
1.28301e-06
1.28594e-06
1.29767e-06
1.32072e-06
1.35857e-06
1.41632e-06
1.50188e-06
1.62838e-06
1.81968e-06
2.12479e-06
2.66469e-06
3.84326e-06
8.12983e-06
8.36337e-06
3.95452e-06
2.74395e-06
2.19098e-06
1.87987e-06
1.68597e-06
1.55872e-06
1.47348e-06
1.41667e-06
1.3801e-06
1.35847e-06
1.34815e-06
1.34657e-06
1.35179e-06
1.36236e-06
1.37712e-06
1.39513e-06
1.41561e-06
1.43793e-06
1.46154e-06
1.48596e-06
1.51078e-06
1.53564e-06
1.56023e-06
1.58425e-06
1.60747e-06
1.62964e-06
1.65058e-06
1.6701e-06
1.68804e-06
1.70426e-06
1.71863e-06
1.73106e-06
1.74144e-06
1.7497e-06
1.75579e-06
1.75965e-06
1.76127e-06
1.76062e-06
1.75772e-06
1.75256e-06
1.74519e-06
1.73568e-06
1.72407e-06
1.71047e-06
1.69499e-06
1.67776e-06
1.65891e-06
1.63864e-06
1.61715e-06
1.59464e-06
1.57139e-06
1.54768e-06
1.52383e-06
1.5002e-06
1.4772e-06
1.4553e-06
1.43501e-06
1.41696e-06
1.40184e-06
1.39049e-06
1.38392e-06
1.38336e-06
1.39036e-06
1.40698e-06
1.43593e-06
1.48103e-06
1.54786e-06
1.64512e-06
1.78724e-06
2.00049e-06
2.33886e-06
2.93568e-06
4.23614e-06
8.96239e-06
9.10477e-06
4.30483e-06
2.98643e-06
2.38367e-06
2.04396e-06
1.8316e-06
1.69157e-06
1.59707e-06
1.53333e-06
1.49143e-06
1.46564e-06
1.45204e-06
1.44782e-06
1.4509e-06
1.45973e-06
1.47305e-06
1.48986e-06
1.50935e-06
1.53083e-06
1.55371e-06
1.57751e-06
1.60178e-06
1.62615e-06
1.6503e-06
1.67391e-06
1.69674e-06
1.71855e-06
1.73914e-06
1.75831e-06
1.77591e-06
1.79179e-06
1.80583e-06
1.81791e-06
1.82796e-06
1.83589e-06
1.84164e-06
1.84517e-06
1.84646e-06
1.8455e-06
1.84229e-06
1.83685e-06
1.82921e-06
1.81945e-06
1.80763e-06
1.79385e-06
1.77823e-06
1.7609e-06
1.74203e-06
1.72179e-06
1.70039e-06
1.67808e-06
1.65511e-06
1.63179e-06
1.60846e-06
1.5855e-06
1.56333e-06
1.54245e-06
1.52341e-06
1.50685e-06
1.49353e-06
1.48433e-06
1.48032e-06
1.48284e-06
1.49354e-06
1.51465e-06
1.5491e-06
1.60101e-06
1.67646e-06
1.78489e-06
1.94202e-06
2.17645e-06
2.54703e-06
3.19908e-06
4.61793e-06
9.77143e-06
9.82185e-06
4.64374e-06
3.22118e-06
2.57044e-06
2.20326e-06
1.97328e-06
1.82114e-06
1.71794e-06
1.64775e-06
1.60098e-06
1.57144e-06
1.55493e-06
1.54843e-06
1.54972e-06
1.55712e-06
1.5693e-06
1.58521e-06
1.60396e-06
1.62484e-06
1.64723e-06
1.67061e-06
1.69453e-06
1.71859e-06
1.74245e-06
1.7658e-06
1.78837e-06
1.80992e-06
1.83024e-06
1.84914e-06
1.86645e-06
1.88204e-06
1.89576e-06
1.90753e-06
1.91723e-06
1.92481e-06
1.9302e-06
1.93336e-06
1.93427e-06
1.93293e-06
1.92934e-06
1.92351e-06
1.91551e-06
1.90539e-06
1.89324e-06
1.87915e-06
1.86324e-06
1.84567e-06
1.8266e-06
1.80621e-06
1.78474e-06
1.76242e-06
1.73954e-06
1.7164e-06
1.69337e-06
1.67084e-06
1.64926e-06
1.62914e-06
1.61108e-06
1.59574e-06
1.58392e-06
1.57656e-06
1.5748e-06
1.58005e-06
1.59412e-06
1.61934e-06
1.65887e-06
1.71716e-06
1.80073e-06
1.91976e-06
2.09119e-06
2.34589e-06
2.74737e-06
3.45248e-06
4.98518e-06
1.05497e-05
1.0512e-05
4.96999e-06
3.44733e-06
2.75057e-06
2.35715e-06
2.11041e-06
1.94684e-06
1.83549e-06
1.75933e-06
1.70811e-06
1.67521e-06
1.65614e-06
1.64768e-06
1.64748e-06
1.65372e-06
1.66503e-06
1.68026e-06
1.6985e-06
1.71898e-06
1.74107e-06
1.7642e-06
1.78791e-06
1.81179e-06
1.83548e-06
1.85866e-06
1.88106e-06
1.90242e-06
1.92253e-06
1.9412e-06
1.95826e-06
1.97356e-06
1.98697e-06
1.9984e-06
2.00774e-06
2.01493e-06
2.01991e-06
2.02264e-06
2.0231e-06
2.02131e-06
2.01724e-06
2.01095e-06
2.00247e-06
1.99188e-06
1.97927e-06
1.96474e-06
1.94842e-06
1.93046e-06
1.91104e-06
1.89036e-06
1.86864e-06
1.84614e-06
1.82316e-06
1.80001e-06
1.77708e-06
1.75477e-06
1.73356e-06
1.71399e-06
1.69665e-06
1.68228e-06
1.67169e-06
1.6659e-06
1.66609e-06
1.67376e-06
1.69084e-06
1.7198e-06
1.76401e-06
1.8282e-06
1.91936e-06
2.04835e-06
2.23329e-06
2.50719e-06
2.93799e-06
3.69355e-06
5.33453e-06
1.12899e-05
1.11735e-05
5.28285e-06
3.66435e-06
2.92364e-06
2.50524e-06
2.24264e-06
2.0683e-06
1.94935e-06
1.86769e-06
1.81242e-06
1.77651e-06
1.75519e-06
1.74506e-06
1.74362e-06
1.74895e-06
1.7596e-06
1.77436e-06
1.79226e-06
1.81251e-06
1.83443e-06
1.85744e-06
1.88106e-06
1.90486e-06
1.92846e-06
1.95153e-06
1.9738e-06
1.99501e-06
2.01493e-06
2.03338e-06
2.05017e-06
2.06517e-06
2.07825e-06
2.08929e-06
2.09822e-06
2.10496e-06
2.10946e-06
2.11168e-06
2.11162e-06
2.10927e-06
2.10464e-06
2.09776e-06
2.0887e-06
2.07753e-06
2.06434e-06
2.04924e-06
2.03237e-06
2.01389e-06
1.99398e-06
1.97285e-06
1.95073e-06
1.92789e-06
1.90464e-06
1.88132e-06
1.85831e-06
1.83603e-06
1.81499e-06
1.79574e-06
1.77892e-06
1.76527e-06
1.75568e-06
1.75118e-06
1.75303e-06
1.76282e-06
1.78256e-06
1.81489e-06
1.86335e-06
1.93297e-06
2.03114e-06
2.16938e-06
2.36692e-06
2.65879e-06
3.11708e-06
3.91999e-06
5.66268e-06
1.19853e-05
1.18061e-05
5.58209e-06
3.8721e-06
3.08951e-06
2.64741e-06
2.36982e-06
2.18538e-06
2.05936e-06
1.97264e-06
1.91368e-06
1.87509e-06
1.85181e-06
1.84027e-06
1.83782e-06
1.84244e-06
1.8526e-06
1.86705e-06
1.88476e-06
1.9049e-06
1.92676e-06
1.94975e-06
1.97335e-06
1.99711e-06
2.02067e-06
2.04367e-06
2.06582e-06
2.08687e-06
2.10659e-06
2.12479e-06
2.14128e-06
2.15593e-06
2.1686e-06
2.1792e-06
2.18763e-06
2.19384e-06
2.19776e-06
2.19938e-06
2.19868e-06
2.19567e-06
2.19035e-06
2.18277e-06
2.17301e-06
2.16113e-06
2.14723e-06
2.13143e-06
2.11388e-06
2.09474e-06
2.0742e-06
2.05247e-06
2.02981e-06
2.00649e-06
1.98282e-06
1.95915e-06
1.93589e-06
1.91347e-06
1.89241e-06
1.8733e-06
1.85678e-06
1.84365e-06
1.8348e-06
1.83134e-06
1.83458e-06
1.84617e-06
1.86824e-06
1.90355e-06
1.95582e-06
2.03034e-06
2.13489e-06
2.2816e-06
2.49073e-06
2.79916e-06
3.28286e-06
4.12957e-06
5.9664e-06
1.26289e-05
1.24104e-05
5.86807e-06
4.0708e-06
3.24838e-06
2.78379e-06
2.49206e-06
2.29816e-06
2.16557e-06
2.07419e-06
2.0119e-06
1.97092e-06
1.94594e-06
1.9332e-06
1.92993e-06
1.93402e-06
1.94385e-06
1.95812e-06
1.97575e-06
1.99586e-06
2.01774e-06
2.04075e-06
2.06436e-06
2.08812e-06
2.11163e-06
2.13455e-06
2.15656e-06
2.17742e-06
2.19688e-06
2.21476e-06
2.23088e-06
2.24509e-06
2.25727e-06
2.26731e-06
2.27514e-06
2.28069e-06
2.28392e-06
2.2848e-06
2.28333e-06
2.27952e-06
2.27338e-06
2.26497e-06
2.25436e-06
2.24163e-06
2.22688e-06
2.21025e-06
2.19188e-06
2.17194e-06
2.15062e-06
2.12816e-06
2.10481e-06
2.08085e-06
2.05661e-06
2.03245e-06
2.00878e-06
1.98606e-06
1.96481e-06
1.94565e-06
1.92924e-06
1.91641e-06
1.90809e-06
1.90541e-06
1.90975e-06
1.92284e-06
1.94689e-06
1.98477e-06
2.04039e-06
2.11925e-06
2.2295e-06
2.38382e-06
2.60341e-06
2.92684e-06
3.43361e-06
4.32012e-06
6.24253e-06
1.32141e-05
1.29884e-05
6.14169e-06
4.26109e-06
3.40071e-06
2.91479e-06
2.6097e-06
2.40693e-06
2.26823e-06
2.17256e-06
2.10725e-06
2.06414e-06
2.03768e-06
2.02395e-06
2.02003e-06
2.02373e-06
2.03335e-06
2.04752e-06
2.06514e-06
2.0853e-06
2.10723e-06
2.13028e-06
2.15392e-06
2.17766e-06
2.20109e-06
2.22387e-06
2.24569e-06
2.26627e-06
2.28539e-06
2.30285e-06
2.31847e-06
2.33212e-06
2.34367e-06
2.35302e-06
2.36009e-06
2.36484e-06
2.36721e-06
2.36719e-06
2.36481e-06
2.36002e-06
2.3529e-06
2.3435e-06
2.33188e-06
2.31814e-06
2.30239e-06
2.28477e-06
2.26542e-06
2.24453e-06
2.2223e-06
2.19896e-06
2.17478e-06
2.15004e-06
2.12509e-06
2.10028e-06
2.07605e-06
2.05286e-06
2.03126e-06
2.01187e-06
1.99539e-06
1.98265e-06
1.97462e-06
1.97249e-06
1.97766e-06
1.99193e-06
2.01759e-06
2.05762e-06
2.11608e-06
2.19868e-06
2.31389e-06
2.4749e-06
2.7037e-06
3.04041e-06
3.56763e-06
4.4895e-06
6.488e-06
1.37344e-05
1.35431e-05
6.40443e-06
4.44397e-06
3.54732e-06
3.04107e-06
2.72333e-06
2.5122e-06
2.3678e-06
2.26817e-06
2.20011e-06
2.1551e-06
2.12736e-06
2.11279e-06
2.10837e-06
2.11178e-06
2.12128e-06
2.13544e-06
2.1531e-06
2.17333e-06
2.19532e-06
2.21841e-06
2.24203e-06
2.2657e-06
2.289e-06
2.31156e-06
2.33307e-06
2.35326e-06
2.37191e-06
2.3888e-06
2.40378e-06
2.4167e-06
2.42744e-06
2.43591e-06
2.44205e-06
2.44579e-06
2.44712e-06
2.44601e-06
2.44249e-06
2.43655e-06
2.42826e-06
2.41766e-06
2.40485e-06
2.38992e-06
2.373e-06
2.35421e-06
2.33372e-06
2.31172e-06
2.28841e-06
2.26404e-06
2.23887e-06
2.21321e-06
2.18739e-06
2.16179e-06
2.13684e-06
2.11304e-06
2.09092e-06
2.07113e-06
2.05438e-06
2.04153e-06
2.03358e-06
2.03174e-06
2.03745e-06
2.05258e-06
2.07948e-06
2.12122e-06
2.18199e-06
2.26769e-06
2.38707e-06
2.55372e-06
2.79039e-06
3.13848e-06
3.68331e-06
4.63567e-06
6.69982e-06
1.41834e-05
1.4079e-05
6.65833e-06
4.62086e-06
3.6893e-06
3.16358e-06
2.83376e-06
2.6147e-06
2.46493e-06
2.36163e-06
2.29105e-06
2.24433e-06
2.21547e-06
2.2002e-06
2.19538e-06
2.1986e-06
2.20804e-06
2.22223e-06
2.23997e-06
2.26026e-06
2.2823e-06
2.30539e-06
2.32894e-06
2.35246e-06
2.37551e-06
2.39774e-06
2.41881e-06
2.43846e-06
2.45645e-06
2.4726e-06
2.48673e-06
2.49871e-06
2.50842e-06
2.51579e-06
2.52075e-06
2.52326e-06
2.52329e-06
2.52087e-06
2.51597e-06
2.50864e-06
2.49894e-06
2.48693e-06
2.47271e-06
2.45638e-06
2.43806e-06
2.41791e-06
2.3961e-06
2.3728e-06
2.34825e-06
2.32268e-06
2.29636e-06
2.26961e-06
2.24277e-06
2.21623e-06
2.19041e-06
2.16583e-06
2.14303e-06
2.12266e-06
2.10546e-06
2.0923e-06
2.0842e-06
2.0824e-06
2.08836e-06
2.10401e-06
2.13175e-06
2.17473e-06
2.23726e-06
2.32538e-06
2.44806e-06
2.61927e-06
2.86234e-06
3.21976e-06
3.77909e-06
4.75665e-06
6.87514e-06
1.4555e-05
1.46015e-05
6.90598e-06
4.79354e-06
3.82807e-06
3.28348e-06
2.94202e-06
2.71537e-06
2.5605e-06
2.45373e-06
2.38081e-06
2.33254e-06
2.30269e-06
2.28683e-06
2.2817e-06
2.2848e-06
2.29424e-06
2.30848e-06
2.32629e-06
2.34664e-06
2.36868e-06
2.3917e-06
2.4151e-06
2.43836e-06
2.46104e-06
2.48277e-06
2.50322e-06
2.52213e-06
2.53926e-06
2.55442e-06
2.56746e-06
2.57824e-06
2.58666e-06
2.59265e-06
2.59615e-06
2.59713e-06
2.5956e-06
2.59155e-06
2.585e-06
2.576e-06
2.56462e-06
2.55093e-06
2.53504e-06
2.51706e-06
2.49712e-06
2.47539e-06
2.45202e-06
2.42723e-06
2.40123e-06
2.37427e-06
2.34663e-06
2.31862e-06
2.2906e-06
2.26294e-06
2.2361e-06
2.21057e-06
2.18692e-06
2.1658e-06
2.14796e-06
2.13428e-06
2.12579e-06
2.12376e-06
2.12968e-06
2.1455e-06
2.17367e-06
2.21741e-06
2.28109e-06
2.3709e-06
2.49597e-06
2.67056e-06
2.91846e-06
3.28302e-06
3.85352e-06
4.85059e-06
7.01125e-06
1.48436e-05
1.51172e-05
7.15049e-06
4.96415e-06
3.96532e-06
3.40221e-06
3.04937e-06
2.81532e-06
2.65553e-06
2.54545e-06
2.47032e-06
2.42062e-06
2.38988e-06
2.37351e-06
2.36814e-06
2.37118e-06
2.38064e-06
2.39496e-06
2.41284e-06
2.43321e-06
2.4552e-06
2.47807e-06
2.5012e-06
2.52406e-06
2.5462e-06
2.56724e-06
2.58686e-06
2.60479e-06
2.62079e-06
2.6347e-06
2.64634e-06
2.65561e-06
2.66242e-06
2.66669e-06
2.6684e-06
2.66753e-06
2.66408e-06
2.65806e-06
2.64953e-06
2.63853e-06
2.62515e-06
2.60947e-06
2.59161e-06
2.57169e-06
2.54986e-06
2.52627e-06
2.50111e-06
2.47458e-06
2.44691e-06
2.41835e-06
2.38918e-06
2.35973e-06
2.33033e-06
2.30138e-06
2.27334e-06
2.24669e-06
2.22201e-06
2.19995e-06
2.18127e-06
2.16685e-06
2.15774e-06
2.15521e-06
2.16077e-06
2.17639e-06
2.20457e-06
2.24854e-06
2.31276e-06
2.40348e-06
2.52998e-06
2.7067e-06
2.95777e-06
3.32712e-06
3.90525e-06
4.91576e-06
7.10564e-06
1.50437e-05
1.56337e-05
7.39546e-06
5.13516e-06
4.10298e-06
3.52141e-06
3.15724e-06
2.91588e-06
2.75122e-06
2.63791e-06
2.56065e-06
2.5096e-06
2.47805e-06
2.46125e-06
2.4557e-06
2.45872e-06
2.46824e-06
2.48264e-06
2.50057e-06
2.52092e-06
2.54279e-06
2.56541e-06
2.58814e-06
2.61044e-06
2.63184e-06
2.65197e-06
2.67051e-06
2.68717e-06
2.70175e-06
2.71406e-06
2.72396e-06
2.73136e-06
2.73617e-06
2.73835e-06
2.73787e-06
2.73475e-06
2.72897e-06
2.7206e-06
2.70969e-06
2.69631e-06
2.68056e-06
2.66253e-06
2.64235e-06
2.62016e-06
2.5961e-06
2.57036e-06
2.54311e-06
2.51457e-06
2.48497e-06
2.45457e-06
2.42365e-06
2.39253e-06
2.36155e-06
2.33112e-06
2.30167e-06
2.27371e-06
2.24781e-06
2.22461e-06
2.20488e-06
2.18949e-06
2.17951e-06
2.17619e-06
2.18107e-06
2.19612e-06
2.22385e-06
2.26753e-06
2.33163e-06
2.42246e-06
2.54937e-06
2.7269e-06
2.97937e-06
3.35104e-06
3.93305e-06
4.95062e-06
7.15605e-06
1.51507e-05
1.61596e-05
7.64491e-06
5.30934e-06
4.24325e-06
3.6429e-06
3.26725e-06
3.01848e-06
2.84894e-06
2.7324e-06
2.65305e-06
2.60069e-06
2.56839e-06
2.55122e-06
2.54554e-06
2.54859e-06
2.55821e-06
2.57271e-06
2.59067e-06
2.61096e-06
2.63263e-06
2.65489e-06
2.67707e-06
2.69862e-06
2.71907e-06
2.73803e-06
2.75517e-06
2.77025e-06
2.78304e-06
2.79337e-06
2.80114e-06
2.80624e-06
2.80861e-06
2.80824e-06
2.80513e-06
2.79928e-06
2.79073e-06
2.77955e-06
2.76582e-06
2.74962e-06
2.73106e-06
2.71026e-06
2.68736e-06
2.66251e-06
2.63587e-06
2.60761e-06
2.57795e-06
2.54709e-06
2.51526e-06
2.48274e-06
2.4498e-06
2.41676e-06
2.38398e-06
2.35183e-06
2.32077e-06
2.29128e-06
2.26394e-06
2.23938e-06
2.21837e-06
2.20178e-06
2.19066e-06
2.18626e-06
2.19012e-06
2.2042e-06
2.23101e-06
2.27384e-06
2.33714e-06
2.42724e-06
2.55349e-06
2.73047e-06
2.9825e-06
3.3539e-06
3.93589e-06
4.95385e-06
7.16057e-06
1.51603e-05
1.67041e-05
7.90319e-06
5.48968e-06
4.38846e-06
3.76868e-06
3.38114e-06
3.12472e-06
2.95016e-06
2.83032e-06
2.74885e-06
2.69521e-06
2.66221e-06
2.64473e-06
2.63901e-06
2.64215e-06
2.65191e-06
2.66653e-06
2.68452e-06
2.70471e-06
2.72611e-06
2.74789e-06
2.76935e-06
2.78995e-06
2.80918e-06
2.82667e-06
2.8421e-06
2.85521e-06
2.8658e-06
2.87372e-06
2.87888e-06
2.88119e-06
2.88064e-06
2.87721e-06
2.87092e-06
2.86183e-06
2.84998e-06
2.83548e-06
2.81841e-06
2.79888e-06
2.77703e-06
2.75299e-06
2.72691e-06
2.69896e-06
2.66931e-06
2.63815e-06
2.60569e-06
2.57215e-06
2.53776e-06
2.5028e-06
2.46754e-06
2.4323e-06
2.39743e-06
2.36332e-06
2.33039e-06
2.29914e-06
2.27012e-06
2.24397e-06
2.22144e-06
2.20338e-06
2.19085e-06
2.18508e-06
2.18761e-06
2.20034e-06
2.2258e-06
2.26722e-06
2.32905e-06
2.41758e-06
2.5421e-06
2.71711e-06
2.96682e-06
3.33527e-06
3.91319e-06
4.92464e-06
7.11798e-06
1.50702e-05
1.72772e-05
8.17498e-06
5.67938e-06
4.54113e-06
3.90085e-06
3.50076e-06
3.23628e-06
3.05644e-06
2.93317e-06
2.84954e-06
2.79463e-06
2.76098e-06
2.74327e-06
2.73758e-06
2.7409e-06
2.75089e-06
2.76567e-06
2.78372e-06
2.80379e-06
2.82483e-06
2.846e-06
2.86658e-06
2.88598e-06
2.90372e-06
2.9194e-06
2.93272e-06
2.94343e-06
2.95135e-06
2.95636e-06
2.95837e-06
2.95735e-06
2.95329e-06
2.94621e-06
2.93616e-06
2.92323e-06
2.9075e-06
2.88908e-06
2.8681e-06
2.84469e-06
2.819e-06
2.79118e-06
2.76141e-06
2.72987e-06
2.69674e-06
2.66222e-06
2.62654e-06
2.58991e-06
2.55258e-06
2.51481e-06
2.47689e-06
2.43913e-06
2.40188e-06
2.36551e-06
2.33045e-06
2.29721e-06
2.2663e-06
2.23835e-06
2.21407e-06
2.19432e-06
2.18009e-06
2.17262e-06
2.1734e-06
2.18431e-06
2.20786e-06
2.24723e-06
2.30682e-06
2.39284e-06
2.51446e-06
2.68602e-06
2.93141e-06
3.29415e-06
3.86381e-06
4.86161e-06
7.02629e-06
1.48758e-05
1.78891e-05
8.46507e-06
5.88174e-06
4.70384e-06
4.04157e-06
3.62802e-06
3.35489e-06
3.16942e-06
3.04253e-06
2.95666e-06
2.90049e-06
2.86626e-06
2.84844e-06
2.84292e-06
2.84656e-06
2.85688e-06
2.87191e-06
2.89005e-06
2.90998e-06
2.9306e-06
2.95103e-06
2.97052e-06
2.98846e-06
3.00437e-06
3.01785e-06
3.02861e-06
3.03643e-06
3.04114e-06
3.04265e-06
3.04091e-06
3.03592e-06
3.0277e-06
3.01631e-06
3.00185e-06
2.98441e-06
2.96414e-06
2.94115e-06
2.91562e-06
2.8877e-06
2.85756e-06
2.82538e-06
2.79136e-06
2.75568e-06
2.71856e-06
2.68019e-06
2.64081e-06
2.60065e-06
2.55995e-06
2.51898e-06
2.47802e-06
2.43741e-06
2.39747e-06
2.35857e-06
2.32111e-06
2.28554e-06
2.25239e-06
2.22227e-06
2.19589e-06
2.17407e-06
2.15779e-06
2.14825e-06
2.14691e-06
2.15561e-06
2.17676e-06
2.21351e-06
2.27016e-06
2.35279e-06
2.47041e-06
2.63706e-06
2.87617e-06
3.23041e-06
3.78758e-06
4.76449e-06
6.88506e-06
1.45764e-05
1.85501e-05
8.77837e-06
6.10007e-06
4.87919e-06
4.19302e-06
3.76483e-06
3.48232e-06
3.29077e-06
3.16001e-06
3.07183e-06
3.01443e-06
2.97974e-06
2.96197e-06
2.95681e-06
2.96094e-06
2.97176e-06
2.98717e-06
3.00547e-06
3.02526e-06
3.04539e-06
3.06493e-06
3.08309e-06
3.09926e-06
3.11295e-06
3.12378e-06
3.13146e-06
3.13579e-06
3.13666e-06
3.13401e-06
3.12782e-06
3.11813e-06
3.10502e-06
3.08859e-06
3.06896e-06
3.04629e-06
3.02074e-06
2.99248e-06
2.96169e-06
2.92859e-06
2.89335e-06
2.85618e-06
2.81729e-06
2.7769e-06
2.73521e-06
2.69246e-06
2.64888e-06
2.6047e-06
2.56018e-06
2.5156e-06
2.47123e-06
2.42735e-06
2.3843e-06
2.34244e-06
2.30217e-06
2.26394e-06
2.22826e-06
2.19571e-06
2.16695e-06
2.14279e-06
2.12416e-06
2.11222e-06
2.10839e-06
2.11444e-06
2.13271e-06
2.16625e-06
2.21924e-06
2.2976e-06
2.41008e-06
2.57034e-06
2.8012e-06
3.14415e-06
3.6846e-06
4.63339e-06
6.69446e-06
1.41722e-05
1.92707e-05
9.11968e-06
6.33768e-06
5.06973e-06
4.35735e-06
3.91308e-06
3.62029e-06
3.42214e-06
3.28726e-06
3.19669e-06
3.13815e-06
3.10317e-06
3.08569e-06
3.08115e-06
3.08603e-06
3.09756e-06
3.11351e-06
3.13206e-06
3.15173e-06
3.17128e-06
3.18973e-06
3.20629e-06
3.22031e-06
3.2313e-06
3.23891e-06
3.24287e-06
3.24305e-06
3.23934e-06
3.23175e-06
3.22031e-06
3.2051e-06
3.18627e-06
3.16395e-06
3.13834e-06
3.10962e-06
3.078e-06
3.04369e-06
3.00691e-06
2.9679e-06
2.92686e-06
2.88404e-06
2.83965e-06
2.79393e-06
2.74711e-06
2.69943e-06
2.65111e-06
2.60243e-06
2.55362e-06
2.50493e-06
2.45666e-06
2.40909e-06
2.36256e-06
2.3174e-06
2.274e-06
2.2328e-06
2.19426e-06
2.15895e-06
2.12751e-06
2.10069e-06
2.07939e-06
2.06471e-06
2.058e-06
2.06099e-06
2.07587e-06
2.10563e-06
2.15426e-06
2.22748e-06
2.33372e-06
2.48617e-06
2.70683e-06
3.03576e-06
3.55533e-06
4.4689e-06
6.45529e-06
1.36649e-05
2.00605e-05
9.49363e-06
6.59768e-06
5.27788e-06
4.53657e-06
4.07456e-06
3.77048e-06
3.56514e-06
3.42588e-06
3.33291e-06
3.27337e-06
3.23837e-06
3.22153e-06
3.21795e-06
3.22391e-06
3.23643e-06
3.25312e-06
3.27203e-06
3.29155e-06
3.31039e-06
3.32751e-06
3.34207e-06
3.35344e-06
3.36115e-06
3.36483e-06
3.36433e-06
3.35951e-06
3.35035e-06
3.3369e-06
3.31927e-06
3.29761e-06
3.27211e-06
3.24299e-06
3.21048e-06
3.17483e-06
3.13628e-06
3.09511e-06
3.05156e-06
3.00588e-06
2.95834e-06
2.90919e-06
2.85866e-06
2.807e-06
2.75447e-06
2.7013e-06
2.64774e-06
2.59404e-06
2.54044e-06
2.48721e-06
2.43463e-06
2.38299e-06
2.33259e-06
2.28377e-06
2.2369e-06
2.19238e-06
2.15066e-06
2.11228e-06
2.07784e-06
2.04805e-06
2.02375e-06
2.00599e-06
1.99605e-06
1.99557e-06
2.00662e-06
2.03204e-06
2.07565e-06
2.1429e-06
2.24186e-06
2.38513e-06
2.59375e-06
2.90602e-06
3.40071e-06
4.2722e-06
6.16928e-06
1.30582e-05
2.09289e-05
9.9045e-06
6.88295e-06
5.50586e-06
4.73252e-06
4.25091e-06
3.9344e-06
3.72129e-06
3.57744e-06
3.48213e-06
3.42184e-06
3.38721e-06
3.37144e-06
3.36927e-06
3.37671e-06
3.39055e-06
3.4082e-06
3.42753e-06
3.44685e-06
3.46476e-06
3.48016e-06
3.49222e-06
3.50028e-06
3.50389e-06
3.50282e-06
3.49688e-06
3.48605e-06
3.47037e-06
3.44998e-06
3.42506e-06
3.39586e-06
3.36263e-06
3.32567e-06
3.28528e-06
3.24174e-06
3.19538e-06
3.14649e-06
3.09537e-06
3.04229e-06
2.98754e-06
2.9314e-06
2.87412e-06
2.81596e-06
2.75718e-06
2.69802e-06
2.63873e-06
2.57956e-06
2.52076e-06
2.46259e-06
2.40533e-06
2.34924e-06
2.29463e-06
2.24181e-06
2.19114e-06
2.143e-06
2.09781e-06
2.05607e-06
2.01833e-06
1.98528e-06
1.9577e-06
1.93655e-06
1.92305e-06
1.91871e-06
1.92552e-06
1.94611e-06
1.9841e-06
2.04463e-06
2.13534e-06
2.26817e-06
2.46302e-06
2.75617e-06
3.22221e-06
4.04517e-06
5.83913e-06
1.23578e-05
2.18837e-05
1.03559e-05
7.19593e-06
5.75552e-06
4.94677e-06
4.44352e-06
4.11344e-06
3.89198e-06
3.7434e-06
3.64593e-06
3.58528e-06
3.55154e-06
3.53741e-06
3.53718e-06
3.54656e-06
3.56206e-06
3.58085e-06
3.60063e-06
3.61956e-06
3.63616e-06
3.64929e-06
3.65808e-06
3.6619e-06
3.66046e-06
3.65349e-06
3.64091e-06
3.62279e-06
3.5993e-06
3.57067e-06
3.53719e-06
3.4992e-06
3.45705e-06
3.41111e-06
3.36175e-06
3.30934e-06
3.25423e-06
3.19677e-06
3.13728e-06
3.07609e-06
3.0135e-06
2.94978e-06
2.88521e-06
2.82006e-06
2.75458e-06
2.68903e-06
2.62364e-06
2.55866e-06
2.49434e-06
2.43093e-06
2.36869e-06
2.30788e-06
2.24879e-06
2.19172e-06
2.137e-06
2.08499e-06
2.03608e-06
1.99074e-06
1.94949e-06
1.91294e-06
1.88182e-06
1.85703e-06
1.83968e-06
1.8312e-06
1.83339e-06
1.84873e-06
1.88058e-06
1.93375e-06
2.01537e-06
2.13662e-06
2.31616e-06
2.58798e-06
3.02195e-06
3.79049e-06
5.46874e-06
1.15718e-05
2.29311e-05
1.08509e-05
7.53855e-06
6.02834e-06
5.18054e-06
4.65353e-06
4.30872e-06
4.07843e-06
3.9251e-06
3.8258e-06
3.76534e-06
3.73316e-06
3.72133e-06
3.72366e-06
3.73548e-06
3.75295e-06
3.77298e-06
3.79307e-06
3.81122e-06
3.82589e-06
3.83587e-06
3.8403e-06
3.83877e-06
3.83088e-06
3.81652e-06
3.79576e-06
3.76879e-06
3.73591e-06
3.69749e-06
3.65395e-06
3.60575e-06
3.55333e-06
3.49716e-06
3.4377e-06
3.37537e-06
3.31058e-06
3.24373e-06
3.17517e-06
3.10525e-06
3.03426e-06
2.96249e-06
2.89024e-06
2.81777e-06
2.74533e-06
2.67314e-06
2.60146e-06
2.5305e-06
2.46051e-06
2.39172e-06
2.32437e-06
2.25871e-06
2.19502e-06
2.13357e-06
2.07467e-06
2.01866e-06
1.9659e-06
1.91682e-06
1.8719e-06
1.8317e-06
1.79688e-06
1.76827e-06
1.74688e-06
1.73402e-06
1.73133e-06
1.74109e-06
1.7664e-06
1.81167e-06
1.88351e-06
1.99226e-06
2.15518e-06
2.40376e-06
2.80272e-06
3.51173e-06
5.06327e-06
1.07113e-05
2.40756e-05
1.13912e-05
7.91202e-06
6.32522e-06
5.43461e-06
4.88171e-06
4.52108e-06
4.2816e-06
4.1237e-06
4.02307e-06
3.96353e-06
3.93373e-06
3.92495e-06
3.93049e-06
3.94519e-06
3.96484e-06
3.98603e-06
4.00603e-06
4.02272e-06
4.03444e-06
4.03995e-06
4.0387e-06
4.03008e-06
4.01393e-06
3.99029e-06
3.9594e-06
3.92164e-06
3.87746e-06
3.82742e-06
3.77208e-06
3.71204e-06
3.64787e-06
3.58014e-06
3.50939e-06
3.43612e-06
3.36079e-06
3.28381e-06
3.20558e-06
3.1264e-06
3.04664e-06
2.96659e-06
2.88652e-06
2.80665e-06
2.72721e-06
2.64842e-06
2.5705e-06
2.49365e-06
2.41808e-06
2.34401e-06
2.27166e-06
2.20125e-06
2.13305e-06
2.06729e-06
2.00428e-06
1.94431e-06
1.88773e-06
1.83491e-06
1.78631e-06
1.74242e-06
1.70386e-06
1.67136e-06
1.64584e-06
1.62846e-06
1.62076e-06
1.62473e-06
1.64321e-06
1.68023e-06
1.74179e-06
1.83732e-06
1.98262e-06
2.20647e-06
2.56806e-06
3.21339e-06
4.62932e-06
9.79015e-06
2.53185e-05
1.19776e-05
8.31671e-06
6.6464e-06
5.70921e-06
5.12839e-06
4.751e-06
4.50218e-06
4.34007e-06
4.23882e-06
4.18112e-06
4.15465e-06
4.14969e-06
4.15905e-06
4.17697e-06
4.19878e-06
4.22073e-06
4.23987e-06
4.25393e-06
4.26108e-06
4.26056e-06
4.25148e-06
4.23356e-06
4.20679e-06
4.17146e-06
4.12803e-06
4.0771e-06
4.01936e-06
3.95555e-06
3.88644e-06
3.81277e-06
3.73526e-06
3.6546e-06
3.5714e-06
3.48623e-06
3.39957e-06
3.31185e-06
3.2235e-06
3.13492e-06
3.04637e-06
2.95809e-06
2.87033e-06
2.78329e-06
2.69717e-06
2.61214e-06
2.52838e-06
2.44607e-06
2.36537e-06
2.28646e-06
2.20954e-06
2.1348e-06
2.06246e-06
1.99275e-06
1.92593e-06
1.86228e-06
1.8021e-06
1.74576e-06
1.69363e-06
1.64619e-06
1.60398e-06
1.56766e-06
1.53804e-06
1.51616e-06
1.50341e-06
1.50154e-06
1.51308e-06
1.54166e-06
1.59265e-06
1.67455e-06
1.80158e-06
1.99969e-06
2.32227e-06
2.901e-06
4.17491e-06
8.82547e-06
2.66583e-05
1.26092e-05
8.75193e-06
6.99134e-06
6.00397e-06
5.39338e-06
4.99855e-06
4.74047e-06
4.57477e-06
4.47381e-06
4.41902e-06
4.39686e-06
4.39648e-06
4.41012e-06
4.43133e-06
4.45492e-06
4.47678e-06
4.49374e-06
4.50319e-06
4.50395e-06
4.49479e-06
4.47517e-06
4.44503e-06
4.40467e-06
4.35466e-06
4.29575e-06
4.22885e-06
4.1549e-06
4.07492e-06
3.98986e-06
3.90067e-06
3.80822e-06
3.71328e-06
3.61654e-06
3.51863e-06
3.42011e-06
3.32147e-06
3.22306e-06
3.12517e-06
3.02809e-06
2.93201e-06
2.83713e-06
2.7436e-06
2.65154e-06
2.56108e-06
2.47234e-06
2.38542e-06
2.30045e-06
2.21756e-06
2.13689e-06
2.0586e-06
1.98286e-06
1.90988e-06
1.83987e-06
1.77309e-06
1.70982e-06
1.65036e-06
1.59509e-06
1.54441e-06
1.49882e-06
1.4589e-06
1.42537e-06
1.39914e-06
1.38143e-06
1.37384e-06
1.37851e-06
1.39866e-06
1.43905e-06
1.5072e-06
1.61572e-06
1.78764e-06
2.07041e-06
2.58103e-06
3.7095e-06
7.83734e-06
2.80893e-05
1.32832e-05
9.21577e-06
7.35856e-06
6.31778e-06
5.67592e-06
5.26327e-06
4.99631e-06
4.82789e-06
4.72833e-06
4.67762e-06
4.6606e-06
4.66547e-06
4.68358e-06
4.70773e-06
4.73219e-06
4.75248e-06
4.76497e-06
4.76765e-06
4.75893e-06
4.73783e-06
4.70415e-06
4.65817e-06
4.60057e-06
4.5323e-06
4.45449e-06
4.36842e-06
4.27536e-06
4.1766e-06
4.07337e-06
3.96678e-06
3.85785e-06
3.74749e-06
3.6365e-06
3.52551e-06
3.41507e-06
3.3056e-06
3.19744e-06
3.09085e-06
2.98603e-06
2.88313e-06
2.78222e-06
2.68339e-06
2.58668e-06
2.49212e-06
2.39974e-06
2.30958e-06
2.22168e-06
2.13611e-06
2.05295e-06
1.97229e-06
1.89427e-06
1.81905e-06
1.7468e-06
1.67775e-06
1.61213e-06
1.55024e-06
1.49241e-06
1.439e-06
1.39046e-06
1.34731e-06
1.3102e-06
1.27991e-06
1.2575e-06
1.2444e-06
1.24243e-06
1.25437e-06
1.28437e-06
1.33898e-06
1.42918e-06
1.57511e-06
1.81822e-06
2.26081e-06
3.24382e-06
6.84858e-06
2.96012e-05
1.39948e-05
9.70491e-06
7.74556e-06
6.64869e-06
5.97453e-06
5.54409e-06
5.26897e-06
5.09889e-06
5.00203e-06
4.95652e-06
4.94535e-06
4.95579e-06
4.97809e-06
5.00425e-06
5.02795e-06
5.04415e-06
5.04954e-06
5.04198e-06
5.01986e-06
4.98266e-06
4.9306e-06
4.86443e-06
4.78531e-06
4.69469e-06
4.5942e-06
4.48553e-06
4.37036e-06
4.25029e-06
4.12681e-06
4.00126e-06
3.87478e-06
3.74838e-06
3.62285e-06
3.49884e-06
3.37688e-06
3.25733e-06
3.14045e-06
3.02642e-06
2.91531e-06
2.80716e-06
2.70194e-06
2.59961e-06
2.50008e-06
2.40329e-06
2.30915e-06
2.21759e-06
2.12857e-06
2.04206e-06
1.95806e-06
1.87661e-06
1.79777e-06
1.72165e-06
1.64839e-06
1.57816e-06
1.51119e-06
1.44774e-06
1.38809e-06
1.3326e-06
1.28168e-06
1.23579e-06
1.19552e-06
1.16155e-06
1.13481e-06
1.11649e-06
1.10826e-06
1.11238e-06
1.13244e-06
1.17403e-06
1.24657e-06
1.36733e-06
1.57194e-06
1.94834e-06
2.78957e-06
5.88409e-06
3.11788e-05
1.47368e-05
1.02145e-05
8.14866e-06
6.99387e-06
6.28699e-06
5.83925e-06
5.55698e-06
5.3865e-06
5.29364e-06
5.25432e-06
5.24939e-06
5.26523e-06
5.29082e-06
5.31727e-06
5.33758e-06
5.34648e-06
5.34107e-06
5.31871e-06
5.27839e-06
5.22008e-06
5.14459e-06
5.05326e-06
4.94791e-06
4.83061e-06
4.70356e-06
4.56895e-06
4.42889e-06
4.28533e-06
4.14005e-06
3.9946e-06
3.8502e-06
3.70782e-06
3.56828e-06
3.43221e-06
3.30002e-06
3.17198e-06
3.04824e-06
2.92879e-06
2.81359e-06
2.70249e-06
2.59532e-06
2.49187e-06
2.39193e-06
2.29527e-06
2.20169e-06
2.11099e-06
2.02302e-06
1.93763e-06
1.85474e-06
1.7743e-06
1.69632e-06
1.62083e-06
1.54794e-06
1.47778e-06
1.41054e-06
1.34646e-06
1.28582e-06
1.22895e-06
1.17623e-06
1.1281e-06
1.08509e-06
1.04783e-06
1.01712e-06
9.93981e-07
9.79883e-07
9.767e-07
9.87425e-07
1.01679e-06
1.07272e-06
1.16979e-06
1.33808e-06
1.65189e-06
2.35884e-06
4.9697e-06
3.28011e-05
1.54994e-05
1.07379e-05
8.56301e-06
7.34953e-06
6.61026e-06
6.14619e-06
5.85808e-06
5.68854e-06
5.60083e-06
5.56827e-06
5.56955e-06
5.58997e-06
5.61712e-06
5.64123e-06
5.6543e-06
5.65223e-06
5.63087e-06
5.58835e-06
5.52421e-06
5.43914e-06
5.33464e-06
5.21291e-06
5.07655e-06
4.92836e-06
4.7712e-06
4.60783e-06
4.44088e-06
4.27279e-06
4.1054e-06
3.94014e-06
3.77832e-06
3.62107e-06
3.46916e-06
3.32306e-06
3.18303e-06
3.04914e-06
2.92133e-06
2.79939e-06
2.68307e-06
2.57202e-06
2.46588e-06
2.36425e-06
2.26674e-06
2.17296e-06
2.08256e-06
1.9952e-06
1.9106e-06
1.82851e-06
1.74874e-06
1.67116e-06
1.59569e-06
1.52232e-06
1.45111e-06
1.38216e-06
1.31564e-06
1.25177e-06
1.19082e-06
1.13312e-06
1.07904e-06
1.02904e-06
9.8359e-07
9.433e-07
9.08884e-07
8.81244e-07
8.61575e-07
8.51637e-07
8.53728e-07
8.71842e-07
9.12558e-07
9.87961e-07
1.12304e-06
1.37957e-06
1.96346e-06
4.13061e-06
3.44412e-05
1.627e-05
1.12669e-05
8.98248e-06
7.71086e-06
6.94037e-06
6.46145e-06
6.169e-06
6.00176e-06
5.92005e-06
5.89413e-06
5.90106e-06
5.9244e-06
5.95047e-06
5.96803e-06
5.97033e-06
5.95163e-06
5.90853e-06
5.8398e-06
5.74573e-06
5.62789e-06
5.48879e-06
5.33163e-06
5.15993e-06
4.97738e-06
4.78759e-06
4.59428e-06
4.40025e-06
4.20757e-06
4.01839e-06
3.83463e-06
3.65768e-06
3.4884e-06
3.32731e-06
3.17466e-06
3.03044e-06
2.89447e-06
2.7664e-06
2.64577e-06
2.53205e-06
2.42467e-06
2.32302e-06
2.22649e-06
2.1345e-06
2.04649e-06
1.96193e-06
1.88036e-06
1.80137e-06
1.72461e-06
1.64978e-06
1.57661e-06
1.50501e-06
1.43494e-06
1.36639e-06
1.29944e-06
1.23426e-06
1.17105e-06
1.11012e-06
1.05179e-06
9.9647e-07
9.44605e-07
8.9669e-07
8.53319e-07
8.15181e-07
7.83092e-07
7.58093e-07
7.41666e-07
7.35812e-07
7.43694e-07
7.70765e-07
8.26929e-07
9.32682e-07
1.13873e-06
1.6141e-06
3.38954e-06
3.60668e-05
1.70336e-05
1.17916e-05
9.39974e-06
8.07208e-06
7.27243e-06
6.78057e-06
6.48534e-06
6.32159e-06
6.24618e-06
6.22629e-06
6.23732e-06
6.26099e-06
6.28198e-06
6.2892e-06
6.275e-06
6.23366e-06
6.16255e-06
6.06125e-06
5.93106e-06
5.77474e-06
5.59602e-06
5.39928e-06
5.1891e-06
4.97056e-06
4.74821e-06
4.52485e-06
4.30373e-06
4.08811e-06
3.8803e-06
3.6819e-06
3.49396e-06
3.31711e-06
3.15156e-06
2.9972e-06
2.85367e-06
2.72043e-06
2.59677e-06
2.48192e-06
2.37505e-06
2.27529e-06
2.18179e-06
2.09375e-06
2.01036e-06
1.93086e-06
1.85456e-06
1.7809e-06
1.70939e-06
1.6396e-06
1.57124e-06
1.50404e-06
1.43761e-06
1.37177e-06
1.30649e-06
1.24184e-06
1.17798e-06
1.11516e-06
1.05372e-06
9.94061e-07
9.36674e-07
8.82105e-07
8.30987e-07
7.83968e-07
7.41639e-07
7.04757e-07
6.7426e-07
6.51369e-07
6.37976e-07
6.36523e-07
6.51522e-07
6.91067e-07
7.71873e-07
9.35302e-07
1.31928e-06
2.76465e-06
3.76399e-05
1.77728e-05
1.23006e-05
9.80639e-06
8.42649e-06
7.60069e-06
7.09817e-06
6.80169e-06
6.6421e-06
6.57266e-06
6.55745e-06
6.57013e-06
6.59057e-06
6.60204e-06
6.59381e-06
6.55698e-06
6.48673e-06
6.38131e-06
6.24133e-06
6.06949e-06
5.86997e-06
5.64796e-06
5.40927e-06
5.16072e-06
4.90664e-06
4.6511e-06
4.39931e-06
4.15517e-06
3.92144e-06
3.70015e-06
3.49263e-06
3.29958e-06
3.1212e-06
2.95723e-06
2.8071e-06
2.66999e-06
2.54491e-06
2.43077e-06
2.32642e-06
2.2307e-06
2.14248e-06
2.0606e-06
1.98412e-06
1.91218e-06
1.8441e-06
1.77905e-06
1.71603e-06
1.65428e-06
1.59313e-06
1.53198e-06
1.47054e-06
1.40874e-06
1.34651e-06
1.28384e-06
1.22082e-06
1.15763e-06
1.09454e-06
1.03193e-06
9.70235e-07
9.09981e-07
8.51729e-07
7.96062e-07
7.43636e-07
6.95368e-07
6.52164e-07
6.15026e-07
5.85182e-07
5.64061e-07
5.53924e-07
5.582e-07
5.83667e-07
6.44057e-07
7.73309e-07
1.0846e-06
2.2677e-06
3.91188e-05
1.84682e-05
1.27813e-05
1.01931e-05
8.7666e-06
7.91854e-06
7.40793e-06
7.11153e-06
6.95622e-06
6.8916e-06
6.87897e-06
6.89007e-06
6.90243e-06
6.9002e-06
6.87037e-06
6.80488e-06
6.69976e-06
6.5543e-06
6.37059e-06
6.15297e-06
5.90728e-06
5.64096e-06
5.36182e-06
5.0743e-06
4.78535e-06
4.50138e-06
4.22699e-06
3.96583e-06
3.72049e-06
3.49266e-06
3.28317e-06
3.09218e-06
2.91927e-06
2.76359e-06
2.62401e-06
2.49918e-06
2.38763e-06
2.28785e-06
2.19831e-06
2.11758e-06
2.04441e-06
1.97772e-06
1.91615e-06
1.85831e-06
1.80285e-06
1.74884e-06
1.69568e-06
1.64275e-06
1.5895e-06
1.53548e-06
1.48028e-06
1.42357e-06
1.36515e-06
1.30497e-06
1.24311e-06
1.17977e-06
1.11528e-06
1.05009e-06
9.84733e-07
9.19874e-07
8.56244e-07
7.94655e-07
7.35963e-07
6.8099e-07
6.30637e-07
5.85879e-07
5.47797e-07
5.18005e-07
4.98763e-07
4.93139e-07
5.06679e-07
5.50941e-07
6.54415e-07
9.12105e-07
1.90281e-06
4.04589e-05
1.90995e-05
1.32203e-05
1.05501e-05
9.08434e-06
8.21876e-06
7.70275e-06
7.40745e-06
7.25584e-06
7.19406e-06
7.18107e-06
7.18631e-06
7.18692e-06
7.16499e-06
7.10796e-06
7.00839e-06
6.86333e-06
6.67351e-06
6.44283e-06
6.17749e-06
5.88653e-06
5.5777e-06
5.25716e-06
4.93463e-06
4.61747e-06
4.31164e-06
4.02182e-06
3.75138e-06
3.50247e-06
3.27614e-06
3.07253e-06
2.89106e-06
2.73057e-06
2.58956e-06
2.46624e-06
2.35874e-06
2.26512e-06
2.1835e-06
2.11209e-06
2.04935e-06
1.99351e-06
1.94278e-06
1.89585e-06
1.85165e-06
1.80922e-06
1.76761e-06
1.72589e-06
1.68328e-06
1.63913e-06
1.59288e-06
1.54407e-06
1.49235e-06
1.43749e-06
1.3794e-06
1.31812e-06
1.25384e-06
1.18692e-06
1.11785e-06
1.04727e-06
9.75959e-07
9.04818e-07
8.34832e-07
7.67057e-07
7.02589e-07
6.42569e-07
5.88194e-07
5.40785e-07
5.01784e-07
4.73111e-07
4.57856e-07
4.60808e-07
4.9246e-07
5.77848e-07
8.00175e-07
1.66624e-06
4.16153e-05
1.9646e-05
1.36044e-05
1.08672e-05
9.37137e-06
8.49373e-06
7.97508e-06
7.68151e-06
7.53238e-06
7.47076e-06
7.45368e-06
7.44916e-06
7.43278e-06
7.38621e-06
7.2972e-06
7.15929e-06
6.97083e-06
6.7344e-06
6.45584e-06
6.14545e-06
5.81031e-06
5.45957e-06
5.10469e-06
4.75453e-06
4.41672e-06
4.09728e-06
3.80061e-06
3.52954e-06
3.28547e-06
3.06862e-06
2.87825e-06
2.71289e-06
2.57061e-06
2.44916e-06
2.34617e-06
2.25926e-06
2.18609e-06
2.12449e-06
2.0724e-06
2.02779e-06
1.98899e-06
1.95457e-06
1.92314e-06
1.89347e-06
1.86444e-06
1.83506e-06
1.80446e-06
1.77186e-06
1.73659e-06
1.69807e-06
1.65577e-06
1.60928e-06
1.55829e-06
1.50261e-06
1.44219e-06
1.37715e-06
1.30777e-06
1.23453e-06
1.1581e-06
1.07935e-06
9.99329e-07
9.19227e-07
8.40364e-07
7.64145e-07
6.92032e-07
6.2553e-07
5.66212e-07
5.15807e-07
4.7642e-07
4.51246e-07
4.44808e-07
4.66781e-07
5.4064e-07
7.43856e-07
1.5471e-06
4.25453e-05
2.00881e-05
1.39204e-05
1.11347e-05
9.61945e-06
8.73576e-06
8.21722e-06
7.92566e-06
7.77725e-06
7.71265e-06
7.68753e-06
7.66884e-06
7.631e-06
7.55563e-06
7.43114e-06
7.25232e-06
7.01914e-06
6.73649e-06
6.41478e-06
6.0598e-06
5.68381e-06
5.29959e-06
4.918e-06
4.54853e-06
4.19887e-06
3.87478e-06
3.58004e-06
3.31662e-06
3.08498e-06
2.88431e-06
2.71287e-06
2.56831e-06
2.44789e-06
2.3487e-06
2.26785e-06
2.20253e-06
2.15013e-06
2.10826e-06
2.07469e-06
2.04759e-06
2.02524e-06
2.00611e-06
1.98889e-06
1.97241e-06
1.95561e-06
1.93758e-06
1.91749e-06
1.89457e-06
1.86814e-06
1.83757e-06
1.8023e-06
1.76183e-06
1.71574e-06
1.66369e-06
1.60546e-06
1.54099e-06
1.47041e-06
1.39405e-06
1.31251e-06
1.22664e-06
1.13755e-06
1.0466e-06
9.55396e-07
8.65683e-07
7.79347e-07
6.98352e-07
6.24734e-07
5.6066e-07
5.08619e-07
4.71981e-07
4.55906e-07
4.69742e-07
5.37009e-07
7.34204e-07
1.52543e-06
4.32109e-05
2.04082e-05
1.4157e-05
1.13437e-05
9.82085e-06
8.93756e-06
8.42178e-06
8.13216e-06
7.98229e-06
7.91136e-06
7.87464e-06
7.83772e-06
7.77475e-06
7.66766e-06
7.50606e-06
7.28605e-06
7.01073e-06
6.68768e-06
6.32193e-06
5.92824e-06
5.52026e-06
5.11077e-06
4.71132e-06
4.3316e-06
3.97906e-06
3.65881e-06
3.37373e-06
3.12476e-06
2.91122e-06
2.73124e-06
2.58209e-06
2.46058e-06
2.36326e-06
2.2867e-06
2.22763e-06
2.18299e-06
2.14994e-06
2.1259e-06
2.10907e-06
2.09744e-06
2.08943e-06
2.08363e-06
2.07883e-06
2.07393e-06
2.06796e-06
2.06013e-06
2.04965e-06
2.03576e-06
2.01781e-06
1.99516e-06
1.96724e-06
1.9335e-06
1.8934e-06
1.84648e-06
1.79231e-06
1.73058e-06
1.66118e-06
1.58415e-06
1.49984e-06
1.40891e-06
1.31235e-06
1.21156e-06
1.10829e-06
1.0046e-06
9.02855e-07
8.05588e-07
7.15485e-07
6.35385e-07
5.68439e-07
5.18544e-07
4.91927e-07
4.98083e-07
5.61989e-07
7.63356e-07
1.58434e-06
4.35825e-05
2.05928e-05
1.43047e-05
1.14867e-05
9.96894e-06
9.0927e-06
8.58225e-06
8.29425e-06
8.14078e-06
8.06081e-06
8.00889e-06
7.95038e-06
7.85973e-06
7.71972e-06
7.52155e-06
7.26502e-06
6.95197e-06
6.58758e-06
6.18673e-06
5.76347e-06
5.3322e-06
4.90653e-06
4.49831e-06
4.11703e-06
3.76957e-06
3.46012e-06
3.19051e-06
2.96051e-06
2.76833e-06
2.61106e-06
2.48511e-06
2.38657e-06
2.31147e-06
2.25603e-06
2.21675e-06
2.19019e-06
2.17383e-06
2.16608e-06
2.16376e-06
2.16502e-06
2.16912e-06
2.17464e-06
2.18044e-06
2.18555e-06
2.18869e-06
2.18957e-06
2.18752e-06
2.18173e-06
2.17163e-06
2.15658e-06
2.13589e-06
2.109e-06
2.07541e-06
2.03457e-06
1.98593e-06
1.929e-06
1.86333e-06
1.78867e-06
1.70495e-06
1.61242e-06
1.51172e-06
1.404e-06
1.2909e-06
1.17464e-06
1.05792e-06
9.43878e-07
8.35967e-07
7.3793e-07
6.5388e-07
5.88702e-07
5.4999e-07
5.48073e-07
6.10504e-07
8.23595e-07
1.70714e-06
4.36435e-05
2.06339e-05
1.43577e-05
1.15586e-05
1.00588e-05
9.19631e-06
8.69375e-06
8.40709e-06
8.24823e-06
8.1563e-06
8.0862e-06
8.00382e-06
7.8845e-06
7.71391e-06
7.48527e-06
7.19352e-06
6.84374e-06
6.44844e-06
6.02123e-06
5.57731e-06
5.1319e-06
4.69898e-06
4.29029e-06
3.91483e-06
3.57861e-06
3.28481e-06
3.03411e-06
2.8252e-06
2.65524e-06
2.52048e-06
2.41663e-06
2.33928e-06
2.28415e-06
2.24727e-06
2.22528e-06
2.21555e-06
2.21379e-06
2.21865e-06
2.22851e-06
2.24161e-06
2.2566e-06
2.2723e-06
2.28764e-06
2.30168e-06
2.31363e-06
2.32281e-06
2.3277e-06
2.3288e-06
2.32534e-06
2.31658e-06
2.30207e-06
2.28129e-06
2.25363e-06
2.21851e-06
2.17545e-06
2.1239e-06
2.0633e-06
1.99312e-06
1.91289e-06
1.82236e-06
1.72158e-06
1.6111e-06
1.49214e-06
1.36664e-06
1.23735e-06
1.1078e-06
9.822e-07
8.65318e-07
7.6252e-07
6.80087e-07
6.27226e-07
6.16267e-07
6.77881e-07
9.07804e-07
1.87843e-06
4.34225e-05
2.05423e-05
1.432e-05
1.15582e-05
1.00875e-05
9.24489e-06
8.75261e-06
8.46704e-06
8.30104e-06
8.1948e-06
8.10496e-06
7.99983e-06
7.85711e-06
7.65946e-06
7.39768e-06
7.07476e-06
6.69858e-06
6.28084e-06
5.83624e-06
5.38074e-06
4.92993e-06
4.49771e-06
4.0954e-06
3.73124e-06
3.41029e-06
3.13471e-06
2.90412e-06
2.71625e-06
2.56747e-06
2.45337e-06
2.36924e-06
2.31037e-06
2.27237e-06
2.25252e-06
2.24592e-06
2.2485e-06
2.25946e-06
2.27651e-06
2.29788e-06
2.32203e-06
2.34769e-06
2.3737e-06
2.399e-06
2.42264e-06
2.44369e-06
2.46129e-06
2.47471e-06
2.48257e-06
2.4851e-06
2.48227e-06
2.47257e-06
2.45576e-06
2.4318e-06
2.40033e-06
2.36086e-06
2.31296e-06
2.25624e-06
2.19018e-06
2.11414e-06
2.02746e-06
1.9296e-06
1.82033e-06
1.70001e-06
1.56985e-06
1.43211e-06
1.29023e-06
1.14884e-06
1.01366e-06
8.9145e-07
7.90241e-07
7.21299e-07
6.99838e-07
7.60337e-07
1.01024e-06
2.0858e-06
4.28634e-05
2.02959e-05
1.41828e-05
1.1486e-05
1.00553e-05
9.23623e-06
8.75533e-06
8.47142e-06
8.29913e-06
8.18134e-06
8.07535e-06
7.949e-06
7.77833e-06
7.55144e-06
7.26478e-06
6.92021e-06
6.52592e-06
6.09457e-06
5.64152e-06
5.18297e-06
4.73442e-06
4.30938e-06
3.91847e-06
3.5691e-06
3.2654e-06
3.00857e-06
2.79742e-06
2.62895e-06
2.49898e-06
2.40274e-06
2.3353e-06
2.29194e-06
2.26991e-06
2.26311e-06
2.26756e-06
2.2822e-06
2.30464e-06
2.33289e-06
2.36533e-06
2.40057e-06
2.4374e-06
2.47469e-06
2.51135e-06
2.54634e-06
2.57861e-06
2.6071e-06
2.63078e-06
2.64866e-06
2.6588e-06
2.66189e-06
2.65794e-06
2.64542e-06
2.62389e-06
2.59331e-06
2.55387e-06
2.50575e-06
2.44898e-06
2.38341e-06
2.30871e-06
2.22427e-06
2.12927e-06
2.02284e-06
1.90435e-06
1.77386e-06
1.63248e-06
1.48284e-06
1.32933e-06
1.17815e-06
1.03729e-06
9.16712e-07
8.3011e-07
7.96593e-07
8.55048e-07
1.12662e-06
2.32006e-06
4.19765e-05
1.98958e-05
1.39398e-05
1.13312e-05
9.95895e-06
9.1765e-06
8.71379e-06
8.43401e-06
8.2555e-06
8.1225e-06
7.99467e-06
7.84345e-06
7.64981e-06
7.40254e-06
7.09793e-06
6.73911e-06
6.33495e-06
5.8985e-06
5.44518e-06
4.991e-06
4.55097e-06
4.13791e-06
3.76166e-06
3.42877e-06
3.14255e-06
2.90349e-06
2.70979e-06
2.55799e-06
2.44366e-06
2.36189e-06
2.30773e-06
2.27809e-06
2.26745e-06
2.26997e-06
2.28502e-06
2.30994e-06
2.34261e-06
2.38131e-06
2.42459e-06
2.47122e-06
2.52006e-06
2.57002e-06
2.62e-06
2.66885e-06
2.71536e-06
2.75821e-06
2.79604e-06
2.82746e-06
2.85107e-06
2.86413e-06
2.86776e-06
2.86137e-06
2.84328e-06
2.81346e-06
2.77228e-06
2.72035e-06
2.65845e-06
2.58739e-06
2.50778e-06
2.41982e-06
2.32318e-06
2.21698e-06
2.09998e-06
1.97106e-06
1.82977e-06
1.67714e-06
1.5163e-06
1.35303e-06
1.19594e-06
1.05673e-06
9.51653e-07
9.04778e-07
9.5994e-07
1.25387e-06
2.5746e-06
4.08119e-05
1.93643e-05
1.36053e-05
1.11018e-05
9.79486e-06
9.05315e-06
8.61303e-06
8.34003e-06
8.15569e-06
8.00879e-06
7.86383e-06
7.69462e-06
7.48367e-06
7.22153e-06
6.90571e-06
6.54008e-06
6.13384e-06
5.69997e-06
5.25347e-06
4.80973e-06
4.38297e-06
3.98517e-06
3.62531e-06
3.3092e-06
3.0395e-06
2.81621e-06
2.6372e-06
2.49885e-06
2.39669e-06
2.32587e-06
2.28232e-06
2.26247e-06
2.25885e-06
2.26919e-06
2.2924e-06
2.32579e-06
2.36726e-06
2.41536e-06
2.46889e-06
2.52676e-06
2.58801e-06
2.65165e-06
2.71663e-06
2.78176e-06
2.84567e-06
2.90683e-06
2.96352e-06
3.01387e-06
3.0559e-06
3.08755e-06
3.10495e-06
3.10954e-06
3.10006e-06
3.07455e-06
3.03309e-06
2.97645e-06
2.90602e-06
2.82369e-06
2.7315e-06
2.63128e-06
2.52422e-06
2.41058e-06
2.28957e-06
2.15955e-06
2.01872e-06
1.86601e-06
1.70235e-06
1.5318e-06
1.36242e-06
1.20689e-06
1.08369e-06
1.02275e-06
1.07334e-06
1.38962e-06
2.84435e-06
3.94084e-05
1.87191e-05
1.31901e-05
1.0806e-05
9.57213e-06
8.87515e-06
8.4591e-06
8.1951e-06
8.0089e-06
7.85303e-06
7.6949e-06
7.51165e-06
7.28825e-06
7.01696e-06
6.69637e-06
6.33082e-06
5.92945e-06
5.50472e-06
5.07086e-06
4.64229e-06
4.23223e-06
3.85171e-06
3.5089e-06
3.20894e-06
2.95409e-06
2.74407e-06
2.57668e-06
2.44837e-06
2.35482e-06
2.29145e-06
2.25506e-06
2.24098e-06
2.24217e-06
2.25835e-06
2.28645e-06
2.32504e-06
2.37295e-06
2.42861e-06
2.49086e-06
2.55875e-06
2.63149e-06
2.70839e-06
2.78862e-06
2.87122e-06
2.95463e-06
3.03709e-06
3.11667e-06
3.19131e-06
3.25841e-06
3.31505e-06
3.35834e-06
3.38292e-06
3.38979e-06
3.37734e-06
3.34283e-06
3.2863e-06
3.20904e-06
3.11354e-06
3.00325e-06
2.88208e-06
2.75372e-06
2.62097e-06
2.48505e-06
2.34542e-06
2.19996e-06
2.04595e-06
1.88161e-06
1.70801e-06
1.53102e-06
1.36283e-06
1.22361e-06
1.14868e-06
1.19363e-06
1.53173e-06
3.12477e-06
3.78092e-05
1.79795e-05
1.2706e-05
1.04519e-05
9.29676e-06
8.64863e-06
8.26043e-06
8.0088e-06
7.82395e-06
7.66237e-06
7.49506e-06
7.3023e-06
7.07153e-06
6.79668e-06
6.47727e-06
6.11788e-06
5.72727e-06
5.31707e-06
4.90044e-06
4.49059e-06
4.09959e-06
3.73749e-06
3.41169e-06
3.12682e-06
2.88487e-06
2.68552e-06
2.5267e-06
2.40513e-06
2.31682e-06
2.25756e-06
2.22442e-06
2.21248e-06
2.21622e-06
2.23497e-06
2.26634e-06
2.30823e-06
2.35916e-06
2.41844e-06
2.48552e-06
2.55998e-06
2.64146e-06
2.72915e-06
2.82236e-06
2.92028e-06
3.02231e-06
3.12725e-06
3.23301e-06
3.33612e-06
3.43357e-06
3.52202e-06
3.59839e-06
3.65801e-06
3.694e-06
3.7055e-06
3.69118e-06
3.6467e-06
3.57193e-06
3.46875e-06
3.34113e-06
3.1947e-06
3.03605e-06
2.87162e-06
2.70648e-06
2.54329e-06
2.38181e-06
2.21924e-06
2.05167e-06
1.87663e-06
1.69611e-06
1.51973e-06
1.36777e-06
1.28007e-06
1.31883e-06
1.67789e-06
3.41117e-06
3.60608e-05
1.71667e-05
1.21666e-05
1.00486e-05
8.97549e-06
8.37891e-06
8.02153e-06
7.78567e-06
7.60597e-06
7.44288e-06
7.27095e-06
7.07355e-06
6.84057e-06
6.56747e-06
6.2546e-06
5.90659e-06
5.53158e-06
5.14021e-06
4.74432e-06
4.35579e-06
3.98548e-06
3.64242e-06
3.33331e-06
3.06237e-06
2.83145e-06
2.64038e-06
2.48738e-06
2.36956e-06
2.28335e-06
2.22492e-06
2.19135e-06
2.17859e-06
2.18155e-06
2.1994e-06
2.23006e-06
2.27192e-06
2.32373e-06
2.38459e-06
2.45397e-06
2.53145e-06
2.61689e-06
2.71047e-06
2.8122e-06
2.92175e-06
3.03825e-06
3.16084e-06
3.28843e-06
3.41985e-06
3.55185e-06
3.67941e-06
3.79594e-06
3.89697e-06
3.97825e-06
4.03058e-06
4.0497e-06
4.03512e-06
3.97999e-06
3.88379e-06
3.74912e-06
3.58187e-06
3.3907e-06
3.18592e-06
2.97773e-06
2.77431e-06
2.58011e-06
2.39509e-06
2.21536e-06
2.03558e-06
1.85301e-06
1.6725e-06
1.51189e-06
1.41377e-06
1.44652e-06
1.82539e-06
3.6981e-06
3.42115e-05
1.63031e-05
1.15859e-05
9.60635e-06
8.61584e-06
8.0718e-06
7.74727e-06
7.53027e-06
7.35967e-06
7.1996e-06
7.02799e-06
6.8311e-06
6.60105e-06
6.33476e-06
6.03325e-06
5.70107e-06
5.34567e-06
4.97652e-06
4.60408e-06
4.23885e-06
3.89042e-06
3.56683e-06
3.27412e-06
3.0162e-06
2.79489e-06
2.61025e-06
2.46085e-06
2.34423e-06
2.25734e-06
2.19682e-06
2.15965e-06
2.14305e-06
2.14219e-06
2.15597e-06
2.18258e-06
2.22059e-06
2.26895e-06
2.32703e-06
2.39452e-06
2.47142e-06
2.55783e-06
2.65396e-06
2.76008e-06
2.87641e-06
3.00315e-06
3.13988e-06
3.28564e-06
3.43876e-06
3.59724e-06
3.75883e-06
3.91954e-06
4.07104e-06
4.20354e-06
4.31094e-06
4.38417e-06
4.41387e-06
4.40016e-06
4.33315e-06
4.21165e-06
4.03917e-06
3.82416e-06
3.57937e-06
3.32011e-06
3.06157e-06
2.81581e-06
2.58923e-06
2.38156e-06
2.1872e-06
1.99931e-06
1.8165e-06
1.65125e-06
1.5459e-06
1.57361e-06
1.97097e-06
3.97919e-06
3.23093e-05
1.54108e-05
1.0979e-05
9.13588e-06
8.22589e-06
7.73351e-06
7.44256e-06
7.24675e-06
7.08888e-06
6.9364e-06
6.77019e-06
6.57906e-06
6.35712e-06
6.10254e-06
5.81688e-06
5.50451e-06
5.17213e-06
4.82803e-06
4.48129e-06
4.14101e-06
3.81557e-06
3.51207e-06
3.23597e-06
2.99094e-06
2.77906e-06
2.59997e-06
2.45257e-06
2.33497e-06
2.24477e-06
2.1793e-06
2.136e-06
2.11233e-06
2.10504e-06
2.11193e-06
2.13164e-06
2.16288e-06
2.20479e-06
2.25687e-06
2.31899e-06
2.39134e-06
2.47431e-06
2.56849e-06
2.67456e-06
2.7932e-06
2.92498e-06
3.07015e-06
3.22853e-06
3.39929e-06
3.58078e-06
3.77017e-06
3.96373e-06
4.15786e-06
4.34517e-06
4.5128e-06
4.65073e-06
4.74783e-06
4.78972e-06
4.77629e-06
4.69444e-06
4.54223e-06
4.32431e-06
4.05254e-06
3.74514e-06
3.424e-06
3.11062e-06
2.82152e-06
2.56477e-06
2.33898e-06
2.13606e-06
1.94857e-06
1.78115e-06
1.67201e-06
1.69638e-06
2.11069e-06
4.24688e-06
3.04024e-05
1.45128e-05
1.03609e-05
8.64855e-06
7.81429e-06
7.37055e-06
7.1123e-06
6.93886e-06
6.79664e-06
6.65596e-06
6.50013e-06
6.32008e-06
6.1115e-06
5.87356e-06
5.60816e-06
5.31944e-06
5.01329e-06
4.69688e-06
4.37797e-06
4.06436e-06
3.76331e-06
3.4811e-06
3.22287e-06
2.99084e-06
2.78581e-06
2.60996e-06
2.46317e-06
2.34411e-06
2.25068e-06
2.18024e-06
2.12958e-06
2.09676e-06
2.08e-06
2.07768e-06
2.08816e-06
2.11028e-06
2.14333e-06
2.18696e-06
2.24118e-06
2.30629e-06
2.38292e-06
2.4719e-06
2.57419e-06
2.69085e-06
2.82286e-06
2.97101e-06
3.13575e-06
3.31708e-06
3.51421e-06
3.72536e-06
3.94742e-06
4.1756e-06
4.40423e-06
4.6266e-06
4.82865e-06
4.99745e-06
5.11729e-06
5.17005e-06
5.15325e-06
5.05091e-06
4.86016e-06
4.58729e-06
4.24878e-06
3.87005e-06
3.48145e-06
3.11209e-06
2.7831e-06
2.50328e-06
2.26845e-06
2.06785e-06
1.89743e-06
1.78724e-06
1.81041e-06
2.23995e-06
4.49246e-06
2.85367e-05
1.36306e-05
9.74696e-06
8.15606e-06
7.39023e-06
6.98998e-06
6.76163e-06
6.61018e-06
6.48541e-06
6.36006e-06
6.21935e-06
6.0557e-06
5.86592e-06
5.64981e-06
5.40937e-06
5.14835e-06
4.87188e-06
4.58603e-06
4.29735e-06
4.01246e-06
3.73764e-06
3.47769e-06
3.23427e-06
3.01237e-06
2.81538e-06
2.64392e-06
2.49798e-06
2.3767e-06
2.27861e-06
2.20185e-06
2.14466e-06
2.10476e-06
2.07986e-06
2.06747e-06
2.06719e-06
2.07817e-06
2.10065e-06
2.13431e-06
2.1791e-06
2.23543e-06
2.30403e-06
2.38589e-06
2.4822e-06
2.59422e-06
2.72322e-06
2.87031e-06
3.03628e-06
3.22191e-06
3.42724e-06
3.65144e-06
3.89253e-06
4.14707e-06
4.40972e-06
4.67296e-06
4.92751e-06
5.15927e-06
5.35317e-06
5.48993e-06
5.54842e-06
5.52082e-06
5.38881e-06
5.14867e-06
4.80913e-06
4.39299e-06
3.93521e-06
3.47665e-06
3.05531e-06
2.69602e-06
2.40589e-06
2.17652e-06
1.9971e-06
1.88665e-06
1.91068e-06
2.35336e-06
4.70596e-06
2.67603e-05
1.27872e-05
9.15314e-06
7.67109e-06
6.96383e-06
6.59973e-06
6.3967e-06
6.26539e-06
6.15872e-06
6.05136e-06
5.92997e-06
5.78793e-06
5.6226e-06
5.43392e-06
5.22368e-06
4.99506e-06
4.75235e-06
4.50058e-06
4.24521e-06
3.99188e-06
3.74333e-06
3.50249e-06
3.27668e-06
3.0693e-06
2.88259e-06
2.71698e-06
2.57252e-06
2.44889e-06
2.34539e-06
2.26118e-06
2.19517e-06
2.1456e-06
2.11091e-06
2.09008e-06
2.08165e-06
2.08446e-06
2.09759e-06
2.12147e-06
2.15655e-06
2.20367e-06
2.26379e-06
2.33804e-06
2.42772e-06
2.53424e-06
2.65909e-06
2.80373e-06
2.96956e-06
3.1572e-06
3.36675e-06
3.59762e-06
3.84834e-06
4.11634e-06
4.39773e-06
4.6873e-06
4.97736e-06
5.25651e-06
5.51023e-06
5.72061e-06
5.86449e-06
5.9191e-06
5.8688e-06
5.69373e-06
5.38979e-06
4.96956e-06
4.46461e-06
3.92225e-06
3.39681e-06
2.93441e-06
2.56136e-06
2.28014e-06
2.07878e-06
1.96547e-06
1.99149e-06
2.44452e-06
4.87573e-06
2.51268e-05
1.20083e-05
8.59756e-06
7.20813e-06
6.54726e-06
6.20997e-06
6.02559e-06
5.91065e-06
5.82134e-06
5.73406e-06
5.63613e-06
5.52116e-06
5.38643e-06
5.23155e-06
5.05771e-06
4.86733e-06
4.6638e-06
4.45115e-06
4.23331e-06
4.00995e-06
3.78715e-06
3.57208e-06
3.36899e-06
3.1794e-06
3.00467e-06
2.84626e-06
2.70489e-06
2.58074e-06
2.47356e-06
2.38267e-06
2.30735e-06
2.2472e-06
2.20185e-06
2.17025e-06
2.1514e-06
2.14464e-06
2.14926e-06
2.16553e-06
2.19443e-06
2.23595e-06
2.29094e-06
2.36052e-06
2.44596e-06
2.54866e-06
2.67007e-06
2.81163e-06
2.9747e-06
3.16059e-06
3.36942e-06
3.60087e-06
3.85397e-06
4.12695e-06
4.41693e-06
4.71968e-06
5.02898e-06
5.33609e-06
5.62901e-06
5.89193e-06
6.10474e-06
6.2409e-06
6.27623e-06
6.18604e-06
5.94982e-06
5.56399e-06
5.04723e-06
4.44338e-06
3.81579e-06
3.23405e-06
2.75013e-06
2.38781e-06
2.14284e-06
2.01642e-06
2.03972e-06
2.49696e-06
4.97037e-06
2.37027e-05
1.13256e-05
8.10213e-06
6.78416e-06
6.15436e-06
5.83247e-06
5.65896e-06
5.55607e-06
5.483e-06
5.41752e-06
5.34733e-06
5.26562e-06
5.16889e-06
5.0558e-06
4.92655e-06
4.78255e-06
4.62665e-06
4.45706e-06
4.27327e-06
4.08456e-06
3.89629e-06
3.713e-06
3.53533e-06
3.36571e-06
3.20615e-06
3.05825e-06
2.92313e-06
2.80146e-06
2.69356e-06
2.59942e-06
2.51885e-06
2.45151e-06
2.39689e-06
2.35531e-06
2.3271e-06
2.31182e-06
2.30938e-06
2.3186e-06
2.34161e-06
2.37901e-06
2.43105e-06
2.49876e-06
2.58333e-06
2.68601e-06
2.80803e-06
2.95049e-06
3.11423e-06
3.29956e-06
3.50699e-06
3.73624e-06
3.98649e-06
4.25627e-06
4.54331e-06
4.84432e-06
5.15467e-06
5.46782e-06
5.77468e-06
6.06266e-06
6.31489e-06
6.50931e-06
6.61791e-06
6.61137e-06
6.45871e-06
6.13858e-06
5.64943e-06
5.01969e-06
4.31017e-06
3.60519e-06
2.98819e-06
2.51308e-06
2.19591e-06
2.0388e-06
2.05591e-06
2.51245e-06
4.99281e-06
2.25781e-05
1.07809e-05
7.69473e-06
6.42085e-06
5.8037e-06
5.48437e-06
5.31355e-06
5.21897e-06
5.16244e-06
5.12253e-06
5.08658e-06
5.04684e-06
4.99843e-06
4.93883e-06
4.8673e-06
4.77863e-06
4.66702e-06
4.53972e-06
4.40299e-06
4.26003e-06
4.11481e-06
3.96768e-06
3.82116e-06
3.67761e-06
3.53914e-06
3.40757e-06
3.28438e-06
3.17074e-06
3.06755e-06
2.97541e-06
2.89477e-06
2.82589e-06
2.76898e-06
2.72421e-06
2.69156e-06
2.67182e-06
2.6657e-06
2.6723e-06
2.69321e-06
2.73046e-06
2.78348e-06
2.85308e-06
2.94017e-06
3.04562e-06
3.17022e-06
3.31457e-06
3.47901e-06
3.66341e-06
3.86744e-06
4.09064e-06
4.33207e-06
4.59025e-06
4.86312e-06
5.14796e-06
5.4412e-06
5.73807e-06
6.03194e-06
6.31373e-06
6.57075e-06
6.78549e-06
6.93435e-06
6.98731e-06
6.91005e-06
6.66751e-06
6.23617e-06
5.62013e-06
4.86302e-06
4.0491e-06
3.28747e-06
2.6709e-06
2.249e-06
2.04144e-06
2.04077e-06
2.48711e-06
4.93639e-06
2.18677e-05
1.04256e-05
7.40889e-06
6.1444e-06
5.51933e-06
5.19066e-06
5.01745e-06
4.93194e-06
4.89757e-06
4.89261e-06
4.90378e-06
4.92291e-06
4.93955e-06
4.94377e-06
4.92587e-06
4.88994e-06
4.83994e-06
4.77603e-06
4.70094e-06
4.61683e-06
4.5244e-06
4.42497e-06
4.3209e-06
4.21449e-06
4.10796e-06
4.00338e-06
3.90259e-06
3.80722e-06
3.7187e-06
3.63823e-06
3.56682e-06
3.50535e-06
3.45457e-06
3.41515e-06
3.38774e-06
3.37305e-06
3.37184e-06
3.38213e-06
3.40747e-06
3.4489e-06
3.50615e-06
3.57977e-06
3.67025e-06
3.77795e-06
3.9031e-06
4.04575e-06
4.20569e-06
4.38247e-06
4.57539e-06
4.78343e-06
5.00521e-06
5.23898e-06
5.48264e-06
5.73368e-06
5.98912e-06
6.24529e-06
6.49755e-06
6.73974e-06
6.96332e-06
7.1558e-06
7.29916e-06
7.36805e-06
7.33185e-06
7.15126e-06
6.78276e-06
6.20861e-06
5.44323e-06
4.55257e-06
3.65156e-06
2.87226e-06
2.30909e-06
2.01446e-06
1.97792e-06
2.40062e-06
4.76265e-06
2.16918e-05
1.03108e-05
7.27607e-06
5.98113e-06
5.32998e-06
4.98722e-06
4.81755e-06
4.75549e-06
4.76282e-06
4.8154e-06
4.89272e-06
4.97438e-06
5.05433e-06
5.12825e-06
5.19398e-06
5.24644e-06
5.28527e-06
5.30941e-06
5.31896e-06
5.31491e-06
5.2974e-06
5.26704e-06
5.22644e-06
5.17777e-06
5.12324e-06
5.06505e-06
5.00529e-06
4.94596e-06
4.88889e-06
4.8357e-06
4.78787e-06
4.74677e-06
4.71358e-06
4.6894e-06
4.67522e-06
4.67207e-06
4.67882e-06
4.69739e-06
4.72951e-06
4.77481e-06
4.83368e-06
4.90639e-06
4.99311e-06
5.09381e-06
5.20831e-06
5.33624e-06
5.47697e-06
5.62964e-06
5.79313e-06
5.96602e-06
6.14663e-06
6.33298e-06
6.52287e-06
6.71386e-06
6.90336e-06
7.08853e-06
7.2662e-06
7.43234e-06
7.58145e-06
7.70556e-06
7.79296e-06
7.82457e-06
7.77843e-06
7.61566e-06
7.28663e-06
6.75758e-06
6.01237e-06
5.08349e-06
4.06939e-06
3.12311e-06
2.39002e-06
1.96745e-06
1.86831e-06
2.2474e-06
4.45955e-06
2.2025e-05
1.04191e-05
7.2915e-06
5.94248e-06
5.26679e-06
4.92965e-06
4.79178e-06
4.77562e-06
4.84119e-06
4.96459e-06
5.12666e-06
5.31441e-06
5.51383e-06
5.71546e-06
5.91322e-06
6.10066e-06
6.2736e-06
6.42942e-06
6.56653e-06
6.68419e-06
6.78194e-06
6.86044e-06
6.92117e-06
6.96591e-06
6.99662e-06
7.01539e-06
7.02429e-06
7.02536e-06
7.02145e-06
7.01327e-06
7.00317e-06
6.99289e-06
6.9841e-06
6.97813e-06
6.97631e-06
6.97891e-06
6.98704e-06
7.00242e-06
7.02524e-06
7.056e-06
7.09503e-06
7.14251e-06
7.19846e-06
7.26268e-06
7.33484e-06
7.41434e-06
7.50041e-06
7.59203e-06
7.68794e-06
7.78665e-06
7.88642e-06
7.98536e-06
8.08151e-06
8.17277e-06
8.257e-06
8.33202e-06
8.39546e-06
8.44465e-06
8.47607e-06
8.4843e-06
8.46632e-06
8.40832e-06
8.28811e-06
8.08037e-06
7.74689e-06
7.24286e-06
6.52996e-06
5.59819e-06
4.51052e-06
3.41745e-06
2.50091e-06
1.91139e-06
1.71177e-06
2.01914e-06
4.01127e-06
2.26971e-05
1.06623e-05
7.39167e-06
5.99397e-06
5.32987e-06
5.04471e-06
4.98473e-06
5.07917e-06
5.28754e-06
5.57717e-06
5.92475e-06
6.31231e-06
6.72304e-06
7.1433e-06
7.56242e-06
7.97096e-06
8.36148e-06
8.72935e-06
9.07209e-06
9.38288e-06
9.66019e-06
9.90425e-06
1.01159e-05
1.02963e-05
1.04472e-05
1.05701e-05
1.06671e-05
1.07407e-05
1.07932e-05
1.0827e-05
1.0845e-05
1.08486e-05
1.08422e-05
1.08258e-05
1.08012e-05
1.07709e-05
1.07364e-05
1.06992e-05
1.06604e-05
1.06211e-05
1.0582e-05
1.05437e-05
1.05065e-05
1.04705e-05
1.04358e-05
1.0402e-05
1.03687e-05
1.03352e-05
1.03005e-05
1.02636e-05
1.02232e-05
1.01779e-05
1.01262e-05
1.00665e-05
9.99741e-06
9.91731e-06
9.82466e-06
9.71775e-06
9.5945e-06
9.45197e-06
9.28581e-06
9.08845e-06
8.84778e-06
8.5455e-06
8.14948e-06
7.61723e-06
6.90313e-06
5.98779e-06
4.89156e-06
3.7101e-06
2.6307e-06
1.85364e-06
1.51322e-06
1.70642e-06
3.39061e-06
2.28408e-05
1.06663e-05
7.40851e-06
6.10833e-06
5.60083e-06
5.513e-06
5.69917e-06
6.08282e-06
6.61256e-06
7.25036e-06
7.96585e-06
8.7318e-06
9.52419e-06
1.03239e-05
1.11194e-05
1.18917e-05
1.26255e-05
1.33088e-05
1.39317e-05
1.4492e-05
1.49881e-05
1.54197e-05
1.57872e-05
1.60922e-05
1.63378e-05
1.65266e-05
1.66616e-05
1.6748e-05
1.67877e-05
1.67846e-05
1.6752e-05
1.66815e-05
1.65811e-05
1.64559e-05
1.63091e-05
1.6144e-05
1.59634e-05
1.57702e-05
1.55666e-05
1.53548e-05
1.51365e-05
1.49132e-05
1.46863e-05
1.44565e-05
1.42248e-05
1.39914e-05
1.37568e-05
1.3521e-05
1.32837e-05
1.30447e-05
1.28036e-05
1.25597e-05
1.23121e-05
1.206e-05
1.18024e-05
1.15381e-05
1.1266e-05
1.09846e-05
1.06922e-05
1.03863e-05
1.00631e-05
9.7165e-06
9.33611e-06
8.90469e-06
8.40164e-06
7.79806e-06
7.05965e-06
6.15371e-06
5.07972e-06
3.89223e-06
2.73098e-06
1.79874e-06
1.28505e-06
1.3164e-06
2.59989e-06
2.12115e-05
9.98218e-06
7.22622e-06
6.43447e-06
6.43835e-06
6.92198e-06
7.72349e-06
8.75022e-06
9.93728e-06
1.12343e-05
1.26066e-05
1.40047e-05
1.53863e-05
1.67184e-05
1.79712e-05
1.91302e-05
2.01855e-05
2.11295e-05
2.19577e-05
2.26687e-05
2.32629e-05
2.37431e-05
2.41128e-05
2.43785e-05
2.45508e-05
2.46331e-05
2.46274e-05
2.45642e-05
2.44232e-05
2.42173e-05
2.39591e-05
2.36542e-05
2.33088e-05
2.29288e-05
2.25199e-05
2.2087e-05
2.16348e-05
2.11676e-05
2.0689e-05
2.02024e-05
1.97107e-05
1.92165e-05
1.87219e-05
1.82288e-05
1.77387e-05
1.7253e-05
1.67724e-05
1.6298e-05
1.58303e-05
1.53698e-05
1.49162e-05
1.4469e-05
1.40275e-05
1.35906e-05
1.31572e-05
1.2726e-05
1.22954e-05
1.18637e-05
1.14286e-05
1.09871e-05
1.05354e-05
1.00677e-05
9.57605e-06
9.04836e-06
8.46781e-06
7.81135e-06
7.04974e-06
6.15412e-06
5.11023e-06
3.94736e-06
2.76762e-06
1.74074e-06
1.04978e-06
8.68513e-07
1.65778e-06
1.50854e-05
7.76735e-06
6.96066e-06
7.74108e-06
9.1913e-06
1.09995e-05
1.30062e-05
1.51096e-05
1.7234e-05
1.93201e-05
2.13135e-05
2.31869e-05
2.49213e-05
2.65022e-05
2.79192e-05
2.91676e-05
3.02467e-05
3.11585e-05
3.19069e-05
3.24975e-05
3.29374e-05
3.32335e-05
3.33897e-05
3.34182e-05
3.3361e-05
3.32018e-05
3.2931e-05
3.25778e-05
3.21497e-05
3.16549e-05
3.11023e-05
3.05002e-05
2.98562e-05
2.91778e-05
2.84715e-05
2.77437e-05
2.70001e-05
2.62458e-05
2.54853e-05
2.4723e-05
2.39624e-05
2.32066e-05
2.24586e-05
2.17209e-05
2.0995e-05
2.02825e-05
1.95842e-05
1.89054e-05
1.82454e-05
1.76021e-05
1.69739e-05
1.63596e-05
1.57575e-05
1.51663e-05
1.45843e-05
1.40096e-05
1.34399e-05
1.28728e-05
1.23052e-05
1.17336e-05
1.11535e-05
1.05593e-05
9.94387e-06
9.29744e-06
8.60699e-06
7.85535e-06
7.02212e-06
6.08615e-06
5.03563e-06
3.8912e-06
2.72939e-06
1.68424e-06
9.04911e-07
4.93608e-07
6.63282e-07
2.63201e-06
4.8169e-06
9.89639e-06
1.5031e-05
1.99501e-05
2.45437e-05
2.88036e-05
3.27576e-05
3.64324e-05
3.98465e-05
4.30086e-05
4.59186e-05
4.85715e-05
5.09611e-05
5.30838e-05
5.49398e-05
5.65303e-05
5.78573e-05
5.89244e-05
5.97377e-05
6.03047e-05
6.06338e-05
6.07003e-05
6.06163e-05
6.03664e-05
5.98986e-05
5.92702e-05
5.8496e-05
5.75914e-05
5.65719e-05
5.5453e-05
5.42493e-05
5.29751e-05
5.16436e-05
5.02671e-05
4.88573e-05
4.74245e-05
4.59782e-05
4.45269e-05
4.30782e-05
4.16384e-05
4.0213e-05
3.88081e-05
3.74274e-05
3.60728e-05
3.47458e-05
3.34486e-05
3.22029e-05
3.09925e-05
2.98093e-05
2.86492e-05
2.75095e-05
2.63874e-05
2.528e-05
2.41841e-05
2.30957e-05
2.20107e-05
2.0924e-05
1.98302e-05
1.8723e-05
1.75954e-05
1.64392e-05
1.52445e-05
1.39996e-05
1.26905e-05
1.13016e-05
9.81844e-06
8.23566e-06
6.57223e-06
4.89173e-06
3.31244e-06
1.98225e-06
1.01244e-06
4.08732e-07
2.19411e-07
)
;

boundaryField
{
    movingWall
    {
        type            epsilonWallFunction;
        value           nonuniform List<scalar> 
75
(
2.63201e-06
4.8169e-06
9.89639e-06
1.5031e-05
1.99501e-05
2.45437e-05
2.88036e-05
3.27576e-05
3.64324e-05
3.98465e-05
4.30086e-05
4.59186e-05
4.85715e-05
5.09611e-05
5.30838e-05
5.49398e-05
5.65303e-05
5.78573e-05
5.89244e-05
5.97377e-05
6.03047e-05
6.06338e-05
6.07003e-05
6.06163e-05
6.03664e-05
5.98986e-05
5.92702e-05
5.8496e-05
5.75914e-05
5.65719e-05
5.5453e-05
5.42493e-05
5.29751e-05
5.16436e-05
5.02671e-05
4.88573e-05
4.74245e-05
4.59782e-05
4.45269e-05
4.30782e-05
4.16384e-05
4.0213e-05
3.88081e-05
3.74274e-05
3.60728e-05
3.47458e-05
3.34486e-05
3.22029e-05
3.09925e-05
2.98093e-05
2.86492e-05
2.75095e-05
2.63874e-05
2.528e-05
2.41841e-05
2.30957e-05
2.20107e-05
2.0924e-05
1.98302e-05
1.8723e-05
1.75954e-05
1.64392e-05
1.52445e-05
1.39996e-05
1.26905e-05
1.13016e-05
9.81844e-06
8.23566e-06
6.57223e-06
4.89173e-06
3.31244e-06
1.98225e-06
1.01244e-06
4.08732e-07
2.19411e-07
)
;
    }
    fixedWalls
    {
        type            epsilonWallFunction;
        value           nonuniform List<scalar> 
225
(
6.17642e-08
4.17548e-07
9.2797e-07
1.53344e-06
2.20539e-06
2.92523e-06
3.67886e-06
4.45474e-06
5.243e-06
6.03505e-06
6.82335e-06
7.60134e-06
8.36337e-06
9.10477e-06
9.82185e-06
1.0512e-05
1.11735e-05
1.18061e-05
1.24104e-05
1.29884e-05
1.35431e-05
1.4079e-05
1.46015e-05
1.51172e-05
1.56337e-05
1.61596e-05
1.67041e-05
1.72772e-05
1.78891e-05
1.85501e-05
1.92707e-05
2.00605e-05
2.09289e-05
2.18837e-05
2.29311e-05
2.40756e-05
2.53185e-05
2.66583e-05
2.80893e-05
2.96012e-05
3.11788e-05
3.28011e-05
3.44412e-05
3.60668e-05
3.76399e-05
3.91188e-05
4.04589e-05
4.16153e-05
4.25453e-05
4.32109e-05
4.35825e-05
4.36435e-05
4.34225e-05
4.28634e-05
4.19765e-05
4.08119e-05
3.94084e-05
3.78092e-05
3.60608e-05
3.42115e-05
3.23093e-05
3.04024e-05
2.85367e-05
2.67603e-05
2.51268e-05
2.37027e-05
2.25781e-05
2.18677e-05
2.16918e-05
2.2025e-05
2.26971e-05
2.28408e-05
2.12115e-05
1.50854e-05
2.63201e-06
6.47898e-08
4.38103e-07
9.74347e-07
1.61189e-06
2.3217e-06
3.08513e-06
3.88808e-06
4.71891e-06
5.56743e-06
6.4244e-06
7.28124e-06
8.12983e-06
8.96239e-06
9.77143e-06
1.05497e-05
1.12899e-05
1.19853e-05
1.26289e-05
1.32141e-05
1.37344e-05
1.41834e-05
1.4555e-05
1.48436e-05
1.50437e-05
1.51507e-05
1.51603e-05
1.50702e-05
1.48758e-05
1.45764e-05
1.41722e-05
1.36649e-05
1.30582e-05
1.23578e-05
1.15718e-05
1.07113e-05
9.79015e-06
8.82547e-06
7.83734e-06
6.84858e-06
5.88409e-06
4.9697e-06
4.13061e-06
3.38954e-06
2.76465e-06
2.2677e-06
1.90281e-06
1.66624e-06
1.5471e-06
1.52543e-06
1.58434e-06
1.70714e-06
1.87843e-06
2.0858e-06
2.32006e-06
2.5746e-06
2.84435e-06
3.12477e-06
3.41117e-06
3.6981e-06
3.97919e-06
4.24688e-06
4.49246e-06
4.70596e-06
4.87573e-06
4.97037e-06
4.99281e-06
4.93639e-06
4.76265e-06
4.45955e-06
4.01127e-06
3.39061e-06
2.59989e-06
1.65778e-06
6.63282e-07
2.19411e-07
6.17642e-08
1.16633e-07
2.47244e-07
4.03179e-07
5.78864e-07
7.70093e-07
9.738e-07
1.18762e-06
1.40963e-06
1.63815e-06
1.87168e-06
2.10885e-06
2.34838e-06
2.58904e-06
2.82968e-06
3.06917e-06
3.30645e-06
3.54049e-06
3.77028e-06
3.99487e-06
4.21334e-06
4.42479e-06
4.62839e-06
4.82331e-06
5.0088e-06
5.18412e-06
5.34859e-06
5.50157e-06
5.64246e-06
5.77071e-06
5.88583e-06
5.98736e-06
6.0749e-06
6.14811e-06
6.20669e-06
6.2504e-06
6.27905e-06
6.29251e-06
6.29073e-06
6.27366e-06
6.24133e-06
6.19384e-06
6.13133e-06
6.05401e-06
5.96215e-06
5.85607e-06
5.73614e-06
5.60279e-06
5.4565e-06
5.29782e-06
5.12734e-06
4.94571e-06
4.75362e-06
4.55182e-06
4.34111e-06
4.12234e-06
3.89639e-06
3.66421e-06
3.42679e-06
3.18516e-06
2.94041e-06
2.69368e-06
2.44614e-06
2.19906e-06
1.95373e-06
1.71157e-06
1.47407e-06
1.24286e-06
1.01977e-06
8.06902e-07
6.06808e-07
4.22787e-07
2.59329e-07
1.22348e-07
6.47898e-08
)
;
    }
    frontAndBack
    {
        type            empty;
    }
}


// ************************************************************************* //
