/*--------------------------------*- C++ -*----------------------------------*\
  =========                 |
  \\      /  F ield         | OpenFOAM: The Open Source CFD Toolbox
   \\    /   O peration     | Website:  https://openfoam.org
    \\  /    A nd           | Version:  12
     \\/     M anipulation  |
\*---------------------------------------------------------------------------*/
FoamFile
{
    format      ascii;
    class       volScalarField;
    location    "9.5";
    object      nut;
}
// * * * * * * * * * * * * * * * * * * * * * * * * * * * * * * * * * * * * * //

dimensions      [0 2 -1 0 0 0 0];

internalField   nonuniform List<scalar> 
5625
(
4.44089e-21
1.29871e-20
2.87994e-20
4.74133e-20
6.78255e-20
8.93465e-20
1.11442e-19
1.33681e-19
1.55715e-19
1.77269e-19
1.98139e-19
2.18186e-19
2.37333e-19
2.55563e-19
2.7291e-19
2.89453e-19
3.05307e-19
3.20612e-19
3.35528e-19
3.50224e-19
3.64874e-19
3.79646e-19
3.94702e-19
4.10196e-19
4.26269e-19
4.43049e-19
4.6065e-19
4.79176e-19
4.98717e-19
5.19352e-19
5.41147e-19
5.64159e-19
5.88432e-19
6.14e-19
6.40882e-19
6.69086e-19
6.986e-19
7.29396e-19
7.61423e-19
7.946e-19
8.28817e-19
8.63921e-19
8.99715e-19
9.35942e-19
9.72283e-19
1.00834e-18
1.04364e-18
1.07759e-18
1.10952e-18
1.13865e-18
1.16407e-18
1.18476e-18
1.19953e-18
1.20679e-18
1.20724e-18
1.19876e-18
1.18026e-18
1.1511e-18
1.11096e-18
1.05992e-18
9.9851e-19
9.27732e-19
8.49073e-19
7.64436e-19
6.7603e-19
5.8621e-19
4.97305e-19
4.11439e-19
3.30393e-19
2.55523e-19
1.8776e-19
1.27732e-19
7.6037e-20
3.38755e-20
4.99892e-21
5.81605e-20
1.89506e-18
4.73868e-18
7.9992e-18
1.1541e-17
1.52597e-17
1.9069e-17
2.28973e-17
2.66861e-17
3.03889e-17
3.3971e-17
3.74088e-17
4.06897e-17
4.3811e-17
4.67788e-17
4.96068e-17
5.23151e-17
5.49279e-17
5.7473e-17
5.99795e-17
6.24769e-17
6.49944e-17
6.75599e-17
7.01994e-17
7.29369e-17
7.57944e-17
7.87913e-17
8.19451e-17
8.52712e-17
8.87827e-17
9.2491e-17
9.64057e-17
1.00534e-16
1.04882e-16
1.09453e-16
1.14248e-16
1.19266e-16
1.24502e-16
1.29947e-16
1.3559e-16
1.41411e-16
1.47387e-16
1.53484e-16
1.5966e-16
1.65864e-16
1.72029e-16
1.78075e-16
1.83907e-16
1.89409e-16
1.94449e-16
1.98876e-16
2.02516e-16
2.05163e-16
2.06506e-16
2.06701e-16
2.05361e-16
2.02296e-16
1.97392e-16
1.90589e-16
1.81892e-16
1.71388e-16
1.59247e-16
1.45725e-16
1.31152e-16
1.15916e-16
1.00429e-16
8.51001e-17
7.03015e-17
5.63427e-17
4.34552e-17
3.17911e-17
2.14379e-17
1.24515e-17
4.92871e-18
1.51011e-19
1.23294e-19
1.01397e-17
3.24774e-17
5.8609e-17
8.66316e-17
1.15792e-16
1.45493e-16
1.75226e-16
2.04563e-16
2.3316e-16
2.6076e-16
2.87191e-16
3.12361e-16
3.36255e-16
3.58927e-16
3.80488e-16
4.01096e-16
4.20943e-16
4.40245e-16
4.59226e-16
4.78117e-16
4.97141e-16
5.16511e-16
5.36426e-16
5.57069e-16
5.78603e-16
6.01176e-16
6.2492e-16
6.49946e-16
6.76356e-16
7.04232e-16
7.33646e-16
7.64654e-16
7.97298e-16
8.31607e-16
8.67592e-16
9.05246e-16
9.44541e-16
9.85423e-16
1.02781e-15
1.07157e-15
1.11655e-15
1.16251e-15
1.20916e-15
1.25614e-15
1.30297e-15
1.34907e-15
1.39376e-15
1.43618e-15
1.47535e-15
1.51012e-15
1.53919e-15
1.56107e-15
1.57274e-15
1.57636e-15
1.56826e-15
1.54686e-15
1.51119e-15
1.46065e-15
1.39518e-15
1.31534e-15
1.22239e-15
1.11831e-15
1.00573e-15
8.87723e-16
7.67629e-16
6.48735e-16
5.34023e-16
4.2593e-16
3.26207e-16
2.35875e-16
1.55306e-16
8.45786e-17
2.62673e-17
3.19795e-19
2.01514e-19
2.37618e-17
9.73951e-17
1.93591e-16
2.97799e-16
4.05576e-16
5.14607e-16
6.23126e-16
7.29683e-16
8.33115e-16
9.32553e-16
1.02742e-15
1.11744e-15
1.20258e-15
1.28308e-15
1.35936e-15
1.43202e-15
1.50177e-15
1.5694e-15
1.63573e-15
1.70157e-15
1.76775e-15
1.835e-15
1.90403e-15
1.97549e-15
2.04993e-15
2.12788e-15
2.20978e-15
2.29602e-15
2.38694e-15
2.48282e-15
2.5839e-15
2.69039e-15
2.80244e-15
2.92015e-15
3.0436e-15
3.17277e-15
3.30763e-15
3.44803e-15
3.59375e-15
3.74445e-15
3.89965e-15
4.05868e-15
4.22065e-15
4.38442e-15
4.54849e-15
4.711e-15
4.86964e-15
5.02158e-15
5.16342e-15
5.2912e-15
5.40028e-15
5.48623e-15
5.53448e-15
5.55736e-15
5.53869e-15
5.47241e-15
5.35453e-15
5.18242e-15
4.95529e-15
4.67472e-15
4.34505e-15
3.97342e-15
3.56949e-15
3.14483e-15
2.71195e-15
2.28324e-15
1.8698e-15
1.48055e-15
1.12159e-15
7.9605e-16
5.0483e-16
2.50967e-16
6.12946e-17
5.2053e-19
2.90329e-19
4.00681e-17
1.97379e-16
4.34715e-16
7.02998e-16
9.82066e-16
1.26333e-15
1.54172e-15
1.81352e-15
2.07592e-15
2.32686e-15
2.56505e-15
2.7899e-15
3.0015e-15
3.20053e-15
3.38818e-15
3.56602e-15
3.73592e-15
3.89989e-15
4.06005e-15
4.21845e-15
4.37711e-15
4.5379e-15
4.70254e-15
4.87258e-15
5.04942e-15
5.23426e-15
5.42818e-15
5.63211e-15
5.84684e-15
6.07307e-15
6.31137e-15
6.56225e-15
6.8261e-15
7.10326e-15
7.39393e-15
7.69826e-15
8.01625e-15
8.34776e-15
8.69248e-15
9.04982e-15
9.41892e-15
9.79849e-15
1.01867e-14
1.05812e-14
1.09788e-14
1.13752e-14
1.17651e-14
1.21419e-14
1.24975e-14
1.28221e-14
1.31047e-14
1.33361e-14
1.34701e-14
1.35494e-14
1.35263e-14
1.33846e-14
1.31137e-14
1.27058e-14
1.21579e-14
1.14731e-14
1.06621e-14
9.74255e-15
8.73931e-15
7.68212e-15
6.60331e-15
5.53474e-15
4.50477e-15
3.53576e-15
2.64252e-15
1.83259e-15
1.11141e-15
5.02661e-16
1.02747e-16
7.4547e-19
3.88013e-19
5.7842e-17
3.22479e-16
7.78393e-16
1.32717e-15
1.90948e-15
2.49797e-15
3.0785e-15
3.6423e-15
4.18337e-15
4.69767e-15
5.1828e-15
5.63786e-15
6.06336e-15
6.46098e-15
6.83341e-15
7.18409e-15
7.51698e-15
7.83635e-15
8.14654e-15
8.45182e-15
8.75625e-15
9.06361e-15
9.37733e-15
9.70048e-15
1.00358e-14
1.03856e-14
1.0752e-14
1.11368e-14
1.15416e-14
1.19677e-14
1.24164e-14
1.28886e-14
1.33852e-14
1.39071e-14
1.44549e-14
1.5029e-14
1.56299e-14
1.62577e-14
1.69121e-14
1.75926e-14
1.82979e-14
1.90261e-14
1.97744e-14
2.05385e-14
2.13126e-14
2.20892e-14
2.2858e-14
2.36062e-14
2.43177e-14
2.49726e-14
2.55521e-14
2.60353e-14
2.63187e-14
2.65046e-14
2.64859e-14
2.62295e-14
2.57132e-14
2.49208e-14
2.38458e-14
2.2494e-14
2.0887e-14
1.90612e-14
1.70668e-14
1.49644e-14
1.28193e-14
1.06955e-14
8.64987e-15
6.72662e-15
4.95542e-15
3.35403e-15
1.94525e-15
8.10429e-16
1.4713e-16
9.88748e-19
4.93467e-19
7.67061e-17
4.63952e-16
1.2065e-15
2.16292e-15
3.20903e-15
4.27651e-15
5.32982e-15
6.34886e-15
7.32136e-15
8.23979e-15
9.10015e-15
9.90138e-15
1.0645e-14
1.13345e-14
1.19753e-14
1.2574e-14
1.3138e-14
1.36751e-14
1.41933e-14
1.47002e-14
1.52031e-14
1.57085e-14
1.62226e-14
1.67505e-14
1.72971e-14
1.78663e-14
1.84617e-14
1.90865e-14
1.97434e-14
2.04348e-14
2.11627e-14
2.19293e-14
2.27362e-14
2.35851e-14
2.44776e-14
2.54148e-14
2.63979e-14
2.74277e-14
2.85044e-14
2.96277e-14
3.07963e-14
3.20075e-14
3.3257e-14
3.45381e-14
3.58416e-14
3.71545e-14
3.84595e-14
3.97342e-14
4.09506e-14
4.20732e-14
4.30729e-14
4.39066e-14
4.4393e-14
4.47165e-14
4.46859e-14
4.42429e-14
4.33509e-14
4.19841e-14
4.01336e-14
3.78141e-14
3.50624e-14
3.19424e-14
2.85408e-14
2.4961e-14
2.13136e-14
1.77068e-14
1.42355e-14
1.09742e-14
7.97429e-15
5.27448e-15
2.93957e-15
1.14856e-15
1.93125e-16
1.24614e-18
6.0598e-19
9.65516e-17
6.16511e-16
1.69863e-15
3.18316e-15
4.86493e-15
6.60731e-15
8.33338e-15
1.00003e-14
1.15836e-14
1.30695e-14
1.44516e-14
1.57287e-14
1.69042e-14
1.7985e-14
1.89806e-14
1.99026e-14
2.07635e-14
2.15767e-14
2.23552e-14
2.31116e-14
2.38576e-14
2.46038e-14
2.53599e-14
2.61342e-14
2.69343e-14
2.77664e-14
2.86363e-14
2.95489e-14
3.05087e-14
3.15194e-14
3.25848e-14
3.37081e-14
3.48925e-14
3.61411e-14
3.74566e-14
3.88416e-14
4.02984e-14
4.18289e-14
4.34341e-14
4.51141e-14
4.68674e-14
4.86902e-14
5.05761e-14
5.25149e-14
5.44917e-14
5.64861e-14
5.84704e-14
6.04087e-14
6.22557e-14
6.39557e-14
6.5457e-14
6.66955e-14
6.73975e-14
6.78368e-14
6.77256e-14
6.69734e-14
6.55307e-14
6.33648e-14
6.04683e-14
5.68669e-14
5.2624e-14
4.78401e-14
4.26482e-14
3.72036e-14
3.16712e-14
2.62104e-14
2.09611e-14
1.60341e-14
1.15106e-14
7.46455e-15
4.02623e-15
1.50065e-15
2.40161e-16
1.51436e-18
7.25093e-19
1.17346e-16
7.77465e-16
2.23838e-15
4.35473e-15
6.83894e-15
9.4602e-15
1.2075e-14
1.46009e-14
1.69917e-14
1.92226e-14
2.12831e-14
2.3172e-14
2.48958e-14
2.64663e-14
2.78995e-14
2.9214e-14
3.04299e-14
3.1568e-14
3.26486e-14
3.36907e-14
3.47123e-14
3.57294e-14
3.67562e-14
3.78054e-14
3.88877e-14
4.00129e-14
4.11899e-14
4.24259e-14
4.37271e-14
4.50998e-14
4.65494e-14
4.80813e-14
4.97003e-14
5.14114e-14
5.3219e-14
5.51273e-14
5.71401e-14
5.92604e-14
6.14903e-14
6.38296e-14
6.62763e-14
6.88246e-14
7.14646e-14
7.41802e-14
7.6949e-14
7.97394e-14
8.25093e-14
8.52043e-14
8.7757e-14
9.00862e-14
9.21025e-14
9.37145e-14
9.45883e-14
9.50465e-14
9.47155e-14
9.34671e-14
9.12465e-14
8.80219e-14
8.37959e-14
7.86154e-14
7.25773e-14
6.58258e-14
5.85458e-14
5.09488e-14
4.32567e-14
3.56822e-14
2.84118e-14
2.15953e-14
1.53499e-14
9.79784e-15
5.15278e-15
1.85741e-15
2.87907e-16
1.7909e-18
8.50503e-19
1.39079e-16
9.45586e-16
2.81465e-15
5.64749e-15
9.08447e-15
1.27824e-14
1.65042e-14
2.01062e-14
2.35076e-14
2.6666e-14
2.95638e-14
3.21996e-14
3.45843e-14
3.67367e-14
3.86819e-14
4.04483e-14
4.20661e-14
4.35663e-14
4.49786e-14
4.63307e-14
4.76482e-14
4.89541e-14
5.02687e-14
5.16097e-14
5.29923e-14
5.44301e-14
5.59345e-14
5.75163e-14
5.91852e-14
6.09496e-14
6.28178e-14
6.47974e-14
6.68956e-14
6.91197e-14
7.14761e-14
7.39714e-14
7.66106e-14
7.93977e-14
8.23347e-14
8.54213e-14
8.86532e-14
9.20214e-14
9.55101e-14
9.90957e-14
1.02743e-13
1.06405e-13
1.1002e-13
1.13509e-13
1.16777e-13
1.19712e-13
1.22187e-13
1.24048e-13
1.24971e-13
1.25284e-13
1.24531e-13
1.22551e-13
1.19298e-13
1.14753e-13
1.08936e-13
1.01926e-13
9.38577e-14
8.49234e-14
7.53611e-14
6.54384e-14
5.54317e-14
4.56042e-14
3.61868e-14
2.7368e-14
1.93044e-14
1.21748e-14
6.28447e-15
2.21381e-15
3.3612e-16
2.07376e-18
9.81999e-19
1.6175e-16
1.12038e-15
3.42071e-15
7.03789e-15
1.15573e-14
1.65129e-14
2.15499e-14
2.6441e-14
3.10537e-14
3.53189e-14
3.92078e-14
4.2719e-14
4.58689e-14
4.86861e-14
5.12073e-14
5.34739e-14
5.55294e-14
5.74169e-14
5.9178e-14
6.08516e-14
6.24728e-14
6.4073e-14
6.56798e-14
6.73173e-14
6.90066e-14
7.07658e-14
7.26105e-14
7.4555e-14
7.66122e-14
7.87938e-14
8.11108e-14
8.35735e-14
8.6192e-14
8.89754e-14
9.19327e-14
9.50717e-14
9.83989e-14
1.01918e-13
1.05632e-13
1.09537e-13
1.13626e-13
1.17884e-13
1.22285e-13
1.26795e-13
1.31362e-13
1.35918e-13
1.40378e-13
1.44634e-13
1.48559e-13
1.52004e-13
1.54808e-13
1.56751e-13
1.57484e-13
1.57474e-13
1.56057e-13
1.53094e-13
1.48557e-13
1.42453e-13
1.34831e-13
1.25803e-13
1.15549e-13
1.04307e-13
9.23674e-14
8.00485e-14
6.76766e-14
5.55599e-14
4.39695e-14
3.31295e-14
2.32361e-14
1.45274e-14
7.40045e-15
2.56706e-15
3.84608e-16
2.36134e-18
1.11945e-18
1.85363e-16
1.30173e-15
4.05284e-15
8.50927e-15
1.42205e-14
2.0594e-14
2.71369e-14
3.35148e-14
3.9527e-14
4.50671e-14
5.00908e-14
5.45948e-14
5.86025e-14
6.21546e-14
6.53032e-14
6.81058e-14
7.06226e-14
7.29122e-14
7.50306e-14
7.70297e-14
7.8956e-14
8.08509e-14
8.27507e-14
8.46866e-14
8.66861e-14
8.87726e-14
9.09667e-14
9.32867e-14
9.57492e-14
9.83695e-14
1.01162e-13
1.04139e-13
1.07313e-13
1.10697e-13
1.143e-13
1.18132e-13
1.22199e-13
1.26505e-13
1.3105e-13
1.35828e-13
1.40823e-13
1.46013e-13
1.5136e-13
1.56812e-13
1.62297e-13
1.67723e-13
1.72974e-13
1.77912e-13
1.82373e-13
1.86175e-13
1.89119e-13
1.90947e-13
1.91199e-13
1.90648e-13
1.88347e-13
1.8416e-13
1.78115e-13
1.70257e-13
1.60672e-13
1.49507e-13
1.36984e-13
1.23388e-13
1.09054e-13
9.43463e-14
7.96347e-14
6.52664e-14
5.15468e-14
3.87325e-14
2.70568e-14
1.68145e-14
8.4893e-15
2.91562e-15
4.33216e-16
2.65236e-18
1.26278e-18
2.09923e-16
1.48966e-15
4.7092e-15
1.00508e-14
1.70456e-14
2.49757e-14
3.31942e-14
4.12386e-14
4.88222e-14
5.57902e-14
6.20775e-14
6.76778e-14
7.26229e-14
7.69687e-14
8.07854e-14
8.41508e-14
8.71441e-14
8.9843e-14
9.23204e-14
9.46433e-14
9.68714e-14
9.90575e-14
1.01248e-13
1.03481e-13
1.05792e-13
1.08211e-13
1.10763e-13
1.13471e-13
1.16355e-13
1.19434e-13
1.22726e-13
1.26247e-13
1.3001e-13
1.3403e-13
1.38319e-13
1.42886e-13
1.47736e-13
1.52872e-13
1.58289e-13
1.63974e-13
1.69904e-13
1.76043e-13
1.82337e-13
1.88713e-13
1.95076e-13
2.01303e-13
2.07247e-13
2.12735e-13
2.1757e-13
2.21536e-13
2.24403e-13
2.25875e-13
2.25444e-13
2.24014e-13
2.2069e-13
2.15073e-13
2.07337e-13
1.97584e-13
1.85932e-13
1.72569e-13
1.57753e-13
1.4181e-13
1.25118e-13
1.08079e-13
9.11004e-14
7.45617e-14
5.87983e-14
4.4095e-14
3.07183e-14
1.90147e-14
9.54558e-15
3.25867e-15
4.81821e-16
2.94582e-18
1.41194e-18
2.35437e-16
1.68429e-15
5.38908e-15
1.16558e-14
2.00125e-14
2.96183e-14
3.96607e-14
4.95301e-14
5.88376e-14
6.73689e-14
7.50327e-14
8.18183e-14
8.77673e-14
9.29536e-14
9.74693e-14
1.01415e-13
1.04894e-13
1.08004e-13
1.10838e-13
1.1348e-13
1.16006e-13
1.18479e-13
1.20956e-13
1.23487e-13
1.26113e-13
1.2887e-13
1.31789e-13
1.34898e-13
1.3822e-13
1.4178e-13
1.45596e-13
1.49687e-13
1.54071e-13
1.58761e-13
1.63769e-13
1.69105e-13
1.74773e-13
1.80769e-13
1.87084e-13
1.93695e-13
2.00568e-13
2.07649e-13
2.14864e-13
2.22117e-13
2.29283e-13
2.36209e-13
2.42716e-13
2.48594e-13
2.53617e-13
2.57539e-13
2.6011e-13
2.60988e-13
2.59668e-13
2.5713e-13
2.52566e-13
2.45418e-13
2.35851e-13
2.24104e-13
2.10331e-13
1.94749e-13
1.77655e-13
1.59409e-13
1.40423e-13
1.21137e-13
1.01985e-13
8.33769e-14
6.5673e-14
4.91827e-14
3.42013e-14
2.11199e-14
1.05671e-14
3.5958e-15
5.30331e-16
3.24096e-18
1.56692e-18
2.61914e-16
1.88577e-15
6.0924e-15
1.33208e-14
2.31074e-14
3.44919e-14
4.64864e-14
5.83189e-14
6.94828e-14
7.96946e-14
8.88309e-14
9.68761e-14
1.03883e-13
1.09946e-13
1.15183e-13
1.19721e-13
1.23688e-13
1.27208e-13
1.30395e-13
1.33352e-13
1.3617e-13
1.38927e-13
1.41692e-13
1.44522e-13
1.47468e-13
1.50571e-13
1.53869e-13
1.57393e-13
1.61173e-13
1.65234e-13
1.69598e-13
1.74287e-13
1.79319e-13
1.84708e-13
1.90466e-13
1.966e-13
2.0311e-13
2.09988e-13
2.17214e-13
2.24754e-13
2.32558e-13
2.40554e-13
2.48643e-13
2.56702e-13
2.64575e-13
2.72079e-13
2.78998e-13
2.85096e-13
2.90117e-13
2.93795e-13
2.95865e-13
2.9593e-13
2.93526e-13
2.8978e-13
2.83696e-13
2.74995e-13
2.635e-13
2.49699e-13
2.33779e-13
2.15987e-13
1.96647e-13
1.76155e-13
1.54952e-13
1.33507e-13
1.12281e-13
9.17066e-14
7.21672e-14
5.39932e-14
3.75048e-14
2.31305e-14
1.15541e-14
3.92695e-15
5.78683e-16
3.53725e-18
1.72773e-18
2.89363e-16
2.09426e-15
6.81943e-15
1.50442e-14
2.63217e-14
3.95748e-14
5.36327e-14
6.75472e-14
8.06814e-14
9.26726e-14
1.03362e-13
1.12727e-13
1.20834e-13
1.27801e-13
1.33773e-13
1.38909e-13
1.43366e-13
1.47294e-13
1.5083e-13
1.54097e-13
1.57205e-13
1.60246e-13
1.63299e-13
1.66434e-13
1.69707e-13
1.73167e-13
1.76858e-13
1.80815e-13
1.85072e-13
1.89656e-13
1.94593e-13
1.99906e-13
2.05612e-13
2.11727e-13
2.1826e-13
2.25214e-13
2.32585e-13
2.40355e-13
2.48494e-13
2.56954e-13
2.65666e-13
2.74533e-13
2.83434e-13
2.92214e-13
3.00686e-13
3.08636e-13
3.15818e-13
3.21969e-13
3.26811e-13
3.30064e-13
3.31459e-13
3.30526e-13
3.26892e-13
3.21845e-13
3.14073e-13
3.03744e-13
2.903e-13
2.74404e-13
2.5633e-13
2.36344e-13
2.14798e-13
1.92115e-13
1.68766e-13
1.45243e-13
1.22032e-13
9.95859e-14
7.83068e-14
5.85443e-14
4.06396e-14
2.50517e-14
1.2508e-14
4.25225e-15
6.26842e-16
3.83433e-18
1.89438e-18
3.17794e-16
2.30992e-15
7.57061e-15
1.68259e-14
2.96501e-14
4.48521e-14
6.10704e-14
7.71694e-14
9.23701e-14
1.06223e-13
1.18531e-13
1.29264e-13
1.38503e-13
1.46392e-13
1.5311e-13
1.58846e-13
1.63791e-13
1.68123e-13
1.72004e-13
1.75581e-13
1.78978e-13
1.82305e-13
1.85653e-13
1.891e-13
1.92711e-13
1.96543e-13
2.00643e-13
2.05052e-13
2.09806e-13
2.14937e-13
2.20471e-13
2.26431e-13
2.32837e-13
2.39701e-13
2.4703e-13
2.54822e-13
2.63065e-13
2.71732e-13
2.80779e-13
2.9014e-13
2.99725e-13
3.09414e-13
3.19055e-13
3.28466e-13
3.37429e-13
3.45697e-13
3.53002e-13
3.59056e-13
3.63566e-13
3.66245e-13
3.66825e-13
3.64753e-13
3.59795e-13
3.53369e-13
3.43836e-13
3.3172e-13
3.16394e-13
2.98364e-13
2.78132e-13
2.55967e-13
2.32245e-13
2.07415e-13
1.81975e-13
1.56439e-13
1.31315e-13
1.07074e-13
8.41352e-14
6.28652e-14
4.36229e-14
2.68917e-14
1.34318e-14
4.57203e-15
6.74796e-16
4.13203e-18
2.06689e-18
3.47217e-16
2.53289e-15
8.34649e-15
1.86661e-14
3.30901e-14
5.03137e-14
6.87781e-14
8.71497e-14
1.04498e-13
1.20282e-13
1.3426e-13
1.46397e-13
1.5679e-13
1.65614e-13
1.73081e-13
1.79418e-13
1.84848e-13
1.89581e-13
1.93807e-13
1.97692e-13
2.01382e-13
2.05001e-13
2.08651e-13
2.12422e-13
2.16386e-13
2.20605e-13
2.25133e-13
2.30015e-13
2.3529e-13
2.4099e-13
2.47145e-13
2.53778e-13
2.60906e-13
2.68541e-13
2.76685e-13
2.85329e-13
2.94452e-13
3.04016e-13
3.13959e-13
3.24197e-13
3.34617e-13
3.45073e-13
3.55385e-13
3.6534e-13
3.74692e-13
3.83167e-13
3.90474e-13
3.96308e-13
4.00366e-13
4.02355e-13
4.02011e-13
3.98694e-13
3.92404e-13
3.84477e-13
3.73183e-13
3.59169e-13
3.41986e-13
3.21798e-13
2.994e-13
2.75059e-13
2.49173e-13
2.22219e-13
1.94718e-13
1.67211e-13
1.40222e-13
1.14242e-13
8.97049e-14
6.69914e-14
4.64757e-14
2.86599e-14
1.43289e-14
4.88676e-15
7.22558e-16
4.43036e-18
2.2453e-18
3.77641e-16
2.76331e-15
9.14764e-15
2.05655e-14
3.66405e-14
5.59534e-14
7.67402e-14
9.74609e-14
1.17026e-13
1.34795e-13
1.50483e-13
1.64051e-13
1.75614e-13
1.85378e-13
1.93595e-13
2.0053e-13
2.06443e-13
2.11575e-13
2.16145e-13
2.20342e-13
2.24331e-13
2.2825e-13
2.32215e-13
2.36324e-13
2.40658e-13
2.45284e-13
2.50262e-13
2.55639e-13
2.61457e-13
2.67752e-13
2.74553e-13
2.81882e-13
2.89756e-13
2.98182e-13
3.07157e-13
3.16666e-13
3.26675e-13
3.37132e-13
3.47959e-13
3.5905e-13
3.70268e-13
3.8144e-13
3.92358e-13
4.02781e-13
4.12437e-13
4.21029e-13
4.28245e-13
4.33769e-13
4.37287e-13
4.38509e-13
4.37171e-13
4.32543e-13
4.2493e-13
4.15425e-13
4.02353e-13
3.86389e-13
3.67334e-13
3.44971e-13
3.20388e-13
2.93854e-13
2.65792e-13
2.36708e-13
2.07151e-13
1.77685e-13
1.48855e-13
1.21168e-13
9.50723e-14
7.09609e-14
4.92206e-14
3.03671e-14
1.52032e-14
5.19705e-15
7.70159e-16
4.72941e-18
2.42964e-18
4.09075e-16
3.0013e-15
9.9746e-15
2.25249e-14
4.03012e-14
6.17668e-14
8.49455e-14
1.08082e-13
1.2992e-13
1.49719e-13
1.67148e-13
1.82164e-13
1.94905e-13
2.05611e-13
2.14576e-13
2.22106e-13
2.28498e-13
2.34029e-13
2.38945e-13
2.4346e-13
2.47757e-13
2.51988e-13
2.56283e-13
2.60748e-13
2.65472e-13
2.70527e-13
2.75977e-13
2.81874e-13
2.88262e-13
2.95177e-13
3.02649e-13
3.10699e-13
3.19342e-13
3.2858e-13
3.38404e-13
3.48788e-13
3.59689e-13
3.71036e-13
3.82735e-13
3.94657e-13
4.06641e-13
4.18486e-13
4.29959e-13
4.40792e-13
4.50688e-13
4.59333e-13
4.66398e-13
4.71554e-13
4.74485e-13
4.74895e-13
4.72528e-13
4.6656e-13
4.57642e-13
4.46516e-13
4.31649e-13
4.13704e-13
3.92736e-13
3.68178e-13
3.41372e-13
3.12604e-13
2.82325e-13
2.51075e-13
2.19435e-13
1.87993e-13
1.57318e-13
1.27931e-13
1.00295e-13
7.48123e-14
5.18807e-14
3.20247e-14
1.60581e-14
5.50359e-15
8.17646e-16
5.02942e-18
2.61991e-18
4.41525e-16
3.24697e-15
1.08278e-14
2.45453e-14
4.40724e-14
6.77515e-14
9.33854e-14
1.18996e-13
1.43155e-13
1.65018e-13
1.8421e-13
2.00685e-13
2.14605e-13
2.26251e-13
2.35959e-13
2.44079e-13
2.50949e-13
2.5688e-13
2.62147e-13
2.66988e-13
2.71605e-13
2.76165e-13
2.80808e-13
2.8565e-13
2.90786e-13
2.96296e-13
3.02245e-13
3.08688e-13
3.15673e-13
3.23235e-13
3.31405e-13
3.40203e-13
3.49639e-13
3.5971e-13
3.70401e-13
3.81674e-13
3.93473e-13
4.05712e-13
4.18276e-13
4.31014e-13
4.43739e-13
4.56227e-13
4.68219e-13
4.79424e-13
4.89524e-13
4.98187e-13
5.0507e-13
5.09837e-13
5.12165e-13
5.11755e-13
5.08354e-13
5.01039e-13
4.90843e-13
4.78077e-13
4.61405e-13
4.4145e-13
4.18503e-13
3.91728e-13
3.62636e-13
3.31566e-13
2.99e-13
2.65516e-13
2.31732e-13
1.98267e-13
1.65713e-13
1.34609e-13
1.05428e-13
7.85832e-14
5.44786e-14
3.36438e-14
1.68977e-14
5.80714e-15
8.65079e-16
5.33067e-18
2.81616e-18
4.74998e-16
3.50041e-15
1.17078e-14
2.66273e-14
4.79547e-14
7.39056e-14
1.02053e-13
1.30189e-13
1.56709e-13
1.80662e-13
2.0163e-13
2.19567e-13
2.34664e-13
2.47244e-13
2.57689e-13
2.66395e-13
2.73742e-13
2.80076e-13
2.85702e-13
2.90881e-13
2.95833e-13
3.0074e-13
3.05754e-13
3.10998e-13
3.16573e-13
3.22564e-13
3.29041e-13
3.36061e-13
3.43672e-13
3.51912e-13
3.60809e-13
3.70382e-13
3.80637e-13
3.91566e-13
4.03144e-13
4.15323e-13
4.28032e-13
4.41167e-13
4.54595e-13
4.68142e-13
4.81597e-13
4.94714e-13
5.0721e-13
5.18771e-13
5.29064e-13
5.37739e-13
5.44444e-13
5.48831e-13
5.50571e-13
5.4936e-13
5.44939e-13
5.36295e-13
5.24856e-13
5.10445e-13
4.91963e-13
4.69979e-13
4.44938e-13
4.15933e-13
3.84465e-13
3.50997e-13
3.16043e-13
2.80224e-13
2.44202e-13
2.08634e-13
1.74139e-13
1.41274e-13
1.10525e-13
8.23094e-14
5.70358e-14
3.52352e-14
1.77256e-14
6.10847e-15
9.12523e-16
5.63352e-18
3.01838e-18
5.09498e-16
3.76167e-15
1.26147e-14
2.87717e-14
5.19483e-14
8.02273e-14
1.10943e-13
1.4165e-13
1.70562e-13
1.96624e-13
2.19374e-13
2.38773e-13
2.5504e-13
2.68545e-13
2.7972e-13
2.89008e-13
2.96832e-13
3.03575e-13
3.0957e-13
3.15101e-13
3.20408e-13
3.25686e-13
3.31096e-13
3.3677e-13
3.42814e-13
3.49318e-13
3.56355e-13
3.63984e-13
3.72255e-13
3.81205e-13
3.90862e-13
4.01241e-13
4.12345e-13
4.24158e-13
4.36647e-13
4.49752e-13
4.63386e-13
4.77431e-13
4.9173e-13
5.0609e-13
5.20279e-13
5.34027e-13
5.4703e-13
5.58957e-13
5.69458e-13
5.78168e-13
5.84725e-13
5.88771e-13
5.89966e-13
5.87997e-13
5.82583e-13
5.72647e-13
5.59998e-13
5.43947e-13
5.23645e-13
4.99606e-13
4.72391e-13
4.41081e-13
4.07135e-13
3.71148e-13
3.33674e-13
2.95387e-13
2.57001e-13
2.19218e-13
1.82692e-13
1.48e-13
1.15636e-13
8.60244e-14
5.95727e-14
3.68092e-14
1.85457e-14
6.40836e-15
9.60043e-16
5.93831e-18
3.22657e-18
5.45027e-16
4.03081e-15
1.35488e-14
3.09788e-14
5.60532e-14
8.67148e-14
1.2005e-13
1.53366e-13
1.84697e-13
2.12879e-13
2.37414e-13
2.58266e-13
2.75693e-13
2.90113e-13
3.02009e-13
3.11876e-13
3.2018e-13
3.27339e-13
3.33716e-13
3.3962e-13
3.45305e-13
3.50981e-13
3.56817e-13
3.62952e-13
3.695e-13
3.76552e-13
3.84185e-13
3.92459e-13
4.01426e-13
4.11122e-13
4.21575e-13
4.32795e-13
4.4478e-13
4.57509e-13
4.70937e-13
4.84994e-13
4.99576e-13
5.14549e-13
5.29738e-13
5.44928e-13
5.59868e-13
5.74266e-13
5.87801e-13
6.00126e-13
6.10873e-13
6.19666e-13
6.2613e-13
6.29895e-13
6.30612e-13
6.27955e-13
6.21567e-13
6.10399e-13
5.96575e-13
5.78893e-13
5.56757e-13
5.30637e-13
5.01177e-13
4.67449e-13
4.30906e-13
3.92255e-13
3.52102e-13
3.11183e-13
2.70276e-13
2.30138e-13
1.91462e-13
1.5485e-13
1.20808e-13
8.97592e-14
6.2108e-14
3.83752e-14
1.93613e-14
6.70754e-15
1.0077e-15
6.24538e-18
3.44074e-18
5.81585e-16
4.30785e-15
1.45104e-14
3.3249e-14
6.02692e-14
9.33661e-14
1.29367e-13
1.65328e-13
1.99097e-13
2.29405e-13
2.55718e-13
2.78013e-13
2.96587e-13
3.11909e-13
3.24519e-13
3.34963e-13
3.4375e-13
3.51336e-13
3.58115e-13
3.64413e-13
3.70504e-13
3.76609e-13
3.82905e-13
3.8954e-13
3.96629e-13
4.04269e-13
4.12537e-13
4.21498e-13
4.31202e-13
4.41685e-13
4.52972e-13
4.65072e-13
4.77976e-13
4.91655e-13
5.06056e-13
5.21095e-13
5.36656e-13
5.52585e-13
5.68691e-13
5.8474e-13
6.00462e-13
6.15547e-13
6.29658e-13
6.4243e-13
6.53483e-13
6.62427e-13
6.68873e-13
6.72438e-13
6.7276e-13
6.69503e-13
6.62163e-13
6.49835e-13
6.34863e-13
6.15565e-13
5.91577e-13
5.6335e-13
5.31572e-13
4.95293e-13
4.56018e-13
4.14539e-13
3.71523e-13
3.27782e-13
2.84169e-13
2.41506e-13
2.00535e-13
1.61889e-13
1.26084e-13
9.35422e-14
6.46587e-14
3.99418e-14
2.01757e-14
7.00667e-15
1.05556e-15
6.55504e-18
3.66086e-18
6.1917e-16
4.5928e-15
1.54993e-14
3.55822e-14
6.45955e-14
1.00178e-13
1.38888e-13
1.77524e-13
2.13744e-13
2.46178e-13
2.74259e-13
2.97981e-13
3.17685e-13
3.33897e-13
3.47213e-13
3.58233e-13
3.67511e-13
3.7554e-13
3.8274e-13
3.89461e-13
3.9599e-13
4.0256e-13
4.09357e-13
4.16532e-13
4.24206e-13
4.32478e-13
4.41427e-13
4.5112e-13
4.61605e-13
4.72919e-13
4.85085e-13
4.98107e-13
5.11972e-13
5.26642e-13
5.42055e-13
5.58113e-13
5.74688e-13
5.91611e-13
6.08671e-13
6.2562e-13
6.42168e-13
6.57992e-13
6.72737e-13
6.86024e-13
6.97459e-13
7.06637e-13
7.13153e-13
7.1661e-13
7.16628e-13
7.12855e-13
7.04633e-13
6.91207e-13
6.75103e-13
6.54208e-13
6.28349e-13
5.97985e-13
5.63812e-13
5.24842e-13
4.82688e-13
4.38199e-13
3.92117e-13
3.45342e-13
2.98812e-13
2.53427e-13
2.09992e-13
1.69175e-13
1.31505e-13
9.73995e-14
6.72402e-14
4.15168e-14
2.09918e-14
7.30635e-15
1.10366e-15
6.86751e-18
3.88691e-18
6.5778e-16
4.88564e-15
1.65157e-14
3.79781e-14
6.90307e-14
1.07148e-13
1.48606e-13
1.8994e-13
2.28619e-13
2.63173e-13
2.93007e-13
3.18137e-13
3.38953e-13
3.56041e-13
3.70057e-13
3.81654e-13
3.91433e-13
3.99922e-13
4.0757e-13
4.14746e-13
4.21751e-13
4.28828e-13
4.3617e-13
4.43933e-13
4.5224e-13
4.61194e-13
4.70875e-13
4.81349e-13
4.92665e-13
5.0486e-13
5.17953e-13
5.31946e-13
5.46817e-13
5.62523e-13
5.78991e-13
5.96112e-13
6.13744e-13
6.31703e-13
6.49765e-13
6.67663e-13
6.85094e-13
7.0172e-13
7.1717e-13
7.31052e-13
7.42956e-13
7.52462e-13
7.59147e-13
7.62594e-13
7.62402e-13
7.58199e-13
7.49187e-13
7.34722e-13
7.17495e-13
6.9502e-13
6.67274e-13
6.34739e-13
5.98092e-13
5.5629e-13
5.11102e-13
4.63411e-13
4.14048e-13
3.64007e-13
3.14326e-13
2.66001e-13
2.19908e-13
1.76762e-13
1.37107e-13
1.01355e-13
6.98663e-14
4.31071e-14
2.18119e-14
7.60706e-15
1.15203e-15
7.18294e-18
4.11885e-18
6.97407e-16
5.18633e-15
1.75592e-14
4.04361e-14
7.35731e-14
1.1427e-13
1.58511e-13
2.02562e-13
2.43702e-13
2.80365e-13
3.11932e-13
3.38447e-13
3.60355e-13
3.78304e-13
3.93013e-13
4.05191e-13
4.15485e-13
4.24458e-13
4.32585e-13
4.40253e-13
4.47778e-13
4.55409e-13
4.63347e-13
4.7175e-13
4.80746e-13
4.90436e-13
5.00904e-13
5.12215e-13
5.24418e-13
5.37548e-13
5.51622e-13
5.66635e-13
5.82564e-13
5.99355e-13
6.16926e-13
6.35159e-13
6.53897e-13
6.72943e-13
6.92058e-13
7.10965e-13
7.29344e-13
7.46842e-13
7.63077e-13
7.77641e-13
7.90107e-13
8.00039e-13
8.06994e-13
8.10531e-13
8.10227e-13
8.05678e-13
7.95982e-13
7.80534e-13
7.62185e-13
7.38153e-13
7.08502e-13
6.73754e-13
6.34559e-13
5.89792e-13
5.41412e-13
4.90324e-13
4.37454e-13
3.83903e-13
3.30824e-13
2.7932e-13
2.30355e-13
1.84701e-13
1.42925e-13
1.05429e-13
7.25491e-14
4.47187e-14
2.26383e-14
7.90917e-15
1.20068e-15
7.50134e-18
4.35661e-18
7.38042e-16
5.49481e-15
1.86298e-14
4.29554e-14
7.82202e-14
1.21539e-13
1.68595e-13
2.15375e-13
2.58972e-13
2.97725e-13
3.31e-13
3.58875e-13
3.81852e-13
4.00648e-13
4.16046e-13
4.28813e-13
4.39639e-13
4.49122e-13
4.57763e-13
4.65968e-13
4.74061e-13
4.82301e-13
4.90891e-13
4.99994e-13
5.09738e-13
5.20227e-13
5.31543e-13
5.43751e-13
5.56902e-13
5.71025e-13
5.86137e-13
6.02228e-13
6.19268e-13
6.37198e-13
6.55925e-13
6.7532e-13
6.95216e-13
7.15404e-13
7.35633e-13
7.55611e-13
7.75006e-13
7.93453e-13
8.10556e-13
8.25891e-13
8.39015e-13
8.49472e-13
8.56795e-13
8.60521e-13
8.60196e-13
8.55386e-13
8.45113e-13
8.28739e-13
8.09263e-13
7.83697e-13
7.5213e-13
7.15124e-13
6.73309e-13
6.25462e-13
5.73734e-13
5.19054e-13
4.6245e-13
4.0514e-13
3.48403e-13
2.93465e-13
2.41397e-13
1.9304e-13
1.4899e-13
1.09642e-13
7.52996e-14
4.63566e-14
2.34725e-14
8.21292e-15
1.24962e-15
7.82263e-18
4.60014e-18
7.79676e-16
5.81099e-15
1.9727e-14
4.55348e-14
8.29689e-14
1.28949e-13
1.78844e-13
2.28361e-13
2.74404e-13
3.15223e-13
3.50177e-13
3.79382e-13
4.03405e-13
4.23033e-13
4.39118e-13
4.52481e-13
4.63861e-13
4.73888e-13
4.83085e-13
4.91874e-13
5.00591e-13
5.09499e-13
5.18806e-13
5.28674e-13
5.39233e-13
5.50587e-13
5.62818e-13
5.75991e-13
5.90153e-13
6.05334e-13
6.21545e-13
6.38773e-13
6.56983e-13
6.76107e-13
6.96045e-13
7.16658e-13
7.37768e-13
7.59156e-13
7.80558e-13
8.01672e-13
8.22154e-13
8.41627e-13
8.59679e-13
8.75872e-13
8.89745e-13
9.00819e-13
9.08606e-13
9.12611e-13
9.1235e-13
9.07357e-13
8.96614e-13
8.79371e-13
8.58759e-13
8.31684e-13
7.98196e-13
7.58882e-13
7.14384e-13
6.63364e-13
6.0814e-13
5.49683e-13
4.89125e-13
4.27806e-13
3.67145e-13
3.0851e-13
2.53093e-13
2.01822e-13
1.55331e-13
1.1401e-13
7.81269e-14
4.80252e-14
2.43157e-14
8.51842e-15
1.29881e-15
8.14657e-18
4.84936e-18
8.22295e-16
6.13478e-15
2.08503e-14
4.81728e-14
8.78156e-14
1.36492e-13
1.89246e-13
2.415e-13
2.8997e-13
3.32826e-13
3.69424e-13
3.99925e-13
4.24968e-13
4.45414e-13
4.62185e-13
4.76158e-13
4.88117e-13
4.98724e-13
5.08525e-13
5.17955e-13
5.27357e-13
5.37e-13
5.47092e-13
5.57797e-13
5.69244e-13
5.81536e-13
5.94755e-13
6.08964e-13
6.24207e-13
6.40513e-13
6.57889e-13
6.76318e-13
6.95757e-13
7.16134e-13
7.37339e-13
7.59226e-13
7.81606e-13
8.04251e-13
8.26886e-13
8.492e-13
8.70837e-13
8.91406e-13
9.10484e-13
9.27615e-13
9.4232e-13
9.54096e-13
9.62427e-13
9.66792e-13
9.66672e-13
9.61563e-13
9.50449e-13
9.32396e-13
9.1064e-13
8.82083e-13
8.46675e-13
8.05003e-13
7.57769e-13
7.0351e-13
6.44658e-13
5.82254e-13
5.17533e-13
4.51965e-13
3.87117e-13
3.24515e-13
2.65493e-13
2.11084e-13
1.61974e-13
1.1855e-13
8.10392e-14
4.97279e-14
2.5169e-14
8.82566e-15
1.3482e-15
8.47279e-18
5.10417e-18
8.65883e-16
6.46605e-15
2.19993e-14
5.08678e-14
9.2756e-14
1.44158e-13
1.99784e-13
2.54768e-13
3.0564e-13
3.50496e-13
3.88697e-13
4.20459e-13
4.46494e-13
4.67745e-13
4.85201e-13
4.99801e-13
5.12368e-13
5.23598e-13
5.34055e-13
5.44186e-13
5.54342e-13
5.64792e-13
5.75745e-13
5.87365e-13
5.9978e-13
6.1309e-13
6.27375e-13
6.42695e-13
6.59095e-13
6.76597e-13
6.95205e-13
7.14899e-13
7.3563e-13
7.57318e-13
7.79847e-13
8.03063e-13
8.26768e-13
8.50724e-13
8.74649e-13
8.9822e-13
9.21073e-13
9.42804e-13
9.62974e-13
9.81111e-13
9.96716e-13
1.00926e-12
1.01821e-12
1.023e-12
1.02308e-12
1.01792e-12
1.00652e-12
9.87711e-13
9.64807e-13
9.34795e-13
8.97478e-13
8.53405e-13
8.03391e-13
7.45857e-13
6.83268e-13
6.16769e-13
5.47697e-13
4.77652e-13
4.08363e-13
3.41527e-13
2.7864e-13
2.2086e-13
1.68941e-13
1.23274e-13
8.4043e-14
5.14675e-14
2.60325e-14
9.13449e-15
1.39773e-15
8.80076e-18
5.36448e-18
9.10423e-16
6.80465e-15
2.31733e-14
5.36173e-14
9.77855e-14
1.51937e-13
2.10443e-13
2.68139e-13
3.21381e-13
3.68192e-13
4.0795e-13
4.40931e-13
4.6793e-13
4.89971e-13
5.08116e-13
5.2336e-13
5.3657e-13
5.4847e-13
5.59641e-13
5.7054e-13
5.81522e-13
5.92858e-13
6.04756e-13
6.17375e-13
6.30842e-13
6.45254e-13
6.60688e-13
6.77201e-13
6.94833e-13
7.13606e-13
7.33517e-13
7.54542e-13
7.76627e-13
7.99684e-13
8.23592e-13
8.48189e-13
8.73269e-13
8.98586e-13
9.23851e-13
9.4873e-13
9.72848e-13
9.95791e-13
1.01711e-12
1.0363e-12
1.05286e-12
1.06623e-12
1.07584e-12
1.08111e-12
1.08144e-12
1.07626e-12
1.06465e-12
1.04514e-12
1.02109e-12
9.89652e-13
9.5045e-13
9.03943e-13
8.51118e-13
7.90305e-13
7.23894e-13
6.53182e-13
5.79597e-13
5.04872e-13
4.30904e-13
3.59575e-13
2.92564e-13
2.31177e-13
1.76251e-13
1.28194e-13
8.71438e-14
5.32457e-14
2.69065e-14
9.44462e-15
1.4473e-15
9.12979e-18
5.63016e-18
9.55894e-16
7.15041e-15
2.43715e-14
5.64191e-14
1.02898e-13
1.59817e-13
2.212e-13
2.81586e-13
3.37153e-13
3.85868e-13
4.27129e-13
4.61285e-13
4.89217e-13
5.12033e-13
5.3087e-13
5.4678e-13
5.60671e-13
5.73291e-13
5.85239e-13
5.96978e-13
6.08866e-13
6.21172e-13
6.34101e-13
6.4781e-13
6.62418e-13
6.78021e-13
6.94691e-13
7.12481e-13
7.31428e-13
7.51547e-13
7.72833e-13
7.95255e-13
8.18754e-13
8.43236e-13
8.68575e-13
8.94601e-13
9.211e-13
9.47819e-13
9.74462e-13
1.00069e-12
1.02611e-12
1.0503e-12
1.07279e-12
1.09308e-12
1.11063e-12
1.12485e-12
1.13516e-12
1.14093e-12
1.14154e-12
1.13637e-12
1.1246e-12
1.10445e-12
1.07925e-12
1.04642e-12
1.00536e-12
9.56416e-13
9.00759e-13
8.36693e-13
7.66409e-13
6.91398e-13
6.13174e-13
5.33598e-13
4.54736e-13
3.7867e-13
3.07283e-13
2.42051e-13
1.83918e-13
1.33317e-13
9.0345e-14
5.50637e-14
2.77905e-14
9.75566e-15
1.49681e-15
9.45904e-18
5.90109e-18
1.00227e-15
7.50313e-15
2.55931e-14
5.92704e-14
1.08087e-13
1.67785e-13
2.32035e-13
2.95075e-13
3.52915e-13
4.03472e-13
4.46177e-13
4.81458e-13
5.10288e-13
5.33864e-13
5.53398e-13
5.69997e-13
5.84608e-13
5.98004e-13
6.10795e-13
6.23451e-13
6.36328e-13
6.49693e-13
6.63745e-13
6.78636e-13
6.94481e-13
7.11368e-13
7.29364e-13
7.48518e-13
7.68862e-13
7.90404e-13
8.13136e-13
8.37021e-13
8.61992e-13
8.87952e-13
9.14768e-13
9.42263e-13
9.70217e-13
9.9837e-13
1.02642e-12
1.05401e-12
1.08076e-12
1.10621e-12
1.1299e-12
1.15129e-12
1.16983e-12
1.18492e-12
1.19593e-12
1.20221e-12
1.20311e-12
1.19798e-12
1.18606e-12
1.16532e-12
1.139e-12
1.10479e-12
1.06191e-12
1.01057e-12
9.52062e-13
8.84797e-13
8.10628e-13
7.31274e-13
6.48324e-13
5.63762e-13
4.79824e-13
3.98803e-13
3.22801e-13
2.53492e-13
1.91949e-13
1.38649e-13
9.36488e-14
5.69216e-14
2.86836e-14
1.0067e-14
1.54612e-15
9.78751e-18
6.17713e-18
1.04954e-15
7.8626e-15
2.6837e-14
6.21681e-14
1.13344e-13
1.75826e-13
2.42921e-13
3.0857e-13
3.68618e-13
4.20945e-13
4.65027e-13
5.01377e-13
5.31068e-13
5.55388e-13
5.75623e-13
5.92936e-13
6.08309e-13
6.22537e-13
6.36241e-13
6.49893e-13
6.63846e-13
6.78361e-13
6.93632e-13
7.09802e-13
7.2698e-13
7.45246e-13
7.64662e-13
7.85269e-13
8.07092e-13
8.30135e-13
8.54383e-13
8.79792e-13
9.06292e-13
9.33776e-13
9.62109e-13
9.91105e-13
1.02054e-12
1.05014e-12
1.07961e-12
1.10858e-12
1.13664e-12
1.16336e-12
1.18823e-12
1.21072e-12
1.23023e-12
1.24617e-12
1.25787e-12
1.26465e-12
1.26584e-12
1.26074e-12
1.24865e-12
1.22737e-12
1.19996e-12
1.1644e-12
1.11973e-12
1.06609e-12
1.00472e-12
9.34332e-13
8.56306e-13
7.72611e-13
6.84895e-13
5.95257e-13
5.06102e-13
4.19937e-13
3.39104e-13
2.65496e-13
2.00346e-13
1.4419e-13
9.70551e-14
5.88185e-14
2.95848e-14
1.03781e-14
1.59506e-15
1.0114e-17
6.4581e-18
1.09766e-15
8.22858e-15
2.81022e-14
6.51086e-14
1.1866e-13
1.83921e-13
2.53831e-13
3.2203e-13
3.8421e-13
4.38225e-13
4.83606e-13
5.20962e-13
5.51472e-13
5.76517e-13
5.97457e-13
6.15507e-13
6.31685e-13
6.46804e-13
6.61492e-13
6.76219e-13
6.91336e-13
7.07095e-13
7.23681e-13
7.4123e-13
7.59838e-13
7.79581e-13
8.00509e-13
8.22657e-13
8.46042e-13
8.70662e-13
8.96493e-13
9.23486e-13
9.51562e-13
9.80611e-13
1.01049e-12
1.04101e-12
1.07193e-12
1.10299e-12
1.13387e-12
1.1642e-12
1.19357e-12
1.22152e-12
1.24754e-12
1.27108e-12
1.29154e-12
1.30828e-12
1.32063e-12
1.32788e-12
1.32933e-12
1.32424e-12
1.31194e-12
1.29018e-12
1.26171e-12
1.22483e-12
1.17842e-12
1.12256e-12
1.05836e-12
9.84953e-13
9.03143e-13
8.15155e-13
7.22685e-13
6.27933e-13
5.33467e-13
4.4201e-13
3.56157e-13
2.78048e-13
2.09101e-13
1.49937e-13
1.00561e-13
6.07527e-14
3.04923e-14
1.0688e-14
1.64347e-15
1.04373e-17
6.74384e-18
1.1466e-15
8.6008e-15
2.93875e-14
6.80879e-14
1.24026e-13
1.92051e-13
2.64732e-13
3.35408e-13
3.9963e-13
4.55237e-13
5.0183e-13
5.40124e-13
5.71405e-13
5.97151e-13
6.18797e-13
6.37608e-13
6.54633e-13
6.707e-13
6.8644e-13
7.02324e-13
7.18691e-13
7.35787e-13
7.53785e-13
7.72808e-13
7.92946e-13
8.14259e-13
8.36792e-13
8.60567e-13
8.85595e-13
9.11863e-13
9.3934e-13
9.6797e-13
9.97667e-13
1.02831e-12
1.05976e-12
1.09181e-12
1.12423e-12
1.15673e-12
1.189e-12
1.22066e-12
1.25129e-12
1.28042e-12
1.30753e-12
1.33206e-12
1.3534e-12
1.37087e-12
1.3838e-12
1.39146e-12
1.39312e-12
1.38803e-12
1.37547e-12
1.35324e-12
1.32376e-12
1.2856e-12
1.23752e-12
1.17953e-12
1.11257e-12
1.03626e-12
9.50783e-13
8.586e-13
7.61442e-13
6.61596e-13
5.6178e-13
4.64931e-13
3.73907e-13
2.91118e-13
2.18199e-13
1.55881e-13
1.04162e-13
6.27208e-14
3.14039e-14
1.09957e-14
1.69114e-15
1.07558e-17
7.03415e-18
1.19634e-15
8.97896e-15
3.06913e-14
7.11013e-14
1.29429e-13
2.00195e-13
2.75588e-13
3.48652e-13
4.1481e-13
4.71901e-13
5.19607e-13
5.58759e-13
5.90757e-13
6.17177e-13
6.39525e-13
6.59117e-13
6.77026e-13
6.94095e-13
7.10956e-13
7.28072e-13
7.45774e-13
7.64296e-13
7.83798e-13
8.04391e-13
8.26151e-13
8.49128e-13
8.73353e-13
8.98839e-13
9.25585e-13
9.53568e-13
9.82749e-13
1.01306e-12
1.04441e-12
1.07668e-12
1.1097e-12
1.14328e-12
1.17717e-12
1.21109e-12
1.2447e-12
1.27764e-12
1.30946e-12
1.33971e-12
1.36783e-12
1.39326e-12
1.41538e-12
1.4335e-12
1.44693e-12
1.45491e-12
1.45671e-12
1.45156e-12
1.43871e-12
1.41601e-12
1.38557e-12
1.34617e-12
1.29649e-12
1.2365e-12
1.16686e-12
1.08778e-12
9.98814e-13
9.02587e-13
8.00864e-13
6.96005e-13
5.90861e-13
4.88576e-13
3.92275e-13
3.04659e-13
2.27613e-13
1.62007e-13
1.07848e-13
6.4718e-14
3.23169e-14
1.13002e-14
1.73785e-15
1.10679e-17
7.32882e-18
1.24682e-15
9.36273e-15
3.20122e-14
7.41436e-14
1.34857e-13
2.08326e-13
2.86357e-13
3.61704e-13
4.29674e-13
4.88124e-13
5.36831e-13
5.76751e-13
6.09403e-13
6.36462e-13
6.59504e-13
6.79889e-13
6.98717e-13
7.16836e-13
7.34878e-13
7.53297e-13
7.72413e-13
7.92444e-13
8.13538e-13
8.35789e-13
8.59259e-13
8.83985e-13
9.09984e-13
9.37257e-13
9.65789e-13
9.95548e-13
1.02648e-12
1.05852e-12
1.09155e-12
1.12544e-12
1.16004e-12
1.19513e-12
1.23046e-12
1.26574e-12
1.30065e-12
1.33478e-12
1.36772e-12
1.39897e-12
1.428e-12
1.45423e-12
1.47701e-12
1.49566e-12
1.50948e-12
1.51769e-12
1.51955e-12
1.51426e-12
1.50107e-12
1.4779e-12
1.44656e-12
1.40595e-12
1.35477e-12
1.2929e-12
1.22074e-12
1.13903e-12
1.04678e-12
9.46707e-13
8.40599e-13
7.30872e-13
6.2049e-13
5.12788e-13
4.11157e-13
3.18607e-13
2.37304e-13
1.68293e-13
1.11608e-13
6.67379e-14
3.3228e-14
1.16001e-14
1.78334e-15
1.13718e-17
7.62761e-18
1.29802e-15
9.75172e-15
3.33484e-14
7.72088e-14
1.40295e-13
2.16417e-13
2.96993e-13
3.74497e-13
4.44135e-13
5.03801e-13
5.53383e-13
5.93969e-13
6.27202e-13
6.54856e-13
6.78576e-13
6.99761e-13
7.19532e-13
7.38742e-13
7.58017e-13
7.77801e-13
7.98398e-13
8.20013e-13
8.42774e-13
8.66761e-13
8.9202e-13
9.18572e-13
9.46417e-13
9.75543e-13
1.00592e-12
1.03751e-12
1.07023e-12
1.10401e-12
1.13874e-12
1.17426e-12
1.21042e-12
1.24699e-12
1.28371e-12
1.3203e-12
1.35641e-12
1.39165e-12
1.4256e-12
1.45774e-12
1.48755e-12
1.51444e-12
1.53775e-12
1.5568e-12
1.57088e-12
1.57921e-12
1.58101e-12
1.57551e-12
1.56192e-12
1.53827e-12
1.5061e-12
1.46433e-12
1.41173e-12
1.34812e-12
1.27366e-12
1.18943e-12
1.09417e-12
9.90503e-13
8.80252e-13
7.65867e-13
6.50406e-13
5.37375e-13
4.30424e-13
3.3288e-13
2.47222e-13
1.74707e-13
1.15424e-13
6.87717e-14
3.41332e-14
1.18939e-14
1.82734e-15
1.16653e-17
7.93027e-18
1.34989e-15
1.01455e-14
3.46978e-14
8.02902e-14
1.45727e-13
2.24434e-13
3.07443e-13
3.86954e-13
4.58096e-13
5.18816e-13
5.69129e-13
6.10264e-13
6.43994e-13
6.72189e-13
6.96558e-13
7.1854e-13
7.39268e-13
7.59597e-13
7.80146e-13
8.01343e-13
8.23478e-13
8.46736e-13
8.71228e-13
8.97017e-13
9.2413e-13
9.52569e-13
9.82321e-13
1.01335e-12
1.04562e-12
1.07907e-12
1.11362e-12
1.14916e-12
1.18558e-12
1.22272e-12
1.2604e-12
1.2984e-12
1.33646e-12
1.37427e-12
1.41149e-12
1.44773e-12
1.48256e-12
1.51546e-12
1.54591e-12
1.5733e-12
1.597e-12
1.6163e-12
1.6305e-12
1.63881e-12
1.64046e-12
1.63465e-12
1.62061e-12
1.59646e-12
1.5635e-12
1.52063e-12
1.46672e-12
1.40152e-12
1.32503e-12
1.23837e-12
1.14046e-12
1.03348e-12
9.1938e-13
8.00615e-13
6.80307e-13
5.6211e-13
4.49916e-13
3.47375e-13
2.57304e-13
1.81212e-13
1.19274e-13
7.08086e-14
3.50278e-14
1.218e-14
1.86955e-15
1.19465e-17
8.23651e-18
1.40237e-15
1.05437e-14
3.60582e-14
8.338e-14
1.51132e-13
2.3234e-13
3.17646e-13
3.98992e-13
4.71446e-13
5.33036e-13
5.83917e-13
6.2547e-13
6.59598e-13
6.88266e-13
7.13246e-13
7.36006e-13
7.57692e-13
7.79156e-13
8.01003e-13
8.23647e-13
8.47358e-13
8.72302e-13
8.98571e-13
9.26209e-13
9.55223e-13
9.85596e-13
1.0173e-12
1.05027e-12
1.08447e-12
1.1198e-12
1.15617e-12
1.19348e-12
1.23157e-12
1.2703e-12
1.30947e-12
1.34884e-12
1.38815e-12
1.42709e-12
1.46531e-12
1.50243e-12
1.53799e-12
1.57151e-12
1.60243e-12
1.63017e-12
1.65409e-12
1.67349e-12
1.68765e-12
1.69581e-12
1.69718e-12
1.69098e-12
1.67643e-12
1.65175e-12
1.61805e-12
1.57415e-12
1.51905e-12
1.45243e-12
1.3742e-12
1.28529e-12
1.18504e-12
1.0751e-12
9.57506e-13
8.34704e-13
7.09854e-13
5.86731e-13
4.69447e-13
3.61967e-13
2.6747e-13
1.8776e-13
1.2313e-13
7.28348e-14
3.59062e-14
1.24564e-14
1.90964e-15
1.22129e-17
8.54601e-18
1.45542e-15
1.09457e-14
3.74268e-14
8.64691e-14
1.5649e-13
2.40093e-13
3.27533e-13
4.10511e-13
4.84061e-13
5.46312e-13
5.97577e-13
6.39398e-13
6.7381e-13
7.02871e-13
7.28407e-13
7.51914e-13
7.74543e-13
7.97138e-13
8.20289e-13
8.44393e-13
8.69698e-13
8.9635e-13
9.24421e-13
9.53933e-13
9.84872e-13
1.0172e-12
1.05087e-12
1.08581e-12
1.12194e-12
1.15916e-12
1.19736e-12
1.2364e-12
1.27615e-12
1.31641e-12
1.357e-12
1.39767e-12
1.43814e-12
1.4781e-12
1.51721e-12
1.55506e-12
1.59121e-12
1.62518e-12
1.65641e-12
1.68433e-12
1.7083e-12
1.72763e-12
1.7416e-12
1.74947e-12
1.75045e-12
1.74376e-12
1.72863e-12
1.70343e-12
1.66902e-12
1.62417e-12
1.568e-12
1.50015e-12
1.42046e-12
1.32957e-12
1.22731e-12
1.11479e-12
9.94116e-13
8.67685e-13
7.38672e-13
6.10941e-13
4.88798e-13
3.7651e-13
2.77629e-13
1.94295e-13
1.26961e-13
7.48338e-14
3.67619e-14
1.27209e-14
1.94726e-15
1.2462e-17
8.8584e-18
1.50895e-15
1.13508e-14
3.88006e-14
8.95472e-14
1.61774e-13
2.47642e-13
3.37026e-13
4.21402e-13
4.958e-13
5.58476e-13
6.09919e-13
6.51839e-13
6.86404e-13
7.15759e-13
7.41782e-13
7.65987e-13
7.89525e-13
8.13229e-13
8.3767e-13
8.63224e-13
8.90117e-13
9.18474e-13
9.48345e-13
9.7973e-13
1.01259e-12
1.04688e-12
1.08252e-12
1.11941e-12
1.15745e-12
1.19654e-12
1.23653e-12
1.27728e-12
1.31863e-12
1.36037e-12
1.4023e-12
1.44418e-12
1.4857e-12
1.52657e-12
1.56642e-12
1.60486e-12
1.64145e-12
1.6757e-12
1.70708e-12
1.73501e-12
1.75885e-12
1.77794e-12
1.79158e-12
1.79901e-12
1.79949e-12
1.79222e-12
1.77645e-12
1.75074e-12
1.71566e-12
1.66995e-12
1.61286e-12
1.54397e-12
1.46308e-12
1.37058e-12
1.26662e-12
1.15197e-12
1.02867e-12
8.99079e-13
7.66353e-13
6.34413e-13
5.07725e-13
3.90836e-13
2.87672e-13
2.00751e-13
1.30727e-13
7.67858e-14
3.75874e-14
1.29712e-14
1.98202e-15
1.26911e-17
9.17329e-18
1.5629e-15
1.17585e-14
4.0176e-14
9.26022e-14
1.66953e-13
2.54932e-13
3.46034e-13
4.31538e-13
5.06503e-13
5.6934e-13
6.2073e-13
6.62561e-13
6.9713e-13
7.26666e-13
7.53088e-13
7.77925e-13
8.02319e-13
8.27087e-13
8.5278e-13
8.79748e-13
9.08196e-13
9.38226e-13
9.69865e-13
1.00309e-12
1.03785e-12
1.07406e-12
1.11162e-12
1.15043e-12
1.19035e-12
1.23126e-12
1.27299e-12
1.31539e-12
1.35826e-12
1.4014e-12
1.44458e-12
1.48756e-12
1.53002e-12
1.57166e-12
1.61212e-12
1.651e-12
1.68787e-12
1.72224e-12
1.75359e-12
1.78135e-12
1.80491e-12
1.82361e-12
1.83676e-12
1.84364e-12
1.8435e-12
1.83557e-12
1.8191e-12
1.79292e-12
1.75718e-12
1.71074e-12
1.65287e-12
1.58316e-12
1.50135e-12
1.40764e-12
1.30233e-12
1.18602e-12
1.0606e-12
9.28381e-13
7.92462e-13
6.56791e-13
5.25954e-13
4.04754e-13
2.97478e-13
2.07051e-13
1.34383e-13
7.86673e-14
3.83739e-14
1.32044e-14
2.01351e-15
1.28973e-17
9.4902e-18
1.6172e-15
1.21678e-14
4.15489e-14
9.56198e-14
1.71995e-13
2.61896e-13
3.54454e-13
4.40777e-13
5.15993e-13
5.78695e-13
6.29778e-13
6.7131e-13
7.05716e-13
7.35303e-13
7.62021e-13
7.87403e-13
8.1258e-13
8.38345e-13
8.65225e-13
8.93545e-13
9.23485e-13
9.55124e-13
9.88467e-13
1.02347e-12
1.06005e-12
1.09812e-12
1.13754e-12
1.17819e-12
1.21992e-12
1.26257e-12
1.30596e-12
1.34991e-12
1.39421e-12
1.43865e-12
1.48298e-12
1.52693e-12
1.57021e-12
1.61249e-12
1.65341e-12
1.69258e-12
1.72956e-12
1.76389e-12
1.79506e-12
1.82249e-12
1.84561e-12
1.86377e-12
1.87631e-12
1.88251e-12
1.88166e-12
1.87301e-12
1.85581e-12
1.82916e-12
1.79281e-12
1.74577e-12
1.6873e-12
1.61699e-12
1.53456e-12
1.44005e-12
1.33379e-12
1.21632e-12
1.08934e-12
9.55068e-13
8.16543e-13
6.77693e-13
5.4319e-13
4.1805e-13
3.06908e-13
2.1311e-13
1.37879e-13
8.04518e-14
3.91115e-14
1.34177e-14
2.04128e-15
1.30777e-17
9.80862e-18
1.67173e-15
1.2578e-14
4.29145e-14
9.85833e-14
1.76856e-13
2.68459e-13
3.62168e-13
4.48959e-13
5.24069e-13
5.86311e-13
6.36807e-13
6.77811e-13
7.11873e-13
7.41364e-13
7.68259e-13
7.94084e-13
8.1995e-13
8.46622e-13
8.74598e-13
9.04177e-13
9.35515e-13
9.68665e-13
1.00361e-12
1.04029e-12
1.07859e-12
1.1184e-12
1.15958e-12
1.20197e-12
1.24539e-12
1.28966e-12
1.3346e-12
1.37999e-12
1.4256e-12
1.47121e-12
1.51656e-12
1.56136e-12
1.60532e-12
1.64809e-12
1.68932e-12
1.72863e-12
1.76558e-12
1.79971e-12
1.83053e-12
1.8575e-12
1.88004e-12
1.89753e-12
1.90933e-12
1.91477e-12
1.91314e-12
1.90373e-12
1.8858e-12
1.85861e-12
1.82179e-12
1.77432e-12
1.71539e-12
1.64473e-12
1.56199e-12
1.4671e-12
1.36034e-12
1.24223e-12
1.11428e-12
9.78601e-13
8.38119e-13
6.96717e-13
5.59111e-13
4.3049e-13
3.15808e-13
2.18834e-13
1.41159e-13
8.21091e-14
3.97887e-14
1.36076e-14
2.06486e-15
1.32292e-17
1.01279e-17
1.72639e-15
1.29877e-14
4.42669e-14
1.01473e-13
1.8149e-13
2.74534e-13
3.69039e-13
4.559e-13
5.30509e-13
5.91932e-13
6.4154e-13
6.81771e-13
7.15293e-13
7.44532e-13
7.71471e-13
7.9762e-13
8.24062e-13
8.51529e-13
8.80486e-13
9.11203e-13
9.43809e-13
9.78336e-13
1.01475e-12
1.05295e-12
1.09283e-12
1.13424e-12
1.17702e-12
1.22099e-12
1.26596e-12
1.31171e-12
1.35804e-12
1.40472e-12
1.45151e-12
1.49814e-12
1.54436e-12
1.58986e-12
1.63434e-12
1.67746e-12
1.71886e-12
1.75815e-12
1.79492e-12
1.82872e-12
1.85906e-12
1.88543e-12
1.90726e-12
1.92398e-12
1.93496e-12
1.93955e-12
1.93709e-12
1.92689e-12
1.90827e-12
1.88053e-12
1.8434e-12
1.79559e-12
1.73641e-12
1.66565e-12
1.58292e-12
1.4881e-12
1.38133e-12
1.26313e-12
1.13484e-12
9.9843e-13
8.567e-13
7.13446e-13
5.7338e-13
4.41821e-13
3.24008e-13
2.24119e-13
1.44162e-13
8.3605e-14
4.03927e-14
1.37706e-14
2.08377e-15
1.33485e-17
1.04475e-17
1.78106e-15
1.33958e-14
4.55992e-14
1.04265e-13
1.85841e-13
2.80017e-13
3.74914e-13
4.61396e-13
5.35068e-13
5.95287e-13
6.43684e-13
6.82886e-13
7.15665e-13
7.44486e-13
7.71327e-13
7.9767e-13
8.24559e-13
8.52686e-13
8.82483e-13
9.14186e-13
9.47901e-13
9.83635e-13
1.02133e-12
1.06088e-12
1.10215e-12
1.14497e-12
1.18916e-12
1.23452e-12
1.28083e-12
1.32788e-12
1.37542e-12
1.42321e-12
1.47098e-12
1.51847e-12
1.56539e-12
1.61143e-12
1.65627e-12
1.69958e-12
1.741e-12
1.78014e-12
1.81659e-12
1.84992e-12
1.87967e-12
1.90532e-12
1.92635e-12
1.94221e-12
1.95229e-12
1.95599e-12
1.95267e-12
1.94169e-12
1.9224e-12
1.89418e-12
1.85691e-12
1.80884e-12
1.74964e-12
1.67906e-12
1.59669e-12
1.50235e-12
1.39611e-12
1.27838e-12
1.15041e-12
1.01401e-12
8.71791e-13
7.27448e-13
5.85644e-13
4.51775e-13
3.31325e-13
2.28854e-13
1.4682e-13
8.49027e-14
4.09092e-14
1.39026e-14
2.09754e-15
1.34321e-17
1.07664e-17
1.83558e-15
1.38007e-14
4.69032e-14
1.06932e-13
1.89841e-13
2.84793e-13
3.79617e-13
4.6522e-13
5.3748e-13
5.96082e-13
6.42935e-13
6.80847e-13
7.12679e-13
7.40915e-13
7.67513e-13
7.9391e-13
8.21102e-13
8.49739e-13
8.80209e-13
9.12721e-13
9.47351e-13
9.84086e-13
1.02285e-12
1.06352e-12
1.10594e-12
1.14993e-12
1.19529e-12
1.2418e-12
1.28924e-12
1.33734e-12
1.38587e-12
1.43455e-12
1.48311e-12
1.53124e-12
1.57867e-12
1.62507e-12
1.67011e-12
1.71345e-12
1.75473e-12
1.79358e-12
1.82958e-12
1.86233e-12
1.89137e-12
1.91622e-12
1.93638e-12
1.95132e-12
1.96047e-12
1.96325e-12
1.95907e-12
1.94733e-12
1.92742e-12
1.8989e-12
1.86155e-12
1.81335e-12
1.75438e-12
1.68428e-12
1.60263e-12
1.50921e-12
1.40403e-12
1.28738e-12
1.16041e-12
1.02478e-12
8.82893e-13
7.38287e-13
5.95537e-13
4.60071e-13
3.37561e-13
2.32919e-13
1.49065e-13
8.59632e-14
4.13228e-14
1.40002e-14
2.10479e-15
1.34733e-17
1.10838e-17
1.88977e-15
1.42005e-14
4.81689e-14
1.0944e-13
1.93411e-13
2.88724e-13
3.8295e-13
4.6712e-13
5.37457e-13
5.94013e-13
6.38985e-13
6.75351e-13
7.06039e-13
7.33531e-13
7.5974e-13
7.86048e-13
8.13392e-13
8.42369e-13
8.73327e-13
9.06441e-13
9.41762e-13
9.79258e-13
1.01883e-12
1.06036e-12
1.10366e-12
1.14854e-12
1.19479e-12
1.24217e-12
1.29044e-12
1.33934e-12
1.38858e-12
1.4379e-12
1.48699e-12
1.53555e-12
1.58327e-12
1.62983e-12
1.67488e-12
1.71808e-12
1.75908e-12
1.79749e-12
1.83293e-12
1.86499e-12
1.89324e-12
1.91722e-12
1.93645e-12
1.95043e-12
1.95863e-12
1.96051e-12
1.9555e-12
1.94304e-12
1.92257e-12
1.89405e-12
1.85656e-12
1.80846e-12
1.74998e-12
1.68066e-12
1.60011e-12
1.50806e-12
1.40447e-12
1.28951e-12
1.16429e-12
1.03022e-12
8.8951e-13
7.45524e-13
6.02691e-13
4.66417e-13
3.42504e-13
2.36183e-13
1.50825e-13
8.67458e-14
4.16166e-14
1.4051e-14
2.10605e-15
1.34755e-17
1.13985e-17
1.94342e-15
1.4593e-14
4.9384e-14
1.11748e-13
1.96459e-13
2.91653e-13
3.84688e-13
4.66823e-13
5.34697e-13
5.88774e-13
6.31537e-13
6.66117e-13
6.95483e-13
7.22083e-13
7.47768e-13
7.73844e-13
8.0118e-13
8.30315e-13
8.61556e-13
8.95042e-13
9.30802e-13
9.68786e-13
1.00889e-12
1.05096e-12
1.09482e-12
1.14027e-12
1.18708e-12
1.23501e-12
1.28379e-12
1.33316e-12
1.38283e-12
1.43249e-12
1.48184e-12
1.53056e-12
1.57834e-12
1.62482e-12
1.66968e-12
1.71257e-12
1.75312e-12
1.79097e-12
1.82573e-12
1.857e-12
1.88439e-12
1.90744e-12
1.92571e-12
1.93873e-12
1.94599e-12
1.94698e-12
1.94119e-12
1.9281e-12
1.90724e-12
1.87891e-12
1.84128e-12
1.79356e-12
1.73583e-12
1.66762e-12
1.58854e-12
1.49833e-12
1.39682e-12
1.28424e-12
1.16151e-12
1.0298e-12
8.9116e-13
7.48726e-13
6.06732e-13
4.70516e-13
3.4594e-13
2.38508e-13
1.52022e-13
8.72087e-14
4.17729e-14
1.40621e-14
2.10074e-15
1.34336e-17
1.17091e-17
1.99626e-15
1.49753e-14
5.05335e-14
1.13807e-13
1.98876e-13
2.934e-13
3.84585e-13
4.64035e-13
5.28894e-13
5.80065e-13
6.20317e-13
6.52902e-13
6.80794e-13
7.06379e-13
7.31416e-13
7.57121e-13
7.84285e-13
8.13388e-13
8.44688e-13
8.78296e-13
9.14216e-13
9.52385e-13
9.92687e-13
1.03497e-12
1.07904e-12
1.1247e-12
1.17171e-12
1.21982e-12
1.26876e-12
1.31824e-12
1.36798e-12
1.41766e-12
1.46696e-12
1.51555e-12
1.56311e-12
1.60928e-12
1.65373e-12
1.69611e-12
1.73604e-12
1.77318e-12
1.80714e-12
1.83755e-12
1.864e-12
1.88609e-12
1.90339e-12
1.91544e-12
1.9218e-12
1.92196e-12
1.91546e-12
1.90182e-12
1.88088e-12
1.85277e-12
1.81514e-12
1.76807e-12
1.71138e-12
1.64461e-12
1.5674e-12
1.47947e-12
1.38057e-12
1.27108e-12
1.15155e-12
1.02303e-12
8.87378e-13
7.47473e-13
6.07292e-13
4.72069e-13
3.47645e-13
2.3975e-13
1.5258e-13
8.73093e-14
4.17731e-14
1.40246e-14
2.08801e-15
1.33439e-17
1.20141e-17
2.04798e-15
1.53439e-14
5.15988e-14
1.15558e-13
2.00531e-13
2.93761e-13
3.82368e-13
4.58453e-13
5.19745e-13
5.67615e-13
6.05096e-13
6.35522e-13
6.61828e-13
6.863e-13
7.10581e-13
7.35782e-13
7.62609e-13
7.91477e-13
8.226e-13
8.56058e-13
8.91839e-13
9.29866e-13
9.70019e-13
1.01214e-12
1.05604e-12
1.10151e-12
1.14832e-12
1.19621e-12
1.24491e-12
1.29412e-12
1.34355e-12
1.39288e-12
1.44178e-12
1.48992e-12
1.53697e-12
1.58256e-12
1.62636e-12
1.66801e-12
1.70715e-12
1.74343e-12
1.77648e-12
1.80592e-12
1.83138e-12
1.85247e-12
1.86879e-12
1.87991e-12
1.8854e-12
1.8848e-12
1.87768e-12
1.86362e-12
1.84304e-12
1.81492e-12
1.77764e-12
1.73147e-12
1.67601e-12
1.61088e-12
1.53578e-12
1.45032e-12
1.3546e-12
1.24869e-12
1.13307e-12
1.00868e-12
8.77175e-13
7.41133e-13
6.04013e-13
4.70783e-13
3.474e-13
2.39759e-13
1.52416e-13
8.70059e-14
4.15755e-14
1.39302e-14
2.06727e-15
1.32035e-17
1.23113e-17
2.09818e-15
1.56944e-14
5.25563e-14
1.16926e-13
2.01276e-13
2.92504e-13
3.77747e-13
4.49771e-13
5.06972e-13
5.51199e-13
5.85712e-13
6.13873e-13
6.38525e-13
6.61815e-13
6.8525e-13
7.09821e-13
7.36141e-13
7.64563e-13
7.95259e-13
8.28281e-13
8.63602e-13
9.01141e-13
9.40772e-13
9.8234e-13
1.02566e-12
1.07053e-12
1.1167e-12
1.16394e-12
1.21197e-12
1.26049e-12
1.3092e-12
1.35779e-12
1.40592e-12
1.45325e-12
1.49945e-12
1.54417e-12
1.58705e-12
1.62774e-12
1.66589e-12
1.70115e-12
1.73315e-12
1.76154e-12
1.78595e-12
1.80601e-12
1.82135e-12
1.83157e-12
1.83625e-12
1.83497e-12
1.82734e-12
1.81312e-12
1.79306e-12
1.76495e-12
1.72828e-12
1.68319e-12
1.62933e-12
1.56636e-12
1.49393e-12
1.41189e-12
1.32005e-12
1.21846e-12
1.10746e-12
9.87784e-13
8.60826e-13
7.28926e-13
5.95992e-13
4.66268e-13
3.44983e-13
2.38385e-13
1.51447e-13
8.62624e-14
4.11819e-14
1.37763e-14
2.03809e-15
1.30102e-17
1.25984e-17
2.14635e-15
1.60211e-14
5.33764e-14
1.17822e-13
2.00941e-13
2.8937e-13
3.7042e-13
4.37699e-13
4.90344e-13
5.30666e-13
5.62095e-13
5.8795e-13
6.10927e-13
6.32997e-13
6.55508e-13
6.79322e-13
7.04962e-13
7.32719e-13
7.62726e-13
7.95012e-13
8.29541e-13
8.66227e-13
9.04948e-13
9.45554e-13
9.87868e-13
1.03169e-12
1.07679e-12
1.12292e-12
1.16982e-12
1.2172e-12
1.26476e-12
1.31218e-12
1.35914e-12
1.40529e-12
1.4503e-12
1.49381e-12
1.53549e-12
1.57497e-12
1.6119e-12
1.64595e-12
1.67677e-12
1.70399e-12
1.72728e-12
1.74628e-12
1.76064e-12
1.76999e-12
1.77393e-12
1.77206e-12
1.76401e-12
1.75013e-12
1.73042e-12
1.70255e-12
1.66692e-12
1.62331e-12
1.57138e-12
1.51094e-12
1.44169e-12
1.36339e-12
1.27589e-12
1.17924e-12
1.07365e-12
9.59721e-13
8.3861e-13
7.12315e-13
5.83869e-13
4.57784e-13
3.39929e-13
2.35477e-13
1.4959e-13
8.50426e-14
4.05955e-14
1.35588e-14
2.00007e-15
1.27622e-17
1.28721e-17
2.19186e-15
1.63169e-14
5.40211e-14
1.18132e-13
1.99344e-13
2.84074e-13
3.6009e-13
4.21992e-13
4.6971e-13
5.05972e-13
5.34291e-13
5.57867e-13
5.79188e-13
6.00021e-13
6.21536e-13
6.44466e-13
6.69246e-13
6.96109e-13
7.25154e-13
7.56395e-13
7.89788e-13
8.2525e-13
8.62664e-13
9.0189e-13
9.4276e-13
9.85085e-13
1.02865e-12
1.07322e-12
1.11853e-12
1.16431e-12
1.21025e-12
1.25607e-12
1.30142e-12
1.34599e-12
1.38943e-12
1.4314e-12
1.47154e-12
1.50953e-12
1.54502e-12
1.57766e-12
1.60712e-12
1.63306e-12
1.65514e-12
1.67304e-12
1.68642e-12
1.69493e-12
1.69819e-12
1.69588e-12
1.68766e-12
1.67447e-12
1.65491e-12
1.62768e-12
1.59329e-12
1.55134e-12
1.50181e-12
1.44431e-12
1.37861e-12
1.30451e-12
1.2219e-12
1.13077e-12
1.03128e-12
9.23883e-13
8.09501e-13
6.89811e-13
5.67503e-13
4.46575e-13
3.32191e-13
2.30623e-13
1.46704e-13
8.3256e-14
3.97581e-14
1.32716e-14
1.95276e-15
1.24581e-17
1.31284e-17
2.23385e-15
1.6572e-14
5.44427e-14
1.17722e-13
1.96267e-13
2.76328e-13
3.46487e-13
4.02476e-13
4.45028e-13
4.772e-13
5.02479e-13
5.23862e-13
5.43579e-13
5.63165e-13
5.8361e-13
6.05521e-13
6.2925e-13
6.54981e-13
6.82785e-13
7.12667e-13
7.44577e-13
7.7844e-13
8.14151e-13
8.51578e-13
8.9057e-13
9.30952e-13
9.7252e-13
1.01506e-12
1.05831e-12
1.10201e-12
1.14589e-12
1.18965e-12
1.23297e-12
1.27553e-12
1.317e-12
1.35705e-12
1.39535e-12
1.43155e-12
1.46538e-12
1.49649e-12
1.52452e-12
1.54912e-12
1.56998e-12
1.5868e-12
1.59924e-12
1.60697e-12
1.60963e-12
1.60679e-12
1.59852e-12
1.5859e-12
1.56648e-12
1.54024e-12
1.50722e-12
1.4675e-12
1.42066e-12
1.36647e-12
1.30474e-12
1.23532e-12
1.1581e-12
1.07307e-12
9.80328e-13
8.80193e-13
7.73383e-13
6.61256e-13
5.46117e-13
4.31526e-13
3.22313e-13
2.2417e-13
1.4259e-13
8.08767e-14
3.86618e-14
1.29105e-14
1.89582e-15
1.20971e-17
1.33622e-17
2.27122e-15
1.67741e-14
5.45808e-14
1.16439e-13
1.91454e-13
2.65896e-13
3.29561e-13
3.79265e-13
4.16496e-13
4.44589e-13
4.6698e-13
4.86299e-13
5.04474e-13
5.228e-13
5.42089e-13
5.62831e-13
5.85307e-13
6.09659e-13
6.35941e-13
6.64149e-13
6.94236e-13
7.26135e-13
7.59754e-13
7.94977e-13
8.31667e-13
8.69678e-13
9.08878e-13
9.49007e-13
9.89825e-13
1.03108e-12
1.07252e-12
1.11386e-12
1.1548e-12
1.19503e-12
1.23424e-12
1.27209e-12
1.30827e-12
1.34244e-12
1.37427e-12
1.40344e-12
1.42965e-12
1.45255e-12
1.47187e-12
1.48733e-12
1.49862e-12
1.50543e-12
1.50739e-12
1.50409e-12
1.49638e-12
1.48417e-12
1.46533e-12
1.44027e-12
1.40928e-12
1.37199e-12
1.32818e-12
1.27767e-12
1.22033e-12
1.15604e-12
1.08471e-12
1.00632e-12
9.20922e-13
8.28732e-13
7.30273e-13
6.26602e-13
5.19625e-13
4.12434e-13
3.0944e-13
2.16061e-13
1.37724e-13
7.80744e-14
3.72989e-14
1.24725e-14
1.829e-15
1.1679e-17
1.35664e-17
2.30251e-15
1.69064e-14
5.4359e-14
1.14104e-13
1.84739e-13
2.52691e-13
3.09119e-13
3.52311e-13
3.84419e-13
4.08734e-13
4.28348e-13
4.45656e-13
4.6234e-13
4.79374e-13
4.974e-13
5.16807e-13
5.37818e-13
5.60576e-13
5.85119e-13
6.11421e-13
6.39433e-13
6.69103e-13
7.00352e-13
7.3308e-13
7.67167e-13
8.02467e-13
8.38799e-13
8.75995e-13
9.13837e-13
9.52098e-13
9.90542e-13
1.0289e-12
1.06691e-12
1.10426e-12
1.14066e-12
1.1758e-12
1.20937e-12
1.24105e-12
1.27053e-12
1.2975e-12
1.32168e-12
1.3428e-12
1.36057e-12
1.3747e-12
1.38493e-12
1.39094e-12
1.39237e-12
1.38886e-12
1.38193e-12
1.3701e-12
1.35204e-12
1.32872e-12
1.29991e-12
1.26536e-12
1.22493e-12
1.17849e-12
1.12594e-12
1.0672e-12
1.00222e-12
9.30951e-13
8.53426e-13
7.69778e-13
6.80356e-13
5.8594e-13
4.88041e-13
3.89257e-13
2.93516e-13
2.05859e-13
1.31602e-13
7.46258e-14
3.56427e-14
1.19543e-14
1.75214e-15
1.12046e-17
1.37321e-17
2.32574e-15
1.69464e-14
5.36807e-14
1.10606e-13
1.75828e-13
2.36245e-13
2.85054e-13
3.21786e-13
3.49017e-13
3.6995e-13
3.8722e-13
4.02805e-13
4.18014e-13
4.33696e-13
4.50357e-13
4.68294e-13
4.87676e-13
5.08579e-13
5.31037e-13
5.55051e-13
5.80575e-13
6.07581e-13
6.36003e-13
6.6576e-13
6.96747e-13
7.28838e-13
7.61878e-13
7.95715e-13
8.30176e-13
8.65058e-13
9.00129e-13
9.35144e-13
9.69848e-13
1.00397e-12
1.03723e-12
1.06934e-12
1.10001e-12
1.12895e-12
1.15586e-12
1.18046e-12
1.20247e-12
1.22166e-12
1.23774e-12
1.25046e-12
1.25957e-12
1.26479e-12
1.2657e-12
1.26229e-12
1.25606e-12
1.24455e-12
1.22785e-12
1.20646e-12
1.18007e-12
1.14857e-12
1.11185e-12
1.06983e-12
1.02245e-12
9.69654e-13
9.11407e-13
8.47696e-13
7.78537e-13
7.03963e-13
6.24174e-13
5.39692e-13
4.51636e-13
3.62098e-13
2.74538e-13
1.93553e-13
1.24202e-13
7.052e-14
3.36866e-14
1.13545e-14
1.66528e-15
1.06755e-17
1.38473e-17
2.33821e-15
1.68641e-14
5.24721e-14
1.0568e-13
1.64344e-13
2.16645e-13
2.57761e-13
2.88311e-13
3.11054e-13
3.2886e-13
3.43964e-13
3.57912e-13
3.71685e-13
3.85935e-13
4.01052e-13
4.17271e-13
4.34728e-13
4.53491e-13
4.73593e-13
4.95045e-13
5.17849e-13
5.41956e-13
5.67312e-13
5.93849e-13
6.2148e-13
6.50098e-13
6.79577e-13
7.09778e-13
7.40548e-13
7.71708e-13
8.03054e-13
8.34368e-13
8.65419e-13
8.9596e-13
9.25739e-13
9.54493e-13
9.81955e-13
1.00786e-12
1.03194e-12
1.05393e-12
1.07358e-12
1.09065e-12
1.10492e-12
1.11615e-12
1.12411e-12
1.12853e-12
1.12893e-12
1.12597e-12
1.12011e-12
1.10925e-12
1.09423e-12
1.07493e-12
1.05123e-12
1.02306e-12
9.90369e-13
9.53101e-13
9.11225e-13
8.64719e-13
8.13561e-13
7.5773e-13
6.97181e-13
6.31947e-13
5.62132e-13
4.88064e-13
4.10542e-13
3.31176e-13
2.52635e-13
1.79161e-13
1.15523e-13
6.57506e-14
3.14266e-14
1.06734e-14
1.56845e-15
1.00944e-17
1.38957e-17
2.33631e-15
1.66363e-14
5.05374e-14
9.90833e-14
1.50268e-13
1.94112e-13
2.27749e-13
2.52601e-13
2.71332e-13
2.86348e-13
2.99408e-13
3.11685e-13
3.23921e-13
3.36599e-13
3.50017e-13
3.64359e-13
3.79735e-13
3.96206e-13
4.13806e-13
4.32548e-13
4.52435e-13
4.73436e-13
4.95513e-13
5.18611e-13
5.42659e-13
5.67571e-13
5.93241e-13
6.19552e-13
6.46369e-13
6.73538e-13
7.00883e-13
7.28215e-13
7.55329e-13
7.82008e-13
8.08028e-13
8.33154e-13
8.57149e-13
8.79776e-13
9.00794e-13
9.19971e-13
9.37081e-13
9.51911e-13
9.64254e-13
9.73911e-13
9.80682e-13
9.84323e-13
9.84294e-13
9.81817e-13
9.76288e-13
9.66509e-13
9.5323e-13
9.36225e-13
9.15457e-13
8.90879e-13
8.62455e-13
8.30164e-13
7.94e-13
7.53958e-13
7.10037e-13
6.62224e-13
6.10497e-13
5.5483e-13
4.95239e-13
4.31884e-13
3.65267e-13
2.9655e-13
2.2794e-13
1.62774e-13
1.0559e-13
6.03236e-14
2.88758e-14
9.9037e-15
1.46213e-15
9.46459e-18
1.38584e-17
2.31639e-15
1.61928e-14
4.76939e-14
9.0692e-14
1.33681e-13
1.69095e-13
1.9577e-13
2.15546e-13
2.30749e-13
2.43261e-13
2.54389e-13
2.64988e-13
2.75602e-13
2.86586e-13
2.98165e-13
3.10484e-13
3.23635e-13
3.37675e-13
3.52636e-13
3.68537e-13
3.8538e-13
4.03151e-13
4.21821e-13
4.41349e-13
4.61679e-13
4.82743e-13
5.04455e-13
5.26717e-13
5.49417e-13
5.72423e-13
5.95589e-13
6.18753e-13
6.4174e-13
6.64364e-13
6.86431e-13
7.07739e-13
7.28084e-13
7.4726e-13
7.65059e-13
7.81278e-13
7.95723e-13
8.08208e-13
8.18557e-13
8.266e-13
8.32173e-13
8.35059e-13
8.34705e-13
8.32603e-13
8.276e-13
8.19117e-13
8.07666e-13
7.93108e-13
7.75419e-13
7.54575e-13
7.30569e-13
7.03401e-13
6.73081e-13
6.3962e-13
6.03025e-13
5.63289e-13
5.20387e-13
4.7427e-13
4.24896e-13
3.72298e-13
3.16737e-13
2.58978e-13
2.0066e-13
1.44583e-13
9.44642e-14
5.42624e-14
2.60493e-14
9.0398e-15
1.34689e-15
8.78964e-18
1.36994e-17
2.26824e-15
1.54528e-14
4.38487e-14
8.0426e-14
1.14903e-13
1.42325e-13
1.62793e-13
1.7816e-13
1.9027e-13
2.00491e-13
2.09745e-13
2.18632e-13
2.27541e-13
2.36729e-13
2.46368e-13
2.56574e-13
2.67422e-13
2.78965e-13
2.91233e-13
3.04247e-13
3.18012e-13
3.32522e-13
3.47758e-13
3.6369e-13
3.80276e-13
3.97461e-13
4.1518e-13
4.33353e-13
4.51889e-13
4.7068e-13
4.89606e-13
5.08535e-13
5.27322e-13
5.45813e-13
5.63847e-13
5.81256e-13
5.97871e-13
6.13519e-13
6.28029e-13
6.4123e-13
6.52961e-13
6.63065e-13
6.71397e-13
6.77824e-13
6.82215e-13
6.84393e-13
6.83826e-13
6.82029e-13
6.77735e-13
6.70643e-13
6.61124e-13
6.49112e-13
6.34593e-13
6.17563e-13
5.98029e-13
5.76007e-13
5.51514e-13
5.24572e-13
4.95192e-13
4.63369e-13
4.29075e-13
3.92252e-13
3.52823e-13
3.10735e-13
2.6607e-13
2.19261e-13
1.71432e-13
1.2473e-13
8.22859e-14
4.76179e-14
2.29695e-14
8.07971e-15
1.22354e-15
8.07305e-18
1.33722e-17
2.1834e-15
1.43615e-14
3.8927e-14
6.83938e-14
9.45554e-14
1.14802e-13
1.29939e-13
1.41534e-13
1.50911e-13
1.58998e-13
1.66412e-13
1.73561e-13
1.80715e-13
1.88061e-13
1.95728e-13
2.03806e-13
2.12358e-13
2.21427e-13
2.31044e-13
2.41227e-13
2.51985e-13
2.63314e-13
2.75204e-13
2.87633e-13
3.0057e-13
3.13974e-13
3.27796e-13
3.41975e-13
3.56437e-13
3.711e-13
3.85869e-13
4.00638e-13
4.15286e-13
4.29697e-13
4.43747e-13
4.57304e-13
4.70231e-13
4.82396e-13
4.9366e-13
5.03889e-13
5.12957e-13
5.20742e-13
5.27133e-13
5.32022e-13
5.3531e-13
5.36864e-13
5.36201e-13
5.34716e-13
5.31229e-13
5.25557e-13
5.18012e-13
5.08562e-13
4.97202e-13
4.8394e-13
4.6879e-13
4.51774e-13
4.32913e-13
4.12229e-13
3.89735e-13
3.65425e-13
3.39272e-13
3.11215e-13
2.81161e-13
2.49012e-13
2.14729e-13
1.78495e-13
1.40997e-13
1.03761e-13
6.92718e-14
4.04792e-14
1.96722e-14
7.02632e-15
1.09251e-15
7.31615e-18
1.28285e-17
2.05126e-15
1.28474e-14
3.29158e-14
5.50135e-14
7.35809e-14
8.77225e-14
9.84206e-14
1.06814e-13
1.13764e-13
1.19856e-13
1.25486e-13
1.3092e-13
1.3634e-13
1.41878e-13
1.47628e-13
1.53658e-13
1.60018e-13
1.66743e-13
1.73857e-13
1.81378e-13
1.89312e-13
1.97661e-13
2.06417e-13
2.15566e-13
2.25086e-13
2.34947e-13
2.45116e-13
2.55544e-13
2.6617e-13
2.76943e-13
2.8779e-13
2.98634e-13
3.09394e-13
3.19976e-13
3.30285e-13
3.40223e-13
3.49689e-13
3.58579e-13
3.66794e-13
3.74237e-13
3.80815e-13
3.86438e-13
3.91026e-13
3.94503e-13
3.968e-13
3.97824e-13
3.9717e-13
3.96003e-13
3.93367e-13
3.8909e-13
3.83484e-13
3.76505e-13
3.68161e-13
3.58464e-13
3.4743e-13
3.3508e-13
3.21434e-13
3.0651e-13
2.90318e-13
2.72858e-13
2.54104e-13
2.33999e-13
2.12448e-13
1.8933e-13
1.64539e-13
1.381e-13
1.1036e-13
8.23006e-14
5.57153e-14
3.29918e-14
1.62122e-14
5.88852e-15
9.52536e-16
6.51689e-18
1.20023e-17
1.85802e-15
1.08675e-14
2.59569e-14
4.10585e-14
5.31896e-14
6.24037e-14
6.95074e-14
7.52153e-14
8.00341e-14
8.43084e-14
8.82748e-14
9.20987e-14
9.58985e-14
9.97614e-14
1.03752e-13
1.07918e-13
1.12297e-13
1.16912e-13
1.21785e-13
1.26926e-13
1.32342e-13
1.38036e-13
1.44002e-13
1.50232e-13
1.5671e-13
1.63416e-13
1.70327e-13
1.77411e-13
1.84633e-13
1.91946e-13
1.99304e-13
2.06654e-13
2.1394e-13
2.21098e-13
2.28065e-13
2.34772e-13
2.41151e-13
2.47132e-13
2.52648e-13
2.57632e-13
2.62023e-13
2.65761e-13
2.68793e-13
2.7107e-13
2.72548e-13
2.7317e-13
2.7264e-13
2.71774e-13
2.69994e-13
2.67039e-13
2.6322e-13
2.585e-13
2.52884e-13
2.46383e-13
2.3901e-13
2.30781e-13
2.2171e-13
2.11811e-13
2.01088e-13
1.89537e-13
1.77134e-13
1.63833e-13
1.49553e-13
1.34185e-13
1.17611e-13
9.97653e-14
8.07845e-14
6.11893e-14
4.21402e-14
2.53865e-14
1.26685e-14
4.69749e-15
8.03206e-16
5.67344e-18
1.0818e-17
1.58931e-15
8.45308e-15
1.84914e-14
2.76198e-14
3.4738e-14
4.01945e-14
4.4496e-14
4.80275e-14
5.10547e-14
5.37616e-14
5.62785e-14
5.86996e-14
6.1095e-14
6.35175e-14
6.60074e-14
6.85954e-14
7.13046e-14
7.41516e-14
7.71494e-14
8.03064e-14
8.36269e-14
8.7112e-14
9.07601e-14
9.4566e-14
9.85216e-14
1.02614e-13
1.06825e-13
1.11138e-13
1.1553e-13
1.19974e-13
1.24442e-13
1.28901e-13
1.33315e-13
1.37649e-13
1.41861e-13
1.4591e-13
1.49757e-13
1.53358e-13
1.56673e-13
1.59663e-13
1.6229e-13
1.64521e-13
1.66323e-13
1.67669e-13
1.68534e-13
1.68889e-13
1.68552e-13
1.67968e-13
1.66945e-13
1.65153e-13
1.62844e-13
1.60023e-13
1.56676e-13
1.52811e-13
1.48435e-13
1.43559e-13
1.38191e-13
1.32339e-13
1.26003e-13
1.19179e-13
1.11848e-13
1.03976e-13
9.55051e-14
8.63519e-14
7.64136e-14
6.55997e-14
5.39085e-14
4.1571e-14
2.92286e-14
1.7997e-14
9.17148e-15
3.49137e-15
6.4352e-16
4.78316e-18
9.20351e-18
1.238e-15
5.74809e-15
1.1318e-14
1.59723e-14
1.95636e-14
2.23682e-14
2.46313e-14
2.65249e-14
2.81682e-14
2.96459e-14
3.10205e-14
3.23386e-14
3.3636e-14
3.49406e-14
3.62739e-14
3.76527e-14
3.90898e-14
4.05943e-14
4.21737e-14
4.38332e-14
4.55756e-14
4.7402e-14
4.93111e-14
5.13001e-14
5.33647e-14
5.54984e-14
5.76923e-14
5.99368e-14
6.22201e-14
6.45288e-14
6.68474e-14
6.91592e-14
7.14462e-14
7.3689e-14
7.58671e-14
7.79599e-14
7.9946e-14
8.18044e-14
8.35145e-14
8.50565e-14
8.64118e-14
8.75631e-14
8.8495e-14
8.91937e-14
8.96473e-14
8.98431e-14
8.96943e-14
8.93771e-14
8.89024e-14
8.80186e-14
8.68449e-14
8.5437e-14
8.37623e-14
8.18258e-14
7.96323e-14
7.71864e-14
7.44922e-14
7.15523e-14
6.83667e-14
6.49307e-14
6.12332e-14
5.7253e-14
5.29555e-14
4.82886e-14
4.31837e-14
3.7566e-14
3.13893e-14
2.47119e-14
1.78116e-14
1.12768e-14
5.91284e-15
2.3283e-15
4.72793e-16
3.84484e-18
7.13846e-18
8.17339e-16
3.11145e-15
5.44825e-15
7.29255e-15
8.73325e-15
9.88882e-15
1.08443e-14
1.16581e-14
1.23716e-14
1.30158e-14
1.36143e-14
1.41856e-14
1.47442e-14
1.5302e-14
1.58681e-14
1.64499e-14
1.70532e-14
1.76823e-14
1.83405e-14
1.90298e-14
1.97519e-14
2.05072e-14
2.12956e-14
2.2116e-14
2.29666e-14
2.3845e-14
2.47477e-14
2.56708e-14
2.66094e-14
2.75582e-14
2.85109e-14
2.94607e-14
3.04005e-14
3.13224e-14
3.22182e-14
3.30796e-14
3.38982e-14
3.46656e-14
3.53735e-14
3.6014e-14
3.65799e-14
3.70641e-14
3.74606e-14
3.77639e-14
3.79692e-14
3.80723e-14
3.80426e-14
3.79248e-14
3.77636e-14
3.74428e-14
3.69902e-14
3.64511e-14
3.58038e-14
3.5051e-14
3.41942e-14
3.32352e-14
3.21752e-14
3.10149e-14
2.97539e-14
2.83896e-14
2.69169e-14
2.53259e-14
2.36009e-14
2.17176e-14
1.96418e-14
1.73319e-14
1.4749e-14
1.18863e-14
8.8225e-15
5.78479e-15
3.15184e-15
1.29649e-15
2.96201e-16
2.86975e-18
4.72816e-18
3.81145e-16
1.10543e-15
1.72435e-15
2.2148e-15
2.61116e-15
2.94007e-15
3.21903e-15
3.46051e-15
3.67402e-15
3.86714e-15
4.046e-15
4.21565e-15
4.38021e-15
4.54303e-15
4.70685e-15
4.8739e-15
5.04594e-15
5.22441e-15
5.41033e-15
5.60447e-15
5.80735e-15
6.01923e-15
6.24013e-15
6.46986e-15
6.708e-15
6.9539e-15
7.20671e-15
7.46534e-15
7.72853e-15
7.99481e-15
8.26253e-15
8.52985e-15
8.79481e-15
9.05528e-15
9.30907e-15
9.5539e-15
9.78748e-15
1.00075e-14
1.02117e-14
1.0398e-14
1.05642e-14
1.07085e-14
1.08292e-14
1.09247e-14
1.09936e-14
1.10349e-14
1.10418e-14
1.10192e-14
1.09866e-14
1.0914e-14
1.08026e-14
1.06669e-14
1.0501e-14
1.03057e-14
1.00813e-14
9.82808e-15
9.54641e-15
9.23635e-15
8.89767e-15
8.52963e-15
8.13067e-15
7.69799e-15
7.22695e-15
6.71029e-15
6.13742e-15
5.49413e-15
4.76445e-15
3.93713e-15
3.02057e-15
2.066e-15
1.18366e-15
5.15415e-16
1.32128e-16
1.92046e-18
2.37402e-18
7.35246e-17
1.60275e-16
2.32283e-16
2.92543e-16
3.43636e-16
3.87462e-16
4.25413e-16
4.58641e-16
4.88147e-16
5.14799e-16
5.39347e-16
5.62437e-16
5.84616e-16
6.06341e-16
6.27996e-16
6.49896e-16
6.72301e-16
6.95415e-16
7.194e-16
7.44375e-16
7.70426e-16
7.97603e-16
8.25926e-16
8.55384e-16
8.85937e-16
9.17515e-16
9.50019e-16
9.83324e-16
1.01728e-15
1.0517e-15
1.08639e-15
1.12113e-15
1.15566e-15
1.18973e-15
1.22306e-15
1.25537e-15
1.28636e-15
1.31574e-15
1.34322e-15
1.36854e-15
1.39141e-15
1.41158e-15
1.42884e-15
1.44297e-15
1.45379e-15
1.46114e-15
1.46437e-15
1.46349e-15
1.46086e-15
1.45398e-15
1.44208e-15
1.42671e-15
1.40745e-15
1.38437e-15
1.3575e-15
1.32688e-15
1.29252e-15
1.25445e-15
1.21262e-15
1.16694e-15
1.11724e-15
1.06317e-15
1.00416e-15
9.39294e-16
8.67195e-16
7.85912e-16
6.92988e-16
5.8603e-16
4.64317e-16
3.31925e-16
2.01372e-16
9.38248e-17
2.68989e-17
9.62286e-19
8.56932e-20
4.80389e-19
9.22341e-19
1.31801e-18
1.66359e-18
1.96398e-18
2.22552e-18
2.45392e-18
2.65468e-18
2.83302e-18
2.99374e-18
3.14113e-18
3.27897e-18
3.41052e-18
3.53855e-18
3.66542e-18
3.79306e-18
3.92309e-18
4.0568e-18
4.19521e-18
4.33912e-18
4.48907e-18
4.64545e-18
4.80842e-18
4.97798e-18
5.15394e-18
5.33598e-18
5.52355e-18
5.716e-18
5.91247e-18
6.112e-18
6.31344e-18
6.51554e-18
6.71691e-18
6.91608e-18
7.11148e-18
7.30147e-18
7.48438e-18
7.65853e-18
7.82225e-18
7.97391e-18
8.11196e-18
8.2349e-18
8.34138e-18
8.43015e-18
8.5001e-18
8.55034e-18
8.57775e-18
8.58052e-18
8.57104e-18
8.5415e-18
8.48321e-18
8.403e-18
8.30053e-18
8.17588e-18
8.02916e-18
7.86051e-18
7.67008e-18
7.4579e-18
7.22383e-18
6.96743e-18
6.68774e-18
6.38298e-18
6.05015e-18
5.68436e-18
5.27809e-18
4.82041e-18
4.29689e-18
3.69183e-18
2.9958e-18
2.22201e-18
1.4292e-18
7.33011e-19
2.55265e-19
3.70043e-20
)
;

boundaryField
{
    movingWall
    {
        type            nutkWallFunction;
        Cmu             0.09;
        kappa           0.41;
        E               9.8;
        value           uniform 0;
    }
    fixedWalls
    {
        type            nutkWallFunction;
        Cmu             0.09;
        kappa           0.41;
        E               9.8;
        value           uniform 0;
    }
    frontAndBack
    {
        type            empty;
    }
}


// ************************************************************************* //
