/*--------------------------------*- C++ -*----------------------------------*\
  =========                 |
  \\      /  F ield         | OpenFOAM: The Open Source CFD Toolbox
   \\    /   O peration     | Website:  https://openfoam.org
    \\  /    A nd           | Version:  12
     \\/     M anipulation  |
\*---------------------------------------------------------------------------*/
FoamFile
{
    format      ascii;
    class       volScalarField;
    location    "8";
    object      p;
}
// * * * * * * * * * * * * * * * * * * * * * * * * * * * * * * * * * * * * * //

dimensions      [0 2 -2 0 0 0 0];

internalField   nonuniform List<scalar> 
5625
(
-8.73861e-10
2.61921e-07
1.34366e-06
3.23436e-06
5.67346e-06
8.43037e-06
1.13227e-05
1.41973e-05
1.69236e-05
1.93923e-05
2.15135e-05
2.32149e-05
2.4439e-05
2.51416e-05
2.52898e-05
2.48607e-05
2.38399e-05
2.22204e-05
2.0002e-05
1.719e-05
1.37947e-05
9.8308e-06
5.31684e-06
2.7472e-07
-5.27079e-06
-1.12922e-05
-1.776e-05
-2.46424e-05
-3.19062e-05
-3.95164e-05
-4.7437e-05
-5.56307e-05
-6.40593e-05
-7.26839e-05
-8.14649e-05
-9.03622e-05
-9.93353e-05
-0.000108343
-0.000117346
-0.000126301
-0.00013517
-0.00014391
-0.000152482
-0.000160847
-0.000168965
-0.000176798
-0.000184308
-0.000191461
-0.000198221
-0.000204556
-0.000210433
-0.000215824
-0.000220702
-0.000225044
-0.000228828
-0.000232037
-0.000234659
-0.000236683
-0.000238108
-0.000238935
-0.000239173
-0.00023884
-0.00023796
-0.00023657
-0.000234716
-0.000232458
-0.000229872
-0.000227048
-0.000224099
-0.000221156
-0.000218372
-0.000215928
-0.000214052
-0.000212998
-0.000212762
-3.5601e-06
-2.85379e-06
-1.62161e-06
7.45131e-08
2.09867e-06
4.31252e-06
6.59154e-06
8.82466e-06
1.09139e-05
1.27745e-05
1.43342e-05
1.55329e-05
1.63214e-05
1.66605e-05
1.65199e-05
1.58775e-05
1.47187e-05
1.30349e-05
1.08237e-05
8.08767e-06
4.83408e-06
1.07424e-06
-3.17685e-06
-7.90097e-06
-1.3077e-05
-1.86813e-05
-2.4688e-05
-3.10692e-05
-3.77952e-05
-4.48349e-05
-5.21558e-05
-5.97243e-05
-6.75058e-05
-7.5465e-05
-8.35658e-05
-9.17715e-05
-0.000100045
-0.00010835
-0.000116649
-0.000124903
-0.000133077
-0.000141133
-0.000149035
-0.000156747
-0.000164233
-0.00017146
-0.000178394
-0.000185002
-0.000191255
-0.000197123
-0.000202579
-0.000207597
-0.000212155
-0.000216234
-0.000219815
-0.000222886
-0.000225436
-0.000227459
-0.000228956
-0.00022993
-0.000230392
-0.000230359
-0.000229854
-0.000228911
-0.00022757
-0.000225884
-0.000223913
-0.000221733
-0.000219428
-0.000217099
-0.000214856
-0.000212825
-0.000211143
-0.000209945
-0.000209275
-9.52369e-06
-8.04076e-06
-6.17521e-06
-4.19109e-06
-2.13248e-06
-4.79743e-08
1.99251e-06
3.91719e-06
5.66009e-06
7.16197e-06
8.37049e-06
9.24034e-06
9.73334e-06
9.81818e-06
9.47017e-06
8.67075e-06
7.40713e-06
5.67184e-06
3.46226e-06
7.80206e-07
-2.36841e-06
-5.97407e-06
-1.00239e-05
-1.4502e-05
-1.93898e-05
-2.46664e-05
-3.03087e-05
-3.62916e-05
-4.25885e-05
-4.91711e-05
-5.60099e-05
-6.30744e-05
-7.03329e-05
-7.77532e-05
-8.53021e-05
-9.29462e-05
-0.000100652
-0.000108384
-0.00011611
-0.000123794
-0.000131403
-0.000138903
-0.00014626
-0.000153443
-0.000160418
-0.000167155
-0.000173624
-0.000179795
-0.000185641
-0.000191137
-0.000196258
-0.000200981
-0.000205288
-0.00020916
-0.000212583
-0.000215546
-0.000218041
-0.000220062
-0.000221611
-0.000222692
-0.000223314
-0.000223491
-0.000223244
-0.000222599
-0.000221591
-0.000220258
-0.000218648
-0.000216814
-0.000214818
-0.000212726
-0.00021061
-0.000208542
-0.000206572
-0.000204745
-0.000203314
-1.64403e-05
-1.40677e-05
-1.13625e-05
-8.81458e-06
-6.40899e-06
-4.12928e-06
-2.00792e-06
-8.93908e-08
1.58448e-06
2.97541e-06
4.04858e-06
4.77293e-06
5.12176e-06
5.07285e-06
4.60862e-06
3.71589e-06
2.3859e-06
6.13946e-07
-1.60068e-06
-4.25517e-06
-7.34315e-06
-1.08553e-05
-1.47792e-05
-1.91001e-05
-2.38005e-05
-2.88609e-05
-3.42599e-05
-3.99744e-05
-4.59793e-05
-5.22488e-05
-5.87552e-05
-6.54702e-05
-7.23645e-05
-7.94079e-05
-8.65698e-05
-9.38191e-05
-0.000101124
-0.000108453
-0.000115774
-0.000123056
-0.000130267
-0.000137375
-0.000144349
-0.00015116
-0.000157778
-0.000164174
-0.00017032
-0.000176189
-0.000181756
-0.000186998
-0.000191891
-0.000196416
-0.000200555
-0.000204291
-0.000207611
-0.000210504
-0.000212962
-0.000214981
-0.000216559
-0.000217698
-0.000218407
-0.000218693
-0.000218574
-0.000218068
-0.000217199
-0.000215995
-0.00021449
-0.000212719
-0.000210723
-0.000208544
-0.000206228
-0.00020381
-0.000201275
-0.000198612
-0.000196293
-2.30603e-05
-1.98185e-05
-1.62452e-05
-1.30495e-05
-1.01768e-05
-7.56244e-06
-5.2127e-06
-3.15309e-06
-1.40744e-06
2.53312e-09
1.05652e-06
1.73586e-06
2.02439e-06
1.90862e-06
1.37823e-06
4.25877e-07
-9.52477e-07
-2.75792e-06
-4.98836e-06
-7.639e-06
-1.07021e-05
-1.41674e-05
-1.80224e-05
-2.2252e-05
-2.68394e-05
-3.17657e-05
-3.70101e-05
-4.25508e-05
-4.8364e-05
-5.44251e-05
-6.0708e-05
-6.71861e-05
-7.38315e-05
-8.06159e-05
-8.75105e-05
-9.44859e-05
-0.000101512
-0.00010856
-0.0001156
-0.0001226
-0.000129533
-0.000136369
-0.000143077
-0.000149631
-0.000156002
-0.000162164
-0.000168089
-0.000173754
-0.000179134
-0.000184206
-0.000188951
-0.000193348
-0.00019738
-0.000201031
-0.000204289
-0.000207141
-0.000209579
-0.000211598
-0.000213194
-0.000214367
-0.00021512
-0.000215458
-0.000215391
-0.00021493
-0.000214092
-0.000212893
-0.000211354
-0.000209498
-0.000207347
-0.000204927
-0.000202265
-0.000199369
-0.000196178
-0.000192641
-0.000189448
-2.85617e-05
-2.45219e-05
-2.01261e-05
-1.62804e-05
-1.29034e-05
-9.89505e-06
-7.24465e-06
-4.9652e-06
-3.06797e-06
-1.56238e-06
-4.5745e-07
2.38243e-07
5.17423e-07
3.74398e-07
-1.94492e-07
-1.19087e-06
-2.61403e-06
-4.46109e-06
-6.72677e-06
-9.40368e-06
-1.24821e-05
-1.59505e-05
-1.97949e-05
-2.40001e-05
-2.85486e-05
-3.34217e-05
-3.85989e-05
-4.40586e-05
-4.97779e-05
-5.57328e-05
-6.18983e-05
-6.82487e-05
-7.47574e-05
-8.13973e-05
-8.81409e-05
-9.49601e-05
-0.000101827
-0.000108712
-0.000115588
-0.000122426
-0.000129198
-0.000135876
-0.000142433
-0.00014884
-0.000155072
-0.000161103
-0.000166909
-0.000172464
-0.000177746
-0.000182734
-0.000187406
-0.000191744
-0.000195731
-0.000199351
-0.000202589
-0.000205434
-0.000207876
-0.000209906
-0.00021152
-0.000212714
-0.000213487
-0.000213839
-0.000213775
-0.0002133
-0.000212421
-0.000211148
-0.00020949
-0.00020746
-0.000205067
-0.000202326
-0.00019925
-0.000195831
-0.000191973
-0.000187597
-0.000183593
-3.23834e-05
-2.7631e-05
-2.24871e-05
-1.803e-05
-1.41597e-05
-1.07501e-05
-7.77915e-06
-5.2521e-06
-3.17164e-06
-1.53827e-06
-3.52514e-07
3.85045e-07
6.74388e-07
5.16448e-07
-8.65668e-08
-1.13104e-06
-2.61177e-06
-4.5219e-06
-6.8529e-06
-9.59451e-06
-1.27348e-05
-1.62602e-05
-2.01557e-05
-2.44044e-05
-2.89886e-05
-3.38886e-05
-3.9084e-05
-4.45531e-05
-5.02731e-05
-5.62203e-05
-6.23703e-05
-6.86979e-05
-7.51772e-05
-8.1782e-05
-8.84856e-05
-9.52607e-05
-0.00010208
-0.000108917
-0.000115743
-0.000122531
-0.000129254
-0.000135884
-0.000142396
-0.000148763
-0.00015496
-0.000160961
-0.000166742
-0.000172279
-0.000177551
-0.000182535
-0.000187211
-0.00019156
-0.000195564
-0.000199207
-0.000202474
-0.000205351
-0.000207827
-0.000209891
-0.000211536
-0.000212754
-0.000213541
-0.000213894
-0.00021381
-0.00021329
-0.000212335
-0.000210947
-0.000209128
-0.000206881
-0.000204208
-0.000201115
-0.000197608
-0.000193668
-0.000189172
-0.000184023
-0.000179286
-3.41191e-05
-2.87381e-05
-2.29276e-05
-1.79165e-05
-1.35907e-05
-9.8041e-06
-6.52706e-06
-3.75987e-06
-1.49939e-06
2.60351e-07
1.52527e-06
2.30103e-06
2.5935e-06
2.40919e-06
1.75534e-06
6.40261e-07
-9.26709e-07
-2.93496e-06
-5.37273e-06
-8.22688e-06
-1.14831e-05
-1.51257e-05
-1.91379e-05
-2.35016e-05
-2.81978e-05
-3.3206e-05
-3.85053e-05
-4.40733e-05
-4.98874e-05
-5.59235e-05
-6.21576e-05
-6.85644e-05
-7.51187e-05
-8.17943e-05
-8.85652e-05
-9.54047e-05
-0.000102286
-0.000109183
-0.000116068
-0.000122915
-0.000129696
-0.000136387
-0.000142959
-0.000149389
-0.00015565
-0.000161718
-0.000167569
-0.00017318
-0.000178527
-0.000183589
-0.000188346
-0.000192778
-0.000196866
-0.000200592
-0.000203941
-0.000206897
-0.000209446
-0.000211577
-0.000213278
-0.000214539
-0.000215352
-0.000215711
-0.000215607
-0.000215038
-0.000213998
-0.000212484
-0.000210492
-0.000208019
-0.000205062
-0.000201619
-0.000197694
-0.000193259
-0.00018817
-0.000182318
-0.000176924
-3.34525e-05
-2.75198e-05
-2.11231e-05
-1.5623e-05
-1.08944e-05
-6.77449e-06
-3.22829e-06
-2.52822e-07
2.1592e-06
4.01864e-06
5.33642e-06
6.12321e-06
6.38971e-06
6.14714e-06
5.40714e-06
4.18218e-06
2.48536e-06
3.30802e-07
-2.26663e-06
-5.29097e-06
-8.72547e-06
-1.25522e-05
-1.67527e-05
-2.13071e-05
-2.6195e-05
-3.13951e-05
-3.68854e-05
-4.2643e-05
-4.86445e-05
-5.48659e-05
-6.12825e-05
-6.78694e-05
-7.46011e-05
-8.14516e-05
-8.83952e-05
-9.54052e-05
-0.000102456
-0.00010952
-0.000116571
-0.000123583
-0.000130529
-0.000137383
-0.00014412
-0.000150714
-0.000157139
-0.000163372
-0.000169387
-0.000175161
-0.000180672
-0.000185897
-0.000190814
-0.000195403
-0.000199645
-0.00020352
-0.000207011
-0.0002101
-0.000212773
-0.000215014
-0.000216809
-0.000218146
-0.000219014
-0.000219401
-0.000219297
-0.000218693
-0.000217582
-0.000215954
-0.000213801
-0.000211117
-0.000207891
-0.000204121
-0.000199805
-0.000194913
-0.000189284
-0.000182796
-0.000176809
-3.01123e-05
-2.36982e-05
-1.67927e-05
-1.08723e-05
-5.80225e-06
-1.40563e-06
2.35707e-06
5.49116e-06
8.00726e-06
9.92012e-06
1.12448e-05
1.19962e-05
1.21892e-05
1.18389e-05
1.09611e-05
9.57191e-06
7.68791e-06
5.32645e-06
2.50545e-06
-7.56462e-07
-4.44002e-06
-8.52522e-06
-1.29914e-05
-1.78174e-05
-2.2981e-05
-2.84599e-05
-3.42309e-05
-4.02703e-05
-4.65539e-05
-5.30573e-05
-5.97554e-05
-6.66227e-05
-7.36338e-05
-8.07626e-05
-8.7983e-05
-9.52686e-05
-0.000102593
-0.00010993
-0.000117253
-0.000124536
-0.000131752
-0.000138874
-0.000145878
-0.000152738
-0.000159427
-0.000165922
-0.000172197
-0.000178228
-0.000183993
-0.000189466
-0.000194628
-0.000199455
-0.000203926
-0.000208022
-0.000211723
-0.000215009
-0.000217864
-0.000220269
-0.000222209
-0.000223669
-0.000224632
-0.000225086
-0.000225017
-0.000224413
-0.00022326
-0.000221548
-0.000219264
-0.000216397
-0.000212935
-0.000208872
-0.000204206
-0.0001989
-0.000192781
-0.000185717
-0.000179194
-2.38441e-05
-1.70147e-05
-9.67588e-06
-3.4068e-06
1.93623e-06
6.54303e-06
1.04571e-05
1.3686e-05
1.62433e-05
1.81472e-05
1.94165e-05
2.00696e-05
2.01255e-05
1.96028e-05
1.85209e-05
1.68993e-05
1.47581e-05
1.21175e-05
8.99849e-06
5.42217e-06
1.41033e-06
-3.01492e-06
-7.83091e-06
-1.30147e-05
-1.85426e-05
-2.4391e-05
-3.05354e-05
-3.69513e-05
-4.36136e-05
-5.04971e-05
-5.75763e-05
-6.48252e-05
-7.22179e-05
-7.97281e-05
-8.73295e-05
-9.49955e-05
-0.0001027
-0.000110415
-0.000118115
-0.000125774
-0.000133364
-0.00014086
-0.000148235
-0.000155462
-0.000162517
-0.000169374
-0.000176006
-0.000182391
-0.000188502
-0.000194316
-0.00019981
-0.00020496
-0.000209744
-0.00021414
-0.000218126
-0.000221683
-0.000224788
-0.000227424
-0.000229571
-0.000231211
-0.000232326
-0.000232899
-0.000232915
-0.000232356
-0.000231207
-0.000229454
-0.000227082
-0.000224075
-0.000220421
-0.000216108
-0.000211136
-0.000205464
-0.000198906
-0.00019132
-0.000184309
-1.43908e-05
-7.21136e-06
4.83587e-07
7.02513e-06
1.25654e-05
1.73062e-05
2.12953e-05
2.45424e-05
2.70641e-05
2.88822e-05
3.00188e-05
3.04963e-05
3.03368e-05
2.95628e-05
2.8197e-05
2.62623e-05
2.37818e-05
2.07788e-05
1.72771e-05
1.33003e-05
8.87259e-06
4.01826e-06
-1.23806e-06
-6.87167e-06
-1.28574e-05
-1.91702e-05
-2.57844e-05
-3.26745e-05
-3.98144e-05
-4.71783e-05
-5.47397e-05
-6.24726e-05
-7.03501e-05
-7.83458e-05
-8.64329e-05
-9.45846e-05
-0.000102774
-0.000110974
-0.000119158
-0.000127299
-0.00013537
-0.000143344
-0.000151194
-0.000158895
-0.000166419
-0.00017374
-0.000180831
-0.000187668
-0.000194225
-0.000200476
-0.000206397
-0.000211962
-0.000217148
-0.000221931
-0.000226288
-0.000230195
-0.00023363
-0.000236572
-0.000238999
-0.000240889
-0.000242224
-0.000242981
-0.000243143
-0.00024269
-0.000241603
-0.000239865
-0.000237459
-0.000234366
-0.000230569
-0.000226059
-0.000220831
-0.000214842
-0.000207894
-0.000199837
-0.000192379
-1.47999e-06
5.9809e-06
1.39494e-05
2.06798e-05
2.63323e-05
3.11203e-05
3.50957e-05
3.82715e-05
4.06674e-05
4.23087e-05
4.32214e-05
4.34315e-05
4.29647e-05
4.1847e-05
4.01046e-05
3.77636e-05
3.48503e-05
3.1391e-05
2.74119e-05
2.29395e-05
1.80002e-05
1.26204e-05
6.82661e-06
6.45299e-07
-5.89692e-06
-1.27735e-05
-1.99577e-05
-2.74228e-05
-3.51421e-05
-4.30888e-05
-5.12359e-05
-5.95566e-05
-6.80237e-05
-7.66102e-05
-8.52889e-05
-9.40327e-05
-0.000102814
-0.000111606
-0.000120382
-0.000129113
-0.000137772
-0.000146333
-0.000154767
-0.000163048
-0.000171147
-0.000179039
-0.000186695
-0.00019409
-0.000201195
-0.000207985
-0.000214433
-0.000220513
-0.000226198
-0.000231464
-0.000236284
-0.000240633
-0.000244488
-0.000247822
-0.000250613
-0.000252836
-0.000254468
-0.000255486
-0.000255868
-0.000255592
-0.000254637
-0.000252981
-0.000250604
-0.000247487
-0.000243609
-0.000238958
-0.000233528
-0.000227275
-0.000219987
-0.000211506
-0.000203642
1.51855e-05
2.28512e-05
3.10006e-05
3.7825e-05
4.34928e-05
4.8228e-05
5.20877e-05
5.50883e-05
5.72536e-05
5.86127e-05
5.91957e-05
5.90325e-05
5.81525e-05
5.65855e-05
5.4361e-05
5.15087e-05
4.80577e-05
4.40375e-05
3.9477e-05
3.4405e-05
2.88503e-05
2.28414e-05
1.64065e-05
9.57389e-06
2.37154e-06
-5.17259e-06
-1.30308e-05
-2.11754e-05
-2.95787e-05
-3.82133e-05
-4.70515e-05
-5.6066e-05
-6.52292e-05
-7.45135e-05
-8.38915e-05
-9.33355e-05
-0.000102818
-0.000112311
-0.000121787
-0.000131219
-0.000140578
-0.000149836
-0.000158964
-0.000167936
-0.000176723
-0.000185296
-0.000193628
-0.00020169
-0.000209454
-0.000216892
-0.000223975
-0.000230676
-0.000236967
-0.00024282
-0.000248206
-0.0002531
-0.000257472
-0.000261296
-0.000264546
-0.000267194
-0.000269215
-0.000270582
-0.000271271
-0.000271255
-0.000270511
-0.000269014
-0.000266742
-0.000263671
-0.000259779
-0.000255051
-0.000249481
-0.00024302
-0.000235443
-0.000226586
-0.000218353
3.59325e-05
4.37137e-05
5.19362e-05
5.87445e-05
6.43148e-05
6.88815e-05
7.25072e-05
7.52129e-05
7.70267e-05
7.79825e-05
7.81147e-05
7.74573e-05
7.6044e-05
7.39085e-05
7.10838e-05
6.7603e-05
6.34986e-05
5.88027e-05
5.35471e-05
4.77631e-05
4.14815e-05
3.47329e-05
2.75473e-05
1.99544e-05
1.19836e-05
3.66396e-06
-4.97586e-06
-1.39072e-05
-2.31019e-05
-3.25316e-05
-4.21686e-05
-5.19846e-05
-6.19521e-05
-7.2043e-05
-8.22296e-05
-9.24839e-05
-0.000102778
-0.000113084
-0.000123373
-0.000133617
-0.000143787
-0.000153856
-0.000163795
-0.000173573
-0.000183163
-0.000192534
-0.000201658
-0.000210504
-0.000219043
-0.000227246
-0.000235081
-0.00024252
-0.000249531
-0.000256085
-0.000262151
-0.0002677
-0.000272701
-0.000277125
-0.000280941
-0.00028412
-0.000286632
-0.000288449
-0.000289542
-0.000289881
-0.00028944
-0.000288192
-0.000286108
-0.000283165
-0.000279336
-0.000274604
-0.00026896
-0.000262351
-0.000254542
-0.00024536
-0.000236796
6.11215e-05
6.89109e-05
7.70779e-05
8.37399e-05
8.90808e-05
9.33439e-05
9.65984e-05
9.88707e-05
0.000100194
0.000100608
0.000100152
9.88639e-05
9.67824e-05
9.39452e-05
9.03892e-05
8.61509e-05
8.12661e-05
7.577e-05
6.96968e-05
6.30802e-05
5.59533e-05
4.83484e-05
4.0297e-05
3.18303e-05
2.29788e-05
1.37725e-05
4.24082e-06
-5.58694e-06
-1.56821e-05
-2.6016e-05
-3.65604e-05
-4.72871e-05
-5.81681e-05
-6.91752e-05
-8.02807e-05
-9.14562e-05
-0.000102674
-0.000113905
-0.000125121
-0.000136293
-0.000147393
-0.00015839
-0.000169256
-0.000179961
-0.000190474
-0.000200766
-0.000210804
-0.000220558
-0.000229997
-0.000239089
-0.000247801
-0.000256102
-0.000263959
-0.00027134
-0.000278211
-0.00028454
-0.000290293
-0.000295438
-0.000299941
-0.000303769
-0.00030689
-0.000309271
-0.000310879
-0.000311682
-0.00031165
-0.00031075
-0.000308954
-0.000306231
-0.000302552
-0.000297898
-0.000292256
-0.00028557
-0.000277592
-0.00026814
-0.00025929
9.11469e-05
9.88141e-05
0.00010677
0.000113131
0.000118086
0.000121887
0.000124611
0.00012629
0.000126964
0.000126679
0.000125478
0.000123406
0.000120506
0.000116819
0.000112388
0.000107251
0.000101449
9.5018e-05
8.79964e-05
8.04197e-05
7.23227e-05
6.37395e-05
5.4703e-05
4.52453e-05
3.5398e-05
2.51916e-05
1.46562e-05
3.82117e-06
-7.28435e-06
-1.86318e-05
-3.01928e-05
-4.19393e-05
-5.38432e-05
-6.58767e-05
-7.80117e-05
-9.02202e-05
-0.000102474
-0.000114745
-0.000127003
-0.000139221
-0.000151368
-0.000163415
-0.000175332
-0.000187087
-0.00019865
-0.000209989
-0.000221072
-0.000231865
-0.000242336
-0.000252451
-0.000262176
-0.000271475
-0.000280315
-0.00028866
-0.000296473
-0.000303719
-0.000310361
-0.000316363
-0.000321689
-0.0003263
-0.000330162
-0.000333236
-0.000335487
-0.000336878
-0.000337375
-0.000336941
-0.000335544
-0.000333147
-0.000329721
-0.000325239
-0.000319687
-0.000313003
-0.000304928
-0.000295273
-0.000286187
0.000126436
0.000133821
0.000141378
0.000147251
0.000151635
0.000154789
0.000156796
0.000157698
0.000157541
0.000156376
0.000154255
0.000151228
0.000147342
0.000142644
0.000137179
0.000130991
0.000124123
0.000116615
0.000108506
9.98354e-05
9.06384e-05
8.09508e-05
7.08066e-05
6.02385e-05
4.92788e-05
3.7958e-05
2.63065e-05
1.43536e-05
2.1282e-06
-1.03415e-05
-2.30274e-05
-3.59019e-05
-4.89373e-05
-6.21062e-05
-7.5381e-05
-8.87339e-05
-0.000102137
-0.000115562
-0.00012898
-0.000142362
-0.000155678
-0.000168898
-0.000181992
-0.000194927
-0.000207671
-0.000220192
-0.000232455
-0.000244427
-0.000256071
-0.000267353
-0.000278236
-0.000288682
-0.000298654
-0.000308113
-0.00031702
-0.000325335
-0.000333019
-0.000340031
-0.00034633
-0.000351875
-0.000356626
-0.000360541
-0.00036358
-0.000365701
-0.000366864
-0.00036703
-0.000366159
-0.000364213
-0.000361155
-0.000356956
-0.000351597
-0.000345009
-0.000336925
-0.000327143
-0.000317883
0.000167447
0.000174354
0.000181283
0.000186444
0.000190038
0.000192327
0.000193401
0.000193313
0.000192116
0.00018987
0.000186632
0.000182458
0.000177401
0.000171514
0.000164845
0.000157441
0.00014935
0.000140613
0.000131272
0.000121367
0.000110937
0.000100016
8.86393e-05
7.68408e-05
6.46519e-05
5.21033e-05
3.92249e-05
2.60452e-05
1.25925e-05
-1.10582e-06
-1.50225e-05
-2.91308e-05
-4.3404e-05
-5.78155e-05
-7.23384e-05
-8.69458e-05
-0.00010161
-0.000116304
-0.000130999
-0.000145665
-0.000160274
-0.000174794
-0.000189194
-0.000203442
-0.000217504
-0.000231348
-0.000244936
-0.000258234
-0.000271204
-0.000283807
-0.000296005
-0.000307758
-0.000319025
-0.000329763
-0.000339931
-0.000349484
-0.000358379
-0.00036657
-0.000374013
-0.000380662
-0.000386471
-0.000391394
-0.000395384
-0.000398396
-0.000400384
-0.000401303
-0.000401107
-0.000399754
-0.0003972
-0.000393412
-0.000388364
-0.000381985
-0.000373992
-0.000364179
-0.000354819
0.000214659
0.000220849
0.000226872
0.000231056
0.0002336
0.000234768
0.00023466
0.000233337
0.000230863
0.000227306
0.00022273
0.000217198
0.000210769
0.000203498
0.00019544
0.000186646
0.000177164
0.00016704
0.000156316
0.000145035
0.000133234
0.00012095
0.000108218
9.50696e-05
8.15372e-05
6.76502e-05
5.34371e-05
3.89256e-05
2.41423e-05
9.11343e-06
-6.13554e-06
-2.15792e-05
-3.71925e-05
-5.295e-05
-6.88264e-05
-8.47957e-05
-0.000100832
-0.000116908
-0.000132995
-0.000149067
-0.000165092
-0.000181041
-0.000196881
-0.00021258
-0.000228104
-0.000243418
-0.000258484
-0.000273265
-0.000287722
-0.000301813
-0.000315498
-0.000328732
-0.000341472
-0.000353671
-0.000365284
-0.000376261
-0.000386556
-0.000396117
-0.000404895
-0.000412838
-0.000419895
-0.000426014
-0.000431143
-0.00043523
-0.000438222
-0.00044007
-0.00044072
-0.000440124
-0.000438231
-0.000435003
-0.000430408
-0.000424366
-0.000416586
-0.000406854
-0.000397483
0.00026857
0.000273752
0.000278536
0.000281422
0.000282612
0.00028236
0.00028078
0.000277943
0.000273924
0.000268799
0.00026264
0.000255516
0.000247493
0.00023863
0.000228986
0.000218615
0.000207568
0.000195893
0.000183633
0.00017083
0.000157523
0.000143748
0.000129538
0.000114926
9.99401e-05
8.46095e-05
6.89605e-05
5.30186e-05
3.68083e-05
2.03536e-05
3.67763e-06
-1.31964e-05
-3.02457e-05
-4.74468e-05
-6.47765e-05
-8.22106e-05
-9.97245e-05
-0.000117293
-0.000134888
-0.000152484
-0.000170051
-0.000187559
-0.000204976
-0.000222269
-0.000239403
-0.000256341
-0.000273046
-0.000289478
-0.000305595
-0.000321353
-0.000336709
-0.000351614
-0.000366022
-0.000379883
-0.000393144
-0.000405754
-0.000417658
-0.000428801
-0.000439128
-0.00044858
-0.0004571
-0.00046463
-0.00047111
-0.000476482
-0.000480686
-0.000483664
-0.000485357
-0.000485707
-0.000484658
-0.000482163
-0.000478185
-0.000472634
-0.000465211
-0.000455694
-0.000446419
0.000329676
0.0003335
0.000336644
0.000337857
0.000337333
0.000335318
0.000331933
0.000327264
0.000321396
0.000314416
0.000306402
0.000297432
0.000287574
0.000276896
0.000265458
0.000253316
0.000240525
0.000227131
0.00021318
0.000198712
0.000183766
0.000168376
0.000152574
0.00013639
0.000119849
0.000102979
8.58026e-05
6.8342e-05
5.06186e-05
3.26532e-05
1.44657e-05
-3.92372e-06
-2.24954e-05
-4.12288e-05
-6.01035e-05
-7.90978e-05
-9.81895e-05
-0.000117355
-0.000136569
-0.000155807
-0.000175039
-0.000194236
-0.000213368
-0.0002324
-0.000251297
-0.000270022
-0.000288535
-0.000306794
-0.000324756
-0.000342375
-0.000359602
-0.000376386
-0.000392676
-0.000408417
-0.000423553
-0.000438026
-0.000451775
-0.000464739
-0.000476856
-0.00048806
-0.000498288
-0.000507472
-0.000515546
-0.000522444
-0.000528096
-0.000532437
-0.000535399
-0.000536917
-0.000536924
-0.000535366
-0.000532196
-0.000527317
-0.00052042
-0.000511279
-0.000502231
0.000398462
0.000400508
0.000401537
0.000400632
0.000397978
0.0003938
0.00038823
0.000381368
0.000373313
0.000364158
0.000353993
0.000342899
0.000330951
0.00031822
0.000304769
0.000290657
0.000275938
0.000260659
0.000244865
0.000228595
0.000211884
0.000194764
0.000177265
0.000159413
0.000141229
0.000122737
0.000103955
8.49016e-05
6.55934e-05
4.60469e-05
2.62778e-05
6.30175e-06
-1.38654e-05
-3.42072e-05
-5.47068e-05
-7.53461e-05
-9.61059e-05
-0.000116966
-0.000137903
-0.000158893
-0.00017991
-0.000200926
-0.00022191
-0.000242828
-0.000263646
-0.000284324
-0.000304823
-0.000325098
-0.000345103
-0.000364788
-0.000384103
-0.000402992
-0.000421399
-0.000439264
-0.000456525
-0.000473117
-0.000488974
-0.000504027
-0.000518206
-0.000531439
-0.000543651
-0.000554768
-0.000564714
-0.000573413
-0.000580787
-0.00058676
-0.000591255
-0.000594195
-0.000595506
-0.000595121
-0.000592985
-0.000588991
-0.000582823
-0.00057425
-0.000565585
0.000475374
0.000475144
0.000473498
0.000469957
0.000464688
0.000457889
0.000449702
0.000440242
0.000429621
0.000417942
0.0004053
0.000391785
0.000377474
0.000362443
0.000346755
0.00033047
0.000313641
0.000296315
0.000278532
0.00026033
0.000241741
0.000222791
0.000203506
0.000183905
0.000164008
0.000143829
0.000123383
0.000102682
8.17364e-05
6.05576e-05
3.91556e-05
1.75402e-05
-4.2778e-06
-2.62872e-05
-4.84757e-05
-7.083e-05
-9.33349e-05
-0.000115973
-0.000138727
-0.000161573
-0.000184489
-0.000207447
-0.000230419
-0.000253372
-0.00027627
-0.000299074
-0.000321742
-0.00034423
-0.000366487
-0.000388462
-0.000410099
-0.000431339
-0.00045212
-0.000472376
-0.000492039
-0.000511038
-0.000529297
-0.000546741
-0.00056329
-0.000578862
-0.000593374
-0.000606741
-0.000618877
-0.000629695
-0.000639105
-0.00064702
-0.000653352
-0.000658013
-0.000660916
-0.000661983
-0.000661146
-0.000658288
-0.000653088
-0.000645312
-0.000637216
0.000560798
0.000557704
0.000552722
0.00054594
0.000537501
0.000527561
0.000516269
0.000503759
0.000490154
0.000475567
0.0004601
0.000443845
0.000426887
0.000409299
0.000391146
0.000372487
0.000353372
0.000333844
0.000313941
0.000293693
0.000273128
0.000252266
0.000231125
0.00020972
0.00018806
0.000166155
0.00014401
0.000121631
9.90215e-05
7.61842e-05
5.31223e-05
2.98386e-05
6.33699e-06
-1.73768e-05
-4.12974e-05
-6.54172e-05
-8.97262e-05
-0.000114212
-0.000138861
-0.000163655
-0.000188572
-0.00021359
-0.00023868
-0.000263812
-0.00028895
-0.000314055
-0.000339084
-0.00036399
-0.000388722
-0.000413223
-0.000437435
-0.000461293
-0.000484729
-0.000507671
-0.000530044
-0.000551768
-0.000572759
-0.000592933
-0.000612198
-0.000630464
-0.000647635
-0.000663615
-0.000678306
-0.000691606
-0.000703414
-0.000713631
-0.000722153
-0.00072888
-0.00073371
-0.000736553
-0.000737327
-0.000735901
-0.000731953
-0.000725245
-0.000717941
0.000655012
0.000648365
0.000639279
0.000628561
0.000616316
0.000602646
0.000587703
0.000571641
0.000554595
0.000536685
0.00051802
0.000498693
0.000478791
0.000458387
0.000437543
0.000416315
0.000394748
0.000372879
0.00035074
0.000328353
0.000305738
0.000282907
0.000259869
0.000236629
0.000213189
0.000189547
0.000165701
0.000141645
0.000117375
9.28839e-05
6.81659e-05
4.32138e-05
1.80227e-05
-7.4032e-06
-3.30718e-05
-5.89826e-05
-8.51315e-05
-0.000111513
-0.000138117
-0.000164931
-0.00019194
-0.000219121
-0.000246451
-0.000273901
-0.000301436
-0.000329018
-0.000356602
-0.000384141
-0.000411579
-0.000438859
-0.000465916
-0.000492681
-0.000519079
-0.000545031
-0.000570454
-0.000595258
-0.00061935
-0.000642634
-0.000665008
-0.000686368
-0.000706607
-0.000725613
-0.000743274
-0.000759475
-0.000774099
-0.00078703
-0.000798152
-0.000807345
-0.000814495
-0.000819492
-0.00082224
-0.000822593
-0.000820228
-0.00081491
-0.000808662
0.000758151
0.00074715
0.000733074
0.000717623
0.000700852
0.000682789
0.000663589
0.000643423
0.000622439
0.000600763
0.000578504
0.00055576
0.000532614
0.000509134
0.000485381
0.000461401
0.000437232
0.000412904
0.000388438
0.000363846
0.000339137
0.000314313
0.00028937
0.000264302
0.000239099
0.000213748
0.000188233
0.00016254
0.000136651
0.000110549
8.42152e-05
5.76242e-05
3.07825e-05
3.67727e-06
-2.37239e-05
-5.14207e-05
-7.94159e-05
-0.000107711
-0.000136305
-0.000165191
-0.000194359
-0.000223792
-0.000253469
-0.000283365
-0.000313447
-0.000343677
-0.000374012
-0.000404402
-0.000434789
-0.000465113
-0.000495304
-0.000525286
-0.000554979
-0.000584296
-0.000613143
-0.00064142
-0.000669025
-0.000695846
-0.00072177
-0.000746678
-0.000770447
-0.00079295
-0.000814058
-0.00083364
-0.00085156
-0.000867684
-0.000881877
-0.000894003
-0.000903925
-0.000911519
-0.000916664
-0.000919203
-0.000918814
-0.000915264
-0.000910383
0.00087015
0.00085387
0.000833785
0.000812695
0.000790589
0.000767396
0.00074327
0.000718401
0.000692945
0.000667031
0.000640769
0.000614253
0.000587562
0.000560756
0.000533888
0.000506993
0.000480098
0.000453221
0.000426368
0.000399541
0.000372732
0.000345929
0.000319114
0.000292267
0.000265363
0.000238374
0.000211272
0.000184025
0.000156604
0.000128977
0.000101114
7.29853e-05
4.45701e-05
1.5836e-05
-1.32392e-05
-4.26729e-05
-7.24801e-05
-0.000102672
-0.000133256
-0.000164232
-0.000195599
-0.000227345
-0.000259455
-0.000291907
-0.000324672
-0.000357714
-0.00039099
-0.000424449
-0.000458033
-0.000491676
-0.000525304
-0.000558836
-0.000592184
-0.00062525
-0.000657932
-0.000690119
-0.000721692
-0.000752529
-0.000782499
-0.000811468
-0.000839293
-0.000865831
-0.000890932
-0.000914444
-0.000936213
-0.000956082
-0.000973893
-0.00098949
-0.00100271
-0.00101342
-0.00102146
-0.00102666
-0.0010287
-0.00102737
-0.00102422
0.000990672
0.000968055
0.000940805
0.000913054
0.000884708
0.000855571
0.000825791
0.000795571
0.000765075
0.000734431
0.000703745
0.000673103
0.000642573
0.000612206
0.000582038
0.000552092
0.000522378
0.000492897
0.00046364
0.000434588
0.000405717
0.000376998
0.000348395
0.000319869
0.000291378
0.000262877
0.00023432
0.00020566
0.00017685
0.000147843
0.000118593
8.90562e-05
5.91916e-05
2.89588e-05
-1.67825e-06
-3.27515e-05
-6.42887e-05
-9.63128e-05
-0.000128841
-0.000161886
-0.000195452
-0.000229538
-0.000264134
-0.000299226
-0.000334788
-0.000370787
-0.000407182
-0.000443923
-0.000480949
-0.000518192
-0.000555573
-0.000593004
-0.00063039
-0.000667623
-0.000704588
-0.000741162
-0.000777212
-0.000812597
-0.00084717
-0.000880777
-0.000913255
-0.000944439
-0.000974156
-0.00100223
-0.00102848
-0.00105273
-0.0010748
-0.00109449
-0.00111163
-0.00112604
-0.00113756
-0.00114598
-0.00115099
-0.0011524
-0.00115142
0.00111903
0.00108888
0.00105316
0.0010176
0.000982019
0.000946049
0.000909825
0.000873564
0.000837433
0.000801552
0.000766017
0.0007309
0.000696253
0.000662111
0.000628489
0.000595391
0.000562805
0.000530711
0.000499076
0.000467862
0.000437023
0.000406505
0.000376253
0.000346206
0.000316301
0.000286474
0.000256658
0.000226787
0.000196794
0.000166613
0.000136182
0.000105438
7.43216e-05
4.27772e-05
1.07524e-05
-2.18007e-05
-5.49247e-05
-8.86567e-05
-0.000123028
-0.000158062
-0.000193777
-0.000230181
-0.000267274
-0.000305048
-0.000343486
-0.000382558
-0.000422228
-0.000462444
-0.000503149
-0.000544269
-0.000585723
-0.000627417
-0.000669244
-0.000711088
-0.00075282
-0.000794303
-0.000835387
-0.000875912
-0.000915711
-0.000954606
-0.000992411
-0.00102894
-0.00106398
-0.00109734
-0.00112881
-0.00115817
-0.00118522
-0.00120974
-0.00123151
-0.00125033
-0.001266
-0.00127829
-0.00128691
-0.00129167
-0.00129337
0.0012541
0.00121506
0.00116941
0.00112479
0.00108087
0.00103711
0.000993595
0.000950567
0.000908183
0.00086655
0.000825745
0.000785819
0.000746802
0.000708702
0.00067151
0.000635202
0.000599739
0.000565073
0.000531145
0.000497889
0.000465231
0.000433094
0.000401396
0.000370052
0.000338975
0.000308076
0.000277265
0.000246455
0.000215557
0.000184484
0.000153152
0.000121477
8.93804e-05
5.67872e-05
2.36257e-05
-1.01704e-05
-4.46616e-05
-7.99027e-05
-0.000115941
-0.000152816
-0.00019056
-0.000229194
-0.000268733
-0.000309176
-0.000350517
-0.000392734
-0.000435794
-0.000479651
-0.000524246
-0.000569508
-0.000615349
-0.000661669
-0.000708354
-0.000755275
-0.000802291
-0.000849247
-0.000895973
-0.00094229
-0.000988005
-0.00103292
-0.00107681
-0.00111946
-0.00116064
-0.00120011
-0.00123763
-0.00127296
-0.00130584
-0.00133602
-0.00136326
-0.0013873
-0.00140791
-0.00142483
-0.00143781
-0.00144664
-0.00145162
0.0013942
0.00134477
0.00128756
0.0012325
0.00117906
0.00112647
0.00107478
0.00102423
0.000974962
0.000927064
0.000880582
0.000835538
0.000791929
0.000749729
0.000708896
0.000669369
0.000631078
0.000593939
0.000557861
0.000522744
0.000488485
0.000454975
0.000422103
0.000389756
0.000357818
0.000326175
0.000294711
0.000263313
0.000231868
0.000200265
0.000168395
0.000136153
0.000103436
7.01466e-05
3.61909e-05
1.48098e-06
-3.40653e-05
-7.05232e-05
-0.00010796
-0.000146436
-0.000186
-0.000226692
-0.000268541
-0.000311563
-0.000355762
-0.000401127
-0.000447635
-0.000495246
-0.000543904
-0.000593538
-0.000644057
-0.000695359
-0.000747318
-0.000799796
-0.000852635
-0.000905662
-0.000958688
-0.00101151
-0.0010639
-0.00111563
-0.00116646
-0.00121612
-0.00126436
-0.00131088
-0.00135542
-0.00139767
-0.00143736
-0.00147419
-0.00150785
-0.00153807
-0.00156455
-0.001587
-0.0016052
-0.00161897
-0.00162794
0.00153697
0.00147549
0.00140496
0.00133794
0.00127371
0.0012112
0.00115041
0.00109156
0.00103478
0.000980115
0.000927573
0.000877134
0.000828751
0.000782356
0.000737862
0.000695166
0.000654154
0.000614703
0.00057668
0.000539951
0.000504373
0.000469804
0.0004361
0.000403114
0.000370703
0.000338721
0.000307025
0.000275473
0.000243925
0.000212244
0.000180294
0.000147945
0.000115067
8.1538e-05
4.72379e-05
1.20533e-05
-2.41231e-05
-6.13917e-05
-9.98445e-05
-0.000139565
-0.000180626
-0.000223089
-0.000267004
-0.000312406
-0.000359317
-0.000407742
-0.000457669
-0.000509069
-0.000561892
-0.000616071
-0.000671518
-0.000728122
-0.000785754
-0.000844263
-0.000903475
-0.000963199
-0.00102322
-0.00108331
-0.00114321
-0.00120265
-0.00126136
-0.00131903
-0.00137535
-0.00143
-0.00148264
-0.00153295
-0.00158057
-0.00162516
-0.00166638
-0.00170387
-0.0017373
-0.00176633
-0.00179078
-0.0018105
-0.0018243
0.00167922
0.00160388
0.0015181
0.00143752
0.00136116
0.0012876
0.00121675
0.00114883
0.00108391
0.001022
0.000963046
0.000906976
0.000853686
0.000803053
0.000754933
0.000709174
0.000665609
0.000624066
0.000584368
0.000546336
0.000509786
0.000474539
0.000440411
0.000407224
0.000374799
0.000342959
0.000311531
0.000280343
0.000249226
0.000218013
0.000186542
0.000154652
0.000122186
8.89928e-05
5.49224e-05
1.98322e-05
-1.64148e-05
-5.39486e-05
-9.28912e-05
-0.000133355
-0.000175443
-0.000219244
-0.000264836
-0.000312279
-0.000361619
-0.000412881
-0.000466074
-0.000521183
-0.000578171
-0.000636979
-0.000697521
-0.000759689
-0.000823346
-0.000888331
-0.000954456
-0.00102151
-0.00108924
-0.00115741
-0.0012257
-0.00129383
-0.00136146
-0.00142824
-0.00149381
-0.00155779
-0.00161979
-0.00167942
-0.00173626
-0.00178993
-0.00183999
-0.00188605
-0.00192769
-0.00196453
-0.00199643
-0.00202329
-0.00204291
0.00181678
0.00172565
0.00162257
0.00152673
0.00143684
0.00135106
0.00126919
0.00119142
0.00111777
0.00104816
0.00098249
0.000920601
0.000862322
0.00080746
0.000755808
0.000707147
0.000661251
0.000617894
0.000576844
0.000537874
0.000500756
0.000465267
0.000431184
0.000398292
0.000366377
0.000335231
0.000304646
0.000274421
0.000244356
0.000214256
0.000183926
0.000153175
0.000121817
8.96647e-05
5.65388e-05
2.22621e-05
-1.33369e-05
-5.04238e-05
-8.91565e-05
-0.000129684
-0.000172144
-0.000216664
-0.000263354
-0.00031231
-0.000363609
-0.000417308
-0.00047344
-0.000532015
-0.000593016
-0.000656396
-0.000722083
-0.000789969
-0.000859917
-0.000931759
-0.00100529
-0.00108028
-0.00115646
-0.00123353
-0.00131117
-0.00138901
-0.00146669
-0.0015438
-0.00161991
-0.00169458
-0.00176735
-0.00183775
-0.00190531
-0.00196954
-0.00202996
-0.00208608
-0.0021374
-0.0021835
-0.00222427
-0.00225966
-0.00228627
0.00194437
0.00183537
0.00171284
0.00159997
0.00149512
0.00139593
0.0013021
0.00121372
0.00113077
0.00105307
0.000980422
0.000912577
0.000849279
0.000790252
0.000735207
0.000683853
0.000635895
0.000591042
0.000549005
0.000509502
0.000472256
0.000437
0.000403472
0.000371416
0.000340585
0.000310735
0.000281631
0.000253038
0.000224726
0.000196471
0.000168046
0.00013923
0.000109801
7.95402e-05
4.82305e-05
1.56569e-05
-1.8392e-05
-5.4123e-05
-9.17371e-05
-0.000131428
-0.000173378
-0.000217759
-0.000264729
-0.000314427
-0.000366973
-0.000422466
-0.000480975
-0.000542546
-0.00060719
-0.000674887
-0.00074558
-0.000819175
-0.00089554
-0.000974501
-0.00105585
-0.00113932
-0.00122463
-0.00131144
-0.00139937
-0.00148804
-0.00157698
-0.00166574
-0.00175382
-0.00184069
-0.00192582
-0.00200864
-0.00208861
-0.00216513
-0.00223765
-0.00230557
-0.00236829
-0.00242531
-0.00247662
-0.00252222
-0.00255722
0.00205536
0.00192635
0.00178213
0.00165043
0.00152916
0.00141542
0.00130868
0.00120901
0.00111623
0.00103009
0.00095025
0.000876363
0.000808062
0.000744971
0.000686711
0.000632903
0.000583175
0.000537164
0.000494519
0.000454899
0.000417978
0.000383442
0.000350987
0.000320324
0.000291168
0.000263248
0.000236296
0.000210051
0.000184255
0.000158652
0.000132988
0.000107008
8.04593e-05
5.30849e-05
2.46291e-05
-5.1653e-06
-3.65547e-05
-6.97941e-05
-0.000105136
-0.000142826
-0.000183104
-0.000226199
-0.000272326
-0.000321683
-0.000374447
-0.000430772
-0.000490781
-0.000554569
-0.00062219
-0.000693662
-0.00076896
-0.000848012
-0.000930699
-0.00101685
-0.00110626
-0.00119864
-0.00129368
-0.001391
-0.00149019
-0.00159078
-0.00169226
-0.00179409
-0.00189569
-0.00199643
-0.00209569
-0.0021928
-0.00228709
-0.00237789
-0.0024645
-0.00254623
-0.00262235
-0.00269229
-0.00275611
-0.00281387
-0.0028589
0.00214166
0.00199045
0.00182227
0.00166993
0.00153084
0.0014014
0.0012809
0.00116926
0.00106621
0.000971323
0.000884133
0.000804157
0.000730902
0.000663874
0.000602587
0.000546566
0.000495352
0.000448506
0.000405607
0.000366259
0.000330081
0.000296716
0.000265824
0.000237078
0.000210168
0.000184793
0.000160663
0.000137491
0.000114996
9.28983e-05
7.09156e-05
4.87651e-05
2.61596e-05
2.80711e-06
-2.15895e-05
-4.73322e-05
-7.47278e-05
-0.000104086
-0.000135719
-0.000169938
-0.000207049
-0.000247354
-0.00029114
-0.000338681
-0.00039023
-0.000446015
-0.000506234
-0.000571046
-0.000640573
-0.000714888
-0.000794015
-0.000877922
-0.000966518
-0.00105965
-0.00115711
-0.00125861
-0.00136381
-0.0014723
-0.00158361
-0.00169722
-0.00181253
-0.00192891
-0.00204568
-0.00216212
-0.00227746
-0.00239094
-0.00250174
-0.00260906
-0.00271207
-0.00280994
-0.0029018
-0.00298696
-0.0030656
-0.00313784
-0.00319488
0.00219353
0.00201793
0.00182355
0.00164881
0.00149054
0.00134436
0.00120929
0.00108511
0.000971378
0.000867504
0.000772846
0.00068676
0.000608607
0.000537761
0.000473612
0.00041558
0.000363111
0.000315685
0.000272812
0.000234035
0.000198928
0.000167092
0.000138152
0.000111757
8.7574e-05
6.52841e-05
4.45793e-05
2.51586e-05
6.72427e-06
-1.10217e-05
-2.83805e-05
-4.56596e-05
-6.31747e-05
-8.1252e-05
-0.000100229
-0.000120454
-0.000142289
-0.000166105
-0.000192281
-0.000221206
-0.000253267
-0.000288853
-0.000328346
-0.000372114
-0.000420511
-0.000473862
-0.000532463
-0.000596571
-0.000666395
-0.000742092
-0.00082376
-0.00091143
-0.00100506
-0.00110454
-0.00120967
-0.00132017
-0.00143569
-0.00155578
-0.00167993
-0.00180753
-0.00193791
-0.00207034
-0.00220401
-0.00233809
-0.00247166
-0.0026038
-0.00273355
-0.00285994
-0.00298199
-0.00309868
-0.00320897
-0.00331207
-0.00340824
-0.00349772
-0.00356908
0.00219946
0.00199735
0.00177463
0.00157584
0.00139714
0.00123326
0.00108291
0.000945685
0.000820948
0.000707886
0.000605661
0.000513443
0.000430425
0.000355828
0.000288911
0.000228974
0.000175366
0.000127481
8.47624e-05
4.66971e-05
1.28149e-05
-1.73157e-05
-4.4092e-05
-6.7882e-05
-8.90297e-05
-0.00010786
-0.000124685
-0.000139808
-0.000153532
-0.000166158
-0.000177999
-0.000189376
-0.000200626
-0.000212103
-0.00022418
-0.000237252
-0.000251736
-0.000268071
-0.000286712
-0.000308134
-0.000332824
-0.000361274
-0.000393983
-0.000431441
-0.000474127
-0.000522498
-0.00057698
-0.000637959
-0.000705771
-0.00078069
-0.000862923
-0.000952597
-0.00104975
-0.00115434
-0.00126621
-0.0013851
-0.00151066
-0.00164242
-0.00177982
-0.00192218
-0.00206874
-0.00221865
-0.00237098
-0.00252471
-0.00267879
-0.00283211
-0.00298352
-0.00313186
-0.00327593
-0.00341454
-0.00354639
-0.00367056
-0.00378747
-0.00389743
-0.00398589
0.00214607
0.00191549
0.00166246
0.00143813
0.0012379
0.00105551
0.000889284
0.000738602
0.000602581
0.000480159
0.000370263
0.000271853
0.000183929
0.000105545
3.58131e-05
-2.60885e-05
-8.09156e-05
-0.000129356
-0.000172033
-0.000209508
-0.000242284
-0.000270815
-0.000295508
-0.000316732
-0.000334824
-0.0003501
-0.000362857
-0.000373382
-0.000381964
-0.000388895
-0.000394476
-0.00039903
-0.000402899
-0.000406454
-0.000410098
-0.000414266
-0.000419428
-0.000426089
-0.000434789
-0.0004461
-0.000460621
-0.000478972
-0.00050179
-0.000529717
-0.000563393
-0.000603442
-0.000650464
-0.000705017
-0.00076761
-0.000838682
-0.000918597
-0.00100762
-0.00110593
-0.00121357
-0.00133046
-0.00145642
-0.00159111
-0.00173405
-0.00188465
-0.00204216
-0.00220573
-0.00237438
-0.00254701
-0.00272244
-0.00289942
-0.00307662
-0.00325265
-0.00342613
-0.00359562
-0.00375964
-0.00391667
-0.00406558
-0.00420696
-0.00434124
-0.00445009
0.00201806
0.00175729
0.00147225
0.00122114
0.000998481
0.000796928
0.000614368
0.000449907
0.000302374
0.000170422
5.27103e-05
-5.20424e-05
-0.000145045
-0.000227429
-0.000300236
-0.000364418
-0.000420834
-0.000470253
-0.000513354
-0.000550737
-0.000582927
-0.000610381
-0.000633498
-0.000652628
-0.000668081
-0.000680136
-0.000689052
-0.000695079
-0.000698462
-0.000699457
-0.000698335
-0.000695393
-0.00069096
-0.000685406
-0.000679143
-0.000672637
-0.000666397
-0.000660999
-0.000657066
-0.000655273
-0.000656345
-0.00066105
-0.000670189
-0.000684591
-0.000705093
-0.000732535
-0.00076774
-0.000811495
-0.000864538
-0.00092754
-0.00100108
-0.00108564
-0.00118156
-0.00128906
-0.00140822
-0.00153892
-0.0016809
-0.00183372
-0.00199676
-0.00216922
-0.00235014
-0.00253842
-0.00273279
-0.00293186
-0.00313413
-0.00333803
-0.00354189
-0.00374402
-0.0039427
-0.00413614
-0.00432248
-0.00450036
-0.00467059
-0.00483373
-0.00496685
0.00179827
0.00150595
0.00118757
0.000908732
0.000663002
0.000441838
0.000242624
6.41463e-05
-9.50964e-05
-0.00023678
-0.000362544
-0.000473935
-0.000572394
-0.000659246
-0.0007357
-0.000802836
-0.000861616
-0.00091288
-0.000957356
-0.000995665
-0.00102834
-0.00105581
-0.00107845
-0.00109657
-0.00111041
-0.00112019
-0.0011261
-0.00112832
-0.00112702
-0.00112237
-0.0011146
-0.00110394
-0.00109067
-0.00107512
-0.00105772
-0.00103893
-0.00101922
-0.000999295
-0.00097984
-0.000961631
-0.000945529
-0.000932462
-0.000923426
-0.000919466
-0.000921666
-0.00093113
-0.000948964
-0.000976254
-0.00101405
-0.00106331
-0.00112494
-0.00119969
-0.00128819
-0.00139091
-0.0015081
-0.00163986
-0.00178603
-0.00194624
-0.00211991
-0.00230621
-0.0025041
-0.00271231
-0.00292941
-0.00315377
-0.00338361
-0.00361705
-0.00385209
-0.00408668
-0.00431873
-0.00454607
-0.00476643
-0.00497818
-0.00518235
-0.00537967
-0.00554168
0.00146783
0.00114304
0.00079047
0.00048334
0.000214194
-2.68062e-05
-0.00024284
-0.000435495
-0.000606646
-0.000758335
-0.000892533
-0.00101108
-0.00111565
-0.00120779
-0.00128887
-0.00136011
-0.00142256
-0.00147711
-0.00152454
-0.00156547
-0.00160041
-0.00162974
-0.00165379
-0.00167278
-0.00168686
-0.00169615
-0.00170074
-0.00170067
-0.001696
-0.00168681
-0.00167319
-0.00165527
-0.00163326
-0.00160741
-0.00157806
-0.00154563
-0.00151075
-0.00147398
-0.0014361
-0.00139799
-0.00136065
-0.00132518
-0.0012928
-0.00126478
-0.00124252
-0.00122744
-0.00122099
-0.00122465
-0.00123984
-0.00126797
-0.00131031
-0.00136804
-0.00144216
-0.00153349
-0.00164263
-0.00176991
-0.00191541
-0.00207893
-0.00225995
-0.00245766
-0.00267097
-0.00289849
-0.00313858
-0.00338935
-0.00364871
-0.00391439
-0.00418401
-0.00445507
-0.00472505
-0.00499127
-0.00525098
-0.00550219
-0.00574622
-0.00598396
-0.0061803
0.00100638
0.000648756
0.00026173
-7.3785e-05
-0.000366347
-0.00062716
-0.000860029
-0.00106696
-0.00125025
-0.00141234
-0.00155555
-0.00168205
-0.00179377
-0.00189246
-0.00197967
-0.00205674
-0.00212481
-0.00218483
-0.00223758
-0.00228366
-0.00232353
-0.00235753
-0.00238586
-0.00240862
-0.00242586
-0.00243753
-0.00244356
-0.00244384
-0.00243825
-0.00242668
-0.00240908
-0.00238541
-0.00235571
-0.00232013
-0.00227888
-0.00223232
-0.00218095
-0.00212538
-0.00206641
-0.00200498
-0.00194221
-0.00187936
-0.00181788
-0.00175934
-0.00170544
-0.00165799
-0.00161888
-0.00159005
-0.00157344
-0.00157095
-0.00158444
-0.0016156
-0.00166598
-0.0017369
-0.00182942
-0.00194431
-0.00208197
-0.00224249
-0.00242552
-0.00263038
-0.00285594
-0.00310073
-0.00336292
-0.00364033
-0.00393052
-0.00423078
-0.00453824
-0.00484988
-0.00516261
-0.00547318
-0.00577819
-0.00607524
-0.00636595
-0.0066514
-0.00688847
0.000392464
2.33787e-06
-0.000418729
-0.000782201
-0.00109779
-0.00137813
-0.0016277
-0.00184897
-0.00204468
-0.00221773
-0.00237082
-0.00250641
-0.00262675
-0.00273379
-0.00282925
-0.00291459
-0.00299102
-0.00305953
-0.00312088
-0.00317565
-0.00322421
-0.00326679
-0.00330346
-0.00333418
-0.0033588
-0.00337707
-0.00338871
-0.00339339
-0.00339074
-0.00338043
-0.00336214
-0.00333561
-0.00330066
-0.00325721
-0.00320529
-0.0031451
-0.003077
-0.00300153
-0.00291944
-0.00283171
-0.00273951
-0.00264428
-0.00254766
-0.00245151
-0.0023579
-0.00226907
-0.00218743
-0.00211547
-0.00205576
-0.00201089
-0.00198339
-0.0019757
-0.00199007
-0.00202853
-0.00209281
-0.00218429
-0.00230392
-0.00245221
-0.00262918
-0.00283434
-0.00306669
-0.0033247
-0.00360639
-0.00390929
-0.00423056
-0.004567
-0.00491515
-0.00527135
-0.00563183
-0.0059926
-0.00634949
-0.00669955
-0.00704476
-0.00738639
-0.0076717
-0.000395901
-0.000817441
-0.00127136
-0.00166178
-0.0019996
-0.00229891
-0.00256489
-0.00280052
-0.00300905
-0.00319382
-0.00335793
-0.0035042
-0.00363514
-0.00375293
-0.00385945
-0.00395627
-0.00404467
-0.00412566
-0.00419997
-0.00426809
-0.00433031
-0.00438672
-0.0044372
-0.00448151
-0.00451927
-0.00454999
-0.0045731
-0.00458796
-0.00459391
-0.00459029
-0.00457646
-0.00455181
-0.00451585
-0.00446818
-0.00440854
-0.00433687
-0.00425328
-0.00415815
-0.00405209
-0.00393601
-0.0038111
-0.00367888
-0.00354116
-0.0034001
-0.00325811
-0.00311794
-0.00298253
-0.00285505
-0.00273884
-0.00263729
-0.00255383
-0.00249184
-0.00245452
-0.00244486
-0.00246552
-0.00251875
-0.00260631
-0.00272939
-0.00288858
-0.0030838
-0.00331431
-0.00357868
-0.00387481
-0.00419999
-0.00455095
-0.00492394
-0.00531481
-0.00571913
-0.00613229
-0.00654938
-0.00696528
-0.00737635
-0.00778493
-0.00819254
-0.00853482
-0.00138059
-0.00183161
-0.00231634
-0.00273207
-0.0030909
-0.00340833
-0.00369029
-0.00394032
-0.00416217
-0.00435964
-0.00453627
-0.00469522
-0.00483928
-0.00497086
-0.00509199
-0.00520435
-0.00530928
-0.00540776
-0.00550049
-0.00558788
-0.00567007
-0.00574697
-0.00581826
-0.00588345
-0.00594187
-0.00599273
-0.00603509
-0.00606797
-0.0060903
-0.006101
-0.006099
-0.00608326
-0.00605285
-0.00600691
-0.00594479
-0.00586601
-0.00577031
-0.00565776
-0.0055287
-0.00538385
-0.0052243
-0.00505155
-0.00486752
-0.00467457
-0.00447548
-0.00427344
-0.00407203
-0.00387516
-0.00368702
-0.00351201
-0.00335466
-0.0032195
-0.00311099
-0.00303338
-0.00299059
-0.00298609
-0.0030228
-0.00310293
-0.00322797
-0.00339855
-0.00361442
-0.00387443
-0.00417653
-0.00451784
-0.00489468
-0.00530268
-0.00573692
-0.00619205
-0.00666242
-0.00714199
-0.00762446
-0.00810528
-0.00858723
-0.00907204
-0.00948142
-0.00258254
-0.00306022
-0.00357286
-0.00401162
-0.00438977
-0.0047242
-0.0050216
-0.00528603
-0.0055218
-0.00573319
-0.00592417
-0.00609824
-0.00625848
-0.0064075
-0.00654752
-0.0066803
-0.00680721
-0.00692923
-0.00704699
-0.00716079
-0.00727061
-0.00737616
-0.00747687
-0.00757195
-0.00766042
-0.00774109
-0.00781264
-0.00787362
-0.00792248
-0.00795763
-0.00797745
-0.00798036
-0.00796483
-0.00792943
-0.00787292
-0.00779425
-0.00769265
-0.00756765
-0.00741918
-0.00724758
-0.00705366
-0.00683877
-0.00660477
-0.00635414
-0.0060899
-0.0058157
-0.0055357
-0.0052546
-0.00497756
-0.00471011
-0.00445808
-0.00422743
-0.00402418
-0.00385421
-0.00372311
-0.00363602
-0.00359744
-0.00361112
-0.00367985
-0.0038054
-0.00398839
-0.00422826
-0.00452327
-0.00487049
-0.00526593
-0.0057046
-0.00618069
-0.0066878
-0.00721901
-0.00776692
-0.00832369
-0.0088837
-0.00945012
-0.0100249
-0.010513
-0.00402085
-0.00452149
-0.00505825
-0.00551713
-0.00591251
-0.00626254
-0.00657464
-0.00685348
-0.00710386
-0.00733057
-0.00753799
-0.00772999
-0.0079099
-0.00808059
-0.0082444
-0.00840318
-0.00855836
-0.00871088
-0.00886131
-0.00900982
-0.0091562
-0.00929995
-0.00944023
-0.00957593
-0.00970567
-0.00982786
-0.00994069
-0.0100422
-0.0101303
-0.0102027
-0.0102572
-0.0102915
-0.0103033
-0.0102906
-0.0102511
-0.0101833
-0.0100855
-0.0099565
-0.00979565
-0.00960266
-0.00937782
-0.00912209
-0.0088371
-0.00852522
-0.0081896
-0.00783418
-0.00746365
-0.00708348
-0.00669982
-0.00631944
-0.00594963
-0.00559804
-0.00527258
-0.00498116
-0.00473152
-0.00453099
-0.00438627
-0.00430318
-0.00428648
-0.00433963
-0.00446468
-0.00466213
-0.00493093
-0.0052684
-0.0056704
-0.00613139
-0.00664465
-0.00720253
-0.00779665
-0.00841789
-0.00905657
-0.00970563
-0.0103687
-0.0110477
-0.0116279
-0.00571181
-0.00623087
-0.00678715
-0.00726266
-0.00767274
-0.00803669
-0.00836265
-0.0086558
-0.00892151
-0.00916504
-0.00939117
-0.00960411
-0.00980751
-0.0100044
-0.0101973
-0.0103882
-0.0105786
-0.0107692
-0.0109608
-0.0111532
-0.0113461
-0.0115388
-0.0117301
-0.0119186
-0.0121025
-0.0122797
-0.012448
-0.0126047
-0.0127471
-0.0128723
-0.0129772
-0.0130588
-0.0131138
-0.0131393
-0.0131322
-0.0130898
-0.0130095
-0.0128893
-0.0127273
-0.0125225
-0.0122744
-0.0119832
-0.01165
-0.0112768
-0.0108667
-0.0104236
-0.00995262
-0.00945989
-0.00895248
-0.00843837
-0.00792643
-0.0074262
-0.00694777
-0.00650152
-0.00609783
-0.00574685
-0.00545816
-0.00524044
-0.00510116
-0.00504629
-0.00508004
-0.0052047
-0.00542047
-0.00572543
-0.00611562
-0.00658512
-0.00712635
-0.00773029
-0.00838685
-0.00908487
-0.00981237
-0.0105605
-0.0113331
-0.0121324
-0.0128196
-0.00766796
-0.00820017
-0.00877066
-0.00925878
-0.00968069
-0.0100566
-0.0103954
-0.0107026
-0.0109843
-0.0112461
-0.0114932
-0.0117301
-0.0119608
-0.0121886
-0.0124161
-0.0126453
-0.0128779
-0.0131147
-0.0133561
-0.0136021
-0.0138521
-0.0141052
-0.0143599
-0.0146144
-0.0148666
-0.0151138
-0.0153533
-0.0155817
-0.0157957
-0.0159916
-0.0161653
-0.016313
-0.0164303
-0.0165132
-0.0165575
-0.0165592
-0.0165146
-0.0164203
-0.0162734
-0.0160714
-0.0158127
-0.0154965
-0.0151229
-0.0146932
-0.01421
-0.013677
-0.0130995
-0.0124839
-0.011838
-0.0111708
-0.0104929
-0.0098156
-0.00915151
-0.00851379
-0.00791602
-0.00737182
-0.00689443
-0.00649627
-0.00618854
-0.0059807
-0.00588018
-0.00589198
-0.00601846
-0.00625921
-0.00661102
-0.007068
-0.00762185
-0.00826219
-0.00897701
-0.00975271
-0.0105745
-0.0114312
-0.0123271
-0.013264
-0.014075
-0.00989715
-0.0104367
-0.0110156
-0.0115119
-0.0119425
-0.0123282
-0.0126785
-0.0129994
-0.0132974
-0.0135786
-0.0138485
-0.0141122
-0.0143737
-0.0146366
-0.0149038
-0.0151774
-0.015459
-0.0157496
-0.0160495
-0.0163587
-0.0166763
-0.0170013
-0.017332
-0.0176661
-0.0180012
-0.0183341
-0.0186615
-0.0189794
-0.0192837
-0.0195697
-0.0198328
-0.0200676
-0.020269
-0.0204316
-0.0205498
-0.0206183
-0.0206318
-0.0205855
-0.0204746
-0.0202954
-0.0200446
-0.0197197
-0.0193197
-0.0188444
-0.0182955
-0.0176763
-0.0169921
-0.0162485
-0.0154534
-0.0146175
-0.0137526
-0.0128717
-0.0119895
-0.0111225
-0.0102878
-0.00950308
-0.00878617
-0.00815427
-0.00762338
-0.00720778
-0.00691937
-0.00676719
-0.00675701
-0.00689102
-0.00716769
-0.00758184
-0.00812489
-0.00878525
-0.00954885
-0.0103993
-0.0113184
-0.0122923
-0.0133251
-0.0144183
-0.0153716
-0.0124019
-0.0129428
-0.013524
-0.0140239
-0.0144597
-0.0148528
-0.0152129
-0.0155467
-0.0158609
-0.0161621
-0.0164563
-0.0167486
-0.0170436
-0.0173451
-0.0176561
-0.017979
-0.0183155
-0.0186665
-0.0190326
-0.0194136
-0.0198085
-0.0202162
-0.0206346
-0.0210614
-0.0214936
-0.0219276
-0.0223596
-0.0227848
-0.0231985
-0.0235951
-0.0239688
-0.0243134
-0.0246224
-0.0248891
-0.0251063
-0.0252673
-0.0253649
-0.0253926
-0.0253438
-0.0252126
-0.0249939
-0.0246832
-0.0242773
-0.0237741
-0.0231728
-0.0224767
-0.0216935
-0.0208246
-0.0198768
-0.0188633
-0.0177961
-0.0166892
-0.0155601
-0.0144283
-0.0133139
-0.0122395
-0.0112283
-0.0103033
-0.00948676
-0.00879911
-0.00825834
-0.00787922
-0.00767257
-0.00764474
-0.00779731
-0.00812691
-0.00862548
-0.00928065
-0.0100764
-0.0109932
-0.0120091
-0.0131064
-0.0142894
-0.0155585
-0.0166741
-0.0151789
-0.0157152
-0.0162927
-0.0167916
-0.0172292
-0.017627
-0.017995
-0.0183402
-0.0186698
-0.0189906
-0.0193092
-0.0196309
-0.0199607
-0.0203026
-0.0206599
-0.0210353
-0.0214306
-0.021847
-0.022285
-0.0227444
-0.0232244
-0.0237236
-0.0242399
-0.0247707
-0.0253125
-0.0258616
-0.0264134
-0.0269627
-0.0275038
-0.0280306
-0.028536
-0.0290128
-0.0294532
-0.0298489
-0.0301914
-0.0304721
-0.0306821
-0.0308126
-0.0308549
-0.030801
-0.0306431
-0.0303744
-0.0299889
-0.0294815
-0.0288472
-0.0280824
-0.0272023
-0.0262351
-0.0251765
-0.0240023
-0.0227174
-0.0213542
-0.019948
-0.0185183
-0.017084
-0.0156715
-0.0143099
-0.0130292
-0.0118589
-0.010827
-0.00995949
-0.00927877
-0.00880284
-0.00854435
-0.00850991
-0.00869973
-0.00910758
-0.00972126
-0.0105232
-0.0114906
-0.0125972
-0.0138211
-0.0151659
-0.0166309
-0.0179299
-0.0182189
-0.0187452
-0.0193135
-0.0198072
-0.0202431
-0.0206427
-0.0210161
-0.0213706
-0.0217136
-0.0220524
-0.0223938
-0.0227437
-0.0231073
-0.0234891
-0.0238927
-0.0243211
-0.0247765
-0.0252601
-0.0257727
-0.0263143
-0.0268841
-0.0274807
-0.0281018
-0.0287448
-0.029406
-0.0300811
-0.0307652
-0.0314526
-0.0321369
-0.032811
-0.033467
-0.0340966
-0.0346905
-0.0352393
-0.0357327
-0.0361603
-0.0365113
-0.036775
-0.0369404
-0.0369971
-0.0369352
-0.0367454
-0.0364198
-0.0359523
-0.0353394
-0.0345772
-0.0336491
-0.0325433
-0.0312838
-0.0299138
-0.0284552
-0.0268913
-0.0252107
-0.0234523
-0.0216611
-0.0198653
-0.0181
-0.0164016
-0.0148074
-0.0133545
-0.0120784
-0.0110114
-0.0101811
-0.00960912
-0.00930983
-0.00928942
-0.00954564
-0.010068
-0.0108383
-0.0118311
-0.013015
-0.0143635
-0.0158794
-0.0175597
-0.0190642
-0.0215073
-0.0220192
-0.022574
-0.0230587
-0.0234899
-0.0238882
-0.0242639
-0.0246244
-0.0249773
-0.0253305
-0.0256909
-0.026065
-0.0264586
-0.0268765
-0.0273228
-0.0278011
-0.0283137
-0.0288624
-0.0294484
-0.0300716
-0.0307316
-0.0314271
-0.0321558
-0.032915
-0.0337007
-0.0345087
-0.0353333
-0.0361686
-0.0370075
-0.037842
-0.0386635
-0.0394625
-0.0402286
-0.0409508
-0.0416173
-0.0422159
-0.0427338
-0.0431579
-0.043475
-0.043672
-0.0437362
-0.0436552
-0.043418
-0.0430148
-0.0424381
-0.0416826
-0.0407432
-0.0396143
-0.0382957
-0.0367929
-0.0351066
-0.0332537
-0.0312818
-0.0292142
-0.0270523
-0.0248386
-0.0226248
-0.0204538
-0.0183701
-0.0164203
-0.0146509
-0.0131064
-0.0118268
-0.0108459
-0.0101891
-0.00987195
-0.00989927
-0.0102648
-0.0109515
-0.0119321
-0.0131706
-0.014635
-0.016327
-0.0182405
-0.0199727
-0.0250246
-0.0255197
-0.0260582
-0.0265315
-0.0269552
-0.0273491
-0.0277231
-0.0280849
-0.0284424
-0.0288035
-0.0291761
-0.029567
-0.0299825
-0.0304284
-0.0309093
-0.0314293
-0.0319915
-0.0325982
-0.0332508
-0.03395
-0.0346953
-0.0354857
-0.0363193
-0.037193
-0.0381031
-0.0390449
-0.0400128
-0.0410002
-0.0419994
-0.043002
-0.0439983
-0.0449779
-0.0459293
-0.04684
-0.0476969
-0.0484858
-0.049192
-0.0498003
-0.050295
-0.0506603
-0.0508803
-0.0509397
-0.0508235
-0.0505181
-0.050011
-0.0492917
-0.0483519
-0.0471858
-0.0457903
-0.0441643
-0.0423255
-0.040301
-0.038082
-0.0356714
-0.0331287
-0.0305046
-0.0278306
-0.0251543
-0.0225306
-0.0200177
-0.017675
-0.0155614
-0.0137325
-0.0122377
-0.0111177
-0.0104017
-0.0101057
-0.0102315
-0.0107663
-0.0116826
-0.0129406
-0.0145032
-0.0163705
-0.0185324
-0.0205138
-0.0287483
-0.0292266
-0.0297487
-0.0302097
-0.0306239
-0.0310101
-0.0313776
-0.0317341
-0.0320879
-0.0324475
-0.0328211
-0.0332166
-0.0336413
-0.0341015
-0.0346032
-0.035151
-0.035749
-0.0364002
-0.0371067
-0.0378695
-0.0386889
-0.0395641
-0.0404932
-0.0414736
-0.0425014
-0.0435718
-0.044679
-0.0458161
-0.0469749
-0.0481463
-0.0493199
-0.0504845
-0.0516274
-0.0527349
-0.0537923
-0.054784
-0.0556935
-0.0565032
-0.0571953
-0.0577514
-0.0581528
-0.058381
-0.0584177
-0.0582454
-0.0578477
-0.0572095
-0.0563181
-0.055163
-0.0537368
-0.052036
-0.0500625
-0.0478262
-0.0453517
-0.0426696
-0.0398019
-0.0367724
-0.0336268
-0.0304211
-0.0272181
-0.0240862
-0.021098
-0.0183279
-0.0158491
-0.0137302
-0.0120314
-0.0108005
-0.01007
-0.00985485
-0.0101507
-0.0109335
-0.0121616
-0.013793
-0.0158269
-0.018248
-0.0204982
-0.0326549
-0.0331203
-0.0336292
-0.0340794
-0.0344832
-0.034858
-0.0352127
-0.0355549
-0.0358933
-0.0362371
-0.0365956
-0.0369778
-0.0373922
-0.0378467
-0.0383482
-0.0389029
-0.0395158
-0.040191
-0.0409314
-0.0417388
-0.0426141
-0.0435569
-0.0445656
-0.0456379
-0.0467699
-0.0479568
-0.0491926
-0.05047
-0.0517804
-0.0531142
-0.0544604
-0.0558067
-0.0571395
-0.058444
-0.0597041
-0.0609028
-0.0620217
-0.0630415
-0.0639421
-0.0647027
-0.0653022
-0.0657188
-0.0659313
-0.0659186
-0.0656604
-0.0651378
-0.0643334
-0.0632327
-0.0618238
-0.0600991
-0.0580557
-0.0556968
-0.0530338
-0.0500858
-0.0468773
-0.0434413
-0.0398227
-0.0360774
-0.0322717
-0.0284813
-0.0247898
-0.0212869
-0.0180643
-0.0152122
-0.0128143
-0.0109423
-0.00965142
-0.008976
-0.00892657
-0.00948755
-0.0106187
-0.0122755
-0.014457
-0.017142
-0.019678
-0.0367231
-0.0371843
-0.0376884
-0.038132
-0.0385257
-0.0388851
-0.0392186
-0.0395339
-0.0398403
-0.0401483
-0.0404687
-0.0408123
-0.0411894
-0.0416099
-0.0420824
-0.0426149
-0.043214
-0.0438849
-0.0446318
-0.0454575
-0.0463633
-0.0473496
-0.0484153
-0.0495581
-0.0507744
-0.0520591
-0.0534062
-0.0548079
-0.0562555
-0.0577384
-0.0592452
-0.0607625
-0.062276
-0.0637696
-0.0652262
-0.0666271
-0.0679524
-0.0691811
-0.0702913
-0.0712598
-0.0720629
-0.0726766
-0.0730764
-0.0732379
-0.0731373
-0.0727516
-0.0720593
-0.0710407
-0.0696793
-0.0679618
-0.0658796
-0.0634298
-0.0606162
-0.0574501
-0.0539516
-0.0501508
-0.0460894
-0.0418218
-0.0374154
-0.0329506
-0.0285201
-0.0242268
-0.0201808
-0.0164951
-0.0132797
-0.0106356
-0.00864722
-0.007376
-0.00685518
-0.00708497
-0.00803243
-0.00965416
-0.0119514
-0.0148969
-0.0177316
-0.0409381
-0.0414107
-0.0419245
-0.04237
-0.0427549
-0.0430938
-0.0433945
-0.0436651
-0.0439163
-0.0441606
-0.0444112
-0.0446816
-0.044985
-0.0453337
-0.0457391
-0.0462114
-0.0467594
-0.0473899
-0.0481084
-0.0489188
-0.0498233
-0.0508229
-0.0519168
-0.0531031
-0.054378
-0.0557366
-0.0571723
-0.0586771
-0.0602416
-0.0618548
-0.0635041
-0.0651757
-0.0668539
-0.0685218
-0.0701608
-0.071751
-0.073271
-0.0746982
-0.0760087
-0.0771774
-0.0781786
-0.0789856
-0.0795712
-0.0799083
-0.0799696
-0.0797286
-0.0791595
-0.0782385
-0.0769439
-0.0752569
-0.073163
-0.0706526
-0.0677224
-0.0643765
-0.0606281
-0.0565008
-0.0520308
-0.0472679
-0.0422773
-0.0371405
-0.0319548
-0.0268332
-0.0219018
-0.0172953
-0.0131518
-0.00960505
-0.006775
-0.00475851
-0.00362091
-0.00338785
-0.00404228
-0.00554838
-0.00791394
-0.0111062
-0.0142473
-0.0452977
-0.045807
-0.0463538
-0.0468139
-0.0471924
-0.047503
-0.0477537
-0.0479541
-0.0481173
-0.0482591
-0.0483968
-0.0485479
-0.0487295
-0.0489578
-0.0492473
-0.0496115
-0.0500626
-0.0506091
-0.0512575
-0.0520129
-0.0528787
-0.0538563
-0.0549454
-0.056144
-0.0574483
-0.0588531
-0.0603514
-0.0619345
-0.0635923
-0.065313
-0.0670831
-0.0688876
-0.07071
-0.0725319
-0.0743336
-0.0760937
-0.0777893
-0.0793963
-0.0808889
-0.0822404
-0.0834228
-0.0844073
-0.0851643
-0.0856638
-0.0858759
-0.0857704
-0.0853184
-0.0844916
-0.0832639
-0.0816116
-0.0795144
-0.0769565
-0.0739277
-0.0704247
-0.0664531
-0.0620285
-0.0571794
-0.0519486
-0.0463955
-0.0405983
-0.0346548
-0.0286831
-0.0228206
-0.017221
-0.012049
-0.00747302
-0.00365401
-0.000731093
0.00118777
0.00203934
0.001813
0.000527042
-0.00184028
-0.00525329
-0.00870223
-0.049823
-0.0504072
-0.0510214
-0.0515141
-0.0518875
-0.0521566
-0.0523309
-0.0524232
-0.0524516
-0.0524374
-0.0524039
-0.0523749
-0.0523732
-0.0524196
-0.0525317
-0.0527269
-0.0530295
-0.0534436
-0.0539755
-0.0546318
-0.0554175
-0.0563347
-0.0573833
-0.0585613
-0.0598643
-0.0612866
-0.0628203
-0.0644559
-0.0661823
-0.0679865
-0.0698539
-0.0717683
-0.0737117
-0.0756645
-0.0776055
-0.0795119
-0.0813591
-0.0831213
-0.0847711
-0.0862798
-0.0876175
-0.0887532
-0.0896552
-0.090291
-0.0906278
-0.0906327
-0.0902732
-0.0895178
-0.0883362
-0.0867002
-0.0845845
-0.0819676
-0.078833
-0.0751705
-0.0709778
-0.0662626
-0.0610445
-0.0553574
-0.0492527
-0.0428014
-0.0360971
-0.0292577
-0.0224263
-0.0157696
-0.00947488
-0.00374538
0.00120887
0.00521067
0.00809717
0.00975125
0.0101191
0.00918733
0.00690865
0.00331611
-0.000434908
-0.0545742
-0.0552897
-0.0560204
-0.0565678
-0.056933
-0.0571357
-0.0571906
-0.0571174
-0.0569425
-0.0566969
-0.0564132
-0.0561231
-0.0558568
-0.055643
-0.0555102
-0.0554742
-0.0555582
-0.0557861
-0.0561533
-0.0566659
-0.0573304
-0.0581496
-0.0591234
-0.0602492
-0.061522
-0.0629349
-0.0644788
-0.066143
-0.0679149
-0.0697801
-0.0717224
-0.0737241
-0.0757657
-0.0778258
-0.0798817
-0.0819088
-0.0838808
-0.0857702
-0.0875477
-0.0891827
-0.0906431
-0.0918961
-0.0929074
-0.0936422
-0.0940651
-0.0941405
-0.093833
-0.0931075
-0.0919302
-0.0902689
-0.088094
-0.0853788
-0.0821014
-0.0782453
-0.0738011
-0.0687686
-0.0631587
-0.0569961
-0.0503223
-0.0431991
-0.0357118
-0.027973
-0.0201251
-0.0123404
-0.00481888
0.00220458
0.0084315
0.0136933
0.0177647
0.0204446
0.0216142
0.02121
0.0191421
0.0154308
0.0113915
-0.0596803
-0.0606089
-0.061523
-0.062148
-0.0624883
-0.0625767
-0.0624403
-0.0621121
-0.0616338
-0.0610517
-0.0604122
-0.0597593
-0.0591343
-0.0585901
-0.0581729
-0.0578713
-0.0576635
-0.0576048
-0.0577294
-0.0580392
-0.0585349
-0.0592165
-0.0600819
-0.0611266
-0.0623437
-0.0637243
-0.0652574
-0.0669304
-0.0687286
-0.0706358
-0.0726338
-0.074703
-0.0768219
-0.0789674
-0.0811147
-0.0832372
-0.085307
-0.0872943
-0.0891679
-0.0908951
-0.0924418
-0.0937726
-0.0948511
-0.09564
-0.0961012
-0.0961963
-0.0958869
-0.0951347
-0.0939025
-0.0921543
-0.0898563
-0.0869775
-0.0834908
-0.0793742
-0.074612
-0.0691968
-0.0631315
-0.0564318
-0.0491293
-0.0412752
-0.0329445
-0.0242406
-0.0153008
-0.00629858
0.00256349
0.011064
0.0188309
0.0255157
0.0310191
0.035004
0.0372369
0.0375846
0.0358925
0.032149
0.0278447
-0.0653945
-0.0666519
-0.0678347
-0.0685501
-0.0688169
-0.0686984
-0.0682479
-0.0675241
-0.0665944
-0.0655285
-0.0643937
-0.0632552
-0.0621747
-0.0611895
-0.0603169
-0.0595847
-0.05904
-0.0586901
-0.0585495
-0.0586283
-0.0589287
-0.0594491
-0.0601855
-0.0611309
-0.0622763
-0.06361
-0.0651189
-0.0667876
-0.0685991
-0.0705348
-0.0725741
-0.0746952
-0.0768742
-0.079086
-0.0813034
-0.083498
-0.0856393
-0.0876957
-0.0896336
-0.091418
-0.0930126
-0.0943795
-0.0954799
-0.0962736
-0.0967198
-0.0967772
-0.0964041
-0.095559
-0.0942009
-0.0922901
-0.0897885
-0.0866608
-0.0828749
-0.0784034
-0.0732248
-0.0673249
-0.060699
-0.0533542
-0.0453124
-0.0366139
-0.0273222
-0.0175289
-0.00736105
0.00301232
0.0133774
0.0234889
0.0330937
0.0416343
0.048847
0.054535
0.0581943
0.0595916
0.0584975
0.0548436
0.0503089
-0.0722
-0.0739441
-0.075492
-0.0762715
-0.0763444
-0.075839
-0.0748609
-0.0735128
-0.0718995
-0.0701203
-0.0682873
-0.0664776
-0.0647646
-0.0631894
-0.0617874
-0.0606045
-0.0596704
-0.0589823
-0.0585466
-0.0583708
-0.0584567
-0.0588012
-0.0593972
-0.0602349
-0.0613017
-0.0625831
-0.0640625
-0.0657215
-0.0675402
-0.0694969
-0.0715686
-0.0737305
-0.0759565
-0.0782188
-0.0804881
-0.0827334
-0.0849221
-0.08702
-0.0889914
-0.0907989
-0.0924035
-0.0937649
-0.0948414
-0.0955902
-0.0959674
-0.0959283
-0.0954278
-0.0944208
-0.0928623
-0.0907083
-0.0879161
-0.0844455
-0.0802589
-0.0753232
-0.0696101
-0.0630984
-0.0557754
-0.0476389
-0.0387004
-0.0289884
-0.0185533
-0.00747261
0.00414105
0.0161315
0.0282892
0.0403467
0.0519836
0.0628318
0.0722459
0.0800668
0.085879
0.088859
0.0887157
0.0853369
0.0806245
-0.081025
-0.0834525
-0.0854364
-0.0861436
-0.0857446
-0.0845008
-0.0826153
-0.0802553
-0.077603
-0.0747991
-0.0720235
-0.0693846
-0.0669141
-0.0646479
-0.0626446
-0.0609452
-0.0595505
-0.0584632
-0.0576907
-0.0572353
-0.0570929
-0.057255
-0.0577094
-0.0584411
-0.059433
-0.0606661
-0.0621197
-0.0637716
-0.0655983
-0.0675748
-0.0696751
-0.0718715
-0.0741353
-0.0764359
-0.0787416
-0.0810191
-0.0832333
-0.0853478
-0.0873243
-0.0891229
-0.0907024
-0.0920196
-0.0930301
-0.0936881
-0.0939466
-0.0937573
-0.0930717
-0.0918402
-0.0900137
-0.0875433
-0.0843809
-0.0804803
-0.0757976
-0.0702922
-0.063928
-0.0566747
-0.0485093
-0.0394181
-0.0293994
-0.0184666
-0.00665287
0.0059834
0.0193504
0.0333128
0.0476795
0.0621886
0.0764942
0.0901499
0.102614
0.113167
0.121618
0.127338
0.128905
0.126174
0.121396
-0.0936984
-0.0969884
-0.0993258
-0.0995362
-0.0980534
-0.0954015
-0.09198
-0.0880848
-0.0840049
-0.0799561
-0.0759545
-0.0721366
-0.068626
-0.0654864
-0.0627517
-0.0604371
-0.0585295
-0.0570161
-0.0558951
-0.0551598
-0.0547972
-0.0547905
-0.0551198
-0.0557634
-0.056698
-0.0578991
-0.0593411
-0.0609975
-0.0628408
-0.0648427
-0.0669736
-0.0692031
-0.0714997
-0.0738304
-0.076161
-0.0784558
-0.0806776
-0.0827877
-0.0847455
-0.086509
-0.0880344
-0.0892761
-0.090187
-0.0907185
-0.0908203
-0.090441
-0.0895278
-0.0880273
-0.0858854
-0.0830477
-0.0794603
-0.0750698
-0.0698245
-0.0636745
-0.0565732
-0.0484782
-0.0393524
-0.0291658
-0.0178978
-0.00553972
0.00790112
0.0223958
0.0378859
0.0542728
0.0714016
0.0890415
0.106862
0.124406
0.14106
0.156008
0.168267
0.177394
0.182271
0.181151
0.176675
-0.114046
-0.118092
-0.120166
-0.118733
-0.114848
-0.1096
-0.103627
-0.0973529
-0.0910031
-0.0848853
-0.0792396
-0.0740903
-0.0694608
-0.0653852
-0.0618653
-0.0588859
-0.0564307
-0.0544869
-0.053035
-0.0520499
-0.0515042
-0.0513686
-0.0516131
-0.0522072
-0.0531202
-0.0543212
-0.0557793
-0.0574633
-0.0593417
-0.0613826
-0.0635537
-0.0658218
-0.0681528
-0.0705116
-0.0728619
-0.075166
-0.077385
-0.0794781
-0.0814031
-0.0831159
-0.0845708
-0.0857201
-0.0865145
-0.0869027
-0.0868319
-0.0862473
-0.0850928
-0.0833107
-0.0808423
-0.0776278
-0.0736064
-0.0687173
-0.0628992
-0.0560914
-0.048234
-0.0392688
-0.0291396
-0.0177935
-0.00518233
0.00873568
0.0239929
0.040608
0.058579
0.0778727
0.098408
0.120032
0.142483
0.165348
0.187997
0.209534
0.22875
0.243981
0.253798
0.256458
0.253525
-0.149972
-0.153442
-0.152948
-0.146938
-0.13772
-0.127183
-0.116438
-0.106266
-0.0970371
-0.0886545
-0.0811157
-0.0744453
-0.0686199
-0.0636109
-0.0593328
-0.0557219
-0.0527864
-0.0505008
-0.0488147
-0.0476778
-0.0470436
-0.046868
-0.0471091
-0.0477269
-0.0486828
-0.0499398
-0.051462
-0.0532141
-0.0551613
-0.057269
-0.0595024
-0.0618264
-0.0642052
-0.0666023
-0.0689798
-0.071299
-0.0735195
-0.0755995
-0.0774955
-0.0791623
-0.0805528
-0.081618
-0.082307
-0.0825667
-0.0823422
-0.0815768
-0.0802111
-0.0781838
-0.0754323
-0.0718918
-0.0674954
-0.0621743
-0.0558578
-0.0484731
-0.0399454
-0.0301975
-0.0191498
-0.00672018
0.00717664
0.0226286
0.0397263
0.058561
0.0792217
0.101788
0.126318
0.152822
0.181227
0.211308
0.242594
0.274238
0.304809
0.33202
0.352239
0.36225
0.364113
-0.21991
-0.216901
-0.205851
-0.18724
-0.166322
-0.146935
-0.129835
-0.114761
-0.101566
-0.0901712
-0.080413
-0.0721418
-0.0651241
-0.0591414
-0.0541546
-0.050128
-0.0469673
-0.0445763
-0.0428696
-0.0417733
-0.041222
-0.0411573
-0.0415266
-0.0422817
-0.0433784
-0.0447753
-0.0464333
-0.0483148
-0.0503833
-0.052603
-0.0549381
-0.0573528
-0.0598108
-0.0622752
-0.0647078
-0.0670696
-0.0693199
-0.0714167
-0.0733162
-0.0749728
-0.0763391
-0.0773656
-0.0780007
-0.0781908
-0.07788
-0.0770101
-0.0755192
-0.0733447
-0.070422
-0.0666821
-0.0620529
-0.0564591
-0.0498217
-0.0420572
-0.0330765
-0.0227837
-0.0110751
0.00216386
0.0170601
0.0337571
0.0524183
0.0732317
0.0964146
0.122217
0.150919
0.182825
0.218232
0.257368
0.300266
0.346527
0.394886
0.44251
0.484241
0.513114
0.528074
-0.398426
-0.342086
-0.278363
-0.22606
-0.186431
-0.155191
-0.130134
-0.110021
-0.0938417
-0.0807237
-0.0699367
-0.0610087
-0.0537247
-0.0479024
-0.0433052
-0.0397472
-0.0370795
-0.0351813
-0.0339533
-0.0333129
-0.03319
-0.0335242
-0.0342625
-0.0353579
-0.0367674
-0.0384517
-0.0403733
-0.0424966
-0.044787
-0.0472104
-0.0497326
-0.0523192
-0.0549354
-0.0575454
-0.0601122
-0.0625977
-0.0649624
-0.067165
-0.0691626
-0.0709105
-0.0723618
-0.0734679
-0.0741778
-0.0744401
-0.0742047
-0.0734024
-0.0719578
-0.0698234
-0.066944
-0.063243
-0.0586429
-0.0530655
-0.046428
-0.0386406
-0.0296055
-0.0192151
-0.00734871
0.00613083
0.0213828
0.0385954
0.0579958
0.0798628
0.104544
0.132479
0.164225
0.200494
0.242175
0.290346
0.346209
0.410865
0.484839
0.567843
0.659614
0.757932
0.841208
-1.00031
-0.667425
-0.435842
-0.305195
-0.224028
-0.167913
-0.127931
-0.0992923
-0.0784946
-0.0631515
-0.0517518
-0.0432322
-0.0368302
-0.0320431
-0.0285161
-0.0259974
-0.024306
-0.0233077
-0.0228998
-0.0230014
-0.0235477
-0.0244847
-0.0257666
-0.0273531
-0.0292078
-0.0312971
-0.0335891
-0.0360528
-0.0386578
-0.0413737
-0.0441698
-0.0470147
-0.049876
-0.0527204
-0.0555131
-0.058218
-0.0607972
-0.0632112
-0.0654186
-0.0673758
-0.0690374
-0.0703554
-0.0712785
-0.0717541
-0.0717574
-0.071219
-0.0700105
-0.0681162
-0.0655138
-0.0621008
-0.0577969
-0.0525272
-0.0462105
-0.0387568
-0.0300671
-0.0200315
-0.00852487
0.00459772
0.0195088
0.0364194
0.0555945
0.0773775
0.102226
0.130764
0.163872
0.202805
0.24939
0.306305
0.377444
0.468218
0.585401
0.737327
0.940661
1.23287
1.60646
)
;

boundaryField
{
    movingWall
    {
        type            zeroGradient;
    }
    fixedWalls
    {
        type            zeroGradient;
    }
    frontAndBack
    {
        type            empty;
    }
}


// ************************************************************************* //
