/*--------------------------------*- C++ -*----------------------------------*\
  =========                 |
  \\      /  F ield         | OpenFOAM: The Open Source CFD Toolbox
   \\    /   O peration     | Website:  https://openfoam.org
    \\  /    A nd           | Version:  12
     \\/     M anipulation  |
\*---------------------------------------------------------------------------*/
FoamFile
{
    format      ascii;
    class       volScalarField;
    location    "5";
    object      nut;
}
// * * * * * * * * * * * * * * * * * * * * * * * * * * * * * * * * * * * * * //

dimensions      [0 2 -1 0 0 0 0];

internalField   nonuniform List<scalar> 
5625
(
1.04186e-19
3.14774e-18
6.67047e-18
1.08732e-17
1.56045e-17
2.07501e-17
2.62262e-17
3.19681e-17
3.79226e-17
4.40437e-17
5.02899e-17
5.66232e-17
6.30082e-17
6.94112e-17
7.58002e-17
8.21448e-17
8.84156e-17
9.45845e-17
1.00625e-16
1.0651e-16
1.12216e-16
1.17719e-16
1.22997e-16
1.28028e-16
1.32793e-16
1.37273e-16
1.4145e-16
1.45309e-16
1.48835e-16
1.52014e-16
1.54835e-16
1.57287e-16
1.59362e-16
1.61052e-16
1.62351e-16
1.63254e-16
1.6376e-16
1.63866e-16
1.63573e-16
1.62882e-16
1.61797e-16
1.60321e-16
1.58462e-16
1.56226e-16
1.53623e-16
1.50663e-16
1.47358e-16
1.43719e-16
1.39763e-16
1.35504e-16
1.30958e-16
1.26144e-16
1.21081e-16
1.15788e-16
1.10286e-16
1.04598e-16
9.87472e-17
9.27564e-17
8.66512e-17
8.04574e-17
7.4202e-17
6.7913e-17
6.16194e-17
5.53518e-17
4.9142e-17
4.30239e-17
3.70336e-17
3.12107e-17
2.55993e-17
2.02505e-17
1.52265e-17
1.06086e-17
6.50758e-18
3.07069e-18
1.01631e-19
7.04707e-19
1.02937e-16
5.49726e-16
1.28531e-15
2.16066e-15
3.10595e-15
4.09621e-15
5.12073e-15
6.17275e-15
7.24655e-15
8.33672e-15
9.43794e-15
1.0545e-14
1.16528e-14
1.27564e-14
1.38509e-14
1.49315e-14
1.59936e-14
1.70328e-14
1.80447e-14
1.90254e-14
1.99708e-14
2.08771e-14
2.17408e-14
2.25586e-14
2.33273e-14
2.40438e-14
2.47056e-14
2.53102e-14
2.58552e-14
2.63388e-14
2.6759e-14
2.71145e-14
2.74039e-14
2.76264e-14
2.7781e-14
2.78674e-14
2.78853e-14
2.78347e-14
2.77159e-14
2.75295e-14
2.72763e-14
2.69573e-14
2.65738e-14
2.61273e-14
2.56196e-14
2.50526e-14
2.44286e-14
2.375e-14
2.30193e-14
2.22395e-14
2.14135e-14
2.05445e-14
1.96359e-14
1.86912e-14
1.77142e-14
1.67086e-14
1.56786e-14
1.46281e-14
1.35615e-14
1.24831e-14
1.13976e-14
1.03094e-14
9.22339e-15
8.14434e-15
7.07718e-15
6.02692e-15
4.99869e-15
3.9979e-15
3.03101e-15
2.10833e-15
1.25408e-15
5.36336e-16
1.00422e-16
6.87426e-19
1.56675e-18
2.57745e-16
1.76063e-15
5.26302e-15
1.06356e-14
1.73221e-14
2.48209e-14
3.28079e-14
4.10939e-14
4.95668e-14
5.81542e-14
6.6803e-14
7.54699e-14
8.41161e-14
9.27056e-14
1.01204e-13
1.09576e-13
1.17791e-13
1.25817e-13
1.33622e-13
1.41176e-13
1.48452e-13
1.55421e-13
1.62058e-13
1.68337e-13
1.74235e-13
1.79731e-13
1.84804e-13
1.89436e-13
1.9361e-13
1.97312e-13
2.00528e-13
2.03248e-13
2.05461e-13
2.07161e-13
2.08341e-13
2.08999e-13
2.09134e-13
2.08744e-13
2.07833e-13
2.06404e-13
2.04464e-13
2.02021e-13
1.99084e-13
1.95664e-13
1.91776e-13
1.87433e-13
1.82653e-13
1.77453e-13
1.71852e-13
1.65872e-13
1.59536e-13
1.52865e-13
1.45886e-13
1.38625e-13
1.31107e-13
1.23362e-13
1.15417e-13
1.07302e-13
9.90484e-14
9.06861e-14
8.22471e-14
7.37641e-14
6.52711e-14
5.68044e-14
4.84051e-14
4.01234e-14
3.20286e-14
2.42288e-14
1.69073e-14
1.03799e-14
5.13581e-15
1.71777e-15
2.51424e-16
1.52812e-18
2.59172e-18
4.37007e-16
3.1881e-15
1.0482e-14
2.34443e-14
4.18364e-14
6.46253e-14
9.06184e-14
1.18799e-13
1.48405e-13
1.78893e-13
2.09878e-13
2.41075e-13
2.72268e-13
3.03277e-13
3.33952e-13
3.64157e-13
3.93767e-13
4.22666e-13
4.50743e-13
4.77894e-13
5.04018e-13
5.2902e-13
5.5281e-13
5.75303e-13
5.96418e-13
6.1608e-13
6.3422e-13
6.50775e-13
6.65688e-13
6.78907e-13
6.90387e-13
7.0009e-13
7.07985e-13
7.14046e-13
7.18254e-13
7.20599e-13
7.21074e-13
7.19683e-13
7.16432e-13
7.11336e-13
7.04417e-13
6.95703e-13
6.85227e-13
6.7303e-13
6.59157e-13
6.4366e-13
6.26595e-13
6.08026e-13
5.88018e-13
5.66645e-13
5.43983e-13
5.20112e-13
4.95118e-13
4.69089e-13
4.42119e-13
4.14303e-13
3.85741e-13
3.5654e-13
3.26807e-13
2.96661e-13
2.6623e-13
2.35655e-13
2.05106e-13
1.74789e-13
1.44975e-13
1.16038e-13
8.85012e-14
6.31071e-14
4.08466e-14
2.28843e-14
1.02285e-14
3.10998e-15
4.26178e-16
2.52708e-18
3.73381e-18
6.34895e-16
4.74318e-15
1.62162e-14
3.80921e-14
7.16208e-14
1.16318e-13
1.70601e-13
2.32474e-13
2.99997e-13
3.71501e-13
4.45635e-13
5.21336e-13
5.97764e-13
6.74253e-13
7.50258e-13
8.25321e-13
8.99049e-13
9.71092e-13
1.04113e-12
1.10889e-12
1.17409e-12
1.23649e-12
1.29585e-12
1.35197e-12
1.40463e-12
1.45366e-12
1.49889e-12
1.54015e-12
1.57731e-12
1.61024e-12
1.63884e-12
1.66302e-12
1.68268e-12
1.69779e-12
1.70828e-12
1.71413e-12
1.71534e-12
1.71191e-12
1.70385e-12
1.69121e-12
1.67404e-12
1.6524e-12
1.62638e-12
1.59607e-12
1.56159e-12
1.52307e-12
1.48064e-12
1.43445e-12
1.38467e-12
1.33148e-12
1.27506e-12
1.21562e-12
1.15337e-12
1.08853e-12
1.02134e-12
9.52052e-13
8.80948e-13
8.0832e-13
7.34498e-13
6.59853e-13
5.84819e-13
5.09913e-13
4.35775e-13
3.63212e-13
2.93251e-13
2.27204e-13
1.66697e-13
1.13625e-13
6.99372e-14
3.71803e-14
1.58203e-14
4.6252e-15
6.18879e-16
3.63892e-18
4.96413e-18
8.47257e-16
6.39786e-15
2.2281e-14
5.36628e-14
1.03879e-13
1.73968e-13
2.62961e-13
3.68569e-13
4.87884e-13
6.17908e-13
7.55865e-13
8.99325e-13
1.04623e-12
1.19487e-12
1.3438e-12
1.49182e-12
1.63791e-12
1.78119e-12
1.92087e-12
2.05627e-12
2.18678e-12
2.31182e-12
2.43089e-12
2.54352e-12
2.64929e-12
2.74779e-12
2.83867e-12
2.92162e-12
2.99634e-12
3.06257e-12
3.12011e-12
3.16875e-12
3.20835e-12
3.23879e-12
3.25997e-12
3.27184e-12
3.27438e-12
3.26761e-12
3.25156e-12
3.2263e-12
3.19195e-12
3.14864e-12
3.09653e-12
3.03583e-12
2.96676e-12
2.88957e-12
2.80454e-12
2.71199e-12
2.61226e-12
2.50569e-12
2.3927e-12
2.27371e-12
2.14916e-12
2.01957e-12
1.88545e-12
1.74741e-12
1.60609e-12
1.46222e-12
1.31666e-12
1.17036e-12
1.02449e-12
8.80406e-13
7.39781e-13
6.04605e-13
4.77243e-13
3.60409e-13
2.57035e-13
1.69962e-13
1.01428e-13
5.2362e-14
2.17263e-14
6.23487e-15
8.25316e-16
4.83452e-18
6.2615e-18
1.07077e-15
8.13096e-15
2.85964e-14
6.98306e-14
1.3748e-13
2.34617e-13
3.61656e-13
5.16833e-13
6.96927e-13
8.97963e-13
1.11576e-12
1.34631e-12
1.58592e-12
1.83134e-12
2.07973e-12
2.32862e-12
2.57589e-12
2.8197e-12
3.05842e-12
3.29064e-12
3.5151e-12
3.73065e-12
3.9363e-12
4.13113e-12
4.31431e-12
4.4851e-12
4.64282e-12
4.78689e-12
4.91675e-12
5.03196e-12
5.1321e-12
5.21683e-12
5.28588e-12
5.33901e-12
5.37609e-12
5.39699e-12
5.40169e-12
5.39022e-12
5.36262e-12
5.31903e-12
5.25965e-12
5.18471e-12
5.09452e-12
4.98943e-12
4.86983e-12
4.73619e-12
4.58901e-12
4.42886e-12
4.25637e-12
4.0722e-12
3.8771e-12
3.67189e-12
3.45744e-12
3.23473e-12
3.00484e-12
2.76897e-12
2.52846e-12
2.28486e-12
2.03993e-12
1.7957e-12
1.55456e-12
1.31925e-12
1.09295e-12
8.79254e-13
6.82091e-13
5.05555e-13
3.53537e-13
2.2918e-13
1.34183e-13
6.80969e-14
2.78631e-14
7.9168e-15
1.04204e-15
6.09204e-18
7.60897e-18
1.30266e-15
9.92384e-15
3.51023e-14
8.6423e-14
1.71912e-13
2.96886e-13
4.63564e-13
6.71292e-13
9.17161e-13
1.19676e-12
1.50486e-12
1.83597e-12
2.18473e-12
2.54609e-12
2.91546e-12
3.28871e-12
3.66219e-12
4.03266e-12
4.39725e-12
4.75343e-12
5.09893e-12
5.43174e-12
5.75007e-12
6.0523e-12
6.33699e-12
6.60285e-12
6.8487e-12
7.07354e-12
7.27645e-12
7.45663e-12
7.6134e-12
7.7462e-12
7.85454e-12
7.93806e-12
7.99649e-12
8.02967e-12
8.03751e-12
8.02006e-12
7.97741e-12
7.90976e-12
7.81744e-12
7.70083e-12
7.56042e-12
7.39678e-12
7.21057e-12
7.00257e-12
6.7736e-12
6.52464e-12
6.25671e-12
5.97098e-12
5.66874e-12
5.35137e-12
5.02045e-12
4.67769e-12
4.32503e-12
3.96461e-12
3.59887e-12
3.23056e-12
2.8628e-12
2.49912e-12
2.14354e-12
1.80054e-12
1.47506e-12
1.17237e-12
8.97862e-13
6.5665e-13
4.53048e-13
2.89863e-13
1.67667e-13
8.41994e-14
3.41651e-14
9.65088e-15
1.26612e-15
7.39349e-18
8.9923e-18
1.54057e-15
1.17597e-14
4.17447e-14
1.03309e-13
2.06862e-13
3.60036e-13
5.67033e-13
8.28639e-13
1.14269e-12
1.50481e-12
1.90911e-12
2.34895e-12
2.81741e-12
3.30765e-12
3.81321e-12
4.32809e-12
4.84679e-12
5.36436e-12
5.87634e-12
6.37872e-12
6.8679e-12
7.34069e-12
7.7942e-12
8.22584e-12
8.6333e-12
9.01452e-12
9.36766e-12
9.69107e-12
9.98333e-12
1.02432e-11
1.04695e-11
1.06615e-11
1.08183e-11
1.09394e-11
1.10244e-11
1.1073e-11
1.1085e-11
1.10605e-11
1.09997e-11
1.09028e-11
1.07704e-11
1.06029e-11
1.04012e-11
1.01661e-11
9.89869e-12
9.60009e-12
9.27162e-12
8.91477e-12
8.53119e-12
8.12271e-12
7.69137e-12
7.2394e-12
6.7693e-12
6.28384e-12
5.78611e-12
5.27955e-12
4.76803e-12
4.25586e-12
3.74784e-12
3.24934e-12
2.76622e-12
2.30486e-12
1.87196e-12
1.47433e-12
1.11852e-12
8.10265e-13
5.53822e-13
3.51212e-13
2.01534e-13
1.00521e-13
4.05717e-14
1.14186e-14
1.49493e-15
8.72327e-18
1.03992e-17
1.78242e-15
1.36236e-14
4.84742e-14
1.20371e-13
2.42091e-13
4.23571e-13
6.7106e-13
9.86932e-13
1.37002e-12
1.81628e-12
2.31954e-12
2.87227e-12
3.46622e-12
4.09292e-12
4.74405e-12
5.41167e-12
6.08831e-12
6.76711e-12
7.44178e-12
8.10657e-12
8.75632e-12
9.38632e-12
9.99237e-12
1.05706e-11
1.11177e-11
1.16306e-11
1.21065e-11
1.25431e-11
1.29381e-11
1.32898e-11
1.35965e-11
1.38569e-11
1.407e-11
1.42348e-11
1.43508e-11
1.44174e-11
1.44345e-11
1.44022e-11
1.43206e-11
1.41902e-11
1.40116e-11
1.37857e-11
1.35135e-11
1.31963e-11
1.28356e-11
1.24331e-11
1.19906e-11
1.15105e-11
1.0995e-11
1.04469e-11
9.86921e-12
9.26519e-12
8.63855e-12
7.99336e-12
7.33415e-12
6.66593e-12
5.99426e-12
5.32526e-12
4.66566e-12
4.02275e-12
3.40438e-12
2.81876e-12
2.27424e-12
1.77896e-12
1.3403e-12
9.64273e-13
6.54734e-13
4.12656e-13
2.35499e-13
1.16924e-13
4.70251e-14
1.32025e-14
1.7261e-15
1.00673e-17
1.18187e-17
2.02636e-15
1.55019e-14
5.5245e-14
1.37503e-13
2.77387e-13
4.87103e-13
7.74933e-13
1.14489e-12
1.59692e-12
2.1275e-12
2.73038e-12
3.39741e-12
4.11922e-12
4.88586e-12
5.68728e-12
6.51362e-12
7.35544e-12
8.20388e-12
9.05068e-12
9.88824e-12
1.07096e-11
1.15084e-11
1.22788e-11
1.30157e-11
1.37144e-11
1.43706e-11
1.49805e-11
1.55408e-11
1.60485e-11
1.6501e-11
1.68962e-11
1.72321e-11
1.75073e-11
1.77204e-11
1.78707e-11
1.79575e-11
1.79804e-11
1.79397e-11
1.78354e-11
1.76682e-11
1.74389e-11
1.71487e-11
1.67991e-11
1.63918e-11
1.59288e-11
1.54124e-11
1.48454e-11
1.42306e-11
1.35715e-11
1.28718e-11
1.21356e-11
1.13675e-11
1.05725e-11
9.75633e-12
8.92506e-12
8.08549e-12
7.24504e-12
6.41179e-12
5.59446e-12
4.80235e-12
4.04522e-12
3.33302e-12
2.67558e-12
2.08214e-12
1.56066e-12
1.11716e-12
7.54921e-13
4.73713e-13
2.69301e-13
1.33278e-13
5.34696e-14
1.49864e-14
1.95745e-15
1.14128e-17
1.32412e-17
2.27075e-15
1.73824e-14
6.20152e-14
1.54606e-13
3.12557e-13
5.50292e-13
8.78081e-13
1.30156e-12
1.82182e-12
2.43596e-12
3.13779e-12
3.91867e-12
4.76832e-12
5.67548e-12
6.62846e-12
7.61559e-12
8.6255e-12
9.64732e-12
1.06708e-11
1.16864e-11
1.26853e-11
1.36593e-11
1.46009e-11
1.55035e-11
1.63609e-11
1.71675e-11
1.79184e-11
1.86092e-11
1.92359e-11
1.97951e-11
2.0284e-11
2.06999e-11
2.1041e-11
2.13055e-11
2.14922e-11
2.16003e-11
2.16295e-11
2.15798e-11
2.14514e-11
2.12451e-11
2.09621e-11
2.06037e-11
2.0172e-11
1.96692e-11
1.90979e-11
1.84613e-11
1.77627e-11
1.70062e-11
1.61962e-11
1.53375e-11
1.44355e-11
1.34963e-11
1.25265e-11
1.15332e-11
1.05244e-11
9.50885e-12
8.4958e-12
7.49537e-12
6.5183e-12
5.57583e-12
4.67955e-12
3.84104e-12
3.07142e-12
2.38083e-12
1.77763e-12
1.26771e-12
8.53633e-13
5.33935e-13
3.02685e-13
1.49452e-13
5.9852e-14
1.67547e-14
2.1869e-15
1.27474e-17
1.46582e-17
2.51414e-15
1.9254e-14
6.8747e-14
1.7159e-13
3.47425e-13
6.12835e-13
9.80011e-13
1.45616e-12
2.04353e-12
2.73984e-12
3.53902e-12
4.4321e-12
5.40795e-12
6.45415e-12
7.55751e-12
8.70464e-12
9.8823e-12
1.10777e-11
1.22786e-11
1.34734e-11
1.46515e-11
1.58028e-11
1.69182e-11
1.79893e-11
1.90084e-11
1.99686e-11
2.08636e-11
2.16879e-11
2.24366e-11
2.31053e-11
2.36904e-11
2.41885e-11
2.45973e-11
2.49145e-11
2.51386e-11
2.52687e-11
2.53041e-11
2.52449e-11
2.50914e-11
2.48446e-11
2.45059e-11
2.40771e-11
2.35607e-11
2.29595e-11
2.22768e-11
2.15165e-11
2.0683e-11
1.97813e-11
1.88169e-11
1.77959e-11
1.67253e-11
1.56123e-11
1.44653e-11
1.32932e-11
1.21058e-11
1.09136e-11
9.72793e-12
8.56091e-12
7.42522e-12
6.33398e-12
5.30049e-12
4.3378e-12
3.45821e-12
2.67258e-12
1.98957e-12
1.41483e-12
9.50172e-13
5.92891e-13
3.35405e-13
1.65323e-13
6.61204e-14
1.84926e-14
2.4125e-15
1.40598e-17
1.60619e-17
2.75521e-15
2.11069e-14
7.54061e-14
1.8837e-13
3.81831e-13
6.74456e-13
1.08029e-12
1.60805e-12
2.26107e-12
3.0377e-12
3.93204e-12
4.93479e-12
6.0341e-12
7.21645e-12
8.46727e-12
9.77154e-12
1.11143e-11
1.24807e-11
1.38568e-11
1.5229e-11
1.65847e-11
1.79121e-11
1.92002e-11
2.04391e-11
2.16195e-11
2.27329e-11
2.3772e-11
2.47299e-11
2.56006e-11
2.63789e-11
2.70602e-11
2.76406e-11
2.81171e-11
2.84869e-11
2.87483e-11
2.88999e-11
2.8941e-11
2.88719e-11
2.86927e-11
2.84046e-11
2.80093e-11
2.75093e-11
2.69072e-11
2.62067e-11
2.54117e-11
2.45271e-11
2.35581e-11
2.25109e-11
2.1392e-11
2.02091e-11
1.89702e-11
1.76844e-11
1.63616e-11
1.50124e-11
1.36485e-11
1.22823e-11
1.0927e-11
9.5967e-12
8.30591e-12
7.06955e-12
5.90251e-12
4.8192e-12
3.83295e-12
2.95525e-12
2.19498e-12
1.5575e-12
1.04387e-12
6.50162e-13
3.6722e-13
1.80768e-13
7.2225e-14
2.0186e-14
2.63237e-15
1.53389e-17
1.74459e-17
2.99284e-15
2.29325e-14
8.19624e-14
2.04876e-13
4.15632e-13
7.34912e-13
1.17853e-12
1.75665e-12
2.47362e-12
3.32841e-12
4.31524e-12
5.42453e-12
6.64377e-12
7.95839e-12
9.35254e-12
1.08096e-11
1.2313e-11
1.38461e-11
1.5393e-11
1.69383e-11
1.84675e-11
1.99671e-11
2.14243e-11
2.28274e-11
2.41658e-11
2.54296e-11
2.66099e-11
2.76988e-11
2.86891e-11
2.95748e-11
3.03504e-11
3.10113e-11
3.15538e-11
3.19748e-11
3.22721e-11
3.24441e-11
3.24902e-11
3.24103e-11
3.22048e-11
3.18752e-11
3.14234e-11
3.08522e-11
3.0165e-11
2.9366e-11
2.84599e-11
2.74524e-11
2.63497e-11
2.51591e-11
2.38884e-11
2.25464e-11
2.11427e-11
1.96878e-11
1.81934e-11
1.66717e-11
1.51362e-11
1.3601e-11
1.20814e-11
1.05932e-11
9.1527e-12
7.77648e-12
6.48091e-12
5.28167e-12
4.19297e-12
3.22689e-12
2.39246e-12
1.69475e-12
1.13406e-12
7.05335e-13
3.97893e-13
1.95668e-13
7.81175e-14
2.18211e-14
2.8447e-15
1.65743e-17
1.88042e-17
3.22603e-15
2.47234e-14
8.83898e-14
2.21042e-13
4.48702e-13
7.93987e-13
1.27441e-12
1.90147e-12
2.6805e-12
3.611e-12
4.68733e-12
5.89961e-12
7.23468e-12
8.67699e-12
1.02094e-11
1.1814e-11
1.34724e-11
1.51663e-11
1.6878e-11
1.85904e-11
2.02872e-11
2.19529e-11
2.35734e-11
2.51352e-11
2.66261e-11
2.80349e-11
2.93515e-11
3.05666e-11
3.16723e-11
3.26612e-11
3.35273e-11
3.42653e-11
3.48707e-11
3.53403e-11
3.56713e-11
3.5862e-11
3.59115e-11
3.582e-11
3.55877e-11
3.52165e-11
3.47087e-11
3.40675e-11
3.32967e-11
3.24012e-11
3.13866e-11
3.02593e-11
2.90267e-11
2.76969e-11
2.6279e-11
2.47831e-11
2.32203e-11
2.16025e-11
1.99429e-11
1.82554e-11
1.65552e-11
1.48582e-11
1.31814e-11
1.15424e-11
9.959e-12
8.44947e-12
7.03152e-12
5.72192e-12
4.53576e-12
3.48563e-12
2.58065e-12
1.82561e-12
1.22011e-12
7.58008e-13
4.27192e-13
2.09909e-13
8.37511e-14
2.33847e-14
3.04778e-15
1.77558e-17
2.0132e-17
3.45397e-15
2.64732e-14
9.46659e-14
2.36815e-13
4.80935e-13
8.51501e-13
1.36763e-12
2.0421e-12
2.88113e-12
3.88471e-12
5.04728e-12
6.35867e-12
7.80506e-12
9.36997e-12
1.10351e-11
1.2781e-11
1.45878e-11
1.64357e-11
1.83051e-11
2.01773e-11
2.20341e-11
2.38586e-11
2.56349e-11
2.73479e-11
2.89842e-11
3.0531e-11
3.19771e-11
3.3312e-11
3.45268e-11
3.56134e-11
3.65647e-11
3.7375e-11
3.80392e-11
3.85535e-11
3.8915e-11
3.91218e-11
3.91729e-11
3.90685e-11
3.8809e-11
3.83964e-11
3.78334e-11
3.71236e-11
3.62716e-11
3.52828e-11
3.41634e-11
3.29208e-11
3.15634e-11
3.01002e-11
2.85416e-11
2.68989e-11
2.51844e-11
2.34115e-11
2.15949e-11
1.97502e-11
1.78939e-11
1.60439e-11
1.42185e-11
1.2437e-11
1.07189e-11
9.08368e-12
7.55041e-12
6.13689e-12
4.85896e-12
3.72966e-12
2.75822e-12
1.94914e-12
1.30138e-12
8.07782e-13
4.54892e-13
2.23377e-13
8.90804e-14
2.4864e-14
3.23993e-15
1.88738e-17
2.14254e-17
3.67596e-15
2.81768e-14
1.00773e-13
2.52151e-13
5.12244e-13
9.07305e-13
1.45797e-12
2.17821e-12
3.07506e-12
4.14893e-12
5.3943e-12
6.80067e-12
8.3536e-12
1.00356e-11
1.18273e-11
1.37079e-11
1.5656e-11
1.76502e-11
1.96693e-11
2.16929e-11
2.37013e-11
2.56759e-11
2.75992e-11
2.94548e-11
3.12277e-11
3.29042e-11
3.44715e-11
3.59184e-11
3.72348e-11
3.84119e-11
3.9442e-11
4.03184e-11
4.1036e-11
4.15904e-11
4.19785e-11
4.21981e-11
4.22485e-11
4.21295e-11
4.1842e-11
4.13882e-11
4.07711e-11
3.99949e-11
3.90645e-11
3.7986e-11
3.67665e-11
3.54142e-11
3.39382e-11
3.23487e-11
3.06571e-11
2.88759e-11
2.70187e-11
2.51002e-11
2.31363e-11
2.11442e-11
1.91421e-11
1.71489e-11
1.51849e-11
1.32705e-11
1.14268e-11
9.67454e-12
8.0339e-12
6.52361e-12
5.16024e-12
3.95722e-12
2.92387e-12
2.06444e-12
1.37727e-12
8.54272e-13
4.80772e-13
2.35963e-13
9.40616e-14
2.62468e-14
3.41953e-15
1.99187e-17
2.26815e-17
3.89151e-15
2.98304e-14
1.06697e-13
2.67016e-13
5.42565e-13
9.6129e-13
1.54526e-12
2.30955e-12
3.26195e-12
4.40321e-12
5.7278e-12
7.22489e-12
8.87934e-12
1.06728e-11
1.25847e-11
1.45929e-11
1.66746e-11
1.88068e-11
2.0967e-11
2.31329e-11
2.52835e-11
2.73986e-11
2.94591e-11
3.14475e-11
3.33474e-11
3.51438e-11
3.6823e-11
3.83727e-11
3.97821e-11
4.10414e-11
4.21424e-11
4.30781e-11
4.38426e-11
4.44315e-11
4.48414e-11
4.50701e-11
4.51166e-11
4.49811e-11
4.46647e-11
4.41698e-11
4.34998e-11
4.26592e-11
4.16537e-11
4.04899e-11
3.91756e-11
3.77198e-11
3.61324e-11
3.44247e-11
3.2609e-11
3.06988e-11
2.87089e-11
2.66553e-11
2.45552e-11
2.2427e-11
2.02901e-11
1.81651e-11
1.60733e-11
1.40367e-11
1.20775e-11
1.02177e-11
8.47841e-12
6.87923e-12
5.43735e-12
4.16659e-12
3.07633e-12
2.17058e-12
1.44715e-12
8.97098e-13
5.04618e-13
2.47561e-13
9.8652e-14
2.75211e-14
3.58503e-15
2.08816e-17
2.3898e-17
4.10024e-15
3.14311e-14
1.12429e-13
2.81388e-13
5.71853e-13
1.01338e-12
1.62939e-12
2.43598e-12
3.44159e-12
4.64728e-12
6.04745e-12
7.63086e-12
9.38171e-12
1.12807e-11
1.33061e-11
1.54346e-11
1.76419e-11
1.99036e-11
2.21956e-11
2.44943e-11
2.6777e-11
2.90221e-11
3.12094e-11
3.33199e-11
3.5336e-11
3.72417e-11
3.90223e-11
4.06647e-11
4.21572e-11
4.34895e-11
4.46527e-11
4.56395e-11
4.64438e-11
4.70607e-11
4.74868e-11
4.772e-11
4.77592e-11
4.76049e-11
4.72582e-11
4.67221e-11
4.60002e-11
4.50976e-11
4.40204e-11
4.2776e-11
4.13727e-11
3.98202e-11
3.81294e-11
3.63123e-11
3.43821e-11
3.23535e-11
3.02421e-11
2.80651e-11
2.58407e-11
2.35885e-11
2.13292e-11
1.90846e-11
1.6877e-11
1.47298e-11
1.26661e-11
1.0709e-11
8.88048e-12
7.20094e-12
5.6881e-12
4.35608e-12
3.21434e-12
2.26669e-12
1.51045e-12
9.35892e-13
5.26222e-13
2.5807e-13
1.02811e-13
2.86755e-14
3.73494e-15
2.17537e-17
2.50739e-17
4.30197e-15
3.29775e-14
1.17963e-13
2.95255e-13
6.00086e-13
1.06354e-12
1.7103e-12
2.55741e-12
3.61389e-12
4.88102e-12
6.35309e-12
8.0184e-12
9.86046e-12
1.1859e-11
1.39912e-11
1.62324e-11
1.85571e-11
2.09394e-11
2.33536e-11
2.57749e-11
2.81791e-11
3.05434e-11
3.28461e-11
3.50672e-11
3.7188e-11
3.91915e-11
4.10622e-11
4.27861e-11
4.4351e-11
4.5746e-11
4.69619e-11
4.79908e-11
4.88266e-11
4.94643e-11
4.99004e-11
5.01328e-11
5.01607e-11
4.99846e-11
4.96061e-11
4.90284e-11
4.82557e-11
4.72934e-11
4.61481e-11
4.48279e-11
4.33417e-11
4.17e-11
3.99142e-11
3.79971e-11
3.5963e-11
3.38271e-11
3.16062e-11
2.93182e-11
2.69825e-11
2.46195e-11
2.22511e-11
1.98999e-11
1.75895e-11
1.5344e-11
1.31876e-11
1.11442e-11
9.23673e-12
7.48601e-12
5.91032e-12
4.52405e-12
3.3367e-12
2.35192e-12
1.56658e-12
9.703e-13
5.45383e-13
2.67389e-13
1.06499e-13
2.9699e-14
3.86783e-15
2.25267e-17
2.62088e-17
4.49664e-15
3.44693e-14
1.23298e-13
3.08614e-13
6.27261e-13
1.11177e-12
1.78801e-12
2.67388e-12
3.7789e-12
5.1045e-12
6.64479e-12
8.3876e-12
1.03157e-11
1.24078e-11
1.46399e-11
1.69863e-11
1.94199e-11
2.19135e-11
2.44402e-11
2.69736e-11
2.94883e-11
3.19602e-11
3.43666e-11
3.66862e-11
3.88994e-11
4.09884e-11
4.29369e-11
4.47304e-11
4.63561e-11
4.78026e-11
4.90606e-11
5.01219e-11
5.09802e-11
5.16306e-11
5.20697e-11
5.22955e-11
5.23074e-11
5.21062e-11
5.16939e-11
5.1074e-11
5.02512e-11
4.92314e-11
4.80217e-11
4.66307e-11
4.50681e-11
4.33447e-11
4.14728e-11
3.94659e-11
3.73388e-11
3.51076e-11
3.27898e-11
3.04042e-11
2.79709e-11
2.55112e-11
2.30477e-11
2.0604e-11
1.82044e-11
1.58739e-11
1.36374e-11
1.15196e-11
9.54391e-12
7.73182e-12
6.10194e-12
4.66889e-12
3.44223e-12
2.42543e-12
1.615e-12
9.99978e-13
5.61908e-13
2.75425e-13
1.09678e-13
3.05811e-14
3.98233e-15
2.31926e-17
2.73033e-17
4.68436e-15
3.59073e-14
1.28439e-13
3.21476e-13
6.53401e-13
1.15811e-12
1.86258e-12
2.78548e-12
3.93676e-12
5.31794e-12
6.92286e-12
8.73881e-12
1.07477e-11
1.29274e-11
1.52527e-11
1.76965e-11
2.02305e-11
2.28263e-11
2.54553e-11
2.80901e-11
3.07039e-11
3.32715e-11
3.57691e-11
3.81744e-11
4.04672e-11
4.26287e-11
4.46421e-11
4.64924e-11
4.81663e-11
4.96525e-11
5.09411e-11
5.20241e-11
5.28952e-11
5.35495e-11
5.39838e-11
5.41964e-11
5.41871e-11
5.3957e-11
5.35085e-11
5.28455e-11
5.19731e-11
5.08979e-11
4.96274e-11
4.81708e-11
4.65382e-11
4.47411e-11
4.27924e-11
4.07061e-11
3.84977e-11
3.61838e-11
3.37825e-11
3.13133e-11
2.87969e-11
2.62552e-11
2.37116e-11
2.119e-11
1.87158e-11
1.63142e-11
1.4011e-11
1.18312e-11
9.79886e-12
7.93581e-12
6.26095e-12
4.78909e-12
3.52981e-12
2.48643e-12
1.65517e-12
1.0246e-12
5.75616e-13
2.82089e-13
1.12313e-13
3.1312e-14
4.07717e-15
2.37441e-17
2.8359e-17
4.86539e-15
3.72935e-14
1.33392e-13
3.3386e-13
6.78546e-13
1.20264e-12
1.93414e-12
2.89242e-12
4.08777e-12
5.52172e-12
7.18778e-12
9.07263e-12
1.11574e-11
1.34188e-11
1.58304e-11
1.8364e-11
2.09899e-11
2.36783e-11
2.63995e-11
2.91246e-11
3.18258e-11
3.44767e-11
3.70526e-11
3.95305e-11
4.18892e-11
4.41095e-11
4.61741e-11
4.80677e-11
4.97767e-11
5.12896e-11
5.25966e-11
5.36899e-11
5.45631e-11
5.52118e-11
5.56328e-11
5.58252e-11
5.57889e-11
5.55255e-11
5.50379e-11
5.43306e-11
5.3409e-11
5.22803e-11
5.09527e-11
4.94355e-11
4.77397e-11
4.58772e-11
4.38612e-11
4.17064e-11
3.94287e-11
3.70451e-11
3.45743e-11
3.20362e-11
2.94518e-11
2.68437e-11
2.42354e-11
2.16517e-11
1.91179e-11
1.666e-11
1.4304e-11
1.20755e-11
9.9986e-12
8.09555e-12
6.38545e-12
4.88318e-12
3.59835e-12
2.53417e-12
1.68661e-12
1.04386e-12
5.86335e-13
2.87297e-13
1.14372e-13
3.18825e-14
4.15116e-15
2.41742e-17
2.93781e-17
5.04013e-15
3.86311e-14
1.38169e-13
3.45795e-13
7.02759e-13
1.24548e-12
2.00288e-12
2.99498e-12
4.23234e-12
5.71638e-12
7.44024e-12
9.38992e-12
1.15456e-11
1.38829e-11
1.63743e-11
1.899e-11
2.16993e-11
2.44708e-11
2.72737e-11
3.00779e-11
3.28544e-11
3.5576e-11
3.82169e-11
4.07535e-11
4.3164e-11
4.54288e-11
4.75302e-11
4.94527e-11
5.11828e-11
5.27089e-11
5.40214e-11
5.51127e-11
5.59768e-11
5.66094e-11
5.70082e-11
5.71725e-11
5.71029e-11
5.68014e-11
5.62715e-11
5.55182e-11
5.45476e-11
5.33672e-11
5.19858e-11
5.04134e-11
4.86612e-11
4.67415e-11
4.46682e-11
4.24561e-11
4.01215e-11
3.76819e-11
3.51561e-11
3.25642e-11
2.99277e-11
2.72692e-11
2.46126e-11
2.19828e-11
1.94054e-11
1.69066e-11
1.45126e-11
1.2249e-11
1.01403e-11
8.2088e-12
6.47364e-12
4.9498e-12
3.64687e-12
2.56795e-12
1.70884e-12
1.05748e-12
5.93907e-13
2.90973e-13
1.15823e-13
3.22843e-14
4.20321e-15
2.44766e-17
3.03637e-17
5.20909e-15
3.99242e-14
1.42785e-13
3.5732e-13
7.2612e-13
1.28676e-12
2.06904e-12
3.09353e-12
4.37096e-12
5.90261e-12
7.68112e-12
9.69172e-12
1.19136e-11
1.43212e-11
1.68858e-11
1.95761e-11
2.23602e-11
2.52054e-11
2.80795e-11
3.09513e-11
3.37909e-11
3.65699e-11
3.92621e-11
4.18432e-11
4.42908e-11
4.65851e-11
4.87082e-11
5.06447e-11
5.23811e-11
5.3906e-11
5.52103e-11
5.62866e-11
5.71295e-11
5.77351e-11
5.8102e-11
5.823e-11
5.81202e-11
5.77753e-11
5.71995e-11
5.63983e-11
5.53785e-11
5.41482e-11
5.27165e-11
5.1094e-11
4.92922e-11
4.7324e-11
4.52034e-11
4.29456e-11
4.0567e-11
3.80853e-11
3.55194e-11
3.28895e-11
3.02172e-11
2.75251e-11
2.48371e-11
2.21781e-11
1.95736e-11
1.70499e-11
1.46331e-11
1.23488e-11
1.02215e-11
8.27347e-12
6.52391e-12
4.98773e-12
3.67446e-12
2.58714e-12
1.72146e-12
1.0652e-12
5.98191e-13
2.93049e-13
1.1664e-13
3.25099e-14
4.23236e-15
2.46457e-17
3.13195e-17
5.37292e-15
4.11777e-14
1.47257e-13
3.68482e-13
7.48728e-13
1.32666e-12
2.13291e-12
3.18849e-12
4.50425e-12
6.08121e-12
7.91144e-12
9.97929e-12
1.22629e-11
1.47354e-11
1.73667e-11
2.01243e-11
2.29747e-11
2.58839e-11
2.88186e-11
3.17464e-11
3.46364e-11
3.74596e-11
4.01889e-11
4.27995e-11
4.52689e-11
4.75771e-11
4.97063e-11
5.16411e-11
5.33683e-11
5.48771e-11
5.61587e-11
5.72064e-11
5.80155e-11
5.85823e-11
5.89071e-11
5.89899e-11
5.88327e-11
5.84388e-11
5.78132e-11
5.6962e-11
5.58927e-11
5.4614e-11
5.31354e-11
5.14681e-11
4.96238e-11
4.76158e-11
4.54582e-11
4.31665e-11
4.07571e-11
3.82476e-11
3.56571e-11
3.30055e-11
3.03141e-11
2.76057e-11
2.49036e-11
2.22326e-11
1.96181e-11
1.7086e-11
1.46621e-11
1.2372e-11
1.02398e-11
8.28777e-12
6.53484e-12
4.99587e-12
3.68033e-12
2.59119e-12
1.72411e-12
1.0668e-12
5.99067e-13
2.93465e-13
1.16801e-13
3.25531e-14
4.23782e-15
2.4677e-17
3.22499e-17
5.53238e-15
4.23976e-14
1.51609e-13
3.79335e-13
7.70694e-13
1.36539e-12
2.19481e-12
3.28036e-12
4.6329e-12
6.25311e-12
8.13236e-12
1.0254e-11
1.2595e-11
1.51273e-11
1.78191e-11
2.06366e-11
2.35448e-11
2.65085e-11
2.94931e-11
3.2465e-11
3.53926e-11
3.8246e-11
4.09978e-11
4.36227e-11
4.60981e-11
4.84041e-11
5.0523e-11
5.24397e-11
5.41417e-11
5.56186e-11
5.68625e-11
5.78673e-11
5.86291e-11
5.91453e-11
5.94174e-11
5.94458e-11
5.92334e-11
5.87846e-11
5.8105e-11
5.72015e-11
5.60823e-11
5.47565e-11
5.32345e-11
5.15275e-11
4.9648e-11
4.76091e-11
4.54253e-11
4.31118e-11
4.06851e-11
3.81626e-11
3.55631e-11
3.29064e-11
3.02133e-11
2.75061e-11
2.48079e-11
2.21428e-11
1.95357e-11
1.70121e-11
1.45974e-11
1.23166e-11
1.01937e-11
8.25032e-12
6.50535e-12
4.97343e-12
3.66389e-12
2.5797e-12
1.7165e-12
1.06211e-12
5.96443e-13
2.92179e-13
1.16287e-13
3.24092e-14
4.21896e-15
2.45668e-17
3.31596e-17
5.68829e-15
4.35901e-14
1.55862e-13
3.8994e-13
7.92144e-13
1.40318e-12
2.25511e-12
3.36967e-12
4.75766e-12
6.41929e-12
8.34512e-12
1.05175e-11
1.29119e-11
1.54988e-11
1.82451e-11
2.11152e-11
2.40728e-11
2.70813e-11
3.01048e-11
3.31089e-11
3.60609e-11
3.89304e-11
4.16896e-11
4.4313e-11
4.67781e-11
4.90651e-11
5.11567e-11
5.30385e-11
5.46985e-11
5.61274e-11
5.7318e-11
5.82653e-11
5.89657e-11
5.94194e-11
5.96276e-11
5.95919e-11
5.93164e-11
5.88063e-11
5.80683e-11
5.71102e-11
5.59408e-11
5.45699e-11
5.30081e-11
5.12672e-11
4.93598e-11
4.72991e-11
4.50996e-11
4.27766e-11
4.03462e-11
3.78256e-11
3.52332e-11
3.25882e-11
2.99109e-11
2.72229e-11
2.45466e-11
2.19054e-11
1.93236e-11
1.68257e-11
1.44367e-11
1.21808e-11
1.00814e-11
8.15983e-12
6.43443e-12
4.91961e-12
3.62458e-12
2.55226e-12
1.6984e-12
1.05099e-12
5.90235e-13
2.8915e-13
1.15084e-13
3.20741e-14
4.1753e-15
2.43123e-17
3.40538e-17
5.84154e-15
4.47624e-14
1.60042e-13
4.00361e-13
8.13211e-13
1.44025e-12
2.3142e-12
3.45701e-12
4.87934e-12
6.5808e-12
8.55103e-12
1.07711e-11
1.32151e-11
1.58519e-11
1.86467e-11
2.15624e-11
2.45609e-11
2.76044e-11
3.06559e-11
3.36797e-11
3.66427e-11
3.95137e-11
4.22648e-11
4.48704e-11
4.73084e-11
4.95591e-11
5.1606e-11
5.34355e-11
5.50365e-11
5.64006e-11
5.75219e-11
5.83965e-11
5.90213e-11
5.94e-11
5.95328e-11
5.94235e-11
5.90771e-11
5.85e-11
5.76997e-11
5.66849e-11
5.5465e-11
5.40505e-11
5.24526e-11
5.06832e-11
4.87552e-11
4.66819e-11
4.44778e-11
4.21577e-11
3.97376e-11
3.72341e-11
3.4665e-11
3.20487e-11
2.94049e-11
2.67542e-11
2.41181e-11
2.1519e-11
1.89804e-11
1.65257e-11
1.4179e-11
1.19637e-11
9.90237e-12
8.01571e-12
6.3216e-12
4.83407e-12
3.56213e-12
2.50869e-12
1.66967e-12
1.03337e-12
5.80408e-13
2.84364e-13
1.13187e-13
3.15463e-14
4.10663e-15
2.39123e-17
3.49377e-17
5.99305e-15
4.59213e-14
1.64176e-13
4.10665e-13
8.34032e-13
1.47687e-12
2.37246e-12
3.54296e-12
4.99872e-12
6.73869e-12
8.75139e-12
1.10165e-11
1.35065e-11
1.61885e-11
1.9026e-11
2.198e-11
2.5011e-11
2.80797e-11
3.11478e-11
3.41789e-11
3.7139e-11
3.99966e-11
4.27236e-11
4.52949e-11
4.76883e-11
4.9885e-11
5.18694e-11
5.36287e-11
5.51532e-11
5.64356e-11
5.74715e-11
5.8257e-11
5.87937e-11
5.90842e-11
5.91308e-11
5.89384e-11
5.85133e-11
5.78632e-11
5.69966e-11
5.59229e-11
5.46525e-11
5.31964e-11
5.15662e-11
4.97742e-11
4.78334e-11
4.57571e-11
4.35595e-11
4.12551e-11
3.88593e-11
3.63882e-11
3.38586e-11
3.12881e-11
2.86955e-11
2.61001e-11
2.35225e-11
2.09838e-11
1.85062e-11
1.61121e-11
1.38243e-11
1.16652e-11
9.65651e-12
7.81797e-12
6.16687e-12
4.7168e-12
3.47654e-12
2.44901e-12
1.63034e-12
1.00924e-12
5.66967e-13
2.77822e-13
1.10595e-13
3.08263e-14
4.01304e-15
2.33676e-17
3.58167e-17
6.14371e-15
4.70742e-14
1.68289e-13
4.20918e-13
8.54746e-13
1.51326e-12
2.4303e-12
3.62808e-12
5.11661e-12
6.89396e-12
8.94743e-12
1.12551e-11
1.37877e-11
1.65104e-11
1.93847e-11
2.237e-11
2.54249e-11
2.85086e-11
3.15819e-11
3.46073e-11
3.75503e-11
4.03792e-11
4.3066e-11
4.55856e-11
4.79167e-11
5.00415e-11
5.19451e-11
5.36163e-11
5.50465e-11
5.62303e-11
5.7164e-11
5.78455e-11
5.82807e-11
5.84705e-11
5.84198e-11
5.81351e-11
5.7624e-11
5.68953e-11
5.59588e-11
5.48247e-11
5.35041e-11
5.20088e-11
5.03508e-11
4.85425e-11
4.6597e-11
4.45275e-11
4.23477e-11
4.00718e-11
3.77144e-11
3.52908e-11
3.2817e-11
3.03093e-11
2.77854e-11
2.52633e-11
2.27621e-11
2.03018e-11
1.79029e-11
1.55865e-11
1.3374e-11
1.12865e-11
9.34468e-12
7.56725e-12
5.97073e-12
4.56817e-12
3.36808e-12
2.37339e-12
1.58051e-12
9.78698e-13
5.49957e-13
2.69548e-13
1.07321e-13
2.99171e-14
3.89492e-15
2.26802e-17
3.66957e-17
6.29441e-15
4.82278e-14
1.72406e-13
4.31184e-13
8.75483e-13
1.54967e-12
2.48808e-12
3.71294e-12
5.23374e-12
7.04757e-12
9.14029e-12
1.14882e-11
1.40601e-11
1.68189e-11
1.97243e-11
2.27335e-11
2.58036e-11
2.88921e-11
3.19587e-11
3.49652e-11
3.78766e-11
4.06611e-11
4.32908e-11
4.57413e-11
4.79922e-11
5.00267e-11
5.18313e-11
5.33962e-11
5.47147e-11
5.57827e-11
5.6597e-11
5.71622e-11
5.74814e-11
5.75585e-11
5.74002e-11
5.70145e-11
5.64107e-11
5.55987e-11
5.45893e-11
5.33939e-11
5.20244e-11
5.0493e-11
4.8812e-11
4.69942e-11
4.50524e-11
4.29997e-11
4.08492e-11
3.86147e-11
3.63098e-11
3.39489e-11
3.15467e-11
2.91185e-11
2.66804e-11
2.4249e-11
2.18419e-11
1.94773e-11
1.71742e-11
1.4952e-11
1.28307e-11
1.08299e-11
8.96874e-12
7.26503e-12
5.73431e-12
4.38902e-12
3.23736e-12
2.28227e-12
1.52048e-12
9.41906e-13
5.29477e-13
2.59592e-13
1.03382e-13
2.88243e-14
3.75301e-15
2.18548e-17
3.75794e-17
6.44595e-15
4.93884e-14
1.76551e-13
4.41522e-13
8.96366e-13
1.58632e-12
2.54614e-12
3.798e-12
5.35075e-12
7.2003e-12
9.33088e-12
1.17168e-11
1.43246e-11
1.71152e-11
2.00456e-11
2.30713e-11
2.61475e-11
2.92303e-11
3.22781e-11
3.52521e-11
3.81169e-11
4.08409e-11
4.33965e-11
4.57603e-11
4.79128e-11
4.98386e-11
5.1526e-11
5.29668e-11
5.41561e-11
5.50906e-11
5.57718e-11
5.62063e-11
5.63967e-11
5.63499e-11
5.60747e-11
5.55806e-11
5.48782e-11
5.3979e-11
5.2895e-11
5.16385e-11
5.02221e-11
4.86583e-11
4.69601e-11
4.514e-11
4.32108e-11
4.11851e-11
3.90757e-11
3.68953e-11
3.46568e-11
3.23734e-11
3.00583e-11
2.77257e-11
2.53899e-11
2.30659e-11
2.07695e-11
1.85173e-11
1.63262e-11
1.42141e-11
1.2199e-11
1.0299e-11
8.53171e-12
6.9137e-12
5.45947e-12
4.18076e-12
3.0854e-12
2.17633e-12
1.4507e-12
8.99149e-13
5.05685e-13
2.48031e-13
9.88115e-14
2.75566e-14
3.58847e-15
2.08978e-17
3.84716e-17
6.59899e-15
5.05613e-14
1.80742e-13
4.51982e-13
9.17496e-13
1.62337e-12
2.60476e-12
3.88366e-12
5.46814e-12
7.35276e-12
9.51987e-12
1.19416e-11
1.4582e-11
1.73996e-11
2.0349e-11
2.33835e-11
2.64564e-11
2.95225e-11
3.25389e-11
3.54664e-11
3.82694e-11
4.09165e-11
4.33809e-11
4.56401e-11
4.76762e-11
4.94752e-11
5.10273e-11
5.23266e-11
5.33698e-11
5.4154e-11
5.46903e-11
5.49797e-11
5.50298e-11
5.48494e-11
5.44491e-11
5.38402e-11
5.3035e-11
5.20463e-11
5.08872e-11
4.95709e-11
4.81106e-11
4.65194e-11
4.48103e-11
4.29959e-11
4.10886e-11
3.91006e-11
3.7044e-11
3.49304e-11
3.27719e-11
3.05801e-11
2.83671e-11
2.61452e-11
2.39272e-11
2.17262e-11
1.95562e-11
1.74317e-11
1.53678e-11
1.33803e-11
1.14854e-11
9.69925e-12
8.03798e-12
6.51674e-12
5.14889e-12
3.94538e-12
2.91363e-12
2.05659e-12
1.37182e-12
8.50828e-13
4.78804e-13
2.34973e-13
9.36514e-14
2.61262e-14
3.40289e-15
1.98188e-17
3.93754e-17
6.75407e-15
5.17506e-14
1.84995e-13
4.62603e-13
9.3895e-13
1.66096e-12
2.66414e-12
3.97019e-12
5.58624e-12
7.50527e-12
9.70757e-12
1.21628e-11
1.48324e-11
1.7672e-11
2.06339e-11
2.36691e-11
2.6729e-11
2.97669e-11
3.27391e-11
3.56057e-11
3.83313e-11
4.0885e-11
4.3241e-11
4.5378e-11
4.72797e-11
4.89342e-11
5.03339e-11
5.14752e-11
5.23532e-11
5.29782e-11
5.3354e-11
5.34869e-11
5.33866e-11
5.30644e-11
5.25327e-11
5.18047e-11
5.08941e-11
4.98152e-11
4.85821e-11
4.72088e-11
4.57091e-11
4.40965e-11
4.23839e-11
4.05838e-11
3.87083e-11
3.67689e-11
3.47766e-11
3.27424e-11
3.06768e-11
2.85902e-11
2.64931e-11
2.43961e-11
2.23101e-11
2.02464e-11
1.82168e-11
1.62339e-11
1.43106e-11
1.24607e-11
1.06983e-11
9.03785e-12
7.49338e-12
6.0788e-12
4.80618e-12
3.68559e-12
2.72401e-12
1.92438e-12
1.28473e-12
7.97478e-13
4.4913e-13
2.20564e-13
8.79591e-14
2.4549e-14
3.19834e-15
1.86297e-17
4.02923e-17
6.91147e-15
5.29586e-14
1.89319e-13
4.73407e-13
9.60773e-13
1.69917e-12
2.72437e-12
4.05769e-12
5.70513e-12
7.65788e-12
9.89387e-12
1.238e-11
1.5075e-11
1.79314e-11
2.0899e-11
2.39264e-11
2.6963e-11
2.99609e-11
3.28755e-11
3.56667e-11
3.82992e-11
4.0743e-11
4.29734e-11
4.49708e-11
4.67209e-11
4.82141e-11
4.94454e-11
5.04094e-11
5.11133e-11
5.15646e-11
5.17684e-11
5.1735e-11
5.14766e-11
5.10066e-11
5.03394e-11
4.949e-11
4.84737e-11
4.7306e-11
4.60019e-11
4.45762e-11
4.30432e-11
4.14164e-11
3.97088e-11
3.79326e-11
3.60991e-11
3.42191e-11
3.23029e-11
3.036e-11
2.83996e-11
2.64308e-11
2.44622e-11
2.25026e-11
2.05612e-11
1.86471e-11
1.67702e-11
1.49407e-11
1.31695e-11
1.14683e-11
9.8489e-12
8.32386e-12
6.90539e-12
5.60581e-12
4.43591e-12
3.40481e-12
2.51901e-12
1.78142e-12
1.19054e-12
7.39773e-13
4.17037e-13
2.04983e-13
8.18061e-14
2.28447e-14
2.97739e-15
1.73455e-17
4.12227e-17
7.07124e-15
5.41859e-14
1.93716e-13
4.84397e-13
9.8297e-13
1.73799e-12
2.78543e-12
4.14609e-12
5.82463e-12
7.81021e-12
1.00782e-11
1.25925e-11
1.53085e-11
1.81761e-11
2.1142e-11
2.41525e-11
2.71552e-11
3.01008e-11
3.29442e-11
3.56451e-11
3.81688e-11
4.04863e-11
4.25744e-11
4.44156e-11
4.59978e-11
4.73143e-11
4.83588e-11
4.91347e-11
4.96537e-11
4.99192e-11
4.9942e-11
4.97353e-11
4.93134e-11
4.86922e-11
4.7888e-11
4.69176e-11
4.57977e-11
4.45448e-11
4.3175e-11
4.17036e-11
4.0145e-11
3.85129e-11
3.68199e-11
3.50777e-11
3.3297e-11
3.14876e-11
2.96587e-11
2.78185e-11
2.59747e-11
2.41347e-11
2.23056e-11
2.04944e-11
1.8708e-11
1.69537e-11
1.52392e-11
1.35726e-11
1.19626e-11
1.04185e-11
8.95037e-12
7.56841e-12
6.28312e-12
5.10501e-12
4.04369e-12
3.10725e-12
2.30165e-12
1.62978e-12
1.09061e-12
6.78538e-13
3.82979e-13
1.88449e-13
7.52785e-14
2.10372e-14
2.74314e-15
1.59843e-17
4.21649e-17
7.23312e-15
5.54304e-14
1.98178e-13
4.95555e-13
1.0055e-12
1.77733e-12
2.84715e-12
4.23506e-12
5.94421e-12
7.96147e-12
1.02593e-11
1.27984e-11
1.55309e-11
1.84033e-11
2.13596e-11
2.43436e-11
2.73012e-11
3.0182e-11
3.29402e-11
3.5536e-11
3.79353e-11
4.01106e-11
4.20406e-11
4.37099e-11
4.51098e-11
4.62327e-11
4.70768e-11
4.76589e-11
4.79801e-11
4.80517e-11
4.78874e-11
4.7503e-11
4.69154e-11
4.61426e-11
4.5203e-11
4.41149e-11
4.28964e-11
4.15649e-11
4.0137e-11
3.86286e-11
3.70541e-11
3.54269e-11
3.37592e-11
3.20621e-11
3.03453e-11
2.86175e-11
2.68866e-11
2.51595e-11
2.34424e-11
2.1741e-11
2.00605e-11
1.84061e-11
1.67828e-11
1.51958e-11
1.36508e-11
1.21537e-11
1.0711e-11
9.32998e-12
8.0184e-12
6.78461e-12
5.63724e-12
4.58492e-12
3.63612e-12
2.79786e-12
2.07551e-12
1.47192e-12
9.86526e-13
6.1474e-13
3.47489e-13
1.7122e-13
6.84768e-14
1.91543e-14
2.49917e-15
1.45669e-17
4.31155e-17
7.39651e-15
5.66876e-14
2.02689e-13
5.06836e-13
1.02825e-12
1.817e-12
2.90918e-12
4.32405e-12
6.06301e-12
8.11038e-12
1.04355e-11
1.29955e-11
1.57391e-11
1.86094e-11
2.15475e-11
2.44949e-11
2.73958e-11
3.01989e-11
3.28581e-11
3.53342e-11
3.75941e-11
3.96121e-11
4.13691e-11
4.28532e-11
4.40558e-11
4.49686e-11
4.56122e-11
4.59868e-11
4.61032e-11
4.59759e-11
4.56216e-11
4.50585e-11
4.43064e-11
4.33854e-11
4.23153e-11
4.11162e-11
3.9807e-11
3.84062e-11
3.69306e-11
3.53962e-11
3.38173e-11
3.22068e-11
3.05763e-11
2.89357e-11
2.7294e-11
2.56585e-11
2.40357e-11
2.2431e-11
2.0849e-11
1.92937e-11
1.77686e-11
1.6277e-11
1.48221e-11
1.3407e-11
1.20354e-11
1.07111e-11
9.43878e-12
8.22341e-12
7.0708e-12
5.98735e-12
4.97987e-12
4.05524e-12
3.22073e-12
2.48227e-12
1.84467e-12
1.31065e-12
8.80126e-13
5.49485e-13
3.11173e-13
1.53586e-13
6.15151e-14
1.72273e-14
2.24954e-15
1.31167e-17
4.40687e-17
7.56042e-15
5.79497e-14
2.07219e-13
5.18165e-13
1.05108e-12
1.85669e-12
2.97099e-12
4.41221e-12
6.17975e-12
8.25514e-12
1.06043e-11
1.31807e-11
1.59294e-11
1.879e-11
2.17007e-11
2.46009e-11
2.74332e-11
3.01456e-11
3.26922e-11
3.50344e-11
3.71409e-11
3.89877e-11
4.05593e-11
4.18443e-11
4.28322e-11
4.35384e-11
4.39682e-11
4.41297e-11
4.40378e-11
4.37103e-11
4.31665e-11
4.24281e-11
4.15166e-11
4.04541e-11
3.92623e-11
3.79622e-11
3.65738e-11
3.51158e-11
3.36055e-11
3.20583e-11
3.04882e-11
2.89075e-11
2.73267e-11
2.57547e-11
2.41992e-11
2.26661e-11
2.11603e-11
1.96858e-11
1.82455e-11
1.68417e-11
1.54762e-11
1.41505e-11
1.28659e-11
1.16239e-11
1.04262e-11
9.27474e-12
8.17215e-12
7.12161e-12
6.127e-12
5.19287e-12
4.32432e-12
3.52671e-12
2.8058e-12
2.16673e-12
1.61362e-12
1.14908e-12
7.73423e-13
4.83992e-13
2.74702e-13
1.35868e-13
5.45188e-14
1.52906e-14
1.99867e-15
1.16594e-17
4.50164e-17
7.72345e-15
5.92058e-14
2.11729e-13
5.29435e-13
1.07375e-12
1.89597e-12
3.03186e-12
4.49839e-12
6.29277e-12
8.39344e-12
1.07627e-11
1.33502e-11
1.60971e-11
1.89397e-11
2.18134e-11
2.46554e-11
2.74072e-11
3.00162e-11
3.2437e-11
3.46322e-11
3.65722e-11
3.82365e-11
3.96103e-11
4.06807e-11
4.14554e-11
4.19462e-11
4.21572e-11
4.21037e-11
4.18039e-11
4.12785e-11
4.05507e-11
3.96439e-11
3.85822e-11
3.73892e-11
3.6088e-11
3.47006e-11
3.32475e-11
3.17475e-11
3.02175e-11
2.86728e-11
2.71264e-11
2.55895e-11
2.40716e-11
2.25802e-11
2.11214e-11
1.96998e-11
1.83187e-11
1.69803e-11
1.5686e-11
1.44365e-11
1.32318e-11
1.20719e-11
1.09565e-11
9.88522e-12
8.85818e-12
7.87571e-12
6.93866e-12
6.04851e-12
5.20745e-12
4.41833e-12
3.6847e-12
3.01053e-12
2.40009e-12
1.85781e-12
1.38713e-12
9.90495e-13
6.68564e-13
4.19559e-13
2.38787e-13
1.18408e-13
4.7621e-14
1.33807e-14
1.75126e-15
1.02223e-17
4.59481e-17
7.88379e-15
6.04416e-14
2.16166e-13
5.40508e-13
1.09596e-12
1.93429e-12
3.09084e-12
4.58116e-12
6.39998e-12
8.52246e-12
1.09071e-11
1.34996e-11
1.62371e-11
1.90528e-11
2.18794e-11
2.4652e-11
2.73114e-11
2.98047e-11
3.20876e-11
3.41239e-11
3.58869e-11
3.73582e-11
3.85214e-11
3.93736e-11
3.99349e-11
4.02041e-11
4.01962e-11
3.99298e-11
3.94263e-11
3.87105e-11
3.78079e-11
3.67443e-11
3.55456e-11
3.4237e-11
3.28426e-11
3.13849e-11
2.98845e-11
2.83601e-11
2.6828e-11
2.53025e-11
2.37957e-11
2.23173e-11
2.08755e-11
1.94762e-11
1.81239e-11
1.68215e-11
1.55707e-11
1.43722e-11
1.32257e-11
1.21303e-11
1.10846e-11
1.00871e-11
9.13596e-12
8.22951e-12
7.36631e-12
6.5453e-12
5.76588e-12
5.02809e-12
4.33264e-12
3.68095e-12
3.07516e-12
2.518e-12
2.01247e-12
1.5622e-12
1.17005e-12
8.38253e-13
5.67741e-13
3.57515e-13
2.04159e-13
1.01556e-13
4.09578e-14
1.15348e-14
1.51209e-15
8.83297e-18
4.68507e-17
8.03917e-15
6.16396e-14
2.20463e-13
5.51211e-13
1.11734e-12
1.97096e-12
3.14682e-12
4.65878e-12
6.49892e-12
8.63893e-12
1.10333e-11
1.36238e-11
1.63438e-11
1.91232e-11
2.18921e-11
2.45845e-11
2.714e-11
2.95065e-11
3.16404e-11
3.35079e-11
3.50857e-11
3.63545e-11
3.72967e-11
3.79405e-11
3.82806e-11
3.83298e-11
3.81069e-11
3.76336e-11
3.69361e-11
3.60417e-11
3.49781e-11
3.37734e-11
3.2455e-11
3.10494e-11
2.95813e-11
2.80732e-11
2.65456e-11
2.50164e-11
2.35011e-11
2.20127e-11
2.05617e-11
1.91566e-11
1.78035e-11
1.65068e-11
1.52692e-11
1.4092e-11
1.29751e-11
1.19177e-11
1.09179e-11
9.97351e-12
9.08178e-12
8.23982e-12
7.44467e-12
6.69349e-12
5.9837e-12
5.31308e-12
4.67989e-12
4.08302e-12
3.52198e-12
2.99703e-12
2.50914e-12
2.05992e-12
1.65144e-12
1.28633e-12
9.67058e-13
6.95604e-13
4.73082e-13
2.99153e-13
1.7153e-13
8.56533e-14
3.46627e-14
9.78951e-15
1.28584e-15
7.5184e-18
4.7709e-17
8.18696e-15
6.27787e-14
2.24544e-13
5.6134e-13
1.13747e-12
2.00519e-12
3.19846e-12
4.72928e-12
6.58683e-12
8.73921e-12
1.11369e-11
1.37177e-11
1.64113e-11
1.91446e-11
2.18456e-11
2.4447e-11
2.68882e-11
2.91178e-11
3.10938e-11
3.27866e-11
3.41703e-11
3.52242e-11
3.59613e-11
3.63885e-11
3.65106e-11
3.63458e-11
3.59155e-11
3.52473e-11
3.43698e-11
3.33126e-11
3.2106e-11
3.07798e-11
2.93628e-11
2.78821e-11
2.63625e-11
2.48263e-11
2.32933e-11
2.17803e-11
2.03015e-11
1.88681e-11
1.74892e-11
1.6171e-11
1.49181e-11
1.3733e-11
1.26164e-11
1.15679e-11
1.05859e-11
9.66796e-12
8.81095e-12
8.01132e-12
7.26525e-12
6.5688e-12
5.91811e-12
5.30944e-12
4.7394e-12
4.20493e-12
3.7035e-12
3.23314e-12
2.7925e-12
2.38094e-12
1.9985e-12
1.64592e-12
1.3245e-12
1.03592e-12
7.82363e-13
5.65485e-13
3.86523e-13
2.45658e-13
1.41555e-13
7.10154e-14
2.88589e-14
8.17839e-15
1.07682e-15
6.30359e-18
4.85057e-17
8.32415e-15
6.38354e-14
2.28319e-13
5.70665e-13
1.15585e-12
2.03609e-12
3.24432e-12
4.79047e-12
6.66071e-12
8.81945e-12
1.12132e-11
1.37759e-11
1.64338e-11
1.91113e-11
2.17343e-11
2.42349e-11
2.65526e-11
2.86372e-11
3.04512e-11
3.19604e-11
3.31425e-11
3.39895e-11
3.45222e-11
3.47362e-11
3.46479e-11
3.42779e-11
3.36546e-11
3.28076e-11
3.17679e-11
3.0568e-11
2.92401e-11
2.78156e-11
2.6324e-11
2.47925e-11
2.32456e-11
2.17051e-11
2.01894e-11
1.87138e-11
1.72908e-11
1.59298e-11
1.46377e-11
1.34188e-11
1.22756e-11
1.12086e-11
1.02167e-11
9.29782e-12
8.44881e-12
7.66583e-12
6.94459e-12
6.28049e-12
5.66884e-12
5.10496e-12
4.58433e-12
4.10268e-12
3.65608e-12
3.24101e-12
2.85445e-12
2.4939e-12
2.15747e-12
1.8439e-12
1.5526e-12
1.28361e-12
1.0376e-12
8.15639e-13
6.19374e-13
4.50307e-13
3.09668e-13
1.98017e-13
1.14786e-13
5.79104e-14
2.36516e-14
6.73043e-15
8.88758e-16
5.20996e-18
4.92218e-17
8.44746e-15
6.47836e-14
2.31692e-13
5.7893e-13
1.17194e-12
2.06267e-12
3.28282e-12
4.84005e-12
6.71744e-12
8.87571e-12
1.12576e-11
1.37933e-11
1.64062e-11
1.90181e-11
2.15539e-11
2.3945e-11
2.61322e-11
2.80685e-11
2.97111e-11
3.10363e-11
3.20129e-11
3.26686e-11
3.29962e-11
3.30062e-11
3.27175e-11
3.21591e-11
3.13605e-11
3.0354e-11
2.9174e-11
2.7855e-11
2.64309e-11
2.49337e-11
2.33934e-11
2.18369e-11
2.02879e-11
1.87669e-11
1.72908e-11
1.5873e-11
1.45239e-11
1.32508e-11
1.20582e-11
1.09484e-11
9.92156e-12
8.97632e-12
8.10987e-12
7.31842e-12
6.59745e-12
5.94194e-12
5.34662e-12
4.80612e-12
4.31512e-12
3.86849e-12
3.46137e-12
3.08924e-12
2.74797e-12
2.43388e-12
2.14375e-12
1.87491e-12
1.62519e-12
1.39302e-12
1.17739e-12
9.77901e-13
7.94735e-13
6.28561e-13
4.80432e-13
3.51751e-13
2.43657e-13
1.56951e-13
9.16326e-14
4.65397e-14
1.91211e-14
5.46783e-15
7.24504e-16
4.25404e-18
4.98376e-17
8.55343e-15
6.5596e-14
2.34561e-13
5.85869e-13
1.18519e-12
2.08394e-12
3.31236e-12
4.87571e-12
6.75393e-12
8.90421e-12
1.12657e-11
1.37653e-11
1.63237e-11
1.88611e-11
2.13014e-11
2.35773e-11
2.56309e-11
2.74102e-11
2.88829e-11
3.00161e-11
3.08081e-11
3.12721e-11
3.14044e-11
3.12217e-11
3.07521e-11
3.00243e-11
2.90712e-11
2.79287e-11
2.66333e-11
2.52215e-11
2.37279e-11
2.21852e-11
2.06229e-11
1.90673e-11
1.75408e-11
1.60623e-11
1.46465e-11
1.33048e-11
1.20451e-11
1.08724e-11
9.78885e-12
8.79447e-12
7.88737e-12
7.06421e-12
6.32053e-12
5.6511e-12
5.05019e-12
4.51185e-12
4.03008e-12
3.599e-12
3.21297e-12
2.86668e-12
2.55519e-12
2.27403e-12
2.01915e-12
1.78698e-12
1.57442e-12
1.37883e-12
1.19806e-12
1.03044e-12
8.74817e-13
7.30536e-13
5.97455e-13
4.75906e-13
3.66585e-13
2.70609e-13
1.89063e-13
1.22839e-13
7.23217e-14
3.70207e-14
1.53158e-14
4.40432e-15
5.85856e-16
3.44626e-18
5.03328e-17
8.63855e-15
6.62448e-14
2.36821e-13
5.91213e-13
1.19504e-12
2.0989e-12
3.33137e-12
4.89521e-12
6.7673e-12
8.90148e-12
1.12337e-11
1.3688e-11
1.6183e-11
1.86379e-11
2.09782e-11
2.31341e-11
2.50454e-11
2.66696e-11
2.79731e-11
2.89197e-11
2.95408e-11
2.98197e-11
2.97697e-11
2.94159e-11
2.87847e-11
2.79092e-11
2.6826e-11
2.55734e-11
2.41898e-11
2.27127e-11
2.11773e-11
1.96162e-11
1.80582e-11
1.65281e-11
1.50469e-11
1.36312e-11
1.22935e-11
1.10428e-11
9.88445e-12
8.82087e-12
7.85195e-12
6.97544e-12
6.18746e-12
5.48289e-12
4.85581e-12
4.29976e-12
3.80809e-12
3.37416e-12
2.99155e-12
2.65415e-12
2.35627e-12
2.09267e-12
1.85861e-12
1.64989e-12
1.46277e-12
1.29402e-12
1.14084e-12
1.00085e-12
8.72106e-13
7.53046e-13
6.42528e-13
5.3982e-13
4.44608e-13
3.56988e-13
2.77438e-13
2.06705e-13
1.45835e-13
9.56922e-14
5.68818e-14
2.93777e-14
1.22487e-14
3.54421e-15
4.73415e-16
2.79021e-18
5.0688e-17
8.69943e-15
6.6703e-14
2.38374e-13
5.94705e-13
1.20095e-12
2.10662e-12
3.33841e-12
4.89657e-12
6.75504e-12
8.86467e-12
1.11585e-11
1.35589e-11
1.5984e-11
1.83522e-11
2.05842e-11
2.26127e-11
2.43841e-11
2.58559e-11
2.69881e-11
2.7774e-11
2.82235e-11
2.83339e-11
2.81241e-11
2.76181e-11
2.68479e-11
2.58498e-11
2.46631e-11
2.33279e-11
2.18839e-11
2.03692e-11
1.88192e-11
1.72655e-11
1.57357e-11
1.42532e-11
1.28367e-11
1.15005e-11
1.02546e-11
9.10544e-12
8.05572e-12
7.10544e-12
6.25215e-12
5.49155e-12
4.81794e-12
4.22467e-12
3.7046e-12
3.25037e-12
2.85467e-12
2.5105e-12
2.21128e-12
1.95101e-12
1.72427e-12
1.52601e-12
1.35189e-12
1.19816e-12
1.06157e-12
9.39376e-13
8.29204e-13
7.29069e-13
6.37324e-13
5.52647e-13
4.74029e-13
4.00778e-13
3.32524e-13
2.69227e-13
2.11173e-13
1.58933e-13
1.13307e-13
7.51511e-14
4.51411e-14
2.35402e-14
9.8967e-15
2.88212e-15
3.86571e-16
2.28252e-18
5.08854e-17
8.73296e-15
6.69462e-14
2.39128e-13
5.96114e-13
1.20246e-12
2.10629e-12
3.33225e-12
4.87811e-12
6.71517e-12
8.79206e-12
1.10407e-11
1.33811e-11
1.57282e-11
1.79986e-11
2.01177e-11
2.20207e-11
2.36544e-11
2.49784e-11
2.59464e-11
2.65838e-11
2.688e-11
2.68428e-11
2.64922e-11
2.58574e-11
2.49736e-11
2.38798e-11
2.2617e-11
2.1227e-11
1.97501e-11
1.82244e-11
1.66846e-11
1.51614e-11
1.36807e-11
1.22638e-11
1.0927e-11
9.68227e-12
8.53694e-12
7.49469e-12
6.55586e-12
5.71806e-12
4.97671e-12
4.32566e-12
3.75767e-12
3.26491e-12
2.8393e-12
2.47295e-12
2.15828e-12
1.88808e-12
1.65592e-12
1.4561e-12
1.28352e-12
1.13386e-12
1.00346e-12
8.89125e-13
7.88065e-13
6.98103e-13
6.17349e-13
5.44205e-13
4.77348e-13
4.15709e-13
3.58458e-13
3.04994e-13
2.54947e-13
2.0819e-13
1.64846e-13
1.25344e-13
9.03016e-14
6.05419e-14
3.67522e-14
1.93535e-14
8.20413e-15
2.40392e-15
3.23598e-16
1.91347e-18
5.09104e-17
8.73658e-15
6.69541e-14
2.3901e-13
5.95258e-13
1.19923e-12
2.09752e-12
3.31276e-12
4.8405e-12
6.64976e-12
8.68672e-12
1.088e-11
1.31486e-11
1.54086e-11
1.75794e-11
1.95864e-11
2.13655e-11
2.28647e-11
2.40399e-11
2.48699e-11
2.53729e-11
2.55341e-11
2.53683e-11
2.49002e-11
2.4162e-11
2.31911e-11
2.20287e-11
2.07173e-11
1.92992e-11
1.7815e-11
1.63022e-11
1.47945e-11
1.3321e-11
1.19057e-11
1.05676e-11
9.32054e-12
8.17385e-12
7.13236e-12
6.19723e-12
5.36645e-12
4.63549e-12
3.99795e-12
3.44615e-12
2.97168e-12
2.56587e-12
2.22e-12
1.92581e-12
1.6756e-12
1.46275e-12
1.28129e-12
1.12641e-12
9.93779e-13
8.79683e-13
7.80692e-13
6.9402e-13
6.1746e-13
5.49076e-13
4.87358e-13
4.31115e-13
3.79405e-13
3.31487e-13
2.86794e-13
2.44922e-13
2.05625e-13
1.68828e-13
1.34631e-13
1.0325e-13
7.51336e-14
5.08961e-14
3.12219e-14
1.65978e-14
7.09029e-15
2.08859e-15
2.81899e-16
1.66832e-18
5.07597e-17
8.71007e-15
6.67289e-14
2.38047e-13
5.92257e-13
1.1916e-12
2.08071e-12
3.27987e-12
4.78205e-12
6.55406e-12
8.54048e-12
1.06699e-11
1.28616e-11
1.5032e-11
1.71001e-11
1.89927e-11
2.0649e-11
2.20224e-11
2.30655e-11
2.37787e-11
2.4159e-11
2.42043e-11
2.39328e-11
2.33719e-11
2.25562e-11
2.1525e-11
2.03207e-11
1.89866e-11
1.75651e-11
1.60963e-11
1.46168e-11
1.31589e-11
1.17497e-11
1.04111e-11
9.1597e-12
8.00698e-12
6.95962e-12
6.02011e-12
5.18729e-12
4.4571e-12
3.82322e-12
3.2778e-12
2.81197e-12
2.41638e-12
2.08168e-12
1.79936e-12
1.56187e-12
1.3624e-12
1.19456e-12
1.05278e-12
9.32051e-13
8.28488e-13
7.38686e-13
6.59958e-13
5.90223e-13
5.27825e-13
4.71437e-13
4.20006e-13
3.72705e-13
3.2888e-13
2.88023e-13
2.49748e-13
2.13776e-13
1.79934e-13
1.48162e-13
1.18527e-13
9.12656e-14
6.67573e-14
4.54986e-14
2.81142e-14
1.50572e-14
6.4718e-15
1.91365e-15
2.58584e-16
1.53022e-18
5.04082e-17
8.64847e-15
6.62236e-14
2.36023e-13
5.86431e-13
1.1779e-12
2.05295e-12
3.22964e-12
4.69903e-12
6.42635e-12
8.35525e-12
1.0414e-11
1.25222e-11
1.45975e-11
1.65619e-11
1.83458e-11
1.98904e-11
2.1149e-11
2.20724e-11
2.26822e-11
2.29584e-11
2.29094e-11
2.25558e-11
2.19273e-11
2.10598e-11
1.9994e-11
1.87729e-11
1.74397e-11
1.60365e-11
1.46024e-11
1.31726e-11
1.17775e-11
1.04423e-11
9.18662e-12
8.02479e-12
6.96587e-12
6.01428e-12
5.17034e-12
4.43095e-12
3.79034e-12
3.24081e-12
2.77338e-12
2.37839e-12
2.04658e-12
1.76928e-12
1.53814e-12
1.34546e-12
1.18412e-12
1.04801e-12
9.3216e-13
8.32404e-13
7.45261e-13
6.68422e-13
6.00144e-13
5.3893e-13
4.83552e-13
4.33027e-13
3.86577e-13
3.43587e-13
3.03574e-13
2.66157e-13
2.31047e-13
1.9803e-13
1.6697e-13
1.37814e-13
1.10613e-13
8.55362e-14
6.28942e-14
4.3128e-14
2.68048e-14
1.44367e-14
6.23329e-15
1.84787e-15
2.49754e-16
1.47713e-18
4.98571e-17
8.55228e-15
6.54485e-14
2.33018e-13
5.7813e-13
1.15918e-12
2.01629e-12
3.16517e-12
4.59509e-12
6.27032e-12
8.13453e-12
1.01169e-11
1.21386e-11
1.41195e-11
1.59836e-11
1.76627e-11
1.91007e-11
2.02494e-11
2.10758e-11
2.15937e-11
2.17861e-11
2.16651e-11
2.12533e-11
2.05816e-11
1.9687e-11
1.86107e-11
1.73953e-11
1.60839e-11
1.47171e-11
1.33329e-11
1.19648e-11
1.06411e-11
9.38494e-12
8.21385e-12
7.13988e-12
6.17004e-12
5.30677e-12
4.54864e-12
3.89103e-12
3.32696e-12
2.8478e-12
2.44402e-12
2.10617e-12
1.82498e-12
1.59117e-12
1.39626e-12
1.23259e-12
1.09412e-12
9.76145e-13
8.74669e-13
7.86443e-13
7.08913e-13
6.39941e-13
5.77846e-13
5.21367e-13
4.69547e-13
4.2166e-13
3.77151e-13
3.35599e-13
2.96677e-13
2.60135e-13
2.25779e-13
1.93469e-13
1.63113e-13
1.3468e-13
1.08212e-13
8.38468e-14
6.18444e-14
4.25988e-14
2.66077e-14
1.44094e-14
6.25073e-15
1.8583e-15
2.513e-16
1.48587e-18
4.91147e-17
8.42307e-15
6.44162e-14
2.29076e-13
5.67458e-13
1.13567e-12
1.97137e-12
3.08812e-12
4.47367e-12
6.09175e-12
7.88648e-12
9.78832e-12
1.17205e-11
1.36054e-11
1.53694e-11
1.69478e-11
1.82873e-11
1.93389e-11
2.00846e-11
2.05267e-11
2.06552e-11
2.04841e-11
2.00369e-11
1.93452e-11
1.84464e-11
1.7381e-11
1.61914e-11
1.4919e-11
1.36034e-11
1.22805e-11
1.09819e-11
9.73407e-12
8.55804e-12
7.46928e-12
6.47796e-12
5.58932e-12
4.80428e-12
4.12006e-12
3.53104e-12
3.02945e-12
2.60633e-12
2.25203e-12
1.95662e-12
1.71053e-12
1.50528e-12
1.33346e-12
1.18877e-12
1.06581e-12
9.60068e-13
8.67953e-13
7.86622e-13
7.13867e-13
6.47983e-13
5.87674e-13
5.31975e-13
4.8018e-13
4.31778e-13
3.86397e-13
3.43765e-13
3.03677e-13
2.65978e-13
2.30545e-13
1.97282e-13
1.66125e-13
1.37051e-13
1.1009e-13
8.53534e-14
6.30608e-14
4.35623e-14
2.73088e-14
1.48552e-14
6.47061e-15
1.92883e-15
2.60993e-16
1.54288e-18
4.81921e-17
8.26273e-15
6.31422e-14
2.24259e-13
5.54583e-13
1.10771e-12
1.91875e-12
2.9992e-12
4.33559e-12
5.89157e-12
7.61227e-12
9.4301e-12
1.12709e-11
1.30601e-11
1.47274e-11
1.62111e-11
1.74612e-11
1.84292e-11
1.91084e-11
1.94919e-11
1.95759e-11
1.93752e-11
1.89139e-11
1.82234e-11
1.73407e-11
1.63053e-11
1.5158e-11
1.39389e-11
1.26855e-11
1.14318e-11
1.02073e-11
9.03661e-12
7.93869e-12
6.92732e-12
6.01112e-12
5.19399e-12
4.47573e-12
3.85269e-12
3.31876e-12
2.86603e-12
2.48505e-12
2.16602e-12
1.8999e-12
1.67803e-12
1.4924e-12
1.33609e-12
1.2032e-12
1.08886e-12
9.891e-13
9.00767e-13
8.21405e-13
7.49136e-13
6.82561e-13
6.20672e-13
5.62757e-13
5.08317e-13
4.57017e-13
4.0864e-13
3.63038e-13
3.20107e-13
2.79764e-13
2.41936e-13
2.06557e-13
1.73571e-13
1.42947e-13
1.14694e-13
8.88917e-14
6.57185e-14
4.54818e-14
2.85949e-14
1.56131e-14
6.82707e-15
2.04084e-15
2.76407e-16
1.63414e-18
4.71066e-17
8.07426e-15
6.16506e-14
2.1866e-13
5.39763e-13
1.07588e-12
1.85954e-12
2.90026e-12
4.18369e-12
5.67378e-12
7.31718e-12
9.04879e-12
1.07977e-11
1.24926e-11
1.4067e-11
1.54627e-11
1.66327e-11
1.75302e-11
1.81561e-11
1.84975e-11
1.8555e-11
1.83436e-11
1.78873e-11
1.72168e-11
1.63678e-11
1.53783e-11
1.42873e-11
1.31325e-11
1.19495e-11
1.077e-11
9.62162e-12
8.52684e-12
7.5031e-12
6.5627e-12
5.71307e-12
4.9572e-12
4.29435e-12
3.72119e-12
3.23035e-12
2.81304e-12
2.46087e-12
2.16601e-12
1.91957e-12
1.713e-12
1.53886e-12
1.39075e-12
1.26326e-12
1.15198e-12
1.05331e-12
9.64455e-13
8.83266e-13
8.0814e-13
7.37922e-13
6.71812e-13
6.09286e-13
5.50033e-13
4.93884e-13
4.40757e-13
3.90619e-13
3.43457e-13
2.99251e-13
2.57969e-13
2.19559e-13
1.83964e-13
1.51127e-13
1.21025e-13
9.36916e-14
6.92566e-14
4.79794e-14
3.0236e-14
1.65612e-14
7.26835e-15
2.17928e-15
2.95544e-16
1.74797e-18
4.58818e-17
7.8618e-15
5.99747e-14
2.12406e-13
5.2334e-13
1.04092e-12
1.7951e-12
2.79358e-12
4.02135e-12
5.44304e-12
7.00721e-12
8.6517e-12
1.03091e-11
1.19122e-11
1.33981e-11
1.47124e-11
1.58113e-11
1.66506e-11
1.72354e-11
1.75495e-11
1.75964e-11
1.7391e-11
1.69563e-11
1.63219e-11
1.55214e-11
1.4591e-11
1.3567e-11
1.2485e-11
1.13781e-11
1.02758e-11
9.20358e-12
8.18231e-12
7.22794e-12
6.35166e-12
5.56013e-12
4.85675e-12
4.239e-12
3.7008e-12
3.23827e-12
2.84577e-12
2.51517e-12
2.23679e-12
2.00207e-12
1.80342e-12
1.63415e-12
1.48837e-12
1.36116e-12
1.24844e-12
1.14694e-12
1.05412e-12
9.68059e-13
8.87351e-13
8.11029e-13
7.38464e-13
6.693e-13
6.03377e-13
5.40671e-13
4.81232e-13
4.25143e-13
3.72482e-13
3.23299e-13
2.77599e-13
2.35346e-13
1.96465e-13
1.60869e-13
1.2848e-13
9.92743e-14
7.33164e-14
5.08056e-14
3.20706e-14
1.76117e-14
7.75588e-15
2.33259e-15
3.16829e-16
1.87507e-18
4.45482e-17
7.63066e-15
5.81569e-14
2.05658e-13
5.05738e-13
1.00372e-12
1.72706e-12
2.68178e-12
3.85241e-12
5.20453e-12
6.68893e-12
8.24663e-12
9.81415e-12
1.13283e-11
1.27306e-11
1.39701e-11
1.50058e-11
1.5798e-11
1.63521e-11
1.66519e-11
1.67018e-11
1.65162e-11
1.61169e-11
1.55315e-11
1.47915e-11
1.39302e-11
1.29817e-11
1.19786e-11
1.09515e-11
9.92778e-12
8.93097e-12
7.9803e-12
7.09041e-12
6.27256e-12
5.53134e-12
4.86599e-12
4.27899e-12
3.77004e-12
3.33263e-12
2.95863e-12
2.64004e-12
2.36923e-12
2.13872e-12
1.94155e-12
1.77152e-12
1.6232e-12
1.492e-12
1.37411e-12
1.26651e-12
1.16684e-12
1.07334e-12
9.84748e-13
9.00228e-13
8.19286e-13
7.41696e-13
6.67434e-13
5.96607e-13
5.29399e-13
4.66013e-13
4.06631e-13
3.51381e-13
3.00322e-13
2.53431e-13
2.10621e-13
1.71758e-13
1.367e-13
1.05342e-13
7.76669e-14
5.37937e-14
3.39892e-14
1.87018e-14
8.26078e-15
2.49173e-15
3.38997e-16
2.00784e-18
4.31431e-17
7.3873e-15
5.62481e-14
1.98606e-13
4.87452e-13
9.6533e-13
1.65727e-12
2.56776e-12
3.68106e-12
4.96384e-12
6.36926e-12
7.84173e-12
9.3218e-12
1.07506e-11
1.20738e-11
1.32445e-11
1.42246e-11
1.49787e-11
1.55108e-11
1.58065e-11
1.58702e-11
1.57152e-11
1.53617e-11
1.48351e-11
1.41641e-11
1.33795e-11
1.25121e-11
1.15919e-11
1.06469e-11
9.7022e-12
8.77931e-12
7.89754e-12
7.06829e-12
6.29725e-12
5.59449e-12
4.96662e-12
4.4116e-12
3.92519e-12
3.50248e-12
3.13758e-12
2.82381e-12
2.55427e-12
2.32215e-12
2.12107e-12
1.94564e-12
1.79066e-12
1.65191e-12
1.52566e-12
1.40917e-12
1.30018e-12
1.19704e-12
1.09859e-12
1.00407e-12
9.13093e-13
8.25521e-13
7.41445e-13
6.61094e-13
5.84779e-13
5.12834e-13
4.45558e-13
3.8318e-13
3.25827e-13
2.73511e-13
2.26134e-13
1.83515e-13
1.45433e-13
1.11682e-13
8.21382e-14
5.6819e-14
3.59082e-14
1.97822e-14
8.7595e-15
2.64905e-15
3.6095e-16
2.13965e-18
4.17101e-17
7.1393e-15
5.43081e-14
1.9147e-13
4.69046e-13
9.26895e-13
1.58775e-12
2.45468e-12
3.51175e-12
4.72677e-12
6.05531e-12
7.44517e-12
8.84097e-12
1.01882e-11
1.14368e-11
1.25436e-11
1.34743e-11
1.41971e-11
1.47134e-11
1.50121e-11
1.50968e-11
1.49795e-11
1.46786e-11
1.42169e-11
1.36203e-11
1.29166e-11
1.21336e-11
1.12981e-11
1.04366e-11
9.57448e-12
8.72787e-12
7.90565e-12
7.12675e-12
6.40545e-12
5.74569e-12
5.1492e-12
4.61624e-12
4.14477e-12
3.731e-12
3.36993e-12
3.05575e-12
2.78222e-12
2.54414e-12
2.33539e-12
2.15076e-12
1.98565e-12
1.83611e-12
1.69878e-12
1.57122e-12
1.4508e-12
1.33617e-12
1.22623e-12
1.12026e-12
1.0179e-12
9.19106e-13
8.24032e-13
7.33013e-13
6.4648e-13
5.64896e-13
4.88695e-13
4.18226e-13
3.53714e-13
2.95226e-13
2.42676e-13
1.95843e-13
1.54419e-13
1.18079e-13
8.65648e-14
5.97627e-14
3.77494e-14
2.08071e-14
9.23e-15
2.79727e-15
3.8162e-16
2.26399e-18
4.02988e-17
6.89524e-15
5.24045e-14
1.84498e-13
4.51147e-13
8.89675e-13
1.52065e-12
2.34581e-12
3.349e-12
4.4991e-12
5.75395e-12
7.06464e-12
8.37974e-12
9.64902e-12
1.08266e-11
1.18733e-11
1.27581e-11
1.34534e-11
1.3957e-11
1.42619e-11
1.43706e-11
1.42937e-11
1.40476e-11
1.36526e-11
1.31311e-11
1.25091e-11
1.18139e-11
1.10727e-11
1.03022e-11
9.51213e-12
8.72653e-12
7.96875e-12
7.24818e-12
6.57277e-12
5.94878e-12
5.37948e-12
4.86571e-12
4.40629e-12
3.99842e-12
3.63794e-12
3.32002e-12
3.04033e-12
2.79322e-12
2.57374e-12
2.37725e-12
2.19961e-12
2.03716e-12
1.8868e-12
1.74606e-12
1.61294e-12
1.48552e-12
1.36297e-12
1.24458e-12
1.13001e-12
1.01922e-12
9.12439e-13
8.10058e-13
7.12609e-13
6.20676e-13
5.34831e-13
4.55561e-13
3.83215e-13
3.17953e-13
2.59731e-13
2.0831e-13
1.63302e-13
1.24251e-13
9.07359e-14
6.24803e-14
3.94232e-14
2.17265e-14
9.64904e-15
2.92869e-15
3.9987e-16
2.37385e-18
3.89631e-17
6.66455e-15
5.06112e-14
1.77959e-13
4.34424e-13
8.54989e-13
1.45818e-12
2.24437e-12
3.19709e-12
4.28602e-12
5.471e-12
6.70612e-12
7.94368e-12
9.13755e-12
1.0246e-11
1.12335e-11
1.20724e-11
1.27396e-11
1.32287e-11
1.35379e-11
1.36679e-11
1.36272e-11
1.34326e-11
1.31044e-11
1.26669e-11
1.21392e-11
1.15381e-11
1.08736e-11
1.0168e-11
9.4512e-12
8.73926e-12
8.04427e-12
7.3773e-12
6.74692e-12
6.15911e-12
5.61744e-12
5.12329e-12
4.67625e-12
4.27436e-12
3.91439e-12
3.59319e-12
3.30636e-12
3.04957e-12
2.81859e-12
2.60941e-12
2.41836e-12
2.24216e-12
2.07799e-12
1.92347e-12
1.77691e-12
1.63631e-12
1.50087e-12
1.3699e-12
1.24305e-12
1.12027e-12
1.00181e-12
8.88086e-13
7.79704e-13
6.77342e-13
5.81695e-13
4.93396e-13
4.12937e-13
3.40607e-13
2.76448e-13
2.20242e-13
1.7155e-13
1.29787e-13
9.43534e-14
6.47735e-14
4.08133e-14
2.24822e-14
9.99111e-15
3.0348e-15
4.14413e-16
2.46106e-18
3.77576e-17
6.4568e-15
4.90042e-14
1.72128e-13
4.19547e-13
8.24102e-13
1.40232e-12
2.15309e-12
3.05924e-12
4.09088e-12
5.20936e-12
6.37133e-12
7.53243e-12
8.65037e-12
9.68732e-12
1.06117e-11
1.13989e-11
1.20302e-11
1.24954e-11
1.28e-11
1.2947e-11
1.29502e-11
1.28175e-11
1.25615e-11
1.21968e-11
1.17355e-11
1.11911e-11
1.0594e-11
9.96884e-12
9.3289e-12
8.68702e-12
8.05575e-12
7.44528e-12
6.86348e-12
6.31601e-12
5.80642e-12
5.33643e-12
4.90619e-12
4.5145e-12
4.1593e-12
3.83784e-12
3.54686e-12
3.28292e-12
3.04257e-12
2.82248e-12
2.61952e-12
2.43086e-12
2.25403e-12
2.08686e-12
1.92772e-12
1.77497e-12
1.62769e-12
1.48522e-12
1.34719e-12
1.21355e-12
1.08452e-12
9.60536e-13
8.42209e-13
7.30284e-13
6.25551e-13
5.28771e-13
4.40585e-13
3.61437e-13
2.91499e-13
2.30631e-13
1.78393e-13
1.34108e-13
9.69976e-14
6.6363e-14
4.17533e-14
2.29569e-14
1.0191e-14
3.09553e-15
4.2251e-16
2.50988e-18
3.67295e-17
6.28042e-15
4.7651e-14
1.67243e-13
4.07066e-13
7.97953e-13
1.35431e-12
2.07312e-12
2.93594e-12
3.91257e-12
4.9652e-12
6.05247e-12
7.13298e-12
8.16806e-12
9.12316e-12
9.97164e-12
1.06951e-11
1.12837e-11
1.17303e-11
1.20332e-11
1.2194e-11
1.22158e-11
1.21111e-11
1.18912e-11
1.15605e-11
1.11442e-11
1.0672e-11
1.01565e-11
9.60942e-12
9.04549e-12
8.47715e-12
7.91506e-12
7.36796e-12
6.84265e-12
6.34409e-12
5.87554e-12
5.43877e-12
5.03425e-12
4.66141e-12
4.31886e-12
4.00473e-12
3.71655e-12
3.45175e-12
3.2077e-12
2.98178e-12
2.77149e-12
2.57452e-12
2.38879e-12
2.21249e-12
2.04405e-12
1.88221e-12
1.72605e-12
1.57492e-12
1.4285e-12
1.28671e-12
1.14975e-12
1.01801e-12
8.92096e-13
7.72768e-13
6.60871e-13
5.57262e-13
4.62716e-13
3.77834e-13
3.02948e-13
2.38057e-13
1.8279e-13
1.36447e-13
9.81129e-14
6.68661e-14
4.19052e-14
2.29846e-14
1.02219e-14
3.10627e-15
4.23736e-16
2.51773e-18
3.59021e-17
6.13989e-15
4.65886e-14
1.63423e-13
3.97163e-13
7.76557e-13
1.3134e-12
2.00194e-12
2.82144e-12
3.74037e-12
4.72094e-12
5.723e-12
6.70854e-12
7.64533e-12
8.509e-12
9.27703e-12
9.9308e-12
1.04573e-11
1.08501e-11
1.11085e-11
1.12383e-11
1.12441e-11
1.11365e-11
1.09269e-11
1.06421e-11
1.0294e-11
9.89266e-12
9.45248e-12
8.98592e-12
8.50436e-12
8.01775e-12
7.53452e-12
7.06159e-12
6.60436e-12
6.16683e-12
5.75171e-12
5.36059e-12
4.9941e-12
4.65207e-12
4.33375e-12
4.03788e-12
3.7629e-12
3.50703e-12
3.26839e-12
3.04509e-12
2.83529e-12
2.63726e-12
2.44943e-12
2.27033e-12
2.09868e-12
1.9334e-12
1.77366e-12
1.61893e-12
1.46894e-12
1.32373e-12
1.18339e-12
1.04823e-12
9.18796e-13
7.95839e-13
6.8022e-13
5.72848e-13
4.74594e-13
3.86193e-13
3.08147e-13
2.40628e-13
1.83417e-13
1.35882e-13
9.70406e-14
6.5692e-14
4.11296e-14
2.26434e-14
1.00723e-14
3.06116e-15
4.16968e-16
2.4767e-18
3.52457e-17
6.0306e-15
4.57804e-14
1.60484e-13
3.89128e-13
7.57796e-13
1.27452e-12
1.92932e-12
2.69769e-12
3.54549e-12
4.43603e-12
5.33522e-12
6.21074e-12
7.03194e-12
7.77391e-12
8.41818e-12
8.95294e-12
9.37074e-12
9.66808e-12
9.84981e-12
9.92368e-12
9.90077e-12
9.796e-12
9.62e-12
9.38196e-12
9.09381e-12
8.76616e-12
8.40909e-12
8.03163e-12
7.64218e-12
7.24779e-12
6.85451e-12
6.46729e-12
6.09016e-12
5.72607e-12
5.37707e-12
5.04451e-12
4.72905e-12
4.43085e-12
4.14962e-12
3.88473e-12
3.63531e-12
3.4003e-12
3.17854e-12
2.96882e-12
2.76994e-12
2.58076e-12
2.40029e-12
2.2276e-12
2.06148e-12
1.90093e-12
1.74534e-12
1.5943e-12
1.44756e-12
1.30506e-12
1.16708e-12
1.0341e-12
9.06731e-13
7.85666e-13
6.71701e-13
5.65668e-13
4.68379e-13
3.80561e-13
3.02767e-13
2.35295e-13
1.78107e-13
1.30787e-13
9.25727e-14
6.24993e-14
3.91855e-14
2.164e-14
9.65593e-15
2.93894e-15
3.99642e-16
2.37257e-18
3.46281e-17
5.92988e-15
4.50364e-14
1.57601e-13
3.80359e-13
7.35151e-13
1.22406e-12
1.83069e-12
2.52629e-12
3.27818e-12
4.05056e-12
4.8101e-12
5.52689e-12
6.17867e-12
6.74864e-12
7.22544e-12
7.60586e-12
7.89066e-12
8.08428e-12
8.19059e-12
8.2188e-12
8.17962e-12
8.08135e-12
7.93817e-12
7.75469e-12
7.53695e-12
7.29216e-12
7.02669e-12
6.7463e-12
6.45588e-12
6.16028e-12
5.86365e-12
5.56883e-12
5.27953e-12
4.99722e-12
4.72343e-12
4.45925e-12
4.20537e-12
3.96214e-12
3.72965e-12
3.50775e-12
3.2961e-12
3.09423e-12
2.90157e-12
2.71745e-12
2.54117e-12
2.37196e-12
2.20899e-12
2.05146e-12
1.89907e-12
1.75159e-12
1.60871e-12
1.47016e-12
1.33579e-12
1.20553e-12
1.0795e-12
9.57934e-13
8.41241e-13
7.29965e-13
6.24784e-13
5.26476e-13
4.35874e-13
3.53789e-13
2.80909e-13
2.17693e-13
1.64252e-13
1.2027e-13
8.49801e-14
5.72304e-14
3.58606e-14
1.99075e-14
8.93186e-15
2.72857e-15
3.70378e-16
2.19703e-18
3.37437e-17
5.78337e-15
4.38838e-14
1.52734e-13
3.64734e-13
6.94347e-13
1.13472e-12
1.66284e-12
2.24739e-12
2.8548e-12
3.45273e-12
4.01586e-12
4.52509e-12
4.96954e-12
5.34473e-12
5.65052e-12
5.88786e-12
6.05977e-12
6.17099e-12
6.22884e-12
6.23863e-12
6.2057e-12
6.13438e-12
6.02965e-12
5.89999e-12
5.74801e-12
5.57851e-12
5.39606e-12
5.20437e-12
5.00722e-12
4.80659e-12
4.60373e-12
4.40036e-12
4.19867e-12
3.99936e-12
3.8035e-12
3.61192e-12
3.42528e-12
3.24402e-12
3.06843e-12
2.89867e-12
2.73476e-12
2.57662e-12
2.42409e-12
2.27694e-12
2.13488e-12
1.99753e-12
1.86446e-12
1.73514e-12
1.60955e-12
1.48757e-12
1.36909e-12
1.25401e-12
1.14226e-12
1.03382e-12
9.28754e-13
8.27213e-13
7.29452e-13
6.35837e-13
5.46848e-13
4.63073e-13
3.85183e-13
3.13889e-13
2.49876e-13
1.93714e-13
1.45757e-13
1.06046e-13
7.42259e-14
4.954e-14
3.0925e-14
1.72739e-14
7.83237e-15
2.41521e-15
3.27827e-16
1.94331e-18
3.20278e-17
5.48739e-15
4.13861e-14
1.4186e-13
3.30744e-13
6.10639e-13
9.64357e-13
1.36565e-12
1.78415e-12
2.19367e-12
2.5749e-12
2.91642e-12
3.21406e-12
3.46677e-12
3.6756e-12
3.843e-12
3.97209e-12
4.06651e-12
4.12976e-12
4.16405e-12
4.17227e-12
4.15707e-12
4.12079e-12
4.06579e-12
3.99548e-12
3.91335e-12
3.81806e-12
3.71366e-12
3.60184e-12
3.48399e-12
3.36105e-12
3.23539e-12
3.1083e-12
2.98041e-12
2.85257e-12
2.72548e-12
2.59973e-12
2.4758e-12
2.35407e-12
2.23484e-12
2.11831e-12
2.00462e-12
1.89385e-12
1.78602e-12
1.68111e-12
1.57906e-12
1.47982e-12
1.38336e-12
1.28974e-12
1.19882e-12
1.11046e-12
1.02458e-12
9.41085e-13
8.59933e-13
7.81097e-13
7.04588e-13
6.30466e-13
5.58849e-13
4.89927e-13
4.23976e-13
3.61362e-13
3.02545e-13
2.48062e-13
1.98499e-13
1.54425e-13
1.16314e-13
8.44417e-14
5.87844e-14
3.89562e-14
2.42173e-14
1.36179e-14
6.30602e-15
1.98715e-15
2.71537e-16
1.61078e-18
2.85894e-17
4.87201e-15
3.59642e-14
1.1843e-13
2.61657e-13
4.54955e-13
6.79231e-13
9.11908e-13
1.13626e-12
1.3418e-12
1.52383e-12
1.68189e-12
1.81686e-12
1.93031e-12
2.02401e-12
2.0997e-12
2.15905e-12
2.20358e-12
2.23476e-12
2.25401e-12
2.26208e-12
2.25965e-12
2.24748e-12
2.22634e-12
2.19768e-12
2.16341e-12
2.12129e-12
2.07376e-12
2.02136e-12
1.96471e-12
1.9053e-12
1.84328e-12
1.77931e-12
1.71393e-12
1.64762e-12
1.58081e-12
1.51386e-12
1.4471e-12
1.3808e-12
1.31519e-12
1.25047e-12
1.18679e-12
1.12429e-12
1.06305e-12
1.00314e-12
9.4462e-13
8.87511e-13
8.3186e-13
7.77701e-13
7.24986e-13
6.73669e-13
6.23711e-13
5.75077e-13
5.27734e-13
4.8166e-13
4.36843e-13
3.93287e-13
3.5102e-13
3.10106e-13
2.70652e-13
2.3282e-13
1.96841e-13
1.63019e-13
1.31726e-13
1.03377e-13
7.83917e-14
5.71161e-14
3.97414e-14
2.62207e-14
1.62248e-14
9.17444e-15
4.3855e-15
1.44714e-15
2.03135e-16
1.21103e-18
2.22901e-17
3.70583e-15
2.54972e-14
7.55636e-14
1.48946e-13
2.34424e-13
3.21057e-13
4.02378e-13
4.75614e-13
5.40186e-13
5.96396e-13
6.44881e-13
6.86472e-13
7.21871e-13
7.51656e-13
7.76303e-13
7.96208e-13
8.1172e-13
8.23158e-13
8.30814e-13
8.34914e-13
8.35653e-13
8.33202e-13
8.27694e-13
8.20177e-13
8.10296e-13
7.97648e-13
7.82671e-13
7.66218e-13
7.48194e-13
7.28822e-13
7.08307e-13
6.86847e-13
6.64626e-13
6.41811e-13
6.18557e-13
5.95004e-13
5.71275e-13
5.47482e-13
5.23722e-13
5.00081e-13
4.76632e-13
4.53437e-13
4.30549e-13
4.08003e-13
3.85824e-13
3.64034e-13
3.4266e-13
3.21727e-13
3.01248e-13
2.81231e-13
2.61674e-13
2.42574e-13
2.23924e-13
2.05712e-13
1.87931e-13
1.70572e-13
1.53632e-13
1.37115e-13
1.21041e-13
1.05446e-13
9.03962e-14
7.5991e-14
6.23723e-14
4.97241e-14
3.82644e-14
2.82211e-14
1.97903e-14
1.30823e-14
8.07044e-15
4.56737e-15
2.26393e-15
8.2302e-16
1.25873e-16
7.67411e-19
1.25402e-17
1.82964e-15
9.6587e-15
2.18836e-14
3.54509e-14
4.84295e-14
6.01841e-14
7.06486e-14
7.99314e-14
8.81743e-14
9.55109e-14
1.0203e-13
1.07792e-13
1.1285e-13
1.17247e-13
1.21018e-13
1.24191e-13
1.26794e-13
1.28853e-13
1.30391e-13
1.31431e-13
1.31994e-13
1.32093e-13
1.31727e-13
1.31119e-13
1.30096e-13
1.28611e-13
1.26852e-13
1.24797e-13
1.22477e-13
1.19918e-13
1.17149e-13
1.14196e-13
1.11085e-13
1.07842e-13
1.04489e-13
1.01048e-13
9.75383e-14
9.39785e-14
9.03853e-14
8.67736e-14
8.31568e-14
7.95467e-14
7.5953e-14
7.23813e-14
6.88227e-14
6.52821e-14
6.17744e-14
5.83118e-14
5.4902e-14
5.15499e-14
4.82585e-14
4.50289e-14
4.18613e-14
3.87545e-14
3.57068e-14
3.27157e-14
2.97788e-14
2.68938e-14
2.40594e-14
2.12765e-14
1.85493e-14
1.58878e-14
1.33099e-14
1.08441e-14
8.53094e-15
6.42279e-15
4.57865e-15
3.05304e-15
1.87922e-15
1.05213e-15
5.2153e-16
2.08311e-16
4.29429e-17
3.22611e-19
2.05205e-18
6.09862e-17
1.2619e-16
1.94968e-16
2.62672e-16
3.26763e-16
3.86275e-16
4.41081e-16
4.91386e-16
5.37479e-16
5.79643e-16
6.18109e-16
6.53038e-16
6.84541e-16
7.12703e-16
7.37593e-16
7.59269e-16
7.77795e-16
7.9324e-16
8.05681e-16
8.15201e-16
8.21879e-16
8.25779e-16
8.26888e-16
8.25949e-16
8.22887e-16
8.1716e-16
8.09337e-16
7.99565e-16
7.87994e-16
7.74778e-16
7.60071e-16
7.44026e-16
7.26794e-16
7.08521e-16
6.89349e-16
6.69412e-16
6.48837e-16
6.27743e-16
6.06239e-16
5.84428e-16
5.62404e-16
5.40251e-16
5.18044e-16
4.95866e-16
4.73874e-16
4.52079e-16
4.30453e-16
4.09014e-16
3.87791e-16
3.6681e-16
3.46091e-16
3.25649e-16
3.05489e-16
2.8561e-16
2.66005e-16
2.4666e-16
2.27557e-16
2.08671e-16
1.89982e-16
1.71468e-16
1.53121e-16
1.34953e-16
1.17011e-16
9.93966e-17
8.22881e-17
6.59562e-17
5.07687e-17
3.71646e-17
2.55828e-17
1.63475e-17
9.54258e-18
4.94493e-18
2.06664e-18
6.81537e-20
)
;

boundaryField
{
    movingWall
    {
        type            nutkWallFunction;
        Cmu             0.09;
        kappa           0.41;
        E               9.8;
        value           uniform 0;
    }
    fixedWalls
    {
        type            nutkWallFunction;
        Cmu             0.09;
        kappa           0.41;
        E               9.8;
        value           uniform 0;
    }
    frontAndBack
    {
        type            empty;
    }
}


// ************************************************************************* //
