/*--------------------------------*- C++ -*----------------------------------*\
  =========                 |
  \\      /  F ield         | OpenFOAM: The Open Source CFD Toolbox
   \\    /   O peration     | Website:  https://openfoam.org
    \\  /    A nd           | Version:  12
     \\/     M anipulation  |
\*---------------------------------------------------------------------------*/
FoamFile
{
    format      ascii;
    class       volScalarField;
    location    "8";
    object      p;
}
// * * * * * * * * * * * * * * * * * * * * * * * * * * * * * * * * * * * * * //

dimensions      [0 2 -2 0 0 0 0];

internalField   nonuniform List<scalar> 
5625
(
8.11317e-11
-1.83348e-05
-9.33206e-05
-0.000227716
-0.000405918
-0.00061295
-0.000836307
-0.00106553
-0.0012921
-0.00150929
-0.00171182
-0.00189568
-0.00205784
-0.00219607
-0.00230874
-0.00239469
-0.00245311
-0.00248345
-0.00248534
-0.00245853
-0.00240286
-0.00231827
-0.00220474
-0.00206232
-0.00189112
-0.00169138
-0.00146342
-0.00120772
-0.000924948
-0.000615942
-0.000281788
7.6173e-05
0.00045632
0.000856734
0.00127518
0.00170909
0.00215557
0.00261144
0.00307329
0.00353725
0.00399934
0.00445537
0.004901
0.00533178
0.00574329
0.00613113
0.00649105
0.00681901
0.00711127
0.00736449
0.00757578
0.00774278
0.00786376
0.00793763
0.00796404
0.00794337
0.0078768
0.00776628
0.00761455
0.00742513
0.00720231
0.00695106
0.00667707
0.00638665
0.00608671
0.00578469
0.00548855
0.00520666
0.00494778
0.00472083
0.00453459
0.00439718
0.00431548
0.00429189
0.00430705
1.817e-05
-2.44392e-07
-6.71083e-05
-0.000185121
-0.000341107
-0.000522672
-0.000719372
-0.000922264
-0.00112384
-0.00131798
-0.00149979
-0.00166542
-0.00181191
-0.00193699
-0.00203897
-0.0021166
-0.00216896
-0.00219538
-0.0021954
-0.00216869
-0.00211503
-0.00203428
-0.00192638
-0.00179136
-0.00162931
-0.00144045
-0.00122508
-0.00098369
-0.000716896
-0.000425528
-0.000110631
0.00022651
0.000584346
0.000961051
0.0013545
0.00176227
0.00218164
0.00260964
0.003043
0.00347814
0.00391133
0.00433867
0.00475609
0.00515948
0.0055447
0.00590769
0.00624451
0.00655142
0.006825
0.00706217
0.00726028
0.00741721
0.00753139
0.0076019
0.00762846
0.0076115
0.00755219
0.00745242
0.00731482
0.00714271
0.00694014
0.00671178
0.00646294
0.00619949
0.0059278
0.00565472
0.00538746
0.00513357
0.00490076
0.00469678
0.00452905
0.00440433
0.00432883
0.00430669
0.00432208
9.34192e-05
6.63501e-05
-1.06882e-06
-0.000109739
-0.000249295
-0.000410104
-0.000583832
-0.000763113
-0.000941585
-0.00111391
-0.00127571
-0.00142347
-0.00155438
-0.00166627
-0.00175744
-0.00182662
-0.00187283
-0.00189533
-0.0018936
-0.00186723
-0.00181594
-0.00173954
-0.00163792
-0.00151107
-0.00135906
-0.00118206
-0.000980355
-0.000754388
-0.000504747
-0.000232212
6.22361e-05
0.000377385
0.000711778
0.0010637
0.00143116
0.00181189
0.00220335
0.00260278
0.00300707
0.00341294
0.0038169
0.00421532
0.00460443
0.0049804
0.0053394
0.00567765
0.00599153
0.00627759
0.00653266
0.00675392
0.00693897
0.00708585
0.00719319
0.00726016
0.00728659
0.00727293
0.00722033
0.00713061
0.00700627
0.00685046
0.00666696
0.00646015
0.00623494
0.00599676
0.00575144
0.00550519
0.0052645
0.00503605
0.00482659
0.00464276
0.00449082
0.00437646
0.00430555
0.00428408
0.00429899
0.000229458
0.000184821
0.000106216
-3.66393e-06
-0.00013743
-0.000287748
-0.000447932
-0.000611961
-0.000774547
-0.00093117
-0.00107805
-0.0012121
-0.00133081
-0.00143218
-0.00151466
-0.00157702
-0.00161831
-0.0016378
-0.00163493
-0.00160928
-0.00156051
-0.00148841
-0.00139284
-0.00127371
-0.00113108
-0.000965059
-0.000775896
-0.000563969
-0.000329813
-7.4135e-05
0.000202159
0.000497948
0.000811877
0.00114235
0.0014875
0.00184521
0.0022131
0.00258856
0.00296869
0.0033504
0.00373041
0.00410529
0.00447149
0.00482541
0.00516343
0.005482
0.00577769
0.00604726
0.00628774
0.00649645
0.00667116
0.00681005
0.00691182
0.00697575
0.00700168
0.0069901
0.00694211
0.00685948
0.00674458
0.00660042
0.00643058
0.00623916
0.00603079
0.00581049
0.00558366
0.005356
0.0051334
0.00492187
0.0047274
0.00455588
0.00441281
0.00430328
0.00423301
0.00420861
0.00421901
0.000411836
0.000342846
0.000245063
0.000126342
-9.11952e-06
-0.000156148
-0.000309455
-0.000464211
-0.000616145
-0.000761557
-0.000897311
-0.0010208
-0.0011299
-0.00122288
-0.00129836
-0.00135526
-0.0013927
-0.00141001
-0.00140664
-0.00138216
-0.00133624
-0.00126862
-0.00117912
-0.00106763
-0.000934141
-0.000778711
-0.000601524
-0.000402891
-0.000183268
5.67224e-05
0.000316267
0.000594348
0.000889723
0.00120091
0.00152619
0.00186357
0.00221083
0.00256549
0.00292483
0.00328594
0.00364568
0.0040008
0.00434793
0.00468361
0.0050044
0.0053069
0.00558783
0.00584408
0.00607279
0.00627142
0.0064378
0.0065702
0.00666739
0.00672867
0.00675389
0.00674354
0.00669868
0.006621
0.00651279
0.00637691
0.00621676
0.00603626
0.00583973
0.0056319
0.00541779
0.00520267
0.00499193
0.00479103
0.00460539
0.00444026
0.0043006
0.00419105
0.00411689
0.00408424
0.00408451
0.000626507
0.000528645
0.000406215
0.000273209
0.000130641
-1.83629e-05
-0.000169752
-0.000319776
-0.00046512
-0.000602885
-0.000730591
-0.000846154
-0.000947854
-0.00103429
-0.00110432
-0.00115702
-0.00119167
-0.00120765
-0.00120446
-0.00118171
-0.00113906
-0.00107623
-0.000993
-0.000889226
-0.000764828
-0.00061981
-0.000454281
-0.000268465
-6.27289e-05
0.000162402
0.000406223
0.000667827
0.000946093
0.00123967
0.00154696
0.00186611
0.00219505
0.00253143
0.00287267
0.003216
0.00355844
0.00389686
0.004228
0.00454855
0.00485518
0.00514458
0.00541357
0.00565913
0.00587845
0.00606907
0.00622886
0.00635612
0.00644963
0.00650869
0.00653316
0.00652346
0.00648064
0.00640631
0.00630266
0.00617243
0.00601888
0.00584572
0.00565707
0.00545739
0.00525138
0.00504395
0.00484007
0.00464476
0.00446293
0.00429934
0.00415847
0.00404455
0.00396215
0.00391625
0.00390148
0.000861432
0.000731965
0.000581292
0.000430062
0.000276269
0.000121153
-3.2325e-05
-0.000181382
-0.000323593
-0.000456828
-0.000579246
-0.000689298
-0.000785697
-0.000867386
-0.000933497
-0.000983321
-0.00101627
-0.00103184
-0.00102962
-0.00100923
-0.000970338
-0.000912668
-0.000835969
-0.000740043
-0.000624749
-0.000490019
-0.000335877
-0.000162454
2.99864e-05
0.000241028
0.000470082
0.000716366
0.000978883
0.00125641
0.00154749
0.0018504
0.00216319
0.00248364
0.00280932
0.00313756
0.00346548
0.00379007
0.00410816
0.00441653
0.0047119
0.00499104
0.0052508
0.0054882
0.00570047
0.00588513
0.00604007
0.00616357
0.00625441
0.00631183
0.00633567
0.00632631
0.00628472
0.00621244
0.00611156
0.00598474
0.00583509
0.00566616
0.0054819
0.00528654
0.00508452
0.00488045
0.00467899
0.00448475
0.00430226
0.00413586
0.00398962
0.00386736
0.00377288
0.00370967
0.00367621
0.00110601
0.000943522
0.000762401
0.000590209
0.000422141
0.000257724
9.89707e-05
-5.22029e-05
-0.00019419
-0.000325581
-0.000445159
-0.000551898
-0.00064495
-0.000723617
-0.00078732
-0.000835573
-0.00086796
-0.000884107
-0.000883674
-0.000866336
-0.000831785
-0.000779725
-0.00070988
-0.000622003
-0.000515885
-0.00039138
-0.000248417
-8.70252e-05
9.26441e-05
0.000290295
0.000505464
0.000737498
0.000985533
0.00124848
0.00152501
0.00181353
0.00211222
0.00241898
0.00273147
0.00304714
0.00336319
0.00367669
0.00398453
0.00428352
0.00457044
0.00484205
0.00509523
0.00532697
0.00553449
0.00571527
0.00586716
0.0059884
0.00607768
0.00613423
0.00615779
0.00614868
0.00610778
0.00603657
0.00593705
0.00581176
0.00566371
0.00549633
0.0053134
0.00511898
0.00491732
0.00471278
0.00450975
0.00431256
0.0041254
0.00395228
0.00379694
0.00366286
0.00355304
0.00346942
0.00341469
0.00135096
0.00115491
0.00094214
0.0007472
0.000562697
0.00038661
0.000220123
6.43774e-05
-7.97704e-05
-0.000211586
-0.000330443
-0.000435824
-0.000527314
-0.000604573
-0.000667318
-0.000715296
-0.000748271
-0.000766002
-0.000768239
-0.000754712
-0.000725135
-0.000679205
-0.000616615
-0.000537064
-0.000440275
-0.000326012
-0.000194105
-4.44723e-05
0.000122857
0.000307716
0.000509773
0.000728512
0.000963207
0.0012129
0.0014764
0.00175225
0.00203873
0.00233385
0.00263539
0.00294084
0.00324752
0.0035525
0.00385274
0.00414505
0.0044262
0.00469295
0.00494213
0.00517068
0.00537576
0.00555478
0.0057055
0.00582607
0.00591511
0.00597173
0.00599559
0.00598691
0.00594649
0.00587571
0.00577648
0.00565124
0.00550291
0.00533482
0.00515061
0.00495422
0.00474974
0.00454135
0.00433324
0.00412953
0.00393416
0.00375087
0.00358316
0.00343423
0.00330635
0.00319997
0.00312225
0.00158812
0.00135852
0.00111362
0.000894873
0.000692483
0.000503028
0.000326961
0.000164725
1.64912e-05
-0.000117636
-0.000237587
-0.000343331
-0.000434871
-0.000512221
-0.000575387
-0.000624352
-0.00065906
-0.000679407
-0.000685235
-0.000676331
-0.000652429
-0.000613219
-0.00055836
-0.000487496
-0.000400272
-0.00029636
-0.000175481
-3.74331e-05
0.000117883
0.000290437
0.000480037
0.000686312
0.000908675
0.00114631
0.00139816
0.00166289
0.00193889
0.00222429
0.00251693
0.00281439
0.00311403
0.00341295
0.00370811
0.00399633
0.00427433
0.00453882
0.00478656
0.0050144
0.0052194
0.00539885
0.0055504
0.00567207
0.00576235
0.00582022
0.00584522
0.00583745
0.00579761
0.00572695
0.00562731
0.00550104
0.00535095
0.00518029
0.00499262
0.00479176
0.0045817
0.00436651
0.00415024
0.00393685
0.00373013
0.00353362
0.00335066
0.00318427
0.00303607
0.00290514
0.00280326
0.00181021
0.00154747
0.00127045
0.00102737
0.000806191
0.000602204
0.000415208
0.000245016
9.11635e-05
-4.68288e-05
-0.000169415
-0.000277028
-0.00037007
-0.000448893
-0.000513786
-0.00056496
-0.000602538
-0.000626547
-0.000636921
-0.000633498
-0.000616033
-0.000584204
-0.000537633
-0.000475901
-0.000398571
-0.000305214
-0.000195438
-6.89107e-05
7.46031e-05
0.000235217
0.000412888
0.000607393
0.000818295
0.00104492
0.00128635
0.00154136
0.00180847
0.0020859
0.00237157
0.00266312
0.00295792
0.00325312
0.00354566
0.00383229
0.00410971
0.00437453
0.00462339
0.00485305
0.0050604
0.0052426
0.00539712
0.00552184
0.00561506
0.00567561
0.00570287
0.0056968
0.00565796
0.0055875
0.00548712
0.00535909
0.00520616
0.00503147
0.00483854
0.00463111
0.00441312
0.00418856
0.00396141
0.00373555
0.00351467
0.00330223
0.00310148
0.00291535
0.00274493
0.00258805
0.00246119
0.00201068
0.00171545
0.00140666
0.00113912
0.000898674
0.000679412
0.000480543
0.0003013
0.00014063
-2.49387e-06
-0.000129019
-0.000239812
-0.000335656
-0.000417226
-0.00048508
-0.000539646
-0.000581216
-0.000609943
-0.000625846
-0.000628811
-0.000618605
-0.000594891
-0.000557245
-0.000505181
-0.000438172
-0.000355683
-0.000257196
-0.000142246
-1.04511e-05
0.000138454
0.000304583
0.000487868
0.000688027
0.000904536
0.00113661
0.00138316
0.00164281
0.00191388
0.00219435
0.00248193
0.00277401
0.00306772
0.00335999
0.00364751
0.00392688
0.00419462
0.00444723
0.00468129
0.00489354
0.00508095
0.00524078
0.0053707
0.00546882
0.00553376
0.00556472
0.00556147
0.00552441
0.00545456
0.00535349
0.00522339
0.00506689
0.0048871
0.00468749
0.00447176
0.00424383
0.00400768
0.00376726
0.00352646
0.00328894
0.00305814
0.00283732
0.00262943
0.00243512
0.00225111
0.0020986
0.00218351
0.00185661
0.00151666
0.00122482
0.000964954
0.000730008
0.000518646
0.000329561
0.000161149
1.18686e-05
-0.00011969
-0.000234807
-0.000334621
-0.000420113
-0.000492093
-0.000551193
-0.000597866
-0.000632379
-0.000654824
-0.000665129
-0.000663067
-0.000648275
-0.000620279
-0.000578516
-0.000522364
-0.00045117
-0.000364286
-0.000261103
-0.000141084
-3.80358e-06
0.000151016
0.000323471
0.000513441
0.000720557
0.000944174
0.00118335
0.00143681
0.00170296
0.00197988
0.0022653
0.00255664
0.00285102
0.00314531
0.00343615
0.00372002
0.00399329
0.00425232
0.00449349
0.00471334
0.00490858
0.00507627
0.0052138
0.00531906
0.00539041
0.00542683
0.00542788
0.00539376
0.00532532
0.005224
0.00509187
0.00493149
0.00474591
0.00453856
0.00431316
0.00407363
0.00382398
0.00356821
0.00331026
0.00305386
0.00280251
0.00255955
0.00232805
0.00210832
0.00189609
0.00171731
0.00232315
0.0019655
0.00159515
0.00127942
0.00100022
0.000749441
0.000525222
0.00032575
0.000148897
-7.36304e-06
-0.000144878
-0.000265317
-0.000370153
-0.000460655
-0.000537868
-0.000602615
-0.00065549
-0.000696866
-0.0007269
-0.000745548
-0.000752578
-0.000747597
-0.000730069
-0.000699347
-0.000654703
-0.00059536
-0.00052053
-0.000429451
-0.000321422
-0.000195848
-5.22775e-05
0.00010956
0.000289714
0.00048798
0.000703865
0.000936562
0.00118493
0.00144746
0.00172231
0.00200725
0.00229973
0.00259684
0.00289539
0.00319194
0.00348285
0.00376433
0.00403253
0.00428364
0.00451393
0.00471985
0.00489818
0.00504603
0.00516097
0.0052411
0.00528511
0.00529232
0.00526269
0.00519687
0.00509615
0.00496244
0.00479825
0.00460656
0.00439079
0.00415469
0.00390221
0.00363745
0.00336453
0.00308748
0.00281017
0.00253624
0.00226923
0.00201237
0.00176576
0.0015242
0.00131846
0.00242437
0.00203699
0.00163715
0.00129808
0.000999835
0.00073327
0.000496033
0.000285821
0.000100011
-6.38882e-05
-0.00020814
-0.000334778
-0.000445594
-0.000542122
-0.000625628
-0.000697107
-0.000757283
-0.000806618
-0.000845323
-0.00087337
-0.000890514
-0.000896318
-0.000890178
-0.000871351
-0.000838996
-0.000792201
-0.000730029
-0.000651554
-0.000555902
-0.000442298
-0.000310106
-0.00015887
1.16417e-05
0.000201398
0.000410071
0.000637001
0.000881174
0.0011412
0.0014153
0.00170131
0.00199667
0.00229847
0.00260346
0.0029081
0.00320861
0.00350101
0.00378126
0.00404526
0.00428903
0.00450872
0.00470075
0.00486191
0.00498943
0.00508108
0.00513522
0.00515086
0.0051277
0.00506614
0.00496729
0.0048329
0.00466538
0.00446766
0.00424316
0.00399566
0.00372921
0.00344803
0.00315638
0.00285849
0.00255842
0.00226004
0.00196714
0.00168323
0.00140826
0.00113616
0.000902649
0.00248222
0.00206621
0.0016379
0.00127617
0.000959316
0.000677173
0.000426914
0.000205765
1.06233e-05
-0.000161444
-0.000313098
-0.000446718
-0.000564396
-0.000667912
-0.000758735
-0.000838016
-0.000906595
-0.000965011
-0.00101351
-0.00105207
-0.00108043
-0.00109809
-0.00110437
-0.00109842
-0.00107927
-0.00104588
-0.000997136
-0.000931945
-0.00084925
-0.000748082
-0.000627607
-0.000487174
-0.000326354
-0.00014499
5.67668e-05
0.000278419
0.000519096
0.000777525
0.00105202
0.00134047
0.00164034
0.0019487
0.00226224
0.00257731
0.00288998
0.00319609
0.00349134
0.00377137
0.00403186
0.00426863
0.00447773
0.00465555
0.00479893
0.00490525
0.00497248
0.00499929
0.00498504
0.00492986
0.00483462
0.00470089
0.00453096
0.00432771
0.00409455
0.00383531
0.00355418
0.00325553
0.00294383
0.00262355
0.00229903
0.00197442
0.00165386
0.0013412
0.00103631
0.000732333
0.000470036
0.00249204
0.00204853
0.00159285
0.00120927
0.000874353
0.000576959
0.000313796
8.16299e-05
-0.000123105
-0.000303769
-0.000463402
-0.000604715
-0.000730077
-0.000841503
-0.000940645
-0.0010288
-0.0011069
-0.00117554
-0.00123502
-0.00128528
-0.00132604
-0.00135673
-0.00137658
-0.00138462
-0.00137976
-0.00136079
-0.00132643
-0.0012754
-0.00120646
-0.00111841
-0.00101023
-0.000881037
-0.000730203
-0.000557364
-0.000362476
-0.000145855
9.17848e-05
0.000349307
0.00062513
0.000917213
0.00122306
0.00153973
0.00186384
0.00219165
0.00251906
0.00284171
0.00315504
0.00345438
0.00373506
0.0039925
0.00422235
0.00442054
0.00458347
0.00470805
0.00479183
0.00483303
0.00483065
0.00478448
0.00469509
0.00456387
0.00439292
0.00418507
0.00394372
0.00367279
0.00337659
0.0030597
0.00272686
0.00238282
0.00203228
0.00167974
0.00132977
0.00098663
0.000650176
0.000312768
2.04315e-05
0.00244933
0.00197957
0.0014977
0.00109315
0.000740804
0.000428581
0.000152725
-9.04468e-05
-0.000304953
-0.000494567
-0.000662693
-0.000812354
-0.000946186
-0.00106642
-0.00117487
-0.00127297
-0.00136173
-0.00144181
-0.00151349
-0.00157672
-0.00163116
-0.00167617
-0.00171086
-0.00173417
-0.00174484
-0.00174149
-0.00172267
-0.00168691
-0.00163273
-0.00155875
-0.00146368
-0.00134644
-0.00120616
-0.00104226
-0.000854466
-0.000642906
-0.000408108
-0.000151054
0.000126801
0.000423506
0.000736613
0.00106318
0.00139979
0.00174258
0.0020873
0.00242937
0.00276395
0.00308605
0.0033906
0.0036726
0.00392721
0.00414988
0.00433649
0.00448342
0.00458769
0.00464707
0.00466007
0.00462609
0.00454538
0.00441902
0.00424898
0.00403795
0.00378934
0.00350714
0.00319583
0.00286023
0.00250538
0.00213641
0.00175839
0.00137628
0.000995131
0.000619715
0.000249904
-0.000122713
-0.000446601
0.00234986
0.00185511
0.00134833
0.000923763
0.000554702
0.000228148
-6.01172e-05
-0.000314218
-0.000538613
-0.000737476
-0.000914561
-0.00107319
-0.00121626
-0.00134618
-0.00146494
-0.00157408
-0.00167468
-0.00176743
-0.00185262
-0.00193018
-0.00199968
-0.00206041
-0.00211139
-0.00215138
-0.002179
-0.00219268
-0.00219078
-0.00217161
-0.00213348
-0.00207475
-0.00199391
-0.00188963
-0.00176077
-0.00160651
-0.00142636
-0.00122019
-0.000988342
-0.000731604
-0.000451284
-0.000149218
0.000172219
0.000510103
0.000860986
0.00122091
0.00158548
0.00194987
0.00230898
0.00265743
0.00298976
0.00330047
0.00358423
0.0038359
0.00405078
0.00422466
0.00435396
0.00443587
0.00446839
0.00445041
0.00438178
0.00426328
0.00409661
0.00388435
0.00362989
0.0033373
0.00301122
0.00265675
0.00227928
0.00188435
0.00147752
0.00106425
0.000650145
0.000240561
-0.000164565
-0.000574425
-0.000931659
0.00218956
0.0016712
0.00114082
0.000697271
0.000312273
-2.80597e-05
-0.000328397
-0.0005933
-0.000827657
-0.00103603
-0.00122252
-0.00139072
-0.00154376
-0.00168427
-0.00181435
-0.00193564
-0.0020493
-0.00215603
-0.00225612
-0.00234944
-0.0024355
-0.0025135
-0.00258233
-0.00264062
-0.0026868
-0.00271913
-0.00273575
-0.00273476
-0.00271421
-0.00267223
-0.00260704
-0.00251702
-0.00240079
-0.00225723
-0.00208559
-0.0018855
-0.00165703
-0.00140079
-0.00111788
-0.00081
-0.000479422
-0.000129021
0.000237742
0.000616837
0.00100371
0.00139333
0.00178028
0.00215882
0.00252304
0.00286693
0.00318455
0.00347018
0.00371843
0.00392441
0.00408387
0.00419332
0.00425013
0.00425264
0.0042002
0.00409318
0.00393301
0.00372208
0.00346372
0.00316208
0.00282198
0.00244882
0.00204838
0.00162669
0.00118983
0.000743846
0.00029498
-0.000150763
-0.00059334
-0.00104275
-0.00143542
0.00196461
0.00142406
0.000871503
0.000410049
9.94106e-06
-0.000343569
-0.000655602
-0.000931146
-0.00117551
-0.00139364
-0.00158994
-0.00176832
-0.0019321
-0.00208408
-0.00222652
-0.00236113
-0.00248911
-0.00261119
-0.00272763
-0.00283825
-0.0029425
-0.00303945
-0.00312787
-0.00320623
-0.00327279
-0.0033256
-0.00336261
-0.00338163
-0.00338051
-0.00335707
-0.00330927
-0.00323518
-0.00313313
-0.0030017
-0.00283982
-0.00264685
-0.0024226
-0.00216739
-0.00188213
-0.00156831
-0.00122808
-0.000864239
-0.000480215
-8.00948e-05
0.000331435
0.000749134
0.00116728
0.00157975
0.00198016
0.00236193
0.00271852
0.00304349
0.00333071
0.00357454
0.00376992
0.0039126
0.00399923
0.00402747
0.00399606
0.0039049
0.00375504
0.00354864
0.00328895
0.00298014
0.00262725
0.00223597
0.00181253
0.00136348
0.000895505
0.000415307
-7.0159e-05
-0.000554159
-0.00103651
-0.00152807
-0.00195858
0.00167138
0.00111016
0.000536911
5.86951e-05
-0.000355648
-0.000721699
-0.00104502
-0.00133102
-0.00158542
-0.00181353
-0.00202008
-0.00220922
-0.0023845
-0.00254888
-0.00270474
-0.00285386
-0.0029975
-0.00313637
-0.00327071
-0.00340028
-0.00352445
-0.00364217
-0.00375208
-0.00385248
-0.00394144
-0.00401681
-0.0040763
-0.00411749
-0.00413792
-0.00413515
-0.00410682
-0.0040507
-0.00396476
-0.00384727
-0.00369683
-0.00351246
-0.00329365
-0.00304044
-0.00275345
-0.00243397
-0.00208394
-0.00170605
-0.00130367
-0.000880895
-0.000442526
6.00454e-06
0.000458678
0.000908983
0.00135003
0.00177466
0.00217563
0.00254576
0.00287809
0.00316609
0.00340384
0.0035862
0.00370894
0.00376893
0.00376422
0.0036941
0.00355917
0.00336127
0.00310348
0.00279002
0.00242608
0.0020177
0.00157157
0.00109482
0.000594796
7.89459e-05
-0.000444981
-0.000969444
-0.00149409
-0.00203067
-0.00250174
0.00130653
0.000726215
0.000133834
-0.000359947
-0.000787612
-0.00116554
-0.00149972
-0.00179598
-0.00206043
-0.00229875
-0.00251596
-0.00271647
-0.00290403
-0.00308176
-0.00325213
-0.00341702
-0.00357768
-0.00373486
-0.00388873
-0.00403901
-0.00418496
-0.00432542
-0.00445887
-0.00458346
-0.00469706
-0.00479731
-0.00488165
-0.00494741
-0.00499185
-0.00501222
-0.00500581
-0.00497007
-0.0049026
-0.0048013
-0.00466441
-0.00449055
-0.00427888
-0.00402908
-0.00374146
-0.00341701
-0.00305747
-0.00266531
-0.00224381
-0.00179706
-0.0013299
-0.000847955
-0.000357507
0.000134536
0.000620771
0.00109343
0.00154452
0.00196604
0.00235012
0.00268926
0.00297652
0.00320575
0.00337173
0.0034704
0.00349896
0.00345597
0.00334144
0.00315682
0.00290497
0.00259005
0.00221743
0.00179346
0.00132535
0.000820852
0.000288054
-0.000264796
-0.000829055
-0.00139628
-0.00196593
-0.00255071
-0.00306535
0.00086696
0.000269215
-0.00034067
-0.00084877
-0.00128881
-0.00167791
-0.00202251
-0.00232882
-0.00260335
-0.0028521
-0.00308041
-0.0032929
-0.00349354
-0.00368558
-0.0038716
-0.00405353
-0.00423267
-0.00440972
-0.00458484
-0.00475768
-0.00492739
-0.00509269
-0.00525192
-0.00540304
-0.00554373
-0.00567139
-0.00578322
-0.00587627
-0.00594749
-0.00599379
-0.00601214
-0.00599959
-0.00595337
-0.00587096
-0.00575018
-0.00558926
-0.00538692
-0.00514246
-0.00485579
-0.00452759
-0.00415927
-0.00375308
-0.00331214
-0.00284045
-0.00234287
-0.00182516
-0.00129385
-0.000756229
-0.000220214
0.000305778
0.00081299
0.00129251
0.00173548
0.00213332
0.00247796
0.00276208
0.00297932
0.00312452
0.00319388
0.00318508
0.00309741
0.0029318
0.00269077
0.00237839
0.00200013
0.0015627
0.00107379
0.000541852
-2.42259e-05
-0.000615304
-0.00122175
-0.00183414
-0.00245167
-0.00308811
-0.00364968
0.000349861
-0.000263569
-0.000889259
-0.00141039
-0.00186182
-0.00226139
-0.00261594
-0.00293209
-0.0032167
-0.00347612
-0.00371595
-0.00394107
-0.0041556
-0.00436295
-0.00456578
-0.00476608
-0.00496517
-0.00516374
-0.00536191
-0.00555924
-0.0057548
-0.00594719
-0.00613456
-0.00631473
-0.00648516
-0.006643
-0.00678521
-0.00690854
-0.00700963
-0.00708503
-0.00713134
-0.00714521
-0.00712345
-0.00706309
-0.0069615
-0.00681644
-0.00662616
-0.0063895
-0.00610594
-0.00577574
-0.00539994
-0.00498049
-0.00452026
-0.00402312
-0.00349389
-0.00293839
-0.00236338
-0.0017765
-0.00118617
-0.000601461
-3.19434e-05
0.000512518
0.00102198
0.00148667
0.00189726
0.0022451
0.00252254
0.00272312
0.00284187
0.0028754
0.00282212
0.00268227
0.00245793
0.00215297
0.00177294
0.00132482
0.000816852
0.000258201
-0.000341369
-0.000971738
-0.00162219
-0.00228218
-0.00295067
-0.0036425
-0.00425466
-0.000247251
-0.000874551
-0.00151428
-0.0020471
-0.00250892
-0.00291823
-0.00328226
-0.00360802
-0.00390274
-0.00417306
-0.00442486
-0.00466323
-0.00489248
-0.00511613
-0.00533696
-0.00555698
-0.00577754
-0.00599933
-0.0062224
-0.00644626
-0.00666985
-0.00689166
-0.00710971
-0.0073216
-0.00752459
-0.00771562
-0.00789134
-0.00804823
-0.00818257
-0.00829058
-0.00836843
-0.00841235
-0.0084187
-0.00838404
-0.00830521
-0.00817947
-0.00800454
-0.00777873
-0.00750103
-0.00717118
-0.0067898
-0.00635844
-0.00587967
-0.00535711
-0.00479549
-0.00420062
-0.00357943
-0.00293986
-0.00229082
-0.00164204
-0.00100392
-0.000387338
0.000196612
0.000736856
0.00122265
0.00164388
0.00199138
0.00225724
0.00243506
0.00252021
0.00251001
0.00240382
0.00220314
0.00191151
0.00153445
0.00107922
0.000554577
-2.95558e-05
-0.000662474
-0.00133298
-0.00202916
-0.00273926
-0.00346191
-0.00421316
-0.00487986
-0.000926519
-0.00156581
-0.00221775
-0.00276089
-0.00323206
-0.00365036
-0.00402341
-0.00435855
-0.00466338
-0.00494483
-0.00520903
-0.00546129
-0.00570608
-0.00594706
-0.00618707
-0.00642818
-0.00667177
-0.00691848
-0.00716836
-0.00742081
-0.00767471
-0.00792839
-0.00817973
-0.00842617
-0.00866473
-0.00889211
-0.00910471
-0.00929867
-0.00946995
-0.00961438
-0.00972772
-0.00980573
-0.00984429
-0.00983942
-0.00978745
-0.00968504
-0.00952932
-0.00931803
-0.00904955
-0.00872307
-0.00833868
-0.00789744
-0.00740151
-0.0068542
-0.00626002
-0.00562474
-0.00495534
-0.00426004
-0.00354817
-0.00283012
-0.00211711
-0.00142107
-0.000754326
-0.000129359
0.000441542
0.00094662
0.00137501
0.0017171
0.00196485
0.00211214
0.00215495
0.00209158
0.00192272
0.00165146
0.00128317
0.000825293
0.000287106
-0.000320684
-0.000986371
-0.00169759
-0.0024411
-0.0032038
-0.00398395
-0.00479889
-0.0055244
-0.00168972
-0.00233906
-0.00300135
-0.0035534
-0.00403287
-0.00445939
-0.00484096
-0.00518526
-0.00550018
-0.00579298
-0.00607001
-0.00633679
-0.00659794
-0.00685723
-0.0071176
-0.00738118
-0.00764932
-0.0079227
-0.0082013
-0.00848446
-0.00877097
-0.00905903
-0.00934639
-0.00963028
-0.00990754
-0.0101746
-0.0104276
-0.0106624
-0.0108746
-0.0110596
-0.0112127
-0.0113292
-0.0114044
-0.0114339
-0.0114134
-0.0113389
-0.0112068
-0.0110143
-0.0107591
-0.0104397
-0.0100556
-0.0096072
-0.00909623
-0.00852554
-0.00789936
-0.00722325
-0.00650422
-0.00575064
-0.00497225
-0.00417999
-0.00338595
-0.0026031
-0.00184507
-0.00112583
-0.00045936
0.000140766
0.000661772
0.00109211
0.00142185
0.00164308
0.00175019
0.00174015
0.00161263
0.00137004
0.00101745
0.00056243
1.47044e-05
-0.000614219
-0.00131157
-0.00206373
-0.00285598
-0.00367373
-0.00451481
-0.00539796
-0.00618683
-0.00253823
-0.00319563
-0.00386636
-0.00442589
-0.00491259
-0.00534657
-0.00573615
-0.00608934
-0.00641436
-0.0067187
-0.00700896
-0.00729084
-0.00756913
-0.0078477
-0.00812958
-0.00841694
-0.00871118
-0.00901293
-0.00932215
-0.00963813
-0.00995956
-0.0102846
-0.0106107
-0.010935
-0.0112542
-0.0115644
-0.0118616
-0.0121411
-0.0123983
-0.0126282
-0.0128256
-0.0129854
-0.0131022
-0.0131711
-0.0131871
-0.0131455
-0.0130422
-0.0128734
-0.0126361
-0.0123282
-0.0119484
-0.0114964
-0.0109733
-0.0103814
-0.0097245
-0.00900794
-0.00823856
-0.00742482
-0.00657673
-0.0057058
-0.00482488
-0.00394801
-0.00309015
-0.00226685
-0.0014939
-0.000786865
-0.000160653
0.000370993
0.00079597
0.00110427
0.0012884
0.00134366
0.00126842
0.00106419
0.000735555
0.000290045
-0.000262214
-0.000908928
-0.00163622
-0.00242908
-0.00327123
-0.0041464
-0.00505193
-0.006008
-0.00686507
-0.00347303
-0.00413648
-0.0048137
-0.00537927
-0.00587211
-0.00631276
-0.00670983
-0.00707165
-0.00740671
-0.00772275
-0.00802659
-0.00832413
-0.00862027
-0.00891904
-0.00922351
-0.00953592
-0.00985769
-0.0101895
-0.0105312
-0.010882
-0.0112407
-0.0116051
-0.0119728
-0.0123406
-0.0127049
-0.0130619
-0.0134069
-0.0137353
-0.0140419
-0.0143212
-0.0145677
-0.0147758
-0.0149395
-0.0150531
-0.0151111
-0.015108
-0.015039
-0.0148994
-0.0146855
-0.0143942
-0.0140234
-0.0135721
-0.0130406
-0.0124306
-0.0117452
-0.0109894
-0.0101698
-0.00929481
-0.00837461
-0.00742113
-0.00644797
-0.00547019
-0.00450409
-0.00356686
-0.00267622
-0.00184989
-0.00110512
-0.000458123
7.65152e-05
0.000486364
0.00076166
0.000895726
0.000885284
0.000730627
0.000435631
7.60112e-06
-0.000543044
-0.00120326
-0.001958
-0.00279083
-0.00368368
-0.00461849
-0.005592
-0.00662592
-0.00755629
-0.00449466
-0.00516213
-0.00584389
-0.00641405
-0.00691194
-0.00735845
-0.00776248
-0.00813262
-0.00847762
-0.00880547
-0.0091232
-0.00943684
-0.00975149
-0.0100713
-0.0103993
-0.0107379
-0.0110886
-0.0114519
-0.0118279
-0.0122156
-0.0126137
-0.01302
-0.0134319
-0.0138461
-0.014259
-0.0146661
-0.0150629
-0.0154442
-0.0158045
-0.0161381
-0.0164387
-0.0167003
-0.0169163
-0.0170804
-0.0171862
-0.0172277
-0.017199
-0.0170947
-0.0169101
-0.0166413
-0.0162851
-0.0158397
-0.0153044
-0.0146802
-0.0139695
-0.0131767
-0.0123079
-0.0113715
-0.0103776
-0.00933857
-0.00826848
-0.00718342
-0.00610101
-0.00504011
-0.00402045
-0.00306208
-0.00218479
-0.00140752
-0.000747688
-0.000220505
0.000161607
0.000389574
0.000458086
0.000365869
0.000115771
-0.000285352
-0.000826945
-0.00149527
-0.00227413
-0.00314551
-0.00408948
-0.00508591
-0.0061309
-0.00724774
-0.00825676
-0.00560321
-0.00627269
-0.00695704
-0.00753035
-0.0080322
-0.00848375
-0.00889417
-0.00927229
-0.00962709
-0.00996678
-0.0102986
-0.0106287
-0.0109624
-0.0113038
-0.0116563
-0.0120222
-0.0124029
-0.0127992
-0.013211
-0.0136375
-0.014077
-0.0145275
-0.0149863
-0.0154498
-0.0159142
-0.0163751
-0.0168274
-0.0172657
-0.0176843
-0.0180767
-0.0184366
-0.018757
-0.019031
-0.0192516
-0.0194115
-0.0195039
-0.019522
-0.0194596
-0.0193109
-0.019071
-0.0187357
-0.0183021
-0.0177686
-0.0171351
-0.0164032
-0.0155766
-0.0146609
-0.0136639
-0.0125959
-0.0114692
-0.0102984
-0.0091004
-0.00789416
-0.00670021
-0.00554034
-0.00443701
-0.0034128
-0.00248964
-0.00168807
-0.00102652
-0.000520486
-0.000181898
-1.85521e-05
-3.37152e-05
-0.000225942
-0.000589124
-0.00111278
-0.00178259
-0.00258121
-0.00348898
-0.00448392
-0.00554369
-0.00666356
-0.00786853
-0.00896176
-0.00679835
-0.00746783
-0.00815287
-0.00872789
-0.00923262
-0.00968839
-0.0101046
-0.0104903
-0.0108547
-0.0112061
-0.0115521
-0.0118989
-0.012252
-0.0126156
-0.0129932
-0.0133871
-0.013799
-0.0142295
-0.0146785
-0.0151452
-0.0156281
-0.016125
-0.0166329
-0.0171485
-0.0176675
-0.0181854
-0.0186969
-0.0191963
-0.0196774
-0.0201335
-0.0205576
-0.0209424
-0.0212802
-0.0215632
-0.0217836
-0.0219335
-0.0220053
-0.0219918
-0.0218861
-0.0216821
-0.0213747
-0.0209597
-0.0204343
-0.0197974
-0.0190496
-0.0181934
-0.017234
-0.0161787
-0.0150372
-0.0138219
-0.0125477
-0.0112322
-0.00989541
-0.00855964
-0.00724872
-0.00598765
-0.00480192
-0.00371671
-0.00275606
-0.00194197
-0.00129351
-0.000825966
-0.000550145
-0.000471805
-0.000591354
-0.000903807
-0.00139903
-0.00206229
-0.00287514
-0.00381625
-0.0048614
-0.00598581
-0.00718384
-0.00848222
-0.00966543
-0.00807926
-0.00874681
-0.00943069
-0.010006
-0.0105125
-0.0109717
-0.0113931
-0.0117859
-0.0121595
-0.0125225
-0.0128826
-0.0132462
-0.0136188
-0.0140049
-0.014408
-0.0148306
-0.0152742
-0.0157398
-0.0162272
-0.0167356
-0.0172635
-0.0178085
-0.0183678
-0.0189378
-0.0195142
-0.0200922
-0.0206663
-0.0212306
-0.0217785
-0.0223028
-0.0227962
-0.0232507
-0.023658
-0.0240096
-0.0242969
-0.0245111
-0.0246437
-0.0246864
-0.0246311
-0.0244707
-0.0241987
-0.0238097
-0.0232997
-0.0226661
-0.0219085
-0.0210282
-0.0200295
-0.0189193
-0.0177064
-0.0164029
-0.0150239
-0.0135874
-0.0121146
-0.0106291
-0.00915699
-0.00772579
-0.00636403
-0.00510038
-0.00396267
-0.00297692
-0.00216625
-0.00154988
-0.00114218
-0.000951995
-0.000982126
-0.00122917
-0.00168371
-0.00233083
-0.00315107
-0.00412139
-0.00521523
-0.00640512
-0.00768436
-0.00908142
-0.0103606
-0.0094447
-0.0101085
-0.0107894
-0.0113637
-0.011871
-0.0123327
-0.0127585
-0.0131579
-0.0135403
-0.0139146
-0.0142885
-0.0146686
-0.0150607
-0.0154693
-0.015898
-0.0163495
-0.0168255
-0.0173267
-0.0178533
-0.0184043
-0.0189784
-0.0195731
-0.0201856
-0.0208121
-0.0214483
-0.0220892
-0.0227291
-0.0233618
-0.0239803
-0.0245773
-0.0251446
-0.025674
-0.0261564
-0.0265826
-0.0269432
-0.0272286
-0.0274291
-0.0275354
-0.0275384
-0.0274294
-0.0272009
-0.0268459
-0.0263591
-0.0257366
-0.0249762
-0.024078
-0.0230454
-0.0218856
-0.020605
-0.0192151
-0.0177315
-0.016172
-0.0145588
-0.0129169
-0.0112745
-0.00966148
-0.0081096
-0.00665117
-0.00531811
-0.00414086
-0.00314711
-0.00236059
-0.0017999
-0.00147762
-0.00139959
-0.00156454
-0.00196423
-0.00258387
-0.00340319
-0.00439741
-0.00553751
-0.00679312
-0.0081563
-0.00965733
-0.0110384
-0.010893
-0.0115513
-0.0122276
-0.0127996
-0.0133066
-0.01377
-0.0141995
-0.0146048
-0.0149954
-0.0153804
-0.0157676
-0.0161639
-0.0165751
-0.0170058
-0.01746
-0.0179403
-0.0184485
-0.0189856
-0.0195517
-0.020146
-0.0207671
-0.0214126
-0.0220796
-0.0227643
-0.0234623
-0.0241684
-0.0248768
-0.0255811
-0.0262738
-0.0269473
-0.0275931
-0.0282022
-0.0287651
-0.0292717
-0.0297119
-0.030075
-0.0303506
-0.030528
-0.030597
-0.0305477
-0.0303709
-0.0300585
-0.0296035
-0.0290004
-0.0282453
-0.0273361
-0.0262747
-0.0250726
-0.0237314
-0.0222583
-0.0206714
-0.0189884
-0.0172318
-0.0154283
-0.0136077
-0.0118023
-0.010047
-0.00837789
-0.00683122
-0.00544222
-0.00424366
-0.00326441
-0.00252801
-0.00205152
-0.00184453
-0.00190862
-0.00223724
-0.00281619
-0.00362459
-0.00463606
-0.00581896
-0.00713981
-0.00858927
-0.0101994
-0.0116887
-0.012422
-0.0130733
-0.0137435
-0.014312
-0.0148178
-0.0152819
-0.0157144
-0.0161248
-0.0165229
-0.0169178
-0.0173176
-0.0177292
-0.0181587
-0.018611
-0.0190899
-0.0195984
-0.0201385
-0.0207112
-0.0213167
-0.0219543
-0.0226226
-0.0233195
-0.0240418
-0.0247859
-0.0255472
-0.0263205
-0.0270996
-0.027878
-0.0286481
-0.0294017
-0.0301299
-0.0308231
-0.0314713
-0.0320637
-0.0325894
-0.0330367
-0.0333942
-0.0336501
-0.0337928
-0.0338113
-0.0336948
-0.0334338
-0.0330195
-0.0324451
-0.0317054
-0.0307973
-0.0297177
-0.0284695
-0.0270732
-0.0255293
-0.0238414
-0.0220351
-0.0201334
-0.0181646
-0.0161595
-0.0141527
-0.0121819
-0.010287
-0.00850884
-0.00688779
-0.00546217
-0.00426661
-0.00333036
-0.00267575
-0.00231699
-0.00225926
-0.00249846
-0.00302145
-0.00380714
-0.00482765
-0.00604871
-0.00743348
-0.00897106
-0.0106953
-0.0122989
-0.0140294
-0.0146722
-0.0153349
-0.015899
-0.0164025
-0.0168666
-0.0173011
-0.0177157
-0.0181203
-0.0185241
-0.0189353
-0.0193612
-0.0198078
-0.0202804
-0.020783
-0.0213187
-0.0218896
-0.022497
-0.0231412
-0.0238216
-0.024537
-0.0252852
-0.0260631
-0.0268672
-0.0276926
-0.0285343
-0.0293859
-0.0302405
-0.0310903
-0.0319269
-0.0327408
-0.0335221
-0.03426
-0.0349431
-0.0355596
-0.0360971
-0.0365429
-0.0368843
-0.0371083
-0.0372025
-0.0371548
-0.0369539
-0.0365895
-0.0360531
-0.0353379
-0.03444
-0.0333575
-0.0320863
-0.0306311
-0.0290085
-0.02723
-0.0253038
-0.0232577
-0.0211221
-0.0189285
-0.016713
-0.0145163
-0.0123818
-0.0103552
-0.00848213
-0.00680704
-0.00537091
-0.00420946
-0.00335122
-0.00281591
-0.00261326
-0.00274241
-0.00319202
-0.00394121
-0.00496087
-0.00621408
-0.00766048
-0.00928741
-0.0111305
-0.0128546
-0.0157122
-0.0163455
-0.0169997
-0.0175583
-0.0180588
-0.0185219
-0.0189574
-0.0193751
-0.019785
-0.0201963
-0.0206175
-0.021056
-0.0215182
-0.0220094
-0.0225339
-0.0230951
-0.0236953
-0.0243359
-0.0250175
-0.0257396
-0.0265011
-0.0272998
-0.028133
-0.0289968
-0.0298867
-0.0307973
-0.0317222
-0.0326544
-0.0335858
-0.0345076
-0.03541
-0.0362825
-0.0371138
-0.0378919
-0.038604
-0.039237
-0.039777
-0.0402103
-0.0405226
-0.0407002
-0.0407293
-0.0405971
-0.0402916
-0.0398022
-0.0391203
-0.0382396
-0.0371565
-0.0358686
-0.0343744
-0.0326872
-0.0308133
-0.0287726
-0.026591
-0.0242917
-0.0219082
-0.0194792
-0.017048
-0.0146619
-0.012371
-0.0102269
-0.00828015
-0.0065789
-0.00516605
-0.00407724
-0.00333878
-0.00296597
-0.00296218
-0.00331869
-0.00401547
-0.00502251
-0.00630036
-0.00780496
-0.00952173
-0.0114881
-0.0133389
-0.0174674
-0.0180904
-0.0187352
-0.0192877
-0.0197844
-0.0202456
-0.0206811
-0.0211006
-0.0215142
-0.0219313
-0.0223606
-0.0228096
-0.0232851
-0.0237925
-0.0243367
-0.024921
-0.0255482
-0.0262198
-0.0269367
-0.0276986
-0.0285045
-0.0293524
-0.0302396
-0.0311624
-0.0321162
-0.0330956
-0.0340941
-0.0351044
-0.0361184
-0.0371268
-0.0381196
-0.0390857
-0.0400134
-0.0408898
-0.0417016
-0.0424345
-0.043074
-0.0436049
-0.044012
-0.0442799
-0.0443934
-0.0443381
-0.0441002
-0.0436671
-0.0430281
-0.0421743
-0.0410997
-0.0398003
-0.0382743
-0.0365273
-0.0345753
-0.0324356
-0.0301211
-0.0276604
-0.0250872
-0.0224418
-0.0197698
-0.017122
-0.014553
-0.0121199
-0.0098802
-0.00788941
-0.00619846
-0.00485108
-0.00388123
-0.00331098
-0.00314908
-0.0033904
-0.00401658
-0.00499722
-0.00629051
-0.0078486
-0.00965486
-0.0117484
-0.0137318
-0.0192917
-0.0199039
-0.0205389
-0.0210847
-0.0215769
-0.0220353
-0.0224695
-0.0228893
-0.0233048
-0.0237256
-0.0241605
-0.0246174
-0.0251033
-0.025624
-0.0261847
-0.0267891
-0.0274401
-0.0281398
-0.0288891
-0.0296881
-0.030536
-0.0314309
-0.0323702
-0.0333503
-0.0343666
-0.0354137
-0.0364851
-0.0375734
-0.0386701
-0.0397658
-0.0408501
-0.0419114
-0.0429374
-0.0439147
-0.0448292
-0.0456659
-0.0464091
-0.0470426
-0.0475499
-0.0479143
-0.0481192
-0.0481484
-0.0479863
-0.0476185
-0.0470319
-0.0462157
-0.0451612
-0.0438627
-0.0423178
-0.0405293
-0.0385079
-0.0362675
-0.0338259
-0.0312081
-0.0284477
-0.0255855
-0.0226689
-0.0197517
-0.0168927
-0.0141547
-0.0116019
-0.0092978
-0.00730203
-0.00566733
-0.0044365
-0.00363967
-0.00329224
-0.0033939
-0.00392891
-0.00486719
-0.00616486
-0.0077703
-0.0096647
-0.0118888
-0.0140106
-0.0211816
-0.021783
-0.0224081
-0.0229469
-0.023434
-0.0238887
-0.0243204
-0.0247387
-0.0251538
-0.0255756
-0.0260131
-0.0264745
-0.0269672
-0.0274975
-0.0280708
-0.0286913
-0.0293623
-0.0300862
-0.0308642
-0.0316968
-0.0325832
-0.033522
-0.0345106
-0.0355455
-0.0366222
-0.0377353
-0.0388781
-0.0400433
-0.041222
-0.0424047
-0.0435805
-0.0447376
-0.045863
-0.0469428
-0.0479622
-0.0489052
-0.0497553
-0.0504953
-0.0511074
-0.0515737
-0.0518759
-0.0519963
-0.0519175
-0.0516232
-0.0510982
-0.0503293
-0.0493057
-0.0480193
-0.046466
-0.044646
-0.0425657
-0.0402365
-0.0376758
-0.0349078
-0.031965
-0.0288883
-0.025726
-0.0225344
-0.0193762
-0.0163194
-0.0134352
-0.0107952
-0.00846836
-0.00651733
-0.00499493
-0.00394072
-0.00337823
-0.00331336
-0.00373418
-0.0046118
-0.00590078
-0.00754582
-0.00952588
-0.0118833
-0.014149
-0.0231336
-0.0237247
-0.0243402
-0.0248721
-0.0253537
-0.0258037
-0.0262313
-0.026646
-0.0270581
-0.0274777
-0.027914
-0.0283759
-0.028871
-0.0294062
-0.0299873
-0.030619
-0.0313052
-0.0320485
-0.0328507
-0.0337123
-0.0346332
-0.0356118
-0.036646
-0.0377323
-0.0388663
-0.0400426
-0.0412546
-0.0424945
-0.0437537
-0.0450222
-0.0462888
-0.0475412
-0.0487661
-0.049949
-0.0510742
-0.0521252
-0.0530844
-0.0539336
-0.054654
-0.0552262
-0.0556306
-0.0558478
-0.0558588
-0.0556452
-0.0551898
-0.0544773
-0.0534944
-0.0522307
-0.0506793
-0.048838
-0.0467099
-0.0443037
-0.0416347
-0.0387257
-0.0356078
-0.0323212
-0.0289149
-0.0254468
-0.021983
-0.0185963
-0.0153646
-0.0123678
-0.00968462
-0.00738844
-0.00554328
-0.00419956
-0.00339055
-0.00312992
-0.00341102
-0.00420723
-0.00547228
-0.00714741
-0.00920938
-0.0117022
-0.0141169
-0.0251442
-0.025726
-0.0263329
-0.0268581
-0.027334
-0.0277784
-0.0282001
-0.0286087
-0.0290146
-0.0294281
-0.0298589
-0.0303162
-0.0308084
-0.0313429
-0.0319261
-0.0325632
-0.0332587
-0.0340157
-0.0348364
-0.0357217
-0.0366718
-0.0376855
-0.0387606
-0.0398941
-0.0410815
-0.0423174
-0.0435952
-0.0449072
-0.0462443
-0.0475963
-0.0489519
-0.0502984
-0.0516219
-0.0529073
-0.0541383
-0.0552976
-0.0563669
-0.0573269
-0.0581577
-0.0588386
-0.0593487
-0.0596672
-0.0597731
-0.0596462
-0.0592676
-0.0586193
-0.0576859
-0.0564543
-0.0549152
-0.0530633
-0.0508987
-0.0484272
-0.0456614
-0.0426219
-0.0393381
-0.0358487
-0.0322027
-0.0284589
-0.0246859
-0.0209611
-0.0173685
-0.0139961
-0.0109328
-0.00826338
-0.00606413
-0.00439779
-0.00330906
-0.00282123
-0.00293454
-0.00362608
-0.00484962
-0.0065434
-0.0086821
-0.0113113
-0.0138798
-0.0272101
-0.0277844
-0.0283841
-0.0289035
-0.0293735
-0.0298112
-0.0302251
-0.0306247
-0.0310206
-0.0314233
-0.0318432
-0.0322901
-0.032773
-0.0333002
-0.0338785
-0.0345142
-0.0352121
-0.035976
-0.0368086
-0.0377112
-0.0386844
-0.0397273
-0.040838
-0.0420135
-0.0432495
-0.0445406
-0.0458802
-0.0472604
-0.048672
-0.0501047
-0.0515466
-0.0529848
-0.0544049
-0.0557912
-0.0571269
-0.0583939
-0.059573
-0.0606441
-0.0615861
-0.0623772
-0.0629952
-0.0634177
-0.0636222
-0.0635868
-0.0632902
-0.0627127
-0.0618363
-0.0606454
-0.0591279
-0.0572757
-0.0550855
-0.0525602
-0.0497094
-0.0465508
-0.0431115
-0.0394282
-0.0355491
-0.031533
-0.0274505
-0.0233824
-0.0194183
-0.0156542
-0.012189
-0.0091195
-0.00653516
-0.00451251
-0.00310948
-0.0023609
-0.00227587
-0.00283683
-0.00399883
-0.00569773
-0.00790641
-0.0106721
-0.0133986
-0.0293282
-0.0298976
-0.0304924
-0.0310071
-0.0314713
-0.0319012
-0.032305
-0.0326922
-0.0330734
-0.0334598
-0.0338625
-0.034292
-0.0347582
-0.0352701
-0.0358357
-0.0364619
-0.0371542
-0.0379171
-0.0387539
-0.0396666
-0.0406558
-0.0417213
-0.0428612
-0.0440728
-0.0453518
-0.0466929
-0.0480894
-0.0495333
-0.0510153
-0.0525247
-0.0540494
-0.0555761
-0.0570899
-0.0585746
-0.0600127
-0.0613855
-0.062673
-0.0638541
-0.0649068
-0.0658081
-0.0665346
-0.0670625
-0.0673677
-0.0674266
-0.0672161
-0.0667142
-0.0659006
-0.0647574
-0.0632695
-0.0614259
-0.0592202
-0.056652
-0.0537276
-0.0504617
-0.046878
-0.0430112
-0.0389073
-0.0346249
-0.0302351
-0.0258214
-0.0214784
-0.0173094
-0.0134229
-0.00992809
-0.00692847
-0.00451568
-0.00276266
-0.00171791
-0.00140157
-0.00180338
-0.0028812
-0.00456943
-0.00683962
-0.00974082
-0.012629
-0.0314961
-0.0320639
-0.0326569
-0.0331686
-0.0336272
-0.0340482
-0.0344392
-0.0348098
-0.035171
-0.0355346
-0.0359126
-0.0363165
-0.0367572
-0.0372448
-0.0377884
-0.0383956
-0.0390732
-0.0398262
-0.0406587
-0.041573
-0.0425704
-0.0436508
-0.0448129
-0.0460538
-0.0473695
-0.0487547
-0.0502026
-0.051705
-0.0532524
-0.054834
-0.0564372
-0.0580483
-0.059652
-0.0612316
-0.0627689
-0.0642446
-0.0656379
-0.0669268
-0.0680883
-0.0690985
-0.0699326
-0.0705656
-0.0709719
-0.0711262
-0.0710037
-0.0705803
-0.0698336
-0.068743
-0.067291
-0.0654634
-0.0632508
-0.0606494
-0.0576619
-0.0542996
-0.050583
-0.0465434
-0.0422245
-0.0376834
-0.0329909
-0.0282322
-0.0235057
-0.0189214
-0.014597
-0.0106537
-0.00720995
-0.00437345
-0.00223404
-0.000856055
-0.000273068
-0.000484461
-0.00145274
-0.0031121
-0.00543345
-0.0084679
-0.0115207
-0.0337118
-0.0342827
-0.0348779
-0.0353887
-0.0358422
-0.0362528
-0.0366279
-0.036977
-0.0373118
-0.0376449
-0.0379894
-0.038358
-0.038763
-0.0392159
-0.0397268
-0.0403047
-0.0409571
-0.0416902
-0.0425085
-0.0434152
-0.0444121
-0.0454992
-0.0466756
-0.0479385
-0.049284
-0.0507067
-0.0521998
-0.0537549
-0.0553623
-0.0570107
-0.0586875
-0.0603783
-0.0620674
-0.0637375
-0.06537
-0.0669447
-0.06844
-0.0698333
-0.0711005
-0.0722167
-0.0731561
-0.0738923
-0.0743983
-0.0746473
-0.0746128
-0.0742688
-0.0735907
-0.0725557
-0.0711435
-0.0693373
-0.0671243
-0.0644974
-0.0614559
-0.0580071
-0.0541679
-0.0499662
-0.0454424
-0.0406512
-0.0356624
-0.0305615
-0.0254498
-0.0204426
-0.0156663
-0.0112539
-0.00733859
-0.0040455
-0.00148291
0.000266777
0.00115395
0.00116699
0.000336465
-0.00127322
-0.00363334
-0.00679751
-0.0100174
-0.0359745
-0.0365542
-0.0371567
-0.0376696
-0.0381184
-0.038517
-0.0388723
-0.0391941
-0.0394948
-0.0397883
-0.0400889
-0.0404111
-0.0407688
-0.0411748
-0.041641
-0.0421776
-0.0427934
-0.0434954
-0.044289
-0.045178
-0.0461647
-0.0472496
-0.0484318
-0.0497088
-0.0510767
-0.05253
-0.0540616
-0.0556632
-0.0573246
-0.0590342
-0.060779
-0.0625442
-0.0643135
-0.0660692
-0.0677919
-0.0694608
-0.0710536
-0.0725468
-0.0739154
-0.0751336
-0.0761744
-0.0770102
-0.0776129
-0.077954
-0.0780055
-0.0777396
-0.0771296
-0.0761506
-0.0747799
-0.0729976
-0.0707883
-0.0681413
-0.0650524
-0.0615251
-0.0575722
-0.0532179
-0.0484987
-0.0434663
-0.0381883
-0.0327496
-0.027253
-0.0218179
-0.0165783
-0.0116784
-0.00726606
-0.00348442
-0.000461795
0.0016992
0.00293024
0.00320449
0.0025429
0.00100645
-0.00137783
-0.00466673
-0.00805538
-0.0382843
-0.0388802
-0.0394965
-0.0400148
-0.0404598
-0.0408443
-0.0411751
-0.0414625
-0.04172
-0.041963
-0.0422077
-0.0424705
-0.0427673
-0.043113
-0.0435209
-0.044003
-0.0445692
-0.0452279
-0.0459852
-0.0468457
-0.047812
-0.0488851
-0.0500643
-0.0513471
-0.0527296
-0.0542061
-0.0557695
-0.0574109
-0.0591201
-0.0608849
-0.0626919
-0.0645257
-0.0663697
-0.0682054
-0.0700129
-0.0717705
-0.0734553
-0.075043
-0.0765077
-0.0778225
-0.0789595
-0.07989
-0.0805846
-0.0810134
-0.0811468
-0.0809555
-0.0804108
-0.0794858
-0.0781552
-0.0763969
-0.0741923
-0.0715276
-0.0683951
-0.0647944
-0.0607344
-0.0562348
-0.0513284
-0.0460628
-0.0405026
-0.0347311
-0.0288511
-0.0229851
-0.017273
-0.0118694
-0.00693626
-0.00263518
0.000884132
0.00349702
0.00511364
0.00568871
0.00523042
0.00379377
0.00140232
-0.00200483
-0.00556322
-0.0406432
-0.0412644
-0.0419023
-0.0424303
-0.042872
-0.0432398
-0.0435403
-0.0437847
-0.0439881
-0.0441678
-0.0443425
-0.044531
-0.0447516
-0.0450213
-0.0453558
-0.0457687
-0.0462715
-0.0468736
-0.0475823
-0.0484027
-0.0493379
-0.0503893
-0.0515562
-0.0528363
-0.0542255
-0.0557178
-0.0573059
-0.0589806
-0.0607311
-0.0625449
-0.064408
-0.0663047
-0.0682174
-0.0701272
-0.0720134
-0.0738537
-0.0756245
-0.0773004
-0.0788549
-0.0802601
-0.081487
-0.0825058
-0.0832859
-0.0837962
-0.0840056
-0.0838832
-0.0833985
-0.0825227
-0.0812284
-0.079491
-0.077289
-0.0746057
-0.07143
-0.0677578
-0.0635938
-0.0589535
-0.0538653
-0.0483724
-0.0425358
-0.036436
-0.0301746
-0.0238754
-0.0176832
-0.0117613
-0.00628519
-0.0014347
0.00261765
0.00572385
0.00776984
0.0086883
0.00847104
0.00716402
0.004785
0.00126771
-0.00246077
-0.0430552
-0.0437128
-0.044382
-0.0449245
-0.0453634
-0.045711
-0.045974
-0.0461649
-0.046301
-0.0464023
-0.0464904
-0.0465873
-0.0467142
-0.0468907
-0.0471349
-0.0474625
-0.0478868
-0.0484183
-0.0490652
-0.0498334
-0.0507265
-0.051746
-0.0528914
-0.0541602
-0.0555481
-0.0570489
-0.0586548
-0.0603561
-0.0621417
-0.0639984
-0.0659116
-0.067865
-0.0698404
-0.0718181
-0.0737768
-0.0756935
-0.0775436
-0.079301
-0.0809382
-0.0824265
-0.0837359
-0.0848355
-0.0856934
-0.0862775
-0.0865551
-0.0864938
-0.0860617
-0.0852278
-0.083963
-0.0822401
-0.0800353
-0.0773289
-0.0741066
-0.0703608
-0.0660921
-0.0613119
-0.0560438
-0.0503266
-0.0442168
-0.0377913
-0.0311494
-0.0244147
-0.0177352
-0.0112814
-0.00524098
0.000188454
0.0048099
0.00845171
0.0109731
0.0122807
0.0123459
0.011202
0.0088579
0.00524025
0.00134195
-0.0455269
-0.0462346
-0.0469468
-0.0475093
-0.0479457
-0.0482682
-0.0484845
-0.0486089
-0.0486617
-0.0486666
-0.048649
-0.0486344
-0.0486477
-0.0487118
-0.0488467
-0.0490717
-0.0494013
-0.0498473
-0.0504189
-0.0511226
-0.0519624
-0.0529398
-0.0540545
-0.0553036
-0.0566825
-0.0581847
-0.0598017
-0.0615234
-0.0633379
-0.0652316
-0.067189
-0.0691931
-0.0712252
-0.0732647
-0.0752896
-0.0772759
-0.0791984
-0.08103
-0.0827425
-0.084306
-0.0856897
-0.0868614
-0.0877882
-0.0884368
-0.0887731
-0.0887634
-0.088374
-0.0875725
-0.0863274
-0.0846098
-0.0823933
-0.0796557
-0.0763795
-0.0725537
-0.0681753
-0.0632513
-0.0578009
-0.0518581
-0.0454747
-0.0387229
-0.031699
-0.0245249
-0.0173501
-0.0103505
-0.00372417
0.00231448
0.0075404
0.0117613
0.0148067
0.016553
0.0169465
0.0160031
0.0137197
0.0100133
0.00594598
-0.0480688
-0.0488433
-0.0496121
-0.050201
-0.0506342
-0.0509251
-0.0510827
-0.0511245
-0.0510748
-0.0509619
-0.0508159
-0.0506671
-0.0505445
-0.0504745
-0.0504791
-0.0505831
-0.0508009
-0.0511463
-0.0516287
-0.0522553
-0.0530305
-0.053956
-0.055031
-0.0562525
-0.0576152
-0.0591121
-0.060734
-0.0624702
-0.0643081
-0.0662331
-0.0682292
-0.0702785
-0.0723614
-0.0744566
-0.0765412
-0.0785905
-0.0805783
-0.0824767
-0.0842563
-0.0858866
-0.0873355
-0.0885699
-0.0895558
-0.0902584
-0.0906427
-0.0906732
-0.0903149
-0.0895336
-0.0882963
-0.0865717
-0.0843314
-0.0815506
-0.078209
-0.0742925
-0.0697946
-0.0647181
-0.0590779
-0.0529032
-0.0462406
-0.0391577
-0.0317463
-0.0241257
-0.0164452
-0.00888394
-0.00164773
0.00503408
0.0108961
0.0157411
0.0193638
0.0216032
0.0223755
0.0216751
0.0194819
0.0157003
0.011465
-0.0506958
-0.0515573
-0.0523993
-0.0530211
-0.0534493
-0.0536993
-0.053783
-0.0537219
-0.0535461
-0.0532899
-0.0529893
-0.0526801
-0.0523959
-0.0521663
-0.0520211
-0.051984
-0.052072
-0.0523008
-0.0526798
-0.053217
-0.0539169
-0.0547809
-0.055808
-0.0569944
-0.0583344
-0.05982
-0.0614414
-0.0631869
-0.0650429
-0.0669942
-0.0690239
-0.071113
-0.0732413
-0.0753864
-0.0775245
-0.0796301
-0.0816761
-0.0836335
-0.0854722
-0.0871604
-0.0886651
-0.0899521
-0.0909862
-0.0917315
-0.0921515
-0.0922095
-0.091869
-0.0910941
-0.08985
-0.0881036
-0.0858243
-0.0829849
-0.0795627
-0.0755404
-0.0709082
-0.0656653
-0.0598221
-0.0534033
-0.0464503
-0.0390256
-0.0312161
-0.0231372
-0.0149364
-0.00679431
0.00108035
0.0084501
0.014973
0.020487
0.0247468
0.0275407
0.028749
0.0283395
0.0262703
0.0224293
0.0180273
-0.0534292
-0.0544025
-0.0553368
-0.0559983
-0.0564174
-0.0566137
-0.0566033
-0.0564141
-0.0560834
-0.0556533
-0.0551674
-0.0546682
-0.0541933
-0.0537777
-0.0534651
-0.0532704
-0.0532043
-0.0532975
-0.0535585
-0.053994
-0.0546082
-0.0554021
-0.0563737
-0.0575187
-0.0588302
-0.0602994
-0.0619155
-0.0636658
-0.0655357
-0.067509
-0.0695677
-0.0716919
-0.0738604
-0.0760499
-0.0782356
-0.080391
-0.082488
-0.0844968
-0.0863861
-0.0881232
-0.0896739
-0.0910029
-0.092074
-0.0928498
-0.0932925
-0.0933642
-0.0930268
-0.0922427
-0.0909755
-0.0891901
-0.0868539
-0.0839376
-0.0804157
-0.0762684
-0.0714827
-0.066054
-0.0599891
-0.0533077
-0.0460465
-0.0382626
-0.0300375
-0.0214822
-0.0127413
-0.00399571
0.00454462
0.0126534
0.0199002
0.0261101
0.0310694
0.0344879
0.0361975
0.036134
0.0342282
0.0303457
0.0257782
-0.056299
-0.0574137
-0.0584628
-0.05917
-0.0595728
-0.0596972
-0.0595663
-0.0592168
-0.058696
-0.0580558
-0.0573487
-0.0566253
-0.0559287
-0.0553106
-0.0547996
-0.0544117
-0.0541789
-0.0541211
-0.0542503
-0.0545729
-0.0550923
-0.0558083
-0.0567182
-0.0578163
-0.0590948
-0.0605436
-0.0621507
-0.0639023
-0.0657826
-0.0677742
-0.069858
-0.0720131
-0.0742172
-0.076446
-0.0786737
-0.0808727
-0.0830139
-0.0850664
-0.0869979
-0.0887747
-0.0903614
-0.0917217
-0.0928178
-0.0936114
-0.0940633
-0.094134
-0.0937839
-0.0929739
-0.0916657
-0.0898224
-0.0874094
-0.0843951
-0.0807516
-0.0764565
-0.0714936
-0.0658552
-0.0595438
-0.0525752
-0.044981
-0.036813
-0.0281473
-0.0190895
-0.00978032
-0.000400848
0.00883273
0.0176975
0.0258238
0.0327511
0.0384603
0.0425816
0.0448687
0.0452156
0.0435188
0.0396159
0.0348835
-0.0593462
-0.0606384
-0.0618279
-0.0625856
-0.0629595
-0.0629865
-0.0627002
-0.0621495
-0.0613951
-0.0605013
-0.0595303
-0.0585394
-0.0575891
-0.056733
-0.0559878
-0.0553865
-0.0549737
-0.0547543
-0.0547411
-0.0549414
-0.0553581
-0.05599
-0.0568331
-0.0578804
-0.0591226
-0.0605482
-0.0621437
-0.063894
-0.0657821
-0.0677892
-0.069895
-0.0720775
-0.0743132
-0.0765767
-0.078841
-0.0810777
-0.0832563
-0.0853451
-0.0873107
-0.089118
-0.0907307
-0.0921111
-0.0932205
-0.0940189
-0.0944659
-0.0945204
-0.0941414
-0.0932879
-0.0919199
-0.0899986
-0.0874873
-0.0843521
-0.0805628
-0.0760941
-0.070927
-0.0650504
-0.0584632
-0.0511766
-0.0432177
-0.0346327
-0.0254923
-0.0158963
-0.00598076
0.00407453
0.0140426
0.0236825
0.0327998
0.0405714
0.0470677
0.051976
0.0549293
0.0557629
0.05433
0.0504313
0.0455338
-0.0626278
-0.0641409
-0.0654998
-0.0663091
-0.0666337
-0.0665274
-0.0660391
-0.0652353
-0.0641937
-0.0629933
-0.0617058
-0.0604041
-0.0591654
-0.0580261
-0.0570211
-0.0562001
-0.0555843
-0.0551866
-0.0550192
-0.0550886
-0.0553962
-0.0559394
-0.0567123
-0.0577063
-0.0589103
-0.0603111
-0.0618937
-0.0636414
-0.0655356
-0.0675562
-0.0696817
-0.0718887
-0.0741525
-0.0764465
-0.0787427
-0.0810113
-0.083221
-0.0853389
-0.0873303
-0.0891592
-0.090788
-0.0921777
-0.0932883
-0.0940786
-0.0945066
-0.0945297
-0.0941052
-0.0931905
-0.0917436
-0.0897237
-0.0870919
-0.0838119
-0.079851
-0.0751812
-0.0697804
-0.0636341
-0.0567372
-0.0490969
-0.040735
-0.0316927
-0.0220343
-0.0118537
-0.00128119
0.00950789
0.0202851
0.0307899
0.04081
0.049678
0.0570823
0.0628502
0.0665683
0.0679811
0.0668795
0.0630147
0.0579506
-0.0662224
-0.0680087
-0.0695686
-0.0704244
-0.0706675
-0.070377
-0.0696248
-0.0685009
-0.0671056
-0.0655333
-0.06387
-0.0622215
-0.0606454
-0.0591917
-0.0579077
-0.0568346
-0.0559952
-0.0554047
-0.0550731
-0.0550047
-0.0551987
-0.0556503
-0.0563515
-0.0572914
-0.0584569
-0.0598329
-0.0614025
-0.0631472
-0.0650469
-0.0670801
-0.0692236
-0.0714528
-0.0737417
-0.0760626
-0.0783862
-0.0806815
-0.0829163
-0.0850562
-0.0870657
-0.0889073
-0.0905425
-0.0919309
-0.0930311
-0.0938005
-0.0941957
-0.0941725
-0.0936864
-0.092693
-0.0911482
-0.0890093
-0.0862349
-0.0827862
-0.0786279
-0.0737288
-0.0680636
-0.0616141
-0.0543713
-0.0463375
-0.0375295
-0.0279825
-0.0177544
-0.00693246
0.00435998
0.0159541
0.0276253
0.0390916
0.050045
0.0601857
0.0686347
0.0753781
0.0799962
0.0821064
0.0814219
0.0776287
0.0723953
-0.0702389
-0.0723608
-0.0741547
-0.0750411
-0.0751522
-0.0746057
-0.0735065
-0.0719765
-0.0701432
-0.06812
-0.0660305
-0.063971
-0.0620089
-0.0602068
-0.0586136
-0.0572662
-0.0561881
-0.0553939
-0.0548908
-0.0546803
-0.0547587
-0.0551182
-0.0557481
-0.0566351
-0.0577636
-0.0591162
-0.0606741
-0.0624167
-0.0643223
-0.0663678
-0.0685284
-0.0707783
-0.0730899
-0.0754345
-0.0777814
-0.0800986
-0.0823526
-0.084508
-0.086528
-0.0883741
-0.0900063
-0.0913831
-0.0924617
-0.0931982
-0.0935475
-0.0934637
-0.0929007
-0.091812
-0.0901517
-0.0878744
-0.0849365
-0.0812964
-0.0769156
-0.0717599
-0.0658001
-0.0590139
-0.0513879
-0.0429191
-0.0336186
-0.0235147
-0.0126582
-0.00112829
0.0109595
0.023444
0.0361057
0.0486547
0.0607449
0.0721322
0.0818474
0.0897911
0.095467
0.0984183
0.0982609
0.0945886
0.0891819
-0.0748301
-0.077361
-0.0794198
-0.0803025
-0.0802036
-0.0792994
-0.0777422
-0.0756949
-0.0733163
-0.0707617
-0.0681693
-0.0656316
-0.0632363
-0.0610484
-0.0591165
-0.057475
-0.0561456
-0.0551397
-0.054461
-0.054107
-0.0540703
-0.0543398
-0.0549013
-0.0557386
-0.0568333
-0.0581656
-0.0597143
-0.061457
-0.06337
-0.0654283
-0.067606
-0.0698755
-0.072208
-0.0745735
-0.0769402
-0.0792748
-0.0815427
-0.0837074
-0.0857308
-0.0875734
-0.089194
-0.0905497
-0.0915964
-0.0922887
-0.09258
-0.0924228
-0.091769
-0.0905703
-0.0887783
-0.0863455
-0.0832253
-0.0793734
-0.0747478
-0.0693105
-0.0630283
-0.0558741
-0.0478291
-0.0388844
-0.0290441
-0.0183287
-0.00678029
0.00553171
0.0185017
0.0319779
0.0457488
0.0595294
0.0729602
0.0856446
0.0969454
0.106283
0.113252
0.117243
0.117762
0.11428
0.108697
-0.0802116
-0.0832361
-0.0855823
-0.0863954
-0.0859672
-0.084561
-0.0823959
-0.0796857
-0.0766388
-0.0734509
-0.0702591
-0.0671799
-0.0643009
-0.0616892
-0.0593917
-0.0574391
-0.0558485
-0.0546264
-0.0537714
-0.053276
-0.0531282
-0.0533126
-0.0538113
-0.0546044
-0.0556706
-0.0569873
-0.058531
-0.060277
-0.0621996
-0.0642724
-0.0664676
-0.0687564
-0.0711085
-0.0734927
-0.075876
-0.0782241
-0.080501
-0.0826694
-0.0846899
-0.0865219
-0.0881229
-0.0894489
-0.0904545
-0.0910928
-0.0913157
-0.091074
-0.0903177
-0.0889965
-0.0870597
-0.0844572
-0.0811397
-0.0770593
-0.0721705
-0.0664312
-0.0598032
-0.0522541
-0.0437586
-0.0343007
-0.0238761
-0.0124957
-0.000190572
0.012982
0.0269295
0.0415132
0.0565334
0.0717132
0.086677
0.100928
0.114061
0.125052
0.133648
0.138965
0.140373
0.137184
0.131427
-0.0866937
-0.0903039
-0.0929381
-0.0935633
-0.0926226
-0.0905089
-0.0875338
-0.0839753
-0.0801059
-0.076151
-0.0722735
-0.0685808
-0.0651652
-0.0620931
-0.0594069
-0.0571303
-0.0552734
-0.0538355
-0.0528082
-0.0521779
-0.0519268
-0.0520345
-0.0524787
-0.0532356
-0.0542807
-0.0555884
-0.0571326
-0.0588864
-0.0608223
-0.0629119
-0.065126
-0.0674342
-0.0698053
-0.0722066
-0.074604
-0.0769621
-0.079244
-0.0814111
-0.0834232
-0.0852384
-0.0868132
-0.0881025
-0.0890594
-0.0896358
-0.089782
-0.0894472
-0.0885796
-0.0871268
-0.0850358
-0.0822537
-0.0787282
-0.0744081
-0.0692437
-0.0631881
-0.0561979
-0.048234
-0.0392639
-0.0292628
-0.018216
-0.00612266
0.00700016
0.021111
0.0361351
0.0519521
0.0683795
0.0851528
0.101898
0.118111
0.133238
0.146314
0.15687
0.164014
0.16665
0.16392
0.158008
-0.0947298
-0.0990148
-0.10189
-0.102121
-0.100387
-0.0972729
-0.0932161
-0.0885722
-0.0836725
-0.0788298
-0.0741624
-0.0697799
-0.0657759
-0.0622113
-0.059119
-0.0565124
-0.0543908
-0.0527438
-0.0515543
-0.0508008
-0.0504588
-0.0505022
-0.0509037
-0.0516354
-0.0526691
-0.0539762
-0.0555281
-0.0572957
-0.0592493
-0.0613591
-0.0635943
-0.0659232
-0.0683133
-0.0707307
-0.0731405
-0.0755062
-0.0777898
-0.0799519
-0.0819512
-0.083745
-0.0852886
-0.0865358
-0.0874387
-0.0879477
-0.0880119
-0.0875788
-0.0865948
-0.0850055
-0.0827556
-0.0797895
-0.0760518
-0.0714875
-0.0660426
-0.0596651
-0.0523052
-0.043917
-0.0344588
-0.0238956
-0.0122002
0.000642995
0.0146347
0.0297541
0.0459504
0.0631293
0.0811355
0.0997288
0.118554
0.137102
0.154651
0.17049
0.18351
0.192971
0.197291
0.195302
0.189301
-0.105
-0.110017
-0.11299
-0.112472
-0.109518
-0.104993
-0.09949
-0.093451
-0.0873855
-0.08147
-0.0758593
-0.0706996
-0.0660578
-0.061976
-0.0584702
-0.0555373
-0.0531622
-0.0513216
-0.0499875
-0.0491292
-0.0487145
-0.0487107
-0.0490852
-0.0498058
-0.0508405
-0.0521579
-0.0537265
-0.0555151
-0.0574925
-0.059627
-0.0618865
-0.0642382
-0.0666483
-0.069082
-0.0715035
-0.0738754
-0.0761589
-0.0783137
-0.0802977
-0.0820672
-0.0835768
-0.0847792
-0.0856255
-0.086065
-0.0860454
-0.0855128
-0.0844121
-0.0826867
-0.0802791
-0.0771313
-0.0731844
-0.0683798
-0.062659
-0.0559642
-0.0482393
-0.0394298
-0.0294845
-0.0183558
-0.0060021
0.0076106
0.0225049
0.0386866
0.0561365
0.0747972
0.094554
0.115207
0.136434
0.157737
0.178378
0.197544
0.213829
0.226225
0.233136
0.232421
0.226509
-0.11855
-0.124259
-0.126987
-0.125115
-0.12029
-0.113786
-0.106351
-0.0986681
-0.0910903
-0.0838779
-0.077227
-0.0712148
-0.0658992
-0.0612919
-0.0573812
-0.0541411
-0.0515371
-0.0495302
-0.0480792
-0.0471427
-0.0466801
-0.0466518
-0.0470197
-0.0477471
-0.0487983
-0.050139
-0.0517355
-0.0535545
-0.0555631
-0.0577282
-0.0600166
-0.0623943
-0.0648268
-0.0672784
-0.0697125
-0.072091
-0.0743743
-0.0765216
-0.0784899
-0.0802351
-0.0817107
-0.0828688
-0.0836596
-0.0840315
-0.0839309
-0.0833028
-0.0820904
-0.0802356
-0.0776787
-0.0743591
-0.070215
-0.0651838
-0.0592025
-0.0522077
-0.044136
-0.0349242
-0.02451
-0.0128324
0.000167535
0.0145451
0.0303495
0.0476198
0.0663778
0.0866159
0.108278
0.131228
0.155209
0.179777
0.204219
0.227472
0.24827
0.264996
0.275567
0.276827
0.271381
-0.137047
-0.143147
-0.14489
-0.140623
-0.132955
-0.123606
-0.11366
-0.103833
-0.0944639
-0.0858225
-0.0780247
-0.0711279
-0.0651392
-0.0600281
-0.0557471
-0.0522409
-0.0494514
-0.0473206
-0.0457928
-0.0448151
-0.0443377
-0.0443142
-0.044701
-0.0454572
-0.0465439
-0.047924
-0.0495618
-0.0514224
-0.0534715
-0.0556749
-0.0579984
-0.0604073
-0.0628664
-0.0653393
-0.0677889
-0.0701765
-0.0724622
-0.0746044
-0.0765599
-0.0782837
-0.0797292
-0.0808477
-0.0815886
-0.0818995
-0.0817262
-0.0810125
-0.0797004
-0.0777301
-0.0750402
-0.0715677
-0.067248
-0.062015
-0.055801
-0.0485371
-0.0401526
-0.0305753
-0.0197313
-0.00754466
0.00606231
0.0211691
0.0378559
0.0562015
0.0762785
0.0981438
0.121821
0.147273
0.174348
0.202711
0.231729
0.260319
0.287098
0.309871
0.325688
0.330519
0.326506
-0.163282
-0.168811
-0.167997
-0.159607
-0.147548
-0.13421
-0.120994
-0.10855
-0.0971652
-0.0869459
-0.0779514
-0.0701819
-0.063567
-0.0580162
-0.0534358
-0.0497346
-0.046827
-0.0446343
-0.0430851
-0.0421148
-0.0416651
-0.0416829
-0.04212
-0.0429316
-0.0440764
-0.0455151
-0.0472103
-0.0491262
-0.0512273
-0.0534788
-0.0558458
-0.0582933
-0.0607854
-0.0632856
-0.0657563
-0.0681586
-0.0704523
-0.0725955
-0.0745447
-0.0762547
-0.0776784
-0.0787668
-0.0794688
-0.0797316
-0.0795002
-0.0787177
-0.0773252
-0.0752614
-0.0724636
-0.0688667
-0.0644037
-0.0590053
-0.0525996
-0.0451123
-0.0364659
-0.0265792
-0.0153667
-0.00273736
0.0114062
0.0271694
0.0446666
0.0640216
0.0853668
0.108838
0.134564
0.162639
0.193079
0.225737
0.260173
0.29545
0.329928
0.361142
0.385425
0.396817
0.396178
-0.202083
-0.204472
-0.197946
-0.18249
-0.163706
-0.145054
-0.127831
-0.112305
-0.098595
-0.0867115
-0.0765774
-0.068038
-0.0609188
-0.0550542
-0.0502945
-0.0465077
-0.0435789
-0.0414085
-0.0399101
-0.0390088
-0.0386387
-0.0387418
-0.0392661
-0.0401645
-0.0413936
-0.0429131
-0.0446848
-0.0466721
-0.0488393
-0.0511512
-0.0535729
-0.0560689
-0.0586036
-0.0611403
-0.0636412
-0.0660676
-0.068379
-0.0705337
-0.0724879
-0.0741965
-0.0756122
-0.0766858
-0.0773662
-0.0776002
-0.0773325
-0.0765056
-0.07506
-0.0729334
-0.0700619
-0.0663792
-0.0618161
-0.0563005
-0.0497572
-0.042107
-0.0332663
-0.0231457
-0.0116489
0.00132933
0.0159058
0.0322117
0.0503962
0.070631
0.0931142
0.118073
0.14576
0.176443
0.210371
0.247696
0.288337
0.331734
0.376472
0.41993
0.457261
0.480124
0.487151
-0.261438
-0.254864
-0.236551
-0.208978
-0.180639
-0.155227
-0.133006
-0.113925
-0.0978275
-0.0844355
-0.0733786
-0.0643043
-0.0569081
-0.0509352
-0.0461752
-0.0424552
-0.039633
-0.0375911
-0.0362316
-0.0354721
-0.0352421
-0.0354805
-0.0361336
-0.0371535
-0.0384964
-0.0401217
-0.0419913
-0.0440688
-0.0463188
-0.0487062
-0.0511965
-0.0537545
-0.0563446
-0.0589306
-0.061475
-0.063939
-0.0662826
-0.0684641
-0.0704401
-0.0721654
-0.0735929
-0.0746735
-0.0753561
-0.0755876
-0.0753126
-0.0744734
-0.0730102
-0.0708599
-0.0679578
-0.0642371
-0.0596271
-0.0540536
-0.0474386
-0.0396992
-0.0307469
-0.0204856
-0.00880979
0.00439808
0.0192716
0.0359652
0.0546608
0.0755758
0.0989739
0.125177
0.154578
0.187648
0.224931
0.267007
0.314373
0.367213
0.424938
0.485233
0.542297
0.585031
0.608976
-0.354588
-0.326469
-0.284171
-0.237485
-0.19641
-0.16226
-0.134319
-0.111739
-0.0936863
-0.0792783
-0.0677711
-0.0585833
-0.0512681
-0.0454822
-0.0409613
-0.0375005
-0.0349391
-0.0331496
-0.0320285
-0.0314912
-0.0314665
-0.0318938
-0.0327202
-0.0338987
-0.0353867
-0.0371449
-0.0391362
-0.0413252
-0.0436773
-0.0461584
-0.0487346
-0.0513715
-0.0540341
-0.0566867
-0.0592923
-0.0618127
-0.0642082
-0.0664376
-0.0684579
-0.0702242
-0.0716898
-0.0728059
-0.0735216
-0.073784
-0.0735382
-0.0727265
-0.0712899
-0.0691626
-0.0662808
-0.0625786
-0.0579839
-0.0524209
-0.0458101
-0.0380662
-0.0290974
-0.0188028
-0.00707064
0.00622565
0.0212322
0.0381213
0.0571003
0.0784246
0.102414
0.129477
0.160141
0.195088
0.235203
0.281596
0.3356
0.398633
0.47179
0.554502
0.641402
0.718925
0.774862
-0.519232
-0.42911
-0.336276
-0.261347
-0.204169
-0.160751
-0.127894
-0.103175
-0.0844447
-0.0700942
-0.0589977
-0.0503691
-0.0436522
-0.0384486
-0.0344691
-0.0314998
-0.029379
-0.027982
-0.0272102
-0.0269836
-0.027236
-0.0279111
-0.02896
-0.0303391
-0.0320086
-0.0339319
-0.0360739
-0.0384012
-0.0408807
-0.0434799
-0.0461659
-0.0489055
-0.0516648
-0.0544087
-0.0571013
-0.0597049
-0.0621807
-0.0644879
-0.0665842
-0.0684252
-0.0699648
-0.0711548
-0.0719447
-0.0722819
-0.0721126
-0.0713794
-0.0700248
-0.0679772
-0.065177
-0.0615614
-0.0570559
-0.051584
-0.0450659
-0.0374155
-0.0285396
-0.0183356
-0.00668876
0.00653152
0.0214774
0.0383301
0.0573107
0.0786957
0.102839
0.130207
0.161421
0.197337
0.23914
0.288494
0.347716
0.419959
0.509128
0.618834
0.74999
0.896541
1.03071
-0.892018
-0.585168
-0.377892
-0.263283
-0.191209
-0.142115
-0.108397
-0.0848818
-0.0679937
-0.055531
-0.0461574
-0.0390264
-0.0335825
-0.0294512
-0.026374
-0.0241661
-0.0226915
-0.0218467
-0.0215502
-0.0217362
-0.0223495
-0.0233428
-0.0246745
-0.0263068
-0.028205
-0.0303361
-0.0326686
-0.0351717
-0.0378148
-0.0405673
-0.0433982
-0.0462757
-0.0491673
-0.0520392
-0.0548564
-0.0575824
-0.0601791
-0.0626068
-0.0648238
-0.0667867
-0.0684498
-0.0697657
-0.0706844
-0.0711542
-0.0711275
-0.0705422
-0.0693283
-0.0674294
-0.0647912
-0.0613479
-0.0570214
-0.0517369
-0.0454159
-0.0379735
-0.0293175
-0.0193466
-0.00794766
0.00500812
0.0196706
0.0362182
0.0548689
0.0758962
0.0996529
0.126608
0.157402
0.192944
0.234557
0.284242
0.345118
0.42214
0.522983
0.65909
0.851469
1.14374
1.52548
-1.60763
-0.801148
-0.409555
-0.249871
-0.165765
-0.114496
-0.0828467
-0.0626968
-0.0491186
-0.0395067
-0.0324777
-0.0272417
-0.0233224
-0.0204224
-0.0183469
-0.0169624
-0.016172
-0.0159022
-0.0160945
-0.0167005
-0.0176785
-0.0189919
-0.0206071
-0.0224931
-0.0246204
-0.0269602
-0.0294847
-0.0321659
-0.0349758
-0.0378858
-0.0408668
-0.0438886
-0.04692
-0.0499285
-0.0528803
-0.0557398
-0.05847
-0.061032
-0.0633849
-0.0654859
-0.0672903
-0.0687509
-0.0698177
-0.0704368
-0.0705849
-0.0701775
-0.0691138
-0.0673944
-0.0649557
-0.0617152
-0.0576008
-0.0525405
-0.0464571
-0.0392677
-0.0308825
-0.0212033
-0.0101211
0.00248738
0.0167647
0.0328791
0.0510346
0.0714854
0.0945577
0.120684
0.150459
0.184738
0.224804
0.272705
0.33191
0.408689
0.514738
0.672347
0.933531
1.44318
2.35002
)
;

boundaryField
{
    movingWall
    {
        type            zeroGradient;
    }
    fixedWalls
    {
        type            zeroGradient;
    }
    frontAndBack
    {
        type            empty;
    }
}


// ************************************************************************* //
