/*--------------------------------*- C++ -*----------------------------------*\
  =========                 |
  \\      /  F ield         | OpenFOAM: The Open Source CFD Toolbox
   \\    /   O peration     | Website:  https://openfoam.org
    \\  /    A nd           | Version:  12
     \\/     M anipulation  |
\*---------------------------------------------------------------------------*/
FoamFile
{
    format      ascii;
    class       volScalarField;
    location    "4";
    object      k;
}
// * * * * * * * * * * * * * * * * * * * * * * * * * * * * * * * * * * * * * //

dimensions      [0 2 -2 0 0 0 0];

internalField   nonuniform List<scalar> 
5625
(
2.22045e-16
2.22045e-16
2.22045e-16
2.22045e-16
2.22045e-16
2.22045e-16
2.22045e-16
2.22045e-16
2.24978e-16
2.61736e-16
2.96908e-16
3.30654e-16
3.62971e-16
3.93746e-16
4.22831e-16
4.5008e-16
4.75371e-16
4.98607e-16
5.19725e-16
5.38692e-16
5.55508e-16
5.70197e-16
5.82807e-16
5.93408e-16
6.02085e-16
6.08932e-16
6.14053e-16
6.17553e-16
6.19531e-16
6.20102e-16
6.19366e-16
6.17405e-16
6.14297e-16
6.10111e-16
6.04907e-16
5.98733e-16
5.91632e-16
5.83635e-16
5.74773e-16
5.65065e-16
5.54527e-16
5.43174e-16
5.31022e-16
5.18086e-16
5.04383e-16
4.89934e-16
4.74762e-16
4.58898e-16
4.42375e-16
4.25233e-16
4.07518e-16
3.89278e-16
3.70568e-16
3.51443e-16
3.31956e-16
3.12157e-16
2.92079e-16
2.71719e-16
2.50999e-16
2.29711e-16
2.22045e-16
2.22045e-16
2.22045e-16
2.22045e-16
2.22045e-16
2.22045e-16
2.22045e-16
2.22045e-16
2.22045e-16
2.22045e-16
2.22045e-16
2.22045e-16
2.22045e-16
2.22045e-16
2.22045e-16
2.22045e-16
2.22045e-16
2.22045e-16
3.87419e-16
6.56564e-16
9.71005e-16
1.31508e-15
1.67226e-15
2.02323e-15
2.35429e-15
2.67036e-15
2.97374e-15
3.26438e-15
3.54119e-15
3.80279e-15
4.04788e-15
4.27532e-15
4.48426e-15
4.67413e-15
4.84465e-15
4.99579e-15
5.12779e-15
5.24109e-15
5.33631e-15
5.41422e-15
5.47568e-15
5.52161e-15
5.55298e-15
5.57065e-15
5.5757e-15
5.569e-15
5.55131e-15
5.52331e-15
5.48563e-15
5.4388e-15
5.38327e-15
5.3194e-15
5.24749e-15
5.16776e-15
5.0804e-15
4.98559e-15
4.88347e-15
4.77416e-15
4.6578e-15
4.53455e-15
4.40459e-15
4.26814e-15
4.12547e-15
3.97688e-15
3.82272e-15
3.66342e-15
3.4994e-15
3.33116e-15
3.15919e-15
2.98398e-15
2.80598e-15
2.62551e-15
2.44256e-15
2.25649e-15
2.06523e-15
1.86452e-15
1.65302e-15
1.43903e-15
1.22892e-15
1.02717e-15
8.37086e-16
6.61323e-16
5.02168e-16
3.61959e-16
2.44611e-16
2.22045e-16
2.22045e-16
2.22045e-16
2.22045e-16
2.22045e-16
2.22045e-16
2.22045e-16
5.84148e-16
1.11593e-15
1.74005e-15
2.43162e-15
3.16869e-15
3.92847e-15
4.688e-15
5.43056e-15
6.15133e-15
6.84756e-15
7.51604e-15
8.15319e-15
8.75545e-15
9.31963e-15
9.84308e-15
1.03238e-14
1.07605e-14
1.11525e-14
1.14997e-14
1.18027e-14
1.20627e-14
1.22809e-14
1.24592e-14
1.25997e-14
1.27044e-14
1.27756e-14
1.28152e-14
1.28259e-14
1.28096e-14
1.2768e-14
1.27028e-14
1.26154e-14
1.2507e-14
1.23787e-14
1.22312e-14
1.20653e-14
1.18815e-14
1.16802e-14
1.14618e-14
1.12266e-14
1.0975e-14
1.07072e-14
1.04235e-14
1.01245e-14
9.81049e-15
9.48222e-15
9.14036e-15
8.78574e-15
8.41928e-15
8.04202e-15
7.65508e-15
7.25962e-15
6.85679e-15
6.44771e-15
6.03325e-15
5.61389e-15
5.18941e-15
4.75855e-15
4.31951e-15
3.87342e-15
3.42732e-15
2.98869e-15
2.56381e-15
2.15779e-15
1.77476e-15
1.41816e-15
1.09101e-15
7.9648e-16
5.39178e-16
3.22722e-16
2.22045e-16
2.22045e-16
2.22045e-16
2.22045e-16
3.93588e-16
1.12446e-15
2.05096e-15
3.10558e-15
4.25097e-15
5.45746e-15
6.69719e-15
7.94426e-15
9.178e-15
1.03852e-14
1.15561e-14
1.26824e-14
1.37568e-14
1.47725e-14
1.57239e-14
1.66063e-14
1.74163e-14
1.81516e-14
1.88111e-14
1.93949e-14
1.99038e-14
2.03398e-14
2.07053e-14
2.10033e-14
2.12375e-14
2.14113e-14
2.15287e-14
2.15927e-14
2.16082e-14
2.15784e-14
2.15062e-14
2.13942e-14
2.1245e-14
2.10606e-14
2.08427e-14
2.05928e-14
2.0312e-14
2.00012e-14
1.96611e-14
1.92923e-14
1.88954e-14
1.84708e-14
1.8019e-14
1.75407e-14
1.70365e-14
1.65072e-14
1.5954e-14
1.53779e-14
1.47803e-14
1.4163e-14
1.35275e-14
1.28758e-14
1.22099e-14
1.15318e-14
1.08436e-14
1.0147e-14
9.44348e-15
8.73407e-15
8.01936e-15
7.3002e-15
6.57963e-15
5.86392e-15
5.16039e-15
4.47598e-15
3.81677e-15
3.18796e-15
2.59398e-15
2.03881e-15
1.52645e-15
1.06216e-15
6.54322e-16
3.20673e-16
2.22045e-16
2.22045e-16
2.22045e-16
6.73782e-16
1.76942e-15
3.13324e-15
4.67135e-15
6.33017e-15
8.06969e-15
9.85518e-15
1.16557e-14
1.3445e-14
1.52024e-14
1.6911e-14
1.85568e-14
2.01275e-14
2.16124e-14
2.30029e-14
2.4292e-14
2.54745e-14
2.6547e-14
2.75081e-14
2.83578e-14
2.90975e-14
2.973e-14
3.02591e-14
3.06893e-14
3.1026e-14
3.12745e-14
3.14405e-14
3.15284e-14
3.1546e-14
3.14976e-14
3.13875e-14
3.12196e-14
3.09977e-14
3.07247e-14
3.04031e-14
3.00352e-14
2.96225e-14
2.91663e-14
2.86676e-14
2.81274e-14
2.75463e-14
2.6925e-14
2.62643e-14
2.5565e-14
2.48281e-14
2.40549e-14
2.32467e-14
2.24053e-14
2.15329e-14
2.06316e-14
1.97042e-14
1.87533e-14
1.77819e-14
1.67933e-14
1.57903e-14
1.47762e-14
1.37537e-14
1.27253e-14
1.16938e-14
1.06621e-14
9.6347e-15
8.61799e-15
7.61919e-15
6.64552e-15
5.70369e-15
4.79977e-15
3.93926e-15
3.12743e-15
2.37004e-15
1.67481e-15
1.05412e-15
5.31435e-16
2.22045e-16
2.22045e-16
2.22045e-16
1.00765e-15
2.49921e-15
4.33418e-15
6.39703e-15
8.61744e-15
1.09431e-14
1.333e-14
1.57401e-14
1.81399e-14
2.05014e-14
2.28004e-14
2.50163e-14
2.71316e-14
2.91313e-14
3.10029e-14
3.27369e-14
3.43262e-14
3.57662e-14
3.70549e-14
3.81923e-14
3.91807e-14
4.0024e-14
4.07273e-14
4.12971e-14
4.17406e-14
4.20653e-14
4.2279e-14
4.23875e-14
4.24023e-14
4.23285e-14
4.21721e-14
4.19386e-14
4.1633e-14
4.12593e-14
4.0821e-14
4.03208e-14
3.9761e-14
3.91434e-14
3.84692e-14
3.77397e-14
3.69556e-14
3.6118e-14
3.52278e-14
3.42861e-14
3.32942e-14
3.22538e-14
3.11668e-14
3.00355e-14
2.88627e-14
2.76515e-14
2.64055e-14
2.51283e-14
2.38243e-14
2.24975e-14
2.11525e-14
1.97936e-14
1.84253e-14
1.70517e-14
1.56775e-14
1.43076e-14
1.29477e-14
1.16046e-14
1.0286e-14
8.99934e-15
7.75194e-15
6.55071e-15
5.40228e-15
4.3135e-15
3.29229e-15
2.34934e-15
1.50128e-15
7.77174e-16
2.35627e-16
2.22045e-16
2.22045e-16
1.3811e-15
3.2965e-15
5.63293e-15
8.25642e-15
1.10799e-14
1.40374e-14
1.70742e-14
2.01426e-14
2.32013e-14
2.62138e-14
2.91487e-14
3.19785e-14
3.46797e-14
3.72324e-14
3.96203e-14
4.18308e-14
4.38547e-14
4.5686e-14
4.73223e-14
4.87637e-14
5.00134e-14
5.10764e-14
5.19599e-14
5.26722e-14
5.32229e-14
5.36218e-14
5.38789e-14
5.40018e-14
5.40066e-14
5.38987e-14
5.36862e-14
5.33762e-14
5.29752e-14
5.24883e-14
5.19201e-14
5.12741e-14
5.0553e-14
4.97591e-14
4.88941e-14
4.79593e-14
4.69559e-14
4.5885e-14
4.47478e-14
4.35456e-14
4.22801e-14
4.09533e-14
3.95678e-14
3.81264e-14
3.66326e-14
3.50906e-14
3.35047e-14
3.18799e-14
3.02214e-14
2.8535e-14
2.68264e-14
2.51016e-14
2.33666e-14
2.16275e-14
1.98904e-14
1.81621e-14
1.64495e-14
1.47605e-14
1.31029e-14
1.1485e-14
9.91468e-15
8.39979e-15
6.94819e-15
5.56841e-15
4.27069e-15
3.06893e-15
1.98425e-15
1.05241e-15
3.43666e-16
2.22045e-16
2.22045e-16
1.77759e-15
4.14233e-15
7.01042e-15
1.02289e-14
1.36936e-14
1.73242e-14
2.10536e-14
2.48242e-14
2.85848e-14
3.22905e-14
3.59017e-14
3.93837e-14
4.27068e-14
4.58456e-14
4.87797e-14
5.14931e-14
5.39741e-14
5.62157e-14
5.82146e-14
5.99715e-14
6.14903e-14
6.27778e-14
6.38431e-14
6.46969e-14
6.53513e-14
6.58191e-14
6.61118e-14
6.62409e-14
6.62257e-14
6.60728e-14
6.57925e-14
6.53939e-14
6.48846e-14
6.42715e-14
6.35599e-14
6.27542e-14
6.18578e-14
6.08734e-14
5.98031e-14
5.86485e-14
5.74109e-14
5.60916e-14
5.46921e-14
5.32138e-14
5.16589e-14
5.00297e-14
4.83293e-14
4.65612e-14
4.47298e-14
4.284e-14
4.08973e-14
3.89078e-14
3.68781e-14
3.48153e-14
3.27266e-14
3.06196e-14
2.8502e-14
2.63816e-14
2.42664e-14
2.21644e-14
2.00842e-14
1.80344e-14
1.60238e-14
1.40614e-14
1.21558e-14
1.03159e-14
8.55084e-15
6.871e-15
5.28891e-15
3.82164e-15
2.49474e-15
1.35051e-15
4.69809e-16
2.22045e-16
2.42234e-16
2.17648e-15
5.01808e-15
8.4501e-15
1.22979e-14
1.64401e-14
2.07817e-14
2.52431e-14
2.97552e-14
3.42569e-14
3.86938e-14
4.30178e-14
4.71864e-14
5.11632e-14
5.49171e-14
5.84229e-14
6.16611e-14
6.46177e-14
6.7284e-14
6.96564e-14
7.1736e-14
7.35278e-14
7.50405e-14
7.62854e-14
7.7276e-14
7.80273e-14
7.8555e-14
7.88727e-14
7.8997e-14
7.89495e-14
7.87386e-14
7.8377e-14
7.78757e-14
7.72442e-14
7.64906e-14
7.56214e-14
7.46419e-14
7.35562e-14
7.23673e-14
7.10779e-14
6.96896e-14
6.8204e-14
6.66227e-14
6.49472e-14
6.31793e-14
6.13213e-14
5.93761e-14
5.73473e-14
5.5239e-14
5.30565e-14
5.08056e-14
4.84928e-14
4.61256e-14
4.37118e-14
4.12599e-14
3.87788e-14
3.62777e-14
3.37659e-14
3.1253e-14
2.87486e-14
2.62623e-14
2.3804e-14
2.13833e-14
1.90102e-14
1.66943e-14
1.44455e-14
1.22736e-14
1.01892e-14
8.20435e-15
6.33387e-15
4.59788e-15
3.02604e-15
1.66652e-15
6.09119e-16
2.22045e-16
2.86528e-16
2.57466e-15
5.91652e-15
9.94234e-15
1.44518e-14
1.93055e-14
2.43933e-14
2.96226e-14
3.49125e-14
4.01911e-14
4.53939e-14
5.04638e-14
5.535e-14
6.00088e-14
6.44031e-14
6.85026e-14
7.2284e-14
7.57306e-14
7.88324e-14
8.15854e-14
8.3991e-14
8.60559e-14
8.77907e-14
8.92095e-14
9.03288e-14
9.11668e-14
9.17428e-14
9.20715e-14
9.21779e-14
9.20831e-14
9.17991e-14
9.13407e-14
9.07213e-14
8.99521e-14
8.90427e-14
8.80009e-14
8.68329e-14
8.55434e-14
8.41361e-14
8.26138e-14
8.09785e-14
7.92321e-14
7.73761e-14
7.54122e-14
7.33427e-14
7.11699e-14
6.88974e-14
6.6529e-14
6.40698e-14
6.15256e-14
5.89033e-14
5.62106e-14
5.34561e-14
5.0649e-14
4.77993e-14
4.49174e-14
4.20142e-14
3.91006e-14
3.6188e-14
3.32874e-14
3.04101e-14
2.75673e-14
2.47699e-14
2.20288e-14
1.93548e-14
1.67587e-14
1.42516e-14
1.18455e-14
9.55403e-15
7.39428e-15
5.38914e-15
3.57198e-15
1.99605e-15
7.58522e-16
2.22045e-16
3.31514e-16
2.97871e-15
6.83866e-15
1.14833e-14
1.66833e-14
2.22794e-14
2.81458e-14
3.41762e-14
4.02772e-14
4.63656e-14
5.23662e-14
5.82121e-14
6.38439e-14
6.921e-14
7.42667e-14
7.89786e-14
8.33181e-14
8.7266e-14
9.08106e-14
9.39475e-14
9.66792e-14
9.90138e-14
1.00964e-13
1.02548e-13
1.03785e-13
1.04696e-13
1.05306e-13
1.05629e-13
1.05702e-13
1.05543e-13
1.05168e-13
1.04596e-13
1.03841e-13
1.02917e-13
1.01836e-13
1.00606e-13
9.92338e-14
9.77258e-14
9.60858e-14
9.43171e-14
9.24219e-14
9.04022e-14
8.82597e-14
8.59963e-14
8.36145e-14
8.11169e-14
7.85074e-14
7.57906e-14
7.2972e-14
7.00583e-14
6.70574e-14
6.3978e-14
6.08299e-14
5.76237e-14
5.4371e-14
5.10836e-14
4.77739e-14
4.44548e-14
4.11388e-14
3.78389e-14
3.45678e-14
3.13379e-14
2.81616e-14
2.50508e-14
2.20175e-14
1.90735e-14
1.62313e-14
1.35041e-14
1.09073e-14
8.45996e-15
6.18753e-15
4.12661e-15
2.3348e-15
9.15329e-16
2.22045e-16
3.77526e-16
3.39213e-15
7.78606e-15
1.30713e-14
1.89874e-14
2.53539e-14
3.20285e-14
3.88905e-14
4.58334e-14
5.27617e-14
5.95893e-14
6.62387e-14
7.26413e-14
7.87371e-14
8.44756e-14
8.98155e-14
9.47251e-14
9.91822e-14
1.03174e-13
1.06695e-13
1.09749e-13
1.12347e-13
1.14504e-13
1.1624e-13
1.1758e-13
1.18549e-13
1.19174e-13
1.19473e-13
1.19495e-13
1.19253e-13
1.18769e-13
1.18063e-13
1.17155e-13
1.16059e-13
1.14787e-13
1.13352e-13
1.1176e-13
1.10018e-13
1.08131e-13
1.06103e-13
1.03935e-13
1.0163e-13
9.91899e-14
9.66168e-14
9.39133e-14
9.10824e-14
8.81283e-14
8.5056e-14
8.18719e-14
7.85834e-14
7.51992e-14
7.17292e-14
6.81844e-14
6.45768e-14
6.0919e-14
5.72248e-14
5.35079e-14
4.97827e-14
4.60634e-14
4.23645e-14
3.87001e-14
3.50841e-14
3.153e-14
2.8051e-14
2.46603e-14
2.13708e-14
1.81962e-14
1.51512e-14
1.22526e-14
9.52151e-15
6.98552e-15
4.6841e-15
2.67852e-15
1.07697e-15
2.22045e-16
4.24705e-16
3.81614e-15
8.75916e-15
1.47047e-14
2.13598e-14
2.85223e-14
3.60322e-14
4.37537e-14
5.15666e-14
5.93626e-14
6.70438e-14
7.45218e-14
8.17178e-14
8.85633e-14
9.5e-14
1.00981e-13
1.06469e-13
1.11441e-13
1.1588e-13
1.19783e-13
1.23154e-13
1.26005e-13
1.28356e-13
1.3023e-13
1.31656e-13
1.32665e-13
1.33283e-13
1.33541e-13
1.3349e-13
1.33143e-13
1.32529e-13
1.3167e-13
1.30588e-13
1.293e-13
1.27821e-13
1.26163e-13
1.24335e-13
1.22344e-13
1.20195e-13
1.17893e-13
1.1544e-13
1.12839e-13
1.10091e-13
1.07199e-13
1.04165e-13
1.00994e-13
9.76893e-14
9.42567e-14
9.07032e-14
8.70369e-14
8.32675e-14
7.94058e-14
7.54641e-14
7.14554e-14
6.7394e-14
6.32947e-14
5.91729e-14
5.50444e-14
5.0925e-14
4.68306e-14
4.27766e-14
3.87783e-14
3.48505e-14
3.10077e-14
2.72642e-14
2.3634e-14
2.01322e-14
1.67746e-14
1.35797e-14
1.05703e-14
7.77599e-15
5.23876e-15
3.02299e-15
1.2409e-15
2.22045e-16
4.73072e-16
4.25087e-15
9.7574e-15
1.63813e-14
2.37966e-14
3.17783e-14
4.01483e-14
4.87548e-14
5.74635e-14
6.61528e-14
7.47119e-14
8.3041e-14
9.10506e-14
9.86629e-14
1.05812e-13
1.12444e-13
1.18518e-13
1.24006e-13
1.28891e-13
1.3317e-13
1.36849e-13
1.39941e-13
1.42471e-13
1.44466e-13
1.45959e-13
1.46987e-13
1.47575e-13
1.47773e-13
1.47624e-13
1.47152e-13
1.46385e-13
1.45351e-13
1.44075e-13
1.42575e-13
1.40869e-13
1.3897e-13
1.36889e-13
1.34633e-13
1.32208e-13
1.29619e-13
1.26869e-13
1.2396e-13
1.20894e-13
1.17675e-13
1.14305e-13
1.10788e-13
1.07128e-13
1.03332e-13
9.94069e-14
9.53622e-14
9.12081e-14
8.69563e-14
8.26201e-14
7.82138e-14
7.37528e-14
6.92532e-14
6.47318e-14
6.02057e-14
5.56923e-14
5.12085e-14
4.67713e-14
4.23973e-14
3.81025e-14
3.39026e-14
2.9813e-14
2.58491e-14
2.20269e-14
1.83638e-14
1.48795e-14
1.15985e-14
8.55226e-15
5.78508e-15
3.36402e-15
1.4046e-15
2.22045e-16
5.22586e-16
4.69593e-15
1.07796e-14
1.80986e-14
2.62935e-14
3.51156e-14
4.43683e-14
5.38833e-14
6.35114e-14
7.31169e-14
8.25759e-14
9.17762e-14
1.00617e-13
1.09011e-13
1.16884e-13
1.24175e-13
1.30838e-13
1.36842e-13
1.4217e-13
1.46817e-13
1.50791e-13
1.5411e-13
1.56802e-13
1.58898e-13
1.60437e-13
1.6146e-13
1.61994e-13
1.6211e-13
1.61841e-13
1.61218e-13
1.60276e-13
1.59045e-13
1.57552e-13
1.5582e-13
1.53868e-13
1.5171e-13
1.49358e-13
1.46821e-13
1.44106e-13
1.41217e-13
1.38158e-13
1.34931e-13
1.3154e-13
1.27986e-13
1.24274e-13
1.20406e-13
1.16389e-13
1.12228e-13
1.07932e-13
1.03511e-13
9.89749e-14
9.4337e-14
8.96114e-14
8.48134e-14
7.99594e-14
7.50669e-14
7.01538e-14
6.52384e-14
6.03393e-14
5.54749e-14
5.06633e-14
4.59223e-14
4.12692e-14
3.67209e-14
3.22938e-14
2.80046e-14
2.38704e-14
1.99099e-14
1.61441e-14
1.25991e-14
9.30824e-15
6.31778e-15
3.69738e-15
1.56541e-15
2.22045e-16
5.73177e-16
5.15067e-15
1.18241e-14
1.98539e-14
2.88459e-14
3.85278e-14
4.86837e-14
5.91285e-14
6.96973e-14
8.02398e-14
9.06184e-14
1.00708e-13
1.10396e-13
1.19584e-13
1.28189e-13
1.36144e-13
1.43397e-13
1.49915e-13
1.55678e-13
1.60683e-13
1.64939e-13
1.68469e-13
1.71303e-13
1.73479e-13
1.75042e-13
1.76034e-13
1.7649e-13
1.765e-13
1.76085e-13
1.75288e-13
1.74146e-13
1.72695e-13
1.70965e-13
1.6898e-13
1.66761e-13
1.64326e-13
1.61686e-13
1.58853e-13
1.55833e-13
1.52632e-13
1.49254e-13
1.457e-13
1.41976e-13
1.38082e-13
1.34023e-13
1.29802e-13
1.25427e-13
1.20902e-13
1.16237e-13
1.11443e-13
1.0653e-13
1.01512e-13
9.64045e-14
9.1223e-14
8.59853e-14
8.07095e-14
7.54147e-14
7.01204e-14
6.48462e-14
5.96117e-14
5.44363e-14
4.93388e-14
4.43377e-14
3.9451e-14
3.46964e-14
3.00916e-14
2.56548e-14
2.1406e-14
1.73674e-14
1.35666e-14
1.00387e-14
6.83198e-15
4.01881e-15
1.72041e-15
2.22045e-16
6.24757e-16
5.61432e-15
1.28892e-14
2.16437e-14
3.14489e-14
4.20082e-14
5.30858e-14
6.44794e-14
7.6008e-14
8.75061e-14
9.88215e-14
1.09815e-13
1.20363e-13
1.30355e-13
1.397e-13
1.48321e-13
1.56164e-13
1.6319e-13
1.6938e-13
1.7473e-13
1.79253e-13
1.82975e-13
1.8593e-13
1.88164e-13
1.89726e-13
1.90658e-13
1.91019e-13
1.90893e-13
1.90308e-13
1.89311e-13
1.87946e-13
1.86252e-13
1.84261e-13
1.82002e-13
1.79498e-13
1.76767e-13
1.73824e-13
1.7068e-13
1.67343e-13
1.63818e-13
1.6011e-13
1.56222e-13
1.52158e-13
1.47919e-13
1.43511e-13
1.38937e-13
1.34204e-13
1.29318e-13
1.24289e-13
1.19127e-13
1.13844e-13
1.08455e-13
1.02974e-13
9.74198e-14
9.18091e-14
8.61615e-14
8.0497e-14
7.48359e-14
6.91988e-14
6.36064e-14
5.80791e-14
5.26369e-14
4.72993e-14
4.20854e-14
3.70141e-14
3.21041e-14
2.73749e-14
2.28472e-14
1.8545e-14
1.44968e-14
1.07394e-14
7.32347e-15
4.32402e-15
1.86599e-15
2.22045e-16
6.77227e-16
6.08596e-15
1.39726e-14
2.34646e-14
3.40974e-14
4.55496e-14
5.75654e-14
6.99248e-14
8.243e-14
9.48997e-14
1.07167e-13
1.19078e-13
1.30496e-13
1.413e-13
1.51388e-13
1.60676e-13
1.69105e-13
1.76632e-13
1.83238e-13
1.8892e-13
1.93692e-13
1.97586e-13
2.00641e-13
2.02908e-13
2.04444e-13
2.05288e-13
2.05532e-13
2.05243e-13
2.04462e-13
2.03241e-13
2.01629e-13
1.99668e-13
1.97396e-13
1.94843e-13
1.92035e-13
1.88992e-13
1.8573e-13
1.82261e-13
1.78594e-13
1.74735e-13
1.70689e-13
1.6646e-13
1.62052e-13
1.57466e-13
1.52708e-13
1.47782e-13
1.42693e-13
1.37451e-13
1.32063e-13
1.26541e-13
1.20898e-13
1.15147e-13
1.09305e-13
1.03389e-13
9.74177e-14
9.14113e-14
8.53903e-14
7.93757e-14
7.3389e-14
6.74518e-14
6.15855e-14
5.58111e-14
5.01492e-14
4.462e-14
3.92433e-14
3.4039e-14
2.90276e-14
2.42311e-14
1.96743e-14
1.53872e-14
1.14081e-14
7.78959e-15
4.6096e-15
1.99786e-15
2.22141e-16
7.30479e-16
6.56463e-15
1.50722e-14
2.53127e-14
3.67856e-14
4.91444e-14
6.21128e-14
7.54525e-14
8.89488e-14
1.02404e-13
1.15635e-13
1.28475e-13
1.40771e-13
1.52392e-13
1.63224e-13
1.73179e-13
1.82188e-13
1.90208e-13
1.97216e-13
2.03214e-13
2.08217e-13
2.12261e-13
2.15393e-13
2.17669e-13
2.19151e-13
2.19882e-13
2.19985e-13
2.19508e-13
2.18505e-13
2.17035e-13
2.15152e-13
2.12903e-13
2.10329e-13
2.07463e-13
2.04333e-13
2.00962e-13
1.97367e-13
1.93561e-13
1.89554e-13
1.85353e-13
1.80963e-13
1.76389e-13
1.71633e-13
1.66699e-13
1.61592e-13
1.56316e-13
1.50878e-13
1.45285e-13
1.39547e-13
1.33674e-13
1.2768e-13
1.21579e-13
1.15388e-13
1.09124e-13
1.02806e-13
9.64546e-14
9.00911e-14
8.37371e-14
7.74148e-14
7.11465e-14
6.49545e-14
5.88608e-14
5.2887e-14
4.70542e-14
4.13836e-14
3.58959e-14
3.06128e-14
2.55572e-14
2.07552e-14
1.62377e-14
1.20446e-14
8.23029e-15
4.87584e-15
2.11665e-15
2.35362e-16
7.84396e-16
7.04928e-15
1.61856e-14
2.71841e-14
3.95078e-14
5.27847e-14
6.67178e-14
8.10502e-14
9.55495e-14
1.10001e-13
1.24206e-13
1.37982e-13
1.51162e-13
1.63602e-13
1.75179e-13
1.85795e-13
1.95378e-13
2.03879e-13
2.11277e-13
2.17573e-13
2.22788e-13
2.26961e-13
2.30146e-13
2.32407e-13
2.33804e-13
2.34402e-13
2.34338e-13
2.33646e-13
2.32397e-13
2.30656e-13
2.2848e-13
2.25922e-13
2.23026e-13
2.19829e-13
2.16362e-13
2.12649e-13
2.08709e-13
2.04556e-13
2.00201e-13
1.95651e-13
1.90913e-13
1.8599e-13
1.80887e-13
1.75607e-13
1.70154e-13
1.64533e-13
1.58751e-13
1.52815e-13
1.46736e-13
1.40523e-13
1.3419e-13
1.27752e-13
1.21225e-13
1.14626e-13
1.07976e-13
1.01294e-13
9.46029e-14
8.79239e-14
8.128e-14
7.46943e-14
6.81899e-14
6.17895e-14
5.55159e-14
4.93913e-14
4.34378e-14
3.76773e-14
3.21325e-14
2.68274e-14
2.17891e-14
1.70497e-14
1.26504e-14
8.64768e-15
5.12576e-15
2.22642e-15
2.47595e-16
8.38856e-16
7.5388e-15
1.73102e-14
2.90744e-14
4.22576e-14
5.6462e-14
7.13696e-14
8.67044e-14
1.02216e-13
1.17673e-13
1.32859e-13
1.47576e-13
1.61643e-13
1.74903e-13
1.87222e-13
1.98494e-13
2.0864e-13
2.1761e-13
2.25382e-13
2.31959e-13
2.37364e-13
2.41644e-13
2.44859e-13
2.4708e-13
2.48363e-13
2.48813e-13
2.48551e-13
2.47622e-13
2.46104e-13
2.44068e-13
2.41579e-13
2.38694e-13
2.35459e-13
2.31916e-13
2.28099e-13
2.24032e-13
2.19737e-13
2.15229e-13
2.1052e-13
2.05617e-13
2.00528e-13
1.95257e-13
1.89808e-13
1.84185e-13
1.78391e-13
1.72433e-13
1.66315e-13
1.60047e-13
1.53636e-13
1.47095e-13
1.40436e-13
1.33674e-13
1.26825e-13
1.19907e-13
1.12938e-13
1.05941e-13
9.89359e-14
9.19459e-14
8.49942e-14
7.81043e-14
7.13e-14
6.46052e-14
5.80433e-14
5.16377e-14
4.54116e-14
3.93881e-14
3.3591e-14
2.80454e-14
2.27793e-14
1.78261e-14
1.32284e-14
9.04456e-15
5.36226e-15
2.32965e-15
2.59093e-16
8.93726e-16
8.03203e-15
1.84434e-14
3.09791e-14
4.50284e-14
6.01675e-14
7.60569e-14
9.24014e-14
1.08932e-13
1.254e-13
1.41571e-13
1.57232e-13
1.72186e-13
1.86263e-13
1.99319e-13
2.11239e-13
2.21938e-13
2.31364e-13
2.39493e-13
2.46331e-13
2.51908e-13
2.56272e-13
2.59493e-13
2.61649e-13
2.62792e-13
2.63076e-13
2.6259e-13
2.61401e-13
2.59593e-13
2.57244e-13
2.54424e-13
2.51194e-13
2.47606e-13
2.43704e-13
2.39525e-13
2.35095e-13
2.30438e-13
2.25571e-13
2.20505e-13
2.15249e-13
2.0981e-13
2.04194e-13
1.98403e-13
1.92442e-13
1.86315e-13
1.80027e-13
1.73584e-13
1.66994e-13
1.60265e-13
1.53408e-13
1.46436e-13
1.39364e-13
1.32207e-13
1.24982e-13
1.1771e-13
1.10411e-13
1.03106e-13
9.58186e-14
8.85719e-14
8.13901e-14
7.42978e-14
6.73195e-14
6.04797e-14
5.3803e-14
4.73136e-14
4.10358e-14
3.49947e-14
2.92165e-14
2.37303e-14
1.85708e-14
1.37818e-14
9.42378e-15
5.58769e-15
2.42781e-15
2.70023e-16
9.48871e-16
8.52772e-15
1.95822e-14
3.28935e-14
4.78134e-14
6.38919e-14
8.07678e-14
9.81264e-14
1.1568e-13
1.33161e-13
1.5032e-13
1.66924e-13
1.82763e-13
1.97653e-13
2.11438e-13
2.23995e-13
2.35235e-13
2.45101e-13
2.53571e-13
2.60652e-13
2.66378e-13
2.70806e-13
2.74011e-13
2.76075e-13
2.77058e-13
2.77155e-13
2.76424e-13
2.74954e-13
2.72837e-13
2.70158e-13
2.66991e-13
2.63403e-13
2.5945e-13
2.5518e-13
2.50631e-13
2.45834e-13
2.40812e-13
2.35583e-13
2.3016e-13
2.24553e-13
2.18768e-13
2.12812e-13
2.06686e-13
2.00396e-13
1.93945e-13
1.87339e-13
1.80581e-13
1.73681e-13
1.66646e-13
1.59487e-13
1.52215e-13
1.44846e-13
1.37395e-13
1.29878e-13
1.22316e-13
1.14728e-13
1.07136e-13
9.95627e-14
9.20326e-14
8.45699e-14
7.71997e-14
6.99475e-14
6.28388e-14
5.58993e-14
4.91543e-14
4.26297e-14
3.63516e-14
3.03475e-14
2.46478e-14
1.92883e-14
1.43143e-14
9.78819e-15
5.80403e-15
2.5219e-15
2.805e-16
1.00415e-15
9.0246e-15
2.07238e-14
3.48125e-14
5.06052e-14
6.76253e-14
8.549e-14
1.03864e-13
1.22442e-13
1.40937e-13
1.5908e-13
1.76624e-13
1.93343e-13
2.09038e-13
2.23544e-13
2.36727e-13
2.48493e-13
2.58784e-13
2.67577e-13
2.74881e-13
2.80736e-13
2.85206e-13
2.88375e-13
2.90318e-13
2.91132e-13
2.91017e-13
2.90023e-13
2.88255e-13
2.85814e-13
2.82789e-13
2.79263e-13
2.75307e-13
2.70982e-13
2.66338e-13
2.61416e-13
2.56249e-13
2.50862e-13
2.45274e-13
2.39498e-13
2.33545e-13
2.27422e-13
2.21134e-13
2.14683e-13
2.08075e-13
2.01311e-13
1.94398e-13
1.87339e-13
1.80141e-13
1.72813e-13
1.65365e-13
1.57807e-13
1.50155e-13
1.42421e-13
1.34625e-13
1.26784e-13
1.18919e-13
1.11051e-13
1.03203e-13
9.53994e-14
8.7665e-14
8.00255e-14
7.25073e-14
6.51368e-14
5.7941e-14
5.09467e-14
4.41808e-14
3.76711e-14
3.14463e-14
2.55382e-14
1.99838e-14
1.48299e-14
1.01407e-14
6.01308e-15
2.61277e-15
2.90618e-16
1.05941e-15
9.52134e-15
2.18651e-14
3.67312e-14
5.33964e-14
7.13578e-14
9.02104e-14
1.09599e-13
1.29198e-13
1.48703e-13
1.67828e-13
1.86306e-13
2.03896e-13
2.20387e-13
2.356e-13
2.49396e-13
2.61674e-13
2.72372e-13
2.81469e-13
2.88978e-13
2.94943e-13
2.99435e-13
3.02547e-13
3.04347e-13
3.04984e-13
3.04633e-13
3.03361e-13
3.01281e-13
2.98503e-13
2.95123e-13
2.9123e-13
2.86901e-13
2.82199e-13
2.77179e-13
2.71884e-13
2.6635e-13
2.60602e-13
2.54661e-13
2.48541e-13
2.42251e-13
2.358e-13
2.29191e-13
2.22428e-13
2.15514e-13
2.08452e-13
2.01245e-13
1.93898e-13
1.86416e-13
1.78809e-13
1.71084e-13
1.63252e-13
1.55328e-13
1.47325e-13
1.39259e-13
1.3115e-13
1.23018e-13
1.14883e-13
1.06768e-13
9.86989e-14
9.06999e-14
8.27975e-14
7.5019e-14
6.7392e-14
5.99445e-14
5.27048e-14
4.57015e-14
3.89637e-14
3.25217e-14
2.64087e-14
2.0663e-14
1.53328e-14
1.04841e-14
6.21664e-15
2.70121e-15
3.00466e-16
1.1145e-15
1.00166e-14
2.3003e-14
3.8644e-14
5.61792e-14
7.50789e-14
9.49158e-14
1.15315e-13
1.3593e-13
1.56439e-13
1.76536e-13
1.95938e-13
2.14389e-13
2.31663e-13
2.47571e-13
2.61964e-13
2.74737e-13
2.85826e-13
2.95209e-13
3.02904e-13
3.0896e-13
3.13456e-13
3.16492e-13
3.18131e-13
3.1858e-13
3.17978e-13
3.16415e-13
3.14013e-13
3.1089e-13
3.07149e-13
3.02886e-13
2.9818e-13
2.93103e-13
2.8771e-13
2.82047e-13
2.76153e-13
2.70053e-13
2.6377e-13
2.57316e-13
2.50704e-13
2.43938e-13
2.37024e-13
2.29963e-13
2.22759e-13
2.15412e-13
2.07927e-13
2.00306e-13
1.92555e-13
1.8468e-13
1.76691e-13
1.68597e-13
1.60411e-13
1.52147e-13
1.43821e-13
1.35452e-13
1.2706e-13
1.18664e-13
1.1029e-13
1.0196e-13
9.37008e-14
8.55397e-14
7.75045e-14
6.96238e-14
6.1927e-14
5.4444e-14
4.7205e-14
4.02406e-14
3.3583e-14
2.72667e-14
2.13317e-14
1.58273e-14
1.08215e-14
6.41645e-15
2.78799e-15
3.10128e-16
1.16927e-15
1.05089e-14
2.41342e-14
4.05458e-14
5.89457e-14
7.87779e-14
9.95926e-14
1.20994e-13
1.42617e-13
1.64119e-13
1.85178e-13
2.05493e-13
2.24791e-13
2.42833e-13
2.59419e-13
2.74393e-13
2.87643e-13
2.99105e-13
3.08757e-13
3.1662e-13
3.2275e-13
3.27234e-13
3.30176e-13
3.31642e-13
3.31893e-13
3.31029e-13
3.29166e-13
3.26437e-13
3.22964e-13
3.18862e-13
3.14228e-13
3.09151e-13
3.03703e-13
2.97945e-13
2.91925e-13
2.85682e-13
2.79244e-13
2.72633e-13
2.65863e-13
2.58944e-13
2.51881e-13
2.44679e-13
2.37338e-13
2.29861e-13
2.22247e-13
2.14498e-13
2.06618e-13
1.9861e-13
1.90481e-13
1.82238e-13
1.73891e-13
1.65452e-13
1.56935e-13
1.48356e-13
1.39732e-13
1.31083e-13
1.22432e-13
1.138e-13
1.05212e-13
9.66955e-14
8.82772e-14
7.99862e-14
7.18525e-14
6.39066e-14
5.61801e-14
4.87049e-14
4.15135e-14
3.46399e-14
2.81202e-14
2.19959e-14
1.63179e-14
1.11558e-14
6.61429e-15
2.87386e-15
3.1969e-16
1.22355e-15
1.09968e-14
2.52555e-14
4.24308e-14
6.16879e-14
8.2444e-14
1.04227e-13
1.2662e-13
1.49239e-13
1.71722e-13
1.93727e-13
2.14939e-13
2.35067e-13
2.5386e-13
2.71107e-13
2.86643e-13
3.00352e-13
3.12169e-13
3.22072e-13
3.30087e-13
3.36277e-13
3.40736e-13
3.43565e-13
3.44852e-13
3.44897e-13
3.43765e-13
3.41599e-13
3.3854e-13
3.3472e-13
3.30259e-13
3.25262e-13
3.19821e-13
3.14014e-13
3.07904e-13
3.01541e-13
2.94967e-13
2.88209e-13
2.81289e-13
2.74223e-13
2.67018e-13
2.59679e-13
2.5221e-13
2.44609e-13
2.36878e-13
2.29014e-13
2.21019e-13
2.12895e-13
2.04644e-13
1.96271e-13
1.87783e-13
1.79191e-13
1.70505e-13
1.61739e-13
1.52908e-13
1.44032e-13
1.35129e-13
1.26222e-13
1.17333e-13
1.08487e-13
9.97119e-14
9.10353e-14
8.24871e-14
7.40984e-14
6.59013e-14
5.79289e-14
5.02149e-14
4.2794e-14
3.57019e-14
2.89767e-14
2.26616e-14
1.6809e-14
1.149e-14
6.81191e-15
2.95958e-15
3.29236e-16
1.27719e-15
1.1479e-14
2.63635e-14
4.42936e-14
6.43976e-14
8.60662e-14
1.08805e-13
1.32176e-13
1.55775e-13
1.79222e-13
2.02157e-13
2.24246e-13
2.45185e-13
2.64709e-13
2.82596e-13
2.98675e-13
3.12825e-13
3.24977e-13
3.35115e-13
3.43268e-13
3.49503e-13
3.53925e-13
3.56627e-13
3.57743e-13
3.57568e-13
3.56168e-13
3.537e-13
3.50316e-13
3.46155e-13
3.41344e-13
3.35995e-13
3.30206e-13
3.24055e-13
3.17612e-13
3.10927e-13
3.04042e-13
2.96988e-13
2.89784e-13
2.82445e-13
2.74979e-13
2.67389e-13
2.59676e-13
2.51838e-13
2.43873e-13
2.35779e-13
2.27555e-13
2.192e-13
2.10718e-13
2.02111e-13
1.93387e-13
1.84554e-13
1.75623e-13
1.6661e-13
1.57528e-13
1.48398e-13
1.39239e-13
1.30072e-13
1.20922e-13
1.11815e-13
1.02778e-13
9.38387e-14
8.50292e-14
7.63813e-14
6.79285e-14
5.97057e-14
5.17484e-14
4.40934e-14
3.67786e-14
2.9844e-14
2.33347e-14
1.73049e-14
1.18271e-14
7.01099e-15
3.04589e-15
3.38845e-16
1.33003e-15
1.1954e-14
2.7455e-14
4.61285e-14
6.70667e-14
8.96335e-14
1.13312e-13
1.37643e-13
1.62205e-13
1.86595e-13
2.10438e-13
2.33383e-13
2.55111e-13
2.75344e-13
2.9385e-13
3.10451e-13
3.25021e-13
3.37492e-13
3.47849e-13
3.56124e-13
3.62394e-13
3.66769e-13
3.69339e-13
3.70289e-13
3.69889e-13
3.68223e-13
3.6546e-13
3.6176e-13
3.5727e-13
3.52125e-13
3.46442e-13
3.40322e-13
3.33851e-13
3.27098e-13
3.20117e-13
3.12949e-13
3.05625e-13
2.98166e-13
2.90584e-13
2.82884e-13
2.7507e-13
2.67139e-13
2.59088e-13
2.50913e-13
2.42608e-13
2.34172e-13
2.25602e-13
2.16899e-13
2.08067e-13
1.99111e-13
1.9004e-13
1.80865e-13
1.71601e-13
1.62265e-13
1.52875e-13
1.43453e-13
1.3402e-13
1.24603e-13
1.15227e-13
1.0592e-13
9.67114e-14
8.76338e-14
7.872e-14
7.00049e-14
6.1525e-14
5.33179e-14
4.54224e-14
3.78788e-14
3.07292e-14
2.40208e-14
1.78096e-14
1.21697e-14
7.21312e-15
3.13345e-15
3.48594e-16
1.3819e-15
1.24204e-14
2.85266e-14
4.79302e-14
6.96871e-14
9.31351e-14
1.17734e-13
1.43006e-13
1.68507e-13
1.93818e-13
2.18545e-13
2.42321e-13
2.64812e-13
2.85729e-13
3.04831e-13
3.21931e-13
3.36902e-13
3.49674e-13
3.60234e-13
3.68621e-13
3.74916e-13
3.7924e-13
3.81677e-13
3.82465e-13
3.81844e-13
3.79921e-13
3.76874e-13
3.72872e-13
3.68072e-13
3.62612e-13
3.56618e-13
3.50194e-13
3.4343e-13
3.36396e-13
3.29149e-13
3.2173e-13
3.1417e-13
3.06488e-13
2.98694e-13
2.90794e-13
2.82786e-13
2.74666e-13
2.66429e-13
2.58067e-13
2.49573e-13
2.40942e-13
2.3217e-13
2.23258e-13
2.14206e-13
2.05021e-13
1.95711e-13
1.86288e-13
1.76768e-13
1.67169e-13
1.57509e-13
1.47813e-13
1.38104e-13
1.28407e-13
1.18751e-13
1.09163e-13
9.96759e-14
9.03206e-14
8.11317e-14
7.21455e-14
6.33999e-14
5.49346e-14
4.67906e-14
3.90105e-14
3.16389e-14
2.4725e-14
1.83268e-14
1.25204e-14
7.41977e-15
3.22289e-15
3.58552e-16
1.43267e-15
1.28767e-14
2.95754e-14
4.96933e-14
7.2251e-14
9.65603e-14
1.22059e-13
1.48248e-13
1.74663e-13
2.00868e-13
2.26451e-13
2.51029e-13
2.74257e-13
2.95831e-13
3.15502e-13
3.33079e-13
3.4843e-13
3.61487e-13
3.72237e-13
3.80725e-13
3.87041e-13
3.91311e-13
3.93618e-13
3.94251e-13
3.93418e-13
3.91252e-13
3.87939e-13
3.83656e-13
3.78567e-13
3.7282e-13
3.66544e-13
3.59847e-13
3.52822e-13
3.45543e-13
3.38065e-13
3.30432e-13
3.22672e-13
3.14803e-13
3.06835e-13
2.98769e-13
2.906e-13
2.82323e-13
2.73928e-13
2.65405e-13
2.56743e-13
2.47935e-13
2.38976e-13
2.29862e-13
2.20596e-13
2.11182e-13
2.0163e-13
1.91953e-13
1.82166e-13
1.72291e-13
1.62348e-13
1.52362e-13
1.42359e-13
1.32367e-13
1.22416e-13
1.12534e-13
1.02753e-13
9.31074e-14
8.36318e-14
7.43636e-14
6.5342e-14
5.66086e-14
4.82066e-14
4.01808e-14
3.25787e-14
2.54516e-14
1.88598e-14
1.28813e-14
7.63221e-15
3.31477e-15
3.68779e-16
1.48217e-15
1.33218e-14
3.05981e-14
5.14125e-14
7.47508e-14
9.9899e-14
1.26272e-13
1.53351e-13
1.80653e-13
2.07722e-13
2.3413e-13
2.5948e-13
2.83413e-13
3.05615e-13
3.2583e-13
3.4386e-13
3.59571e-13
3.72895e-13
3.83824e-13
3.92406e-13
3.98738e-13
4.02957e-13
4.05142e-13
4.0563e-13
4.04601e-13
4.0221e-13
3.98654e-13
3.94116e-13
3.88769e-13
3.82767e-13
3.76242e-13
3.69309e-13
3.62062e-13
3.54576e-13
3.46909e-13
3.39102e-13
3.31183e-13
3.23169e-13
3.15065e-13
3.06871e-13
2.98579e-13
2.90178e-13
2.81655e-13
2.72997e-13
2.6419e-13
2.55224e-13
2.4609e-13
2.36784e-13
2.27307e-13
2.17663e-13
2.07863e-13
1.97919e-13
1.87852e-13
1.77683e-13
1.67437e-13
1.57141e-13
1.46824e-13
1.36516e-13
1.26248e-13
1.16053e-13
1.05962e-13
9.60106e-14
8.6234e-14
7.66707e-14
6.73611e-14
5.83482e-14
4.96773e-14
4.13958e-14
3.35535e-14
2.62045e-14
1.94115e-14
1.32543e-14
7.85152e-15
3.40953e-15
3.79327e-16
1.53027e-15
1.37542e-14
3.15918e-14
5.3083e-14
7.71793e-14
1.03141e-13
1.30362e-13
1.58301e-13
1.86457e-13
2.14358e-13
2.41558e-13
2.67646e-13
2.92251e-13
3.15051e-13
3.35781e-13
3.54239e-13
3.7029e-13
3.83866e-13
3.94963e-13
4.03634e-13
4.09984e-13
4.14156e-13
4.16231e-13
4.16589e-13
4.15385e-13
4.12794e-13
4.09022e-13
4.04262e-13
3.98692e-13
3.92471e-13
3.85738e-13
3.7861e-13
3.71184e-13
3.63535e-13
3.55723e-13
3.47788e-13
3.39755e-13
3.31639e-13
3.23443e-13
3.15162e-13
3.06784e-13
2.98295e-13
2.89678e-13
2.80913e-13
2.71985e-13
2.62879e-13
2.53584e-13
2.44094e-13
2.34408e-13
2.24531e-13
2.14472e-13
2.0425e-13
1.93883e-13
1.83399e-13
1.72825e-13
1.62192e-13
1.51534e-13
1.40884e-13
1.30276e-13
1.19743e-13
1.09321e-13
9.90444e-14
8.89499e-14
7.90763e-14
6.94649e-14
6.01599e-14
5.12084e-14
4.26599e-14
3.45671e-14
2.69867e-14
1.99838e-14
1.36408e-14
8.07855e-15
3.50755e-15
3.90235e-16
1.57684e-15
1.41729e-14
3.2554e-14
5.47001e-14
7.95298e-14
1.06278e-13
1.34316e-13
1.63084e-13
1.9206e-13
2.20756e-13
2.48711e-13
2.75502e-13
3.00744e-13
3.24109e-13
3.45324e-13
3.64185e-13
3.80556e-13
3.9437e-13
4.05626e-13
4.14384e-13
4.20757e-13
4.24886e-13
4.26871e-13
4.27119e-13
4.25764e-13
4.23004e-13
4.1905e-13
4.14105e-13
4.08351e-13
4.01954e-13
3.95058e-13
3.87781e-13
3.80223e-13
3.72461e-13
3.64552e-13
3.56537e-13
3.48438e-13
3.40267e-13
3.32024e-13
3.237e-13
3.15278e-13
3.06739e-13
2.98061e-13
2.8922e-13
2.80196e-13
2.7097e-13
2.61528e-13
2.51862e-13
2.41968e-13
2.31852e-13
2.21526e-13
2.11007e-13
2.00319e-13
1.89493e-13
1.78562e-13
1.67562e-13
1.5653e-13
1.45505e-13
1.34525e-13
1.23627e-13
1.12847e-13
1.02222e-13
9.17895e-14
8.1588e-14
7.16594e-14
6.20485e-14
5.28036e-14
4.39764e-14
3.5622e-14
2.78001e-14
2.05785e-14
1.4042e-14
8.31389e-15
3.60907e-15
4.01532e-16
1.62176e-15
1.45767e-14
3.34821e-14
5.62599e-14
8.17961e-14
1.09301e-13
1.38124e-13
1.67685e-13
1.97445e-13
2.26898e-13
2.5557e-13
2.83023e-13
3.08867e-13
3.32762e-13
3.54432e-13
3.73671e-13
3.90341e-13
4.04379e-13
4.15788e-13
4.24633e-13
4.31035e-13
4.35136e-13
4.37051e-13
4.37212e-13
4.35738e-13
4.32842e-13
4.28747e-13
4.23658e-13
4.17766e-13
4.11241e-13
4.0423e-13
3.96855e-13
3.89217e-13
3.81392e-13
3.73439e-13
3.65395e-13
3.57281e-13
3.49105e-13
3.40863e-13
3.32541e-13
3.24118e-13
3.15569e-13
3.06866e-13
2.97981e-13
2.88888e-13
2.79563e-13
2.69989e-13
2.60155e-13
2.50056e-13
2.39696e-13
2.29089e-13
2.18254e-13
2.07221e-13
1.96023e-13
1.84701e-13
1.73295e-13
1.61851e-13
1.50413e-13
1.39024e-13
1.27726e-13
1.16557e-13
1.05556e-13
9.47617e-14
8.4212e-14
7.39488e-14
6.40168e-14
5.44651e-14
4.5347e-14
3.67198e-14
2.86459e-14
2.11963e-14
1.44583e-14
8.55787e-15
3.71423e-15
4.13233e-16
1.66494e-15
1.49649e-14
3.43739e-14
5.77585e-14
8.3973e-14
1.12203e-13
1.41777e-13
1.72094e-13
2.02598e-13
2.32767e-13
2.62114e-13
2.9019e-13
3.16596e-13
3.40986e-13
3.6308e-13
3.82671e-13
3.99621e-13
4.1387e-13
4.25427e-13
4.34362e-13
4.40802e-13
4.44893e-13
4.46766e-13
4.46865e-13
4.45307e-13
4.42317e-13
4.38122e-13
4.32937e-13
4.26957e-13
4.20356e-13
4.13283e-13
4.05864e-13
3.982e-13
3.90368e-13
3.82425e-13
3.74405e-13
3.66329e-13
3.582e-13
3.50008e-13
3.41736e-13
3.33357e-13
3.2484e-13
3.16151e-13
3.07255e-13
2.98121e-13
2.88721e-13
2.79031e-13
2.69039e-13
2.58737e-13
2.48129e-13
2.37228e-13
2.26058e-13
2.14651e-13
2.03048e-13
1.91295e-13
1.79442e-13
1.67541e-13
1.55644e-13
1.43803e-13
1.32063e-13
1.20468e-13
1.09059e-13
9.78744e-14
8.69531e-14
7.63358e-14
6.60663e-14
5.61937e-14
4.67721e-14
3.78606e-14
2.95243e-14
2.18374e-14
1.48898e-14
8.81053e-15
3.82304e-15
4.25337e-16
1.70627e-15
1.53365e-14
3.52278e-14
5.91931e-14
8.60558e-14
1.14978e-13
1.45266e-13
1.763e-13
2.07507e-13
2.3835e-13
2.68328e-13
2.96985e-13
3.23912e-13
3.4876e-13
3.71247e-13
3.91164e-13
4.08376e-13
4.22825e-13
4.34526e-13
4.43555e-13
4.50047e-13
4.54151e-13
4.56011e-13
4.56081e-13
4.54478e-13
4.51437e-13
4.47192e-13
4.41962e-13
4.35948e-13
4.29325e-13
4.22248e-13
4.14841e-13
4.07209e-13
3.99426e-13
3.91548e-13
3.8361e-13
3.75625e-13
3.67595e-13
3.59505e-13
3.51332e-13
3.43043e-13
3.34601e-13
3.25965e-13
3.17095e-13
3.07952e-13
2.98501e-13
2.88716e-13
2.78578e-13
2.68077e-13
2.57216e-13
2.46009e-13
2.34483e-13
2.22674e-13
2.10629e-13
1.98403e-13
1.86054e-13
1.73646e-13
1.61239e-13
1.48894e-13
1.36664e-13
1.24599e-13
1.12743e-13
1.01136e-13
8.98156e-14
7.88219e-14
6.8197e-14
5.79885e-14
4.82505e-14
3.90435e-14
3.04346e-14
2.25012e-14
1.53362e-14
9.07162e-15
3.93538e-15
4.37835e-16
1.74571e-15
1.5691e-14
3.60424e-14
6.05611e-14
8.80409e-14
1.1762e-13
1.48585e-13
1.80295e-13
2.12162e-13
2.43634e-13
2.74199e-13
3.03392e-13
3.308e-13
3.56069e-13
3.78916e-13
3.99133e-13
4.16589e-13
4.3123e-13
4.43074e-13
4.52205e-13
4.58763e-13
4.62908e-13
4.64789e-13
4.64865e-13
4.63261e-13
4.60218e-13
4.55974e-13
4.50755e-13
4.44762e-13
4.38177e-13
4.31154e-13
4.2382e-13
4.16277e-13
4.08602e-13
4.00848e-13
3.93046e-13
3.85208e-13
3.7733e-13
3.69394e-13
3.61369e-13
3.53218e-13
3.44895e-13
3.36354e-13
3.27547e-13
3.18427e-13
3.08954e-13
2.99095e-13
2.88826e-13
2.78134e-13
2.67019e-13
2.55496e-13
2.43594e-13
2.31354e-13
2.18829e-13
2.06084e-13
1.93189e-13
1.80217e-13
1.67242e-13
1.54335e-13
1.41559e-13
1.28972e-13
1.16623e-13
1.04554e-13
9.28035e-14
8.1408e-14
7.04076e-14
5.98474e-14
4.97801e-14
4.02663e-14
3.13751e-14
2.31865e-14
1.57967e-14
9.34064e-15
4.05103e-15
4.50698e-16
1.7832e-15
1.60281e-14
3.68167e-14
6.1861e-14
8.9926e-14
1.20127e-13
1.51729e-13
1.84074e-13
2.16556e-13
2.48611e-13
2.79717e-13
3.09402e-13
3.37248e-13
3.629e-13
3.86076e-13
4.06569e-13
4.24252e-13
4.39075e-13
4.51064e-13
4.60307e-13
4.66952e-13
4.71167e-13
4.73107e-13
4.73227e-13
4.7167e-13
4.68676e-13
4.6449e-13
4.59339e-13
4.53429e-13
4.46942e-13
4.40034e-13
4.32833e-13
4.2544e-13
4.17932e-13
4.10359e-13
4.0275e-13
3.95114e-13
3.87441e-13
3.79709e-13
3.71882e-13
3.63915e-13
3.55757e-13
3.47353e-13
3.38647e-13
3.29586e-13
3.20121e-13
3.10213e-13
2.99831e-13
2.88958e-13
2.77592e-13
2.65746e-13
2.53451e-13
2.40753e-13
2.27712e-13
2.14402e-13
2.00905e-13
1.87308e-13
1.73701e-13
1.60166e-13
1.4678e-13
1.33612e-13
1.20717e-13
1.08141e-13
9.59215e-14
8.40948e-14
7.26963e-14
6.17672e-14
5.13573e-14
4.15259e-14
3.23431e-14
2.38913e-14
1.62697e-14
9.61675e-15
4.16962e-15
4.63887e-16
1.81874e-15
1.63475e-14
3.75503e-14
6.30921e-14
9.17098e-14
1.22496e-13
1.54695e-13
1.87632e-13
2.20684e-13
2.53275e-13
2.84876e-13
3.15008e-13
3.43249e-13
3.69247e-13
3.9272e-13
4.13464e-13
4.31359e-13
4.46359e-13
4.58496e-13
4.67865e-13
4.74618e-13
4.78938e-13
4.80978e-13
4.81184e-13
4.79724e-13
4.76836e-13
4.72766e-13
4.67744e-13
4.61978e-13
4.55652e-13
4.48922e-13
4.41915e-13
4.34734e-13
4.27451e-13
4.20116e-13
4.12755e-13
4.05373e-13
3.97958e-13
3.9048e-13
3.82899e-13
3.75163e-13
3.67214e-13
3.58989e-13
3.50424e-13
3.41458e-13
3.32034e-13
3.22104e-13
3.11631e-13
3.00593e-13
2.88983e-13
2.76812e-13
2.64111e-13
2.50931e-13
2.37338e-13
2.23417e-13
2.09263e-13
1.94978e-13
1.80667e-13
1.66432e-13
1.52366e-13
1.38548e-13
1.25044e-13
1.11907e-13
9.91759e-14
8.68834e-14
7.50608e-14
6.37439e-14
5.29775e-14
4.28181e-14
3.33351e-14
2.46129e-14
1.67536e-14
9.89885e-15
4.29067e-15
4.77348e-16
1.85233e-15
1.66494e-14
3.82434e-14
6.42545e-14
9.33924e-14
1.24727e-13
1.57484e-13
1.90969e-13
2.24545e-13
2.57626e-13
2.89674e-13
3.20206e-13
3.48802e-13
3.75108e-13
3.98847e-13
4.19821e-13
4.37914e-13
4.53088e-13
4.65378e-13
4.74889e-13
4.81776e-13
4.86237e-13
4.88421e-13
4.8876e-13
4.87452e-13
4.84727e-13
4.80834e-13
4.76005e-13
4.70447e-13
4.64345e-13
4.57855e-13
4.51105e-13
4.44193e-13
4.37194e-13
4.30153e-13
4.23093e-13
4.16018e-13
4.08909e-13
4.01734e-13
3.94444e-13
3.86984e-13
3.79286e-13
3.71281e-13
3.62897e-13
3.54064e-13
3.44715e-13
3.34794e-13
3.24257e-13
3.13073e-13
3.0123e-13
2.88737e-13
2.75623e-13
2.61941e-13
2.47766e-13
2.3319e-13
2.18323e-13
2.03284e-13
1.88198e-13
1.73184e-13
1.58357e-13
1.43812e-13
1.2963e-13
1.15869e-13
1.02574e-13
8.97756e-14
7.7499e-14
6.5773e-14
5.46353e-14
4.41374e-14
3.43468e-14
2.5348e-14
1.72459e-14
1.01855e-14
4.41355e-15
4.91012e-16
1.884e-15
1.69341e-14
3.88968e-14
6.53495e-14
9.49754e-14
1.26823e-13
1.60097e-13
1.94087e-13
2.28142e-13
2.61665e-13
2.94113e-13
3.25001e-13
3.53909e-13
3.80488e-13
4.04465e-13
4.25648e-13
4.43928e-13
4.59273e-13
4.71728e-13
4.81399e-13
4.8845e-13
4.93087e-13
4.95466e-13
4.95986e-13
4.94886e-13
4.92386e-13
4.88734e-13
4.84161e-13
4.78876e-13
4.73063e-13
4.66876e-13
4.60442e-13
4.53859e-13
4.47198e-13
4.40504e-13
4.33797e-13
4.27076e-13
4.2032e-13
4.13491e-13
4.06536e-13
3.99393e-13
3.91987e-13
3.84242e-13
3.76077e-13
3.67413e-13
3.58175e-13
3.48296e-13
3.37723e-13
3.26417e-13
3.14358e-13
3.01552e-13
2.88024e-13
2.73829e-13
2.59045e-13
2.43775e-13
2.28143e-13
2.12286e-13
1.96348e-13
1.80474e-13
1.648e-13
1.49443e-13
1.34501e-13
1.20047e-13
1.06128e-13
9.27751e-14
8.00092e-14
6.78495e-14
5.63245e-14
4.5478e-14
3.53727e-14
2.60924e-14
1.77439e-14
1.04751e-14
4.53752e-15
5.04796e-16
1.91385e-15
1.72023e-14
3.9512e-14
6.63795e-14
9.64622e-14
1.28787e-13
1.62539e-13
1.96991e-13
2.31479e-13
2.65399e-13
2.98201e-13
3.29401e-13
3.58582e-13
3.85398e-13
4.09586e-13
4.3096e-13
4.49418e-13
4.64938e-13
4.77569e-13
4.87425e-13
4.94673e-13
4.99523e-13
5.02149e-13
5.02904e-13
5.02072e-13
4.99858e-13
4.96511e-13
4.92261e-13
4.87315e-13
4.81853e-13
4.76031e-13
4.69973e-13
4.63775e-13
4.57506e-13
4.51208e-13
4.44901e-13
4.38578e-13
4.32216e-13
4.25773e-13
4.19191e-13
4.12401e-13
4.05325e-13
3.97875e-13
3.89965e-13
3.81505e-13
3.72412e-13
3.62608e-13
3.5203e-13
3.40629e-13
3.28378e-13
3.15273e-13
3.01338e-13
2.86624e-13
2.71214e-13
2.55219e-13
2.38775e-13
2.22038e-13
2.05175e-13
1.88356e-13
1.71743e-13
1.55482e-13
1.39692e-13
1.24461e-13
1.09849e-13
9.58871e-14
8.25904e-14
6.99688e-14
5.80386e-14
4.68328e-14
3.64067e-14
2.68414e-14
1.82441e-14
1.07656e-14
4.66171e-15
5.18602e-16
1.94198e-15
1.7455e-14
4.00913e-14
6.73481e-14
9.78578e-14
1.30625e-13
1.64817e-13
1.9969e-13
2.34568e-13
2.68838e-13
3.0195e-13
3.3342e-13
3.62835e-13
3.89858e-13
4.14232e-13
4.35782e-13
4.54415e-13
4.70115e-13
4.82938e-13
4.93004e-13
5.00485e-13
5.05593e-13
5.0852e-13
5.09565e-13
5.09063e-13
5.07201e-13
5.04225e-13
5.00363e-13
4.95819e-13
4.90773e-13
4.85376e-13
4.7975e-13
4.7399e-13
4.68163e-13
4.62308e-13
4.56441e-13
4.50556e-13
4.44624e-13
4.386e-13
4.32423e-13
4.26018e-13
4.193e-13
4.12177e-13
4.04552e-13
3.96328e-13
3.87411e-13
3.77715e-13
3.67163e-13
3.55698e-13
3.4328e-13
3.29898e-13
3.15569e-13
3.0034e-13
2.84296e-13
2.67553e-13
2.50259e-13
2.32587e-13
2.14728e-13
1.9688e-13
1.79236e-13
1.61973e-13
1.45237e-13
1.2914e-13
1.13755e-13
9.91192e-14
8.52433e-14
7.21264e-14
5.97704e-14
4.81941e-14
3.7442e-14
2.75894e-14
1.87427e-14
1.10546e-14
4.7851e-15
5.32317e-16
1.96854e-15
1.76936e-14
4.06377e-14
6.82604e-14
9.9169e-14
1.32347e-13
1.66943e-13
2.02196e-13
2.37422e-13
2.72e-13
3.05379e-13
3.37078e-13
3.66693e-13
3.93894e-13
4.18435e-13
4.4015e-13
4.58956e-13
4.74846e-13
4.87882e-13
4.9819e-13
5.05943e-13
5.11355e-13
5.1464e-13
5.16038e-13
5.15927e-13
5.14481e-13
5.11943e-13
5.08535e-13
5.04459e-13
4.9989e-13
4.94976e-13
4.89837e-13
4.84564e-13
4.79223e-13
4.73851e-13
4.68462e-13
4.63046e-13
4.57573e-13
4.51996e-13
4.46248e-13
4.4025e-13
4.33914e-13
4.27139e-13
4.19823e-13
4.11861e-13
4.03147e-13
3.93586e-13
3.83092e-13
3.71591e-13
3.59037e-13
3.45404e-13
3.30701e-13
3.14971e-13
2.98295e-13
2.80791e-13
2.62619e-13
2.43966e-13
2.25048e-13
2.06092e-13
1.87325e-13
1.68959e-13
1.51174e-13
1.34112e-13
1.17866e-13
1.02482e-13
8.79698e-14
7.43184e-14
6.15128e-14
4.95537e-14
3.84709e-14
2.83302e-14
1.92353e-14
1.13395e-14
4.90654e-15
5.45813e-16
1.99373e-15
1.79197e-14
4.11551e-14
6.91226e-14
1.00405e-13
1.33964e-13
1.68929e-13
2.04526e-13
2.40059e-13
2.74904e-13
3.0851e-13
3.40404e-13
3.70186e-13
3.97542e-13
4.22233e-13
4.44108e-13
4.63092e-13
4.79187e-13
4.92462e-13
5.03045e-13
5.11114e-13
5.1688e-13
5.20578e-13
5.22413e-13
5.22742e-13
5.21782e-13
5.19748e-13
5.16861e-13
5.13315e-13
5.09282e-13
5.04906e-13
5.00304e-13
4.95565e-13
4.9075e-13
4.85896e-13
4.81013e-13
4.76092e-13
4.711e-13
4.65985e-13
4.60681e-13
4.55105e-13
4.49163e-13
4.42751e-13
4.35759e-13
4.28074e-13
4.19584e-13
4.10181e-13
3.99768e-13
3.88261e-13
3.75598e-13
3.61744e-13
3.46694e-13
3.30483e-13
3.13187e-13
2.94924e-13
2.75858e-13
2.56193e-13
2.36164e-13
2.16029e-13
1.96051e-13
1.76481e-13
1.57541e-13
1.39408e-13
1.22202e-13
1.05986e-13
9.07734e-14
7.65417e-14
6.32584e-14
5.09027e-14
3.94847e-14
2.9057e-14
1.97169e-14
1.16174e-14
5.0247e-15
5.58942e-16
2.01777e-15
1.81355e-14
4.16483e-14
6.99427e-14
1.01576e-13
1.3549e-13
1.70794e-13
2.067e-13
2.42503e-13
2.77577e-13
3.11376e-13
3.4343e-13
3.73355e-13
4.00846e-13
4.25679e-13
4.47713e-13
4.66885e-13
4.83206e-13
4.96751e-13
5.07652e-13
5.16086e-13
5.22265e-13
5.26422e-13
5.28775e-13
5.29609e-13
5.292e-13
5.27738e-13
5.25435e-13
5.22482e-13
5.19042e-13
5.15257e-13
5.11239e-13
5.07072e-13
5.02818e-13
4.98509e-13
4.94155e-13
4.89745e-13
4.85245e-13
4.80602e-13
4.75747e-13
4.70594e-13
4.65048e-13
4.59e-13
4.52335e-13
4.44934e-13
4.36675e-13
4.27443e-13
4.17129e-13
4.05638e-13
3.92894e-13
3.78847e-13
3.6348e-13
3.46817e-13
3.28923e-13
3.09914e-13
2.89955e-13
2.69259e-13
2.48082e-13
2.26709e-13
2.05441e-13
1.84573e-13
1.64372e-13
1.45058e-13
1.26788e-13
1.09648e-13
9.36593e-14
7.8794e-14
6.50001e-14
5.22317e-14
4.04743e-14
2.97618e-14
2.0182e-14
1.18848e-14
5.13814e-15
5.71542e-16
2.04096e-15
1.83435e-14
4.2123e-14
7.073e-14
1.02697e-13
1.36942e-13
1.72558e-13
2.08742e-13
2.44782e-13
2.80053e-13
3.14012e-13
3.46201e-13
3.76248e-13
4.03861e-13
4.28832e-13
4.51034e-13
4.70413e-13
4.86988e-13
5.00841e-13
5.12106e-13
5.2096e-13
5.2761e-13
5.32288e-13
5.35226e-13
5.36648e-13
5.36849e-13
5.36026e-13
5.34372e-13
5.32069e-13
5.29277e-13
5.26131e-13
5.22737e-13
5.19178e-13
5.15511e-13
5.11768e-13
5.07957e-13
5.04065e-13
5.00059e-13
4.95883e-13
4.9147e-13
4.86732e-13
4.8157e-13
4.75874e-13
4.69525e-13
4.62399e-13
4.54368e-13
4.45308e-13
4.35101e-13
4.23638e-13
4.10833e-13
3.96619e-13
3.80966e-13
3.63882e-13
3.45422e-13
3.25691e-13
3.04854e-13
2.83128e-13
2.60783e-13
2.38131e-13
2.15509e-13
1.93257e-13
1.71693e-13
1.51089e-13
1.31645e-13
1.13481e-13
9.66341e-14
8.10741e-14
6.67311e-14
5.3531e-14
4.14296e-14
3.04363e-14
2.06245e-14
1.21381e-14
5.24521e-15
5.83432e-16
2.06362e-15
1.85467e-14
4.25858e-14
7.14953e-14
1.03782e-13
1.3834e-13
1.74245e-13
2.1068e-13
2.4693e-13
2.82369e-13
3.16462e-13
3.48766e-13
3.78921e-13
4.06652e-13
4.31768e-13
4.54152e-13
4.73764e-13
4.90631e-13
5.04837e-13
5.1652e-13
5.25853e-13
5.33041e-13
5.38307e-13
5.41883e-13
5.4399e-13
5.44861e-13
5.44741e-13
5.43796e-13
5.42201e-13
5.40107e-13
5.37642e-13
5.34909e-13
5.31986e-13
5.28927e-13
5.25761e-13
5.22497e-13
5.19121e-13
5.15598e-13
5.11875e-13
5.07883e-13
5.03534e-13
4.98731e-13
4.9336e-13
4.87301e-13
4.80426e-13
4.72603e-13
4.63701e-13
4.53593e-13
4.42161e-13
4.29304e-13
4.14943e-13
3.99031e-13
3.8156e-13
3.62569e-13
3.42153e-13
3.20467e-13
2.97728e-13
2.74217e-13
2.50266e-13
2.26244e-13
2.02539e-13
1.79522e-13
1.57521e-13
1.36793e-13
1.175e-13
9.97047e-14
8.33813e-14
6.84446e-14
5.47907e-14
4.23401e-14
3.10713e-14
2.10375e-14
1.23731e-14
5.34414e-15
5.94411e-16
2.08612e-15
1.87482e-14
4.30443e-14
7.22512e-14
1.04848e-13
1.39707e-13
1.75882e-13
2.12548e-13
2.48984e-13
2.84568e-13
3.18778e-13
3.51183e-13
3.81441e-13
4.09296e-13
4.3457e-13
4.57163e-13
4.77044e-13
4.94246e-13
5.0886e-13
5.2102e-13
5.30899e-13
5.38695e-13
5.44621e-13
5.48901e-13
5.51755e-13
5.53394e-13
5.54025e-13
5.5385e-13
5.53015e-13
5.51664e-13
5.49918e-13
5.47875e-13
5.45608e-13
5.43167e-13
5.40583e-13
5.3786e-13
5.34985e-13
5.31924e-13
5.28625e-13
5.25019e-13
5.21022e-13
5.16534e-13
5.11445e-13
5.05632e-13
4.98967e-13
4.91315e-13
4.82539e-13
4.72506e-13
4.6109e-13
4.48178e-13
4.33678e-13
4.17527e-13
3.99699e-13
3.80217e-13
3.59159e-13
3.36666e-13
3.12951e-13
2.88296e-13
2.63048e-13
2.37606e-13
2.12399e-13
1.87855e-13
1.64364e-13
1.42246e-13
1.21717e-13
1.02878e-13
8.57152e-14
7.01341e-14
5.60004e-14
4.31944e-14
3.16568e-14
2.14137e-14
1.25854e-14
5.43295e-15
6.0426e-16
2.10887e-15
1.89519e-14
4.35067e-14
7.30112e-14
1.05915e-13
1.41067e-13
1.77501e-13
2.14382e-13
2.50987e-13
2.86701e-13
3.21016e-13
3.53517e-13
3.83884e-13
4.11876e-13
4.37334e-13
4.60171e-13
4.80367e-13
4.97961e-13
5.13044e-13
5.2575e-13
5.36246e-13
5.44723e-13
5.51385e-13
5.56442e-13
5.60105e-13
5.62576e-13
5.64043e-13
5.64678e-13
5.64652e-13
5.64083e-13
5.63088e-13
5.61756e-13
5.60156e-13
5.58338e-13
5.56326e-13
5.54128e-13
5.51728e-13
5.49095e-13
5.46178e-13
5.42911e-13
5.3921e-13
5.3498e-13
5.3011e-13
5.24482e-13
5.17967e-13
5.10427e-13
5.01727e-13
4.91726e-13
4.80293e-13
4.67307e-13
4.52662e-13
4.36281e-13
4.1812e-13
3.98184e-13
3.76531e-13
3.53285e-13
3.28646e-13
3.02892e-13
2.76376e-13
2.4952e-13
2.2279e-13
1.96667e-13
1.7161e-13
1.48006e-13
1.26139e-13
1.06158e-13
8.80751e-14
7.17932e-14
5.71494e-14
4.39808e-14
3.21822e-14
2.17452e-14
1.277e-14
5.50949e-15
6.12741e-16
2.1323e-15
1.91616e-14
4.39819e-14
7.379e-14
1.07005e-13
1.42447e-13
1.79134e-13
2.1622e-13
2.52983e-13
2.8882e-13
3.23237e-13
3.5584e-13
3.86329e-13
4.14485e-13
4.40165e-13
4.63294e-13
4.83861e-13
5.01909e-13
5.17532e-13
5.30858e-13
5.42048e-13
5.51284e-13
5.58757e-13
5.64666e-13
5.69206e-13
5.72566e-13
5.74923e-13
5.76438e-13
5.77254e-13
5.77497e-13
5.77274e-13
5.76666e-13
5.75737e-13
5.74533e-13
5.73076e-13
5.71373e-13
5.69411e-13
5.67158e-13
5.64567e-13
5.61574e-13
5.581e-13
5.54052e-13
5.49324e-13
5.43801e-13
5.37355e-13
5.29852e-13
5.21156e-13
5.11125e-13
4.99623e-13
4.86523e-13
4.7171e-13
4.55093e-13
4.36613e-13
4.16254e-13
3.94053e-13
3.70114e-13
3.44618e-13
3.1783e-13
2.90103e-13
2.61869e-13
2.33626e-13
2.05905e-13
1.79229e-13
1.54062e-13
1.30763e-13
1.09545e-13
9.04587e-14
7.34148e-14
5.82272e-14
4.46868e-14
3.26362e-14
2.20235e-14
1.29218e-14
5.57146e-15
6.19593e-16
2.15687e-15
1.93813e-14
4.44792e-14
7.46028e-14
1.08137e-13
1.43875e-13
1.80814e-13
2.18102e-13
2.55021e-13
2.90979e-13
3.25504e-13
3.58226e-13
3.88864e-13
4.17221e-13
4.4317e-13
4.66649e-13
4.87654e-13
5.06231e-13
5.2247e-13
5.36496e-13
5.48461e-13
5.58533e-13
5.66893e-13
5.73724e-13
5.79207e-13
5.83514e-13
5.86809e-13
5.8924e-13
5.90939e-13
5.92022e-13
5.9258e-13
5.92697e-13
5.9243e-13
5.9182e-13
5.90888e-13
5.8964e-13
5.88064e-13
5.86131e-13
5.83796e-13
5.80999e-13
5.77666e-13
5.7371e-13
5.69029e-13
5.63512e-13
5.57037e-13
5.49476e-13
5.40693e-13
5.30548e-13
5.18906e-13
5.05634e-13
4.90612e-13
4.73738e-13
4.54939e-13
4.34178e-13
4.11474e-13
3.86904e-13
3.60628e-13
3.32891e-13
3.04033e-13
2.74491e-13
2.44782e-13
2.15477e-13
1.87162e-13
1.60381e-13
1.35574e-13
1.13032e-13
9.28607e-14
7.49913e-14
5.92223e-14
4.52996e-14
3.30069e-14
2.22397e-14
1.3035e-14
5.61629e-15
6.24522e-16
2.18302e-15
1.96151e-14
4.50077e-14
7.54644e-14
1.09333e-13
1.45377e-13
1.82575e-13
2.20067e-13
2.57144e-13
2.93233e-13
3.27882e-13
3.60746e-13
3.91571e-13
4.20178e-13
4.46456e-13
4.70353e-13
4.9187e-13
5.11054e-13
5.27992e-13
5.428e-13
5.5562e-13
5.66606e-13
5.75925e-13
5.83743e-13
5.90226e-13
5.95531e-13
5.99805e-13
6.03184e-13
6.05786e-13
6.07717e-13
6.09062e-13
6.09894e-13
6.10266e-13
6.10217e-13
6.09767e-13
6.08921e-13
6.07668e-13
6.0598e-13
6.03817e-13
6.01125e-13
5.97834e-13
5.93863e-13
5.89118e-13
5.83495e-13
5.76878e-13
5.69146e-13
5.60167e-13
5.49809e-13
5.37936e-13
5.24416e-13
5.09126e-13
4.91956e-13
4.72822e-13
4.51672e-13
4.28501e-13
4.03364e-13
3.76392e-13
3.47804e-13
3.17923e-13
2.87174e-13
2.56082e-13
2.2525e-13
1.95317e-13
1.66903e-13
1.40538e-13
1.16602e-13
9.52705e-14
7.65126e-14
6.0123e-14
4.5806e-14
3.3282e-14
2.23791e-14
1.3099e-14
5.63931e-15
6.2705e-16
2.21117e-15
1.98665e-14
4.55754e-14
7.63882e-14
1.10611e-13
1.46977e-13
1.84443e-13
2.22149e-13
2.59394e-13
2.95627e-13
3.30424e-13
3.63467e-13
3.94524e-13
4.23438e-13
4.50112e-13
4.74501e-13
4.96611e-13
5.16485e-13
5.34204e-13
5.49875e-13
5.63625e-13
5.75597e-13
5.85938e-13
5.94799e-13
6.02329e-13
6.08668e-13
6.13949e-13
6.18292e-13
6.21804e-13
6.2458e-13
6.26696e-13
6.28218e-13
6.29195e-13
6.29661e-13
6.29634e-13
6.29124e-13
6.28116e-13
6.26588e-13
6.24502e-13
6.21809e-13
6.18449e-13
6.14346e-13
6.09415e-13
6.0356e-13
5.96675e-13
5.88646e-13
5.79351e-13
5.68664e-13
5.56455e-13
5.42596e-13
5.26964e-13
5.09447e-13
4.8995e-13
4.68411e-13
4.44803e-13
4.19159e-13
3.91579e-13
3.62254e-13
3.31476e-13
2.99652e-13
2.67302e-13
2.35044e-13
2.03559e-13
1.73537e-13
1.456e-13
1.20223e-13
9.76701e-14
7.79659e-14
6.09163e-14
4.61921e-14
3.34376e-14
2.24322e-14
1.31134e-14
5.64109e-15
6.27193e-16
2.24162e-15
2.01385e-14
4.6189e-14
7.73845e-14
1.11986e-13
1.48691e-13
1.8644e-13
2.2437e-13
2.61797e-13
2.98194e-13
3.33168e-13
3.6643e-13
3.97773e-13
4.27057e-13
4.54198e-13
4.79156e-13
5.01937e-13
5.22581e-13
5.41158e-13
5.57763e-13
5.7251e-13
5.85524e-13
5.96936e-13
6.0688e-13
6.15486e-13
6.22879e-13
6.29176e-13
6.34482e-13
6.38893e-13
6.42491e-13
6.45346e-13
6.47516e-13
6.49044e-13
6.49962e-13
6.50288e-13
6.50031e-13
6.49184e-13
6.47715e-13
6.45599e-13
6.42792e-13
6.39242e-13
6.34881e-13
6.29634e-13
6.23415e-13
6.16128e-13
6.0767e-13
5.9793e-13
5.86792e-13
5.74135e-13
5.59838e-13
5.43781e-13
5.25854e-13
5.05959e-13
4.84021e-13
4.60001e-13
4.33907e-13
4.05812e-13
3.75871e-13
3.44345e-13
3.11608e-13
2.78161e-13
2.44624e-13
2.11706e-13
1.80153e-13
1.50672e-13
1.23843e-13
1.00031e-13
7.93334e-14
6.15875e-14
4.64392e-14
3.3478e-14
2.24012e-14
1.30732e-14
5.61818e-15
6.24574e-16
2.27455e-15
2.04325e-14
4.68516e-14
7.84583e-14
1.13463e-13
1.50526e-13
1.8857e-13
2.26735e-13
2.64357e-13
3.0094e-13
3.36122e-13
3.69646e-13
4.01327e-13
4.31044e-13
4.58718e-13
4.84316e-13
5.07838e-13
5.29318e-13
5.48815e-13
5.66409e-13
5.82199e-13
5.96293e-13
6.08803e-13
6.19846e-13
6.29534e-13
6.37976e-13
6.45273e-13
6.51516e-13
6.5679e-13
6.61166e-13
6.64707e-13
6.67462e-13
6.69471e-13
6.70762e-13
6.71353e-13
6.71253e-13
6.70469e-13
6.68951e-13
6.6669e-13
6.63649e-13
6.59784e-13
6.55036e-13
6.49341e-13
6.42624e-13
6.34802e-13
6.25784e-13
6.15472e-13
6.03762e-13
5.90545e-13
5.75711e-13
5.59147e-13
5.40748e-13
5.20416e-13
4.98071e-13
4.73661e-13
4.47176e-13
4.18661e-13
3.88238e-13
3.56128e-13
3.22667e-13
2.88325e-13
2.53704e-13
2.19525e-13
1.86574e-13
1.55635e-13
1.27387e-13
1.02308e-13
8.05908e-14
6.21231e-14
4.65342e-14
3.33882e-14
2.22674e-14
1.29692e-14
5.56713e-15
6.18824e-16
2.30989e-15
2.07479e-14
4.75616e-14
7.96057e-14
1.15035e-13
1.5247e-13
1.90816e-13
2.2922e-13
2.67045e-13
3.03829e-13
3.39245e-13
3.73066e-13
4.05131e-13
4.3533e-13
4.63592e-13
4.89882e-13
5.14195e-13
5.36555e-13
5.57008e-13
5.75619e-13
5.92469e-13
6.07648e-13
6.21251e-13
6.33377e-13
6.4412e-13
6.53573e-13
6.61822e-13
6.68948e-13
6.7502e-13
6.80103e-13
6.84249e-13
6.87504e-13
6.89902e-13
6.91469e-13
6.92223e-13
6.92172e-13
6.91343e-13
6.8966e-13
6.87134e-13
6.83738e-13
6.79434e-13
6.74174e-13
6.67906e-13
6.60566e-13
6.52085e-13
6.42386e-13
6.31386e-13
6.18996e-13
6.05121e-13
5.89664e-13
5.72523e-13
5.536e-13
5.32802e-13
5.10048e-13
4.8528e-13
4.5847e-13
4.2964e-13
3.9888e-13
3.6637e-13
3.32401e-13
2.974e-13
2.61939e-13
2.26728e-13
1.92576e-13
1.60325e-13
1.30748e-13
1.04439e-13
8.1702e-14
6.24995e-14
4.64808e-14
3.31525e-14
2.20212e-14
1.27949e-14
5.48506e-15
6.09616e-16
2.34723e-15
2.10808e-14
4.831e-14
8.08105e-14
1.16675e-13
1.54482e-13
1.93123e-13
2.31757e-13
2.69778e-13
3.06762e-13
3.42423e-13
3.76559e-13
4.09031e-13
4.39738e-13
4.68614e-13
4.95619e-13
5.2074e-13
5.43987e-13
5.65392e-13
5.85005e-13
6.02889e-13
6.19116e-13
6.33764e-13
6.46913e-13
6.58642e-13
6.69029e-13
6.78145e-13
6.86059e-13
6.92832e-13
6.98516e-13
7.03159e-13
7.06801e-13
7.09474e-13
7.112e-13
7.11998e-13
7.11884e-13
7.10889e-13
7.08922e-13
7.06015e-13
7.02146e-13
6.97287e-13
6.91402e-13
6.8445e-13
6.7638e-13
6.67139e-13
6.56663e-13
6.44885e-13
6.31733e-13
6.17131e-13
6.00992e-13
5.83231e-13
5.63758e-13
5.4249e-13
5.19349e-13
4.94271e-13
4.6722e-13
4.38198e-13
4.07265e-13
3.74559e-13
3.40327e-13
3.04941e-13
2.68926e-13
2.32973e-13
1.97883e-13
1.64536e-13
1.33786e-13
1.06337e-13
8.26181e-14
6.26664e-14
4.62393e-14
3.27563e-14
2.16528e-14
1.25443e-14
5.36923e-15
5.96646e-16
2.38567e-15
2.14232e-14
4.90773e-14
8.2038e-14
1.18329e-13
1.56486e-13
1.95388e-13
2.34215e-13
2.72397e-13
3.09554e-13
3.45437e-13
3.79874e-13
4.1274e-13
4.43944e-13
4.73416e-13
5.01111e-13
5.27004e-13
5.51092e-13
5.73393e-13
5.93938e-13
6.12774e-13
6.29956e-13
6.45544e-13
6.59602e-13
6.72195e-13
6.83386e-13
6.93236e-13
7.01801e-13
7.09132e-13
7.15277e-13
7.20276e-13
7.24165e-13
7.26973e-13
7.28724e-13
7.29434e-13
7.29139e-13
7.27849e-13
7.25483e-13
7.22083e-13
7.17637e-13
7.12126e-13
7.05526e-13
6.97807e-13
6.88934e-13
6.78865e-13
6.67555e-13
6.5495e-13
6.40998e-13
6.2563e-13
6.08775e-13
5.90362e-13
5.70321e-13
5.48581e-13
5.25076e-13
4.99749e-13
4.72559e-13
4.43497e-13
4.12598e-13
3.79964e-13
3.45792e-13
3.10395e-13
2.74207e-13
2.37862e-13
2.02165e-13
1.68013e-13
1.36319e-13
1.07888e-13
8.32636e-14
6.26461e-14
4.58078e-14
3.21913e-14
2.11545e-14
1.22118e-14
5.21714e-15
5.79636e-16
2.42365e-15
2.17607e-14
4.983e-14
8.32286e-14
1.19906e-13
1.58352e-13
1.97441e-13
2.36379e-13
2.74642e-13
3.11899e-13
3.47936e-13
3.82608e-13
4.15802e-13
4.47431e-13
4.77419e-13
5.05714e-13
5.32276e-13
5.5709e-13
5.80157e-13
6.01492e-13
6.21126e-13
6.39098e-13
6.55452e-13
6.70239e-13
6.8351e-13
6.95317e-13
7.0571e-13
7.14735e-13
7.22439e-13
7.28861e-13
7.34039e-13
7.38005e-13
7.40787e-13
7.42409e-13
7.42889e-13
7.42298e-13
7.40585e-13
7.37713e-13
7.33728e-13
7.28625e-13
7.22395e-13
7.15026e-13
7.06499e-13
6.96793e-13
6.85882e-13
6.73735e-13
6.60313e-13
6.45572e-13
6.29462e-13
6.11941e-13
5.92958e-13
5.72456e-13
5.50376e-13
5.26656e-13
5.01238e-13
4.74074e-13
4.45139e-13
4.14444e-13
3.82058e-13
3.48137e-13
3.12957e-13
2.76969e-13
2.40706e-13
2.04877e-13
1.70346e-13
1.38049e-13
1.08876e-13
8.35284e-14
6.23527e-14
4.51605e-14
3.14461e-14
2.05186e-14
1.17928e-14
5.02661e-15
5.58344e-16
2.45873e-15
2.20712e-14
5.05154e-14
8.42894e-14
1.21262e-13
1.59879e-13
1.99017e-13
2.37923e-13
2.76126e-13
3.13343e-13
3.49398e-13
3.84168e-13
4.17551e-13
4.49455e-13
4.798e-13
5.08518e-13
5.35562e-13
5.60896e-13
5.84508e-13
6.06402e-13
6.26591e-13
6.45102e-13
6.61966e-13
6.77222e-13
6.90911e-13
7.03075e-13
7.13757e-13
7.22998e-13
7.30837e-13
7.37312e-13
7.42457e-13
7.46303e-13
7.4888e-13
7.50211e-13
7.50322e-13
7.49321e-13
7.47066e-13
7.43606e-13
7.38973e-13
7.3317e-13
7.26198e-13
7.18056e-13
7.08737e-13
6.98235e-13
6.86536e-13
6.73624e-13
6.59479e-13
6.44065e-13
6.2735e-13
6.09312e-13
5.89916e-13
5.69122e-13
5.46881e-13
5.23143e-13
4.97855e-13
4.7097e-13
4.42456e-13
4.12305e-13
3.80559e-13
3.47328e-13
3.12819e-13
2.77365e-13
2.41473e-13
2.05827e-13
1.71271e-13
1.38754e-13
1.09213e-13
8.34074e-14
6.17605e-14
4.42787e-14
3.05114e-14
1.97395e-14
1.12834e-14
4.79588e-15
5.32576e-16
2.48736e-15
2.23223e-14
5.10565e-14
8.50843e-14
1.22189e-13
1.60779e-13
1.99743e-13
2.38385e-13
2.76301e-13
3.13271e-13
3.49151e-13
3.83815e-13
4.17158e-13
4.49084e-13
4.79505e-13
5.08345e-13
5.35547e-13
5.61081e-13
5.84911e-13
6.07024e-13
6.27422e-13
6.46121e-13
6.63145e-13
6.78523e-13
6.92289e-13
7.04481e-13
7.15135e-13
7.2429e-13
7.31983e-13
7.38248e-13
7.43122e-13
7.46635e-13
7.48825e-13
7.49731e-13
7.49406e-13
7.47891e-13
7.45052e-13
7.40987e-13
7.3571e-13
7.29233e-13
7.21565e-13
7.12714e-13
7.02685e-13
6.91481e-13
6.79101e-13
6.65541e-13
6.50796e-13
6.34866e-13
6.17745e-13
5.99411e-13
5.79839e-13
5.59001e-13
5.3686e-13
5.13376e-13
4.88504e-13
4.62199e-13
4.34422e-13
4.05156e-13
3.74414e-13
3.42267e-13
3.08872e-13
2.74501e-13
2.39578e-13
2.04706e-13
1.70661e-13
1.38357e-13
1.08755e-13
8.27078e-14
6.07868e-14
4.31297e-14
2.93765e-14
1.88131e-14
1.06812e-14
4.52384e-15
5.0221e-16
2.50467e-15
2.24692e-14
5.13463e-14
8.54229e-14
1.22399e-13
1.60676e-13
1.9921e-13
2.37349e-13
2.74741e-13
3.11194e-13
3.46589e-13
3.80832e-13
4.1382e-13
4.45445e-13
4.75608e-13
5.04221e-13
5.31212e-13
5.56524e-13
5.80126e-13
6.02004e-13
6.22156e-13
6.40593e-13
6.57335e-13
6.72407e-13
6.85843e-13
6.97675e-13
7.07941e-13
7.16676e-13
7.23918e-13
7.29701e-13
7.34061e-13
7.3703e-13
7.38639e-13
7.38918e-13
7.38003e-13
7.35776e-13
7.3225e-13
7.27497e-13
7.21534e-13
7.1438e-13
7.06056e-13
6.96582e-13
6.85972e-13
6.74242e-13
6.61402e-13
6.47461e-13
6.32427e-13
6.16306e-13
5.99099e-13
5.80796e-13
5.61387e-13
5.40853e-13
5.19168e-13
4.96302e-13
4.72216e-13
4.46868e-13
4.20219e-13
3.9224e-13
3.62925e-13
3.32312e-13
3.00511e-13
2.6773e-13
2.34315e-13
2.00779e-13
1.67816e-13
1.36281e-13
1.07121e-13
8.12435e-14
5.93332e-14
4.1673e-14
2.80306e-14
1.77378e-14
9.98591e-15
4.21023e-15
4.67218e-16
2.50428e-15
2.24538e-14
5.1253e-14
8.50987e-14
1.21621e-13
1.59202e-13
1.96828e-13
2.3396e-13
2.70314e-13
3.05757e-13
3.40197e-13
3.73537e-13
4.05663e-13
4.36459e-13
4.65811e-13
4.93622e-13
5.19813e-13
5.44326e-13
5.67126e-13
5.88198e-13
6.0754e-13
6.25163e-13
6.41088e-13
6.55342e-13
6.67959e-13
6.78973e-13
6.88422e-13
6.96346e-13
7.02782e-13
7.07768e-13
7.1134e-13
7.13536e-13
7.14386e-13
7.13991e-13
7.12394e-13
7.09461e-13
7.05311e-13
6.99979e-13
6.93493e-13
6.85882e-13
6.77165e-13
6.67365e-13
6.56501e-13
6.44595e-13
6.31666e-13
6.17729e-13
6.02801e-13
5.86894e-13
5.70018e-13
5.52174e-13
5.3336e-13
5.13568e-13
4.92782e-13
4.70977e-13
4.48123e-13
4.24181e-13
3.99112e-13
3.7288e-13
3.45464e-13
3.16877e-13
2.87184e-13
2.56536e-13
2.25203e-13
1.93608e-13
1.62347e-13
1.32193e-13
1.04045e-13
7.8821e-14
5.72865e-14
3.98602e-14
2.6462e-14
1.65151e-14
9.19955e-15
3.85584e-15
4.27687e-16
2.47864e-15
2.22086e-14
5.06071e-14
8.37707e-14
1.19262e-13
1.5549e-13
1.91562e-13
2.27053e-13
2.61782e-13
2.95645e-13
3.28536e-13
3.60339e-13
3.90928e-13
4.20178e-13
4.47976e-13
4.74226e-13
4.98858e-13
5.21821e-13
5.43089e-13
5.62652e-13
5.80517e-13
5.96701e-13
6.1123e-13
6.24138e-13
6.3546e-13
6.45236e-13
6.53508e-13
6.60315e-13
6.657e-13
6.697e-13
6.72355e-13
6.73703e-13
6.73785e-13
6.72788e-13
6.70524e-13
6.67059e-13
6.62467e-13
6.56778e-13
6.50023e-13
6.42232e-13
6.33432e-13
6.23648e-13
6.12904e-13
6.01224e-13
5.88632e-13
5.75147e-13
5.6079e-13
5.45578e-13
5.29525e-13
5.12638e-13
4.94924e-13
4.76378e-13
4.56992e-13
4.36748e-13
4.15621e-13
3.93577e-13
3.70579e-13
3.46586e-13
3.21568e-13
2.95516e-13
2.68461e-13
2.40502e-13
2.11839e-13
1.82802e-13
1.53886e-13
1.25762e-13
9.92483e-14
7.52301e-14
5.45136e-14
3.76291e-14
2.46545e-14
1.51481e-14
8.32655e-15
3.46255e-15
3.83818e-16
2.41396e-15
2.16036e-14
4.90946e-14
8.09081e-14
1.14605e-13
1.48737e-13
1.82557e-13
2.15742e-13
2.48161e-13
2.79711e-13
3.10272e-13
3.39718e-13
3.6792e-13
3.94758e-13
4.20132e-13
4.43965e-13
4.66205e-13
4.86821e-13
5.05803e-13
5.23156e-13
5.38898e-13
5.53055e-13
5.65663e-13
5.76759e-13
5.86385e-13
5.94584e-13
6.014e-13
6.06874e-13
6.11049e-13
6.13963e-13
6.15653e-13
6.16159e-13
6.15623e-13
6.1402e-13
6.11274e-13
6.0749e-13
6.02704e-13
5.96947e-13
5.9025e-13
5.82643e-13
5.74153e-13
5.64806e-13
5.54628e-13
5.43642e-13
5.31873e-13
5.19342e-13
5.0607e-13
4.92074e-13
4.77371e-13
4.61972e-13
4.45884e-13
4.29108e-13
4.1164e-13
3.93467e-13
3.74569e-13
3.54916e-13
3.34474e-13
3.13203e-13
2.91066e-13
2.68041e-13
2.44132e-13
2.19393e-13
1.93961e-13
1.6808e-13
1.42142e-13
1.167e-13
9.24673e-14
7.0257e-14
5.08674e-14
3.49032e-14
2.25865e-14
1.36409e-14
7.37417e-15
3.03311e-15
3.35891e-16
2.29634e-15
2.0512e-14
4.64256e-14
7.60649e-14
1.07094e-13
1.38251e-13
1.68961e-13
1.98995e-13
2.28225e-13
2.56533e-13
2.83797e-13
3.09895e-13
3.34717e-13
3.5817e-13
3.80188e-13
4.00725e-13
4.19758e-13
4.37283e-13
4.53309e-13
4.67856e-13
4.80955e-13
4.92642e-13
5.02955e-13
5.11938e-13
5.19633e-13
5.26084e-13
5.31334e-13
5.35424e-13
5.38392e-13
5.40273e-13
5.41099e-13
5.4095e-13
5.39961e-13
5.37947e-13
5.3502e-13
5.31219e-13
5.26573e-13
5.21113e-13
5.14866e-13
5.07858e-13
5.00114e-13
4.91659e-13
4.82515e-13
4.72704e-13
4.62249e-13
4.51168e-13
4.39481e-13
4.27203e-13
4.14351e-13
4.00935e-13
3.86964e-13
3.7244e-13
3.57361e-13
3.41718e-13
3.25496e-13
3.0867e-13
2.9121e-13
2.73079e-13
2.5424e-13
2.34662e-13
2.1433e-13
1.93267e-13
1.71553e-13
1.49357e-13
1.26968e-13
1.0482e-13
8.34982e-14
6.37104e-14
4.61989e-14
3.15934e-14
2.02282e-14
1.1997e-14
6.35164e-15
2.57091e-15
2.84061e-16
2.11119e-15
1.8802e-14
4.22969e-14
6.8759e-14
9.60916e-14
1.23287e-13
1.49923e-13
1.75806e-13
2.00801e-13
2.24796e-13
2.47693e-13
2.69408e-13
2.89875e-13
3.09051e-13
3.26912e-13
3.43451e-13
3.58673e-13
3.72597e-13
3.85246e-13
3.96653e-13
4.06853e-13
4.15883e-13
4.23784e-13
4.30596e-13
4.36359e-13
4.41111e-13
4.44891e-13
4.47733e-13
4.4967e-13
4.50727e-13
4.50926e-13
4.50443e-13
4.4919e-13
4.47135e-13
4.4436e-13
4.40892e-13
4.36756e-13
4.31973e-13
4.26568e-13
4.20561e-13
4.13972e-13
4.06822e-13
3.9913e-13
3.90912e-13
3.82188e-13
3.72972e-13
3.63281e-13
3.53128e-13
3.42525e-13
3.31483e-13
3.20007e-13
3.08103e-13
2.95769e-13
2.82999e-13
2.69781e-13
2.56096e-13
2.41921e-13
2.27223e-13
2.11969e-13
1.96126e-13
1.79671e-13
1.62601e-13
1.44958e-13
1.26844e-13
1.08456e-13
9.01098e-14
7.22546e-14
5.54649e-14
4.03831e-14
2.76085e-14
1.75388e-14
1.02164e-14
5.27067e-15
2.07925e-15
2.29374e-16
1.84175e-15
1.63259e-14
3.6397e-14
5.85679e-14
8.11265e-14
1.03327e-13
1.24841e-13
1.45497e-13
1.65196e-13
1.83877e-13
2.015e-13
2.18044e-13
2.33501e-13
2.47875e-13
2.61176e-13
2.73424e-13
2.84641e-13
2.94853e-13
3.0409e-13
3.12383e-13
3.19763e-13
3.26262e-13
3.31914e-13
3.3675e-13
3.40801e-13
3.44098e-13
3.46669e-13
3.4854e-13
3.49736e-13
3.50268e-13
3.5018e-13
3.49613e-13
3.48416e-13
3.46645e-13
3.44341e-13
3.41522e-13
3.38207e-13
3.34412e-13
3.30154e-13
3.25448e-13
3.20311e-13
3.14755e-13
3.08796e-13
3.02447e-13
2.9572e-13
2.88627e-13
2.8118e-13
2.73389e-13
2.65263e-13
2.5681e-13
2.48035e-13
2.38943e-13
2.29532e-13
2.19799e-13
2.09737e-13
1.99331e-13
1.88564e-13
1.77412e-13
1.65848e-13
1.53842e-13
1.4137e-13
1.28418e-13
1.14999e-13
1.01167e-13
8.70417e-14
7.28308e-14
5.88498e-14
4.55247e-14
3.33634e-14
2.28808e-14
1.44768e-14
8.29729e-15
4.14792e-15
1.56359e-15
2.22045e-16
1.47482e-15
1.29789e-14
2.85584e-14
4.53665e-14
6.21612e-14
7.84095e-14
9.38795e-14
1.08487e-13
1.22218e-13
1.35083e-13
1.47107e-13
1.58315e-13
1.68734e-13
1.78388e-13
1.87299e-13
1.95491e-13
2.02985e-13
2.09802e-13
2.15963e-13
2.2149e-13
2.26404e-13
2.30727e-13
2.34479e-13
2.37682e-13
2.40357e-13
2.42521e-13
2.44196e-13
2.45396e-13
2.46137e-13
2.46421e-13
2.46304e-13
2.45858e-13
2.44965e-13
2.43692e-13
2.42055e-13
2.40067e-13
2.3774e-13
2.35084e-13
2.32112e-13
2.28833e-13
2.25258e-13
2.21395e-13
2.17255e-13
2.12846e-13
2.08177e-13
2.03256e-13
1.98089e-13
1.92685e-13
1.87049e-13
1.81187e-13
1.75104e-13
1.68801e-13
1.6228e-13
1.55539e-13
1.48573e-13
1.41373e-13
1.33928e-13
1.26222e-13
1.18236e-13
1.09947e-13
1.01336e-13
9.23875e-14
8.30992e-14
7.34941e-14
6.36352e-14
5.36427e-14
4.37118e-14
3.41218e-14
2.52266e-14
1.74138e-14
1.10231e-14
6.23952e-15
3.00897e-15
1.05619e-15
2.22045e-16
1.01427e-15
8.81052e-15
1.9023e-14
2.97208e-14
4.01405e-14
4.99831e-14
5.91789e-14
6.77462e-14
7.57276e-14
8.3168e-14
9.01057e-14
9.65707e-14
1.02586e-13
1.08169e-13
1.13335e-13
1.18096e-13
1.22462e-13
1.26444e-13
1.30053e-13
1.33299e-13
1.36192e-13
1.38745e-13
1.40967e-13
1.42869e-13
1.44463e-13
1.45759e-13
1.46767e-13
1.47496e-13
1.47954e-13
1.48142e-13
1.4809e-13
1.47852e-13
1.47348e-13
1.46612e-13
1.45661e-13
1.44502e-13
1.4314e-13
1.41583e-13
1.39837e-13
1.37908e-13
1.35801e-13
1.33521e-13
1.31076e-13
1.28469e-13
1.25705e-13
1.22789e-13
1.19725e-13
1.16517e-13
1.1317e-13
1.09687e-13
1.0607e-13
1.02322e-13
9.8444e-14
9.44344e-14
9.02913e-14
8.60104e-14
8.15851e-14
7.70065e-14
7.22634e-14
6.7343e-14
6.22318e-14
5.69186e-14
5.13981e-14
4.5677e-14
3.9783e-14
3.37749e-14
2.77537e-14
2.18723e-14
1.63348e-14
1.13799e-14
7.23845e-15
4.06596e-15
1.88174e-15
5.81735e-16
2.22045e-16
5.06726e-16
4.24925e-15
8.92469e-15
1.36532e-14
1.81425e-14
2.23217e-14
2.62022e-14
2.98138e-14
3.31849e-14
3.63381e-14
3.92898e-14
4.20519e-14
4.46323e-14
4.70367e-14
4.92697e-14
5.13346e-14
5.3235e-14
5.4974e-14
5.65551e-14
5.7982e-14
5.92584e-14
6.03886e-14
6.13765e-14
6.22267e-14
6.29433e-14
6.35307e-14
6.39931e-14
6.43343e-14
6.45574e-14
6.46633e-14
6.46576e-14
6.45782e-14
6.43852e-14
6.40845e-14
6.36903e-14
6.3205e-14
6.26313e-14
6.19718e-14
6.12291e-14
6.04058e-14
5.95044e-14
5.85273e-14
5.74767e-14
5.63551e-14
5.5164e-14
5.39043e-14
5.25789e-14
5.11899e-14
4.97393e-14
4.82288e-14
4.66598e-14
4.50332e-14
4.33495e-14
4.16087e-14
3.98098e-14
3.79514e-14
3.60307e-14
3.40443e-14
3.19873e-14
2.98544e-14
2.76395e-14
2.53374e-14
2.29448e-14
2.04629e-14
1.79007e-14
1.52799e-14
1.2639e-14
1.00387e-14
7.56268e-15
5.31383e-15
3.39833e-15
1.89529e-15
8.23776e-16
2.26146e-16
2.22045e-16
2.22045e-16
5.12288e-16
1.03179e-15
1.54857e-15
2.03737e-15
2.49237e-15
2.91588e-15
3.31155e-15
3.68232e-15
4.0303e-15
4.35699e-15
4.6634e-15
4.95023e-15
5.21795e-15
5.46695e-15
5.69752e-15
5.90998e-15
6.10463e-15
6.28183e-15
6.44194e-15
6.58536e-15
6.71252e-15
6.82388e-15
6.91989e-15
7.00102e-15
7.06776e-15
7.12055e-15
7.15983e-15
7.18592e-15
7.19898e-15
7.19926e-15
7.19156e-15
7.17144e-15
7.13894e-15
7.09604e-15
7.04296e-15
6.98001e-15
6.90747e-15
6.82563e-15
6.73479e-15
6.6352e-15
6.52715e-15
6.4109e-15
6.28669e-15
6.15486e-15
6.01577e-15
5.86937e-15
5.71587e-15
5.55548e-15
5.38839e-15
5.21476e-15
5.0347e-15
4.84827e-15
4.65547e-15
4.45621e-15
4.25033e-15
4.03755e-15
3.81748e-15
3.58962e-15
3.35336e-15
3.10806e-15
2.8531e-15
2.58811e-15
2.31315e-15
2.02914e-15
1.73829e-15
1.44467e-15
1.15471e-15
8.77373e-16
6.23779e-16
4.05607e-16
2.32072e-16
2.22045e-16
2.22045e-16
2.22045e-16
)
;

boundaryField
{
    movingWall
    {
        type            kqRWallFunction;
        value           nonuniform List<scalar> 
75
(
2.22045e-16
5.12288e-16
1.03179e-15
1.54857e-15
2.03737e-15
2.49237e-15
2.91588e-15
3.31155e-15
3.68232e-15
4.0303e-15
4.35699e-15
4.6634e-15
4.95023e-15
5.21795e-15
5.46695e-15
5.69752e-15
5.90998e-15
6.10463e-15
6.28183e-15
6.44194e-15
6.58536e-15
6.71252e-15
6.82388e-15
6.91989e-15
7.00102e-15
7.06776e-15
7.12055e-15
7.15983e-15
7.18592e-15
7.19898e-15
7.19926e-15
7.19156e-15
7.17144e-15
7.13894e-15
7.09604e-15
7.04296e-15
6.98001e-15
6.90747e-15
6.82563e-15
6.73479e-15
6.6352e-15
6.52715e-15
6.4109e-15
6.28669e-15
6.15486e-15
6.01577e-15
5.86937e-15
5.71587e-15
5.55548e-15
5.38839e-15
5.21476e-15
5.0347e-15
4.84827e-15
4.65547e-15
4.45621e-15
4.25033e-15
4.03755e-15
3.81748e-15
3.58962e-15
3.35336e-15
3.10806e-15
2.8531e-15
2.58811e-15
2.31315e-15
2.02914e-15
1.73829e-15
1.44467e-15
1.15471e-15
8.77373e-16
6.23779e-16
4.05607e-16
2.32072e-16
2.22045e-16
2.22045e-16
2.22045e-16
)
;
    }
    fixedWalls
    {
        type            kqRWallFunction;
        value           nonuniform List<scalar> 
225
(
2.22045e-16
2.22045e-16
2.22045e-16
2.22045e-16
2.22045e-16
2.22045e-16
2.22045e-16
2.22045e-16
2.42234e-16
2.86528e-16
3.31514e-16
3.77526e-16
4.24705e-16
4.73072e-16
5.22586e-16
5.73177e-16
6.24757e-16
6.77227e-16
7.30479e-16
7.84396e-16
8.38856e-16
8.93726e-16
9.48871e-16
1.00415e-15
1.05941e-15
1.1145e-15
1.16927e-15
1.22355e-15
1.27719e-15
1.33003e-15
1.3819e-15
1.43267e-15
1.48217e-15
1.53027e-15
1.57684e-15
1.62176e-15
1.66494e-15
1.70627e-15
1.74571e-15
1.7832e-15
1.81874e-15
1.85233e-15
1.884e-15
1.91385e-15
1.94198e-15
1.96854e-15
1.99373e-15
2.01777e-15
2.04096e-15
2.06362e-15
2.08612e-15
2.10887e-15
2.1323e-15
2.15687e-15
2.18302e-15
2.21117e-15
2.24162e-15
2.27455e-15
2.30989e-15
2.34723e-15
2.38567e-15
2.42365e-15
2.45873e-15
2.48736e-15
2.50467e-15
2.50428e-15
2.47864e-15
2.41396e-15
2.29634e-15
2.11119e-15
1.84175e-15
1.47482e-15
1.01427e-15
5.06726e-16
2.22045e-16
2.22045e-16
2.22045e-16
2.22045e-16
2.22045e-16
2.22045e-16
2.22045e-16
2.22045e-16
2.22045e-16
2.22045e-16
2.22045e-16
2.22045e-16
2.22045e-16
2.22045e-16
2.22045e-16
2.22045e-16
2.22045e-16
2.22045e-16
2.22141e-16
2.35362e-16
2.47595e-16
2.59093e-16
2.70023e-16
2.805e-16
2.90618e-16
3.00466e-16
3.10128e-16
3.1969e-16
3.29236e-16
3.38845e-16
3.48594e-16
3.58552e-16
3.68779e-16
3.79327e-16
3.90235e-16
4.01532e-16
4.13233e-16
4.25337e-16
4.37835e-16
4.50698e-16
4.63887e-16
4.77348e-16
4.91012e-16
5.04796e-16
5.18602e-16
5.32317e-16
5.45813e-16
5.58942e-16
5.71542e-16
5.83432e-16
5.94411e-16
6.0426e-16
6.12741e-16
6.19593e-16
6.24522e-16
6.2705e-16
6.27193e-16
6.24574e-16
6.18824e-16
6.09616e-16
5.96646e-16
5.79636e-16
5.58344e-16
5.32576e-16
5.0221e-16
4.67218e-16
4.27687e-16
3.83818e-16
3.35891e-16
2.84061e-16
2.29374e-16
2.22045e-16
2.22045e-16
2.22045e-16
2.22045e-16
2.22045e-16
2.22045e-16
2.22045e-16
2.22045e-16
2.22045e-16
2.22045e-16
2.22045e-16
2.22045e-16
2.22045e-16
2.24978e-16
2.61736e-16
2.96908e-16
3.30654e-16
3.62971e-16
3.93746e-16
4.22831e-16
4.5008e-16
4.75371e-16
4.98607e-16
5.19725e-16
5.38692e-16
5.55508e-16
5.70197e-16
5.82807e-16
5.93408e-16
6.02085e-16
6.08932e-16
6.14053e-16
6.17553e-16
6.19531e-16
6.20102e-16
6.19366e-16
6.17405e-16
6.14297e-16
6.10111e-16
6.04907e-16
5.98733e-16
5.91632e-16
5.83635e-16
5.74773e-16
5.65065e-16
5.54527e-16
5.43174e-16
5.31022e-16
5.18086e-16
5.04383e-16
4.89934e-16
4.74762e-16
4.58898e-16
4.42375e-16
4.25233e-16
4.07518e-16
3.89278e-16
3.70568e-16
3.51443e-16
3.31956e-16
3.12157e-16
2.92079e-16
2.71719e-16
2.50999e-16
2.29711e-16
2.22045e-16
2.22045e-16
2.22045e-16
2.22045e-16
2.22045e-16
2.22045e-16
2.22045e-16
2.22045e-16
2.22045e-16
2.22045e-16
2.22045e-16
2.22045e-16
2.22045e-16
2.22045e-16
2.22045e-16
)
;
    }
    frontAndBack
    {
        type            empty;
    }
}


// ************************************************************************* //
