/*--------------------------------*- C++ -*----------------------------------*\
  =========                 |
  \\      /  F ield         | OpenFOAM: The Open Source CFD Toolbox
   \\    /   O peration     | Website:  https://openfoam.org
    \\  /    A nd           | Version:  12
     \\/     M anipulation  |
\*---------------------------------------------------------------------------*/
FoamFile
{
    format      ascii;
    class       volScalarField;
    location    "3";
    object      p;
}
// * * * * * * * * * * * * * * * * * * * * * * * * * * * * * * * * * * * * * //

dimensions      [0 2 -2 0 0 0 0];

internalField   nonuniform List<scalar> 
5625
(
3.30387e-08
1.28199e-07
1.0431e-06
2.8689e-06
5.3802e-06
8.37032e-06
1.1665e-05
1.51051e-05
1.85543e-05
2.18909e-05
2.50098e-05
2.78218e-05
3.02517e-05
3.22375e-05
3.37288e-05
3.46861e-05
3.50793e-05
3.48873e-05
3.4097e-05
3.27023e-05
3.07041e-05
2.81091e-05
2.49296e-05
2.11828e-05
1.68905e-05
1.20785e-05
6.77621e-06
1.01642e-06
-5.16536e-06
-1.1731e-05
-1.86405e-05
-2.58516e-05
-3.3321e-05
-4.10038e-05
-4.88546e-05
-5.6827e-05
-6.48745e-05
-7.29505e-05
-8.10084e-05
-8.90018e-05
-9.68854e-05
-0.000104614
-0.000112145
-0.000119435
-0.000126442
-0.000133129
-0.000139456
-0.000145389
-0.000150894
-0.000155941
-0.000160501
-0.00016455
-0.000168067
-0.000171032
-0.000173433
-0.000175259
-0.000176506
-0.000177175
-0.000177271
-0.000176808
-0.000175807
-0.000174294
-0.000172308
-0.000169895
-0.000167116
-0.00016404
-0.000160753
-0.000157357
-0.00015397
-0.000150724
-0.000147775
-0.000145296
-0.000143488
-0.000142583
-0.000142502
-3.07078e-06
-2.61995e-06
-1.59055e-06
4.08814e-08
2.15385e-06
4.60433e-06
7.26808e-06
1.00312e-05
1.27889e-05
1.54463e-05
1.79194e-05
2.01345e-05
2.20283e-05
2.35473e-05
2.46471e-05
2.52918e-05
2.54537e-05
2.51123e-05
2.42541e-05
2.28721e-05
2.09649e-05
1.8537e-05
1.55973e-05
1.21598e-05
8.24234e-06
3.86672e-06
-9.4199e-07
-6.15557e-06
-1.17432e-05
-1.76715e-05
-2.39053e-05
-3.04075e-05
-3.71397e-05
-4.40621e-05
-5.11343e-05
-5.8315e-05
-6.55628e-05
-7.2836e-05
-8.0093e-05
-8.72926e-05
-9.43942e-05
-0.000101358
-0.000108144
-0.000114716
-0.000121037
-0.000127071
-0.000132786
-0.000138151
-0.000143136
-0.000147716
-0.000151865
-0.000155563
-0.000158793
-0.000161538
-0.000163789
-0.000165539
-0.000166785
-0.000167529
-0.000167779
-0.000167549
-0.000166857
-0.000165731
-0.000164204
-0.000162318
-0.000160124
-0.000157682
-0.000155062
-0.000152344
-0.000149622
-0.000146995
-0.000144576
-0.000142486
-0.00014087
-0.000139844
-0.000139389
-9.09045e-06
-7.92834e-06
-6.31311e-06
-4.40177e-06
-2.25083e-06
7.49294e-08
2.49857e-06
4.94236e-06
7.33228e-06
9.59941e-06
1.16805e-05
1.35189e-05
1.50641e-05
1.62728e-05
1.71082e-05
1.754e-05
1.75444e-05
1.71034e-05
1.6205e-05
1.48425e-05
1.30143e-05
1.07236e-05
7.97801e-06
4.78925e-06
1.17278e-06
-2.85243e-06
-7.26437e-06
-1.20382e-05
-1.71464e-05
-2.25597e-05
-2.82463e-05
-3.41733e-05
-4.03062e-05
-4.66094e-05
-5.30465e-05
-5.95805e-05
-6.61742e-05
-7.27899e-05
-7.93903e-05
-8.59384e-05
-9.23977e-05
-9.87322e-05
-0.000104907
-0.000110888
-0.000116644
-0.000122142
-0.000127354
-0.000132251
-0.000136809
-0.000141004
-0.000144815
-0.000148223
-0.000151215
-0.000153776
-0.000155898
-0.000157576
-0.000158808
-0.000159597
-0.00015995
-0.000159879
-0.000159401
-0.000158538
-0.00015732
-0.00015578
-0.00015396
-0.000151906
-0.000149672
-0.000147319
-0.000144913
-0.000142524
-0.000140228
-0.0001381
-0.000136202
-0.000134591
-0.000133425
-1.68355e-05
-1.4798e-05
-1.23457e-05
-9.8577e-06
-7.33739e-06
-4.79023e-06
-2.25981e-06
2.00791e-07
2.54014e-06
4.70959e-06
6.66334e-06
8.35919e-06
9.75908e-06
1.08296e-05
1.15421e-05
1.18729e-05
1.18031e-05
1.13188e-05
1.04106e-05
9.07382e-06
7.30805e-06
5.11697e-06
2.50812e-06
-5.07313e-07
-3.91483e-06
-7.69682e-06
-1.18329e-05
-1.63e-05
-2.10731e-05
-2.61247e-05
-3.14261e-05
-3.69466e-05
-4.26546e-05
-4.85174e-05
-5.45015e-05
-6.0573e-05
-6.66976e-05
-7.28409e-05
-7.89687e-05
-8.50469e-05
-9.10423e-05
-9.69219e-05
-0.000102654
-0.000108208
-0.000113553
-0.000118663
-0.000123509
-0.000128067
-0.000132314
-0.000136229
-0.000139793
-0.000142988
-0.000145803
-0.000148224
-0.000150243
-0.000151856
-0.000153061
-0.000153858
-0.000154254
-0.000154257
-0.000153881
-0.000153143
-0.000152065
-0.000150674
-0.000148999
-0.000147077
-0.000144946
-0.000142648
-0.00014023
-0.000137739
-0.000135226
-0.000132733
-0.000130262
-0.000127817
-0.000125778
-2.50928e-05
-2.21427e-05
-1.87673e-05
-1.55726e-05
-1.25233e-05
-9.57801e-06
-6.75638e-06
-4.09416e-06
-1.62605e-06
6.15056e-07
2.59746e-06
4.29132e-06
5.66927e-06
6.70705e-06
7.38379e-06
7.68229e-06
7.58909e-06
7.09458e-06
6.19294e-06
4.88214e-06
3.16375e-06
1.0429e-06
-1.472e-06
-4.36933e-06
-7.63459e-06
-1.12505e-05
-1.51973e-05
-1.9453e-05
-2.39935e-05
-2.8793e-05
-3.3824e-05
-3.90579e-05
-4.44648e-05
-5.0014e-05
-5.56743e-05
-6.14137e-05
-6.72003e-05
-7.30021e-05
-7.87871e-05
-8.45237e-05
-9.0181e-05
-9.57285e-05
-0.000101137
-0.000106377
-0.000111422
-0.000116246
-0.000120824
-0.000125132
-0.00012915
-0.000132858
-0.000136237
-0.000139273
-0.000141953
-0.000144264
-0.000146199
-0.000147752
-0.00014892
-0.000149702
-0.000150101
-0.000150123
-0.000149777
-0.000149075
-0.000148032
-0.000146666
-0.000145
-0.000143056
-0.000140861
-0.000138444
-0.000135834
-0.000133062
-0.00013016
-0.000127146
-0.000123975
-0.00012061
-0.000117661
-3.30522e-05
-2.92099e-05
-2.49015e-05
-2.09485e-05
-1.7288e-05
-1.38427e-05
-1.06158e-05
-7.63224e-06
-4.91504e-06
-2.48566e-06
-3.65042e-07
1.42672e-06
2.87104e-06
3.95152e-06
4.65418e-06
4.96784e-06
4.88425e-06
4.39825e-06
3.50776e-06
2.2139e-06
5.20779e-07
-1.56442e-06
-4.03171e-06
-6.86829e-06
-1.00589e-05
-1.35856e-05
-1.74288e-05
-2.15663e-05
-2.59744e-05
-3.0628e-05
-3.55003e-05
-4.05635e-05
-4.57888e-05
-5.11468e-05
-5.66076e-05
-6.21406e-05
-6.77155e-05
-7.33017e-05
-7.88691e-05
-8.43876e-05
-8.98281e-05
-9.51617e-05
-0.000100361
-0.000105398
-0.000110248
-0.000114886
-0.000119289
-0.000123434
-0.000127302
-0.000130873
-0.000134131
-0.00013706
-0.000139648
-0.000141882
-0.000143754
-0.000145257
-0.000146386
-0.000147138
-0.000147513
-0.000147514
-0.000147144
-0.000146411
-0.000145324
-0.000143894
-0.000142135
-0.000140061
-0.000137689
-0.000135034
-0.000132116
-0.000128952
-0.000125563
-0.00012195
-0.00011803
-0.000113737
-0.000109898
-4.01508e-05
-3.5455e-05
-3.02344e-05
-2.55118e-05
-2.1204e-05
-1.72056e-05
-1.35093e-05
-1.01334e-05
-7.0936e-06
-4.40323e-06
-2.0754e-06
-1.22744e-07
1.44314e-06
2.6123e-06
3.37666e-06
3.73043e-06
3.67014e-06
3.19495e-06
2.30658e-06
1.00943e-06
-6.8948e-07
-2.78051e-06
-5.25157e-06
-8.08812e-06
-1.12734e-05
-1.47887e-05
-1.8613e-05
-2.27239e-05
-2.70973e-05
-3.17078e-05
-3.65287e-05
-4.15324e-05
-4.66905e-05
-5.19741e-05
-5.73538e-05
-6.28e-05
-6.8283e-05
-7.37733e-05
-7.92417e-05
-8.46593e-05
-8.99978e-05
-9.52297e-05
-0.000100328
-0.000105267
-0.000110022
-0.000114569
-0.000118886
-0.000122952
-0.000126746
-0.00013025
-0.000133448
-0.000136324
-0.000138864
-0.000141057
-0.000142892
-0.000144361
-0.000145457
-0.000146176
-0.000146513
-0.000146468
-0.000146041
-0.000145234
-0.000144051
-0.000142498
-0.00014058
-0.000138306
-0.000135682
-0.000132719
-0.000129423
-0.000125806
-0.00012188
-0.000117634
-0.000112957
-0.000107762
-0.000103074
-4.59835e-05
-4.04712e-05
-3.43657e-05
-2.88792e-05
-2.39126e-05
-1.93373e-05
-1.51395e-05
-1.13338e-05
-7.93146e-06
-4.94028e-06
-2.36773e-06
-2.20874e-07
1.49415e-06
2.77262e-06
3.61148e-06
4.0096e-06
3.96793e-06
3.48965e-06
2.5802e-06
1.24739e-06
-4.9869e-07
-2.64564e-06
-5.1789e-06
-8.08176e-06
-1.13356e-05
-1.49198e-05
-1.88122e-05
-2.29891e-05
-2.74255e-05
-3.2095e-05
-3.69705e-05
-4.2024e-05
-4.72267e-05
-5.25497e-05
-5.79635e-05
-6.34388e-05
-6.8946e-05
-7.44561e-05
-7.99402e-05
-8.53699e-05
-9.07175e-05
-9.5956e-05
-0.000101059
-0.000106001
-0.000110759
-0.000115308
-0.000119626
-0.000123693
-0.000127489
-0.000130996
-0.000134196
-0.000137074
-0.000139615
-0.000141806
-0.000143637
-0.000145096
-0.000146175
-0.000146867
-0.000147165
-0.000147066
-0.000146565
-0.000145662
-0.000144354
-0.000142642
-0.000140527
-0.000138011
-0.000135095
-0.000131782
-0.000128072
-0.000123972
-0.000119489
-0.000114603
-0.00010918
-0.000103114
-9.76189e-05
-5.02392e-05
-4.39374e-05
-3.69699e-05
-3.07297e-05
-2.51042e-05
-1.99449e-05
-1.52333e-05
-1.09828e-05
-7.20164e-06
-3.89412e-06
-1.06361e-06
1.28706e-06
3.15601e-06
4.54285e-06
5.44873e-06
5.8767e-06
5.83167e-06
5.32067e-06
4.35278e-06
2.93922e-06
1.0933e-06
-1.16959e-06
-3.83212e-06
-6.87502e-06
-1.02773e-05
-1.40164e-05
-1.8068e-05
-2.24069e-05
-2.70064e-05
-3.1839e-05
-3.68763e-05
-4.20892e-05
-4.74484e-05
-5.29242e-05
-5.84865e-05
-6.41057e-05
-6.97519e-05
-7.53959e-05
-8.10087e-05
-8.6562e-05
-9.20279e-05
-9.73796e-05
-0.000102591
-0.000107637
-0.000112492
-0.000117135
-0.000121543
-0.000125694
-0.000129569
-0.000133149
-0.000136416
-0.000139354
-0.000141948
-0.000144183
-0.000146047
-0.000147528
-0.000148615
-0.000149298
-0.000149569
-0.000149421
-0.000148846
-0.000147839
-0.000146395
-0.00014451
-0.000142181
-0.000139404
-0.000136175
-0.000132493
-0.000128355
-0.00012376
-0.000118716
-0.000113195
-0.000107041
-0.000100135
-9.38675e-05
-5.26554e-05
-4.55788e-05
-3.77629e-05
-3.07777e-05
-2.44979e-05
-1.87565e-05
-1.35316e-05
-8.83627e-06
-4.67729e-06
-1.05629e-06
2.02638e-06
4.57116e-06
6.57969e-06
8.0552e-06
9.00258e-06
9.42863e-06
9.34199e-06
8.75338e-06
7.67545e-06
6.12292e-06
4.11245e-06
1.66262e-06
-1.20617e-06
-4.4718e-06
-8.11057e-06
-1.20973e-05
-1.64056e-05
-2.10077e-05
-2.58752e-05
-3.09787e-05
-3.62882e-05
-4.17732e-05
-4.7403e-05
-5.31467e-05
-5.89733e-05
-6.48522e-05
-7.07529e-05
-7.66454e-05
-8.25003e-05
-8.82888e-05
-9.39826e-05
-9.95545e-05
-0.000104978
-0.000110228
-0.000115279
-0.000120109
-0.000124694
-0.000129013
-0.000133045
-0.000136772
-0.000140175
-0.000143237
-0.000145941
-0.000148271
-0.000150214
-0.000151756
-0.000152884
-0.000153587
-0.000153853
-0.000153673
-0.000153036
-0.000151934
-0.000150358
-0.000148301
-0.000145755
-0.000142713
-0.000139169
-0.000135115
-0.000130545
-0.000125457
-0.000119855
-0.000113708
-0.00010684
-9.91174e-05
-9.21023e-05
-5.2985e-05
-4.51365e-05
-3.64765e-05
-2.87514e-05
-2.18233e-05
-1.55071e-05
-9.77789e-06
-4.64899e-06
-1.26271e-07
3.79065e-06
7.10386e-06
9.81661e-06
1.19336e-05
1.34613e-05
1.4408e-05
1.47841e-05
1.46019e-05
1.38756e-05
1.26217e-05
1.08584e-05
8.60585e-06
5.88614e-06
2.72297e-06
-8.58335e-07
-4.83102e-06
-9.16698e-06
-1.3837e-05
-1.8811e-05
-2.40579e-05
-2.9546e-05
-3.52434e-05
-4.11176e-05
-4.71361e-05
-5.32665e-05
-5.94763e-05
-6.57336e-05
-7.20068e-05
-7.82649e-05
-8.44773e-05
-9.06145e-05
-9.66476e-05
-0.000102549
-0.00010829
-0.000113847
-0.000119193
-0.000124304
-0.000129158
-0.000133732
-0.000138005
-0.000141956
-0.000145568
-0.00014882
-0.000151696
-0.000154179
-0.000156254
-0.000157904
-0.000159116
-0.000159875
-0.000160168
-0.000159983
-0.000159308
-0.00015813
-0.000156438
-0.000154222
-0.000151471
-0.000148174
-0.000144321
-0.000139902
-0.000134908
-0.000129335
-0.000123184
-0.000116422
-0.000108852
-0.000100329
-9.25812e-05
-5.09732e-05
-4.2346e-05
-3.2838e-05
-2.43746e-05
-1.6805e-05
-9.92534e-06
-3.70768e-06
1.8342e-06
6.69523e-06
1.08776e-05
1.43857e-05
1.72253e-05
1.9404e-05
2.09315e-05
2.18194e-05
2.20817e-05
2.17342e-05
2.07951e-05
1.92844e-05
1.72242e-05
1.46385e-05
1.1553e-05
7.99509e-06
3.9936e-06
-4.21287e-07
-5.21817e-06
-1.03647e-05
-1.58277e-05
-2.15734e-05
-2.75674e-05
-3.37752e-05
-4.0162e-05
-4.66932e-05
-5.33344e-05
-6.00513e-05
-6.68102e-05
-7.3578e-05
-8.03223e-05
-8.70113e-05
-9.36143e-05
-0.000100101
-0.000106443
-0.000112612
-0.000118581
-0.000124324
-0.000129816
-0.000135033
-0.000139953
-0.000144552
-0.000148811
-0.000152708
-0.000156224
-0.000159341
-0.000162041
-0.000164306
-0.000166119
-0.000167464
-0.000168325
-0.000168687
-0.000168535
-0.000167854
-0.000166631
-0.000164849
-0.000162497
-0.000159561
-0.000156027
-0.000151882
-0.000147113
-0.000141708
-0.000135661
-0.000128974
-0.000121607
-0.000113346
-0.000104031
-9.55574e-05
-4.63387e-05
-3.69193e-05
-2.6554e-05
-1.73522e-05
-9.14952e-06
-1.72225e-06
4.96095e-06
1.08861e-05
1.6049e-05
2.04539e-05
2.41074e-05
2.70181e-05
2.91966e-05
3.06557e-05
3.14106e-05
3.14791e-05
3.08807e-05
2.96376e-05
2.77739e-05
2.53158e-05
2.22912e-05
1.873e-05
1.46634e-05
1.01244e-05
5.14687e-06
-2.34116e-07
-5.98267e-06
-1.20622e-05
-1.84356e-05
-2.50656e-05
-3.19146e-05
-3.89453e-05
-4.61205e-05
-5.34032e-05
-6.07573e-05
-6.81468e-05
-7.55368e-05
-8.28932e-05
-9.01828e-05
-9.73731e-05
-0.000104433
-0.000111332
-0.000118041
-0.000124533
-0.000130779
-0.000136755
-0.000142435
-0.000147795
-0.000152813
-0.000157465
-0.000161731
-0.000165591
-0.000169023
-0.000172009
-0.00017453
-0.000176568
-0.000178104
-0.000179121
-0.000179602
-0.000179529
-0.000178885
-0.000177653
-0.000175818
-0.000173362
-0.00017027
-0.000166525
-0.000162111
-0.000157013
-0.000151215
-0.000144711
-0.0001375
-0.000129538
-0.000120593
-0.000110491
-0.000101293
-3.87602e-05
-2.85312e-05
-1.7297e-05
-7.35794e-06
1.46565e-06
9.41846e-06
1.6536e-05
2.28044e-05
2.8221e-05
3.27922e-05
3.65274e-05
3.94381e-05
4.15382e-05
4.28443e-05
4.33754e-05
4.31531e-05
4.22014e-05
4.05465e-05
3.82171e-05
3.52437e-05
3.16589e-05
2.74968e-05
2.27932e-05
1.75853e-05
1.19112e-05
5.81007e-06
-6.78175e-07
-7.51317e-06
-1.46542e-05
-2.20606e-05
-2.96914e-05
-3.75063e-05
-4.54651e-05
-5.35282e-05
-6.16569e-05
-6.98131e-05
-7.79596e-05
-8.60603e-05
-9.40802e-05
-0.000101985
-0.000109742
-0.00011732
-0.000124689
-0.000131818
-0.000138679
-0.000145247
-0.000151494
-0.000157395
-0.000162927
-0.000168067
-0.000172791
-0.000177078
-0.000180907
-0.000184257
-0.000187107
-0.000189439
-0.000191231
-0.000192466
-0.000193122
-0.000193182
-0.000192625
-0.000191433
-0.000189587
-0.000187068
-0.000183856
-0.000179933
-0.00017528
-0.000169879
-0.000163712
-0.000156769
-0.000149049
-0.000140504
-0.000130882
-0.000119994
-0.000110068
-2.78633e-05
-1.68075e-05
-4.69486e-06
5.97601e-06
1.54014e-05
2.38489e-05
3.13588e-05
3.79183e-05
4.35265e-05
4.81929e-05
5.193e-05
5.4753e-05
5.66795e-05
5.77303e-05
5.79286e-05
5.73005e-05
5.58747e-05
5.36824e-05
5.07569e-05
4.71337e-05
4.28503e-05
3.79458e-05
3.24609e-05
2.64374e-05
1.99182e-05
1.2947e-05
5.56802e-06
-2.17413e-06
-1.02348e-05
-1.85692e-05
-2.71331e-05
-3.58826e-05
-4.47743e-05
-5.37658e-05
-6.28153e-05
-7.18822e-05
-8.09271e-05
-8.99115e-05
-9.87984e-05
-0.000107552
-0.000116138
-0.000124522
-0.000132673
-0.000140561
-0.000148156
-0.000155429
-0.000162353
-0.000168903
-0.000175052
-0.000180778
-0.000186055
-0.000190862
-0.000195175
-0.000198972
-0.000202233
-0.000204934
-0.000207056
-0.000208577
-0.000209475
-0.000209729
-0.000209319
-0.000208221
-0.000206416
-0.00020388
-0.000200593
-0.000196532
-0.000191677
-0.000186005
-0.000179496
-0.000172138
-0.000163928
-0.000154814
-0.000144521
-0.000132846
-0.000122189
-1.32107e-05
-1.31505e-06
1.16788e-05
2.30675e-05
3.30652e-05
4.1964e-05
4.98106e-05
5.65937e-05
6.23153e-05
6.69883e-05
7.06295e-05
7.32582e-05
7.48967e-05
7.55702e-05
7.53071e-05
7.41386e-05
7.20987e-05
6.92237e-05
6.55527e-05
6.11266e-05
5.59882e-05
5.01823e-05
4.37546e-05
3.67525e-05
2.92239e-05
2.12175e-05
1.27823e-05
3.96764e-06
-5.17751e-06
-1.46042e-05
-2.42643e-05
-3.41099e-05
-4.40944e-05
-5.41718e-05
-6.42977e-05
-7.44284e-05
-8.4522e-05
-9.45376e-05
-0.000104436
-0.000114179
-0.000123731
-0.000133057
-0.000142123
-0.000150897
-0.000159348
-0.000167447
-0.000175166
-0.000182477
-0.000189354
-0.000195771
-0.000201704
-0.000207129
-0.000212021
-0.000216358
-0.000220116
-0.000223273
-0.000225805
-0.000227689
-0.000228903
-0.000229423
-0.000229225
-0.000228285
-0.00022658
-0.000224084
-0.000220773
-0.000216623
-0.000211608
-0.000205704
-0.000198887
-0.000191142
-0.000182466
-0.000172798
-0.000161844
-0.000149385
-0.000137993
5.70804e-06
1.84471e-05
3.23132e-05
4.4392e-05
5.49173e-05
6.4208e-05
7.23178e-05
7.92383e-05
8.49752e-05
8.95461e-05
9.29727e-05
9.52793e-05
9.64936e-05
9.66464e-05
9.57718e-05
9.39068e-05
9.10913e-05
8.73679e-05
8.27815e-05
7.73793e-05
7.12102e-05
6.43248e-05
5.67751e-05
4.86139e-05
3.98949e-05
3.06723e-05
2.10002e-05
1.0933e-05
5.24583e-07
-1.01717e-05
-2.11033e-05
-3.22185e-05
-4.34667e-05
-5.47987e-05
-6.61664e-05
-7.75236e-05
-8.88253e-05
-0.000100028
-0.000111091
-0.000121974
-0.000132638
-0.000143047
-0.000153166
-0.000162961
-0.000172401
-0.000181454
-0.000190091
-0.000198284
-0.000206005
-0.000213228
-0.000219926
-0.000226075
-0.00023165
-0.000236626
-0.000240978
-0.000244683
-0.000247715
-0.00025005
-0.000251663
-0.000252527
-0.000252618
-0.000251909
-0.000250372
-0.00024798
-0.000244707
-0.000240522
-0.0002354
-0.00022931
-0.000222226
-0.00021413
-0.000205015
-0.000194816
-0.000183215
-0.000169977
-0.000157851
2.94846e-05
4.30562e-05
5.77671e-05
7.04891e-05
8.14773e-05
9.10788e-05
9.93562e-05
0.000106305
0.000111936
0.000116272
0.000119341
0.000121174
0.000121804
0.000121268
0.000119608
0.000116867
0.000113092
0.000108332
0.000102639
9.60664e-05
8.86704e-05
8.05081e-05
7.16379e-05
6.2119e-05
5.20113e-05
4.13747e-05
3.02692e-05
1.87545e-05
6.88965e-06
-5.26716e-06
-1.76588e-05
-3.02292e-05
-4.29238e-05
-5.56898e-05
-6.84757e-05
-8.12318e-05
-9.39107e-05
-0.000106467
-0.000118856
-0.000131036
-0.000142967
-0.00015461
-0.000165929
-0.000176889
-0.000187456
-0.000197599
-0.000207287
-0.00021649
-0.000225181
-0.000233331
-0.000240914
-0.000247903
-0.000254272
-0.000259996
-0.000265049
-0.000269404
-0.000273036
-0.000275918
-0.000278022
-0.000279322
-0.000279788
-0.000279391
-0.000278102
-0.00027589
-0.000272723
-0.000268571
-0.000263402
-0.000257182
-0.000249881
-0.000241476
-0.00023196
-0.000221258
-0.000209031
-0.000195027
-0.000182171
5.88002e-05
7.3172e-05
8.8675e-05
0.000101967
0.000113328
0.000123132
0.000131454
0.000138295
0.00014367
0.000147612
0.000150153
0.000151333
0.000151191
0.000149774
0.000147129
0.000143308
0.000138364
0.000132356
0.000125341
0.000117382
0.000108542
9.88851e-05
8.84767e-05
7.7383e-05
6.56703e-05
5.34052e-05
4.06537e-05
2.74811e-05
1.39521e-05
1.29955e-07
-1.39233e-05
-2.81473e-05
-4.24833e-05
-5.68747e-05
-7.12666e-05
-8.56051e-05
-9.98389e-05
-0.000113922
-0.00012781
-0.000141455
-0.000154816
-0.000167853
-0.000180528
-0.000192804
-0.000204647
-0.000216024
-0.000226904
-0.000237256
-0.000247051
-0.00025626
-0.000264856
-0.000272811
-0.000280098
-0.00028669
-0.00029256
-0.00029768
-0.000302022
-0.000305559
-0.00030826
-0.000310095
-0.000311035
-0.000311046
-0.000310095
-0.000308149
-0.000305172
-0.00030113
-0.000295985
-0.000289702
-0.000282244
-0.000273585
-0.000263713
-0.000252547
-0.000239724
-0.000224974
-0.0002114
9.44322e-05
0.000109543
0.000125752
0.000139509
0.000151116
0.000160983
0.000169194
0.000175757
0.000180696
0.000184051
0.000185863
0.00018618
0.000185052
0.000182531
0.000178674
0.000173541
0.000167196
0.000159702
0.000151129
0.000141545
0.000131022
0.000119632
0.000107448
9.45434e-05
8.09922e-05
6.68673e-05
5.22411e-05
3.71853e-05
2.17701e-05
6.06422e-06
-9.86526e-06
-2.59532e-05
-4.21367e-05
-5.83549e-05
-7.45495e-05
-9.06657e-05
-0.000106649
-0.000122447
-0.000138013
-0.000153301
-0.000168264
-0.000182863
-0.000197058
-0.000210812
-0.000224089
-0.000236856
-0.00024908
-0.000260729
-0.000271774
-0.000282186
-0.000291934
-0.000300992
-0.000309331
-0.000316923
-0.000323739
-0.000329751
-0.000334929
-0.000339241
-0.000342658
-0.000345146
-0.000346671
-0.000347198
-0.000346691
-0.000345111
-0.000342421
-0.000338579
-0.000333546
-0.000327279
-0.000319737
-0.000310889
-0.00030072
-0.00028914
-0.000275763
-0.000260298
-0.000246027
0.000137259
0.000153011
0.000169794
0.000183868
0.000195558
0.000205307
0.000213212
0.00021929
0.000223574
0.000226114
0.000226963
0.000226176
0.000223812
0.000219935
0.000214611
0.000207908
0.0001999
0.000190661
0.000180267
0.000168798
0.000156332
0.000142951
0.000128735
0.000113767
9.81267e-05
8.18947e-05
6.51502e-05
4.79712e-05
3.04339e-05
1.26127e-05
-5.4202e-06
-2.35949e-05
-4.18442e-05
-6.0103e-05
-7.83096e-05
-9.64046e-05
-0.000114332
-0.000132038
-0.000149476
-0.000166597
-0.000183351
-0.000199692
-0.000215583
-0.000230988
-0.000245869
-0.000260192
-0.000273923
-0.000287031
-0.000299485
-0.000311254
-0.000322309
-0.000332621
-0.000342162
-0.0003509
-0.000358808
-0.000365854
-0.000372007
-0.000377234
-0.000381501
-0.000384774
-0.000387014
-0.000388183
-0.000388241
-0.000387147
-0.000384856
-0.000381323
-0.000376503
-0.000370348
-0.000362811
-0.000353856
-0.000343462
-0.000331532
-0.000317654
-0.00030152
-0.000286583
0.000188264
0.00020451
0.000221682
0.000235873
0.000247433
0.000256835
0.000264193
0.000269535
0.000272905
0.000274364
0.000273976
0.000271807
0.000267928
0.000262411
0.000255335
0.000246777
0.000236821
0.000225551
0.000213054
0.000199417
0.000184729
0.00016908
0.00015256
0.000135257
0.000117262
9.86606e-05
7.95402e-05
5.99849e-05
4.00772e-05
1.9897e-05
-4.78331e-07
-2.0974e-05
-4.15185e-05
-6.20432e-05
-8.24825e-05
-0.000102774
-0.00012286
-0.000142682
-0.000162188
-0.000181329
-0.000200064
-0.000218343
-0.000236121
-0.000253363
-0.000270031
-0.000286089
-0.000301506
-0.000316247
-0.000330282
-0.00034358
-0.000356112
-0.000367846
-0.000378755
-0.000388806
-0.000397968
-0.00040621
-0.000413498
-0.000419797
-0.000425071
-0.00042928
-0.000432385
-0.000434344
-0.00043511
-0.000434639
-0.00043288
-0.000429785
-0.0004253
-0.000419372
-0.000411947
-0.000402984
-0.000392456
-0.000380256
-0.000365947
-0.000349204
-0.000333646
0.000248531
0.000265064
0.000282374
0.000296418
0.000307575
0.000316348
0.000322867
0.000327173
0.000329324
0.000329393
0.000327455
0.000323591
0.000317881
0.000310411
0.000301269
0.000290544
0.00027833
0.000264723
0.000249817
0.000233712
0.000216506
0.000198296
0.000179182
0.000159262
0.000138632
0.000117388
9.56225e-05
7.34268e-05
5.08895e-05
2.80962e-05
5.12967e-06
-1.79309e-05
-4.10097e-05
-6.40343e-05
-8.6936e-05
-0.00010965
-0.000132115
-0.000154273
-0.000176066
-0.000197441
-0.000218354
-0.000238767
-0.000258633
-0.00027791
-0.000296561
-0.00031455
-0.000331845
-0.000348411
-0.000364218
-0.000379235
-0.000393432
-0.000406778
-0.000419241
-0.00043079
-0.000441393
-0.000451016
-0.000459622
-0.000467175
-0.000473635
-0.00047896
-0.000483105
-0.000486024
-0.000487667
-0.000487982
-0.000486915
-0.000484409
-0.000480405
-0.000474842
-0.00046766
-0.00045881
-0.000448258
-0.000435887
-0.000421236
-0.000403962
-0.000387843
0.000319242
0.000335783
0.000352894
0.000366456
0.000376869
0.000384666
0.000389994
0.000392911
0.000393488
0.000391812
0.000387973
0.000382062
0.000374175
0.000364407
0.000352859
0.000339632
0.00032483
0.000308558
0.000290924
0.000272034
0.000251998
0.000230923
0.000208916
0.000186084
0.000162531
0.00013836
0.000113671
8.85627e-05
6.31287e-05
3.74606e-05
1.16461e-05
-1.4231e-05
-4.00907e-05
-6.5857e-05
-9.14582e-05
-0.000116826
-0.000141898
-0.000166613
-0.000190916
-0.000214753
-0.000238077
-0.000260842
-0.000283007
-0.000304531
-0.000325376
-0.000345506
-0.000364889
-0.000383492
-0.000401283
-0.00041823
-0.000434303
-0.000449471
-0.000463702
-0.000476963
-0.000489219
-0.000500435
-0.000510572
-0.00051959
-0.000527447
-0.000534095
-0.000539486
-0.000543569
-0.000546287
-0.000547584
-0.000547396
-0.000545662
-0.000542314
-0.000537283
-0.0005305
-0.000521908
-0.000511467
-0.000499048
-0.000484165
-0.000466458
-0.000449853
0.000401662
0.000417841
0.000434319
0.000446974
0.000456225
0.000462627
0.00046635
0.000467465
0.000466062
0.000462241
0.000456107
0.000447765
0.000437322
0.000424886
0.000410569
0.000394485
0.000376746
0.00035747
0.000336774
0.000314775
0.00029159
0.000267336
0.00024213
0.000216085
0.000189315
0.000161928
0.000134034
0.000105735
7.71325e-05
4.83226e-05
1.93981e-05
-9.55285e-06
-3.84466e-05
-6.72037e-05
-9.57498e-05
-0.000124015
-0.000151933
-0.000179443
-0.000206489
-0.000233017
-0.000258978
-0.000284327
-0.000309022
-0.000333023
-0.000356293
-0.000378796
-0.0004005
-0.000421373
-0.000441382
-0.000460496
-0.000478685
-0.000495917
-0.000512158
-0.000527374
-0.000541529
-0.000554585
-0.000566501
-0.000577232
-0.000586731
-0.000594949
-0.00060183
-0.000607317
-0.000611348
-0.000613857
-0.000614775
-0.000614031
-0.000611548
-0.000607249
-0.000601055
-0.000592899
-0.000582732
-0.000570413
-0.000555434
-0.000537416
-0.000520419
0.000497113
0.000512455
0.000527751
0.000538972
0.000546553
0.000551065
0.000552695
0.000551536
0.000547693
0.000541283
0.000532423
0.000521232
0.000507829
0.000492334
0.00047487
0.000455559
0.000434527
0.0004119
0.000387804
0.000362365
0.000335709
0.000307963
0.00027925
0.000249692
0.00021941
0.000188521
0.000157138
0.000125371
9.33273e-05
6.11077e-05
2.88095e-05
-3.47512e-06
-3.5659e-05
-6.76599e-05
-9.9401e-05
-0.00013081
-0.000161821
-0.000192371
-0.000222404
-0.000251865
-0.000280707
-0.000308884
-0.000336354
-0.00036308
-0.000389024
-0.000414153
-0.000438434
-0.000461835
-0.000484325
-0.000505874
-0.000526449
-0.000546019
-0.000564549
-0.000582003
-0.000598342
-0.000613527
-0.00062751
-0.000640246
-0.000651681
-0.000661759
-0.00067042
-0.000677598
-0.000683224
-0.000687223
-0.000689518
-0.000690026
-0.000688661
-0.000685335
-0.000679958
-0.000672452
-0.000662757
-0.00065072
-0.000635808
-0.000617625
-0.000600352
0.000606943
0.000620847
0.000634276
0.00064342
0.000648726
0.000650764
0.000649744
0.000645776
0.000638983
0.000629496
0.000617447
0.000602964
0.000586178
0.000567219
0.000546219
0.00052331
0.000498626
0.000472301
0.000444469
0.000415266
0.000384824
0.000353278
0.000320758
0.000287394
0.000253313
0.000218638
0.000183489
0.000147983
0.000112229
7.63356e-05
4.04026e-05
4.5264e-06
-3.1203e-05
-6.6701e-05
-0.000101889
-0.000136693
-0.000171047
-0.000204887
-0.000238157
-0.000270805
-0.000302782
-0.000334044
-0.000364552
-0.000394267
-0.000423157
-0.000451186
-0.000478325
-0.000504543
-0.000529809
-0.000554092
-0.000577362
-0.000599584
-0.000620724
-0.000640742
-0.000659599
-0.000677249
-0.000693642
-0.000708727
-0.000722443
-0.000734729
-0.000745515
-0.000754728
-0.000762288
-0.000768112
-0.000772109
-0.000774185
-0.000774244
-0.000772182
-0.000767897
-0.000761299
-0.000752315
-0.000740777
-0.000726129
-0.00070796
-0.000690548
0.000732468
0.000744187
0.000754909
0.000761206
0.000763521
0.000762414
0.000758109
0.000750737
0.000740437
0.000727351
0.000711622
0.000693388
0.000672786
0.000649955
0.000625033
0.000598162
0.000569477
0.000539119
0.000507231
0.000473952
0.000439424
0.000403785
0.000367173
0.000329724
0.00029157
0.000252841
0.000213662
0.000174154
0.000134434
9.46104e-05
5.47898e-05
1.50708e-05
-2.44541e-05
-6.36983e-05
-0.000102582
-0.000141031
-0.000178978
-0.000216361
-0.000253124
-0.000289217
-0.000324592
-0.000359209
-0.000393029
-0.000426017
-0.000458142
-0.000489371
-0.000519677
-0.000549029
-0.000577399
-0.000604756
-0.000631069
-0.000656304
-0.000680423
-0.000703385
-0.000725147
-0.000745658
-0.000764863
-0.000782704
-0.000799114
-0.000814021
-0.000827346
-0.000839006
-0.000848909
-0.000856958
-0.00086305
-0.000867077
-0.000868927
-0.000868481
-0.000865622
-0.000860243
-0.000852258
-0.000841481
-0.000827335
-0.000809392
-0.000792005
0.000874899
0.00088352
0.000890518
0.000893052
0.00089155
0.000886534
0.000878237
0.000866811
0.000852406
0.000835173
0.000815261
0.000792811
0.000767966
0.000740867
0.000711651
0.000680466
0.000647454
0.000612754
0.000576513
0.000538874
0.000499984
0.000459985
0.00041902
0.000377229
0.000334751
0.000291719
0.000248265
0.000204513
0.000160583
0.000116591
7.26441e-05
2.88441e-05
-1.47143e-05
-5.79433e-05
-0.000100762
-0.000143098
-0.000184884
-0.000226058
-0.000266569
-0.000306366
-0.000345408
-0.000383655
-0.000421072
-0.000457629
-0.000493297
-0.000528047
-0.000561853
-0.000594689
-0.000626527
-0.000657337
-0.000687088
-0.000715744
-0.000743267
-0.000769612
-0.00079473
-0.000818566
-0.000841058
-0.000862137
-0.000881729
-0.000899751
-0.000916111
-0.000930712
-0.000943449
-0.000954209
-0.00096287
-0.000969309
-0.000973394
-0.00097499
-0.000973959
-0.000970177
-0.000963538
-0.000953839
-0.000940479
-0.000923016
-0.000905849
0.00103522
0.00103964
0.00104171
0.00103942
0.00103316
0.00102338
0.00101032
0.000994145
0.000975009
0.000953067
0.000928466
0.000901347
0.000871849
0.000840108
0.000806262
0.000770449
0.000732814
0.000693498
0.000652643
0.000610396
0.000566903
0.00052231
0.000476763
0.000430406
0.000383381
0.000335827
0.000287878
0.000239664
0.000191309
0.000142931
9.46403e-05
4.65419e-05
-1.26852e-06
-4.87024e-05
-9.56797e-05
-0.000142128
-0.000187982
-0.000233185
-0.000277686
-0.000321441
-0.000364411
-0.000406562
-0.000447865
-0.000488293
-0.000527822
-0.00056643
-0.000604094
-0.000640789
-0.000676492
-0.000711174
-0.000744803
-0.000777344
-0.000808754
-0.000838985
-0.000867982
-0.000895683
-0.000922018
-0.000946906
-0.00097026
-0.000991984
-0.00101197
-0.0010301
-0.00104627
-0.00106033
-0.00107213
-0.00108154
-0.0010884
-0.00109255
-0.00109383
-0.00109211
-0.00108723
-0.00107899
-0.00106676
-0.00105008
-0.00103336
0.00121409
0.00121302
0.00120877
0.00120044
0.00118835
0.00117286
0.0011542
0.00113254
0.00110803
0.00108082
0.00105104
0.00101883
0.000984297
0.000947583
0.00090881
0.000868106
0.000825606
0.000781445
0.000735763
0.000688704
0.000640411
0.000591032
0.000540714
0.000489604
0.000437846
0.000385583
0.000332954
0.000280092
0.000227125
0.000174174
0.000121353
6.8768e-05
1.65163e-05
-3.53133e-05
-8.66424e-05
-0.000137401
-0.000187528
-0.000236969
-0.00028568
-0.000333622
-0.000380764
-0.000427077
-0.000472541
-0.000517136
-0.000560846
-0.000603653
-0.000645541
-0.000686491
-0.000726483
-0.00076549
-0.000803482
-0.00084042
-0.000876261
-0.000910951
-0.000944428
-0.00097662
-0.00100744
-0.00103681
-0.00106461
-0.00109073
-0.00111505
-0.00113743
-0.00115774
-0.00117579
-0.00119142
-0.00120447
-0.00121476
-0.00122209
-0.00122629
-0.00122717
-0.00122457
-0.00121825
-0.00120756
-0.00119202
-0.00117604
0.00141174
0.00140364
0.00139141
0.00137564
0.00135654
0.00133433
0.00130919
0.00128129
0.00125077
0.00121776
0.00118235
0.00114466
0.00110478
0.00106282
0.00101888
0.000973078
0.000925528
0.000876354
0.000825687
0.000773664
0.000720425
0.000666114
0.00061088
0.00055487
0.000498233
0.000441114
0.000383656
0.000325997
0.000268269
0.000210596
0.000153094
9.58724e-05
3.90302e-05
-1.73437e-05
-7.31745e-05
-0.000128397
-0.000182955
-0.0002368
-0.000289897
-0.000342214
-0.000393729
-0.000444426
-0.000494293
-0.000543322
-0.000591506
-0.000638838
-0.000685311
-0.000730913
-0.000775628
-0.000819435
-0.000862305
-0.0009042
-0.000945071
-0.000984859
-0.00102349
-0.00106089
-0.00109696
-0.00113157
-0.00116463
-0.00119597
-0.00122546
-0.00125294
-0.00127821
-0.00130109
-0.0013214
-0.00133891
-0.00135342
-0.00136469
-0.00137252
-0.00137667
-0.00137697
-0.00137313
-0.00136448
-0.00135053
-0.0013356
0.00162751
0.00161064
0.00158859
0.00156384
0.00153646
0.00150645
0.00147393
0.00143905
0.00140191
0.0013626
0.00132117
0.00127768
0.0012322
0.00118479
0.00113552
0.00108448
0.00103176
0.000977464
0.000921711
0.000864626
0.000806341
0.000746998
0.000686744
0.000625729
0.000564103
0.000502017
0.000439619
0.000377053
0.000314455
0.000251953
0.000189667
0.000127704
6.61726e-05
5.16558e-06
-5.52534e-05
-0.000115028
-0.000174108
-0.000232454
-0.000290038
-0.000346845
-0.000402864
-0.000458094
-0.000512539
-0.000566206
-0.000619102
-0.000671236
-0.000722613
-0.000773234
-0.000823091
-0.00087217
-0.000920445
-0.000967878
-0.00101442
-0.00106
-0.00110454
-0.00114795
-0.0011901
-0.00123087
-0.0012701
-0.00130763
-0.00134327
-0.00137684
-0.0014081
-0.00143684
-0.0014628
-0.00148576
-0.00150544
-0.00152157
-0.00153389
-0.00154215
-0.0015461
-0.00154542
-0.00153941
-0.00152758
-0.00151412
0.00185989
0.00183228
0.00179832
0.00176291
0.0017259
0.00168697
0.00164617
0.00160359
0.00155928
0.00151324
0.00146546
0.00141594
0.00136468
0.00131169
0.001257
0.00120065
0.00114271
0.00108324
0.00102235
0.000960146
0.000896755
0.000832314
0.000766967
0.000700868
0.000634172
0.000567038
0.00049962
0.00043207
0.000364535
0.000297152
0.000230028
0.000163242
9.6965e-05
3.13414e-05
-3.36595e-05
-9.7989e-05
-0.000161588
-0.000224425
-0.000286492
-0.000347787
-0.000408323
-0.000468117
-0.000527197
-0.00058559
-0.000643328
-0.00070044
-0.000756951
-0.000812878
-0.000868231
-0.000923005
-0.000977182
-0.00103073
-0.00108359
-0.00113569
-0.00118694
-0.00123723
-0.00128641
-0.00133433
-0.0013808
-0.00142562
-0.00146857
-0.0015094
-0.00154785
-0.00158364
-0.00161647
-0.00164604
-0.00167204
-0.00169414
-0.00171202
-0.00172537
-0.00173388
-0.0017372
-0.00173459
-0.00172553
-0.00171402
0.00210607
0.00206551
0.00201739
0.00196952
0.00192146
0.00187249
0.00182254
0.0017716
0.00171961
0.0016665
0.00161213
0.00155643
0.0014993
0.00144068
0.00138055
0.00131888
0.00125569
0.00119104
0.00112499
0.00105763
0.000989089
0.000919489
0.000848982
0.000777724
0.000705882
0.000633623
0.000561115
0.000488525
0.000416018
0.000343749
0.000271775
0.000199928
0.000128961
5.90571e-05
-1.04145e-05
-7.92233e-05
-0.000147227
-0.000214413
-0.000280802
-0.00034642
-0.000411308
-0.000475515
-0.000539098
-0.000602119
-0.000664643
-0.00072673
-0.000788434
-0.000849802
-0.000910866
-0.000971639
-0.00103212
-0.00109228
-0.00115206
-0.0012114
-0.00127018
-0.00132826
-0.00138549
-0.00144166
-0.00149656
-0.00154993
-0.00160149
-0.00165095
-0.00169798
-0.00174224
-0.00178335
-0.00182095
-0.00185466
-0.00188406
-0.00190878
-0.00192842
-0.00194263
-0.00195096
-0.00195266
-0.00194718
-0.00193825
0.00236161
0.00230571
0.002241
0.00217878
0.00211824
0.00205815
0.00199821
0.00193832
0.00187827
0.00181782
0.00175672
0.00169476
0.00163174
0.00156751
0.00150194
0.00143497
0.00136655
0.0012967
0.00122545
0.00115288
0.0010791
0.00100425
0.000928466
0.000851928
0.000774814
0.000697309
0.0006196
0.000541871
0.000464299
0.000387046
0.000310241
0.000233988
0.000158523
8.39027e-05
1.00831e-05
-6.28703e-05
-0.000134924
-0.00020609
-0.000276407
-0.000345934
-0.000414747
-0.000482938
-0.000550608
-0.000617866
-0.000684825
-0.000751592
-0.000818268
-0.00088494
-0.000951677
-0.00101853
-0.00108551
-0.00115261
-0.00121979
-0.00128697
-0.00135403
-0.00142081
-0.00148711
-0.00155271
-0.00161731
-0.00168062
-0.00174228
-0.00180193
-0.00185915
-0.00191352
-0.00196459
-0.00201189
-0.00205495
-0.00209327
-0.00212637
-0.00215378
-0.00217505
-0.00218966
-0.0021968
-0.00219591
-0.00219032
0.00262009
0.00254632
0.00246248
0.00238399
0.00230956
0.00223731
0.00216666
0.00209733
0.0020289
0.00196096
0.00189306
0.00182483
0.00175594
0.00168612
0.00161514
0.00154285
0.00146916
0.00139402
0.00131746
0.00123952
0.00116032
0.00107999
0.000998704
0.000916644
0.000834018
0.000751042
0.000667932
0.000584903
0.000502163
0.000419899
0.000338281
0.000257462
0.000177578
9.87155e-05
2.09221e-05
-5.57765e-05
-0.000131386
-0.000205947
-0.000279531
-0.000352241
-0.000424204
-0.000495569
-0.000566503
-0.000637181
-0.000707784
-0.000778491
-0.00084947
-0.000920873
-0.00099283
-0.00106544
-0.00113876
-0.00121282
-0.00128759
-0.00136299
-0.00143891
-0.00151515
-0.0015915
-0.00166765
-0.00174328
-0.001818
-0.00189138
-0.00196295
-0.0020322
-0.00209859
-0.00216156
-0.00222053
-0.0022749
-0.00232406
-0.00236742
-0.00240438
-0.00243436
-0.00245678
-0.00247077
-0.00247573
-0.00247444
0.00287269
0.00277845
0.0026729
0.00257626
0.00248661
0.00240126
0.00231928
0.00224011
0.00216311
0.00208757
0.00201285
0.00193836
0.00186361
0.00178817
0.00171171
0.00163399
0.00155484
0.00147418
0.001392
0.00130833
0.0012233
0.00113705
0.00104978
0.000961715
0.000873097
0.000784188
0.000695255
0.00060656
0.000518354
0.000430875
0.000344336
0.000258917
0.000174769
9.1998e-05
1.06658e-05
-6.92089e-05
-0.000147653
-0.000224738
-0.000300581
-0.000375341
-0.000449214
-0.000522428
-0.000595237
-0.000667912
-0.000740734
-0.000813983
-0.00088793
-0.000962825
-0.00103889
-0.00111631
-0.00119521
-0.00127567
-0.00135772
-0.00144129
-0.00152627
-0.00161246
-0.00169959
-0.00178731
-0.00187522
-0.00196283
-0.00204962
-0.00213498
-0.00221828
-0.00229883
-0.00237593
-0.00244885
-0.00251683
-0.00257912
-0.00263496
-0.00268362
-0.00272437
-0.00275647
-0.00277902
-0.0027914
-0.00279566
0.00310791
0.00299061
0.00286081
0.00274422
0.00263814
0.00253889
0.00244507
0.00235579
0.00227006
0.00218687
0.00210529
0.00202449
0.00194378
0.00186257
0.00178038
0.00169688
0.00161183
0.00152509
0.00143664
0.00134653
0.00125486
0.00116184
0.0010677
0.00097272
0.000877205
0.000781489
0.00068591
0.000590804
0.000496497
0.000403294
0.000311467
0.000221254
0.000132857
4.64085e-05
-3.80099e-05
-0.000120375
-0.000200728
-0.000279173
-0.000355879
-0.000431074
-0.000505041
-0.000578113
-0.000650663
-0.000723095
-0.000795829
-0.000869294
-0.000943911
-0.00102008
-0.00109816
-0.00117847
-0.00126125
-0.00134669
-0.00143488
-0.00152581
-0.0016194
-0.00171543
-0.00181362
-0.00191356
-0.00201474
-0.00211659
-0.00221842
-0.00231949
-0.00241899
-0.00251606
-0.0026098
-0.00269927
-0.00278353
-0.00286162
-0.00293259
-0.00299551
-0.00304948
-0.00309358
-0.00312687
-0.00314863
-0.00315997
0.00331109
0.00316825
0.00301187
0.00287374
0.0027502
0.00263642
0.00253038
0.00243076
0.00233619
0.00224525
0.00215668
0.00206937
0.00198239
0.00189495
0.00180644
0.00171641
0.00162456
0.00153071
0.00143482
0.00133695
0.00123725
0.00113597
0.00103341
0.000929932
0.000825941
0.000721869
0.000618159
0.000515258
0.000413602
0.000313601
0.000215631
0.000120018
2.70161e-05
-6.31232e-05
-0.000150311
-0.000234501
-0.000315729
-0.000394128
-0.000469917
-0.000543406
-0.000614984
-0.000685118
-0.000754338
-0.000823225
-0.000892396
-0.00096249
-0.00103414
-0.00110797
-0.00118455
-0.00126441
-0.00134797
-0.00143559
-0.00152749
-0.00162377
-0.00172441
-0.00182923
-0.00193791
-0.00205
-0.00216491
-0.00228192
-0.00240018
-0.00251876
-0.00263663
-0.00275269
-0.00286579
-0.00297473
-0.00307831
-0.00317531
-0.00326453
-0.00334478
-0.00341492
-0.00347384
-0.0035205
-0.00355414
-0.00357455
0.00346434
0.00329378
0.00310877
0.00294777
0.00280598
0.00267718
0.00255865
0.00244853
0.00234494
0.00224602
0.00215012
0.00205579
0.00196183
0.00186726
0.00177131
0.00167341
0.00157319
0.00147045
0.00136515
0.00125737
0.00114733
0.00103535
0.000921845
0.000807285
0.000692209
0.000577194
0.000462838
0.000349745
0.000238513
0.000129711
2.38693e-05
-7.85369e-05
-0.000177105
-0.000271562
-0.000361643
-0.000447259
-0.000528427
-0.000605284
-0.000678094
-0.000747248
-0.000813259
-0.000876755
-0.000938465
-0.000999204
-0.00105986
-0.00112134
-0.00118462
-0.0012506
-0.0013202
-0.00139425
-0.00147346
-0.00155845
-0.00164969
-0.00174745
-0.00185186
-0.00196282
-0.00208003
-0.00220302
-0.0023311
-0.0024634
-0.00259888
-0.00273636
-0.00287455
-0.00301202
-0.00314731
-0.00327888
-0.00340517
-0.00352463
-0.00363571
-0.00373691
-0.00382677
-0.0039039
-0.00396718
-0.00401579
-0.00404775
0.00354639
0.00334635
0.00313114
0.00294631
0.00278574
0.00264163
0.00251039
0.00238955
0.00227663
0.00216925
0.00206529
0.00196297
0.00186077
0.00175749
0.00165221
0.00154424
0.00143314
0.00131871
0.00120091
0.00107989
0.000955945
0.000829513
0.000701142
0.000571474
0.000441228
0.000311178
0.000182138
5.49387e-05
-6.95935e-05
-0.000190655
-0.000307486
-0.000419393
-0.000525771
-0.000626124
-0.000720087
-0.000807419
-0.000888057
-0.000962103
-0.00102984
-0.00109171
-0.00114837
-0.00120063
-0.00124945
-0.00129595
-0.00134136
-0.00138698
-0.00143418
-0.00148436
-0.00153886
-0.00159897
-0.00166588
-0.00174061
-0.00182399
-0.00191665
-0.00201895
-0.00213098
-0.00225256
-0.00238322
-0.0025222
-0.0026685
-0.00282085
-0.00297778
-0.00313764
-0.00329862
-0.00345882
-0.00361625
-0.0037689
-0.00391476
-0.00405184
-0.0041782
-0.00429196
-0.00439137
-0.00447525
-0.00454264
-0.00458928
0.00353274
0.0033021
0.00305574
0.00284657
0.002667
0.00250744
0.00236331
0.0022314
0.00210855
0.0019918
0.00187855
0.00176658
0.00165409
0.00153963
0.0014221
0.00130072
0.001175
0.00104471
0.000909867
0.000770689
0.000627599
0.000481181
0.000332169
0.000181418
2.98905e-05
-0.000121369
-0.000271257
-0.000418632
-0.000562344
-0.000701256
-0.000834276
-0.00096038
-0.00107865
-0.00118828
-0.00128867
-0.00137933
-0.00146003
-0.00153077
-0.00159176
-0.0016435
-0.00168673
-0.00172244
-0.00175188
-0.00177651
-0.00179799
-0.00181813
-0.00183886
-0.0018622
-0.00189013
-0.00192462
-0.0019675
-0.00202045
-0.00208489
-0.00216199
-0.00225255
-0.00235702
-0.00247547
-0.00260753
-0.00275248
-0.00290916
-0.00307609
-0.00325146
-0.00343318
-0.00361894
-0.00380629
-0.00399264
-0.00417538
-0.00435187
-0.00451954
-0.00467587
-0.00481837
-0.00494493
-0.00505418
-0.00514507
-0.00521026
0.00339617
0.00313458
0.00285689
0.00262345
0.00242497
0.00224994
0.00209266
0.00194909
0.00181533
0.00168776
0.00156323
0.00143912
0.00131327
0.001184
0.00105003
0.000910481
0.000764809
0.000612798
0.000454514
0.000290289
0.000120692
-5.35024e-05
-0.000231329
-0.000411657
-0.000593211
-0.000774596
-0.000954324
-0.00113084
-0.00130255
-0.00146786
-0.0016252
-0.00177308
-0.00191011
-0.00203505
-0.00214684
-0.00224468
-0.00232798
-0.00239649
-0.0024503
-0.00248982
-0.00251583
-0.00252948
-0.00253229
-0.0025261
-0.00251308
-0.00249567
-0.00247653
-0.00245847
-0.00244436
-0.0024371
-0.00243948
-0.00245411
-0.00248335
-0.00252918
-0.00259317
-0.0026764
-0.0027794
-0.00290215
-0.00304402
-0.00320387
-0.00337998
-0.00357019
-0.0037719
-0.00398218
-0.00419784
-0.00441553
-0.00463182
-0.00484324
-0.00504643
-0.00523808
-0.00541498
-0.00557431
-0.00571462
-0.00583476
-0.0059233
0.00310742
0.00281553
0.00250728
0.00225021
0.00203324
0.00184282
0.00167201
0.00151586
0.00136966
0.00122909
0.00109043
0.000950616
0.000807142
0.000658062
0.00050193
0.000337758
0.000164965
-1.66537e-05
-0.000206956
-0.000405483
-0.000611492
-0.000823977
-0.00104169
-0.00126317
-0.00148674
-0.00171057
-0.00193268
-0.00215097
-0.00236327
-0.00256737
-0.00276105
-0.00294217
-0.00310866
-0.00325863
-0.00339041
-0.00350258
-0.00359411
-0.00366425
-0.00371274
-0.00373979
-0.00374609
-0.00373285
-0.0037018
-0.00365518
-0.00359571
-0.00352653
-0.00345117
-0.00337348
-0.00329747
-0.00322729
-0.00316704
-0.00312069
-0.00309193
-0.00308404
-0.00309977
-0.00314124
-0.00320985
-0.00330621
-0.00343011
-0.00358056
-0.00375575
-0.00395315
-0.00416963
-0.0044015
-0.00464466
-0.00489475
-0.00514725
-0.0053976
-0.00564131
-0.00587405
-0.00609159
-0.0062903
-0.00646842
-0.00662459
-0.00674235
0.00263642
0.00231601
0.00197903
0.00169965
0.00146494
0.00125923
0.0010743
0.00090422
0.000743414
0.000586841
0.000430196
0.000269933
0.000103203
-7.22038e-05
-0.000257913
-0.000455024
-0.000664163
-0.000885514
-0.00111885
-0.00136358
-0.00161877
-0.00188314
-0.00215511
-0.00243282
-0.00271414
-0.0029967
-0.00327789
-0.00355495
-0.00382496
-0.0040849
-0.00433173
-0.00456239
-0.00477393
-0.00496356
-0.00512868
-0.00526706
-0.00537681
-0.0054565
-0.00550528
-0.00552288
-0.00550969
-0.0054668
-0.00539603
-0.00529992
-0.0051817
-0.00504528
-0.00489518
-0.00473642
-0.00457446
-0.00441502
-0.00426394
-0.00412704
-0.0040099
-0.00391766
-0.0038549
-0.00382537
-0.00383192
-0.00387633
-0.00395926
-0.0040802
-0.00423753
-0.00442849
-0.00464941
-0.00489573
-0.00516228
-0.00544339
-0.00573311
-0.00602541
-0.00631433
-0.00659405
-0.00685901
-0.00710448
-0.00732823
-0.00752862
-0.00768254
0.00195379
0.00160789
0.00124513
0.000945475
0.000694084
0.000473219
0.000273338
8.7489e-05
-9.07714e-05
-0.000267229
-0.000446785
-0.00063346
-0.000830464
-0.00104028
-0.00126471
-0.001505
-0.0017618
-0.00203531
-0.00232521
-0.00263078
-0.00295086
-0.0032839
-0.00362795
-0.00398071
-0.00433948
-0.00470126
-0.00506273
-0.00542029
-0.00577011
-0.00610816
-0.00643034
-0.00673245
-0.00701036
-0.00726005
-0.00747774
-0.00765997
-0.00780369
-0.00790648
-0.00796646
-0.00798256
-0.00795457
-0.00788316
-0.00777002
-0.00761779
-0.00743008
-0.00721148
-0.00696751
-0.0067045
-0.00642951
-0.00615014
-0.00587442
-0.00561056
-0.00536666
-0.00515049
-0.0049692
-0.00482906
-0.00473518
-0.00469132
-0.00469971
-0.00476099
-0.00487413
-0.00503654
-0.00524412
-0.00549149
-0.00577218
-0.00607895
-0.00640403
-0.00673942
-0.00707716
-0.00740945
-0.00772885
-0.00802909
-0.00830737
-0.00856156
-0.00875991
0.00103268
0.000665613
0.000281226
-3.59785e-05
-0.000302676
-0.000538557
-0.000754464
-0.000958369
-0.00115759
-0.00135864
-0.00156701
-0.0017872
-0.00202277
-0.0022765
-0.0025504
-0.00284583
-0.00316355
-0.00350373
-0.00386602
-0.00424956
-0.00465299
-0.00507446
-0.00551163
-0.00596169
-0.00642136
-0.0068869
-0.00735415
-0.00781853
-0.00827514
-0.00871876
-0.00914395
-0.00954515
-0.00991674
-0.0102532
-0.0105491
-0.0107994
-0.0109996
-0.0111457
-0.0112345
-0.0112636
-0.0112318
-0.0111389
-0.0109862
-0.0107761
-0.0105124
-0.0101999
-0.00984505
-0.00945548
-0.00903987
-0.0086079
-0.00817005
-0.00773746
-0.00732142
-0.00693316
-0.00658337
-0.00628187
-0.00603716
-0.00585609
-0.00574358
-0.00570237
-0.00573289
-0.00583331
-0.00599959
-0.00622566
-0.00650377
-0.00682482
-0.00717878
-0.00755511
-0.0079432
-0.00833257
-0.00871318
-0.00907664
-0.00941926
-0.00973811
-0.00999067
-0.000149174
-0.000531796
-0.000932487
-0.00126381
-0.00154412
-0.00179483
-0.00202801
-0.00225263
-0.00247682
-0.00270781
-0.00295167
-0.00321335
-0.00349678
-0.00380502
-0.00414031
-0.00450419
-0.00489749
-0.00532045
-0.00577267
-0.0062532
-0.00676048
-0.00729237
-0.00784614
-0.00841843
-0.00900532
-0.00960227
-0.0102042
-0.0108054
-0.0113997
-0.0119806
-0.0125411
-0.013074
-0.0135718
-0.0140273
-0.0144332
-0.0147824
-0.0150684
-0.0152852
-0.0154279
-0.0154922
-0.0154754
-0.0153759
-0.0151943
-0.0149326
-0.0145934
-0.0141813
-0.0137037
-0.0131697
-0.0125896
-0.0119748
-0.0113377
-0.010693
-0.0100556
-0.00944101
-0.00886457
-0.00834084
-0.00788311
-0.00750278
-0.0072089
-0.00700778
-0.00690266
-0.00689358
-0.0069774
-0.00714796
-0.00739643
-0.00771176
-0.00808127
-0.00849128
-0.0089277
-0.00937648
-0.00982408
-0.0102592
-0.0106766
-0.0110724
-0.0113903
-0.0016073
-0.00199869
-0.00240929
-0.00275064
-0.00304251
-0.00330773
-0.00355947
-0.0038076
-0.00406103
-0.00432765
-0.00461404
-0.0049256
-0.00526664
-0.00564049
-0.00604965
-0.00649584
-0.00698003
-0.00750253
-0.00806297
-0.0086603
-0.00929281
-0.00995807
-0.0106529
-0.0113735
-0.0121153
-0.0128727
-0.0136397
-0.0144095
-0.0151746
-0.0159267
-0.0166574
-0.0173575
-0.0180177
-0.0186285
-0.0191805
-0.0196643
-0.0200712
-0.0203928
-0.0206217
-0.0207513
-0.0207762
-0.0206926
-0.0205007
-0.0202028
-0.019799
-0.0192911
-0.0186879
-0.0180016
-0.0172432
-0.0164232
-0.0155551
-0.0146593
-0.0137539
-0.0128585
-0.0119939
-0.0111809
-0.0104391
-0.00978618
-0.00923719
-0.00880395
-0.00849439
-0.00831223
-0.00825672
-0.00832277
-0.00850118
-0.00877924
-0.00914145
-0.00957041
-0.0100477
-0.0105546
-0.0110729
-0.0115872
-0.0120902
-0.0125763
-0.012972
-0.00334852
-0.0037409
-0.0041541
-0.00450078
-0.00480178
-0.00508093
-0.00535232
-0.00562661
-0.00591341
-0.00622117
-0.00655697
-0.0069266
-0.00733471
-0.00778495
-0.00828007
-0.00882199
-0.00941187
-0.0100501
-0.0107364
-0.0114696
-0.0122479
-0.0130686
-0.0139281
-0.0148222
-0.0157453
-0.0166912
-0.0176528
-0.0186219
-0.0195896
-0.0205462
-0.0214812
-0.0223835
-0.0232418
-0.0240443
-0.0247791
-0.0254344
-0.0259988
-0.0264613
-0.0268115
-0.0270398
-0.0271374
-0.0270959
-0.0269128
-0.0265976
-0.0261626
-0.0256088
-0.0249226
-0.0241024
-0.0231573
-0.0221011
-0.0209684
-0.01979
-0.0185782
-0.017354
-0.0161437
-0.0149752
-0.0138758
-0.012871
-0.0119839
-0.0112341
-0.0106369
-0.010202
-0.00993338
-0.0098291
-0.0098811
-0.0100759
-0.0103956
-0.0108186
-0.0113215
-0.0118797
-0.0124689
-0.0130681
-0.0136672
-0.0142575
-0.0147447
-0.00536938
-0.00575429
-0.00616209
-0.00650887
-0.0068161
-0.00710815
-0.0073998
-0.00770236
-0.00802603
-0.00837971
-0.0087709
-0.00920576
-0.00968925
-0.0102253
-0.010817
-0.0114663
-0.0121747
-0.0129428
-0.0137701
-0.0146557
-0.0155976
-0.0165927
-0.0176372
-0.0187261
-0.0198534
-0.0210118
-0.0221931
-0.0233879
-0.0245858
-0.0257753
-0.0269442
-0.0280796
-0.0291677
-0.0301948
-0.0311465
-0.032009
-0.0327682
-0.0334112
-0.0339254
-0.0343
-0.0345255
-0.0345946
-0.0344958
-0.0342138
-0.0337397
-0.0330846
-0.0322719
-0.0313164
-0.0302349
-0.0290282
-0.0276774
-0.0261987
-0.0246419
-0.0230492
-0.0214455
-0.0198646
-0.0183408
-0.016908
-0.0155988
-0.0144428
-0.0134652
-0.012685
-0.0121143
-0.0117571
-0.0116092
-0.0116583
-0.0118851
-0.0122646
-0.0127676
-0.0133626
-0.0140176
-0.0147045
-0.0154085
-0.0161173
-0.0167104
-0.00765511
-0.00802379
-0.00841782
-0.00875903
-0.00906909
-0.00937238
-0.00968408
-0.010016
-0.0103788
-0.0107818
-0.0112327
-0.011738
-0.012303
-0.0129318
-0.0136278
-0.0143932
-0.0152296
-0.0161377
-0.0171173
-0.0181672
-0.0192853
-0.0204685
-0.0217124
-0.0230115
-0.0243589
-0.0257467
-0.0271653
-0.028604
-0.0300511
-0.0314933
-0.0329167
-0.0343062
-0.0356461
-0.0369203
-0.0381123
-0.0392056
-0.0401839
-0.0410315
-0.0417335
-0.0422759
-0.0426469
-0.0428363
-0.0428351
-0.0426338
-0.0422252
-0.0416059
-0.0407787
-0.0397435
-0.0384963
-0.0370531
-0.0354558
-0.0337298
-0.0318885
-0.0299373
-0.0279248
-0.025903
-0.0239125
-0.021995
-0.0201933
-0.0185487
-0.0170993
-0.0158768
-0.0149054
-0.0141993
-0.0137621
-0.0135863
-0.0136537
-0.0139371
-0.0144021
-0.0150094
-0.0157179
-0.0164904
-0.0173059
-0.0181467
-0.0188604
-0.0101795
-0.0105233
-0.0108952
-0.0112249
-0.0115338
-0.0118459
-0.0121763
-0.0125372
-0.0129397
-0.0133931
-0.0139055
-0.0144836
-0.015133
-0.0158579
-0.016662
-0.0175476
-0.0185165
-0.0195696
-0.0207066
-0.0219264
-0.0232267
-0.0246041
-0.0260538
-0.0275697
-0.0291443
-0.0307685
-0.0324318
-0.0341223
-0.0358265
-0.0375299
-0.0392166
-0.0408697
-0.0424717
-0.0440043
-0.045449
-0.0467872
-0.0480004
-0.0490706
-0.0499805
-0.0507137
-0.0512552
-0.0515912
-0.0517096
-0.0516003
-0.0512556
-0.0506688
-0.0498321
-0.0487507
-0.0474369
-0.045912
-0.044187
-0.0422425
-0.0401028
-0.037825
-0.0354539
-0.0330176
-0.0305622
-0.0281399
-0.0258051
-0.0236126
-0.0216154
-0.0198617
-0.0183918
-0.0172355
-0.0164092
-0.0159152
-0.0157409
-0.01586
-0.0162345
-0.0168179
-0.0175584
-0.018408
-0.0193378
-0.0203222
-0.0211711
-0.0129057
-0.0132166
-0.0135583
-0.0138705
-0.0141738
-0.014491
-0.0148373
-0.0152251
-0.0156652
-0.0161674
-0.01674
-0.0173896
-0.018122
-0.0189418
-0.0198525
-0.0208569
-0.0219567
-0.023153
-0.0244454
-0.0258329
-0.0273129
-0.0288817
-0.0305341
-0.0322635
-0.0340614
-0.0359179
-0.0378216
-0.0397591
-0.0417157
-0.0436753
-0.0456205
-0.0475328
-0.049393
-0.051181
-0.0528768
-0.0544598
-0.0559101
-0.057208
-0.0583344
-0.0592715
-0.0600023
-0.0605112
-0.060784
-0.0608083
-0.0605735
-0.060071
-0.0592938
-0.0582392
-0.056908
-0.0553044
-0.0534384
-0.0513405
-0.0490308
-0.0465273
-0.0438506
-0.0410429
-0.0381549
-0.035244
-0.0323727
-0.0296075
-0.0270162
-0.0246649
-0.0226134
-0.0209115
-0.019595
-0.0186822
-0.0181721
-0.0180446
-0.0182619
-0.0187717
-0.019512
-0.0204225
-0.021464
-0.022601
-0.023598
-0.0157877
-0.0160587
-0.0163631
-0.016652
-0.0169447
-0.0172624
-0.0176202
-0.0180301
-0.0185033
-0.0190493
-0.0196766
-0.020392
-0.0212012
-0.022109
-0.0231191
-0.0242343
-0.0254565
-0.0267866
-0.0282246
-0.0297689
-0.0314171
-0.0331649
-0.0350068
-0.0369354
-0.0389418
-0.0410149
-0.0431423
-0.0453096
-0.0475008
-0.0496985
-0.0518837
-0.0540367
-0.0561367
-0.0581625
-0.0600924
-0.0619049
-0.0635787
-0.065093
-0.0664279
-0.0675642
-0.0684841
-0.0691711
-0.0696097
-0.0697864
-0.0696891
-0.0693076
-0.0686336
-0.0676614
-0.0663879
-0.0648128
-0.0629402
-0.0607812
-0.0583501
-0.0556659
-0.0527544
-0.0496513
-0.0464024
-0.0430633
-0.0396991
-0.0363835
-0.0331961
-0.0302195
-0.0275341
-0.0252135
-0.0233179
-0.0218886
-0.0209443
-0.0204785
-0.0204594
-0.0208334
-0.0215299
-0.0224755
-0.0236196
-0.024914
-0.0260703
-0.0187731
-0.0189989
-0.0192601
-0.0195202
-0.0197969
-0.0201096
-0.0204724
-0.0208975
-0.0213958
-0.0219769
-0.0226492
-0.0234195
-0.0242938
-0.0252769
-0.0263726
-0.0275838
-0.0289124
-0.0303595
-0.0319247
-0.0336066
-0.0354023
-0.0373075
-0.0393159
-0.0414197
-0.0436092
-0.0458725
-0.0481963
-0.0505651
-0.0529617
-0.0553675
-0.0577626
-0.0601258
-0.0624353
-0.0646687
-0.0668035
-0.0688172
-0.0706879
-0.072394
-0.0739152
-0.075232
-0.0763262
-0.077181
-0.0777807
-0.0781112
-0.0781597
-0.077915
-0.0773674
-0.0765088
-0.0753332
-0.0738369
-0.0720189
-0.0698822
-0.0674335
-0.0646849
-0.0616555
-0.0583732
-0.0548761
-0.0512141
-0.0474496
-0.0436576
-0.0399245
-0.0363451
-0.0330188
-0.0300432
-0.0275066
-0.02548
-0.0240098
-0.023112
-0.02277
-0.0229353
-0.023533
-0.0244784
-0.0257086
-0.0271601
-0.0284838
-0.0218063
-0.0219836
-0.0221974
-0.0224241
-0.0226793
-0.02298
-0.0233398
-0.0237704
-0.0242826
-0.024886
-0.0255888
-0.0263982
-0.0273201
-0.0283595
-0.0295204
-0.0308058
-0.0322177
-0.0337571
-0.0354237
-0.0372159
-0.0391306
-0.0411631
-0.0433068
-0.0455534
-0.0478922
-0.050311
-0.0527953
-0.0553288
-0.0578934
-0.0604693
-0.0630357
-0.0655705
-0.0680509
-0.0704537
-0.0727558
-0.074934
-0.0769661
-0.0788304
-0.0805064
-0.0819748
-0.0832177
-0.0842183
-0.0849617
-0.0854339
-0.0856224
-0.0855158
-0.0851039
-0.0843776
-0.0833289
-0.0819512
-0.0802394
-0.0781909
-0.0758059
-0.0730887
-0.0700495
-0.0667061
-0.0630861
-0.0592292
-0.0551893
-0.0510358
-0.0468545
-0.0427459
-0.0388224
-0.0352027
-0.0320032
-0.0293283
-0.027259
-0.0258439
-0.0250917
-0.024969
-0.0254038
-0.0263042
-0.0275958
-0.0291983
-0.0306937
-0.0248317
-0.0249596
-0.0251242
-0.0253139
-0.0255421
-0.0258234
-0.0261703
-0.0265941
-0.0271055
-0.0277141
-0.0284282
-0.0292553
-0.0302015
-0.0312722
-0.0324715
-0.0338027
-0.035268
-0.0368685
-0.0386039
-0.0404725
-0.0424711
-0.0445946
-0.0468363
-0.049187
-0.051636
-0.0541699
-0.0567738
-0.0594304
-0.0621209
-0.0648248
-0.0675201
-0.0701842
-0.0727935
-0.0753243
-0.0777528
-0.0800557
-0.0822106
-0.0841957
-0.0859908
-0.0875771
-0.088937
-0.0900547
-0.0909158
-0.0915074
-0.0918177
-0.091836
-0.0915524
-0.0909579
-0.0900438
-0.0888021
-0.0872253
-0.0853068
-0.0830418
-0.0804278
-0.0774663
-0.0741647
-0.0705387
-0.0666151
-0.0624347
-0.0580556
-0.0535549
-0.0490305
-0.0445994
-0.0403942
-0.0365552
-0.0332196
-0.0305078
-0.0285082
-0.0272661
-0.0267752
-0.0269768
-0.027779
-0.0290996
-0.0308406
-0.0325081
-0.027798
-0.0278785
-0.0279944
-0.0281452
-0.0283414
-0.0285951
-0.0289175
-0.0293196
-0.0298121
-0.0304046
-0.0311059
-0.0319239
-0.0328654
-0.0339362
-0.0351412
-0.0364839
-0.037967
-0.0395916
-0.0413579
-0.0432641
-0.0453069
-0.0474811
-0.0497796
-0.0521931
-0.0547101
-0.0573169
-0.0599978
-0.062735
-0.0655089
-0.0682982
-0.0710806
-0.0738325
-0.0765299
-0.0791486
-0.0816644
-0.084054
-0.0862945
-0.0883647
-0.0902444
-0.0919152
-0.0933603
-0.0945648
-0.095515
-0.0961992
-0.0966067
-0.0967278
-0.0965537
-0.0960761
-0.0952868
-0.0941775
-0.0927398
-0.0909652
-0.0888454
-0.0863733
-0.0835434
-0.0803541
-0.0768099
-0.072924
-0.0687225
-0.0642477
-0.0595624
-0.0547535
-0.0499331
-0.0452376
-0.0408228
-0.036855
-0.0334918
-0.0308659
-0.029069
-0.0281343
-0.0280297
-0.028674
-0.0299837
-0.0318447
-0.0336807
-0.0306609
-0.0306988
-0.0307696
-0.0308814
-0.0310414
-0.0312589
-0.0315438
-0.0319068
-0.0323586
-0.0329095
-0.0335689
-0.0343458
-0.035248
-0.0362824
-0.0374547
-0.0387695
-0.0402299
-0.0418374
-0.043593
-0.045495
-0.0475401
-0.0497231
-0.0520365
-0.0544709
-0.0570143
-0.0596527
-0.0623699
-0.0651474
-0.0679652
-0.0708013
-0.0736327
-0.0764355
-0.0791851
-0.0818568
-0.0844263
-0.0868697
-0.0891645
-0.0912892
-0.0932239
-0.0949507
-0.0964531
-0.0977169
-0.0987294
-0.0994797
-0.0999582
-0.100156
-0.100067
-0.0996821
-0.0989951
-0.0979981
-0.0966831
-0.095041
-0.0930622
-0.0907366
-0.0880545
-0.0850075
-0.0815911
-0.077807
-0.0736665
-0.0691955
-0.0644392
-0.0594674
-0.0543788
-0.0493026
-0.0443986
-0.0398584
-0.0358714
-0.032605
-0.0302052
-0.0287591
-0.0282756
-0.0286973
-0.0299496
-0.0319061
-0.033903
-0.0333893
-0.0333943
-0.0334267
-0.0334998
-0.0336196
-0.033792
-0.0340249
-0.0343286
-0.0347143
-0.0351933
-0.0357764
-0.0364744
-0.0372969
-0.0382527
-0.0393491
-0.0405922
-0.0419866
-0.0435337
-0.0452345
-0.0470893
-0.0490946
-0.051245
-0.0535331
-0.055949
-0.0584806
-0.0611134
-0.0638307
-0.0666137
-0.0694415
-0.0722919
-0.0751412
-0.077965
-0.0807381
-0.0834357
-0.0860328
-0.0885054
-0.0908307
-0.0929871
-0.0949549
-0.0967159
-0.0982542
-0.0995558
-0.100609
-0.101402
-0.101928
-0.102179
-0.102147
-0.101827
-0.101213
-0.100298
-0.0990754
-0.0975356
-0.0956694
-0.0934655
-0.0909121
-0.0879969
-0.0847093
-0.0810422
-0.0769951
-0.0725789
-0.0678211
-0.0627724
-0.0575129
-0.052155
-0.0468426
-0.0417797
-0.0372352
-0.0333461
-0.0303108
-0.0282914
-0.0273558
-0.0274855
-0.028627
-0.0306489
-0.0327959
-0.0359555
-0.0359413
-0.0359497
-0.0359919
-0.036067
-0.0361804
-0.0363418
-0.0365619
-0.0368533
-0.0372271
-0.0376953
-0.0382717
-0.0389696
-0.0398004
-0.0407739
-0.0418981
-0.0431793
-0.0446212
-0.0462252
-0.0479914
-0.0499169
-0.0519966
-0.054223
-0.056586
-0.0590732
-0.0616695
-0.0643577
-0.0671185
-0.0699305
-0.0727708
-0.0756153
-0.0784388
-0.0812158
-0.0839208
-0.0865284
-0.0890143
-0.0913551
-0.0935291
-0.095516
-0.0972977
-0.0988581
-0.100183
-0.101261
-0.102081
-0.102635
-0.102916
-0.102919
-0.102636
-0.102064
-0.101196
-0.100025
-0.0985455
-0.0967464
-0.0946172
-0.0921451
-0.0893164
-0.0861169
-0.082534
-0.0785593
-0.074192
-0.0694446
-0.0643498
-0.0589684
-0.0533955
-0.047753
-0.0421884
-0.0370675
-0.0326266
-0.0289497
-0.0262982
-0.0248328
-0.0245937
-0.0255633
-0.0276141
-0.0298972
-0.0383612
-0.0383454
-0.038344
-0.0383633
-0.0384006
-0.0384573
-0.0385377
-0.0386472
-0.0387978
-0.0390125
-0.0393128
-0.0397152
-0.0402357
-0.0408896
-0.0416896
-0.0426464
-0.0437682
-0.0450604
-0.0465259
-0.0481651
-0.0499754
-0.0519519
-0.0540868
-0.0563696
-0.0587873
-0.0613244
-0.0639629
-0.0666829
-0.0694622
-0.0722773
-0.0751034
-0.0779147
-0.080685
-0.0833882
-0.0859982
-0.0884902
-0.0908402
-0.0930257
-0.0950261
-0.0968227
-0.0983989
-0.0997401
-0.100834
-0.10167
-0.102239
-0.102534
-0.102549
-0.102278
-0.101717
-0.100859
-0.0996991
-0.0982296
-0.0964416
-0.0943245
-0.0918656
-0.0890506
-0.0858641
-0.0822905
-0.0783167
-0.0739347
-0.0691461
-0.0639691
-0.0584464
-0.052656
-0.0467105
-0.0407407
-0.0349363
-0.0298759
-0.0255933
-0.0222602
-0.0201796
-0.0194826
-0.0202072
-0.022243
-0.0246449
-0.0406199
-0.0406303
-0.040646
-0.0406559
-0.0406486
-0.0406211
-0.0405803
-0.0405405
-0.0405183
-0.040533
-0.0406112
-0.0407817
-0.0410682
-0.0414902
-0.0420646
-0.0428053
-0.0437229
-0.0448249
-0.0461153
-0.0475949
-0.0492616
-0.0511099
-0.0531317
-0.0553157
-0.0576483
-0.0601129
-0.0626907
-0.0653608
-0.0681003
-0.0708847
-0.0736883
-0.0764845
-0.0792465
-0.0819471
-0.0845598
-0.0870586
-0.089419
-0.0916176
-0.093633
-0.0954455
-0.0970375
-0.0983935
-0.0995003
-0.100346
-0.100922
-0.101218
-0.101229
-0.100948
-0.100368
-0.0994852
-0.0982914
-0.0967793
-0.0949399
-0.0927624
-0.090234
-0.08734
-0.0840645
-0.0803907
-0.0763031
-0.0717898
-0.0668462
-0.0614804
-0.0557217
-0.0496307
-0.0433071
-0.0368814
-0.0305071
-0.0246249
-0.0196228
-0.0155486
-0.0127592
-0.0114985
-0.0118878
-0.0138529
-0.016352
-0.0427728
-0.0428436
-0.0429026
-0.0429092
-0.0428455
-0.0427064
-0.0425002
-0.0422499
-0.041985
-0.0417406
-0.0415461
-0.0414334
-0.0414322
-0.0415699
-0.0418695
-0.0423496
-0.043024
-0.0439018
-0.0449884
-0.0462849
-0.0477887
-0.0494938
-0.0513912
-0.0534684
-0.0557105
-0.0580997
-0.0606161
-0.0632373
-0.0659393
-0.0686965
-0.0714823
-0.0742691
-0.0770289
-0.0797338
-0.0823563
-0.0848695
-0.0872477
-0.0894667
-0.0915037
-0.093338
-0.0949506
-0.0963248
-0.0974455
-0.0982998
-0.0988762
-0.0991649
-0.099157
-0.098845
-0.0982207
-0.0972765
-0.0960042
-0.0943946
-0.0924373
-0.0901201
-0.0874291
-0.0843486
-0.0808618
-0.0769511
-0.0725996
-0.0677936
-0.0625252
-0.0567977
-0.0506318
-0.0440754
-0.0372162
-0.0301905
-0.0231737
-0.0163433
-0.0103808
-0.00545145
-0.00180526
0.000161306
0.000224274
-0.00159727
-0.00416543
-0.0448969
-0.0450843
-0.0452302
-0.0452417
-0.045099
-0.0448069
-0.0443855
-0.0438664
-0.0432907
-0.0427045
-0.0421526
-0.0416776
-0.0413199
-0.0411145
-0.0410902
-0.0412692
-0.0416678
-0.0422967
-0.0431611
-0.0442619
-0.0455953
-0.0471541
-0.0489274
-0.0509011
-0.0530585
-0.05538
-0.0578439
-0.0604264
-0.0631021
-0.065844
-0.0686241
-0.0714138
-0.0741839
-0.0769056
-0.07955
-0.0820895
-0.084497
-0.086747
-0.0888156
-0.0906803
-0.0923206
-0.093718
-0.0948554
-0.0957178
-0.0962915
-0.0965642
-0.0965244
-0.0961615
-0.095465
-0.0944242
-0.093028
-0.0912641
-0.0891191
-0.0865778
-0.0836237
-0.0802385
-0.0764028
-0.0720972
-0.0673032
-0.0620053
-0.0561942
-0.0498711
-0.0430531
-0.0357821
-0.0281364
-0.020245
-0.0122962
-0.00452861
0.0027487
0.00884943
0.0135983
0.0165101
0.0171905
0.0156067
0.0130048
-0.0471463
-0.0475339
-0.0478254
-0.0478445
-0.0475828
-0.0470658
-0.0463313
-0.045433
-0.044434
-0.0434005
-0.0423962
-0.0414789
-0.0406989
-0.0400983
-0.0397103
-0.0395598
-0.0396641
-0.0400335
-0.0406722
-0.0415793
-0.042749
-0.0441716
-0.0458337
-0.0477189
-0.0498078
-0.0520789
-0.0545082
-0.0570701
-0.0597375
-0.0624817
-0.0652735
-0.0680828
-0.0708794
-0.0736331
-0.0763141
-0.0788932
-0.0813424
-0.0836347
-0.0857445
-0.0876478
-0.0893221
-0.0907468
-0.0919025
-0.0927714
-0.0933371
-0.093584
-0.0934974
-0.0930629
-0.092266
-0.0910919
-0.089525
-0.0875483
-0.0851437
-0.0822909
-0.0789685
-0.0751531
-0.0708209
-0.0659478
-0.0605115
-0.0544936
-0.0478825
-0.0406773
-0.0328941
-0.024573
-0.0157893
-0.00666777
0.00259969
0.0117422
0.0204216
0.0280264
0.0343069
0.0387188
0.0403381
0.0391543
0.0365767
-0.049823
-0.0505235
-0.0510207
-0.0510103
-0.0505179
-0.0496234
-0.04841
-0.0469714
-0.0454041
-0.0438005
-0.0422445
-0.0408072
-0.0395473
-0.0385114
-0.0377349
-0.0372431
-0.0370517
-0.0371685
-0.0375948
-0.038326
-0.0393532
-0.040663
-0.0422386
-0.0440602
-0.0461058
-0.0483508
-0.0507693
-0.0533334
-0.0560139
-0.0587808
-0.0616032
-0.0644496
-0.0672886
-0.0700887
-0.072819
-0.0754491
-0.0779496
-0.080292
-0.0824491
-0.0843952
-0.0861057
-0.0875575
-0.0887287
-0.0895985
-0.090147
-0.0903551
-0.0902037
-0.0896741
-0.0887466
-0.0874012
-0.0856162
-0.0833683
-0.0806325
-0.0773815
-0.073586
-0.0692149
-0.0642362
-0.0586179
-0.0523303
-0.0453478
-0.0376525
-0.0292389
-0.0201191
-0.0103301
5.52814e-05
0.0109158
0.0220614
0.0332032
0.043918
0.0537358
0.0617789
0.0678291
0.0711777
0.0708744
0.068509
-0.0536324
-0.0547725
-0.0554867
-0.0552939
-0.0543248
-0.0527739
-0.0507951
-0.0485591
-0.0462097
-0.0438673
-0.04164
-0.0396064
-0.0378249
-0.0363384
-0.0351775
-0.0343618
-0.0339012
-0.0337968
-0.0340435
-0.0346327
-0.0355514
-0.0367821
-0.0383038
-0.0400929
-0.0421241
-0.0443702
-0.0468027
-0.0493915
-0.0521057
-0.0549133
-0.057782
-0.060679
-0.0635717
-0.0664274
-0.069214
-0.0719
-0.0744547
-0.0768483
-0.0790519
-0.081038
-0.0827799
-0.084252
-0.0854297
-0.0862889
-0.0868062
-0.0869581
-0.0867211
-0.0860709
-0.0849824
-0.0834287
-0.0813811
-0.0788084
-0.0756768
-0.0719494
-0.0675867
-0.0625464
-0.0567847
-0.0502572
-0.042921
-0.0347376
-0.0256761
-0.0157185
-0.00486552
0.00685612
0.0193834
0.0326035
0.0463337
0.060292
0.0740616
0.0870513
0.0984894
0.10727
0.112659
0.113909
0.112166
-0.0601868
-0.0617897
-0.0625083
-0.0616551
-0.0596183
-0.0568477
-0.0536279
-0.0502427
-0.0469281
-0.0437558
-0.0407816
-0.0380836
-0.0357266
-0.0337533
-0.0321889
-0.0310473
-0.0303342
-0.0300438
-0.0301571
-0.0306523
-0.0315092
-0.0327045
-0.0342106
-0.0359992
-0.038043
-0.0403132
-0.0427793
-0.0454093
-0.0481704
-0.0510292
-0.0539518
-0.0569045
-0.0598534
-0.0627649
-0.0656059
-0.0683439
-0.070947
-0.0733842
-0.0756253
-0.0776409
-0.0794024
-0.0808818
-0.0820517
-0.0828847
-0.0833537
-0.0834309
-0.0830877
-0.0822945
-0.0810195
-0.0792286
-0.0768851
-0.073949
-0.0703761
-0.0661183
-0.0611232
-0.0553346
-0.0486927
-0.0411356
-0.032601
-0.023029
-0.0123653
-0.000567014
0.0123922
0.0265135
0.0417635
0.0580602
0.0752537
0.0930941
0.111183
0.128908
0.145397
0.159345
0.169102
0.173312
0.17292
-0.0732229
-0.0747854
-0.074594
-0.0719411
-0.0678492
-0.0630901
-0.0580621
-0.0530071
-0.0481678
-0.0437689
-0.0398423
-0.0363959
-0.0334433
-0.0309947
-0.0290518
-0.027608
-0.0266508
-0.0261673
-0.0261426
-0.0265517
-0.0273638
-0.0285517
-0.0300768
-0.0318954
-0.0339763
-0.0362898
-0.038804
-0.0414856
-0.0443002
-0.0472134
-0.0501902
-0.0531959
-0.0561961
-0.0591563
-0.062043
-0.0648227
-0.0674629
-0.0699315
-0.0721971
-0.0742289
-0.0759964
-0.0774697
-0.0786184
-0.0794125
-0.079821
-0.079812
-0.0793522
-0.0784066
-0.076937
-0.0749016
-0.0722559
-0.0689507
-0.0649313
-0.0601372
-0.0545023
-0.047954
-0.040414
-0.0317982
-0.0220183
-0.0109837
0.00139616
0.0152075
0.0305272
0.0474157
0.0659079
0.0860014
0.107637
0.130668
0.154807
0.179531
0.203884
0.226106
0.243331
0.253114
0.25669
-0.102199
-0.101142
-0.0966672
-0.0887027
-0.0792569
-0.0702399
-0.0622774
-0.055256
-0.0489562
-0.0433121
-0.0383782
-0.0341603
-0.030636
-0.0277747
-0.0255372
-0.0238863
-0.022792
-0.0222267
-0.0221649
-0.0225682
-0.0233791
-0.0245492
-0.026059
-0.0278892
-0.0300036
-0.0323627
-0.0349285
-0.0376641
-0.0405331
-0.0434995
-0.0465276
-0.0495819
-0.0526275
-0.0556297
-0.0585546
-0.0613683
-0.0640379
-0.0665306
-0.0688143
-0.0708569
-0.0726266
-0.0740916
-0.0752198
-0.0759782
-0.0763331
-0.0762486
-0.0756871
-0.0746086
-0.0729696
-0.0707235
-0.0678198
-0.0641996
-0.059798
-0.0545438
-0.0483577
-0.0411519
-0.0328285
-0.0232798
-0.0123875
-2.27152e-05
0.0139537
0.0296906
0.0473451
0.06708
0.0890606
0.113448
0.140386
0.169982
0.202248
0.236977
0.273383
0.309344
0.340771
0.362998
0.375286
-0.182113
-0.156336
-0.127341
-0.10372
-0.0863352
-0.0726951
-0.0614758
-0.0521923
-0.0444924
-0.0380595
-0.0327007
-0.0282874
-0.0247262
-0.021943
-0.0198394
-0.0183289
-0.017375
-0.0169431
-0.016991
-0.0174838
-0.0184008
-0.0197112
-0.0213726
-0.0233458
-0.0255923
-0.0280739
-0.0307535
-0.0335947
-0.036562
-0.03962
-0.0427335
-0.0458678
-0.0489885
-0.0520616
-0.0550532
-0.0579301
-0.060659
-0.0632073
-0.0655424
-0.0676317
-0.0694427
-0.0709426
-0.072098
-0.072875
-0.0732387
-0.0731539
-0.0725849
-0.0714663
-0.069743
-0.0673934
-0.0643672
-0.0605908
-0.0559901
-0.0504874
-0.0439958
-0.0364161
-0.0276363
-0.0175293
-0.00595117
0.00726288
0.022302
0.0393852
0.0587688
0.080756
0.10571
0.13407
0.166373
0.203271
0.245527
0.293892
0.348689
0.409087
0.472939
0.536771
0.588857
-0.463234
-0.300692
-0.192652
-0.135216
-0.100552
-0.0765958
-0.0592509
-0.046531
-0.0370257
-0.029755
-0.0241093
-0.0197152
-0.016327
-0.0137668
-0.0119392
-0.0107855
-0.0102249
-0.0101859
-0.0106131
-0.0114631
-0.012701
-0.0142934
-0.0162047
-0.0184004
-0.0208469
-0.0235105
-0.0263574
-0.0293541
-0.0324668
-0.035662
-0.038906
-0.0421654
-0.0454068
-0.0485971
-0.0517032
-0.0546923
-0.0575317
-0.0601887
-0.0626309
-0.0648256
-0.0667399
-0.0683402
-0.0695921
-0.0704595
-0.0709055
-0.0708903
-0.0704325
-0.0694311
-0.067756
-0.0654601
-0.0624994
-0.0587742
-0.0542085
-0.0487265
-0.0422398
-0.0346456
-0.0258259
-0.0156453
-0.00394648
0.00945601
0.0247841
0.0423091
0.0623705
0.0854055
0.111994
0.142928
0.179324
0.222786
0.275649
0.341236
0.423844
0.52799
0.658771
0.827539
1.02807
)
;

boundaryField
{
    movingWall
    {
        type            zeroGradient;
    }
    fixedWalls
    {
        type            zeroGradient;
    }
    frontAndBack
    {
        type            empty;
    }
}


// ************************************************************************* //
