/*--------------------------------*- C++ -*----------------------------------*\
  =========                 |
  \\      /  F ield         | OpenFOAM: The Open Source CFD Toolbox
   \\    /   O peration     | Website:  https://openfoam.org
    \\  /    A nd           | Version:  12
     \\/     M anipulation  |
\*---------------------------------------------------------------------------*/
FoamFile
{
    format      ascii;
    class       volScalarField;
    location    "4.5";
    object      epsilon;
}
// * * * * * * * * * * * * * * * * * * * * * * * * * * * * * * * * * * * * * //

dimensions      [0 2 -3 0 0 0 0];

internalField   nonuniform List<scalar> 
5625
(
5.11851e-07
3.46205e-06
7.70499e-06
1.2747e-05
1.83526e-05
2.43745e-05
3.07131e-05
3.73045e-05
4.4116e-05
5.11439e-05
5.84129e-05
6.59739e-05
7.39032e-05
8.23002e-05
9.1286e-05
0.000101001
0.000111602
0.000123264
0.000136172
0.000150526
0.000166533
0.000184409
0.000204376
0.000226658
0.000251481
0.000279069
0.000309644
0.000343418
0.000380596
0.000421369
0.000465914
0.000514393
0.000566949
0.000623705
0.000684762
0.000750199
0.000820073
0.00089441
0.000973209
0.00105643
0.00114398
0.00123573
0.00133143
0.00143076
0.00153326
0.00163829
0.00174499
0.00185222
0.00195854
0.00206214
0.00216075
0.00225167
0.00233167
0.00239677
0.0024409
0.00246074
0.00246159
0.00243011
0.00236454
0.00226458
0.00213125
0.00196755
0.00177871
0.00157202
0.00135619
0.00114043
0.000933391
0.000742171
0.000571644
0.000424223
0.00030007
0.000197702
0.00011497
5.05365e-05
7.44371e-06
9.6716e-07
1.88567e-06
3.77794e-06
6.11497e-06
8.7393e-06
1.15698e-05
1.45559e-05
1.76658e-05
2.08836e-05
2.42072e-05
2.7648e-05
3.12303e-05
3.499e-05
3.89741e-05
4.32401e-05
4.78545e-05
5.28925e-05
5.84364e-05
6.45755e-05
7.14045e-05
7.90233e-05
8.75354e-05
9.70477e-05
0.000107669
0.000119509
0.000132678
0.000147284
0.000163434
0.000181228
0.000200765
0.000222136
0.000245424
0.000270706
0.000298048
0.000327507
0.000359128
0.000392946
0.000428977
0.000467225
0.000507669
0.000550264
0.000594928
0.000641538
0.00068991
0.000739788
0.000790824
0.000842554
0.000894379
0.000945539
0.00099509
0.00104189
0.00108458
0.00112157
0.00115093
0.0011698
0.00117719
0.00117485
0.00115722
0.00112358
0.00107395
0.00100904
0.00093038
0.000840504
0.000742791
0.000641203
0.000539888
0.000442722
0.000352893
0.000272618
0.000203031
0.000144279
9.58072e-05
5.68811e-05
2.76664e-05
1.40518e-05
2.05477e-06
1.83779e-06
2.91199e-06
4.42692e-06
6.18638e-06
8.10964e-06
1.0153e-05
1.22912e-05
1.45116e-05
1.68123e-05
1.92009e-05
2.1694e-05
2.43169e-05
2.71024e-05
3.0091e-05
3.33296e-05
3.68715e-05
4.07757e-05
4.51061e-05
4.99313e-05
5.53239e-05
6.13604e-05
6.81201e-05
7.5685e-05
8.41389e-05
9.35672e-05
0.000104055
0.000115689
0.000128554
0.000142731
0.0001583
0.000175338
0.000193914
0.000214092
0.00023593
0.000259472
0.000284754
0.000311793
0.000340591
0.000371125
0.000403341
0.00043715
0.000472416
0.000508948
0.000546488
0.000584696
0.000623141
0.000661285
0.000698475
0.000733932
0.000766755
0.000795917
0.000820255
0.00083837
0.000848112
0.000850174
0.00084431
0.000827686
0.000800037
0.000761621
0.000713125
0.00065578
0.000591397
0.000522276
0.000451037
0.000380371
0.00031277
0.000250282
0.000194346
0.000145739
0.000104647
7.09068e-05
4.45052e-05
2.70116e-05
2.97351e-05
3.36222e-06
2.20305e-06
2.75508e-06
3.81848e-06
5.1381e-06
6.61828e-06
8.21229e-06
9.89496e-06
1.1654e-05
1.3487e-05
1.53998e-05
1.74056e-05
1.9525e-05
2.17851e-05
2.42192e-05
2.68665e-05
2.97718e-05
3.29851e-05
3.65611e-05
4.05594e-05
4.5044e-05
5.0083e-05
5.57485e-05
6.21166e-05
6.92663e-05
7.72801e-05
8.62429e-05
9.62415e-05
0.000107364
0.000119699
0.000133334
0.000148352
0.000164835
0.000182855
0.000202477
0.00022375
0.000246708
0.000271363
0.000297698
0.000325663
0.000355168
0.000386077
0.000418194
0.000451263
0.000484961
0.000518889
0.000552575
0.000585463
0.000616917
0.000646224
0.00067261
0.000695246
0.000713271
0.00072514
0.000729911
0.000728751
0.000720276
0.000703102
0.00067712
0.000642617
0.000600195
0.000550882
0.000496149
0.000437859
0.000378125
0.000319117
0.000262839
0.000210928
0.000164535
0.000124299
9.04493e-05
6.30733e-05
4.27196e-05
3.22334e-05
4.83073e-05
4.85026e-06
2.77037e-06
2.9048e-06
3.64833e-06
4.68085e-06
5.88668e-06
7.21236e-06
8.6304e-06
1.01276e-05
1.17006e-05
1.33542e-05
1.51001e-05
1.69567e-05
1.89484e-05
2.11057e-05
2.34647e-05
2.60671e-05
2.89599e-05
3.21956e-05
3.58319e-05
3.99318e-05
4.45639e-05
4.98019e-05
5.5725e-05
6.24175e-05
6.99689e-05
7.84735e-05
8.80293e-05
9.87379e-05
0.000110702
0.000124026
0.000138808
0.000155142
0.000173111
0.000192783
0.000214206
0.000237399
0.000262347
0.000288994
0.000317233
0.000346907
0.000377795
0.00040961
0.000442005
0.000474572
0.000506848
0.000538324
0.000568452
0.000596642
0.000622288
0.000644771
0.000663472
0.000677795
0.000686048
0.00068858
0.000685998
0.000676779
0.000660025
0.000635516
0.000603311
0.000563821
0.000517847
0.000466656
0.000411953
0.000355755
0.000300184
0.000247225
0.000198506
0.000155166
0.000117846
8.6832e-05
6.23906e-05
4.55157e-05
4.01986e-05
6.89771e-05
6.49249e-06
3.46702e-06
3.23143e-06
3.71857e-06
4.53748e-06
5.55079e-06
6.69661e-06
7.94405e-06
9.27833e-06
1.06953e-05
1.2199e-05
1.38005e-05
1.55174e-05
1.73734e-05
1.93981e-05
2.16275e-05
2.4103e-05
2.68724e-05
2.99897e-05
3.3515e-05
3.75151e-05
4.20639e-05
4.72423e-05
5.31384e-05
5.98478e-05
6.74732e-05
7.61242e-05
8.59162e-05
9.69692e-05
0.000109406
0.000123348
0.000138908
0.000156182
0.000175261
0.000196207
0.000219046
0.000243763
0.00027029
0.0002985
0.000328205
0.000359147
0.000391011
0.000423402
0.000455887
0.000487995
0.000519235
0.000549122
0.000577184
0.000602947
0.000625974
0.000645848
0.00066216
0.000674553
0.000681634
0.000683862
0.000681758
0.000673663
0.000658699
0.000636384
0.000606452
0.000568954
0.000524415
0.000473934
0.000419187
0.000362308
0.000305652
0.000251486
0.000201704
0.000157639
0.000120052
8.93133e-05
6.58271e-05
5.09642e-05
4.97693e-05
9.11346e-05
8.27336e-06
4.26073e-06
3.67836e-06
3.94567e-06
4.59309e-06
5.46147e-06
6.47931e-06
7.61151e-06
8.84165e-06
1.01648e-05
1.15846e-05
1.3112e-05
1.47649e-05
1.65673e-05
1.855e-05
2.07499e-05
2.32109e-05
2.59839e-05
2.91267e-05
3.27052e-05
3.67934e-05
4.1474e-05
4.6839e-05
5.29898e-05
6.00363e-05
6.80978e-05
7.73035e-05
8.77886e-05
9.96931e-05
0.000113158
0.000128323
0.000145314
0.000164243
0.000185184
0.000208173
0.000233197
0.000260175
0.000288959
0.000319317
0.000350941
0.000383448
0.000416393
0.000449304
0.000481686
0.000513056
0.000542969
0.000571032
0.000596922
0.000620408
0.000641309
0.000659473
0.000674742
0.000686862
0.00069509
0.000698817
0.000698951
0.00069381
0.0006822
0.000663216
0.000636119
0.000600552
0.000556729
0.000505579
0.000448798
0.000388743
0.000328159
0.000269795
0.000216022
0.000168556
0.000128406
9.60819e-05
7.21149e-05
5.82154e-05
6.04042e-05
0.000114341
1.01845e-05
5.13542e-06
4.21666e-06
4.28705e-06
4.79059e-06
5.54507e-06
6.46897e-06
7.52301e-06
8.68866e-06
9.9602e-06
1.13413e-05
1.28433e-05
1.44849e-05
1.62919e-05
1.82967e-05
2.05394e-05
2.30675e-05
2.59368e-05
2.92113e-05
3.29647e-05
3.72806e-05
4.22535e-05
4.79891e-05
5.46053e-05
6.22321e-05
7.10103e-05
8.10901e-05
9.26295e-05
0.00010579
0.00012073
0.000137595
0.000156516
0.000177592
0.000200872
0.000226342
0.000253918
0.000283425
0.000314597
0.000347075
0.000380417
0.000414118
0.000447638
0.000480447
0.000512052
0.000542037
0.000570092
0.000596022
0.000619751
0.000641309
0.000660772
0.000678216
0.000693643
0.000706889
0.000717533
0.000724981
0.000728309
0.000727428
0.000720308
0.00070557
0.000681932
0.000648609
0.000605474
0.00055325
0.000493621
0.00042916
0.000363046
0.000298616
0.000238863
0.000186056
0.000141594
0.00010622
8.06164e-05
6.68227e-05
7.18045e-05
0.000138286
1.22221e-05
6.08281e-06
4.83018e-06
4.71838e-06
5.09786e-06
5.76068e-06
6.61536e-06
7.61806e-06
8.74826e-06
9.9996e-06
1.13759e-05
1.28895e-05
1.45606e-05
1.64169e-05
1.84942e-05
2.08363e-05
2.34958e-05
2.65351e-05
3.00267e-05
3.40544e-05
3.87139e-05
4.41139e-05
5.0377e-05
5.7639e-05
6.60506e-05
7.5775e-05
8.69853e-05
9.98607e-05
0.000114581
0.000131316
0.000150217
0.0001714
0.000194935
0.000220817
0.000248958
0.000279168
0.00031115
0.000344498
0.000378707
0.000413204
0.000447384
0.000480656
0.000512501
0.000542509
0.000570423
0.000596149
0.000619757
0.000641449
0.000661517
0.000680262
0.000697924
0.000714597
0.000730147
0.000744167
0.000756028
0.000764351
0.000767729
0.000765708
0.000755838
0.000736229
0.000705676
0.000663697
0.000610737
0.000548366
0.000479275
0.000407019
0.000335534
0.000268536
0.000208988
0.000158846
0.000119205
9.09692e-05
7.65333e-05
8.37959e-05
0.00016277
1.43857e-05
7.09885e-06
5.50955e-06
5.22507e-06
5.49523e-06
6.08325e-06
6.88795e-06
7.86047e-06
8.97831e-06
1.02346e-05
1.16336e-05
1.31889e-05
1.49226e-05
1.68656e-05
1.90573e-05
2.15469e-05
2.43933e-05
2.76667e-05
3.14494e-05
3.58369e-05
4.09389e-05
4.68805e-05
5.38024e-05
6.18617e-05
7.12308e-05
8.20955e-05
9.46509e-05
0.000109095
0.00012562
0.000144401
0.000165575
0.000189232
0.000215385
0.000243952
0.000274737
0.00030742
0.000341554
0.000376579
0.000411853
0.000446695
0.000480447
0.000512536
0.000542539
0.000570217
0.000595546
0.000618706
0.000640051
0.000660045
0.00067919
0.000697938
0.000716606
0.000735292
0.000753819
0.000771692
0.000788082
0.00080175
0.000810193
0.000812649
0.000808004
0.000792925
0.000765816
0.000725832
0.000673054
0.00060879
0.000535675
0.000457494
0.000378714
0.000303806
0.000236563
0.000179663
0.000134715
0.000102957
8.71994e-05
9.62826e-05
0.000187703
1.66772e-05
8.18207e-06
6.24938e-06
5.79809e-06
5.96997e-06
6.49668e-06
7.26715e-06
8.227e-06
9.35181e-06
1.06343e-05
1.20793e-05
1.37022e-05
1.55275e-05
1.75897e-05
1.9933e-05
2.26122e-05
2.56942e-05
2.92581e-05
3.33975e-05
3.82211e-05
4.38542e-05
5.04397e-05
5.81386e-05
6.71293e-05
7.76069e-05
8.9779e-05
0.00010386
0.000120062
0.000138581
0.000159583
0.000183179
0.000209406
0.000238197
0.000269363
0.000302575
0.000337357
0.000373102
0.000409103
0.000444602
0.000478863
0.000511244
0.000541275
0.000568708
0.000593552
0.000616062
0.000636702
0.000656081
0.000674862
0.000693677
0.000713027
0.000733216
0.000754277
0.000775939
0.000797593
0.00081827
0.000836617
0.000850629
0.000857102
0.000857344
0.000847238
0.000824323
0.000787417
0.000736152
0.000671403
0.00059553
0.000512333
0.00042666
0.000343711
0.0002682
0.000203709
0.000152554
0.000116452
9.87374e-05
0.000109202
0.000212993
1.91003e-05
9.33266e-06
7.04681e-06
6.43176e-06
6.51368e-06
6.99032e-06
7.73985e-06
8.70218e-06
9.85087e-06
1.11783e-05
1.26902e-05
1.44038e-05
1.63468e-05
1.85576e-05
2.10859e-05
2.39935e-05
2.73555e-05
3.12617e-05
3.58179e-05
4.11475e-05
4.73926e-05
5.47153e-05
6.32972e-05
7.3339e-05
8.50572e-05
9.86791e-05
0.000114434
0.00013254
0.000153187
0.000176516
0.000202591
0.000231372
0.000262687
0.000296214
0.000331465
0.000367801
0.000404459
0.000440609
0.000475429
0.000508193
0.000538358
0.000565636
0.000590029
0.000611829
0.000631577
0.000649989
0.000667857
0.000685956
0.000704942
0.00072528
0.000747184
0.000770584
0.000795101
0.000820035
0.000844345
0.000866631
0.000885262
0.000896651
0.000900443
0.00089566
0.00087768
0.000845022
0.000796815
0.000733344
0.000656459
0.000569705
0.000478093
0.000387444
0.000303444
0.000230751
0.000172605
0.000131381
0.000111109
0.000122529
0.000238623
2.16603e-05
1.0552e-05
7.90064e-06
7.12263e-06
7.12079e-06
7.55695e-06
8.29714e-06
9.27545e-06
1.04633e-05
1.18528e-05
1.34507e-05
1.52765e-05
1.73612e-05
1.9748e-05
2.24926e-05
2.56644e-05
2.93481e-05
3.36447e-05
3.86737e-05
4.4574e-05
5.15057e-05
5.96505e-05
6.92112e-05
8.04095e-05
9.3482e-05
0.000108671
0.000126215
0.000146328
0.000169181
0.00019487
0.00022339
0.000254601
0.000288201
0.000323711
0.000360478
0.000397701
0.000434484
0.000469921
0.00050319
0.000533655
0.000560953
0.000585043
0.000606217
0.000625055
0.000642345
0.000658983
0.000675855
0.000693744
0.000713246
0.000734715
0.000758241
0.000783632
0.000810426
0.00083788
0.000864959
0.000890337
0.000912521
0.000928691
0.000935866
0.000935955
0.000923542
0.00089622
0.00085262
0.000792321
0.000716448
0.000628002
0.000531865
0.000434289
0.000341914
0.000260619
0.000194805
0.000147722
0.00012431
0.000136267
0.000264619
2.43636e-05
1.18424e-05
8.81088e-06
7.86882e-06
7.7877e-06
8.19176e-06
8.93292e-06
9.93957e-06
1.11808e-05
1.26483e-05
1.43502e-05
1.63084e-05
1.85576e-05
2.11462e-05
2.41367e-05
2.76068e-05
3.16513e-05
3.63837e-05
4.19377e-05
4.84688e-05
5.61556e-05
6.51994e-05
7.58238e-05
8.827e-05
0.000102791
0.000119639
0.000139053
0.00016123
0.000186306
0.000214314
0.000245157
0.000278571
0.000314104
0.000351111
0.000388772
0.000426145
0.000462245
0.000496151
0.000527115
0.000554673
0.000578703
0.000599455
0.000617512
0.000633706
0.000649007
0.000664398
0.000680763
0.000698805
0.000718993
0.000741534
0.000766378
0.000793235
0.00082159
0.000850717
0.000879653
0.000907202
0.00093198
0.000951957
0.000963531
0.000967091
0.000960679
0.000939545
0.000901903
0.00084658
0.000773812
0.000685779
0.000586893
0.000483559
0.000383255
0.000293176
0.000219124
0.000165483
0.000138362
0.000150442
0.00029104
2.72176e-05
1.32067e-05
9.77837e-06
8.66953e-06
8.51244e-06
8.89149e-06
9.64308e-06
1.06896e-05
1.19976e-05
1.35585e-05
1.53815e-05
1.74914e-05
1.99269e-05
2.27421e-05
2.60065e-05
2.98072e-05
3.42497e-05
3.94605e-05
4.55883e-05
5.28056e-05
6.13095e-05
7.1321e-05
8.30825e-05
9.68521e-05
0.000112894
0.000131465
0.000152791
0.000177043
0.000204299
0.000234512
0.000267471
0.000302769
0.000339792
0.000377728
0.000415608
0.000452385
0.000487041
0.000518711
0.000546801
0.000571078
0.000591708
0.000609235
0.000624504
0.000638538
0.000652398
0.000667067
0.000683339
0.000701773
0.000722676
0.000746097
0.000771863
0.000799615
0.000828829
0.000858837
0.000888798
0.000917692
0.000944332
0.000967003
0.000982962
0.000989781
0.000988866
0.000974421
0.000943722
0.000894884
0.000827179
0.000741729
0.000642122
0.000534547
0.000427093
0.000328288
0.000245549
0.000184697
0.000153304
0.000165092
0.000317964
3.02309e-05
1.46485e-05
1.08046e-05
9.52483e-06
9.294e-06
9.6542e-06
1.0425e-05
1.15224e-05
1.29101e-05
1.4579e-05
1.65398e-05
1.882e-05
2.14628e-05
2.45282e-05
2.80936e-05
3.22554e-05
3.71309e-05
4.28599e-05
4.96066e-05
5.75605e-05
6.69369e-05
7.79752e-05
9.09345e-05
0.000106086
0.0001237
0.000144026
0.000167268
0.000193553
0.000222888
0.000255123
0.000289915
0.000326702
0.000364707
0.00040296
0.000440377
0.000475856
0.000508412
0.00053731
0.000562171
0.000583041
0.000600384
0.000615018
0.000627988
0.00064043
0.00065341
0.000667833
0.000684339
0.000703298
0.000724863
0.00074893
0.000775235
0.00080338
0.000832865
0.000863092
0.000893372
0.000922876
0.000950632
0.000975163
0.000994739
0.00100569
0.0010087
0.00100106
0.000977816
0.000936514
0.000875498
0.000794689
0.000696506
0.000586494
0.000473008
0.000365799
0.000274072
0.000205404
0.000169189
0.000180265
0.000345475
3.34125e-05
1.61717e-05
1.18916e-05
1.04354e-05
1.01322e-05
1.04789e-05
1.12772e-05
1.24361e-05
1.3916e-05
1.57073e-05
1.7822e-05
2.02905e-05
2.31608e-05
2.64991e-05
3.03911e-05
3.49431e-05
4.02843e-05
4.65682e-05
5.39746e-05
6.27098e-05
7.30063e-05
8.512e-05
9.93236e-05
0.000115896
0.000135106
0.000157188
0.000182311
0.00021054
0.000241793
0.000275803
0.000312082
0.00034991
0.000388349
0.000426304
0.000462614
0.000496186
0.000526135
0.000551918
0.000573422
0.000590989
0.000605366
0.000617592
0.00062884
0.000640299
0.000652973
0.00066753
0.000684481
0.00070404
0.00072619
0.000750703
0.000777254
0.000805433
0.000834788
0.000864819
0.000894962
0.000924577
0.00095288
0.000978645
0.00100054
0.00101576
0.00102204
0.00102032
0.00100454
0.000971269
0.00091808
0.00084367
0.000749025
0.000638583
0.000520498
0.000405503
0.000304672
0.000227647
0.000186073
0.000196012
0.000373663
3.67725e-05
1.77807e-05
1.30417e-05
1.14026e-05
1.10274e-05
1.13654e-05
1.21992e-05
1.34298e-05
1.50141e-05
1.69418e-05
1.92261e-05
2.19005e-05
2.50177e-05
2.86507e-05
3.28934e-05
3.78626e-05
4.36995e-05
5.05716e-05
5.86739e-05
6.82286e-05
7.94841e-05
9.27101e-05
0.000108189
0.000126202
0.000147007
0.000170812
0.000197738
0.000227774
0.000260734
0.00029622
0.000333594
0.000371978
0.000410301
0.000447374
0.000482014
0.000513198
0.000540204
0.000562733
0.000580963
0.000595523
0.000607404
0.000617802
0.000628069
0.000639106
0.000651813
0.000666833
0.000684447
0.00070465
0.000727337
0.000752178
0.000778807
0.000806831
0.000835861
0.000865494
0.000895283
0.000924743
0.000953223
0.000979678
0.00100296
0.00102139
0.00103124
0.00103358
0.00102481
0.00099946
0.00095463
0.00088792
0.000798723
0.000689945
0.000568978
0.000447127
0.000337292
0.000251465
0.000204017
0.000212386
0.000402609
4.03213e-05
1.94803e-05
1.42577e-05
1.24279e-05
1.19806e-05
1.23142e-05
1.31911e-05
1.45034e-05
1.62042e-05
1.8282e-05
2.07513e-05
2.36483e-05
2.70311e-05
3.09792e-05
3.55952e-05
4.10064e-05
4.73662e-05
5.48556e-05
6.36843e-05
7.40895e-05
8.63331e-05
0.000100695
0.000117464
0.000136914
0.000159285
0.000184748
0.000213361
0.000245023
0.000279435
0.000316058
0.000354105
0.000392559
0.000430239
0.00046591
0.000498426
0.000526891
0.0005508
0.000570129
0.000585346
0.000597339
0.000607304
0.000616653
0.000626286
0.000637376
0.000650612
0.0006664
0.000684803
0.000705754
0.000728986
0.000754126
0.000780799
0.000808647
0.000837335
0.000866537
0.000895903
0.000925056
0.000953452
0.000980195
0.00100434
0.00102458
0.00103787
0.00104296
0.00103996
0.00102188
0.000985289
0.000926989
0.000844781
0.000739699
0.000617776
0.000490317
0.000371836
0.000276883
0.000223072
0.000229433
0.000432384
4.40703e-05
2.12754e-05
1.55427e-05
1.35134e-05
1.29932e-05
1.33263e-05
1.42536e-05
1.56575e-05
1.74867e-05
1.97281e-05
2.2397e-05
2.55329e-05
2.91987e-05
3.34809e-05
3.84909e-05
4.43663e-05
5.12726e-05
5.94039e-05
6.89836e-05
8.02619e-05
9.35119e-05
0.000109021
0.000127074
0.000147936
0.000171818
0.000198841
0.000228988
0.000262061
0.000297635
0.000335031
0.000373323
0.000411376
0.00044794
0.000481782
0.000511848
0.000537422
0.000558253
0.000574599
0.000587205
0.000597187
0.00060598
0.000614562
0.000624251
0.000635892
0.000650001
0.00066675
0.000686104
0.000707928
0.000731774
0.000757281
0.000784084
0.000811858
0.000840317
0.000869196
0.000898215
0.00092707
0.000955284
0.000982066
0.0010066
0.00102772
0.00104346
0.00105081
0.00105164
0.00103973
0.00101064
0.000960793
0.000886589
0.000787011
0.000666159
0.000534635
0.000408149
0.00030391
0.000243278
0.000247197
0.000463048
4.80312e-05
2.31714e-05
1.69e-05
1.46613e-05
1.40669e-05
1.4403e-05
1.53879e-05
1.68933e-05
1.88624e-05
2.12804e-05
2.41633e-05
2.75534e-05
3.15186e-05
3.61522e-05
4.15745e-05
4.79333e-05
5.54057e-05
6.41982e-05
7.45463e-05
8.67115e-05
0.000100975
0.000117625
0.000136941
0.000159168
0.000184478
0.000212933
0.000244433
0.000278671
0.000315094
0.000352891
0.000391013
0.000428236
0.000463285
0.000494979
0.000522405
0.000545071
0.000562992
0.000576705
0.000587186
0.000595886
0.000603801
0.000612367
0.000622604
0.000635191
0.000650407
0.000668314
0.000688878
0.000711661
0.000736243
0.000762257
0.00078935
0.00081723
0.000845656
0.000874411
0.000903263
0.000931953
0.000960037
0.000986779
0.00101142
0.00103287
0.00104975
0.001059
0.00106178
0.00105456
0.00103166
0.000989643
0.000923822
0.000831159
0.000713369
0.000579562
0.000446019
0.000332532
0.000264652
0.000265712
0.000494642
5.22167e-05
2.51742e-05
1.83332e-05
1.58742e-05
1.52038e-05
1.55462e-05
1.65957e-05
1.82122e-05
2.03327e-05
2.294e-05
2.60503e-05
2.97088e-05
3.39882e-05
3.89886e-05
4.48389e-05
5.16968e-05
5.97504e-05
6.92175e-05
8.03441e-05
9.34002e-05
0.000108671
0.000126443
0.000146981
0.000170503
0.000197134
0.000226869
0.000259514
0.000294651
0.000331603
0.000369437
0.000407004
0.000443029
0.000476253
0.000505597
0.000530332
0.000550208
0.000565514
0.000577036
0.000586111
0.000593779
0.000601561
0.000610624
0.000621835
0.00063563
0.000652184
0.000671604
0.000693456
0.000717325
0.000742794
0.00076948
0.000797053
0.000825252
0.000853875
0.000882747
0.000911674
0.000940422
0.000968555
0.000995348
0.00102003
0.00104154
0.00105868
0.00106881
0.00107248
0.00106809
0.0010497
0.00101425
0.000956495
0.000871615
0.000758674
0.000624517
0.000485165
0.000362722
0.000287165
0.000285009
0.000527194
5.66412e-05
2.729e-05
1.98461e-05
1.71549e-05
1.6406e-05
1.67578e-05
1.7879e-05
1.9616e-05
2.18991e-05
2.47078e-05
2.80582e-05
3.19981e-05
3.66047e-05
4.1985e-05
4.82759e-05
5.56448e-05
6.42897e-05
7.44383e-05
8.63454e-05
0.000100286
0.000116546
0.000135404
0.000157106
0.000181833
0.000209658
0.000240497
0.000274064
0.000309826
0.000346991
0.00038452
0.000421195
0.000455726
0.000486915
0.000513825
0.000535938
0.000553261
0.000566338
0.000576288
0.000584213
0.000591599
0.00059977
0.000609775
0.000622248
0.000637502
0.000655817
0.000676796
0.000700057
0.000725153
0.00075165
0.000779169
0.0008074
0.000836116
0.000865157
0.000894389
0.000923651
0.000952731
0.00098119
0.00100827
0.00103314
0.00105466
0.00107162
0.0010817
0.0010855
0.00108211
0.00106631
0.00103569
0.000984992
0.000908102
0.000801432
0.000668884
0.000525235
0.000394376
0.000310817
0.000305106
0.000560714
6.1318e-05
2.9525e-05
2.14427e-05
1.85062e-05
1.7676e-05
1.80403e-05
1.92401e-05
2.1107e-05
2.35634e-05
2.65849e-05
3.01871e-05
3.44197e-05
3.93646e-05
4.51351e-05
5.18759e-05
5.97632e-05
6.9004e-05
7.98344e-05
9.25151e-05
0.000107324
0.000124543
0.000144437
0.000167227
0.000193052
0.000221924
0.00025368
0.000287934
0.000324048
0.000361125
0.000398046
0.00043355
0.000466374
0.000495419
0.000519919
0.000539586
0.000554681
0.000566007
0.000574743
0.000582195
0.000589817
0.000598835
0.000610102
0.000624078
0.000641265
0.000661352
0.00068401
0.000708793
0.000735224
0.000762861
0.000791331
0.000820353
0.000849738
0.000879372
0.00090917
0.000939014
0.000968715
0.000997836
0.00102557
0.00105097
0.00107273
0.00108945
0.00109886
0.00110226
0.00109832
0.00108318
0.00105532
0.00101005
0.000940649
0.000841147
0.000712045
0.000565821
0.000427333
0.00033561
0.00032601
0.000595202
6.62609e-05
3.18856e-05
2.31271e-05
1.99314e-05
1.90167e-05
1.93963e-05
2.06814e-05
2.26875e-05
2.53274e-05
2.85723e-05
3.24365e-05
3.69716e-05
4.22634e-05
4.84315e-05
5.56277e-05
6.40362e-05
7.38717e-05
8.53767e-05
9.88157e-05
0.000114466
0.0001326
0.000153467
0.000177255
0.000204055
0.000233816
0.00026629
0.000300998
0.000337203
0.00037392
0.000409974
0.000444097
0.000475086
0.000501972
0.000524184
0.000541667
0.000554903
0.000564978
0.000572996
0.000580492
0.000588812
0.000599033
0.000611767
0.000627765
0.000646877
0.000668849
0.000693271
0.000719646
0.000747472
0.000776303
0.000805782
0.00083566
0.000865795
0.00089613
0.000926643
0.000957272
0.000987868
0.00101801
0.00104684
0.00107326
0.00109575
0.00111249
0.00112109
0.00112377
0.00111818
0.00110196
0.00107465
0.00103273
0.000969603
0.000877527
0.000753429
0.000606472
0.000461399
0.000361509
0.000347722
0.000630639
7.14848e-05
3.43784e-05
2.49036e-05
2.14336e-05
2.04309e-05
2.08284e-05
2.22057e-05
2.43598e-05
2.7193e-05
3.06709e-05
3.48059e-05
3.9651e-05
4.52959e-05
5.18656e-05
5.95186e-05
6.8446e-05
7.88688e-05
9.10339e-05
0.000105207
0.000121661
0.000140657
0.000162419
0.000187102
0.000214745
0.000245227
0.00027822
0.000313156
0.000349211
0.000385333
0.000420317
0.00045292
0.000482028
0.000506828
0.000526955
0.000542583
0.000554455
0.000563606
0.000571461
0.00057946
0.000588869
0.000600447
0.000615204
0.000633224
0.000654364
0.000678284
0.000704503
0.000732482
0.000761701
0.000791714
0.000822184
0.000852904
0.00088379
0.000914857
0.00094616
0.000977717
0.00100944
0.00104093
0.00107132
0.00109937
0.00112334
0.0011406
0.00114873
0.00115067
0.00114285
0.00112416
0.00109527
0.00105431
0.000995626
0.000910523
0.000792557
0.000646716
0.000496347
0.000388453
0.000370233
0.000667001
7.70054e-05
3.70106e-05
2.67766e-05
2.30164e-05
2.19217e-05
2.23399e-05
2.38158e-05
2.61265e-05
2.9162e-05
3.28812e-05
3.72942e-05
4.24546e-05
4.84557e-05
5.54273e-05
6.35341e-05
7.29728e-05
8.39693e-05
9.67728e-05
0.000111647
0.000128858
0.000148651
0.000171223
0.000196688
0.000225032
0.000256066
0.000289384
0.000324337
0.00036003
0.000395365
0.000429134
0.000460147
0.000487406
0.000510268
0.000528571
0.000542687
0.000553562
0.000562336
0.000570476
0.000579378
0.000589995
0.000603513
0.000620332
0.000640457
0.000663671
0.000689546
0.000717539
0.000747073
0.000777614
0.000808723
0.000840092
0.000871564
0.000903125
0.000934876
0.000966972
0.000999527
0.00103253
0.00106567
0.00109806
0.00112836
0.0011546
0.00117335
0.0011817
0.00118315
0.0011731
0.00115101
0.0011187
0.00107621
0.00101965
0.00094035
0.000829078
0.000686082
0.000531909
0.000416357
0.000393524
0.00070425
8.28391e-05
3.97894e-05
2.87511e-05
2.46834e-05
2.34925e-05
2.39338e-05
2.5515e-05
2.79903e-05
3.12362e-05
3.52037e-05
3.98996e-05
4.53781e-05
5.17352e-05
5.91054e-05
6.76583e-05
7.75954e-05
8.91456e-05
0.000102559
0.000118094
0.000136006
0.000156521
0.000179808
0.000205937
0.000234839
0.000266258
0.000299718
0.000334499
0.000369652
0.000404057
0.000436526
0.000465947
0.000491456
0.000512586
0.000529379
0.000542414
0.000552664
0.000561488
0.000570304
0.000580251
0.000592632
0.000608191
0.00062713
0.0006494
0.000674679
0.000702459
0.000732141
0.000763118
0.000794846
0.0008269
0.000859009
0.000891076
0.000923169
0.000955491
0.000988311
0.00102187
0.00105625
0.00109124
0.001126
0.0011591
0.00118839
0.00120996
0.00121954
0.00122099
0.00120928
0.00118344
0.00114628
0.0010999
0.00104282
0.000967486
0.000862815
0.000724132
0.000567787
0.000445113
0.000417566
0.00074234
8.90032e-05
4.27227e-05
3.08318e-05
2.64385e-05
2.51467e-05
2.56135e-05
2.73062e-05
2.99538e-05
3.34171e-05
3.76381e-05
4.26199e-05
4.84164e-05
5.5126e-05
6.28872e-05
7.18739e-05
8.22911e-05
9.43691e-05
0.000108356
0.000124504
0.000143054
0.000164212
0.000188113
0.000214783
0.000244101
0.000275748
0.000309183
0.00034363
0.000378104
0.000411485
0.000442626
0.000470515
0.000494428
0.000514077
0.000529685
0.000541979
0.00055206
0.00056132
0.00057099
0.000582469
0.000596803
0.000614438
0.000635537
0.000659936
0.000687215
0.000716793
0.000748025
0.000780276
0.000813001
0.000845795
0.000878434
0.00091089
0.000943326
0.000976056
0.00100948
0.00104396
0.00107973
0.00111669
0.0011541
0.00119049
0.00122352
0.00124927
0.00126143
0.00126364
0.00125131
0.00122197
0.0011791
0.00112677
0.0010664
0.000992649
0.00089378
0.000760481
0.000603661
0.000474591
0.00044232
0.000781212
9.55157e-05
4.58184e-05
3.30239e-05
2.82857e-05
2.68881e-05
2.73827e-05
2.91929e-05
3.20196e-05
3.57061e-05
4.01842e-05
4.54522e-05
5.15635e-05
5.86185e-05
6.67592e-05
7.61627e-05
8.70363e-05
9.96103e-05
0.000114129
0.000130835
0.000149956
0.00017167
0.000196081
0.000223173
0.00025277
0.000284499
0.000317764
0.000351746
0.000385445
0.000417754
0.000447595
0.000474061
0.000496578
0.000515025
0.000529787
0.000541724
0.000552003
0.000561895
0.000572853
0.000586133
0.000602445
0.000622204
0.000645449
0.000671906
0.000701067
0.000732289
0.000764881
0.000798193
0.000831684
0.000864978
0.000897906
0.000930519
0.000963081
0.000996025
0.00102988
0.00106518
0.00110228
0.00114123
0.00118145
0.00122149
0.00125888
0.00128989
0.00130632
0.00131028
0.00129873
0.00126675
0.00121793
0.00115806
0.00109171
0.00101675
0.000922191
0.000794834
0.000639195
0.00050464
0.000467733
0.0008208
0.000102395
4.9085e-05
3.53327e-05
3.02292e-05
2.87206e-05
2.92451e-05
3.11784e-05
3.41903e-05
3.81044e-05
4.2841e-05
4.8393e-05
5.48127e-05
6.22024e-05
7.07066e-05
8.05054e-05
9.18069e-05
0.00010484
0.000119843
0.000137049
0.000156666
0.000178849
0.000203668
0.000231063
0.000260813
0.000292495
0.00032547
0.000358891
0.000391756
0.000422997
0.00045161
0.000476806
0.000498158
0.000515696
0.000529948
0.000541846
0.000552555
0.000563507
0.000576062
0.000591174
0.000609526
0.000631404
0.000656728
0.000685123
0.000716005
0.000748672
0.000782401
0.00081653
0.000850531
0.000884069
0.000917036
0.000949569
0.000982036
0.00101499
0.00104911
0.00108505
0.00112335
0.00116424
0.0012073
0.0012512
0.0012935
0.00133038
0.00135299
0.00135993
0.00135074
0.00131752
0.00126321
0.00119479
0.00112002
0.00104084
0.000948465
0.000827003
0.000674058
0.000535091
0.000493745
0.000861023
0.000109662
5.25313e-05
3.77638e-05
3.22734e-05
3.06483e-05
3.12047e-05
3.32663e-05
3.64685e-05
4.0613e-05
4.56072e-05
5.14381e-05
5.81566e-05
6.58664e-05
7.47144e-05
8.48824e-05
9.65787e-05
0.000110029
0.000125465
0.000143108
0.000163146
0.000185711
0.000210836
0.000238426
0.000268216
0.000299742
0.000332333
0.000365131
0.000397147
0.000427363
0.000454862
0.000478974
0.00049941
0.000516333
0.000530366
0.000542504
0.000554038
0.000566352
0.000580559
0.000597585
0.000617985
0.000641924
0.000669213
0.000699388
0.000731792
0.000765677
0.000800294
0.00083498
0.000869231
0.00090276
0.000935527
0.000967758
0.000999924
0.0010327
0.00106688
0.0011033
0.00114265
0.00118533
0.00123114
0.00127894
0.00132639
0.00136962
0.00140014
0.00141157
0.00140628
0.00137369
0.00131498
0.00123768
0.00115251
0.00106605
0.000973195
0.000856928
0.000707929
0.000565759
0.000520279
0.000901787
0.000117337
5.61664e-05
4.0323e-05
3.4423e-05
3.26755e-05
3.32654e-05
3.54602e-05
3.88568e-05
4.32326e-05
4.84812e-05
5.45829e-05
6.15872e-05
6.95989e-05
7.8767e-05
8.92744e-05
0.000101329
0.000115151
0.000130966
0.00014898
0.000169365
0.000192224
0.000217562
0.000245248
0.000274979
0.000306263
0.000338406
0.000370553
0.000401741
0.000431013
0.000457545
0.000480784
0.000500565
0.000517167
0.000531286
0.000543997
0.000556632
0.0005704
0.00058636
0.000605326
0.000627734
0.000653634
0.000682738
0.000714498
0.000748199
0.000783055
0.000818301
0.000853287
0.000887539
0.000920825
0.00095318
0.000984918
0.00101661
0.00104904
0.00108313
0.00111984
0.00116004
0.00120431
0.0012527
0.00130427
0.00135688
0.00140665
0.00144636
0.00146426
0.0014641
0.00143435
0.00137296
0.00128717
0.00119016
0.00109351
0.000997128
0.000884689
0.000740521
0.000596448
0.000547249
0.000942985
0.000125441
6e-05
4.30164e-05
3.66827e-05
3.48067e-05
3.54318e-05
3.77638e-05
4.13575e-05
4.59637e-05
5.14609e-05
5.78224e-05
6.50962e-05
7.33882e-05
8.28492e-05
9.36626e-05
0.000106034
0.000120182
0.000136319
0.00015464
0.000175296
0.000198369
0.000223834
0.000251529
0.000281124
0.000312102
0.000343763
0.000375262
0.000405677
0.000434119
0.000459856
0.000482447
0.000501838
0.000518403
0.000532904
0.000546448
0.000560348
0.000575691
0.000593453
0.000614339
0.000638673
0.000666397
0.000697133
0.000730261
0.000765018
0.00080059
0.000836212
0.000871251
0.00090528
0.000938124
0.000969895
0.00100099
0.00103207
0.00106403
0.00109789
0.00113474
0.0011756
0.00122123
0.00127192
0.00132702
0.00138463
0.00144099
0.00148989
0.00151738
0.00152283
0.00149841
0.00143655
0.00134338
0.00123376
0.00112431
0.00102111
0.000910502
0.00077159
0.000626953
0.000574553
0.000984493
0.000133998
6.40419e-05
4.58502e-05
3.90576e-05
3.70466e-05
3.77081e-05
4.01808e-05
4.39731e-05
4.88067e-05
5.4544e-05
6.11512e-05
6.8675e-05
7.72226e-05
8.69462e-05
9.80297e-05
0.000110677
0.0001251
0.000141502
0.000160067
0.000180925
0.000204137
0.000229653
0.000257287
0.000286685
0.00031732
0.000348492
0.000379379
0.000409106
0.000436855
0.000461987
0.000484163
0.000503424
0.000520217
0.000535345
0.000549927
0.000565248
0.000582238
0.000601805
0.000624553
0.000650698
0.000680079
0.00071224
0.000746503
0.000782066
0.000818105
0.000853862
0.000888735
0.000922348
0.000954592
0.000985653
0.00101601
0.0010464
0.0010778
0.00111133
0.0011482
0.00118953
0.00123628
0.00128896
0.00134725
0.00140955
0.00147244
0.00153007
0.0015691
0.00158165
0.00156461
0.00150487
0.0014061
0.00128383
0.00115943
0.00104606
0.000934719
0.000800952
0.000657066
0.000602079
0.00102617
0.000143031
6.83026e-05
4.88308e-05
4.15529e-05
3.94003e-05
4.00991e-05
4.27152e-05
4.67059e-05
5.17617e-05
5.7728e-05
6.4564e-05
7.23154e-05
8.10909e-05
9.10445e-05
0.00010236
0.00011524
0.000129888
0.000146502
0.000165249
0.000186245
0.00020953
0.000235035
0.000262552
0.000291717
0.000321993
0.000352697
0.000383033
0.000412182
0.000439397
0.000464127
0.000486121
0.0005055
0.000522767
0.000538738
0.000554531
0.000571354
0.000590036
0.000611375
0.000635895
0.000663703
0.000694552
0.000727916
0.000763073
0.000799198
0.000835464
0.000871137
0.000905657
0.000938703
0.000970234
0.00100051
0.00103007
0.00105974
0.00109056
0.00112371
0.00116049
0.00120215
0.00124979
0.00130413
0.00136519
0.00143174
0.00150075
0.00156666
0.00161817
0.0016397
0.00163163
0.00157681
0.00147484
0.00134064
0.00119972
0.00107291
0.000957808
0.00082849
0.000686583
0.000629701
0.00106787
0.000152566
7.27928e-05
5.1965e-05
4.4174e-05
4.18729e-05
4.26096e-05
4.53708e-05
4.95582e-05
5.48288e-05
6.10103e-05
6.80555e-05
7.60095e-05
8.49833e-05
9.51327e-05
0.000106642
0.00011971
0.000134537
0.000151309
0.000170183
0.000191261
0.000214564
0.000240009
0.000267373
0.000296286
0.000326215
0.000356494
0.000386366
0.000415066
0.000441919
0.000466455
0.000488497
0.000508229
0.000526188
0.000543186
0.000560328
0.000578681
0.000599071
0.000622119
0.000648292
0.000677595
0.000709705
0.000744042
0.000779853
0.000816301
0.000852575
0.000887973
0.000921986
0.000954355
0.000985105
0.00101456
0.00104334
0.0010723
0.00110255
0.00113532
0.00117197
0.00121384
0.00126216
0.00131786
0.00138125
0.00145151
0.00152607
0.00159969
0.00166338
0.00169642
0.00169813
0.00165114
0.00154885
0.00140419
0.00124585
0.00110254
0.000980336
0.000854169
0.000715304
0.000657282
0.00110943
0.000162627
7.75235e-05
5.52596e-05
4.69266e-05
4.44698e-05
4.52446e-05
4.81518e-05
5.25324e-05
5.8008e-05
6.43884e-05
7.16207e-05
7.97504e-05
8.88914e-05
9.92019e-05
0.000110866
0.000124081
0.00013904
0.000155924
0.000174877
0.000195988
0.000219267
0.000244618
0.000271811
0.000300475
0.000330088
0.00036001
0.000389524
0.000417921
0.000444595
0.000469143
0.000491454
0.000511754
0.000530595
0.000548774
0.000567338
0.000587279
0.000609333
0.000634004
0.000661684
0.000692294
0.000725447
0.000760525
0.000796753
0.000833302
0.000869386
0.000904348
0.000937736
0.000969356
0.000999301
0.00102796
0.00105599
0.00108431
0.00111404
0.00114648
0.001183
0.00122501
0.00127386
0.00133063
0.00139592
0.00146931
0.00154875
0.00162962
0.00170369
0.00175127
0.00176298
0.00172657
0.00162714
0.00147421
0.00129832
0.0011358
0.00100294
0.000878035
0.000743039
0.000684674
0.00115065
0.000173243
8.25062e-05
5.87217e-05
4.98165e-05
4.71964e-05
4.80091e-05
5.1062e-05
5.56307e-05
6.12993e-05
6.78602e-05
7.52555e-05
8.35327e-05
9.28093e-05
0.000103246
0.000115029
0.000128351
0.000143403
0.000160357
0.000179347
0.000200456
0.000223681
0.00024892
0.000275943
0.00030438
0.000333731
0.000363381
0.000392659
0.000420911
0.000447591
0.000472357
0.000495145
0.000516207
0.000536091
0.000555566
0.000575616
0.000597168
0.000620817
0.000647001
0.000676022
0.000707737
0.000741712
0.000777297
0.000813718
0.000850163
0.000885883
0.000920277
0.000952956
0.000983792
0.00101294
0.00104085
0.00106821
0.00109599
0.00112532
0.0011575
0.00119394
0.00123608
0.00128534
0.00134295
0.00140974
0.00148569
0.00156928
0.00165655
0.00173991
0.00180256
0.00182569
0.0018018
0.00170856
0.00155021
0.00135732
0.00117345
0.0010263
0.000900219
0.000769617
0.000711721
0.00119136
0.00018444
8.77525e-05
6.23583e-05
5.28494e-05
5.00586e-05
5.09085e-05
5.41057e-05
5.88554e-05
6.47029e-05
7.14236e-05
7.89566e-05
8.73526e-05
9.67339e-05
0.000107265
0.000119132
0.000132527
0.000147637
0.000164627
0.000183626
0.000204706
0.000227863
0.00025299
0.000279859
0.000308113
0.000337271
0.000366752
0.00039593
0.000424201
0.000451075
0.000476256
0.000499716
0.000521714
0.000542779
0.000563639
0.000585218
0.00060835
0.000633522
0.000661087
0.000691273
0.000723887
0.000758458
0.000794326
0.000830726
0.000866879
0.000902086
0.000935807
0.000967721
0.000997766
0.00102616
0.00105339
0.00108021
0.00110757
0.00113663
0.00116868
0.00120513
0.00124744
0.00129707
0.00135535
0.00142329
0.00150125
0.00158822
0.00168096
0.00177253
0.0018495
0.00188575
0.00187561
0.00179183
0.00163141
0.00142285
0.00121618
0.00105109
0.000920932
0.000794883
0.000738254
0.00123133
0.000196247
9.3274e-05
6.61767e-05
5.60315e-05
5.30622e-05
5.3948e-05
5.72868e-05
6.22088e-05
6.82191e-05
7.50778e-05
8.27226e-05
9.12092e-05
0.000100666
0.000111262
0.000123184
0.000136624
0.000151764
0.000168767
0.000187755
0.000208797
0.000231885
0.000256915
0.000283665
0.000311796
0.000340848
0.000370279
0.000399501
0.000427961
0.000455212
0.000480998
0.000505307
0.000528395
0.000550758
0.000573071
0.000596189
0.000620855
0.000647451
0.000676255
0.000707423
0.000740726
0.000775673
0.000811608
0.000847788
0.000883481
0.000918046
0.000951012
0.000982129
0.0010114
0.0010391
0.00106577
0.00109216
0.00111926
0.0011482
0.00118029
0.00121689
0.00125945
0.00130946
0.00136829
0.00143712
0.0015166
0.00160624
0.00170348
0.00180231
0.00189141
0.00194301
0.00194686
0.00187565
0.00171691
0.00149476
0.00126461
0.00107797
0.000940454
0.000818704
0.000764099
0.00127036
0.000208693
9.90826e-05
7.01839e-05
5.93686e-05
5.62129e-05
5.71328e-05
6.06094e-05
6.5693e-05
7.18487e-05
7.88226e-05
8.65536e-05
9.51047e-05
0.000104611
0.000115247
0.000127202
0.000140666
0.00015582
0.000172822
0.000191794
0.0002128
0.000235836
0.000260801
0.000287486
0.000315568
0.000344617
0.000374124
0.000403543
0.000432361
0.000460171
0.000486739
0.000512061
0.000536373
0.000560129
0.000583945
0.000608593
0.000634723
0.000662631
0.000692521
0.000724485
0.000758268
0.000793377
0.000829172
0.000864948
0.000900029
0.000933843
0.000965992
0.000996297
0.00102483
0.00105192
0.00107813
0.00110425
0.00113125
0.00116027
0.00119257
0.00122948
0.00127244
0.00132288
0.00138223
0.00145177
0.00153237
0.00162399
0.00172479
0.00182973
0.00192865
0.00199707
0.00201478
0.00195876
0.00180558
0.00157273
0.00131894
0.00110759
0.000959141
0.000840977
0.000789072
0.00130821
0.000221806
0.00010519
7.43868e-05
6.28668e-05
5.95165e-05
6.04681e-05
6.40772e-05
6.93104e-05
7.55926e-05
8.2659e-05
9.04524e-05
9.90449e-05
0.000108581
0.000119239
0.000131212
0.00014469
0.000159852
0.000176855
0.000195817
0.000216807
0.000239823
0.000264771
0.000291459
0.000319584
0.000348745
0.000378465
0.000408237
0.000437584
0.000466126
0.000493643
0.000520125
0.000545777
0.000571002
0.000596349
0.000622501
0.000650012
0.000679108
0.000709926
0.000742498
0.000776558
0.000811622
0.000847082
0.000882285
0.000916619
0.000949588
0.000980871
0.00101036
0.0010382
0.00106476
0.00109064
0.00111664
0.00114373
0.00117303
0.00120574
0.00124317
0.00128669
0.00133769
0.00139759
0.00146771
0.00154912
0.00164213
0.00174558
0.00185538
0.00196249
0.00204674
0.00207913
0.00204003
0.00189619
0.00165617
0.00137919
0.00114063
0.000977418
0.000861628
0.000812984
0.00134464
0.000235614
0.000111606
7.8792e-05
6.65315e-05
6.29785e-05
6.39585e-05
6.76937e-05
7.3063e-05
7.94526e-05
8.65897e-05
9.44246e-05
0.000103041
0.000112593
0.000123265
0.000135253
0.000148746
0.000163924
0.000180942
0.000199919
0.000220929
0.000243972
0.00026897
0.000295745
0.000324018
0.000353416
0.000383494
0.000413779
0.000443822
0.000473262
0.000501883
0.000529657
0.000556749
0.000583501
0.000610392
0.000638005
0.000666807
0.000696959
0.000728541
0.000761536
0.000795675
0.000830499
0.000865442
0.000899914
0.000933379
0.000965422
0.000995804
0.00102449
0.00105169
0.00107781
0.00110349
0.00112953
0.0011569
0.00118667
0.00122002
0.00125818
0.00130246
0.00135419
0.00141473
0.00148541
0.00156738
0.0016613
0.00176657
0.00188004
0.00199385
0.0020918
0.00213967
0.00211843
0.00198743
0.00174433
0.00144546
0.0011777
0.000995739
0.000880606
0.000835635
0.00137937
0.000250145
0.000118343
8.34055e-05
7.03681e-05
6.66042e-05
6.76085e-05
7.14619e-05
7.69527e-05
8.34307e-05
9.06193e-05
9.84797e-05
0.000107109
0.000116673
0.000127363
0.000139374
0.0001529
0.000168117
0.000185181
0.000204216
0.000225297
0.000248437
0.000273567
0.000300529
0.000329068
0.000358837
0.000389424
0.000420382
0.000451285
0.000481782
0.000511652
0.000540835
0.00056945
0.000597773
0.000626203
0.000655226
0.000685219
0.000716292
0.000748475
0.000781713
0.000815741
0.000850139
0.000884396
0.000917996
0.000950483
0.000981531
0.00101098
0.00103888
0.00106549
0.00109127
0.00111688
0.00114313
0.00117096
0.00120142
0.00123563
0.00127477
0.00132004
0.00137269
0.001434
0.00150526
0.00158767
0.00168211
0.00178846
0.00190447
0.00202367
0.00213233
0.00219638
0.00219313
0.00207799
0.00183629
0.00151771
0.00121933
0.00101457
0.000897875
0.000856815
0.00141214
0.000265423
0.000125409
8.82326e-05
7.43813e-05
7.0398e-05
7.14216e-05
7.53841e-05
8.09814e-05
8.75302e-05
9.47549e-05
0.000102632
0.000111274
0.000120857
0.000131581
0.000143642
0.000157233
0.000172532
0.000189695
0.000208849
0.000230075
0.000253396
0.000278758
0.000306023
0.000334958
0.000365245
0.000396495
0.000428287
0.00046021
0.000491916
0.000523165
0.000553864
0.000584072
0.000613995
0.000643948
0.000674319
0.0007054
0.000737259
0.000769882
0.000803187
0.000836927
0.000870727
0.000904143
0.00093674
0.000968154
0.000998147
0.00102665
0.00105378
0.00107986
0.00110539
0.00113106
0.00115766
0.00118615
0.00121751
0.00125283
0.00129318
0.00133969
0.00139349
0.00145574
0.00152767
0.00161045
0.0017051
0.00181191
0.00192942
0.00205248
0.00216912
0.00224957
0.00226343
0.00216666
0.00193095
0.00159571
0.00126573
0.0010344
0.000913428
0.000876313
0.00144262
0.000281473
0.000132812
9.32776e-05
7.85748e-05
7.43635e-05
7.54002e-05
7.94616e-05
8.51504e-05
9.1755e-05
9.90063e-05
0.000106899
0.000115565
0.000125192
0.000135984
0.00014814
0.000161851
0.000177295
0.00019463
0.000213986
0.000235452
0.00025906
0.000284775
0.000312475
0.000341951
0.000372908
0.000404983
0.000437771
0.00047087
0.000503928
0.000536679
0.000568985
0.000600844
0.000632383
0.000663833
0.000695485
0.000727552
0.000760062
0.00079297
0.000826178
0.000859464
0.000892508
0.000924943
0.000956424
0.00098668
0.00101557
0.00104311
0.0010695
0.00109511
0.00112049
0.00114634
0.00117347
0.00120279
0.00123527
0.00127192
0.00131373
0.00136172
0.0014169
0.00148031
0.00155302
0.00163616
0.00173081
0.00183756
0.00195561
0.00208104
0.00220358
0.00229851
0.00232927
0.00225239
0.00202704
0.00167898
0.001317
0.00105582
0.000927297
0.000893918
0.00147051
0.000298312
0.000140559
9.85433e-05
8.29512e-05
7.8503e-05
7.95456e-05
8.36946e-05
8.94608e-05
9.61103e-05
0.000103387
0.000111309
0.000120026
0.000129739
0.000140654
0.000152972
0.000166882
0.000182561
0.000200167
0.000219835
0.00024166
0.000265686
0.000291894
0.000320179
0.000350354
0.000382146
0.00041521
0.000449157
0.000483587
0.000518131
0.000552497
0.000586493
0.000620049
0.000653212
0.000686126
0.000718988
0.000751939
0.00078497
0.000818016
0.000850975
0.000883657
0.000915805
0.000947138
0.000977405
0.00100644
0.00103419
0.00106077
0.00108645
0.00111165
0.00113698
0.00116314
0.00119095
0.0012213
0.0012551
0.0012933
0.00133682
0.00138653
0.00144333
0.00150808
0.00158172
0.00166525
0.00175974
0.00186599
0.00198375
0.0021102
0.00223681
0.00234326
0.0023906
0.00233431
0.00212324
0.00176693
0.0013735
0.00107923
0.00093955
0.000909425
0.00149549
0.000315955
0.000148652
0.000104031
8.75116e-05
8.28173e-05
8.38567e-05
8.80815e-05
9.39132e-05
0.000100603
0.000107916
0.000115894
0.00012471
0.000134572
0.000145692
0.000158268
0.000172484
0.000188517
0.000206524
0.000226643
0.000248975
0.000273577
0.000300441
0.000329482
0.00036053
0.000393333
0.000427561
0.000462832
0.000498742
0.000534906
0.00057099
0.000606749
0.00064204
0.000676827
0.000711167
0.000745169
0.000778904
0.000812337
0.000845388
0.000877961
0.000909908
0.000941042
0.000971173
0.00100015
0.00102791
0.00105451
0.00108014
0.00110515
0.00113003
0.00115541
0.00118201
0.00121065
0.0012422
0.00127753
0.00131749
0.00136292
0.00141459
0.00147322
0.0015395
0.0016142
0.00169816
0.00179239
0.00189778
0.00201449
0.00214073
0.00226971
0.00238444
0.00244745
0.00241174
0.00221821
0.00185874
0.0014356
0.00110485
0.000950277
0.000922634
0.00151721
0.000334412
0.000157093
0.000109739
9.22549e-05
8.73045e-05
8.83306e-05
9.26193e-05
9.85083e-05
0.000105244
0.000112616
0.0001207
0.000129685
0.00013979
0.000151226
0.000164186
0.000178851
0.000195391
0.000213965
0.000234708
0.00025773
0.000283096
0.000310809
0.0003408
0.000372918
0.000406923
0.000442497
0.000479262
0.000516805
0.000554714
0.000592616
0.000630204
0.000667261
0.000703669
0.000739396
0.000774469
0.000808899
0.000842625
0.000875565
0.000907636
0.000938741
0.00096877
0.000997626
0.00102527
0.00105173
0.00107718
0.0011019
0.0011263
0.00115094
0.00117648
0.00120366
0.00123329
0.0012662
0.00130322
0.00134515
0.00139269
0.0014465
0.00150713
0.0015751
0.00165097
0.00173539
0.00182925
0.00193345
0.00204847
0.00217334
0.00230297
0.00242303
0.00249999
0.00248415
0.00231067
0.00195335
0.0015032
0.00113318
0.000959637
0.00093336
0.00153533
0.000353683
0.000165878
0.000115665
9.71775e-05
9.19605e-05
9.29614e-05
9.7303e-05
0.000103247
0.000110045
0.000117521
0.000125783
0.000135038
0.000145511
0.00015741
0.000170922
0.000186218
0.000203462
0.000222808
0.000244392
0.000268326
0.000294681
0.00032347
0.000354637
0.000388043
0.000423461
0.000460578
0.000499016
0.000538346
0.000578129
0.000617945
0.000657425
0.000696277
0.0007343
0.000771379
0.000807464
0.00084251
0.000876439
0.000909173
0.000940655
0.000970841
0.000999703
0.00102724
0.00105353
0.00107871
0.00110304
0.0011269
0.00115079
0.00117529
0.0012011
0.00122899
0.00125976
0.00129419
0.00133307
0.0013771
0.0014269
0.00148298
0.00154574
0.0016155
0.00169259
0.00177745
0.00187082
0.00197353
0.00208624
0.00220868
0.00233726
0.00246012
0.00254846
0.00255116
0.00239936
0.00204951
0.001576
0.00116469
0.000967835
0.000941431
0.00154949
0.000373761
0.000175
0.0001218
0.000102273
9.67774e-05
9.774e-05
0.000102126
0.000108132
0.000115026
0.000122675
0.000131219
0.000140881
0.000151888
0.000164441
0.000178717
0.000194875
0.000213069
0.000233444
0.000256134
0.00028125
0.000308865
0.000338998
0.000371603
0.000406548
0.000443614
0.000482491
0.000522792
0.000564074
0.000605863
0.000647691
0.000689126
0.000729803
0.000769441
0.000807845
0.000844894
0.000880498
0.000914565
0.000947027
0.000977864
0.00100709
0.00103477
0.00106099
0.00108595
0.00110989
0.00113318
0.00115627
0.00117973
0.00120421
0.00123044
0.00125918
0.0012912
0.00132729
0.00136814
0.00141439
0.00146654
0.00152496
0.00158988
0.00166143
0.0017397
0.00182492
0.00191761
0.00201851
0.00212833
0.00224735
0.0023733
0.00249681
0.00259308
0.00261261
0.00248327
0.00214582
0.00165343
0.00119984
0.000975143
0.000946279
0.00155915
0.000394627
0.000184444
0.000128133
0.000107529
0.000101744
0.000102654
0.000107081
0.000113169
0.000120217
0.000128139
0.000137106
0.000147357
0.000159112
0.000172562
0.000187869
0.000205177
0.000224625
0.000246347
0.000270468
0.000297093
0.000326293
0.00035809
0.00039244
0.000429215
0.000468197
0.000509075
0.000551453
0.000594864
0.000638801
0.000682747
0.00072621
0.000768751
0.000810013
0.00084973
0.000887717
0.000923846
0.000958016
0.000990181
0.00102036
0.00104863
0.00107515
0.00110011
0.0011238
0.00114659
0.00116894
0.00119138
0.00121456
0.00123916
0.00126592
0.00129563
0.00132904
0.00136687
0.00140977
0.00145827
0.00151277
0.0015735
0.00164051
0.00171373
0.00179303
0.0018784
0.00197014
0.00206883
0.00217517
0.00228983
0.00241166
0.0025336
0.00263458
0.00266849
0.00256157
0.00224086
0.00173464
0.00123921
0.000981931
0.000948082
0.00156345
0.000416252
0.000194193
0.000134649
0.000112933
0.000106844
0.00010769
0.000112162
0.000118372
0.000125662
0.000133997
0.000143578
0.000154651
0.000167427
0.000182079
0.000198749
0.000217564
0.000238641
0.000262098
0.000288046
0.000316577
0.000347756
0.000381598
0.000418056
0.000457001
0.00049821
0.000541368
0.000586061
0.000631803
0.00067805
0.000724236
0.000769812
0.000814271
0.000857189
0.000898231
0.000937159
0.000973813
0.00100809
0.00103998
0.00106954
0.00109691
0.00112234
0.00114614
0.00116869
0.00119047
0.00121202
0.00123397
0.00125701
0.00128186
0.0013093
0.00134009
0.00137495
0.00141456
0.0014595
0.00151021
0.00156696
0.00162983
0.00169871
0.00177335
0.00185337
0.00193853
0.00202892
0.00212492
0.00222714
0.00233652
0.00245282
0.00257104
0.00267369
0.00271881
0.00263352
0.00233314
0.00181892
0.00128284
0.000988544
0.000947679
0.00156366
0.000438592
0.000204219
0.000141325
0.000118464
0.000112058
0.000112831
0.000117368
0.000123768
0.000131429
0.000140367
0.000150812
0.000163005
0.000177146
0.000193378
0.000211823
0.000232581
0.000255746
0.000281412
0.000309668
0.000340587
0.000374217
0.000410561
0.00044956
0.000491076
0.000534879
0.00058064
0.00062793
0.000676236
0.000724982
0.000773557
0.000821357
0.000867816
0.000912448
0.000954861
0.000994773
0.001032
0.00106645
0.00109813
0.00112716
0.00115376
0.00117825
0.00120104
0.00122262
0.00124356
0.0012645
0.00128613
0.00130918
0.00133444
0.00136265
0.00139458
0.00143091
0.00147227
0.00151914
0.00157187
0.00163061
0.00169531
0.00176568
0.00184128
0.00192153
0.00200593
0.00209441
0.00218709
0.00228447
0.00238767
0.00249712
0.00260958
0.00271094
0.00276368
0.00269852
0.00242118
0.00190521
0.00133074
0.000995188
0.000944047
0.00155876
0.00046159
0.000214487
0.000148134
0.000124096
0.000117363
0.000118064
0.000122708
0.000129406
0.000137621
0.000147421
0.00015905
0.000172743
0.000188672
0.000206955
0.000227679
0.000250912
0.000276722
0.000305171
0.000336316
0.000370203
0.000406852
0.000446245
0.000488302
0.00053287
0.000579701
0.00062845
0.000678669
0.000729821
0.000781296
0.000832446
0.000882617
0.000931196
0.00097764
0.00102152
0.0010625
0.00110041
0.00113514
0.00116675
0.00119541
0.00122141
0.00124516
0.00126715
0.00128798
0.0013083
0.00132883
0.00135032
0.00137355
0.00139931
0.00142835
0.00146142
0.00149914
0.00154209
0.00159065
0.00164507
0.00170537
0.00177137
0.00184262
0.0019185
0.00199824
0.00208116
0.00216695
0.00225551
0.00234724
0.00244329
0.00254462
0.00264946
0.00274678
0.0028037
0.00275557
0.00250352
0.00199214
0.00138284
0.00100226
0.000937407
0.00154835
0.000485171
0.000224954
0.000155041
0.000129802
0.000122736
0.000123381
0.000128213
0.000135372
0.000144397
0.000155398
0.000168626
0.000184292
0.000202537
0.000223443
0.000247056
0.000273412
0.00030254
0.000334459
0.000369191
0.000406739
0.000447089
0.000490185
0.000535921
0.000584113
0.000634492
0.00068669
0.000740239
0.000794577
0.000849067
0.000903027
0.000955768
0.00100663
0.00105504
0.00110052
0.00114274
0.00118148
0.00121668
0.00124843
0.00127694
0.00130258
0.00132583
0.00134728
0.00136761
0.00138755
0.00140787
0.00142939
0.0014529
0.00147921
0.00150906
0.00154314
0.00158204
0.00162625
0.00167607
0.00173163
0.00179284
0.00185937
0.00193064
0.00200587
0.00208413
0.00216455
0.00224666
0.00233012
0.00241522
0.00250312
0.00259513
0.00269062
0.00278132
0.00283906
0.00280405
0.00257872
0.00207812
0.00143888
0.00101018
0.000927959
0.00153249
0.000509246
0.000235565
0.000162002
0.000135547
0.000128156
0.000128795
0.000133949
0.000141813
0.000151998
0.000164646
0.000179996
0.000198224
0.000219431
0.000243652
0.000270893
0.000301145
0.00033439
0.000370601
0.000409746
0.000451781
0.000496639
0.000544218
0.000594367
0.000646867
0.000701415
0.000757617
0.000814981
0.000872923
0.000930783
0.000987855
0.00104342
0.0010968
0.00114739
0.00119468
0.00123833
0.00127814
0.00131405
0.00134619
0.00137482
0.00140039
0.00142344
0.00144464
0.00146472
0.00148449
0.00150478
0.00152642
0.00155024
0.00157704
0.00160752
0.00164234
0.00168202
0.00172695
0.00177736
0.00183326
0.00189445
0.00196046
0.00203061
0.00210396
0.00217945
0.00225613
0.00233331
0.00241049
0.00248785
0.00256653
0.00264806
0.00273268
0.00281443
0.00286967
0.00284427
0.00264459
0.00216118
0.00149831
0.00101937
0.00091592
0.00151135
0.000533707
0.000246253
0.000168967
0.000141301
0.000133615
0.000134349
0.000140043
0.000148962
0.000160784
0.000175657
0.000193788
0.000215305
0.000240254
0.000268624
0.000300369
0.000335428
0.000373729
0.000415191
0.000459719
0.000507203
0.000557512
0.000610484
0.000665911
0.000723523
0.000782978
0.000843846
0.000905608
0.000967662
0.00102933
0.00108989
0.00114861
0.0012048
0.00125784
0.00130721
0.00135257
0.00139371
0.00143063
0.00146346
0.00149254
0.00151834
0.00154148
0.00156268
0.00158273
0.0016025
0.00162283
0.0016446
0.00166862
0.00169566
0.00172641
0.00176146
0.00180126
0.00184611
0.00189615
0.00195127
0.00201118
0.00207531
0.00214285
0.00221279
0.00228397
0.00235538
0.00242615
0.00249567
0.00256409
0.00263246
0.00270241
0.00277483
0.0028456
0.00289525
0.00287594
0.00269967
0.00223915
0.00156025
0.00103028
0.000901538
0.00148521
0.000558428
0.000256936
0.000175879
0.00014704
0.00013913
0.000140146
0.00014672
0.000157194
0.000171288
0.000189128
0.000210862
0.00023655
0.000266177
0.000299677
0.000336945
0.000377863
0.000422298
0.000470104
0.000521113
0.000575138
0.000631971
0.000691374
0.000753068
0.00081672
0.000881935
0.000948243
0.0010151
0.00108187
0.00114787
0.00121238
0.00127467
0.00133403
0.00138984
0.00144161
0.00148899
0.0015318
0.00157003
0.00160387
0.00163369
0.00166001
0.00168348
0.00170488
0.00172503
0.00174482
0.00176514
0.00178683
0.00181072
0.00183754
0.00186792
0.00190239
0.00194133
0.00198496
0.00203332
0.00208621
0.00214324
0.00220376
0.0022669
0.0023316
0.00239665
0.00246102
0.0025237
0.00258408
0.00264226
0.00269922
0.00275662
0.00281574
0.00287389
0.00291518
0.0028986
0.00274262
0.00230965
0.00162335
0.0010433
0.000885035
0.00145435
0.000583259
0.000267514
0.000182676
0.000152762
0.000144768
0.000146385
0.000154354
0.000167083
0.00018429
0.000206037
0.000232381
0.000263298
0.000298701
0.000338455
0.000382397
0.000430345
0.000482102
0.000537446
0.00059613
0.000657881
0.000722402
0.000789366
0.000858409
0.000929124
0.00100105
0.00107367
0.0011464
0.00121859
0.00128955
0.00135855
0.00142487
0.00148782
0.00154679
0.00160131
0.00165104
0.00169581
0.00173566
0.00177079
0.00180159
0.00182862
0.00185257
0.00187422
0.00189442
0.00191408
0.00193407
0.00195524
0.00197838
0.00200417
0.0020332
0.00206593
0.00210267
0.00214356
0.00218854
0.00223737
0.00228956
0.00234444
0.00240109
0.00245844
0.00251535
0.00257072
0.00262353
0.00267325
0.00271992
0.00276445
0.00280848
0.0028535
0.00289782
0.0029276
0.00290985
0.00277138
0.00237004
0.00168584
0.00105872
0.000866559
0.00141875
0.000608016
0.000277867
0.000189298
0.000158505
0.000150682
0.000153424
0.000163551
0.000179494
0.000200909
0.000227735
0.000259903
0.000297282
0.000339697
0.000386945
0.000438797
0.000495006
0.000555309
0.000619407
0.000686972
0.000757638
0.000831015
0.000906677
0.000984168
0.00106299
0.00114262
0.00122247
0.00130191
0.00138027
0.00145685
0.00153093
0.0016018
0.00166879
0.00173132
0.00178894
0.00184132
0.00188833
0.00193001
0.0019666
0.00199851
0.00202629
0.00205065
0.00207238
0.00209234
0.00211141
0.00213047
0.00215032
0.00217172
0.00219531
0.00222163
0.00225106
0.00228385
0.00232009
0.00235965
0.00240222
0.00244732
0.00249424
0.00254211
0.00258989
0.00263651
0.00268089
0.00272209
0.0027597
0.00279373
0.002825
0.00285512
0.00288559
0.00291488
0.00293215
0.00291233
0.00278423
0.00241758
0.00174559
0.00107684
0.000846242
0.00137826
0.000632464
0.000287839
0.000195696
0.00016439
0.000157177
0.000161875
0.00017526
0.000195711
0.000222726
0.000256057
0.00029546
0.000340672
0.000391421
0.000447429
0.000508407
0.000574046
0.000644018
0.00071796
0.000795462
0.000876076
0.000959317
0.00104466
0.00113156
0.00121943
0.00130764
0.00139556
0.0014825
0.00156776
0.00165062
0.00173036
0.00180628
0.00187775
0.00194419
0.00200519
0.00206046
0.00210987
0.00215348
0.00219154
0.00222446
0.0022528
0.00227726
0.00229862
0.0023177
0.00233538
0.00235254
0.0023699
0.00238819
0.00240801
0.00242983
0.00245402
0.00248076
0.0025101
0.00254188
0.00257579
0.00261137
0.00264791
0.00268466
0.00272065
0.00275492
0.00278649
0.00281455
0.0028389
0.00285943
0.00287694
0.00289295
0.0029082
0.00292215
0.00292839
0.00290394
0.00278537
0.00244795
0.00179985
0.00109769
0.000824138
0.00133233
0.000656271
0.000297239
0.000201858
0.000170665
0.000164807
0.000172735
0.000190929
0.000217582
0.000251922
0.000293418
0.000341604
0.000396058
0.000456407
0.000522305
0.00059341
0.000669366
0.0007498
0.000834297
0.000922391
0.00101357
0.00110727
0.00120288
0.00129977
0.00139725
0.00149464
0.0015912
0.0016862
0.00177888
0.00186852
0.00195437
0.00203574
0.00211201
0.00218263
0.0022472
0.00230544
0.00235724
0.00240269
0.002442
0.0024756
0.00250404
0.00252798
0.00254817
0.00256541
0.00258056
0.00259449
0.0026078
0.00262128
0.00263541
0.00265067
0.00266739
0.00268575
0.00270579
0.00272735
0.00275016
0.00277382
0.00279774
0.00282122
0.00284348
0.0028637
0.00288106
0.00289489
0.00290532
0.00291197
0.00291548
0.00291644
0.00291755
0.00291893
0.00291339
0.00288177
0.00276929
0.00245986
0.00184586
0.00112103
0.000800302
0.00128065
0.000678925
0.000305818
0.000207857
0.000177793
0.000174539
0.00018759
0.000212697
0.000247707
0.000291396
0.000342852
0.000401339
0.000466269
0.000537175
0.000613661
0.000695362
0.000781909
0.000872913
0.000967948
0.00106653
0.00116811
0.00127208
0.00137779
0.00148452
0.00159153
0.00169805
0.00180327
0.0019064
0.00200664
0.00210319
0.0021953
0.00228226
0.00236343
0.00243828
0.0025064
0.00256751
0.00262152
0.00266848
0.00270863
0.00274234
0.00277014
0.00279268
0.00281064
0.00282479
0.00283598
0.00284514
0.00285262
0.0028594
0.00286579
0.00287234
0.00287938
0.0028871
0.00289559
0.00290474
0.00291434
0.00292412
0.0029336
0.00294226
0.00294948
0.00295464
0.00295705
0.00295625
0.00295239
0.00294439
0.00293396
0.00292313
0.00291237
0.00290115
0.00288416
0.00284441
0.00273603
0.00245682
0.00188055
0.00114602
0.000774685
0.00122276
0.000699542
0.000313265
0.000213971
0.000186501
0.000188016
0.000208858
0.000243649
0.00028958
0.000344776
0.000407859
0.000477803
0.000553876
0.000635558
0.000722458
0.000814241
0.000910582
0.00101114
0.00111552
0.00122329
0.00133392
0.00144682
0.00156129
0.00167662
0.00179202
0.00190665
0.00201967
0.00213021
0.0022374
0.00234039
0.00243837
0.00253058
0.00261637
0.00269516
0.00276652
0.00283016
0.00288596
0.00293395
0.00297431
0.00300741
0.00303373
0.00305389
0.00306847
0.00307822
0.00308405
0.00308704
0.00308697
0.00308547
0.00308231
0.00307836
0.00307396
0.00306933
0.00306464
0.00305987
0.00305495
0.00304972
0.00304391
0.00303714
0.003029
0.00301882
0.00300606
0.00299054
0.00297299
0.00295326
0.00293187
0.00290965
0.00288757
0.0028652
0.00283818
0.00279136
0.00268535
0.00243203
0.00189752
0.00117105
0.000747591
0.00115793
0.000716608
0.000319187
0.000220845
0.000197976
0.000207913
0.000240126
0.000287987
0.000347544
0.000416122
0.000491842
0.000573448
0.000660154
0.000751491
0.000847177
0.000947003
0.00105078
0.00115828
0.00126924
0.00138332
0.00150007
0.00161897
0.00173939
0.00186063
0.00198189
0.00210234
0.00222109
0.0023372
0.00244976
0.00255783
0.00266053
0.00275705
0.00284665
0.0029287
0.00300271
0.00306834
0.00312539
0.00317386
0.00321388
0.00324576
0.00326992
0.00328698
0.0032973
0.00330171
0.00330134
0.0032975
0.00328906
0.00327785
0.00326438
0.00324913
0.00323254
0.00321495
0.00319661
0.00317767
0.00315818
0.00313812
0.00311728
0.00309545
0.00307239
0.00304807
0.00302231
0.00299486
0.00296586
0.00293541
0.00290405
0.00287242
0.00284109
0.00280953
0.0027739
0.00272171
0.00261772
0.00238754
0.00190115
0.00119426
0.000719259
0.00108518
0.000727535
0.000323061
0.000229429
0.000214749
0.000238186
0.000286407
0.000350874
0.000426228
0.00050894
0.000596763
0.000688423
0.000783291
0.000881135
0.000981933
0.00108575
0.00119263
0.00130258
0.00141553
0.0015313
0.0016496
0.00177004
0.00189208
0.00201509
0.00213834
0.00226101
0.0023822
0.00250094
0.00261627
0.00272718
0.00283271
0.00293195
0.00302408
0.00310838
0.00318425
0.00325125
0.00330912
0.00335775
0.00339721
0.00342774
0.00344969
0.00346365
0.00346956
0.00346874
0.00346337
0.00345185
0.00343535
0.00341521
0.00339193
0.00336606
0.00333813
0.00330859
0.00327781
0.00324607
0.0032135
0.00318021
0.00314636
0.00311192
0.00307683
0.00304099
0.00300432
0.00296681
0.00292857
0.00288977
0.00285074
0.00281192
0.00277351
0.00273481
0.00269236
0.00263555
0.00253475
0.00232498
0.00188676
0.00121137
0.000689968
0.00100246
0.000728203
0.000324327
0.000241292
0.000240957
0.000284648
0.00035379
0.000437436
0.000528841
0.000623947
0.000720596
0.000817921
0.000915805
0.00101453
0.00111453
0.0012163
0.00132021
0.00142659
0.00153559
0.00164725
0.00176146
0.00187796
0.00199637
0.00211616
0.00223669
0.00235719
0.00247678
0.0025945
0.00270936
0.0028203
0.0029263
0.00302634
0.00311951
0.00320496
0.00328199
0.00335005
0.00340873
0.00345783
0.00349731
0.00352731
0.00354809
0.00356023
0.00356298
0.0035594
0.00354981
0.00353284
0.00351055
0.00348378
0.00345312
0.00341921
0.00338266
0.00334401
0.00330376
0.0032623
0.0032199
0.00317684
0.00313332
0.00308949
0.00304539
0.00300106
0.00295653
0.00291182
0.00286704
0.00282231
0.00277783
0.00273377
0.00269005
0.00264577
0.00259785
0.00253724
0.00243939
0.0022478
0.00185428
0.00121851
0.000661086
0.000906896
0.000711719
0.000323036
0.000258478
0.000283302
0.000354477
0.000447755
0.000549976
0.00065376
0.000755538
0.000854098
0.000949601
0.00104287
0.00113498
0.00122697
0.00131979
0.00141419
0.00151077
0.00160989
0.0017118
0.00181655
0.00192403
0.00203399
0.002146
0.00225952
0.00237386
0.0024882
0.00260163
0.00271314
0.00282168
0.00292617
0.00302555
0.00311879
0.00320492
0.00328315
0.00335279
0.0034133
0.00346432
0.00350568
0.00353739
0.00355961
0.0035728
0.00357609
0.00357236
0.00356219
0.00354393
0.00351973
0.00349038
0.0034565
0.00341875
0.00337784
0.00333433
0.00328882
0.00324175
0.00319361
0.00314471
0.00309535
0.00304574
0.00299603
0.00294634
0.00289674
0.00284731
0.0027981
0.00274916
0.00270053
0.00265216
0.00260372
0.00255416
0.00250088
0.00243608
0.00233927
0.00216292
0.00180826
0.00121818
0.000632882
0.000795039
0.000663874
0.000318161
0.00028693
0.000350156
0.000453546
0.000569106
0.00068339
0.000790585
0.000889264
0.000980169
0.001065
0.00114574
0.00122426
0.00130216
0.00138076
0.00146108
0.00154386
0.00162954
0.00171853
0.00181112
0.00190729
0.00200672
0.00210906
0.00221388
0.00232057
0.00242841
0.00253655
0.00264402
0.00274981
0.00285281
0.00295192
0.00304607
0.00313422
0.00321542
0.00328884
0.00335381
0.00340979
0.00345646
0.00349366
0.00352137
0.00353987
0.00354889
0.00354865
0.00354264
0.00352835
0.00350694
0.00347981
0.00344742
0.00341039
0.00336943
0.00332525
0.00327847
0.00322966
0.00317936
0.00312791
0.00307569
0.00302296
0.00296995
0.00291682
0.00286371
0.00281066
0.0027577
0.00270479
0.00265184
0.00259863
0.00254466
0.00248884
0.0024276
0.0023544
0.00225256
0.00208293
0.0017577
0.00120855
0.00060458
0.000666629
0.000567339
0.000308812
0.000336721
0.000448921
0.000581774
0.000709933
0.000824207
0.000923269
0.00100911
0.00108478
0.00115344
0.00121792
0.0012806
0.00134336
0.00140768
0.00147459
0.00154482
0.00161888
0.00169715
0.00177977
0.00186674
0.00195801
0.00205333
0.00215227
0.00225432
0.00235883
0.00246501
0.002572
0.00267879
0.00278433
0.00288748
0.00298712
0.00308211
0.00317138
0.00325393
0.00332889
0.00339552
0.00345324
0.00350158
0.00354031
0.00356952
0.00358905
0.00359922
0.00359998
0.00359399
0.00357992
0.00355889
0.00353126
0.00349778
0.00345927
0.0034165
0.00337019
0.00332091
0.00326927
0.00321564
0.00316049
0.00310416
0.00304692
0.00298897
0.00293042
0.0028713
0.00281155
0.00275101
0.00268939
0.00262626
0.00256085
0.0024918
0.00241637
0.00232867
0.00221468
0.00204092
0.00172755
0.00119952
0.000577533
0.000532586
0.000412265
0.000305651
0.000422495
0.000586183
0.000739148
0.000869091
0.000975439
0.0010624
0.0011349
0.00119753
0.00125422
0.00130812
0.00136173
0.00141691
0.00147498
0.00153694
0.00160353
0.00167534
0.0017526
0.00183546
0.00192392
0.00201791
0.00211723
0.00222154
0.00233038
0.00244316
0.00255915
0.0026775
0.0027972
0.00291715
0.00303612
0.00315284
0.00326601
0.00337431
0.00347648
0.00357135
0.00365787
0.00373512
0.00380241
0.00385918
0.00390515
0.00393997
0.00396402
0.00397729
0.0039778
0.00397224
0.0039583
0.00393419
0.00390219
0.00386346
0.00381888
0.00376923
0.00371518
0.00365734
0.00359632
0.00353264
0.00346671
0.00339885
0.00332926
0.003258
0.00318501
0.00311009
0.00303287
0.00295282
0.00286916
0.00278071
0.00268566
0.0025808
0.00246006
0.00231026
0.00210101
0.00175946
0.00121043
0.000560189
0.000377403
0.000222188
0.000348304
0.000596186
0.000823933
0.00100899
0.00115487
0.00126985
0.0013622
0.00143927
0.00150697
0.0015699
0.00163164
0.00169494
0.00176184
0.00183378
0.00191179
0.00199663
0.00208886
0.00218882
0.00229672
0.0024126
0.00253638
0.00266785
0.00280668
0.00295238
0.00310426
0.00326149
0.00342299
0.00358752
0.00375361
0.00391965
0.00408387
0.00424443
0.00439943
0.00454699
0.00468533
0.00481277
0.00492785
0.00502934
0.00511626
0.00518804
0.00524395
0.00528476
0.00531007
0.00531588
0.00531231
0.00529869
0.00526887
0.00522692
0.0051753
0.00511512
0.00504719
0.00497242
0.00489176
0.00480604
0.00471593
0.00462197
0.00452451
0.00442371
0.0043195
0.00421161
0.00409955
0.00398257
0.00385963
0.00372928
0.00358949
0.00343727
0.00326767
0.00307213
0.00283347
0.00251605
0.0020417
0.00134502
0.000573644
0.000191731
0.000138568
0.000691907
0.00126983
0.00173583
0.00209394
0.00236891
0.00258448
0.00275901
0.00290696
0.00303956
0.0031655
0.00329148
0.00342261
0.00356257
0.00371397
0.00387866
0.00405799
0.00425294
0.0044642
0.00469212
0.0049368
0.00519807
0.0054755
0.00576841
0.00607579
0.00639626
0.006728
0.00706878
0.0074159
0.00776624
0.00811631
0.00846231
0.00880025
0.00912602
0.00943558
0.00972504
0.00999084
0.0102298
0.0104394
0.0106176
0.0107631
0.0108746
0.0109543
0.0109998
0.0110045
0.0109926
0.0109559
0.0108843
0.0107899
0.0106755
0.010543
0.0103946
0.010232
0.0100573
0.00987208
0.00967764
0.00947495
0.00926453
0.00904645
0.00882032
0.00858529
0.00833999
0.0080825
0.00781021
0.00751959
0.00720567
0.00686114
0.00647399
0.00602384
0.00547059
0.00473734
0.00367737
0.00224371
0.000839468
0.000132651
)
;

boundaryField
{
    movingWall
    {
        type            epsilonWallFunction;
        value           nonuniform List<scalar> 
75
(
0.000138568
0.000691907
0.00126983
0.00173583
0.00209394
0.00236891
0.00258448
0.00275901
0.00290696
0.00303956
0.0031655
0.00329148
0.00342261
0.00356257
0.00371397
0.00387866
0.00405799
0.00425294
0.0044642
0.00469212
0.0049368
0.00519807
0.0054755
0.00576841
0.00607579
0.00639626
0.006728
0.00706878
0.0074159
0.00776624
0.00811631
0.00846231
0.00880025
0.00912602
0.00943558
0.00972504
0.00999084
0.0102298
0.0104394
0.0106176
0.0107631
0.0108746
0.0109543
0.0109998
0.0110045
0.0109926
0.0109559
0.0108843
0.0107899
0.0106755
0.010543
0.0103946
0.010232
0.0100573
0.00987208
0.00967764
0.00947495
0.00926453
0.00904645
0.00882032
0.00858529
0.00833999
0.0080825
0.00781021
0.00751959
0.00720567
0.00686114
0.00647399
0.00602384
0.00547059
0.00473734
0.00367737
0.00224371
0.000839468
0.000132651
)
;
    }
    fixedWalls
    {
        type            epsilonWallFunction;
        value           nonuniform List<scalar> 
225
(
5.11851e-07
9.6716e-07
2.05477e-06
3.36222e-06
4.85026e-06
6.49249e-06
8.27336e-06
1.01845e-05
1.22221e-05
1.43857e-05
1.66772e-05
1.91003e-05
2.16603e-05
2.43636e-05
2.72176e-05
3.02309e-05
3.34125e-05
3.67725e-05
4.03213e-05
4.40703e-05
4.80312e-05
5.22167e-05
5.66412e-05
6.1318e-05
6.62609e-05
7.14848e-05
7.70054e-05
8.28391e-05
8.90032e-05
9.55157e-05
0.000102395
0.000109662
0.000117337
0.000125441
0.000133998
0.000143031
0.000152566
0.000162627
0.000173243
0.00018444
0.000196247
0.000208693
0.000221806
0.000235614
0.000250145
0.000265423
0.000281473
0.000298312
0.000315955
0.000334412
0.000353683
0.000373761
0.000394627
0.000416252
0.000438592
0.00046159
0.000485171
0.000509246
0.000533707
0.000558428
0.000583259
0.000608016
0.000632464
0.000656271
0.000678925
0.000699542
0.000716608
0.000727535
0.000728203
0.000711719
0.000663874
0.000567339
0.000412265
0.000222188
0.000138568
7.44371e-06
1.40518e-05
2.97351e-05
4.83073e-05
6.89771e-05
9.11346e-05
0.000114341
0.000138286
0.00016277
0.000187703
0.000212993
0.000238623
0.000264619
0.00029104
0.000317964
0.000345475
0.000373663
0.000402609
0.000432384
0.000463048
0.000494642
0.000527194
0.000560714
0.000595202
0.000630639
0.000667001
0.00070425
0.00074234
0.000781212
0.0008208
0.000861023
0.000901787
0.000942985
0.000984493
0.00102617
0.00106787
0.00110943
0.00115065
0.00119136
0.00123133
0.00127036
0.00130821
0.00134464
0.00137937
0.00141214
0.00144262
0.00147051
0.00149549
0.00151721
0.00153533
0.00154949
0.00155915
0.00156345
0.00156366
0.00155876
0.00154835
0.00153249
0.00151135
0.00148521
0.00145435
0.00141875
0.00137826
0.00133233
0.00128065
0.00122276
0.00115793
0.00108518
0.00100246
0.000906896
0.000795039
0.000666629
0.000532586
0.000377403
0.000191731
0.000132651
5.11851e-07
3.46205e-06
7.70499e-06
1.2747e-05
1.83526e-05
2.43745e-05
3.07131e-05
3.73045e-05
4.4116e-05
5.11439e-05
5.84129e-05
6.59739e-05
7.39032e-05
8.23002e-05
9.1286e-05
0.000101001
0.000111602
0.000123264
0.000136172
0.000150526
0.000166533
0.000184409
0.000204376
0.000226658
0.000251481
0.000279069
0.000309644
0.000343418
0.000380596
0.000421369
0.000465914
0.000514393
0.000566949
0.000623705
0.000684762
0.000750199
0.000820073
0.00089441
0.000973209
0.00105643
0.00114398
0.00123573
0.00133143
0.00143076
0.00153326
0.00163829
0.00174499
0.00185222
0.00195854
0.00206214
0.00216075
0.00225167
0.00233167
0.00239677
0.0024409
0.00246074
0.00246159
0.00243011
0.00236454
0.00226458
0.00213125
0.00196755
0.00177871
0.00157202
0.00135619
0.00114043
0.000933391
0.000742171
0.000571644
0.000424223
0.00030007
0.000197702
0.00011497
5.05365e-05
7.44371e-06
)
;
    }
    frontAndBack
    {
        type            empty;
    }
}


// ************************************************************************* //
