/*--------------------------------*- C++ -*----------------------------------*\
  =========                 |
  \\      /  F ield         | OpenFOAM: The Open Source CFD Toolbox
   \\    /   O peration     | Website:  https://openfoam.org
    \\  /    A nd           | Version:  12
     \\/     M anipulation  |
\*---------------------------------------------------------------------------*/
FoamFile
{
    format      ascii;
    class       volScalarField;
    location    "3.5";
    object      k;
}
// * * * * * * * * * * * * * * * * * * * * * * * * * * * * * * * * * * * * * //

dimensions      [0 2 -2 0 0 0 0];

internalField   nonuniform List<scalar> 
5625
(
3.74743e-12
1.87089e-11
4.08276e-11
6.71682e-11
9.63392e-11
1.27458e-10
1.59863e-10
1.93017e-10
2.26473e-10
2.59852e-10
2.92838e-10
3.25167e-10
3.5663e-10
3.87067e-10
4.16364e-10
4.44454e-10
4.71302e-10
4.96913e-10
5.21313e-10
5.44548e-10
5.66678e-10
5.87763e-10
6.07865e-10
6.27034e-10
6.4531e-10
6.62714e-10
6.79248e-10
6.94897e-10
7.09621e-10
7.23363e-10
7.36045e-10
7.47574e-10
7.57842e-10
7.6673e-10
7.7411e-10
7.79847e-10
7.83803e-10
7.85815e-10
7.85881e-10
7.83827e-10
7.79546e-10
7.72957e-10
7.64004e-10
7.52658e-10
7.38917e-10
7.22811e-10
7.04402e-10
6.83785e-10
6.61084e-10
6.36458e-10
6.1009e-10
5.82189e-10
5.52985e-10
5.22721e-10
4.91653e-10
4.60037e-10
4.2813e-10
3.9618e-10
3.6442e-10
3.33069e-10
3.0232e-10
2.72347e-10
2.43295e-10
2.15286e-10
1.88416e-10
1.62763e-10
1.3839e-10
1.15345e-10
9.36796e-11
7.34588e-11
5.47794e-11
3.78019e-11
2.28156e-11
1.04134e-11
2.08381e-12
1.87316e-11
1.61052e-10
3.62859e-10
6.01096e-10
8.64274e-10
1.14474e-09
1.43663e-09
1.73516e-09
2.03635e-09
2.33678e-09
2.63361e-09
2.92448e-09
3.20752e-09
3.48129e-09
3.74477e-09
3.99735e-09
4.23874e-09
4.46898e-09
4.68831e-09
4.89716e-09
5.09606e-09
5.28558e-09
5.46627e-09
5.63858e-09
5.80287e-09
5.95935e-09
6.10804e-09
6.24878e-09
6.38123e-09
6.50487e-09
6.619e-09
6.72278e-09
6.81524e-09
6.89531e-09
6.96182e-09
7.01357e-09
7.04932e-09
7.06741e-09
7.06788e-09
7.04922e-09
7.01051e-09
6.95104e-09
6.87031e-09
6.76804e-09
6.64424e-09
6.49919e-09
6.33343e-09
6.14783e-09
5.94351e-09
5.7219e-09
5.48464e-09
5.23362e-09
4.97091e-09
4.6987e-09
4.41927e-09
4.13494e-09
3.84802e-09
3.56072e-09
3.27515e-09
2.99326e-09
2.71681e-09
2.44734e-09
2.18616e-09
1.93434e-09
1.69278e-09
1.46214e-09
1.24295e-09
1.03569e-09
8.40835e-10
6.58933e-10
4.90826e-10
3.37892e-10
2.02557e-10
8.95581e-11
1.04068e-11
4.10804e-11
3.64623e-10
8.2853e-10
1.37833e-09
1.98642e-09
2.63464e-09
3.30927e-09
3.9992e-09
4.69513e-09
5.3892e-09
6.0748e-09
6.74649e-09
7.3999e-09
8.03173e-09
8.63963e-09
9.2222e-09
9.77881e-09
1.03095e-08
1.0815e-08
1.12962e-08
1.17545e-08
1.2191e-08
1.26072e-08
1.30041e-08
1.33825e-08
1.37428e-08
1.40852e-08
1.44092e-08
1.47141e-08
1.49986e-08
1.52611e-08
1.54997e-08
1.57121e-08
1.58958e-08
1.60481e-08
1.61664e-08
1.62477e-08
1.62879e-08
1.62881e-08
1.62441e-08
1.61539e-08
1.60157e-08
1.58285e-08
1.55916e-08
1.53052e-08
1.49697e-08
1.45865e-08
1.41577e-08
1.36858e-08
1.31741e-08
1.26265e-08
1.20473e-08
1.14412e-08
1.08134e-08
1.01691e-08
9.51364e-09
8.85235e-09
8.19036e-09
7.5325e-09
6.88326e-09
6.24666e-09
5.62625e-09
5.02503e-09
4.44548e-09
3.88957e-09
3.35887e-09
2.85458e-09
2.37774e-09
1.92938e-09
1.51077e-09
1.12388e-09
7.71951e-10
4.60828e-10
2.02026e-10
2.27393e-11
6.81628e-11
6.09148e-10
1.38997e-09
2.3189e-09
3.34819e-09
4.44633e-09
5.5896e-09
6.75888e-09
7.93825e-09
9.11427e-09
1.02757e-08
1.14131e-08
1.25192e-08
1.35883e-08
1.46165e-08
1.56014e-08
1.65419e-08
1.74383e-08
1.82917e-08
1.91039e-08
1.9877e-08
2.06135e-08
2.13154e-08
2.19846e-08
2.26226e-08
2.32301e-08
2.38072e-08
2.43533e-08
2.48669e-08
2.5346e-08
2.57878e-08
2.6189e-08
2.65459e-08
2.68541e-08
2.71091e-08
2.73065e-08
2.74412e-08
2.7506e-08
2.7504e-08
2.74271e-08
2.72719e-08
2.70357e-08
2.67166e-08
2.63136e-08
2.58269e-08
2.52574e-08
2.46075e-08
2.38805e-08
2.3081e-08
2.22144e-08
2.12873e-08
2.03071e-08
1.92819e-08
1.82202e-08
1.71311e-08
1.60236e-08
1.49067e-08
1.37889e-08
1.26786e-08
1.15832e-08
1.05096e-08
9.46367e-09
8.4504e-09
7.47396e-09
6.53761e-09
5.64392e-09
4.79489e-09
3.99218e-09
3.23749e-09
2.53299e-09
1.88205e-09
1.29035e-09
7.68138e-10
3.35338e-10
3.74868e-11
9.89572e-11
8.86488e-10
2.02741e-09
3.38861e-09
4.8996e-09
6.51332e-09
8.19428e-09
9.91394e-09
1.16485e-08
1.33779e-08
1.50854e-08
1.67571e-08
1.8382e-08
1.99516e-08
2.14602e-08
2.29044e-08
2.42826e-08
2.55953e-08
2.68442e-08
2.80322e-08
2.91625e-08
3.02387e-08
3.1264e-08
3.22413e-08
3.31726e-08
3.40591e-08
3.4901e-08
3.56972e-08
3.64457e-08
3.71434e-08
3.77863e-08
3.83695e-08
3.88874e-08
3.93339e-08
3.97025e-08
3.99863e-08
4.01779e-08
4.0267e-08
4.02589e-08
4.0141e-08
3.99084e-08
3.95571e-08
3.90844e-08
3.84891e-08
3.7771e-08
3.69321e-08
3.59754e-08
3.49061e-08
3.37307e-08
3.24574e-08
3.10959e-08
2.96571e-08
2.81528e-08
2.65959e-08
2.49993e-08
2.33766e-08
2.17408e-08
2.01047e-08
1.84804e-08
1.68787e-08
1.53097e-08
1.37819e-08
1.23025e-08
1.08776e-08
9.51179e-09
8.2087e-09
6.97112e-09
5.80142e-09
4.702e-09
3.67606e-09
2.7286e-09
1.86818e-09
1.11008e-09
4.83514e-10
5.39194e-11
1.32981e-10
1.1926e-09
2.73111e-09
4.57039e-09
6.61521e-09
8.80133e-09
1.108e-08
1.3412e-08
1.57645e-08
1.81099e-08
2.04249e-08
2.26905e-08
2.48912e-08
2.70158e-08
2.90561e-08
3.10074e-08
3.28681e-08
3.46387e-08
3.63219e-08
3.79215e-08
3.94424e-08
4.08893e-08
4.22669e-08
4.35793e-08
4.48291e-08
4.60181e-08
4.71464e-08
4.82128e-08
4.92145e-08
5.01473e-08
5.10057e-08
5.17834e-08
5.24727e-08
5.30654e-08
5.35529e-08
5.39262e-08
5.41741e-08
5.42844e-08
5.42646e-08
5.40966e-08
5.37741e-08
5.32916e-08
5.26458e-08
5.18346e-08
5.08583e-08
4.97192e-08
4.84217e-08
4.69725e-08
4.53806e-08
4.36571e-08
4.18152e-08
3.98695e-08
3.78364e-08
3.5733e-08
3.35772e-08
3.13873e-08
2.9181e-08
2.69755e-08
2.47872e-08
2.26308e-08
2.05196e-08
1.84653e-08
1.64773e-08
1.45636e-08
1.27304e-08
1.09822e-08
9.32264e-09
7.75482e-09
6.28186e-09
4.908e-09
3.64008e-09
2.48972e-09
1.47761e-09
6.42748e-10
7.15955e-11
1.69978e-10
1.5253e-09
3.49589e-09
5.85516e-09
8.48135e-09
1.12917e-08
1.42231e-08
1.72243e-08
2.02524e-08
2.32711e-08
2.62499e-08
2.91635e-08
3.19919e-08
3.47199e-08
3.73371e-08
3.98375e-08
4.22189e-08
4.44823e-08
4.66313e-08
4.86714e-08
5.06088e-08
5.24502e-08
5.42017e-08
5.58685e-08
5.74546e-08
5.8962e-08
6.03911e-08
6.17404e-08
6.30063e-08
6.41836e-08
6.52655e-08
6.62436e-08
6.71086e-08
6.785e-08
6.8457e-08
6.89181e-08
6.92178e-08
6.93439e-08
6.93044e-08
6.90759e-08
6.86503e-08
6.80209e-08
6.71832e-08
6.6135e-08
6.48764e-08
6.34102e-08
6.17422e-08
5.98809e-08
5.78379e-08
5.56274e-08
5.32662e-08
5.07734e-08
4.81696e-08
4.54772e-08
4.27192e-08
3.99189e-08
3.70992e-08
3.42822e-08
3.14889e-08
2.87381e-08
2.60469e-08
2.34299e-08
2.08992e-08
1.84646e-08
1.61339e-08
1.39128e-08
1.18055e-08
9.8158e-09
7.94748e-09
6.2059e-09
4.59971e-09
3.14376e-09
1.86425e-09
8.10277e-10
9.02018e-11
2.09805e-10
1.88336e-09
4.31887e-09
7.23793e-09
1.04906e-08
1.39743e-08
1.76104e-08
2.13347e-08
2.5093e-08
2.88394e-08
3.25349e-08
3.61473e-08
3.96511e-08
4.30269e-08
4.62616e-08
4.93476e-08
5.22823e-08
5.50674e-08
5.77077e-08
6.02104e-08
6.25837e-08
6.48362e-08
6.6976e-08
6.90097e-08
7.09424e-08
7.2777e-08
7.45141e-08
7.61519e-08
7.76862e-08
7.91107e-08
8.04173e-08
8.15958e-08
8.26348e-08
8.3522e-08
8.42439e-08
8.47869e-08
8.51298e-08
8.52635e-08
8.51939e-08
8.48926e-08
8.43497e-08
8.35574e-08
8.25101e-08
8.1205e-08
7.96424e-08
7.78257e-08
7.57618e-08
7.34614e-08
7.09386e-08
6.82108e-08
6.52987e-08
6.22257e-08
5.90177e-08
5.57019e-08
5.23068e-08
4.88612e-08
4.53935e-08
4.1931e-08
3.84994e-08
3.51222e-08
3.18202e-08
2.86113e-08
2.55104e-08
2.25295e-08
1.96776e-08
1.69616e-08
1.43866e-08
1.19568e-08
9.67664e-09
7.55254e-09
5.59495e-09
3.82187e-09
2.26509e-09
9.83986e-10
1.09501e-10
2.52381e-10
2.26605e-09
5.19845e-09
8.71595e-09
1.26387e-08
1.68434e-08
2.12347e-08
2.57343e-08
3.02757e-08
3.4802e-08
3.92648e-08
4.36241e-08
4.78478e-08
5.19119e-08
5.58003e-08
5.95036e-08
6.3019e-08
6.6349e-08
6.94999e-08
7.24809e-08
7.53027e-08
7.79762e-08
8.05115e-08
8.29174e-08
8.52001e-08
8.73636e-08
8.94087e-08
9.13336e-08
9.31337e-08
9.48016e-08
9.63277e-08
9.77004e-08
9.89062e-08
9.99307e-08
1.00758e-07
1.01373e-07
1.01746e-07
1.01876e-07
1.01763e-07
1.01375e-07
1.00699e-07
9.97278e-08
9.84536e-08
9.68735e-08
9.49877e-08
9.28005e-08
9.032e-08
8.75588e-08
8.45336e-08
8.12652e-08
7.77782e-08
7.41006e-08
7.02628e-08
6.62978e-08
6.22394e-08
5.81221e-08
5.39799e-08
4.98455e-08
4.57499e-08
4.1721e-08
3.77839e-08
3.39599e-08
3.0267e-08
2.67192e-08
2.33273e-08
2.00993e-08
1.70409e-08
1.4157e-08
1.14525e-08
8.93491e-09
6.61623e-09
4.51761e-09
2.67636e-09
1.16225e-09
1.2931e-10
2.97654e-10
2.67295e-09
6.13363e-09
1.02876e-08
1.49234e-08
1.98958e-08
2.50919e-08
3.04181e-08
3.57941e-08
4.11511e-08
4.64299e-08
5.15815e-08
5.65666e-08
6.1356e-08
6.59299e-08
7.02774e-08
7.43955e-08
7.82876e-08
8.19621e-08
8.54307e-08
8.87068e-08
9.18042e-08
9.47356e-08
9.75117e-08
1.00141e-07
1.02628e-07
1.04974e-07
1.07178e-07
1.09235e-07
1.11136e-07
1.1287e-07
1.14425e-07
1.15784e-07
1.16932e-07
1.17851e-07
1.18522e-07
1.18908e-07
1.19022e-07
1.1885e-07
1.18358e-07
1.17533e-07
1.16366e-07
1.14848e-07
1.12977e-07
1.10752e-07
1.08178e-07
1.05265e-07
1.02028e-07
9.84849e-08
9.46605e-08
9.0583e-08
8.62847e-08
8.18011e-08
7.717e-08
7.2431e-08
6.76242e-08
6.27892e-08
5.79643e-08
5.31856e-08
4.84862e-08
4.38954e-08
3.94383e-08
3.5136e-08
3.10051e-08
2.70581e-08
2.33042e-08
1.97501e-08
1.64011e-08
1.32629e-08
1.03434e-08
7.6565e-09
5.2262e-09
3.09524e-09
1.34384e-09
1.49492e-10
3.45587e-10
3.10371e-09
7.12367e-09
1.19516e-08
1.73429e-08
2.31293e-08
2.91791e-08
3.53822e-08
4.16436e-08
4.78806e-08
5.40222e-08
6.00092e-08
6.57941e-08
7.13417e-08
7.66286e-08
8.1642e-08
8.63791e-08
9.08445e-08
9.50493e-08
9.9008e-08
1.02737e-07
1.06255e-07
1.09576e-07
1.12713e-07
1.15678e-07
1.18476e-07
1.21111e-07
1.23579e-07
1.25877e-07
1.27994e-07
1.29919e-07
1.31638e-07
1.33133e-07
1.34386e-07
1.35376e-07
1.36084e-07
1.36462e-07
1.36543e-07
1.36293e-07
1.3568e-07
1.34689e-07
1.3331e-07
1.31534e-07
1.29357e-07
1.26781e-07
1.2381e-07
1.20456e-07
1.16733e-07
1.12665e-07
1.08278e-07
1.03604e-07
9.86782e-08
9.35419e-08
8.82375e-08
8.28097e-08
7.73042e-08
7.17661e-08
6.62393e-08
6.07654e-08
5.53823e-08
5.01242e-08
4.50202e-08
4.00949e-08
3.53676e-08
3.0853e-08
2.6562e-08
2.2502e-08
1.8679e-08
1.50992e-08
1.17714e-08
8.71085e-09
5.94427e-09
3.51973e-09
1.52789e-09
1.69951e-10
3.96139e-10
3.558e-09
8.1678e-09
1.37067e-08
1.98955e-08
2.65415e-08
3.34933e-08
4.0623e-08
4.78192e-08
5.49841e-08
6.20332e-08
6.88958e-08
7.55154e-08
8.18501e-08
8.78726e-08
9.35684e-08
9.89348e-08
1.03979e-07
1.08714e-07
1.13158e-07
1.17333e-07
1.2126e-07
1.24957e-07
1.28441e-07
1.31724e-07
1.34815e-07
1.37717e-07
1.40429e-07
1.42946e-07
1.45257e-07
1.4735e-07
1.49209e-07
1.50816e-07
1.5215e-07
1.53189e-07
1.53908e-07
1.54255e-07
1.54286e-07
1.53937e-07
1.53183e-07
1.52009e-07
1.50403e-07
1.48357e-07
1.45866e-07
1.42931e-07
1.39558e-07
1.35759e-07
1.31552e-07
1.2696e-07
1.22012e-07
1.16744e-07
1.11195e-07
1.05409e-07
9.94338e-08
9.33182e-08
8.71132e-08
8.08694e-08
7.46363e-08
6.84606e-08
6.23859e-08
5.6451e-08
5.06897e-08
4.51304e-08
3.97957e-08
3.47029e-08
2.98645e-08
2.52896e-08
2.09847e-08
1.69567e-08
1.32151e-08
9.7763e-09
6.66975e-09
3.9486e-09
1.71384e-09
1.90624e-10
4.49261e-10
4.03537e-09
9.26503e-09
1.55513e-08
2.25789e-08
3.01295e-08
3.80307e-08
4.61355e-08
5.43146e-08
6.24534e-08
7.04522e-08
7.82276e-08
8.57128e-08
9.28591e-08
9.96347e-08
1.06024e-07
1.12024e-07
1.17645e-07
1.22904e-07
1.27824e-07
1.3243e-07
1.36748e-07
1.40801e-07
1.44609e-07
1.48187e-07
1.51546e-07
1.5469e-07
1.57619e-07
1.60326e-07
1.62804e-07
1.65036e-07
1.67008e-07
1.68698e-07
1.70084e-07
1.71145e-07
1.71842e-07
1.72142e-07
1.72097e-07
1.71628e-07
1.70716e-07
1.69343e-07
1.67499e-07
1.65173e-07
1.62362e-07
1.59067e-07
1.55295e-07
1.51057e-07
1.46373e-07
1.41268e-07
1.35773e-07
1.29924e-07
1.23765e-07
1.17343e-07
1.10707e-07
1.03914e-07
9.70166e-08
9.00717e-08
8.31339e-08
7.62554e-08
6.94852e-08
6.28674e-08
5.64409e-08
5.02384e-08
4.42864e-08
3.86052e-08
3.321e-08
2.81111e-08
2.33166e-08
1.88338e-08
1.46729e-08
1.08517e-08
7.40178e-09
4.38128e-09
1.90145e-09
2.11487e-10
5.04885e-10
4.53521e-09
1.0414e-08
1.74832e-08
2.53898e-08
3.38889e-08
4.27858e-08
5.19129e-08
6.11211e-08
7.02773e-08
7.92651e-08
8.79868e-08
9.63646e-08
1.04342e-07
1.11883e-07
1.1897e-07
1.25602e-07
1.31792e-07
1.37562e-07
1.4294e-07
1.47957e-07
1.52642e-07
1.57025e-07
1.6113e-07
1.64973e-07
1.68569e-07
1.71923e-07
1.75036e-07
1.77902e-07
1.80512e-07
1.82851e-07
1.84901e-07
1.86641e-07
1.88049e-07
1.891e-07
1.89743e-07
1.8998e-07
1.8983e-07
1.89221e-07
1.88133e-07
1.8655e-07
1.84458e-07
1.81849e-07
1.7872e-07
1.75071e-07
1.70908e-07
1.66246e-07
1.61103e-07
1.55505e-07
1.49484e-07
1.43078e-07
1.36333e-07
1.29296e-07
1.22022e-07
1.14568e-07
1.06993e-07
9.93586e-08
9.17233e-08
8.41453e-08
7.66793e-08
6.93751e-08
6.2277e-08
5.54229e-08
4.88438e-08
4.25641e-08
3.66017e-08
3.09694e-08
2.56766e-08
2.07318e-08
1.61459e-08
1.19375e-08
8.14058e-09
4.81788e-09
2.09073e-09
2.32541e-10
5.62922e-10
5.05672e-09
1.16129e-08
1.94994e-08
2.8324e-08
3.78139e-08
4.77509e-08
5.79454e-08
6.82265e-08
7.84409e-08
8.84535e-08
9.81509e-08
1.07444e-07
1.16266e-07
1.24579e-07
1.32363e-07
1.3962e-07
1.46365e-07
1.52627e-07
1.58439e-07
1.63839e-07
1.68863e-07
1.73544e-07
1.7791e-07
1.81984e-07
1.8578e-07
1.89308e-07
1.92567e-07
1.95554e-07
1.98259e-07
2.00667e-07
2.02759e-07
2.04514e-07
2.05908e-07
2.06917e-07
2.07474e-07
2.07628e-07
2.07349e-07
2.0658e-07
2.05302e-07
2.03499e-07
2.01156e-07
1.98267e-07
1.94827e-07
1.90836e-07
1.86303e-07
1.81239e-07
1.75664e-07
1.69602e-07
1.63087e-07
1.56157e-07
1.48857e-07
1.41237e-07
1.33353e-07
1.25265e-07
1.17035e-07
1.08727e-07
1.00406e-07
9.21362e-08
8.39768e-08
7.59843e-08
6.82092e-08
6.06952e-08
5.34789e-08
4.65893e-08
4.00482e-08
3.38714e-08
2.80705e-08
2.2655e-08
1.76369e-08
1.30357e-08
8.88739e-09
5.25906e-09
2.28197e-09
2.53817e-10
6.23254e-10
5.59886e-09
1.28593e-08
2.15958e-08
3.13755e-08
4.18966e-08
5.2916e-08
6.42203e-08
7.56152e-08
8.69248e-08
9.79939e-08
1.08692e-07
1.18917e-07
1.28594e-07
1.37679e-07
1.46154e-07
1.54021e-07
1.61301e-07
1.6803e-07
1.74247e-07
1.79997e-07
1.85324e-07
1.90265e-07
1.94855e-07
1.99118e-07
2.03075e-07
2.06734e-07
2.10098e-07
2.13165e-07
2.15923e-07
2.18359e-07
2.20455e-07
2.22187e-07
2.23534e-07
2.24462e-07
2.24908e-07
2.24958e-07
2.24528e-07
2.23582e-07
2.22105e-07
2.20078e-07
2.17488e-07
2.14326e-07
2.1059e-07
2.06279e-07
2.01401e-07
1.95966e-07
1.89993e-07
1.83507e-07
1.76538e-07
1.69125e-07
1.61311e-07
1.53148e-07
1.4469e-07
1.36e-07
1.27142e-07
1.18183e-07
1.09194e-07
1.00242e-07
9.1394e-08
8.27128e-08
7.42556e-08
6.60731e-08
5.82082e-08
5.06957e-08
4.35624e-08
3.68279e-08
3.05066e-08
2.46099e-08
1.91507e-08
1.41496e-08
9.6443e-09
5.706e-09
2.47568e-09
2.75368e-10
6.85732e-10
6.16029e-09
1.41501e-08
2.37674e-08
3.4537e-08
4.61271e-08
5.82682e-08
7.07214e-08
8.3267e-08
9.57048e-08
1.07858e-07
1.19577e-07
1.30745e-07
1.4128e-07
1.51133e-07
1.60285e-07
1.68743e-07
1.76534e-07
1.83698e-07
1.90286e-07
1.96348e-07
2.01936e-07
2.07096e-07
2.11865e-07
2.16275e-07
2.20346e-07
2.24092e-07
2.27517e-07
2.30619e-07
2.33388e-07
2.3581e-07
2.37868e-07
2.39541e-07
2.40806e-07
2.41611e-07
2.41939e-07
2.41855e-07
2.41256e-07
2.40125e-07
2.38443e-07
2.36194e-07
2.33365e-07
2.29947e-07
2.25936e-07
2.21333e-07
2.16143e-07
2.10375e-07
2.04047e-07
1.97181e-07
1.89806e-07
1.81957e-07
1.73677e-07
1.65015e-07
1.56027e-07
1.46773e-07
1.37321e-07
1.27739e-07
1.18102e-07
1.08482e-07
9.89524e-08
8.95832e-08
8.04391e-08
7.15786e-08
6.30523e-08
5.4902e-08
4.71606e-08
3.98527e-08
3.29962e-08
2.66051e-08
2.06937e-08
1.52837e-08
1.04142e-08
6.16034e-09
2.67252e-09
2.97271e-10
7.50179e-10
6.73942e-09
1.54818e-08
2.6008e-08
3.77995e-08
5.04932e-08
6.37916e-08
7.74288e-08
9.11578e-08
1.04752e-07
1.1801e-07
1.30765e-07
1.42883e-07
1.54274e-07
1.64885e-07
1.74696e-07
1.83719e-07
1.91989e-07
1.99554e-07
2.06472e-07
2.12804e-07
2.1861e-07
2.23941e-07
2.28843e-07
2.33351e-07
2.3749e-07
2.41275e-07
2.44714e-07
2.47805e-07
2.5054e-07
2.52907e-07
2.54889e-07
2.56465e-07
2.57613e-07
2.58267e-07
2.58471e-07
2.58224e-07
2.57447e-07
2.56125e-07
2.5424e-07
2.51778e-07
2.48725e-07
2.45073e-07
2.40815e-07
2.35953e-07
2.3049e-07
2.24433e-07
2.17797e-07
2.10601e-07
2.02871e-07
1.94639e-07
1.85946e-07
1.76836e-07
1.67365e-07
1.57591e-07
1.47582e-07
1.37409e-07
1.27148e-07
1.16877e-07
1.06676e-07
9.66209e-08
8.67855e-08
7.72372e-08
6.80353e-08
5.92301e-08
5.0862e-08
4.29618e-08
3.55524e-08
2.86508e-08
2.22735e-08
1.64432e-08
1.12005e-08
6.62403e-09
2.87333e-09
3.19618e-10
8.16381e-10
7.33432e-09
1.685e-08
2.83102e-08
4.11522e-08
5.49801e-08
6.94673e-08
8.43188e-08
9.92586e-08
1.14032e-07
1.28412e-07
1.42211e-07
1.5528e-07
1.67519e-07
1.78871e-07
1.89318e-07
1.98877e-07
2.07589e-07
2.15514e-07
2.22719e-07
2.29275e-07
2.3525e-07
2.40705e-07
2.4569e-07
2.50246e-07
2.54403e-07
2.58179e-07
2.61584e-07
2.64619e-07
2.67279e-07
2.69551e-07
2.7142e-07
2.72867e-07
2.73866e-07
2.7435e-07
2.7442e-07
2.73995e-07
2.73036e-07
2.71524e-07
2.69446e-07
2.66786e-07
2.63531e-07
2.59671e-07
2.55201e-07
2.50117e-07
2.44423e-07
2.38123e-07
2.31228e-07
2.23754e-07
2.15724e-07
2.07164e-07
1.98112e-07
1.88608e-07
1.78704e-07
1.68458e-07
1.57934e-07
1.47205e-07
1.36349e-07
1.25449e-07
1.14588e-07
1.03851e-07
9.33209e-08
8.30748e-08
7.31821e-08
6.3703e-08
5.46872e-08
4.61732e-08
3.81899e-08
3.07588e-08
2.38988e-08
1.76343e-08
1.20072e-08
7.09934e-09
3.07907e-09
3.42513e-10
8.84091e-10
7.9428e-09
1.82495e-08
3.06656e-08
4.45826e-08
5.95709e-08
7.52732e-08
9.13639e-08
1.07536e-07
1.23505e-07
1.39018e-07
1.53863e-07
1.67878e-07
1.80951e-07
1.93023e-07
2.04078e-07
2.14138e-07
2.23254e-07
2.31495e-07
2.3894e-07
2.45671e-07
2.51765e-07
2.57291e-07
2.62308e-07
2.66862e-07
2.70988e-07
2.74707e-07
2.78033e-07
2.8097e-07
2.83513e-07
2.85654e-07
2.8738e-07
2.88674e-07
2.89488e-07
2.89813e-07
2.89727e-07
2.89123e-07
2.87984e-07
2.86295e-07
2.84039e-07
2.81203e-07
2.77773e-07
2.73738e-07
2.69091e-07
2.63827e-07
2.57945e-07
2.51448e-07
2.44344e-07
2.36644e-07
2.28365e-07
2.19532e-07
2.10175e-07
2.00331e-07
1.90047e-07
1.79377e-07
1.68383e-07
1.57138e-07
1.45719e-07
1.34212e-07
1.22707e-07
1.11296e-07
1.00069e-07
8.91164e-08
7.85174e-08
6.83443e-08
5.86575e-08
4.95053e-08
4.09241e-08
3.29411e-08
2.55789e-08
1.88636e-08
1.28386e-08
7.58867e-09
3.29075e-09
3.6607e-10
9.53031e-10
8.56235e-09
1.96746e-08
3.30644e-08
4.80764e-08
6.42462e-08
8.11843e-08
9.8533e-08
1.15953e-07
1.33128e-07
1.49776e-07
1.65665e-07
1.80614e-07
1.94503e-07
2.07269e-07
2.18899e-07
2.29422e-07
2.38898e-07
2.47409e-07
2.55045e-07
2.619e-07
2.68061e-07
2.73607e-07
2.78605e-07
2.83108e-07
2.87154e-07
2.90771e-07
2.93976e-07
2.96775e-07
2.99168e-07
3.01148e-07
3.02706e-07
3.03825e-07
3.04442e-07
3.04624e-07
3.04365e-07
3.0359e-07
3.02285e-07
3.00436e-07
2.98027e-07
2.95043e-07
2.91471e-07
2.87297e-07
2.82511e-07
2.77107e-07
2.71081e-07
2.64432e-07
2.57164e-07
2.49285e-07
2.40808e-07
2.3175e-07
2.22139e-07
2.12006e-07
2.01392e-07
1.90346e-07
1.78929e-07
1.67208e-07
1.55261e-07
1.43176e-07
1.31047e-07
1.18971e-07
1.07051e-07
9.53834e-08
8.40636e-08
7.3176e-08
6.27936e-08
5.29764e-08
4.37706e-08
3.52104e-08
2.73233e-08
2.01378e-08
1.36991e-08
8.09455e-09
3.50943e-09
3.90405e-10
1.02289e-09
9.19017e-09
2.1119e-08
3.54958e-08
5.16178e-08
6.89843e-08
8.71726e-08
1.05791e-07
1.24467e-07
1.42851e-07
1.60633e-07
1.77555e-07
1.93421e-07
2.08102e-07
2.21531e-07
2.337e-07
2.44644e-07
2.54435e-07
2.63168e-07
2.70945e-07
2.77872e-07
2.84049e-07
2.89565e-07
2.94495e-07
2.98898e-07
3.0282e-07
3.06294e-07
3.09341e-07
3.1197e-07
3.14185e-07
3.15985e-07
3.1736e-07
3.18286e-07
3.18716e-07
3.18762e-07
3.18336e-07
3.17408e-07
3.15961e-07
3.1398e-07
3.11449e-07
3.08353e-07
3.04675e-07
3.004e-07
2.95515e-07
2.90011e-07
2.8388e-07
2.77119e-07
2.69728e-07
2.6171e-07
2.53075e-07
2.43836e-07
2.34014e-07
2.23635e-07
2.12737e-07
2.01362e-07
1.89565e-07
1.7741e-07
1.64973e-07
1.52342e-07
1.39612e-07
1.26887e-07
1.14277e-07
1.01892e-07
8.9839e-08
7.82171e-08
6.71143e-08
5.6604e-08
4.67444e-08
3.7579e-08
2.91414e-08
2.14637e-08
1.45931e-08
8.61945e-09
3.73616e-09
4.15636e-10
1.09332e-09
9.82322e-09
2.25756e-08
3.79481e-08
5.51894e-08
7.37618e-08
9.32077e-08
1.13101e-07
1.33033e-07
1.52621e-07
1.71526e-07
1.89466e-07
2.06228e-07
2.21672e-07
2.3573e-07
2.48398e-07
2.5972e-07
2.6978e-07
2.78684e-07
2.86552e-07
2.93501e-07
2.99645e-07
3.05082e-07
3.09896e-07
3.14157e-07
3.17916e-07
3.21211e-07
3.24069e-07
3.26504e-07
3.28525e-07
3.30132e-07
3.31321e-07
3.32049e-07
3.32328e-07
3.32235e-07
3.31669e-07
3.30616e-07
3.2906e-07
3.26985e-07
3.24373e-07
3.21205e-07
3.17462e-07
3.13128e-07
3.08184e-07
3.02617e-07
2.96418e-07
2.89578e-07
2.82095e-07
2.7397e-07
2.65208e-07
2.55818e-07
2.45818e-07
2.3523e-07
2.24084e-07
2.12418e-07
2.00281e-07
1.87732e-07
1.74844e-07
1.61699e-07
1.48396e-07
1.35042e-07
1.21754e-07
1.08652e-07
9.58563e-08
8.34827e-08
7.16352e-08
6.04033e-08
4.98593e-08
4.00584e-08
3.10422e-08
2.28477e-08
1.55248e-08
9.1658e-09
3.97194e-09
4.41873e-10
1.16397e-09
1.04582e-08
2.40368e-08
4.04084e-08
5.87725e-08
7.8553e-08
9.92567e-08
1.20422e-07
1.41603e-07
1.62384e-07
1.82395e-07
2.0133e-07
2.18959e-07
2.35133e-07
2.49783e-07
2.62908e-07
2.74564e-07
2.84845e-07
2.93873e-07
3.01783e-07
3.08706e-07
3.14768e-07
3.20081e-07
3.24739e-07
3.28819e-07
3.32382e-07
3.35471e-07
3.38119e-07
3.40347e-07
3.42165e-07
3.43579e-07
3.44589e-07
3.4514e-07
3.45303e-07
3.45086e-07
3.44416e-07
3.4328e-07
3.4166e-07
3.39538e-07
3.36892e-07
3.33701e-07
3.2994e-07
3.25589e-07
3.20627e-07
3.15034e-07
3.08797e-07
3.01906e-07
2.94355e-07
2.86142e-07
2.77271e-07
2.67749e-07
2.5759e-07
2.46812e-07
2.35442e-07
2.23514e-07
2.11068e-07
1.9816e-07
1.84854e-07
1.71231e-07
1.57386e-07
1.43427e-07
1.29476e-07
1.15663e-07
1.02121e-07
8.89822e-08
7.63681e-08
6.43868e-08
5.31273e-08
4.2659e-08
3.30341e-08
2.4296e-08
1.64982e-08
9.73582e-09
4.21772e-09
4.69221e-10
1.23445e-09
1.10917e-08
2.54947e-08
4.28633e-08
6.23471e-08
8.33309e-08
1.05285e-07
1.2771e-07
1.50125e-07
1.7208e-07
1.93173e-07
2.13074e-07
2.31538e-07
2.48406e-07
2.63608e-07
2.77148e-07
2.89091e-07
2.99547e-07
3.08653e-07
3.16557e-07
3.23409e-07
3.29347e-07
3.34497e-07
3.38962e-07
3.42832e-07
3.46173e-07
3.49038e-07
3.51465e-07
3.53481e-07
3.55102e-07
3.56338e-07
3.57186e-07
3.57599e-07
3.57679e-07
3.57379e-07
3.56654e-07
3.55488e-07
3.53861e-07
3.51749e-07
3.49126e-07
3.45966e-07
3.42239e-07
3.37918e-07
3.32978e-07
3.27395e-07
3.21149e-07
3.14227e-07
3.06622e-07
2.9833e-07
2.89354e-07
2.79702e-07
2.69386e-07
2.58423e-07
2.46838e-07
2.34658e-07
2.21923e-07
2.08679e-07
1.94985e-07
1.80915e-07
1.66559e-07
1.52023e-07
1.3743e-07
1.22918e-07
1.08632e-07
9.4719e-08
8.13201e-08
6.85634e-08
5.65578e-08
4.53896e-08
3.51242e-08
2.58138e-08
1.75168e-08
1.03315e-08
4.47431e-09
4.97771e-10
1.30434e-09
1.172e-08
2.6941e-08
4.52986e-08
6.58925e-08
8.80675e-08
1.11256e-07
1.34922e-07
1.58548e-07
1.81648e-07
2.03793e-07
2.24627e-07
2.43888e-07
2.6141e-07
2.77122e-07
2.91033e-07
3.0322e-07
3.13806e-07
3.22945e-07
3.30802e-07
3.37541e-07
3.43318e-07
3.48271e-07
3.52516e-07
3.56152e-07
3.59256e-07
3.61889e-07
3.64095e-07
3.65908e-07
3.67351e-07
3.68436e-07
3.69156e-07
3.69481e-07
3.69518e-07
3.69192e-07
3.68474e-07
3.67344e-07
3.65776e-07
3.63741e-07
3.61208e-07
3.58142e-07
3.54507e-07
3.50269e-07
3.45396e-07
3.39858e-07
3.3363e-07
3.26695e-07
3.19042e-07
3.1067e-07
3.01582e-07
2.91786e-07
2.81296e-07
2.70132e-07
2.58318e-07
2.45881e-07
2.32857e-07
2.19286e-07
2.05221e-07
1.90728e-07
1.75888e-07
1.60802e-07
1.45593e-07
1.30401e-07
1.15379e-07
1.00689e-07
8.64923e-08
7.2938e-08
6.01573e-08
4.82569e-08
3.73185e-08
2.74057e-08
1.85837e-08
1.09546e-08
4.74241e-09
5.27601e-10
1.37323e-09
1.23394e-08
2.8367e-08
4.76998e-08
6.93873e-08
9.27337e-08
1.17133e-07
1.42012e-07
1.66817e-07
1.91029e-07
2.14186e-07
2.35913e-07
2.55931e-07
2.74066e-07
2.90244e-07
3.04484e-07
3.16872e-07
3.27546e-07
3.36678e-07
3.44449e-07
3.51041e-07
3.56626e-07
3.61355e-07
3.6536e-07
3.6875e-07
3.71611e-07
3.74014e-07
3.76011e-07
3.77642e-07
3.78934e-07
3.79905e-07
3.80554e-07
3.80855e-07
3.80896e-07
3.80615e-07
3.79978e-07
3.7896e-07
3.7753e-07
3.75651e-07
3.73283e-07
3.70383e-07
3.66907e-07
3.6281e-07
3.58053e-07
3.526e-07
3.46419e-07
3.39487e-07
3.31791e-07
3.2333e-07
3.1411e-07
3.04141e-07
2.93445e-07
2.82043e-07
2.69964e-07
2.5724e-07
2.43904e-07
2.29994e-07
2.15558e-07
2.00651e-07
1.85347e-07
1.69738e-07
1.53938e-07
1.38087e-07
1.22344e-07
1.06882e-07
9.18805e-08
7.75109e-08
6.39291e-08
5.12654e-08
3.96215e-08
2.90753e-08
1.97012e-08
1.16063e-08
5.02259e-09
5.58772e-10
1.4407e-09
1.2946e-08
2.97639e-08
5.00521e-08
7.281e-08
9.73004e-08
1.22879e-07
1.48935e-07
1.74879e-07
2.0016e-07
2.24287e-07
2.46863e-07
2.67593e-07
2.86295e-07
3.02898e-07
3.17424e-07
3.29973e-07
3.40698e-07
3.49786e-07
3.57438e-07
3.63856e-07
3.69225e-07
3.73714e-07
3.77467e-07
3.80606e-07
3.83229e-07
3.85416e-07
3.87226e-07
3.88706e-07
3.89889e-07
3.90796e-07
3.91438e-07
3.9179e-07
3.91895e-07
3.9174e-07
3.91269e-07
3.9045e-07
3.89246e-07
3.87612e-07
3.85495e-07
3.82844e-07
3.79601e-07
3.75713e-07
3.7113e-07
3.65807e-07
3.59707e-07
3.52799e-07
3.45066e-07
3.36505e-07
3.27126e-07
3.16947e-07
3.05993e-07
2.94297e-07
2.81895e-07
2.68826e-07
2.55129e-07
2.40843e-07
2.26011e-07
2.10683e-07
1.9492e-07
1.78802e-07
1.62435e-07
1.45949e-07
1.29504e-07
1.13281e-07
9.74742e-08
8.22775e-08
6.78729e-08
5.44172e-08
4.20359e-08
3.08252e-08
2.08712e-08
1.22878e-08
5.31522e-09
5.91328e-10
1.50633e-09
1.35362e-08
3.11231e-08
5.23408e-08
7.61389e-08
1.01739e-07
1.28457e-07
1.55646e-07
1.82682e-07
2.08982e-07
2.3403e-07
2.57405e-07
2.78799e-07
2.98025e-07
3.1501e-07
3.29782e-07
3.42455e-07
3.53196e-07
3.62211e-07
3.6972e-07
3.75941e-07
3.81079e-07
3.85318e-07
3.88818e-07
3.91712e-07
3.94112e-07
3.96105e-07
3.97761e-07
3.99133e-07
4.00259e-07
4.01164e-07
4.0186e-07
4.0235e-07
4.02607e-07
4.02657e-07
4.02443e-07
4.01921e-07
4.01041e-07
3.99747e-07
3.97979e-07
3.95667e-07
3.92746e-07
3.89146e-07
3.84806e-07
3.79669e-07
3.7369e-07
3.66833e-07
3.59075e-07
3.50411e-07
3.40847e-07
3.30412e-07
3.1914e-07
3.07076e-07
2.9427e-07
2.80774e-07
2.66636e-07
2.51905e-07
2.36625e-07
2.20839e-07
2.04601e-07
1.87976e-07
1.71055e-07
1.53956e-07
1.36831e-07
1.19864e-07
1.03258e-07
8.72286e-08
7.19845e-08
5.77116e-08
4.45628e-08
3.26568e-08
2.20948e-08
1.29997e-08
5.62054e-09
6.25294e-10
1.5697e-09
1.41061e-08
3.24359e-08
5.45515e-08
7.93529e-08
1.0602e-07
1.3383e-07
1.62101e-07
1.90174e-07
2.17438e-07
2.43351e-07
2.67473e-07
2.89483e-07
3.09186e-07
3.26511e-07
3.41493e-07
3.54256e-07
3.64986e-07
3.73904e-07
3.8125e-07
3.87262e-07
3.92161e-07
3.9615e-07
3.99403e-07
4.02069e-07
4.04268e-07
4.06101e-07
4.07645e-07
4.08959e-07
4.10088e-07
4.11059e-07
4.11886e-07
4.12572e-07
4.13105e-07
4.13454e-07
4.13582e-07
4.1346e-07
4.13007e-07
4.1216e-07
4.10844e-07
4.08977e-07
4.06477e-07
4.03261e-07
3.9925e-07
3.94375e-07
3.88576e-07
3.81809e-07
3.74044e-07
3.65271e-07
3.55504e-07
3.44769e-07
3.33114e-07
3.20598e-07
3.07289e-07
2.93258e-07
2.78573e-07
2.63295e-07
2.47478e-07
2.31168e-07
2.14409e-07
1.97256e-07
1.79779e-07
1.6208e-07
1.44295e-07
1.26602e-07
1.0921e-07
9.23504e-08
7.62564e-08
6.11453e-08
4.72014e-08
3.45703e-08
2.33724e-08
1.3742e-08
5.9386e-09
6.60677e-10
1.63041e-09
1.46522e-08
3.36941e-08
5.66701e-08
8.24315e-08
1.10117e-07
1.38965e-07
1.68258e-07
1.97308e-07
2.25474e-07
2.52193e-07
2.77006e-07
2.9958e-07
3.19715e-07
3.3734e-07
3.52498e-07
3.65324e-07
3.76019e-07
3.84823e-07
3.91995e-07
3.97791e-07
4.02454e-07
4.06201e-07
4.09223e-07
4.11682e-07
4.13713e-07
4.15425e-07
4.16905e-07
4.18219e-07
4.19416e-07
4.20525e-07
4.21563e-07
4.2253e-07
4.2341e-07
4.24173e-07
4.24778e-07
4.25131e-07
4.25211e-07
4.24917e-07
4.24165e-07
4.22854e-07
4.20885e-07
4.18159e-07
4.1458e-07
4.1006e-07
4.04523e-07
3.97907e-07
3.90177e-07
3.81317e-07
3.71333e-07
3.60261e-07
3.48161e-07
3.35105e-07
3.21184e-07
3.06494e-07
2.91127e-07
2.75169e-07
2.58692e-07
2.41752e-07
2.24393e-07
2.06659e-07
1.88602e-07
1.703e-07
1.51869e-07
1.33469e-07
1.15308e-07
9.76251e-08
8.06771e-08
6.47121e-08
4.99491e-08
3.65649e-08
2.47036e-08
1.45147e-08
6.26929e-09
6.97464e-10
1.68808e-09
1.51711e-08
3.48898e-08
5.86834e-08
8.53556e-08
1.14003e-07
1.43829e-07
1.7408e-07
2.04039e-07
2.3304e-07
2.60501e-07
2.85947e-07
3.09033e-07
3.29555e-07
3.47443e-07
3.62746e-07
3.75611e-07
3.86255e-07
3.94935e-07
4.01929e-07
4.07512e-07
4.11946e-07
4.15467e-07
4.18281e-07
4.20565e-07
4.22465e-07
4.24102e-07
4.25571e-07
4.26945e-07
4.28276e-07
4.29598e-07
4.30926e-07
4.32258e-07
4.33575e-07
4.34839e-07
4.35999e-07
4.36983e-07
4.37711e-07
4.3804e-07
4.3797e-07
4.37327e-07
4.36004e-07
4.33883e-07
4.30847e-07
4.26787e-07
4.21609e-07
4.15236e-07
4.07614e-07
3.98712e-07
3.88534e-07
3.77117e-07
3.64525e-07
3.50852e-07
3.3621e-07
3.20724e-07
3.04523e-07
2.87724e-07
2.70428e-07
2.52713e-07
2.34634e-07
2.1623e-07
1.97537e-07
1.78608e-07
1.59529e-07
1.40437e-07
1.21524e-07
1.03032e-07
8.52321e-08
6.84035e-08
5.28013e-08
3.86383e-08
2.60874e-08
1.53172e-08
6.61232e-09
7.35624e-10
1.74236e-09
1.56595e-08
3.60157e-08
6.05791e-08
8.81073e-08
1.17657e-07
1.48392e-07
1.7953e-07
2.10326e-07
2.40093e-07
2.68229e-07
2.94246e-07
3.17792e-07
3.38657e-07
3.56773e-07
3.72195e-07
3.85081e-07
3.95662e-07
4.04215e-07
4.11034e-07
4.16415e-07
4.20637e-07
4.23954e-07
4.26589e-07
4.28732e-07
4.30544e-07
4.32155e-07
4.33668e-07
4.35162e-07
4.36694e-07
4.38298e-07
4.39991e-07
4.41768e-07
4.43605e-07
4.45459e-07
4.4727e-07
4.48958e-07
4.50433e-07
4.51586e-07
4.52238e-07
4.52367e-07
4.51808e-07
4.50413e-07
4.48044e-07
4.44568e-07
4.39869e-07
4.33848e-07
4.2643e-07
4.17571e-07
4.07257e-07
3.95516e-07
3.82421e-07
3.68076e-07
3.5262e-07
3.36209e-07
3.19012e-07
3.0119e-07
2.82887e-07
2.64216e-07
2.45254e-07
2.26048e-07
2.06625e-07
1.87013e-07
1.67265e-07
1.47484e-07
1.27834e-07
1.08547e-07
8.9904e-08
7.2208e-08
5.57515e-08
4.07873e-08
2.75221e-08
1.61485e-08
6.96726e-09
7.75107e-10
1.79293e-09
1.61146e-08
3.70651e-08
6.2346e-08
9.06704e-08
1.21055e-07
1.52629e-07
1.84579e-07
2.16135e-07
2.46592e-07
2.75334e-07
3.01862e-07
3.25814e-07
3.4698e-07
3.65291e-07
3.8081e-07
3.93704e-07
4.04219e-07
4.12647e-07
4.19301e-07
4.24496e-07
4.28528e-07
4.3167e-07
4.3416e-07
4.36203e-07
4.37971e-07
4.39605e-07
4.41215e-07
4.42888e-07
4.44682e-07
4.46634e-07
4.48761e-07
4.51053e-07
4.53484e-07
4.56004e-07
4.58547e-07
4.61024e-07
4.63333e-07
4.65355e-07
4.66954e-07
4.67928e-07
4.68207e-07
4.67664e-07
4.66094e-07
4.6334e-07
4.5926e-07
4.53728e-07
4.46645e-07
4.37941e-07
4.27584e-07
4.15587e-07
4.02015e-07
3.86982e-07
3.70647e-07
3.532e-07
3.34853e-07
3.1582e-07
2.963e-07
2.76458e-07
2.5641e-07
2.36227e-07
2.15936e-07
1.95548e-07
1.7508e-07
1.54593e-07
1.34214e-07
1.14148e-07
9.46735e-08
7.61121e-08
5.87915e-08
4.30073e-08
2.90051e-08
1.70073e-08
7.33349e-09
8.15847e-10
1.8395e-09
1.65338e-08
3.80322e-08
6.39743e-08
9.30309e-08
1.2418e-07
1.56517e-07
1.89199e-07
2.21436e-07
2.52507e-07
2.81784e-07
3.08759e-07
3.33066e-07
3.54491e-07
3.72968e-07
3.88566e-07
4.0146e-07
4.1191e-07
4.20222e-07
4.26728e-07
4.31759e-07
4.3563e-07
4.38629e-07
4.41012e-07
4.42996e-07
4.44765e-07
4.4647e-07
4.48229e-07
4.50132e-07
4.52243e-07
4.546e-07
4.57216e-07
4.60082e-07
4.63167e-07
4.66416e-07
4.69756e-07
4.7309e-07
4.76308e-07
4.79278e-07
4.81856e-07
4.83883e-07
4.85112e-07
4.85475e-07
4.84838e-07
4.82951e-07
4.79645e-07
4.74762e-07
4.68171e-07
4.59773e-07
4.49508e-07
4.37365e-07
4.23395e-07
4.07708e-07
3.90476e-07
3.71918e-07
3.52291e-07
3.3187e-07
3.10918e-07
2.89667e-07
2.68296e-07
2.46915e-07
2.25573e-07
2.04271e-07
1.82996e-07
1.61762e-07
1.40645e-07
1.19811e-07
9.95197e-08
8.01003e-08
6.19113e-08
4.52924e-08
3.05334e-08
1.78918e-08
7.71025e-09
8.57758e-10
1.88184e-09
1.69151e-08
3.89119e-08
6.54556e-08
9.51767e-08
1.27017e-07
1.60037e-07
1.9337e-07
2.26206e-07
2.57812e-07
2.87551e-07
3.1491e-07
3.39521e-07
3.61167e-07
3.79784e-07
3.95446e-07
4.08338e-07
4.18728e-07
4.2694e-07
4.33319e-07
4.38214e-07
4.41956e-07
4.4485e-07
4.47164e-07
4.4913e-07
4.50944e-07
4.52765e-07
4.54717e-07
4.56896e-07
4.59369e-07
4.62174e-07
4.65323e-07
4.68807e-07
4.72588e-07
4.76609e-07
4.80791e-07
4.85031e-07
4.8921e-07
4.9319e-07
4.96814e-07
4.99913e-07
5.02305e-07
5.03687e-07
5.04035e-07
5.03162e-07
5.00789e-07
4.96727e-07
4.90811e-07
4.82902e-07
4.72908e-07
4.60783e-07
4.46548e-07
4.30302e-07
4.12214e-07
3.92526e-07
3.71536e-07
3.49576e-07
3.26988e-07
3.04086e-07
2.81129e-07
2.58294e-07
2.3567e-07
2.13269e-07
1.91058e-07
1.69002e-07
1.47118e-07
1.25517e-07
1.04422e-07
8.41555e-08
6.50992e-08
4.76356e-08
3.21028e-08
1.87999e-08
8.0966e-09
9.00736e-10
1.91975e-09
1.72566e-08
3.97004e-08
6.67832e-08
9.70984e-08
1.29552e-07
1.63175e-07
1.97075e-07
2.30426e-07
2.62488e-07
2.92617e-07
3.20299e-07
3.45163e-07
3.66993e-07
3.85727e-07
4.01442e-07
4.14332e-07
4.24676e-07
4.32807e-07
4.39086e-07
4.43876e-07
4.47525e-07
4.50351e-07
4.52637e-07
4.54627e-07
4.56525e-07
4.58501e-07
4.60684e-07
4.63175e-07
4.66043e-07
4.69326e-07
4.73036e-07
4.77162e-07
4.81663e-07
4.86478e-07
4.91524e-07
4.96694e-07
5.01863e-07
5.06887e-07
5.11602e-07
5.15831e-07
5.19378e-07
5.22037e-07
5.23434e-07
5.23648e-07
5.2237e-07
5.19307e-07
5.14261e-07
5.07052e-07
4.97542e-07
4.85646e-07
4.71342e-07
4.54697e-07
4.35867e-07
4.151e-07
3.92725e-07
3.6913e-07
3.44737e-07
3.19954e-07
2.9514e-07
2.70566e-07
2.4639e-07
2.22659e-07
1.99335e-07
1.76343e-07
1.53634e-07
1.31251e-07
1.0936e-07
8.82599e-08
6.83422e-08
5.00287e-08
3.37088e-08
1.97291e-08
8.49147e-09
9.44662e-10
1.95309e-09
1.7557e-08
4.03944e-08
6.7952e-08
9.87888e-08
1.31778e-07
1.6592e-07
2.00302e-07
2.34087e-07
2.66524e-07
2.96972e-07
3.24916e-07
3.49984e-07
3.71962e-07
3.90792e-07
4.06555e-07
4.19448e-07
4.2976e-07
4.37834e-07
4.44044e-07
4.48765e-07
4.52359e-07
4.55156e-07
4.57453e-07
4.59503e-07
4.61523e-07
4.63686e-07
4.6613e-07
4.68958e-07
4.7224e-07
4.76017e-07
4.80299e-07
4.85072e-07
4.90296e-07
4.95905e-07
5.01812e-07
5.07911e-07
5.14071e-07
5.20145e-07
5.25967e-07
5.31353e-07
5.36102e-07
5.39998e-07
5.42768e-07
5.44049e-07
5.43992e-07
5.42098e-07
5.38122e-07
5.31837e-07
5.23056e-07
5.11638e-07
4.97514e-07
4.80699e-07
4.61319e-07
4.39606e-07
4.15906e-07
3.90652e-07
3.6434e-07
3.37482e-07
3.10555e-07
2.83948e-07
2.57919e-07
2.32582e-07
2.0792e-07
1.83832e-07
1.60208e-07
1.37005e-07
1.14317e-07
9.23951e-08
7.16261e-08
5.24624e-08
3.53458e-08
2.06764e-08
8.8936e-09
9.89396e-10
1.98176e-09
1.78156e-08
4.09921e-08
6.89587e-08
1.00243e-07
1.33688e-07
1.68267e-07
2.03047e-07
2.37181e-07
2.69917e-07
3.00613e-07
3.28758e-07
3.53983e-07
3.76079e-07
3.94987e-07
4.10792e-07
4.23697e-07
4.33996e-07
4.42042e-07
4.48215e-07
4.52905e-07
4.56482e-07
4.5929e-07
4.61635e-07
4.63782e-07
4.65954e-07
4.68331e-07
4.71057e-07
4.74235e-07
4.77939e-07
4.82208e-07
4.87055e-07
4.92461e-07
4.98386e-07
5.04764e-07
5.11507e-07
5.18504e-07
5.25628e-07
5.3273e-07
5.39643e-07
5.46181e-07
5.5214e-07
5.57296e-07
5.61408e-07
5.64124e-07
5.6521e-07
5.64638e-07
5.61922e-07
5.56787e-07
5.48989e-07
5.3833e-07
5.24677e-07
5.07984e-07
4.88318e-07
4.65881e-07
4.41008e-07
4.14161e-07
3.85898e-07
3.56835e-07
3.27575e-07
2.9865e-07
2.70453e-07
2.43201e-07
2.16931e-07
1.91542e-07
1.66868e-07
1.4278e-07
1.19278e-07
9.65435e-08
7.49356e-08
5.49264e-08
3.70078e-08
2.16387e-08
9.3016e-09
1.03478e-09
2.00573e-09
1.80318e-08
4.14925e-08
6.98017e-08
1.0146e-07
1.35281e-07
1.70214e-07
2.05309e-07
2.39711e-07
2.72668e-07
3.03544e-07
3.31832e-07
3.57171e-07
3.79353e-07
3.98323e-07
4.1417e-07
4.27098e-07
4.37406e-07
4.45452e-07
4.51625e-07
4.56322e-07
4.59923e-07
4.62782e-07
4.65213e-07
4.67488e-07
4.69838e-07
4.72449e-07
4.75465e-07
4.78997e-07
4.83115e-07
4.87862e-07
4.93247e-07
4.99254e-07
5.0584e-07
5.12939e-07
5.20464e-07
5.28307e-07
5.36339e-07
5.44416e-07
5.52373e-07
5.60026e-07
5.67172e-07
5.73587e-07
5.79023e-07
5.83212e-07
5.85712e-07
5.86434e-07
5.85147e-07
5.81371e-07
5.7481e-07
5.652e-07
5.52336e-07
5.36099e-07
5.16482e-07
4.93626e-07
4.67831e-07
4.39559e-07
4.09414e-07
3.78099e-07
3.46351e-07
3.14861e-07
2.84187e-07
2.54689e-07
2.26504e-07
1.99561e-07
1.73661e-07
1.48589e-07
1.24236e-07
1.00689e-07
7.82551e-08
5.74092e-08
3.86879e-08
2.26122e-08
9.7139e-09
1.08065e-09
2.02501e-09
1.82059e-08
4.18957e-08
7.04813e-08
1.02439e-07
1.36557e-07
1.71762e-07
2.07091e-07
2.41682e-07
2.74786e-07
3.05775e-07
3.34151e-07
3.5956e-07
3.818e-07
4.0082e-07
4.16709e-07
4.29674e-07
4.40016e-07
4.48095e-07
4.54307e-07
4.59052e-07
4.62719e-07
4.65666e-07
4.68217e-07
4.70649e-07
4.73197e-07
4.76051e-07
4.79361e-07
4.83237e-07
4.87751e-07
4.92945e-07
4.98829e-07
5.05386e-07
5.12573e-07
5.20326e-07
5.2856e-07
5.37168e-07
5.46028e-07
5.55e-07
5.63924e-07
5.72625e-07
5.80902e-07
5.88536e-07
5.9528e-07
6.00862e-07
6.04978e-07
6.07074e-07
6.07281e-07
6.05041e-07
5.99945e-07
5.91665e-07
5.79917e-07
5.64497e-07
5.45311e-07
5.22411e-07
4.96036e-07
4.66616e-07
4.34768e-07
4.01264e-07
3.66963e-07
3.32723e-07
2.99294e-07
2.67223e-07
2.36788e-07
2.07998e-07
1.8065e-07
1.54455e-07
1.29188e-07
1.04817e-07
8.1569e-08
5.98987e-08
4.03784e-08
2.35927e-08
1.01288e-08
1.12679e-09
2.03966e-09
1.83383e-08
4.22029e-08
7.09992e-08
1.03183e-07
1.3752e-07
1.72918e-07
2.08401e-07
2.43104e-07
2.76284e-07
3.07323e-07
3.35733e-07
3.61173e-07
3.83445e-07
4.02503e-07
4.18437e-07
4.31456e-07
4.41858e-07
4.50007e-07
4.56297e-07
4.61133e-07
4.64906e-07
4.6798e-07
4.70682e-07
4.73294e-07
4.76055e-07
4.79159e-07
4.82756e-07
4.86958e-07
4.91837e-07
4.97436e-07
5.03765e-07
5.10806e-07
5.1852e-07
5.26842e-07
5.3569e-07
5.44965e-07
5.54551e-07
5.64313e-07
5.74104e-07
5.83755e-07
5.93077e-07
6.01858e-07
6.09858e-07
6.16806e-07
6.22399e-07
6.26209e-07
6.27838e-07
6.27261e-07
6.23824e-07
6.17126e-07
6.06804e-07
5.92563e-07
5.74211e-07
5.51696e-07
5.2516e-07
4.94968e-07
4.61714e-07
4.26203e-07
3.89396e-07
3.52313e-07
3.15912e-07
2.8096e-07
2.47934e-07
2.16972e-07
1.87912e-07
1.60416e-07
1.34141e-07
1.08918e-07
8.48621e-08
6.23821e-08
4.20709e-08
2.45758e-08
1.05443e-08
1.17301e-09
2.04979e-09
1.843e-08
4.24163e-08
7.1359e-08
1.03697e-07
1.38178e-07
1.73692e-07
2.09251e-07
2.43992e-07
2.77178e-07
3.08205e-07
3.366e-07
3.62031e-07
3.84311e-07
4.03399e-07
4.19385e-07
4.32477e-07
4.42971e-07
4.51228e-07
4.57638e-07
4.62607e-07
4.66528e-07
4.69765e-07
4.72647e-07
4.75461e-07
4.78447e-07
4.81799e-07
4.8567e-07
4.90172e-07
4.95378e-07
5.0133e-07
5.08039e-07
5.15488e-07
5.23638e-07
5.3243e-07
5.41787e-07
5.51614e-07
5.61805e-07
5.72236e-07
5.8277e-07
5.93252e-07
6.03506e-07
6.13331e-07
6.22498e-07
6.30742e-07
6.3776e-07
6.43207e-07
6.46539e-07
6.47548e-07
6.45915e-07
6.41003e-07
6.32379e-07
6.19658e-07
6.02539e-07
5.80858e-07
5.54634e-07
5.24129e-07
4.89873e-07
4.52664e-07
4.13526e-07
3.73621e-07
3.34118e-07
2.96033e-07
2.60087e-07
2.2661e-07
1.95537e-07
1.6652e-07
1.3911e-07
1.12984e-07
8.81201e-08
6.48462e-08
4.37565e-08
2.55563e-08
1.09583e-08
1.21906e-09
2.05557e-09
1.84826e-08
4.25393e-08
7.15662e-08
1.03989e-07
1.3854e-07
1.74094e-07
2.09657e-07
2.44363e-07
2.77489e-07
3.08444e-07
3.36772e-07
3.62157e-07
3.84423e-07
4.03534e-07
4.19581e-07
4.32769e-07
4.43391e-07
4.51799e-07
4.58374e-07
4.63522e-07
4.67631e-07
4.71067e-07
4.74159e-07
4.77193e-07
4.8041e-07
4.84007e-07
4.88135e-07
4.92905e-07
4.98392e-07
5.04638e-07
5.11654e-07
5.19425e-07
5.27915e-07
5.37069e-07
5.46816e-07
5.57071e-07
5.67735e-07
5.78699e-07
5.89839e-07
6.01015e-07
6.12067e-07
6.2281e-07
6.33028e-07
6.42468e-07
6.50834e-07
6.57783e-07
6.62923e-07
6.65573e-07
6.65767e-07
6.62781e-07
6.5607e-07
6.4516e-07
6.29643e-07
6.09234e-07
5.83815e-07
5.53513e-07
5.18751e-07
4.80271e-07
4.3911e-07
3.96537e-07
3.53914e-07
3.12523e-07
2.73369e-07
2.37036e-07
2.03625e-07
1.72826e-07
1.44117e-07
1.17015e-07
9.13302e-08
6.72773e-08
4.54254e-08
2.65289e-08
1.13685e-08
1.26469e-09
2.05726e-09
1.84981e-08
4.25764e-08
7.1628e-08
1.04069e-07
1.38619e-07
1.74142e-07
2.09643e-07
2.44273e-07
2.77308e-07
3.08172e-07
3.36422e-07
3.61754e-07
3.83999e-07
4.03124e-07
4.19222e-07
4.32493e-07
4.43228e-07
4.51777e-07
4.58553e-07
4.63929e-07
4.68271e-07
4.71942e-07
4.7527e-07
4.78542e-07
4.81997e-07
4.8583e-07
4.90194e-07
4.95198e-07
5.00917e-07
5.07393e-07
5.14638e-07
5.22641e-07
5.31369e-07
5.40772e-07
5.50786e-07
5.61337e-07
5.72337e-07
5.83691e-07
5.9529e-07
6.07012e-07
6.18715e-07
6.30232e-07
6.41364e-07
6.51872e-07
6.61475e-07
6.69836e-07
6.76569e-07
6.8113e-07
6.83025e-07
6.82038e-07
6.77384e-07
6.6851e-07
6.54907e-07
6.36166e-07
6.12031e-07
5.8247e-07
5.47759e-07
5.08531e-07
4.65784e-07
4.20837e-07
3.75213e-07
3.30448e-07
2.87867e-07
2.48362e-07
2.12274e-07
1.79405e-07
1.49194e-07
1.21014e-07
9.44816e-08
6.96618e-08
4.70672e-08
2.74875e-08
1.17725e-08
1.30962e-09
2.05529e-09
1.8481e-08
4.25388e-08
7.15653e-08
1.03972e-07
1.38469e-07
1.73917e-07
2.09312e-07
2.43799e-07
2.76671e-07
3.07375e-07
3.35488e-07
3.60725e-07
3.82931e-07
4.02077e-07
4.18257e-07
4.31667e-07
4.42586e-07
4.51348e-07
4.5832e-07
4.63905e-07
4.6851e-07
4.72453e-07
4.76045e-07
4.7957e-07
4.83268e-07
4.8733e-07
4.91906e-07
4.97108e-07
5.03008e-07
5.09649e-07
5.17046e-07
5.2519e-07
5.34052e-07
5.43589e-07
5.53747e-07
5.64461e-07
5.75657e-07
5.87255e-07
5.99164e-07
6.1128e-07
6.23479e-07
6.35615e-07
6.47508e-07
6.58938e-07
6.69638e-07
6.79282e-07
6.87487e-07
6.93807e-07
6.9756e-07
6.98463e-07
6.95939e-07
6.89243e-07
6.77788e-07
6.61047e-07
6.38625e-07
6.10327e-07
5.76249e-07
5.36867e-07
4.93078e-07
4.46188e-07
3.97824e-07
3.4975e-07
3.03616e-07
2.60675e-07
2.21583e-07
1.86329e-07
1.54383e-07
1.24991e-07
9.75661e-08
7.19864e-08
4.86711e-08
2.84256e-08
1.21674e-08
1.35353e-09
2.04979e-09
1.8432e-08
4.24276e-08
7.13781e-08
1.03691e-07
1.38069e-07
1.73364e-07
2.08571e-07
2.42844e-07
2.75504e-07
3.06009e-07
3.33959e-07
3.59085e-07
3.81242e-07
4.00411e-07
4.16682e-07
4.30248e-07
4.41379e-07
4.50407e-07
4.57683e-07
4.63579e-07
4.68446e-07
4.72678e-07
4.76556e-07
4.80351e-07
4.84296e-07
4.88579e-07
4.93348e-07
4.98711e-07
5.04743e-07
5.11486e-07
5.18958e-07
5.27153e-07
5.36049e-07
5.4561e-07
5.55791e-07
5.66538e-07
5.77794e-07
5.89493e-07
6.01563e-07
6.13919e-07
6.26459e-07
6.39055e-07
6.51548e-07
6.63738e-07
6.75379e-07
6.86152e-07
6.95689e-07
7.03548e-07
7.09198e-07
7.11906e-07
7.11479e-07
7.07018e-07
6.97852e-07
6.83356e-07
6.63001e-07
6.36433e-07
6.03553e-07
5.64641e-07
5.20434e-07
4.72153e-07
4.21455e-07
3.70282e-07
3.2059e-07
2.74028e-07
2.31632e-07
1.93674e-07
1.59728e-07
1.2896e-07
1.00578e-07
7.42379e-08
5.02254e-08
2.93363e-08
1.25502e-08
1.39609e-09
2.04092e-09
1.83524e-08
4.22443e-08
7.10666e-08
1.03227e-07
1.37424e-07
1.72508e-07
2.07477e-07
2.41499e-07
2.73906e-07
3.04181e-07
3.31944e-07
3.56943e-07
3.7905e-07
3.98248e-07
4.14629e-07
4.28378e-07
4.39755e-07
4.49072e-07
4.56673e-07
4.62916e-07
4.68153e-07
4.72697e-07
4.7689e-07
4.80973e-07
4.85171e-07
4.89669e-07
4.94611e-07
5.00104e-07
5.06221e-07
5.13007e-07
5.20482e-07
5.28644e-07
5.37479e-07
5.46958e-07
5.57048e-07
5.67707e-07
5.78892e-07
5.90555e-07
6.02644e-07
6.15093e-07
6.2782e-07
6.40718e-07
6.53647e-07
6.66427e-07
6.78828e-07
6.90567e-07
7.01271e-07
7.10509e-07
7.1778e-07
7.22401e-07
7.23869e-07
7.21623e-07
7.14794e-07
7.02686e-07
6.84658e-07
6.60201e-07
6.2903e-07
5.91201e-07
5.47239e-07
4.98209e-07
4.45718e-07
3.91804e-07
3.38691e-07
2.88423e-07
2.42482e-07
2.0151e-07
1.6528e-07
1.32943e-07
1.03515e-07
7.64038e-08
5.17183e-08
3.0212e-08
1.29177e-08
1.43694e-09
2.0292e-09
1.8247e-08
4.20009e-08
7.06524e-08
1.02611e-07
1.36575e-07
1.71396e-07
2.06079e-07
2.39805e-07
2.71923e-07
3.0194e-07
3.29498e-07
3.54365e-07
3.76423e-07
3.95664e-07
4.12178e-07
4.26141e-07
4.37801e-07
4.47453e-07
4.55425e-07
4.62057e-07
4.67682e-07
4.72618e-07
4.77147e-07
4.81536e-07
4.85998e-07
4.90709e-07
4.9581e-07
5.01404e-07
5.07566e-07
5.14341e-07
5.21753e-07
5.29807e-07
5.38494e-07
5.47797e-07
5.57692e-07
5.68149e-07
5.79139e-07
5.90639e-07
6.02616e-07
6.15022e-07
6.27789e-07
6.40835e-07
6.54039e-07
6.67236e-07
6.80205e-07
6.92684e-07
7.04354e-07
7.14804e-07
7.23512e-07
7.29896e-07
7.33155e-07
7.3299e-07
7.2845e-07
7.18769e-07
7.03216e-07
6.81148e-07
6.52108e-07
6.1592e-07
5.72862e-07
5.23779e-07
4.70139e-07
4.13988e-07
3.57739e-07
3.0381e-07
2.54163e-07
2.09897e-07
1.71092e-07
1.36964e-07
1.06377e-07
7.84726e-08
5.3137e-08
3.10444e-08
1.32664e-08
1.47569e-09
2.01512e-09
1.81198e-08
4.17067e-08
7.01507e-08
1.01865e-07
1.35549e-07
1.70059e-07
2.04412e-07
2.37802e-07
2.69602e-07
2.9934e-07
3.26683e-07
3.51417e-07
3.73439e-07
3.92743e-07
4.09418e-07
4.23632e-07
4.35617e-07
4.45652e-07
4.54044e-07
4.61114e-07
4.67176e-07
4.72532e-07
4.77439e-07
4.8216e-07
4.869e-07
4.91827e-07
4.97078e-07
5.02753e-07
5.08926e-07
5.15645e-07
5.22938e-07
5.30816e-07
5.39279e-07
5.48322e-07
5.57933e-07
5.68096e-07
5.7882e-07
5.90068e-07
6.01819e-07
6.14047e-07
6.26711e-07
6.39744e-07
6.53044e-07
6.66475e-07
6.79844e-07
6.92891e-07
7.05287e-07
7.16645e-07
7.2654e-07
7.3441e-07
7.39499e-07
7.41173e-07
7.3879e-07
7.31478e-07
7.18437e-07
6.98921e-07
6.72314e-07
6.38237e-07
5.96694e-07
5.48261e-07
4.94188e-07
4.36423e-07
3.77475e-07
3.20073e-07
2.66662e-07
2.18876e-07
1.77211e-07
1.41053e-07
1.09168e-07
8.04331e-08
5.44685e-08
3.18247e-08
1.35924e-08
1.51189e-09
1.99917e-09
1.79758e-08
4.13723e-08
6.95783e-08
1.01012e-07
1.34376e-07
1.68533e-07
2.02516e-07
2.35538e-07
2.66996e-07
2.96442e-07
3.23568e-07
3.48179e-07
3.70182e-07
3.89578e-07
4.06451e-07
4.20959e-07
4.33318e-07
4.43788e-07
4.52654e-07
4.60215e-07
4.66766e-07
4.72585e-07
4.77903e-07
4.82986e-07
4.88023e-07
4.93176e-07
4.98574e-07
5.04315e-07
5.10474e-07
5.17101e-07
5.24228e-07
5.31875e-07
5.40051e-07
5.48762e-07
5.58012e-07
5.67801e-07
5.78122e-07
5.88985e-07
6.00389e-07
6.12324e-07
6.24765e-07
6.37663e-07
6.50938e-07
6.64464e-07
6.78062e-07
6.91496e-07
7.04454e-07
7.16555e-07
7.27338e-07
7.36285e-07
7.42867e-07
7.46294e-07
7.45921e-07
7.40825e-07
7.30228e-07
7.13303e-07
6.89313e-07
6.57693e-07
6.18188e-07
5.7107e-07
5.17303e-07
4.58639e-07
3.97565e-07
3.37027e-07
2.79917e-07
2.28467e-07
1.8368e-07
1.45237e-07
1.11894e-07
8.22755e-08
5.56992e-08
3.25435e-08
1.38914e-08
1.54508e-09
1.98194e-09
1.78201e-08
4.10095e-08
6.89543e-08
1.00077e-07
1.33087e-07
1.66857e-07
2.00436e-07
2.33064e-07
2.64163e-07
2.93314e-07
3.2023e-07
3.44737e-07
3.66751e-07
3.86277e-07
4.03395e-07
4.18249e-07
4.31039e-07
4.42002e-07
4.51403e-07
4.59516e-07
4.66613e-07
4.72906e-07
4.78694e-07
4.84178e-07
4.89541e-07
4.94935e-07
5.00485e-07
5.06287e-07
5.12416e-07
5.18924e-07
5.2585e-07
5.3322e-07
5.41055e-07
5.49373e-07
5.58196e-07
5.67522e-07
5.7737e-07
5.87767e-07
5.9873e-07
6.10266e-07
6.22368e-07
6.35004e-07
6.48109e-07
6.61574e-07
6.75235e-07
6.88868e-07
7.0218e-07
7.14805e-07
7.26303e-07
7.36165e-07
7.438e-07
7.48561e-07
7.49892e-07
7.46912e-07
7.38641e-07
7.24227e-07
7.02909e-07
6.7396e-07
6.36895e-07
5.91673e-07
5.38929e-07
4.80125e-07
4.17607e-07
3.54416e-07
2.93821e-07
2.38654e-07
1.90526e-07
1.49548e-07
1.14564e-07
8.39905e-08
5.68152e-08
3.31905e-08
1.4159e-08
1.57476e-09
1.9641e-09
1.76589e-08
4.06318e-08
6.83009e-08
9.90927e-08
1.31722e-07
1.65076e-07
1.98226e-07
2.30441e-07
2.61174e-07
2.90034e-07
3.1676e-07
3.41193e-07
3.63262e-07
3.8297e-07
4.00389e-07
4.15652e-07
4.28939e-07
4.40464e-07
4.50468e-07
4.59198e-07
4.66857e-07
4.73702e-07
4.80009e-07
4.85936e-07
4.91656e-07
4.97315e-07
5.0303e-07
5.08896e-07
5.14987e-07
5.2136e-07
5.28059e-07
5.35118e-07
5.4257e-07
5.50443e-07
5.58769e-07
5.67596e-07
5.76907e-07
5.8676e-07
5.97197e-07
6.08241e-07
6.19899e-07
6.32156e-07
6.4496e-07
6.58215e-07
6.71772e-07
6.8542e-07
6.98879e-07
7.11801e-07
7.23765e-07
7.34282e-07
7.42792e-07
7.4867e-07
7.51234e-07
7.49835e-07
7.43703e-07
7.31766e-07
7.13053e-07
6.86856e-07
6.52487e-07
6.09625e-07
5.58548e-07
5.00363e-07
4.37154e-07
3.71923e-07
3.08203e-07
2.49377e-07
1.97763e-07
1.5401e-07
1.17187e-07
8.55702e-08
5.78021e-08
3.37551e-08
1.43904e-08
1.60038e-09
1.94644e-09
1.74992e-08
4.02551e-08
6.76432e-08
9.80923e-08
1.30324e-07
1.63243e-07
1.95948e-07
2.27742e-07
2.58111e-07
2.86698e-07
3.13265e-07
3.37672e-07
3.59851e-07
3.79807e-07
3.97602e-07
4.1335e-07
4.27212e-07
4.39379e-07
4.50064e-07
4.59435e-07
4.67712e-07
4.75214e-07
4.82083e-07
4.88497e-07
4.94612e-07
5.00564e-07
5.06463e-07
5.12404e-07
5.18459e-07
5.2469e-07
5.31146e-07
5.37872e-07
5.44909e-07
5.52297e-07
5.60077e-07
5.68315e-07
5.77071e-07
5.86338e-07
5.96176e-07
6.06645e-07
6.17765e-07
6.29533e-07
6.41911e-07
6.54815e-07
6.68107e-07
6.81587e-07
6.94991e-07
7.07984e-07
7.20165e-07
7.31066e-07
7.40157e-07
7.46849e-07
7.50491e-07
7.50373e-07
7.45747e-07
7.35928e-07
7.19833e-07
6.96348e-07
6.64777e-07
6.2459e-07
5.75714e-07
5.18854e-07
4.55734e-07
3.89173e-07
3.22829e-07
2.60543e-07
2.0538e-07
1.58641e-07
1.19773e-07
8.70074e-08
5.86456e-08
3.42262e-08
1.45804e-08
1.62137e-09
1.92994e-09
1.7349e-08
3.98979e-08
6.70114e-08
9.71175e-08
1.28945e-07
1.61419e-07
1.93672e-07
2.25046e-07
2.55069e-07
2.83417e-07
3.09876e-07
3.3432e-07
3.56687e-07
3.76976e-07
3.95236e-07
4.11563e-07
4.26095e-07
4.38997e-07
4.50376e-07
4.6044e-07
4.69499e-07
4.77696e-07
4.85189e-07
4.9214e-07
4.98694e-07
5.04972e-07
5.11082e-07
5.17114e-07
5.23141e-07
5.2923e-07
5.35437e-07
5.41815e-07
5.48418e-07
5.55297e-07
5.62509e-07
5.70111e-07
5.78198e-07
5.86842e-07
5.96069e-07
6.05893e-07
6.16387e-07
6.27566e-07
6.39401e-07
6.51818e-07
6.64689e-07
6.77825e-07
6.90974e-07
7.03815e-07
7.15966e-07
7.26981e-07
7.36358e-07
7.4354e-07
7.47918e-07
7.48824e-07
7.45609e-07
7.37317e-07
7.23214e-07
7.02417e-07
6.73717e-07
6.36362e-07
5.90077e-07
5.35151e-07
4.72877e-07
4.05756e-07
3.37408e-07
2.72006e-07
2.13326e-07
1.63445e-07
1.22332e-07
8.82963e-08
5.93314e-08
3.45924e-08
1.47234e-08
1.63705e-09
1.9157e-09
1.72186e-08
3.95827e-08
6.64418e-08
9.62184e-08
1.27648e-07
1.5968e-07
1.91488e-07
2.22461e-07
2.52172e-07
2.80333e-07
3.06755e-07
3.31323e-07
3.53977e-07
3.74706e-07
3.93544e-07
4.10563e-07
4.25874e-07
4.39491e-07
4.51651e-07
4.62615e-07
4.7251e-07
4.81469e-07
4.89648e-07
4.97191e-07
5.04227e-07
5.10869e-07
5.17217e-07
5.2336e-07
5.29373e-07
5.35325e-07
5.41283e-07
5.47308e-07
5.53465e-07
5.5982e-07
5.66443e-07
5.73408e-07
5.80793e-07
5.88693e-07
5.97202e-07
6.06368e-07
6.16199e-07
6.267e-07
6.37879e-07
6.49679e-07
6.61978e-07
6.74598e-07
6.87295e-07
6.99767e-07
7.11646e-07
7.22509e-07
7.3188e-07
7.39235e-07
7.44006e-07
7.45571e-07
7.43369e-07
7.36513e-07
7.24031e-07
7.05178e-07
6.79223e-07
6.44865e-07
6.014e-07
5.48882e-07
4.88136e-07
4.21239e-07
3.51602e-07
2.8357e-07
2.21524e-07
1.68417e-07
1.24872e-07
8.9432e-08
5.98449e-08
3.48265e-08
1.48047e-08
1.64591e-09
1.90505e-09
1.71197e-08
3.93364e-08
6.5978e-08
9.54556e-08
1.2651e-07
1.58122e-07
1.8951e-07
2.2012e-07
2.49574e-07
2.77625e-07
3.04107e-07
3.28912e-07
3.51979e-07
3.7328e-07
3.92837e-07
4.10646e-07
4.26681e-07
4.41194e-07
4.54379e-07
4.66308e-07
4.77099e-07
4.86892e-07
4.95819e-07
5.04005e-07
5.11566e-07
5.18606e-07
5.25221e-07
5.31494e-07
5.37507e-07
5.43332e-07
5.49044e-07
5.54715e-07
5.60422e-07
5.66244e-07
5.72265e-07
5.78573e-07
5.85261e-07
5.92421e-07
6.00133e-07
6.08491e-07
6.17555e-07
6.27333e-07
6.3779e-07
6.48851e-07
6.6043e-07
6.72365e-07
6.8442e-07
6.96309e-07
7.07681e-07
7.18134e-07
7.27214e-07
7.34432e-07
7.39256e-07
7.41116e-07
7.39526e-07
7.33703e-07
7.22617e-07
7.05533e-07
6.81501e-07
6.49942e-07
6.09564e-07
5.59765e-07
5.01113e-07
4.35183e-07
3.65024e-07
2.94974e-07
2.29858e-07
1.73524e-07
1.27396e-07
9.04079e-08
6.01486e-08
3.49169e-08
1.48274e-08
1.64825e-09
1.89957e-09
1.70667e-08
3.91908e-08
6.56718e-08
9.49012e-08
1.25625e-07
1.56857e-07
1.87875e-07
2.18185e-07
2.47467e-07
2.75515e-07
3.02185e-07
3.27373e-07
3.51011e-07
3.73035e-07
3.9332e-07
4.11927e-07
4.29006e-07
4.44669e-07
4.58927e-07
4.71885e-07
4.83653e-07
4.94346e-07
5.04077e-07
5.12953e-07
5.21077e-07
5.28546e-07
5.35448e-07
5.4187e-07
5.47893e-07
5.53599e-07
5.5907e-07
5.64388e-07
5.69644e-07
5.74929e-07
5.80341e-07
5.8598e-07
5.9195e-07
5.98352e-07
6.05278e-07
6.1281e-07
6.21003e-07
6.29899e-07
6.39494e-07
6.49728e-07
6.60475e-07
6.71565e-07
6.828e-07
6.93895e-07
7.0452e-07
7.14309e-07
7.22821e-07
7.29596e-07
7.34141e-07
7.35933e-07
7.34569e-07
7.2934e-07
7.19211e-07
7.03571e-07
6.81483e-07
6.5191e-07
6.14294e-07
5.67612e-07
5.11466e-07
4.47165e-07
3.77263e-07
3.059e-07
2.38156e-07
1.78701e-07
1.29893e-07
9.12272e-08
6.02577e-08
3.48885e-08
1.47921e-08
1.64395e-09
1.90096e-09
1.70748e-08
3.91829e-08
6.55843e-08
9.46409e-08
1.25101e-07
1.56023e-07
1.86747e-07
2.16855e-07
2.46086e-07
2.74273e-07
3.01301e-07
3.27041e-07
3.51327e-07
3.74069e-07
3.95309e-07
4.15087e-07
4.3341e-07
4.50247e-07
4.65665e-07
4.79739e-07
4.92555e-07
5.04206e-07
5.14784e-07
5.24384e-07
5.33096e-07
5.4101e-07
5.48214e-07
5.54792e-07
5.60834e-07
5.66425e-07
5.71659e-07
5.76629e-07
5.81437e-07
5.86188e-07
5.9099e-07
5.95956e-07
6.01198e-07
6.06823e-07
6.12931e-07
6.19607e-07
6.26909e-07
6.34875e-07
6.43493e-07
6.52723e-07
6.62466e-07
6.72567e-07
6.828e-07
6.92911e-07
7.02577e-07
7.11429e-07
7.19099e-07
7.25131e-07
7.29071e-07
7.30436e-07
7.28939e-07
7.2384e-07
7.14214e-07
6.99545e-07
6.78958e-07
6.51454e-07
6.15974e-07
5.71987e-07
5.1892e-07
4.56789e-07
3.8789e-07
3.15974e-07
2.46192e-07
1.83854e-07
1.32341e-07
9.18864e-08
6.01852e-08
3.46978e-08
1.46819e-08
1.63132e-09
1.91068e-09
1.71557e-08
3.93331e-08
6.57537e-08
9.47491e-08
1.25064e-07
1.55779e-07
1.86325e-07
2.16368e-07
2.4571e-07
2.74206e-07
3.0167e-07
3.28004e-07
3.53129e-07
3.76981e-07
3.99505e-07
4.20579e-07
4.40175e-07
4.5829e-07
4.74952e-07
4.90209e-07
5.04122e-07
5.16764e-07
5.28212e-07
5.38547e-07
5.47853e-07
5.56214e-07
5.63718e-07
5.70454e-07
5.76514e-07
5.81995e-07
5.86997e-07
5.91628e-07
5.95999e-07
6.00226e-07
6.04428e-07
6.08726e-07
6.13238e-07
6.18078e-07
6.23346e-07
6.29128e-07
6.35486e-07
6.42453e-07
6.50023e-07
6.58154e-07
6.66748e-07
6.75663e-07
6.84703e-07
6.93608e-07
7.02085e-07
7.09783e-07
7.16324e-07
7.21315e-07
7.24329e-07
7.24931e-07
7.22954e-07
7.17516e-07
7.07945e-07
6.93771e-07
6.74204e-07
6.48311e-07
6.15046e-07
5.73362e-07
5.22845e-07
4.63625e-07
3.96465e-07
3.2478e-07
2.53666e-07
1.88838e-07
1.34684e-07
9.23573e-08
5.98637e-08
3.43261e-08
1.4489e-08
1.60945e-09
1.93175e-09
1.73373e-08
3.9705e-08
6.626e-08
9.52842e-08
1.25538e-07
1.56178e-07
1.86694e-07
2.16814e-07
2.46391e-07
2.75317e-07
3.03494e-07
3.3081e-07
3.57143e-07
3.82314e-07
4.06169e-07
4.28615e-07
4.49587e-07
4.69051e-07
4.87005e-07
5.03473e-07
5.18495e-07
5.32127e-07
5.44434e-07
5.55489e-07
5.65371e-07
5.74164e-07
5.81956e-07
5.88841e-07
5.94919e-07
6.00295e-07
6.05079e-07
6.09388e-07
6.13343e-07
6.17068e-07
6.20691e-07
6.24338e-07
6.2813e-07
6.32182e-07
6.36594e-07
6.41451e-07
6.46812e-07
6.52708e-07
6.59135e-07
6.66048e-07
6.73359e-07
6.80932e-07
6.88579e-07
6.96065e-07
7.0311e-07
7.09392e-07
7.14547e-07
7.18208e-07
7.19983e-07
7.19564e-07
7.167e-07
7.10482e-07
7.00556e-07
6.86422e-07
6.67391e-07
6.42625e-07
6.11139e-07
5.71865e-07
5.23854e-07
4.66947e-07
4.02332e-07
3.31856e-07
2.60214e-07
1.93456e-07
1.36848e-07
9.25844e-08
5.92928e-08
3.37635e-08
1.42072e-08
1.57762e-09
1.96667e-09
1.76418e-08
4.03528e-08
6.72136e-08
9.64326e-08
1.26765e-07
1.57442e-07
1.88062e-07
2.18452e-07
2.48534e-07
2.78235e-07
3.07442e-07
3.35962e-07
3.63588e-07
3.90135e-07
4.15421e-07
4.39307e-07
4.61693e-07
4.82518e-07
5.01754e-07
5.19406e-07
5.35498e-07
5.50075e-07
5.63196e-07
5.74927e-07
5.85348e-07
5.94542e-07
6.02604e-07
6.09632e-07
6.15732e-07
6.21018e-07
6.25609e-07
6.29627e-07
6.33202e-07
6.36463e-07
6.3954e-07
6.42563e-07
6.45651e-07
6.48917e-07
6.52459e-07
6.56356e-07
6.60664e-07
6.65411e-07
6.70591e-07
6.76162e-07
6.82039e-07
6.88095e-07
6.94157e-07
7.00009e-07
7.05388e-07
7.09997e-07
7.13497e-07
7.15547e-07
7.15797e-07
7.14144e-07
7.09902e-07
7.026e-07
6.9194e-07
6.77435e-07
6.58494e-07
6.34391e-07
6.04233e-07
5.66995e-07
5.21652e-07
4.67506e-07
4.04913e-07
3.36462e-07
2.65397e-07
1.97442e-07
1.3874e-07
9.26289e-08
5.84778e-08
3.30009e-08
1.38302e-08
1.53511e-09
2.01752e-09
1.8087e-08
4.13132e-08
6.86678e-08
9.82807e-08
1.28911e-07
1.59861e-07
1.90833e-07
2.21748e-07
2.52572e-07
2.83228e-07
3.13567e-07
3.43368e-07
3.72378e-07
4.00356e-07
4.27085e-07
4.52388e-07
4.76138e-07
4.98251e-07
5.18684e-07
5.37427e-07
5.54497e-07
5.69933e-07
5.83788e-07
5.96131e-07
6.0704e-07
6.16605e-07
6.2492e-07
6.32092e-07
6.38232e-07
6.43459e-07
6.47894e-07
6.51668e-07
6.5491e-07
6.57751e-07
6.60322e-07
6.62748e-07
6.65146e-07
6.67623e-07
6.70271e-07
6.73162e-07
6.76347e-07
6.7985e-07
6.83665e-07
6.87753e-07
6.92034e-07
6.96391e-07
7.00666e-07
7.04664e-07
7.08147e-07
7.10818e-07
7.12421e-07
7.12581e-07
7.11232e-07
7.07813e-07
7.01933e-07
6.93321e-07
6.81613e-07
6.664e-07
6.47185e-07
6.23351e-07
5.94118e-07
5.58545e-07
5.15609e-07
4.64456e-07
4.04954e-07
3.38301e-07
2.68393e-07
2.00304e-07
1.40092e-07
9.23739e-08
5.73929e-08
3.20238e-08
1.33505e-08
1.48111e-09
2.0859e-09
1.86864e-08
4.26144e-08
7.0662e-08
1.00862e-07
1.31979e-07
1.63398e-07
1.94929e-07
2.26564e-07
2.58299e-07
2.90043e-07
3.21604e-07
3.52714e-07
3.83079e-07
4.12413e-07
4.4047e-07
4.67049e-07
4.92005e-07
5.15242e-07
5.36709e-07
5.5639e-07
5.74299e-07
5.90471e-07
6.04962e-07
6.17841e-07
6.29186e-07
6.3909e-07
6.47652e-07
6.54977e-07
6.61182e-07
6.66384e-07
6.70708e-07
6.74282e-07
6.77234e-07
6.79691e-07
6.8178e-07
6.83619e-07
6.85318e-07
6.86979e-07
6.88682e-07
6.90493e-07
6.92458e-07
6.94599e-07
6.9691e-07
6.99356e-07
7.01866e-07
7.04332e-07
7.06613e-07
7.0855e-07
7.09916e-07
7.10425e-07
7.09927e-07
7.08156e-07
7.04671e-07
6.99294e-07
6.91688e-07
6.81559e-07
6.68597e-07
6.52457e-07
6.3273e-07
6.089e-07
5.80304e-07
5.46107e-07
5.05343e-07
4.57085e-07
4.00908e-07
3.37472e-07
2.6932e-07
2.01565e-07
1.40666e-07
9.17572e-08
5.60267e-08
3.08228e-08
1.27624e-08
1.41496e-09
2.17198e-09
1.94401e-08
4.42527e-08
7.31785e-08
1.04134e-07
1.35892e-07
1.67928e-07
2.00152e-07
2.32614e-07
2.65318e-07
2.98143e-07
3.30852e-07
3.63135e-07
3.94662e-07
4.25124e-07
4.54255e-07
4.81848e-07
5.07751e-07
5.31866e-07
5.54139e-07
5.74554e-07
5.93124e-07
6.09887e-07
6.24895e-07
6.38218e-07
6.49935e-07
6.60137e-07
6.68922e-07
6.76396e-07
6.82669e-07
6.87858e-07
6.92084e-07
6.95467e-07
6.98131e-07
7.00196e-07
7.0178e-07
7.02995e-07
7.03938e-07
7.04711e-07
7.05375e-07
7.0599e-07
7.06601e-07
7.07232e-07
7.0788e-07
7.08516e-07
7.09078e-07
7.09472e-07
7.09561e-07
7.09278e-07
7.08395e-07
7.06613e-07
7.03805e-07
6.99741e-07
6.94135e-07
6.8675e-07
6.77327e-07
6.6561e-07
6.51335e-07
6.34217e-07
6.13917e-07
5.9001e-07
5.61942e-07
5.28993e-07
4.90285e-07
4.44903e-07
3.92231e-07
3.32478e-07
2.67505e-07
2.01515e-07
1.40606e-07
9.07273e-08
5.43636e-08
2.93904e-08
1.20613e-08
1.33616e-09
2.27345e-09
2.03252e-08
4.61662e-08
7.60941e-08
1.07888e-07
1.40335e-07
1.73012e-07
2.0592e-07
2.39147e-07
2.72692e-07
3.06398e-07
3.39989e-07
3.73126e-07
4.05461e-07
4.36677e-07
4.66509e-07
4.94751e-07
5.21257e-07
5.45929e-07
5.68718e-07
5.89608e-07
6.08613e-07
6.25768e-07
6.41124e-07
6.54747e-07
6.66714e-07
6.77109e-07
6.86027e-07
6.93568e-07
6.99836e-07
7.0494e-07
7.08993e-07
7.12107e-07
7.14398e-07
7.15974e-07
7.16947e-07
7.17431e-07
7.17482e-07
7.1725e-07
7.16723e-07
7.15981e-07
7.15076e-07
7.14039e-07
7.1287e-07
7.11546e-07
7.10024e-07
7.08246e-07
7.06095e-07
7.03439e-07
7.00127e-07
6.95981e-07
6.9084e-07
6.84515e-07
6.76794e-07
6.67466e-07
6.56315e-07
6.43129e-07
6.27685e-07
6.09747e-07
5.89035e-07
5.65202e-07
5.37787e-07
5.06182e-07
4.69614e-07
4.2723e-07
3.78317e-07
3.22739e-07
2.61709e-07
1.98588e-07
1.38946e-07
8.89983e-08
5.23446e-08
2.77213e-08
1.12441e-08
1.24438e-09
2.38384e-09
2.12793e-08
4.81973e-08
7.91107e-08
1.11649e-07
1.44636e-07
1.77767e-07
2.11126e-07
2.44839e-07
2.78881e-07
3.13068e-07
3.47094e-07
3.80606e-07
4.13254e-07
4.44728e-07
4.74774e-07
5.03199e-07
5.29862e-07
5.54671e-07
5.77576e-07
5.9857e-07
6.17664e-07
6.34888e-07
6.50289e-07
6.63929e-07
6.75877e-07
6.86212e-07
6.95022e-07
7.02397e-07
7.08435e-07
7.13234e-07
7.16898e-07
7.19533e-07
7.21242e-07
7.22123e-07
7.22279e-07
7.21878e-07
7.20881e-07
7.19391e-07
7.17504e-07
7.15303e-07
7.12837e-07
7.10098e-07
7.0708e-07
7.03763e-07
7.0011e-07
6.96061e-07
6.91551e-07
6.86508e-07
6.80838e-07
6.74413e-07
6.6709e-07
6.58714e-07
6.49117e-07
6.38129e-07
6.25573e-07
6.11272e-07
5.95045e-07
5.76693e-07
5.55986e-07
5.32636e-07
5.06265e-07
4.76362e-07
4.42267e-07
4.03207e-07
3.58442e-07
3.07619e-07
2.51416e-07
1.92381e-07
1.35337e-07
8.6366e-08
4.99225e-08
2.58157e-08
1.03118e-08
1.13976e-09
2.4904e-09
2.21813e-08
5.00404e-08
8.16661e-08
1.1456e-07
1.47651e-07
1.80768e-07
2.14105e-07
2.478e-07
2.81804e-07
3.15897e-07
3.49749e-07
3.82997e-07
4.15303e-07
4.46374e-07
4.75975e-07
5.03929e-07
5.30113e-07
5.54469e-07
5.76956e-07
5.97535e-07
6.16211e-07
6.33013e-07
6.47984e-07
6.6118e-07
6.72668e-07
6.82522e-07
6.90821e-07
6.97649e-07
7.03096e-07
7.07252e-07
7.10212e-07
7.12075e-07
7.12944e-07
7.12884e-07
7.12135e-07
7.1055e-07
7.08298e-07
7.05461e-07
7.02105e-07
6.98272e-07
6.94004e-07
6.89348e-07
6.84324e-07
6.78927e-07
6.73149e-07
6.6697e-07
6.60356e-07
6.53257e-07
6.45603e-07
6.37295e-07
6.28227e-07
6.18281e-07
6.0733e-07
5.95238e-07
5.81867e-07
5.67072e-07
5.50704e-07
5.326e-07
5.12566e-07
4.90365e-07
4.65683e-07
4.38098e-07
4.07049e-07
3.71847e-07
3.31783e-07
2.86391e-07
2.35952e-07
1.82254e-07
1.29237e-07
8.25055e-08
4.70013e-08
2.36773e-08
9.27364e-09
1.02324e-09
2.57167e-09
2.28275e-08
5.11853e-08
8.28478e-08
1.15312e-07
1.47757e-07
1.80287e-07
2.13075e-07
2.46217e-07
2.79612e-07
3.12986e-07
3.4598e-07
3.78237e-07
4.09441e-07
4.39323e-07
4.67674e-07
4.94335e-07
5.19194e-07
5.42178e-07
5.63257e-07
5.82437e-07
5.99734e-07
6.1518e-07
6.28819e-07
6.40708e-07
6.5091e-07
6.59495e-07
6.66539e-07
6.7212e-07
6.76318e-07
6.79219e-07
6.80905e-07
6.81484e-07
6.81103e-07
6.7983e-07
6.77606e-07
6.74597e-07
6.70889e-07
6.66556e-07
6.61663e-07
6.56266e-07
6.50412e-07
6.44145e-07
6.37501e-07
6.30509e-07
6.23176e-07
6.15484e-07
6.07412e-07
5.98927e-07
5.89986e-07
5.80526e-07
5.70475e-07
5.5975e-07
5.48257e-07
5.35895e-07
5.22557e-07
5.08129e-07
4.92487e-07
4.75497e-07
4.56999e-07
4.36798e-07
4.14635e-07
3.9016e-07
3.62901e-07
3.32267e-07
2.97611e-07
2.58411e-07
2.14672e-07
1.67554e-07
1.20049e-07
7.70163e-08
4.3441e-08
2.13007e-08
8.13792e-09
8.95733e-10
2.59537e-09
2.29132e-08
5.09608e-08
8.17812e-08
1.13036e-07
1.44135e-07
1.75199e-07
2.06488e-07
2.38023e-07
2.69594e-07
3.00863e-07
3.31483e-07
3.61146e-07
3.8959e-07
4.16605e-07
4.42032e-07
4.65755e-07
4.87679e-07
5.07771e-07
5.26033e-07
5.42484e-07
5.57156e-07
5.70089e-07
5.81334e-07
5.90949e-07
5.98998e-07
6.05548e-07
6.10671e-07
6.14438e-07
6.16923e-07
6.18203e-07
6.18335e-07
6.17636e-07
6.15927e-07
6.13303e-07
6.099e-07
6.05796e-07
6.01052e-07
5.95733e-07
5.89896e-07
5.83598e-07
5.76885e-07
5.69801e-07
5.62381e-07
5.54654e-07
5.4664e-07
5.38342e-07
5.29754e-07
5.20862e-07
5.1164e-07
5.02052e-07
4.92052e-07
4.81584e-07
4.70583e-07
4.58976e-07
4.46682e-07
4.33613e-07
4.19671e-07
4.04747e-07
3.88712e-07
3.71406e-07
3.52622e-07
3.32077e-07
3.09394e-07
2.84082e-07
2.55574e-07
2.23343e-07
1.87194e-07
1.47781e-07
1.07236e-07
6.94453e-08
3.9035e-08
1.8668e-08
6.9155e-09
7.58401e-10
2.52753e-09
2.21576e-08
4.86949e-08
7.71329e-08
1.056e-07
1.33816e-07
1.61953e-07
1.90107e-07
2.18127e-07
2.45723e-07
2.72609e-07
2.98544e-07
3.23321e-07
3.46781e-07
3.68805e-07
3.89313e-07
4.08254e-07
4.25623e-07
4.41407e-07
4.55606e-07
4.68243e-07
4.79356e-07
4.8899e-07
4.97195e-07
5.04028e-07
5.09548e-07
5.13818e-07
5.16899e-07
5.18844e-07
5.19711e-07
5.19592e-07
5.18742e-07
5.16941e-07
5.14353e-07
5.11057e-07
5.0712e-07
5.02608e-07
4.97579e-07
4.92087e-07
4.86184e-07
4.79916e-07
4.73325e-07
4.66449e-07
4.5932e-07
4.51966e-07
4.44406e-07
4.36652e-07
4.28707e-07
4.20567e-07
4.12221e-07
4.03649e-07
3.94823e-07
3.85707e-07
3.76259e-07
3.66428e-07
3.56156e-07
3.45377e-07
3.3402e-07
3.21998e-07
3.09213e-07
2.95543e-07
2.80829e-07
2.64859e-07
2.47349e-07
2.27923e-07
2.06116e-07
1.81441e-07
1.53584e-07
1.22797e-07
9.04408e-08
5.93799e-08
3.35014e-08
1.57088e-08
5.62027e-09
6.12571e-10
2.28474e-09
1.98126e-08
4.27131e-08
6.65445e-08
9.01385e-08
1.13399e-07
1.36295e-07
1.58669e-07
1.80369e-07
2.0126e-07
2.21237e-07
2.40203e-07
2.58083e-07
2.74819e-07
2.90375e-07
3.04726e-07
3.17865e-07
3.29799e-07
3.40541e-07
3.50107e-07
3.58522e-07
3.65819e-07
3.72034e-07
3.77209e-07
3.81388e-07
3.84617e-07
3.86944e-07
3.88412e-07
3.8903e-07
3.88899e-07
3.88218e-07
3.86804e-07
3.84773e-07
3.82192e-07
3.79109e-07
3.75572e-07
3.71627e-07
3.67318e-07
3.62685e-07
3.57768e-07
3.52599e-07
3.47212e-07
3.41633e-07
3.35888e-07
3.29998e-07
3.2398e-07
3.17845e-07
3.11597e-07
3.05239e-07
2.98766e-07
2.92169e-07
2.85432e-07
2.78534e-07
2.7145e-07
2.64147e-07
2.56587e-07
2.48726e-07
2.40515e-07
2.31894e-07
2.22795e-07
2.13134e-07
2.02801e-07
1.91656e-07
1.79505e-07
1.66088e-07
1.51069e-07
1.34061e-07
1.14728e-07
9.30437e-08
6.9713e-08
4.65887e-08
2.657e-08
1.23161e-08
4.25003e-09
4.58287e-10
1.76578e-09
1.50328e-08
3.16488e-08
4.85723e-08
6.49807e-08
8.06169e-08
9.54126e-08
1.09387e-07
1.22596e-07
1.35079e-07
1.4686e-07
1.57946e-07
1.68335e-07
1.78021e-07
1.86998e-07
1.9526e-07
2.02807e-07
2.09644e-07
2.1578e-07
2.21225e-07
2.25993e-07
2.30102e-07
2.33571e-07
2.36424e-07
2.38686e-07
2.40383e-07
2.41544e-07
2.42191e-07
2.42287e-07
2.42042e-07
2.41406e-07
2.40318e-07
2.38871e-07
2.37094e-07
2.35014e-07
2.32661e-07
2.30061e-07
2.27242e-07
2.24226e-07
2.21038e-07
2.177e-07
2.14229e-07
2.10645e-07
2.06963e-07
2.03195e-07
1.99354e-07
1.95447e-07
1.91476e-07
1.87446e-07
1.83355e-07
1.792e-07
1.74975e-07
1.7067e-07
1.6627e-07
1.61757e-07
1.57112e-07
1.52309e-07
1.47319e-07
1.42108e-07
1.36637e-07
1.30856e-07
1.24704e-07
1.181e-07
1.10936e-07
1.03063e-07
9.42843e-08
8.43511e-08
7.30069e-08
6.01105e-08
4.58936e-08
3.13065e-08
1.81411e-08
8.37869e-09
2.79193e-09
2.9607e-10
9.70124e-10
7.98119e-09
1.62751e-08
2.43026e-08
3.16944e-08
3.84418e-08
4.46479e-08
5.04261e-08
5.58558e-08
6.09868e-08
6.58456e-08
7.04424e-08
7.47773e-08
7.88454e-08
8.264e-08
8.61546e-08
8.93843e-08
9.23265e-08
9.49808e-08
9.73486e-08
9.94331e-08
1.01239e-07
1.02774e-07
1.04044e-07
1.05061e-07
1.05833e-07
1.06372e-07
1.06688e-07
1.06755e-07
1.06675e-07
1.06436e-07
1.05983e-07
1.05371e-07
1.04612e-07
1.03718e-07
1.027e-07
1.0157e-07
1.0034e-07
9.90205e-08
9.76216e-08
9.61529e-08
9.46233e-08
9.30408e-08
9.14123e-08
8.97443e-08
8.80421e-08
8.63055e-08
8.45361e-08
8.27395e-08
8.09161e-08
7.90654e-08
7.71855e-08
7.52725e-08
7.33213e-08
7.13249e-08
6.92747e-08
6.71607e-08
6.49709e-08
6.2691e-08
6.03045e-08
5.7791e-08
5.51253e-08
5.22748e-08
4.91956e-08
4.58278e-08
4.209e-08
3.7876e-08
3.30636e-08
2.75547e-08
2.13737e-08
1.48373e-08
8.70176e-09
3.98285e-09
1.26369e-09
1.36663e-10
2.19205e-10
9.96619e-10
1.94276e-09
2.82237e-09
3.61963e-09
4.34068e-09
5.00366e-09
5.62382e-09
6.21051e-09
6.76873e-09
7.30069e-09
7.80681e-09
8.28648e-09
8.7386e-09
9.16198e-09
9.55553e-09
9.91835e-09
1.02499e-08
1.055e-08
1.08185e-08
1.10556e-08
1.12619e-08
1.1438e-08
1.15846e-08
1.17027e-08
1.17934e-08
1.18579e-08
1.18974e-08
1.1909e-08
1.19027e-08
1.18801e-08
1.1833e-08
1.17673e-08
1.1685e-08
1.15874e-08
1.14757e-08
1.13512e-08
1.12152e-08
1.1069e-08
1.09137e-08
1.07504e-08
1.058e-08
1.04036e-08
1.02218e-08
1.00354e-08
9.8454e-09
9.65298e-09
9.45713e-09
9.25817e-09
9.05618e-09
8.85116e-09
8.64293e-09
8.43111e-09
8.21518e-09
7.99439e-09
7.76787e-09
7.53452e-09
7.29305e-09
7.04196e-09
6.77944e-09
6.50333e-09
6.21095e-09
5.89885e-09
5.56241e-09
5.19536e-09
4.78912e-09
4.33236e-09
3.81161e-09
3.21485e-09
2.54099e-09
1.81738e-09
1.11779e-09
5.51395e-10
1.9717e-10
3.94655e-11
)
;

boundaryField
{
    movingWall
    {
        type            kqRWallFunction;
        value           nonuniform List<scalar> 
75
(
2.19205e-10
9.96619e-10
1.94276e-09
2.82237e-09
3.61963e-09
4.34068e-09
5.00366e-09
5.62382e-09
6.21051e-09
6.76873e-09
7.30069e-09
7.80681e-09
8.28648e-09
8.7386e-09
9.16198e-09
9.55553e-09
9.91835e-09
1.02499e-08
1.055e-08
1.08185e-08
1.10556e-08
1.12619e-08
1.1438e-08
1.15846e-08
1.17027e-08
1.17934e-08
1.18579e-08
1.18974e-08
1.1909e-08
1.19027e-08
1.18801e-08
1.1833e-08
1.17673e-08
1.1685e-08
1.15874e-08
1.14757e-08
1.13512e-08
1.12152e-08
1.1069e-08
1.09137e-08
1.07504e-08
1.058e-08
1.04036e-08
1.02218e-08
1.00354e-08
9.8454e-09
9.65298e-09
9.45713e-09
9.25817e-09
9.05618e-09
8.85116e-09
8.64293e-09
8.43111e-09
8.21518e-09
7.99439e-09
7.76787e-09
7.53452e-09
7.29305e-09
7.04196e-09
6.77944e-09
6.50333e-09
6.21095e-09
5.89885e-09
5.56241e-09
5.19536e-09
4.78912e-09
4.33236e-09
3.81161e-09
3.21485e-09
2.54099e-09
1.81738e-09
1.11779e-09
5.51395e-10
1.9717e-10
3.94655e-11
)
;
    }
    fixedWalls
    {
        type            kqRWallFunction;
        value           nonuniform List<scalar> 
225
(
3.74743e-12
1.87316e-11
4.10804e-11
6.81628e-11
9.89572e-11
1.32981e-10
1.69978e-10
2.09805e-10
2.52381e-10
2.97654e-10
3.45587e-10
3.96139e-10
4.49261e-10
5.04885e-10
5.62922e-10
6.23254e-10
6.85732e-10
7.50179e-10
8.16381e-10
8.84091e-10
9.53031e-10
1.02289e-09
1.09332e-09
1.16397e-09
1.23445e-09
1.30434e-09
1.37323e-09
1.4407e-09
1.50633e-09
1.5697e-09
1.63041e-09
1.68808e-09
1.74236e-09
1.79293e-09
1.8395e-09
1.88184e-09
1.91975e-09
1.95309e-09
1.98176e-09
2.00573e-09
2.02501e-09
2.03966e-09
2.04979e-09
2.05557e-09
2.05726e-09
2.05529e-09
2.04979e-09
2.04092e-09
2.0292e-09
2.01512e-09
1.99917e-09
1.98194e-09
1.9641e-09
1.94644e-09
1.92994e-09
1.9157e-09
1.90505e-09
1.89957e-09
1.90096e-09
1.91068e-09
1.93175e-09
1.96667e-09
2.01752e-09
2.0859e-09
2.17198e-09
2.27345e-09
2.38384e-09
2.4904e-09
2.57167e-09
2.59537e-09
2.52753e-09
2.28474e-09
1.76578e-09
9.70124e-10
2.19205e-10
2.08381e-12
1.04068e-11
2.27393e-11
3.74868e-11
5.39194e-11
7.15955e-11
9.02018e-11
1.09501e-10
1.2931e-10
1.49492e-10
1.69951e-10
1.90624e-10
2.11487e-10
2.32541e-10
2.53817e-10
2.75368e-10
2.97271e-10
3.19618e-10
3.42513e-10
3.6607e-10
3.90405e-10
4.15636e-10
4.41873e-10
4.69221e-10
4.97771e-10
5.27601e-10
5.58772e-10
5.91328e-10
6.25294e-10
6.60677e-10
6.97464e-10
7.35624e-10
7.75107e-10
8.15847e-10
8.57758e-10
9.00736e-10
9.44662e-10
9.89396e-10
1.03478e-09
1.08065e-09
1.12679e-09
1.17301e-09
1.21906e-09
1.26469e-09
1.30962e-09
1.35353e-09
1.39609e-09
1.43694e-09
1.47569e-09
1.51189e-09
1.54508e-09
1.57476e-09
1.60038e-09
1.62137e-09
1.63705e-09
1.64591e-09
1.64825e-09
1.64395e-09
1.63132e-09
1.60945e-09
1.57762e-09
1.53511e-09
1.48111e-09
1.41496e-09
1.33616e-09
1.24438e-09
1.13976e-09
1.02324e-09
8.95733e-10
7.58401e-10
6.12571e-10
4.58287e-10
2.9607e-10
1.36663e-10
3.94655e-11
3.74743e-12
1.87089e-11
4.08276e-11
6.71682e-11
9.63392e-11
1.27458e-10
1.59863e-10
1.93017e-10
2.26473e-10
2.59852e-10
2.92838e-10
3.25167e-10
3.5663e-10
3.87067e-10
4.16364e-10
4.44454e-10
4.71302e-10
4.96913e-10
5.21313e-10
5.44548e-10
5.66678e-10
5.87763e-10
6.07865e-10
6.27034e-10
6.4531e-10
6.62714e-10
6.79248e-10
6.94897e-10
7.09621e-10
7.23363e-10
7.36045e-10
7.47574e-10
7.57842e-10
7.6673e-10
7.7411e-10
7.79847e-10
7.83803e-10
7.85815e-10
7.85881e-10
7.83827e-10
7.79546e-10
7.72957e-10
7.64004e-10
7.52658e-10
7.38917e-10
7.22811e-10
7.04402e-10
6.83785e-10
6.61084e-10
6.36458e-10
6.1009e-10
5.82189e-10
5.52985e-10
5.22721e-10
4.91653e-10
4.60037e-10
4.2813e-10
3.9618e-10
3.6442e-10
3.33069e-10
3.0232e-10
2.72347e-10
2.43295e-10
2.15286e-10
1.88416e-10
1.62763e-10
1.3839e-10
1.15345e-10
9.36796e-11
7.34588e-11
5.47794e-11
3.78019e-11
2.28156e-11
1.04134e-11
2.08381e-12
)
;
    }
    frontAndBack
    {
        type            empty;
    }
}


// ************************************************************************* //
