/*--------------------------------*- C++ -*----------------------------------*\
  =========                 |
  \\      /  F ield         | OpenFOAM: The Open Source CFD Toolbox
   \\    /   O peration     | Website:  https://openfoam.org
    \\  /    A nd           | Version:  12
     \\/     M anipulation  |
\*---------------------------------------------------------------------------*/
FoamFile
{
    format      ascii;
    class       volScalarField;
    location    "0.5";
    object      epsilon;
}
// * * * * * * * * * * * * * * * * * * * * * * * * * * * * * * * * * * * * * //

dimensions      [0 2 -3 0 0 0 0];

internalField   nonuniform List<scalar> 
5625
(
4.16289e-05
0.000281214
0.000622151
0.00102057
0.001453
0.00190262
0.002356
0.00280199
0.00323138
0.00363675
0.00401242
0.00435434
0.00466008
0.00492857
0.00515998
0.0053554
0.00551659
0.00564573
0.00574514
0.00581712
0.00586373
0.0058866
0.00588787
0.00586861
0.00582971
0.00577191
0.00569588
0.00560227
0.00549181
0.00536539
0.00522414
0.00506944
0.00490299
0.00472679
0.00454309
0.0043544
0.00416337
0.00397274
0.00378519
0.00360333
0.0034295
0.00326573
0.00311368
0.00297451
0.00284892
0.0027371
0.00263873
0.00255302
0.00247872
0.00241421
0.0023575
0.00230635
0.00225828
0.00221068
0.00216096
0.00210651
0.00204492
0.0019741
0.00189243
0.00179886
0.00169303
0.00157536
0.00144706
0.00131007
0.00116692
0.00102058
0.000874166
0.000730737
0.000593062
0.000463486
0.000343918
0.000235983
0.000141461
6.33419e-05
9.35673e-06
7.8628e-05
0.000152511
0.000303957
0.000487959
0.000689692
0.000900281
0.00111306
0.00132265
0.00152461
0.00171542
0.00189236
0.00205349
0.00219765
0.00232431
0.00243351
0.00252576
0.00260187
0.00266284
0.00270976
0.0027437
0.00276563
0.00277631
0.00277676
0.00276747
0.00274887
0.00272133
0.00268517
0.00264069
0.00258827
0.00252832
0.00246139
0.00238815
0.0023094
0.0022261
0.00213931
0.00205022
0.00196009
0.0018702
0.00178184
0.0016962
0.00161442
0.00153742
0.00146599
0.00140067
0.00134177
0.00128937
0.0012433
0.00120319
0.00116843
0.00113823
0.00111167
0.00108765
0.00106502
0.00104255
0.00101901
0.0009932
0.000963985
0.00093041
0.000891731
0.000847478
0.000797509
0.000742039
0.000681641
0.000617226
0.000549977
0.000481263
0.000412533
0.000345203
0.000280563
0.000219724
0.000163616
0.000113093
6.92367e-05
3.43533e-05
1.76591e-05
0.000166815
0.000148485
0.000234174
0.000353233
0.000488281
0.000631144
0.000776465
0.00092018
0.00105906
0.00119055
0.00131271
0.00142414
0.00152399
0.00161187
0.00168778
0.00175203
0.00180517
0.00184787
0.00188088
0.00190492
0.00192067
0.00192866
0.00192956
0.00192373
0.00191148
0.00189305
0.00186866
0.00183853
0.0018029
0.00176206
0.00171637
0.00166629
0.00161236
0.00155523
0.00149563
0.00143437
0.0013723
0.00131032
0.0012493
0.00119008
0.00113343
0.00108002
0.00103037
0.000984869
0.000943747
0.000907054
0.000874681
0.000846359
0.000821672
0.000800075
0.000780913
0.000763445
0.000746864
0.000730333
0.000713021
0.00069411
0.00067286
0.000648642
0.000620982
0.000589592
0.000554405
0.000515589
0.000473545
0.000428891
0.000382416
0.000335033
0.0002877
0.000241364
0.000196903
0.000155098
0.00011667
8.24e-05
5.35513e-05
3.34055e-05
3.73452e-05
0.000272461
0.000177847
0.000221519
0.000304795
0.000405784
0.000515395
0.000628328
0.000740867
0.00085018
0.000954075
0.00105089
0.00113946
0.00121902
0.00128922
0.00135003
0.00140167
0.00144453
0.00147916
0.00150611
0.00152597
0.00153927
0.00154642
0.00154793
0.00154414
0.00153525
0.00152147
0.00150296
0.00147989
0.00145245
0.00142084
0.00138536
0.00134632
0.00130417
0.00125938
0.00121254
0.00116426
0.00111523
0.00106614
0.00101768
0.00097054
0.00092532
0.000882559
0.000842693
0.000806037
0.000772778
0.000742967
0.00071652
0.000693226
0.000672754
0.00065467
0.000638452
0.000623511
0.000609213
0.0005949
0.000579926
0.000563668
0.000545565
0.000525152
0.000502085
0.000476167
0.00044737
0.000415842
0.000381905
0.00034604
0.000308856
0.000271052
0.000233367
0.000196536
0.00016126
0.000128205
9.80561e-05
7.17015e-05
5.07933e-05
3.98461e-05
6.06866e-05
0.000392156
0.000223249
0.000233243
0.000290958
0.000369404
0.00045806
0.000551223
0.000645137
0.000737059
0.000824914
0.000907146
0.000982647
0.00105071
0.00111095
0.00116332
0.00120795
0.00124517
0.00127542
0.00129916
0.00131689
0.00132905
0.00133602
0.00133815
0.00133581
0.00132913
0.0013183
0.00130344
0.0012847
0.0012622
0.00123613
0.0012067
0.00117419
0.00113893
0.00110133
0.00106186
0.00102104
0.000979452
0.000937676
0.000896312
0.000855936
0.000817082
0.00078022
0.000745731
0.0007139
0.000684896
0.000658773
0.000635467
0.000614799
0.000596491
0.000580172
0.000565398
0.000551668
0.000538446
0.000525182
0.000511331
0.00049638
0.00047987
0.00046142
0.000440756
0.000417722
0.000392305
0.000364633
0.000334987
0.000303771
0.000271504
0.000238776
0.000206221
0.000174479
0.000144182
0.00011597
9.05727e-05
6.90449e-05
5.34999e-05
4.97137e-05
8.67544e-05
0.000523478
0.000278611
0.000258714
0.000295686
0.000356988
0.000430465
0.00050982
0.000591077
0.000671423
0.000748774
0.000821579
0.00088873
0.000949503
0.0010035
0.00105061
0.00109093
0.00112472
0.00115235
0.00117422
0.00119077
0.00120239
0.00120944
0.00121215
0.00121092
0.00120585
0.00119708
0.00118474
0.00116893
0.00114975
0.00112735
0.0011019
0.00107364
0.00104284
0.00100985
0.000975079
0.000938982
0.000902061
0.000864842
0.000827861
0.000791641
0.000756668
0.000723376
0.000692121
0.000663171
0.000636692
0.000612742
0.000591273
0.000572134
0.00055508
0.000539785
0.000525856
0.000512851
0.000500297
0.000487705
0.000474595
0.000460514
0.000445056
0.00042788
0.000408733
0.000387469
0.000364063
0.000338623
0.000311396
0.000282746
0.000253148
0.000223153
0.000193362
0.000164393
0.000136874
0.000111473
8.90024e-05
7.07367e-05
5.92415e-05
6.15848e-05
0.000114849
0.000664824
0.000341131
0.000293209
0.000312126
0.000359291
0.000420801
0.000489666
0.000561596
0.000633625
0.000703582
0.000769862
0.000831316
0.000887178
0.000937011
0.000980652
0.00101815
0.00104973
0.00107569
0.00109642
0.00111229
0.00112367
0.00113089
0.00113412
0.00113376
0.0011299
0.00112265
0.00111212
0.00109838
0.00108154
0.00106169
0.00103898
0.00101361
0.000985814
0.000955907
0.000924245
0.000891242
0.000857355
0.000823071
0.000788888
0.000755298
0.000722763
0.000691697
0.000662447
0.000635275
0.00061035
0.000587742
0.000567416
0.000549246
0.000533012
0.000518423
0.000505124
0.000492712
0.000480754
0.000468803
0.000456414
0.000443158
0.000428643
0.000412531
0.000394557
0.000374551
0.00035246
0.000328356
0.000302453
0.000275106
0.000246787
0.000218056
0.00018953
0.000161861
0.000135722
0.000111853
9.11891e-05
7.52163e-05
6.69299e-05
7.47778e-05
0.000144465
0.000815111
0.000409304
0.000334225
0.000336734
0.000371632
0.000423176
0.000483616
0.000548292
0.000614033
0.000678536
0.000740103
0.000797512
0.000849939
0.000896894
0.000938165
0.000973763
0.00100386
0.00102874
0.00104873
0.0010642
0.00107548
0.00108288
0.00108656
0.00108686
0.0010839
0.00107777
0.00106855
0.0010563
0.0010411
0.00102303
0.00100222
0.00097882
0.000953059
0.000925208
0.000895595
0.000864608
0.000832673
0.000800255
0.000767831
0.000735878
0.000704846
0.000675145
0.000647121
0.00062104
0.000597081
0.000575325
0.000555755
0.000538265
0.000522662
0.000508679
0.000495991
0.000484222
0.000472965
0.000461797
0.000450277
0.000437969
0.000424466
0.0004094
0.000392469
0.000373458
0.000352271
0.000328952
0.000303692
0.000276838
0.000248879
0.000220417
0.000192129
0.000164736
0.000138997
0.00011575
9.60636e-05
8.16825e-05
7.5989e-05
8.89095e-05
0.000175234
0.000973549
0.000482224
0.000380278
0.000367428
0.000391324
0.000434237
0.000487643
0.000546471
0.00060729
0.000667643
0.000725712
0.000780184
0.000830158
0.000875084
0.000914704
0.000948985
0.000978067
0.0010022
0.00102171
0.00103692
0.00104815
0.0010557
0.00105973
0.0010605
0.0010582
0.00105286
0.00104456
0.00103335
0.00101927
0.00100241
0.000982859
0.000960764
0.000936319
0.000909776
0.000881447
0.000851697
0.000820941
0.000789629
0.000758231
0.000727219
0.000697045
0.000668121
0.000640802
0.000615363
0.000591998
0.000570805
0.000551782
0.000534846
0.000519825
0.000506477
0.000494496
0.000483524
0.000473166
0.000463
0.000452574
0.000441428
0.000429114
0.000415214
0.000399361
0.000381278
0.000360806
0.000337943
0.000312859
0.00028591
0.000257623
0.000228667
0.000199811
0.000171883
0.000145757
0.000122398
0.000103027
8.96729e-05
8.60814e-05
0.000103748
0.000206901
0.00113955
0.000559302
0.000430422
0.000402883
0.000416662
0.000451917
0.000499272
0.000553229
0.000610115
0.000667258
0.00072269
0.000775001
0.000823206
0.00086669
0.000905144
0.000938498
0.000966864
0.000990472
0.00100962
0.00102463
0.00103582
0.00104345
0.0010477
0.00104877
0.0010469
0.00104208
0.00103437
0.00102382
0.00101046
0.000994342
0.000975558
0.000954234
0.000930548
0.000904739
0.000877106
0.000848004
0.000817843
0.000787069
0.000756155
0.000725577
0.000695797
0.000667237
0.000640264
0.000615173
0.00059217
0.000571371
0.000552798
0.000536387
0.00052199
0.000509383
0.000498275
0.00048832
0.000479122
0.000470234
0.00046118
0.000451459
0.000440564
0.000428004
0.000413332
0.000396185
0.000376333
0.000353717
0.000328487
0.000301011
0.000271869
0.000241818
0.000211744
0.000182611
0.000155439
0.000131346
0.000111723
9.89063e-05
9.70023e-05
0.000119152
0.000239295
0.00131264
0.000640127
0.000484023
0.000442201
0.000446498
0.000474813
0.000516874
0.000566719
0.000620367
0.00067496
0.000728396
0.00077912
0.000826055
0.000868517
0.000906144
0.000938834
0.000966672
0.000989874
0.00100873
0.00102355
0.00103464
0.00104227
0.0010466
0.0010478
0.00104615
0.0010416
0.0010342
0.00102399
0.00101098
0.000995227
0.000976797
0.000955809
0.000932429
0.000906889
0.000879482
0.000850561
0.000820538
0.000789864
0.000759021
0.000728498
0.000698769
0.000670277
0.000643407
0.000618472
0.000595699
0.000575228
0.000557106
0.000541284
0.00052763
0.000515932
0.00050591
0.000497215
0.00048944
0.000482115
0.000474723
0.000466703
0.00045747
0.000446449
0.000433095
0.000416949
0.000397691
0.000375203
0.000349606
0.000321284
0.000290876
0.000259243
0.000227408
0.000196498
0.000167704
0.000142322
0.000121936
0.000109212
0.00010863
0.000135041
0.000272326
0.00149246
0.000724395
0.00054063
0.000484741
0.000480025
0.000501942
0.000539288
0.000585604
0.000636598
0.000689188
0.000741091
0.00079063
0.000836635
0.000878349
0.000915364
0.000947545
0.000974958
0.00099781
0.00101638
0.00103097
0.0010419
0.00104942
0.00105367
0.00105485
0.00105321
0.0010487
0.00104135
0.0010312
0.00101825
0.00100254
0.000984133
0.000963131
0.000939699
0.000914063
0.000886518
0.00085742
0.000827187
0.000796285
0.000765209
0.000734465
0.000704551
0.000675927
0.000649002
0.000624113
0.000601512
0.00058136
0.000563723
0.000548573
0.000535793
0.000525181
0.000516461
0.000509275
0.000503197
0.000497721
0.000492274
0.000486225
0.000478896
0.000469619
0.000457742
0.000442694
0.000424057
0.000401643
0.000375538
0.000346138
0.000314145
0.000280532
0.000246475
0.000213284
0.000182348
0.000155168
0.000133545
0.000120493
0.000120903
0.000151384
0.000305974
0.00167868
0.000811872
0.000599912
0.000530036
0.000516648
0.000532588
0.000565677
0.000608927
0.000657714
0.000708716
0.000759467
0.000808155
0.000853504
0.000894688
0.00093125
0.000963026
0.000990069
0.00101258
0.00103083
0.00104514
0.0010558
0.00106309
0.00106712
0.00106811
0.0010663
0.00106161
0.0010541
0.00104376
0.0010306
0.00101465
0.000995966
0.000974644
0.000950846
0.000924801
0.000896806
0.00086723
0.000836501
0.000805103
0.000773551
0.000742376
0.000712097
0.000683203
0.000656128
0.000631234
0.000608797
0.000589
0.00057193
0.000557576
0.000545833
0.000536506
0.000529314
0.000523888
0.000519772
0.000516413
0.000513175
0.000509353
0.000504152
0.000496821
0.00048659
0.000472764
0.000454817
0.000432477
0.00040579
0.000375156
0.000341337
0.000305418
0.000268742
0.000232819
0.000199262
0.000169802
0.00014649
0.000132709
0.000133804
0.000168188
0.000340286
0.00187101
0.000902364
0.00066161
0.000577736
0.000555915
0.000566207
0.000595408
0.00063597
0.000682912
0.000732657
0.000782546
0.000830624
0.000875509
0.000916302
0.000952501
0.000983918
0.0010106
0.00103273
0.00105061
0.00106454
0.00107484
0.00108177
0.00108542
0.00108608
0.00108391
0.00107886
0.00107097
0.00106022
0.00104663
0.0010302
0.00101099
0.000989091
0.000964674
0.000937969
0.000909282
0.000878993
0.000847551
0.000815459
0.000783257
0.000751504
0.000720746
0.000691501
0.000664231
0.000639323
0.000617081
0.000597709
0.000581311
0.000567893
0.000557359
0.000549517
0.000544074
0.00054064
0.000538733
0.000537732
0.000536938
0.000535584
0.000532712
0.000527519
0.000519107
0.000506646
0.00048949
0.000467274
0.00043999
0.000408031
0.000372211
0.000333728
0.000294092
0.000255031
0.000218404
0.000186203
0.00016076
0.000145868
0.000147348
0.000185497
0.000375367
0.00206921
0.000995705
0.000725519
0.000627567
0.000597471
0.000602377
0.000627993
0.000666176
0.00071157
0.000760324
0.000809578
0.000857226
0.00090178
0.000942269
0.000978149
0.00100921
0.0010355
0.00105721
0.00107463
0.00108809
0.0010979
0.00110433
0.00110746
0.00110765
0.00110495
0.00109937
0.0010909
0.00107956
0.00106533
0.00104822
0.00102827
0.0010056
0.000980358
0.000952793
0.000923221
0.00089204
0.000859721
0.00082679
0.000793817
0.000761389
0.000730084
0.00070045
0.000672977
0.000648083
0.000626093
0.000607234
0.000591628
0.000579292
0.000570139
0.000563969
0.000560483
0.000559252
0.000559782
0.000561347
0.000563187
0.000564543
0.000564161
0.00056128
0.000554863
0.000543926
0.000527691
0.000505689
0.000477844
0.00044453
0.000406598
0.00036535
0.000322466
0.000279901
0.000239782
0.000204394
0.000176383
0.000160007
0.000161583
0.000203381
0.000411376
0.00227302
0.00109175
0.00079147
0.000679312
0.000641031
0.000640764
0.000663042
0.000699104
0.000743193
0.00079117
0.000839965
0.000887315
0.000931624
0.000971853
0.00100742
0.0010381
0.00106394
0.00108514
0.00110202
0.00111489
0.0011241
0.0011299
0.00113236
0.00113194
0.00112856
0.00112229
0.0011131
0.001101
0.00108596
0.001068
0.00104716
0.00102354
0.000997312
0.000968731
0.00093813
0.000905926
0.000872612
0.000838744
0.000804922
0.000771763
0.000739881
0.000709852
0.0006822
0.000657367
0.000635704
0.000617458
0.000602766
0.000591656
0.000584045
0.000579724
0.000578403
0.000579457
0.000582617
0.000586997
0.000591784
0.000595969
0.000598166
0.000597751
0.000593505
0.000584262
0.0005691
0.000547436
0.000519112
0.000484466
0.000444369
0.000400214
0.000353844
0.000307447
0.00026344
0.000224431
0.000193419
0.00017519
0.000176578
0.000221933
0.000448513
0.00248223
0.00119037
0.000859319
0.000732795
0.000686355
0.000681102
0.00070024
0.000734395
0.000777379
0.000824751
0.00087322
0.000920362
0.000964473
0.00100445
0.00103968
0.00106993
0.00109524
0.00111585
0.00113206
0.00114424
0.00115273
0.00115774
0.00115945
0.00115826
0.00115409
0.00114699
0.00113695
0.00112395
0.00110797
0.00108903
0.00106715
0.00104246
0.00101513
0.000985427
0.000953695
0.000920377
0.000885993
0.000851129
0.000816415
0.000782505
0.000750043
0.000719641
0.000691851
0.000667143
0.000645891
0.00062836
0.000614702
0.000604952
0.000599034
0.000596777
0.000597594
0.000601268
0.000607186
0.000614505
0.000622315
0.000629553
0.000634665
0.000636636
0.000634738
0.000627364
0.000613443
0.000592266
0.000563583
0.000527677
0.000485417
0.000438267
0.000388224
0.00033771
0.000289445
0.000246395
0.000211951
0.000191499
0.00019242
0.000241266
0.000487012
0.00269659
0.00129142
0.000928938
0.000787856
0.000733262
0.000723162
0.000739325
0.00077175
0.000813793
0.000860695
0.000908932
0.000955921
0.00099985
0.00103955
0.00107439
0.00110413
0.00112883
0.00114873
0.00116418
0.00117555
0.00118319
0.00118729
0.00118816
0.00118608
0.001181
0.00117297
0.00116196
0.00114797
0.00113096
0.00111093
0.00108794
0.00106209
0.00103357
0.00100267
0.000969742
0.000935259
0.000899766
0.000863879
0.000828264
0.000793606
0.000760587
0.00072985
0.000701976
0.000677464
0.00065671
0.000639994
0.000627479
0.000619206
0.000615214
0.000614926
0.0006182
0.00062457
0.000633379
0.000643753
0.000654694
0.000665034
0.000673416
0.000677835
0.000678316
0.000672989
0.000660484
0.00063996
0.000611064
0.000574007
0.000529636
0.00047946
0.00042561
0.000370737
0.000317876
0.000270381
0.000232081
0.000209029
0.000209208
0.000261503
0.000527126
0.00291587
0.0013948
0.00100021
0.00084436
0.000781597
0.000766752
0.000780077
0.000810919
0.000852153
0.000898686
0.000946755
0.000993613
0.00103734
0.00107673
0.0011111
0.00114024
0.00116422
0.00118331
0.00119789
0.00120833
0.00121501
0.00121809
0.00121806
0.00121498
0.00120891
0.00119986
0.00118782
0.00117275
0.00115463
0.00113347
0.0011093
0.00108225
0.0010525
0.00102036
0.000986218
0.000950551
0.00091394
0.000877034
0.00084053
0.000805152
0.000771612
0.000740589
0.000712694
0.000688451
0.000668277
0.000652468
0.000641194
0.00063457
0.000632558
0.000634301
0.00064018
0.000649351
0.000661155
0.000674677
0.000688845
0.000702408
0.000713985
0.000721412
0.000724021
0.00072093
0.000710014
0.000690313
0.000661368
0.000623301
0.000576912
0.000523729
0.000465993
0.000406568
0.000348813
0.00029649
0.00025392
0.000227877
0.000227052
0.000282774
0.000569119
0.00313985
0.00150037
0.00107302
0.000902187
0.000831221
0.000811708
0.000822307
0.000851683
0.000892211
0.000938448
0.000986384
0.00103311
0.0010766
0.0011156
0.00114942
0.00117786
0.00120101
0.00121918
0.00123276
0.00124219
0.00124778
0.0012498
0.00124876
0.00124463
0.0012375
0.00122739
0.00121426
0.00119809
0.00117884
0.00115651
0.00113115
0.00110288
0.0010719
0.00103853
0.00100317
0.000966328
0.000928618
0.000890717
0.000853359
0.000817299
0.000783288
0.000752035
0.000724182
0.000700278
0.000680759
0.000665937
0.000655984
0.000651226
0.000650965
0.000655135
0.000663604
0.000675648
0.000690525
0.000707269
0.000724734
0.000741592
0.000756371
0.000767072
0.000771855
0.000771019
0.000761855
0.00074314
0.00071431
0.000675389
0.00062711
0.000570988
0.000509342
0.000445228
0.00038232
0.000324818
0.000277579
0.00024815
0.000246058
0.000305208
0.000613247
0.00336827
0.00160801
0.00114727
0.000961226
0.000882012
0.000857887
0.000865847
0.000893853
0.000933753
0.000979738
0.00102755
0.00107411
0.00111731
0.00115583
0.00118899
0.00121662
0.00123883
0.00125597
0.00126847
0.00127678
0.00128118
0.00128215
0.00128
0.00127478
0.00126657
0.00125537
0.00124116
0.00122388
0.0012035
0.00118002
0.00115348
0.00112401
0.00109183
0.00105725
0.00102071
0.000982742
0.000943976
0.000905127
0.000866961
0.000830272
0.000795844
0.000764418
0.000736667
0.000713165
0.000694366
0.000680599
0.000672108
0.000669197
0.000670768
0.000677429
0.000688569
0.000703545
0.000721551
0.00074157
0.000762382
0.000782583
0.000800591
0.000814618
0.00082187
0.000823113
0.000815863
0.000798272
0.000769709
0.000730095
0.000680072
0.000621117
0.00055559
0.000486707
0.000418445
0.000355448
0.000303155
0.000269955
0.000266333
0.000328927
0.000659751
0.00360089
0.00171759
0.00122286
0.00102138
0.000933858
0.000905159
0.000910551
0.000937259
0.000976583
0.00102234
0.00107001
0.00111635
0.00115917
0.00119712
0.00122952
0.00125621
0.00127738
0.00129339
0.00130471
0.00131182
0.00131499
0.00131487
0.00131159
0.00130528
0.00129598
0.00128371
0.00126843
0.00125008
0.00122861
0.00120402
0.00117636
0.00114576
0.00111243
0.00107671
0.00103906
0.00100002
0.000960258
0.000920521
0.000881608
0.000844347
0.000809557
0.000778014
0.000750419
0.000727371
0.000709343
0.000696661
0.000689847
0.000688517
0.000692265
0.000701357
0.000715218
0.000733166
0.000754341
0.00077767
0.000801864
0.000825442
0.000846737
0.000863939
0.000874063
0.000877179
0.00087194
0.000855575
0.000827401
0.000787235
0.00073562
0.000673966
0.000604635
0.000530964
0.000457201
0.00038844
0.000330735
0.000293387
0.000287973
0.00035404
0.00070884
0.00383743
0.001829
0.00129969
0.00108255
0.000986659
0.000953406
0.000956284
0.000981746
0.00102052
0.00106605
0.00111354
0.0011596
0.00120194
0.0012392
0.00127072
0.00129638
0.00131638
0.00133118
0.00134126
0.00134707
0.00134904
0.00134779
0.0013434
0.001336
0.00132566
0.00131237
0.00129608
0.00127673
0.00125426
0.00122865
0.00119996
0.0011683
0.00113392
0.00109715
0.00105847
0.00101844
0.000977769
0.000937217
0.000897623
0.000859852
0.000824755
0.000793144
0.00076575
0.000743197
0.000725982
0.000714464
0.000709359
0.000709562
0.000715552
0.000727119
0.000743735
0.000764682
0.000789053
0.000815716
0.000843309
0.000870282
0.000894881
0.000915217
0.000928333
0.000933267
0.000930044
0.000914955
0.000887245
0.000846635
0.000793564
0.000729354
0.000656334
0.00057791
0.000498566
0.000423824
0.000360385
0.00031853
0.000311065
0.000380641
0.000760688
0.00407764
0.00194209
0.00137766
0.00114464
0.00104032
0.00100251
0.00100292
0.00102717
0.00106541
0.00111068
0.00115793
0.00120362
0.00124539
0.00128184
0.00131236
0.00133686
0.00135562
0.00136912
0.00137791
0.00138237
0.0013832
0.00138081
0.00137533
0.00136692
0.00135561
0.00134139
0.00132419
0.00130395
0.00128058
0.00125408
0.00122447
0.00119189
0.00115658
0.00111888
0.00107927
0.00103837
0.000996868
0.000955583
0.000915381
0.00087716
0.000841809
0.000810172
0.000783013
0.000760981
0.000744597
0.000734344
0.000730849
0.000732653
0.000740892
0.000754956
0.000774344
0.000798307
0.00082589
0.000855901
0.000886906
0.000917274
0.000945172
0.000968612
0.000984744
0.000991497
0.000990196
0.00097638
0.000949149
0.000908147
0.000853717
0.000787082
0.000710507
0.000627417
0.000542474
0.000461599
0.000392149
0.000345446
0.000335676
0.000408801
0.000815424
0.00432122
0.00205673
0.00145666
0.00120758
0.00109476
0.00105237
0.00105036
0.0010734
0.0011111
0.00115606
0.001203
0.00124822
0.00128928
0.00132481
0.00135422
0.00137747
0.0013949
0.00140706
0.00141448
0.00141762
0.00141736
0.00141387
0.00140739
0.00139804
0.00138588
0.00137085
0.00135289
0.0013319
0.00130779
0.00128055
0.00125019
0.00121684
0.00118074
0.00114225
0.00110186
0.00106018
0.00101797
0.000976042
0.000935307
0.000896696
0.000861135
0.000829506
0.000802603
0.000781104
0.000765534
0.000756685
0.000754516
0.000758203
0.000768592
0.000785151
0.000807314
0.000834298
0.000865101
0.000898469
0.000932894
0.000966653
0.000997832
0.00102433
0.00104345
0.0010521
0.00105249
0.0010399
0.00101309
0.000971673
0.000915917
0.000846952
0.000766953
0.000679317
0.000588817
0.000501723
0.000426038
0.000374175
0.000361858
0.000438571
0.000873126
0.00456788
0.00217278
0.0015366
0.00127126
0.00114988
0.00110288
0.00109848
0.00112031
0.00115742
0.00120203
0.00124857
0.00129319
0.00133343
0.00136791
0.00139609
0.001418
0.00143406
0.00144484
0.00145086
0.00145281
0.00145145
0.00144696
0.00143959
0.00142945
0.00141658
0.00140092
0.00138237
0.00136081
0.00133616
0.00130836
0.00127744
0.00124351
0.0012068
0.00116768
0.00112666
0.00108435
0.00104154
0.000999066
0.000957874
0.000918931
0.000883201
0.000851602
0.000824964
0.000803998
0.000789252
0.000781813
0.000780873
0.000786434
0.000798987
0.000818026
0.000842955
0.000872959
0.000906984
0.000943712
0.000981562
0.00101871
0.00105315
0.00108265
0.00110466
0.00111539
0.00111712
0.00110565
0.00107913
0.00103719
0.000980051
0.000908782
0.00082546
0.00073341
0.000637447
0.000544115
0.000462032
0.000404732
0.000389638
0.000469976
0.000933824
0.00481733
0.0022901
0.00161738
0.0013356
0.00120559
0.00115396
0.00114718
0.00116777
0.00120426
0.00124843
0.00129445
0.00133837
0.00137766
0.00141097
0.00143782
0.00145833
0.00147295
0.00148234
0.001487
0.00148786
0.00148549
0.00148013
0.00147202
0.00146127
0.00144789
0.0014318
0.00141287
0.00139098
0.00136601
0.00133789
0.00130662
0.00127232
0.00123521
0.00119566
0.00115417
0.00111139
0.00106809
0.00102518
0.000983613
0.000944393
0.000908526
0.000876969
0.000850592
0.000830144
0.000816228
0.000810115
0.000810345
0.000817779
0.000832461
0.000853951
0.000881625
0.000914637
0.000951879
0.000991971
0.00103325
0.00107381
0.00111151
0.00114399
0.00116876
0.00118155
0.00118444
0.0011739
0.00114745
0.00110476
0.00104608
0.000972437
0.000885829
0.000789483
0.000688181
0.000588655
0.000500078
0.000437108
0.000419025
0.000503014
0.000997493
0.00506923
0.00240854
0.0016989
0.00140053
0.00126182
0.00120551
0.00119634
0.00121567
0.00125147
0.0012951
0.0013405
0.00138357
0.00142178
0.00145382
0.00147926
0.0014983
0.00151151
0.0015195
0.00152289
0.00152278
0.00151953
0.00151346
0.00150481
0.00149367
0.00148002
0.00146374
0.00144471
0.00142275
0.00139772
0.00136954
0.00133819
0.00130377
0.00126649
0.00122671
0.00118494
0.00114185
0.00109822
0.00105498
0.00101311
0.000973668
0.000937689
0.000906175
0.000880039
0.000860075
0.000846978
0.000842071
0.000843441
0.000852689
0.000869451
0.000893347
0.00092373
0.000959725
0.00100017
0.00104363
0.00108836
0.00113233
0.0011733
0.0012088
0.0012362
0.00125098
0.00125488
0.00124502
0.00121834
0.00117459
0.00111407
0.00103785
0.000947894
0.000847319
0.000740812
0.000635188
0.000540087
0.000471263
0.000450002
0.000537663
0.00106407
0.00532329
0.00252795
0.00178105
0.00146594
0.00131847
0.00125747
0.00124588
0.00126389
0.00129892
0.0013419
0.00138654
0.00142864
0.00146565
0.00149631
0.00152028
0.00153784
0.00154964
0.00155628
0.00155857
0.0015576
0.00155365
0.0015471
0.00153816
0.00152689
0.00151324
0.00149708
0.00147823
0.0014565
0.00143173
0.00140379
0.00137265
0.00133838
0.00130119
0.00126142
0.0012196
0.00117637
0.00113256
0.00108911
0.00104703
0.00100741
0.000971337
0.000939858
0.000913926
0.000894372
0.000882102
0.000878212
0.000880735
0.000891688
0.000910454
0.000936688
0.000969728
0.00100867
0.00105231
0.00109913
0.00114731
0.00119473
0.001239
0.00127752
0.00130749
0.00132418
0.00132896
0.0013195
0.00129222
0.00124698
0.0011842
0.00110506
0.00101155
0.000906723
0.00079512
0.000683528
0.000581937
0.000507132
0.000482533
0.000573874
0.00113343
0.00557916
0.00264817
0.00186372
0.00153175
0.00137547
0.00130973
0.00129569
0.00131232
0.00134647
0.0013887
0.00143245
0.00147344
0.00150914
0.00153833
0.00156078
0.00157686
0.0015873
0.00159269
0.00159409
0.00159242
0.00158801
0.00158124
0.00157229
0.00156119
0.00154787
0.00153216
0.00151385
0.0014927
0.00146852
0.00144117
0.00141056
0.00137676
0.00133995
0.00130046
0.00125881
0.00121566
0.00117183
0.00112828
0.00108608
0.00104634
0.00101019
0.000978729
0.000952955
0.000933737
0.000922239
0.000919085
0.000922923
0.000935367
0.000956031
0.000984512
0.00102013
0.00106196
0.00110875
0.00115893
0.00121058
0.00126148
0.0013091
0.00135067
0.00138322
0.00140171
0.00140728
0.00139792
0.00136964
0.0013224
0.00125679
0.0011742
0.00107678
0.000967543
0.000850889
0.000733469
0.000625478
0.000544623
0.000516556
0.000611581
0.00120542
0.00583652
0.00276906
0.00194682
0.00159788
0.00143273
0.0013622
0.00134568
0.00136084
0.00139402
0.00143535
0.00147807
0.00151783
0.00155211
0.00157977
0.00160069
0.00161533
0.0016245
0.0016288
0.00162951
0.00162737
0.00162278
0.0016161
0.00160747
0.00159691
0.0015843
0.00156942
0.00155203
0.00153186
0.00150866
0.00148226
0.00145256
0.00141957
0.00138346
0.00134455
0.00130333
0.00126047
0.00121681
0.00117332
0.00113109
0.00109128
0.00105506
0.00102359
0.000997916
0.000978956
0.000968112
0.00096559
0.000970541
0.000984387
0.00100682
0.00103743
0.00107553
0.00112016
0.00117004
0.00122355
0.00127868
0.00133309
0.00138411
0.0014288
0.00146396
0.00148423
0.00149049
0.00148097
0.00145126
0.00140142
0.0013323
0.00124557
0.00114366
0.00102969
0.000907921
0.000784791
0.000670532
0.000583616
0.000551992
0.000650694
0.00127987
0.00609502
0.00289045
0.00203023
0.00166424
0.00149017
0.00141481
0.00139574
0.00140934
0.00144143
0.00148172
0.00152328
0.00156169
0.00159446
0.00162056
0.00163996
0.00165325
0.00166126
0.00166472
0.00166497
0.00166265
0.00165821
0.00165197
0.00164406
0.00163444
0.00162295
0.00160934
0.0015933
0.00157454
0.00155275
0.00152773
0.00149933
0.00146754
0.00143249
0.00139447
0.00135398
0.00131166
0.00126837
0.00122509
0.00118294
0.00114312
0.00110685
0.00107534
0.0010497
0.0010309
0.00102055
0.00101853
0.00102441
0.00103951
0.00106354
0.00109612
0.00113655
0.00118388
0.00123677
0.00129355
0.00135214
0.00141009
0.00146458
0.00151247
0.00155031
0.00157238
0.00157929
0.00156938
0.00153782
0.00148477
0.00141132
0.00131958
0.0012124
0.00109315
0.000966061
0.000837276
0.000716901
0.000623972
0.00058874
0.000691109
0.00135654
0.00635433
0.00301219
0.00211384
0.00173074
0.00154771
0.00146747
0.00144578
0.00145772
0.00148858
0.00152771
0.00156796
0.0016049
0.0016361
0.00166063
0.00167857
0.00169061
0.00169766
0.00170056
0.00170062
0.00169847
0.00169457
0.00168919
0.00168244
0.00167422
0.00166432
0.00165245
0.00163825
0.00162137
0.00160148
0.00157829
0.00155164
0.00152147
0.00148787
0.00145111
0.00141166
0.00137017
0.00132747
0.00128458
0.00124263
0.00120287
0.00116657
0.00113499
0.0011093
0.00109055
0.00108049
0.00107883
0.00108545
0.00110159
0.00112702
0.00116136
0.00120395
0.0012538
0.00130957
0.00136953
0.00143155
0.00149304
0.00155105
0.00160223
0.00164288
0.00166683
0.00167439
0.00166392
0.00163014
0.00157323
0.00149458
0.0013968
0.00128334
0.00115804
0.00102521
0.000890716
0.000764371
0.000665528
0.000626681
0.000732704
0.00143521
0.0066141
0.00313412
0.00219756
0.00179729
0.00160526
0.00152008
0.0014957
0.00150587
0.00153537
0.00157318
0.001612
0.00164739
0.00167697
0.00169995
0.00171653
0.0017275
0.00173384
0.0017365
0.00173671
0.00173513
0.0017322
0.00172815
0.00172304
0.00171673
0.00170895
0.00169935
0.00168752
0.00167306
0.00165557
0.00163473
0.00161032
0.00158223
0.00155052
0.00151543
0.00147738
0.00143702
0.00139518
0.00135287
0.00131128
0.00127166
0.00123535
0.00120366
0.00117784
0.00115902
0.00114902
0.00114755
0.00115469
0.00117161
0.00119817
0.00123404
0.00127854
0.0013307
0.00138916
0.00145216
0.00151751
0.00158252
0.00164408
0.00169865
0.00174222
0.00176819
0.00177648
0.00176536
0.00172905
0.00166769
0.00158291
0.00147792
0.00135696
0.00122456
0.00108533
0.000944931
0.000812721
0.000708102
0.000665677
0.000775343
0.0015156
0.006874
0.00325609
0.00228127
0.00186382
0.00166274
0.00157255
0.00154542
0.00155368
0.00158168
0.00161803
0.00165531
0.00168906
0.00171703
0.00173853
0.00175389
0.001764
0.00176994
0.00177274
0.0017735
0.00177296
0.00177149
0.0017693
0.00176638
0.00176255
0.00175746
0.00175071
0.00174184
0.00173037
0.00171586
0.00169792
0.00167629
0.0016508
0.00162146
0.00158847
0.00155223
0.00151335
0.00147266
0.00143118
0.0013901
0.00135072
0.00131444
0.00128262
0.00125659
0.00123754
0.00122737
0.00122588
0.00123325
0.00125067
0.00127807
0.00131514
0.00136125
0.00141543
0.00147634
0.00154217
0.00161069
0.00167913
0.00174423
0.00180225
0.00184889
0.00187708
0.00188619
0.00187443
0.00183538
0.00176902
0.0016772
0.00156375
0.00143386
0.00129305
0.00114649
0.000999781
0.000861732
0.000751498
0.000705572
0.000818874
0.00159743
0.00713369
0.00337793
0.00236487
0.00193023
0.00172007
0.00162482
0.00159482
0.00160105
0.0016274
0.00166216
0.0016978
0.00172988
0.00175626
0.0017764
0.00179075
0.00180029
0.00180618
0.00180952
0.00181135
0.00181235
0.00181291
0.00181316
0.00181303
0.0018123
0.00181053
0.00180726
0.00180199
0.00179414
0.00178323
0.00176881
0.00175054
0.00172821
0.00170178
0.00167139
0.00163739
0.00160039
0.00156119
0.0015208
0.00148044
0.00144144
0.00140524
0.00137327
0.00134693
0.0013275
0.0013169
0.00131518
0.00132244
0.00134003
0.0013679
0.0014058
0.00145314
0.00150899
0.00157199
0.00164036
0.00171181
0.00178351
0.00185207
0.00191355
0.00196336
0.001994
0.0020041
0.00199179
0.0019499
0.00187811
0.0017784
0.00165519
0.00151479
0.00136397
0.00120885
0.00105518
0.000911192
0.000795506
0.000746194
0.000863131
0.00168039
0.00739285
0.00349949
0.00244826
0.00199643
0.00177717
0.00167677
0.00164382
0.00164789
0.00167245
0.0017055
0.00173941
0.00176981
0.00179469
0.00181363
0.00182723
0.00183656
0.00184283
0.00184719
0.00185062
0.00185376
0.00185696
0.0018603
0.00186364
0.00186667
0.00186892
0.0018698
0.00186886
0.00186529
0.00185867
0.00184843
0.00183417
0.00181562
0.00179268
0.00176543
0.00173419
0.00169951
0.00166217
0.0016232
0.00158379
0.00154533
0.00150929
0.00147716
0.00145043
0.00143046
0.00141915
0.00141693
0.00142375
0.0014411
0.001469
0.00150728
0.0015554
0.00161245
0.00167712
0.00174762
0.00182166
0.00189635
0.0019682
0.00203307
0.00208611
0.00211941
0.00213069
0.00211801
0.0020733
0.00199581
0.00188743
0.00175319
0.00160057
0.00143792
0.00127268
0.0011111
0.000960907
0.000839906
0.000787352
0.00090793
0.00176414
0.00765115
0.00362063
0.00253133
0.00206234
0.00183396
0.00172834
0.00169231
0.00169411
0.00171674
0.00174796
0.00178009
0.00180885
0.00183235
0.00185033
0.00186351
0.00187305
0.00188021
0.00188614
0.00189178
0.00189772
0.00190425
0.00191139
0.00191891
0.00192644
0.00193344
0.00193929
0.00194338
0.00194483
0.00194325
0.00193791
0.00192836
0.00191427
0.00189546
0.00187196
0.00184403
0.00181217
0.00177714
0.00173994
0.00170177
0.00166404
0.00162826
0.001596
0.0015688
0.00154815
0.00153583
0.0015328
0.00153879
0.00155545
0.00158289
0.00162102
0.00166936
0.00172706
0.00179285
0.00186498
0.00194113
0.00201841
0.00209325
0.00216133
0.00221755
0.00225369
0.00226636
0.00225355
0.00220618
0.00212283
0.00200519
0.0018587
0.00169211
0.00151559
0.00133836
0.0011676
0.00101071
0.000884473
0.000828838
0.000953071
0.00184834
0.00790829
0.0037412
0.00261397
0.00212788
0.00189035
0.00177944
0.0017402
0.00173962
0.00176019
0.0017895
0.00181984
0.00184703
0.00186934
0.00188666
0.00189983
0.00191007
0.0019187
0.00192684
0.00193537
0.00194484
0.00195546
0.00196717
0.00197967
0.0019925
0.00200506
0.00201665
0.00202655
0.00203396
0.00203813
0.00203849
0.0020344
0.00202551
0.00201154
0.00199246
0.00196845
0.00193997
0.00190774
0.00187273
0.00183614
0.00179938
0.00176401
0.00173166
0.00170394
0.00168243
0.00166882
0.00166464
0.00166936
0.00168483
0.00171124
0.00174861
0.00179653
0.00185422
0.00192046
0.00199355
0.00207121
0.00215054
0.0022279
0.00229887
0.00235811
0.00239718
0.00241141
0.00239873
0.00234895
0.0022598
0.00213247
0.00197268
0.00179038
0.00159779
0.00140638
0.00122481
0.00106047
0.000928982
0.000870429
0.000998336
0.00193258
0.00816396
0.00386105
0.0026961
0.00219296
0.00194628
0.00183001
0.00178737
0.00178435
0.00180275
0.00183009
0.00185867
0.00188443
0.00190581
0.00192285
0.00193648
0.00194802
0.00195876
0.00196983
0.00198203
0.00199582
0.00201136
0.00202848
0.00204682
0.00206582
0.00208481
0.002103
0.00211959
0.00213373
0.00214463
0.00215153
0.0021537
0.0021508
0.00214244
0.00212851
0.0021091
0.00208463
0.00205576
0.00202341
0.00198878
0.00195329
0.00191852
0.00188615
0.00185786
0.00183535
0.00182023
0.00181448
0.00181742
0.00183117
0.00185593
0.00189182
0.00193857
0.00199546
0.00206135
0.00213461
0.00221301
0.00229367
0.00237294
0.00244629
0.0025082
0.00255014
0.00256607
0.00255377
0.00250191
0.00240716
0.00226995
0.00209598
0.00189631
0.00168536
0.00147733
0.00128297
0.00111011
0.000973207
0.000911882
0.00104349
0.00201646
0.00841789
0.00398006
0.0027776
0.00225749
0.00200164
0.00187995
0.00183376
0.00182823
0.00184437
0.00186972
0.00189663
0.00192117
0.00194195
0.00195916
0.00197384
0.00198734
0.00200095
0.00201574
0.00203245
0.00205146
0.00207281
0.00209627
0.00212137
0.00214748
0.00217382
0.00219956
0.00222378
0.00224557
0.00226405
0.0022784
0.00228788
0.00229171
0.00228979
0.00228181
0.00226776
0.00224798
0.00222308
0.00219394
0.00216173
0.00212785
0.00209392
0.00206163
0.00203277
0.0020091
0.00199228
0.00198436
0.00198525
0.00199659
0.00201897
0.00205261
0.00209732
0.00215251
0.00221712
0.00228959
0.00236779
0.00244887
0.00252922
0.00260425
0.0026683
0.00271284
0.00273049
0.00271876
0.00266519
0.00256518
0.00241813
0.00222937
0.00201083
0.00177923
0.0015519
0.0013424
0.00115959
0.00101693
0.000952941
0.00108826
0.00209951
0.00866981
0.00409809
0.00285839
0.00232139
0.00205637
0.00192917
0.00187933
0.00187122
0.00188504
0.00190843
0.00193381
0.00195742
0.00197802
0.00199597
0.00201237
0.0020286
0.00204592
0.00206534
0.00208749
0.00211268
0.00214083
0.00217161
0.00220447
0.00223868
0.00227339
0.00230765
0.0023405
0.00237092
0.00239796
0.0024207
0.00243832
0.00245013
0.00245534
0.00245419
0.0024463
0.00243197
0.00241173
0.00238641
0.00235712
0.00232526
0.00229245
0.00226042
0.002231
0.00220605
0.00218732
0.00217674
0.00217509
0.00218335
0.00220259
0.00223309
0.00227481
0.00232726
0.0023895
0.00246007
0.00253694
0.00261734
0.00269773
0.0027735
0.00283891
0.00288554
0.00290478
0.00289368
0.00283875
0.00273395
0.00257732
0.00237344
0.00213478
0.00188029
0.00163084
0.00140351
0.00120896
0.00105996
0.000993335
0.00113237
0.00218124
0.00891948
0.00421502
0.00293838
0.00238458
0.00211038
0.00197762
0.00192402
0.00191327
0.00192476
0.00194629
0.00197037
0.00199342
0.00201438
0.00203373
0.00205263
0.00207246
0.00209444
0.00211947
0.00214811
0.00218052
0.00221653
0.00225571
0.0022974
0.00234078
0.00238491
0.00242876
0.00247128
0.00251138
0.00254801
0.00258015
0.0026069
0.00262747
0.00264122
0.00264752
0.0026467
0.00263863
0.00262381
0.00260297
0.00257719
0.00254781
0.00251646
0.0024849
0.00245499
0.00242867
0.0024078
0.00239416
0.00238934
0.00239387
0.00240912
0.00243553
0.00247319
0.00252174
0.00258038
0.00264777
0.002722
0.00280042
0.00287957
0.00295489
0.00302064
0.00306854
0.00308904
0.00307845
0.00302243
0.00291337
0.00274762
0.00252861
0.00226888
0.00198943
0.00171495
0.0014668
0.0012583
0.00110209
0.00103278
0.0011755
0.00226109
0.00916668
0.00433074
0.00301747
0.00244697
0.0021636
0.00202521
0.00196779
0.00195438
0.00196359
0.00198342
0.00200652
0.00202949
0.00205146
0.00207299
0.0020953
0.00211973
0.00214741
0.00217917
0.00221541
0.00225618
0.0023012
0.00234993
0.00240159
0.00245527
0.00250995
0.00256452
0.00261781
0.00266868
0.00271597
0.00275858
0.00279551
0.00282586
0.00284892
0.00286414
0.002871
0.00287011
0.00286149
0.00284587
0.00282423
0.00279787
0.00276838
0.00273754
0.00270724
0.00267949
0.00265624
0.00263931
0.0026305
0.00263066
0.00264104
0.00266232
0.00269475
0.00273813
0.00279179
0.00285456
0.00292465
0.00299956
0.00307596
0.00314941
0.00321418
0.0032622
0.00328337
0.00327292
0.00321594
0.00310313
0.00292891
0.00269505
0.00241368
0.00210745
0.00180506
0.00153283
0.0013078
0.00114318
0.00107098
0.00121733
0.00233849
0.00941121
0.00444514
0.00309557
0.00250849
0.00221595
0.0020719
0.00201063
0.00199457
0.00200162
0.00202001
0.00204256
0.00206607
0.00208981
0.00211445
0.0021412
0.00217134
0.00220592
0.0022456
0.00229068
0.00234105
0.00239632
0.00245581
0.00251865
0.00258384
0.00265025
0.00271669
0.00278192
0.00284468
0.00290375
0.00295794
0.00300613
0.00304733
0.00308071
0.00310565
0.00312166
0.00312854
0.00312702
0.00311739
0.00310057
0.00307781
0.00305063
0.00302082
0.00299029
0.00296109
0.00293525
0.0029147
0.00290123
0.00289631
0.00290087
0.00291591
0.00294187
0.00297868
0.00302586
0.00308239
0.00314666
0.00321634
0.00328824
0.00335811
0.00342031
0.00346698
0.0034879
0.00347695
0.00341891
0.00330277
0.00312082
0.00287272
0.00256952
0.00223506
0.00190197
0.00160225
0.00135769
0.00118309
0.00110764
0.00125748
0.00241278
0.00965289
0.00455812
0.00317259
0.00256904
0.00226736
0.00211764
0.00205253
0.00203392
0.00203899
0.00205631
0.00207888
0.00210368
0.00213013
0.00215894
0.00219132
0.00222843
0.0022712
0.00232015
0.0023754
0.00243671
0.00250354
0.0025751
0.00265041
0.00272835
0.00280773
0.00288726
0.0029656
0.00304143
0.00311343
0.00318031
0.00324087
0.003294
0.00333875
0.00337439
0.00340039
0.00341641
0.0034226
0.00341978
0.00340852
0.00338997
0.00336562
0.00333719
0.00330663
0.00327599
0.00324739
0.00322285
0.00320426
0.00319328
0.00319114
0.00319879
0.00321693
0.00324569
0.00328476
0.0033333
0.00338988
0.00345238
0.00351783
0.00358215
0.00363991
0.00368342
0.00370279
0.00369038
0.0036309
0.0035117
0.00332279
0.00306129
0.00273653
0.00237278
0.00200647
0.00167572
0.00140831
0.00122173
0.00114244
0.00129557
0.00248328
0.00989156
0.00466958
0.00324843
0.00262855
0.00231777
0.00216241
0.00209354
0.00207253
0.00207594
0.0020927
0.002116
0.00214301
0.00217326
0.0022075
0.00224684
0.00229234
0.00234475
0.00240441
0.00247129
0.00254497
0.00262476
0.00270976
0.00279888
0.00289089
0.0029845
0.00307835
0.00317102
0.0032611
0.00334718
0.00342789
0.0035019
0.00356803
0.00362521
0.00367257
0.00370947
0.00373556
0.00375063
0.00375525
0.00375029
0.00373662
0.00371561
0.00368897
0.0036586
0.00362658
0.00359508
0.00356621
0.00354197
0.00352415
0.00351425
0.00351334
0.00352228
0.0035414
0.00357061
0.00360927
0.00365616
0.00370937
0.00376617
0.00382273
0.00387388
0.00391215
0.00392825
0.00391305
0.00385144
0.00372921
0.00353403
0.00326018
0.00291453
0.00252097
0.00211921
0.00175393
0.00146003
0.00125905
0.00117509
0.00133118
0.00254923
0.0101271
0.00477943
0.00332302
0.00268692
0.00236714
0.00220622
0.00213374
0.00211058
0.00211279
0.00212966
0.00215458
0.00218492
0.00222027
0.00226136
0.00230918
0.00236464
0.00242828
0.00250025
0.00258031
0.00266789
0.00276214
0.00286202
0.00296633
0.00307375
0.0031829
0.00329232
0.00340053
0.00350602
0.00360731
0.00370293
0.00379148
0.00387165
0.00394226
0.00400233
0.00405108
0.00408803
0.00411301
0.00412594
0.00412792
0.00411978
0.00410268
0.00407823
0.00404832
0.00401501
0.0039805
0.00394698
0.00391657
0.00389117
0.00387246
0.00386177
0.00386007
0.00386792
0.00388544
0.00391222
0.00394726
0.00398889
0.00403467
0.00408105
0.00412317
0.00415385
0.00416454
0.00414488
0.00408004
0.00395449
0.0037536
0.00346854
0.00310306
0.00267972
0.00224074
0.00183761
0.0015133
0.00129503
0.0012053
0.00136387
0.00260983
0.0103593
0.00488756
0.00339624
0.00274407
0.00241541
0.00224908
0.00217327
0.00214834
0.00214996
0.0021678
0.00219548
0.00223047
0.00227245
0.00232202
0.00238005
0.00244722
0.00252384
0.00260984
0.00270477
0.00280786
0.00291812
0.00303437
0.0031553
0.00327948
0.00340545
0.00353168
0.0036566
0.00377863
0.00389621
0.00400778
0.00411187
0.00420704
0.00429203
0.00436571
0.0044272
0.00447586
0.0045114
0.00453371
0.00454321
0.00454122
0.00452855
0.00450671
0.00447754
0.00444306
0.00440547
0.00436701
0.0043299
0.00429619
0.00426771
0.00424598
0.00423218
0.00422708
0.00423102
0.00424383
0.00426476
0.00429241
0.00432464
0.00435821
0.00438863
0.00440919
0.00441189
0.00438574
0.00431621
0.00418668
0.0039804
0.00368526
0.00330135
0.00284885
0.00237145
0.00192738
0.00156858
0.00132973
0.0012328
0.00139321
0.00266425
0.0105881
0.00499387
0.00346799
0.00279993
0.00246254
0.00229107
0.00221234
0.00218617
0.00218803
0.00220796
0.00223976
0.00228102
0.00233137
0.00239131
0.00246148
0.0025423
0.00263381
0.00273569
0.00284726
0.00296757
0.00309546
0.0032296
0.00336856
0.00351085
0.0036549
0.00379911
0.00394184
0.00408145
0.0042163
0.00434476
0.00446527
0.0045763
0.00467648
0.00476457
0.00483955
0.00490066
0.00494744
0.00497974
0.00499762
0.00500221
0.00499448
0.00497566
0.00494751
0.00491196
0.00487122
0.00482757
0.00478329
0.00474056
0.00470134
0.00466737
0.00464001
0.00462027
0.00460872
0.00460544
0.00460994
0.00462108
0.00463712
0.00465513
0.00467099
0.00467873
0.00467052
0.00463554
0.00455945
0.00442488
0.0042132
0.00390905
0.00350832
0.00302788
0.00251151
0.00202376
0.00162642
0.00136325
0.00125732
0.00141872
0.00271161
0.0108134
0.00509824
0.00353816
0.00285439
0.00250852
0.00233231
0.00225126
0.00222459
0.00222777
0.00225118
0.00228877
0.00233819
0.00239898
0.00247143
0.00255589
0.00265249
0.00276096
0.00288071
0.0030108
0.00315009
0.00329723
0.00345078
0.00360919
0.00377086
0.00393417
0.00409743
0.00425896
0.00441705
0.00457
0.00471611
0.00485375
0.00498131
0.00509732
0.00520044
0.00528951
0.00536364
0.00542222
0.00546496
0.00549185
0.0055035
0.00550109
0.0054856
0.00545873
0.00542224
0.0053783
0.00532922
0.00527732
0.00522489
0.00517404
0.00512666
0.00508434
0.00504829
0.00501933
0.00499782
0.00498354
0.0049757
0.00497283
0.00497243
0.00497083
0.00496268
0.00494057
0.0048941
0.00480921
0.00466813
0.00445067
0.00413835
0.0037226
0.00321595
0.00266083
0.00212718
0.00168736
0.00139577
0.00127866
0.00143995
0.00275099
0.0110348
0.00520052
0.00360659
0.00290737
0.00255338
0.002373
0.00229047
0.00226426
0.00227018
0.00229881
0.00234422
0.00240403
0.00247763
0.002565
0.00266616
0.00278087
0.00290854
0.00304824
0.0031988
0.00335885
0.00352687
0.00370129
0.00388046
0.00406269
0.00424628
0.00442951
0.00461063
0.0047879
0.00495955
0.00512386
0.00527911
0.00542363
0.00555587
0.00567439
0.00577791
0.00586541
0.00593614
0.00598964
0.00602582
0.00604497
0.00604811
0.0060362
0.00601082
0.00597344
0.00592624
0.00587151
0.0058116
0.00574886
0.00568553
0.00562366
0.00556503
0.00551108
0.00546289
0.00542107
0.00538572
0.00535638
0.00533191
0.00531025
0.00528823
0.00526109
0.00522198
0.0051611
0.00506487
0.00491541
0.00469138
0.00437149
0.00394252
0.00341183
0.00281905
0.00223796
0.00175198
0.00142753
0.00129664
0.00145642
0.00278144
0.0112523
0.00530048
0.00367311
0.00295877
0.00259715
0.00241343
0.00233057
0.0023061
0.00231656
0.00235256
0.00240822
0.00248105
0.00257016
0.00267518
0.00279569
0.00293104
0.00308026
0.00324209
0.00341508
0.00359765
0.00378812
0.00398477
0.00418585
0.00438962
0.00459432
0.00479818
0.00499942
0.00519627
0.00538695
0.00556967
0.00574268
0.00590428
0.00605283
0.00618679
0.00630482
0.00640576
0.0064887
0.00655306
0.00659858
0.0066254
0.00663418
0.00662593
0.00660221
0.00656394
0.00651338
0.00645278
0.00638449
0.0063109
0.00623435
0.00615701
0.00608085
0.00600754
0.0059384
0.00587432
0.00581572
0.00576247
0.0057138
0.00566811
0.00562273
0.00557352
0.0055143
0.00543598
0.00532563
0.0051656
0.00493383
0.0046066
0.00416614
0.00361396
0.00298542
0.00235625
0.00182077
0.00145882
0.00131113
0.00146754
0.00280173
0.0114653
0.00539786
0.00373749
0.00300849
0.00263998
0.00245405
0.00237236
0.0023513
0.00236858
0.00241459
0.00248341
0.00257232
0.00268005
0.00280574
0.0029485
0.00310718
0.0032804
0.00346656
0.00366392
0.00387068
0.00408499
0.00430501
0.00452894
0.00475494
0.00498124
0.00520605
0.00542758
0.00564404
0.00585364
0.00605459
0.00624513
0.0064235
0.00658802
0.0067371
0.00686931
0.00698337
0.00707826
0.00715324
0.0072079
0.00724222
0.00725657
0.00725181
0.00722983
0.00719058
0.00713653
0.00706984
0.00699285
0.00690795
0.00681752
0.00672388
0.00662915
0.0065352
0.00644359
0.0063555
0.00627166
0.00619229
0.00611702
0.0060447
0.00597319
0.00589898
0.00581661
0.00571782
0.00559046
0.00541743
0.00517637
0.00484166
0.00439127
0.0038204
0.0031588
0.00248189
0.00189412
0.00149
0.00132208
0.0014724
0.00281038
0.0116734
0.00549228
0.00379944
0.00305643
0.00268208
0.00249547
0.00241691
0.00240143
0.0024284
0.00248763
0.00257305
0.00268158
0.00281142
0.00296113
0.00312923
0.00331406
0.00351378
0.00372641
0.00394994
0.00418234
0.00442163
0.00466588
0.00491318
0.00516172
0.00540969
0.0056553
0.00589679
0.00613238
0.00636032
0.00657881
0.0067861
0.00698044
0.00716011
0.0073235
0.00746908
0.00759552
0.00770167
0.00778665
0.00784992
0.00789126
0.00791082
0.00790916
0.0078888
0.00784843
0.00779066
0.00771766
0.00763169
0.00753511
0.00743033
0.00731974
0.00720561
0.00708998
0.00697466
0.0068611
0.00675033
0.00664295
0.00653897
0.00643771
0.00633757
0.00623569
0.00612735
0.00600518
0.00585796
0.00566938
0.00541721
0.00507453
0.00461551
0.00402889
0.0033376
0.00261444
0.00197238
0.0015215
0.00132963
0.00147217
0.0028084
0.0118757
0.00558318
0.0038586
0.00310249
0.00272382
0.00253857
0.00246559
0.00245858
0.00249879
0.00257512
0.00268119
0.00281338
0.00296922
0.00314657
0.00334328
0.00355711
0.00378572
0.00402679
0.00427802
0.00453719
0.0048022
0.00507102
0.00534175
0.00561256
0.00588166
0.00614733
0.00640784
0.00666147
0.00690651
0.00714123
0.0073639
0.00757279
0.0077662
0.0079425
0.00810013
0.00823768
0.00835392
0.00844785
0.00851877
0.00856632
0.00859042
0.0085913
0.00857206
0.00853039
0.00846861
0.00838907
0.00829389
0.00818538
0.00806594
0.00793799
0.00780391
0.00766591
0.007526
0.00738588
0.00724691
0.00711003
0.00697567
0.00684359
0.00671276
0.00658093
0.00644418
0.00629602
0.00612627
0.00591961
0.00565437
0.00530289
0.00483624
0.00423685
0.00351984
0.00275309
0.00205574
0.00155374
0.00133342
0.00146542
0.00279395
0.0120708
0.00566981
0.00391448
0.00314664
0.00276574
0.00258462
0.00252007
0.00252547
0.00258325
0.00268132
0.00281275
0.00297318
0.00315928
0.00336809
0.00359671
0.00384228
0.00410198
0.00437311
0.00465313
0.00493965
0.00523048
0.00552359
0.00581708
0.00610917
0.00639814
0.00668235
0.00696017
0.00722998
0.00749015
0.00773903
0.00797498
0.00819632
0.00840139
0.00858857
0.0087563
0.00890314
0.00902776
0.00912909
0.00920628
0.00925881
0.00928643
0.00928904
0.00927025
0.00922689
0.00916074
0.00907443
0.00896992
0.00884939
0.00871519
0.00856977
0.00841555
0.00825488
0.00808994
0.00792269
0.00775478
0.00758748
0.00742161
0.00725742
0.00709438
0.0069309
0.00676379
0.0065875
0.00639291
0.00616586
0.00588555
0.00552424
0.00505066
0.0044414
0.00370306
0.00289658
0.00214419
0.0015873
0.00133427
0.00145206
0.00276624
0.012257
0.00575113
0.00396646
0.00318888
0.00280862
0.00263535
0.00258263
0.00260564
0.00268626
0.00281154
0.00297373
0.00316744
0.00338833
0.00363249
0.0038962
0.00417595
0.00446846
0.00477069
0.00507989
0.00539358
0.00570954
0.00602576
0.00634043
0.00665187
0.00695851
0.00725882
0.00755133
0.00783454
0.00810699
0.00836714
0.00861345
0.00884436
0.00905827
0.00925362
0.00942886
0.00958253
0.00971329
0.00981996
0.00990157
0.00995747
0.00998724
0.00999049
0.00997134
0.00992567
0.00985476
0.00976149
0.0096476
0.00951515
0.0093664
0.00920373
0.00902961
0.00884648
0.00865666
0.00846232
0.00826536
0.0080674
0.00786963
0.00767274
0.00747671
0.00728056
0.00708185
0.00687591
0.00665471
0.00640534
0.00610816
0.0057359
0.00525579
0.00463939
0.00388444
0.00304317
0.00223743
0.00162267
0.00133226
0.00143187
0.00272459
0.0124315
0.0058257
0.00401381
0.00322931
0.00285353
0.0026928
0.00265668
0.00270356
0.00281341
0.0029723
0.00317128
0.00340371
0.00366403
0.00394725
0.00424882
0.00456461
0.00489089
0.00522436
0.00556214
0.00590174
0.006241
0.00657803
0.00691116
0.00723891
0.00755989
0.00787277
0.00817629
0.00846915
0.00875005
0.00901766
0.00927056
0.00950734
0.00972651
0.00992658
0.0101061
0.0102635
0.0103976
0.0105071
0.0105908
0.0106481
0.0106783
0.0106809
0.0106605
0.0106117
0.0105356
0.0104352
0.0103121
0.0101681
0.0100053
0.00982605
0.00963278
0.00942798
0.00921407
0.0089934
0.0087681
0.00854006
0.00831083
0.00808152
0.00785259
0.00762364
0.00739291
0.00715659
0.00690775
0.00663471
0.00631922
0.00593496
0.00544852
0.00482746
0.00406084
0.00319064
0.00233478
0.00166038
0.00132749
0.00140476
0.00266854
0.0125905
0.00589152
0.00405558
0.00326818
0.00290209
0.00275969
0.00274662
0.00282498
0.00297166
0.00317145
0.00341381
0.00369054
0.0039947
0.00432018
0.00466161
0.00501427
0.00537411
0.00573768
0.0061021
0.00646497
0.0068243
0.00717843
0.00752594
0.00786562
0.00819635
0.00851708
0.00882679
0.00912445
0.00940899
0.00967929
0.00993415
0.0101723
0.0103924
0.0105931
0.010773
0.0109306
0.0110647
0.011174
0.0112572
0.0113135
0.0113423
0.0113427
0.01132
0.011267
0.0111855
0.0110781
0.0109461
0.0107911
0.0106152
0.0104206
0.0102095
0.00998451
0.00974808
0.00950266
0.00925059
0.00899399
0.00873473
0.00847429
0.00821357
0.00795269
0.00769053
0.00742407
0.00714738
0.00685008
0.00651542
0.0061184
0.00562579
0.00500222
0.00422884
0.00333634
0.00243511
0.00170103
0.00132034
0.00137076
0.00259779
0.0127285
0.00594591
0.00409062
0.00330606
0.00295684
0.00283925
0.00285834
0.00297719
0.00316954
0.00341827
0.00371082
0.00403719
0.00438894
0.00475885
0.00514081
0.00552967
0.00592122
0.00631202
0.00669937
0.00708113
0.00745561
0.00782151
0.00817778
0.00852355
0.00885808
0.00918067
0.0094906
0.00978717
0.0100696
0.0103369
0.0105883
0.0108226
0.0110387
0.0112354
0.0114113
0.0115651
0.0116955
0.0118013
0.0118812
0.011934
0.011959
0.0119561
0.0119297
0.0118718
0.0117846
0.0116704
0.0115301
0.0113653
0.0111778
0.0109694
0.0107425
0.0104995
0.010243
0.00997532
0.00969903
0.00941642
0.00912963
0.00884043
0.00855013
0.00825928
0.00796731
0.00767195
0.00736819
0.0070469
0.00669288
0.00628276
0.00578421
0.00516016
0.00438495
0.00347733
0.00253716
0.00174482
0.00131113
0.00133002
0.00251216
0.0128378
0.00598523
0.00411762
0.00334393
0.00302095
0.00293638
0.00299928
0.00316926
0.00341724
0.00372333
0.00407263
0.00445309
0.0048548
0.00526957
0.00569074
0.00611299
0.00653219
0.00694519
0.00734964
0.00774386
0.00812667
0.00849724
0.00885501
0.00919958
0.00953064
0.0098479
0.010151
0.0104397
0.0107134
0.0109715
0.0112134
0.0114382
0.0116449
0.0118325
0.0119998
0.0121455
0.0122685
0.0123673
0.0124408
0.0124877
0.0125069
0.0124997
0.0124682
0.0124045
0.0123118
0.0121913
0.0120439
0.0118708
0.0116734
0.0114538
0.0112138
0.0109559
0.0106824
0.0103959
0.010099
0.00979397
0.00948322
0.00916876
0.00885218
0.00853441
0.00821538
0.00789341
0.00756436
0.00722028
0.00684751
0.00642451
0.00592043
0.00529769
0.00452529
0.00361019
0.00263911
0.00179186
0.0013001
0.00128292
0.00241176
0.0129076
0.00600461
0.0041351
0.00338338
0.00309828
0.00305837
0.0031787
0.00341226
0.00372641
0.00409804
0.00450947
0.00494667
0.00539842
0.00585586
0.00631217
0.00676222
0.0072023
0.00762985
0.00804316
0.00844124
0.00882357
0.00918996
0.00954046
0.00987522
0.0101944
0.0104983
0.0107869
0.0110602
0.0113182
0.0115605
0.0117866
0.011996
0.0121879
0.0123614
0.0125155
0.012649
0.0127607
0.0128494
0.0129138
0.0129523
0.0129639
0.0129517
0.0129138
0.0128443
0.0127464
0.0126206
0.0124676
0.0122881
0.0120836
0.0118556
0.011606
0.0113369
0.0110506
0.0107497
0.0104366
0.0101138
0.0097837
0.00944849
0.00910998
0.0087694
0.00842704
0.00808175
0.00773016
0.0073654
0.00697529
0.00654027
0.00603138
0.00541156
0.00464618
0.00373121
0.00273843
0.00184175
0.00128804
0.00122991
0.00229695
0.0129233
0.00599827
0.00414163
0.00342731
0.00319367
0.00321484
0.00340833
0.00371899
0.00410968
0.00455355
0.00503013
0.00552364
0.00602205
0.00651641
0.00700025
0.00746916
0.00792027
0.00835197
0.0087635
0.00915476
0.00952608
0.00987805
0.0102114
0.0105269
0.0108253
0.0111073
0.0113734
0.011624
0.0118593
0.0120792
0.0122837
0.0124722
0.0126443
0.0127991
0.0129359
0.0130535
0.0131508
0.0132266
0.0132795
0.0133079
0.0133109
0.0132929
0.0132478
0.0131731
0.0130709
0.0129413
0.0127846
0.0126014
0.0123928
0.01216
0.0119048
0.011629
0.0113348
0.0110245
0.0107006
0.0103654
0.0100213
0.00967073
0.00931548
0.00895699
0.00859585
0.00823133
0.00786072
0.00747814
0.00707283
0.00662722
0.00611454
0.00549912
0.00474439
0.00383679
0.00283221
0.00189349
0.00127615
0.00117148
0.0021683
0.0128652
0.00595982
0.00413663
0.00348013
0.00331399
0.00341814
0.0037022
0.00410337
0.0045792
0.00509887
0.00563954
0.00618444
0.00672158
0.0072427
0.00774245
0.00821772
0.00866699
0.00908994
0.00948705
0.00985932
0.010208
0.0105347
0.0108407
0.0111275
0.0113963
0.0116484
0.0118846
0.0121057
0.0123121
0.0125041
0.0126818
0.012845
0.0129932
0.0131258
0.0132421
0.0133411
0.0134217
0.0134828
0.0135228
0.0135399
0.0135349
0.01351
0.013458
0.0133793
0.0132743
0.0131428
0.012985
0.0128011
0.0125919
0.0123585
0.0121022
0.0118246
0.0115278
0.0112137
0.0108846
0.0105428
0.0101907
0.00983049
0.00946411
0.00909307
0.00871811
0.00833885
0.00795319
0.00755611
0.00713813
0.00668338
0.00616795
0.0055587
0.00481754
0.00392376
0.00291742
0.00194581
0.00126543
0.00110823
0.00202646
0.0126989
0.00587548
0.00411907
0.00354655
0.0034713
0.00368303
0.00407576
0.00457886
0.00514429
0.00573794
0.00633576
0.0069213
0.00748384
0.00801689
0.00851704
0.0089831
0.00941536
0.00981513
0.0101843
0.010525
0.0108397
0.0111305
0.0113998
0.0116495
0.0118813
0.0120968
0.0122973
0.0124837
0.0126569
0.0128171
0.0129647
0.0130996
0.0132215
0.0133299
0.013424
0.0135031
0.0135662
0.0136119
0.0136387
0.0136448
0.0136329
0.0136007
0.0135436
0.0134625
0.0133568
0.0132259
0.0130699
0.0128888
0.0126829
0.012453
0.0122002
0.0119259
0.0116316
0.0113192
0.0109906
0.010648
0.0102935
0.00992938
0.00955733
0.00917889
0.00879492
0.00840527
0.00800818
0.00759945
0.00717077
0.00670847
0.00619121
0.00558864
0.00486426
0.00398982
0.00299121
0.00199703
0.00125683
0.00104085
0.00187218
0.0123855
0.00573418
0.00408911
0.00363295
0.00368174
0.00402688
0.00454425
0.00515549
0.00580793
0.00646609
0.00710683
0.0077159
0.00828535
0.0088116
0.00929398
0.00973374
0.0101333
0.0104956
0.0108242
0.0111223
0.0113933
0.0116401
0.0118656
0.0120722
0.0122621
0.0124371
0.0125987
0.0127479
0.0128858
0.0130129
0.0131295
0.0132356
0.0133309
0.0134151
0.0134875
0.0135472
0.0135934
0.0136248
0.0136394
0.0136367
0.0136191
0.013581
0.0135216
0.0134403
0.0133363
0.0132089
0.0130578
0.0128827
0.0126837
0.0124614
0.0122164
0.0119497
0.0116626
0.0113565
0.0110333
0.0106947
0.0103427
0.00997923
0.00960591
0.0092242
0.008835
0.00843835
0.00803283
0.00761488
0.00717776
0.00670975
0.00619145
0.00559488
0.00488551
0.00403437
0.00305137
0.00204508
0.00125181
0.000969904
0.00170571
0.0118769
0.00552364
0.00405158
0.0037506
0.00396562
0.00446784
0.00511955
0.00583602
0.00656317
0.0072676
0.00792994
0.00854034
0.00909512
0.0095945
0.0100411
0.0104388
0.0107921
0.0111058
0.0113845
0.0116326
0.011854
0.0120526
0.0122313
0.0123929
0.0125398
0.012674
0.012797
0.01291
0.013014
0.0131096
0.0131972
0.0132766
0.0133478
0.0134103
0.0134637
0.0135069
0.0135391
0.013559
0.013564
0.0135561
0.0135336
0.0134929
0.0134338
0.0133551
0.0132556
0.0131345
0.0129912
0.0128251
0.0126361
0.0124243
0.01219
0.011934
0.0116571
0.0113605
0.0110456
0.0107139
0.0103671
0.0100068
0.00963447
0.00925147
0.00885869
0.00845633
0.00804337
0.00761695
0.00717155
0.00669663
0.00617569
0.00558385
0.00488867
0.00405987
0.00309729
0.00208784
0.00125036
0.000896143
0.00152664
0.0111104
0.00523082
0.00401206
0.00392223
0.00434556
0.00502218
0.0058068
0.00661378
0.00739345
0.008119
0.00877795
0.00936666
0.00988667
0.0103424
0.0107396
0.0110848
0.0113842
0.0116439
0.0118696
0.0120662
0.0122383
0.0123897
0.0125239
0.0126436
0.0127512
0.0128486
0.0129376
0.0130191
0.0130942
0.0131634
0.0132269
0.0132849
0.013337
0.0133827
0.0134215
0.0134527
0.0134752
0.0134877
0.0134874
0.0134775
0.0134538
0.0134142
0.0133586
0.0132853
0.0131929
0.0130804
0.0129469
0.0127916
0.0126141
0.012414
0.0121915
0.0119468
0.0116806
0.0113936
0.0110869
0.0107616
0.0104192
0.010061
0.00968828
0.00930234
0.00890405
0.00849376
0.0080708
0.00763299
0.00717571
0.00669046
0.00616287
0.00557075
0.00488415
0.00407323
0.00313133
0.00212539
0.0012522
0.000820821
0.00133467
0.0100143
0.00484863
0.00398313
0.00418138
0.00484771
0.00570385
0.00660681
0.00748012
0.00828574
0.0090077
0.00964247
0.0101933
0.010667
0.0110716
0.0114156
0.0117073
0.0119543
0.0121634
0.012341
0.0124922
0.0126217
0.0127336
0.0128312
0.0129172
0.0129938
0.0130632
0.0131265
0.013185
0.0132394
0.01329
0.0133373
0.013381
0.0134212
0.0134572
0.0134883
0.0135138
0.0135324
0.0135431
0.0135429
0.0135344
0.0135136
0.0134788
0.0134295
0.0133637
0.0132799
0.0131768
0.0130532
0.0129081
0.0127408
0.0125507
0.0123374
0.012101
0.0118417
0.0115599
0.0112564
0.010932
0.0105879
0.0102252
0.00984518
0.00944906
0.00903775
0.00861177
0.00817083
0.00771332
0.00723555
0.00673045
0.00618579
0.00558229
0.00489318
0.00408983
0.00316163
0.00215987
0.00125753
0.000746324
0.00112934
0.00852096
0.00437851
0.00400359
0.00457472
0.00550921
0.00653897
0.00754111
0.00846012
0.00927517
0.00998301
0.010589
0.0111026
0.0115345
0.0118957
0.0121964
0.0124461
0.0126531
0.0128247
0.0129674
0.0130866
0.013187
0.0132725
0.0133464
0.0134112
0.0134692
0.013522
0.013571
0.0136173
0.0136614
0.0137039
0.0137447
0.0137838
0.0138209
0.0138554
0.0138866
0.0139134
0.0139348
0.0139495
0.013955
0.0139514
0.0139374
0.0139101
0.013869
0.0138114
0.0137356
0.0136402
0.0135237
0.0133848
0.0132224
0.0130355
0.0128236
0.0125862
0.0123234
0.0120353
0.0117225
0.0113856
0.0110256
0.0106436
0.0102409
0.00981876
0.00937824
0.00892011
0.00844445
0.0079502
0.00743445
0.00689128
0.00631024
0.00567456
0.00496059
0.00414225
0.00320812
0.00219966
0.00126723
0.00067702
0.000910605
0.00661041
0.00385399
0.004159
0.00519284
0.00642459
0.00763432
0.00874058
0.00971579
0.0105571
0.0112726
0.0118747
0.0123772
0.0127939
0.0131377
0.0134204
0.013652
0.0138417
0.0139972
0.0141252
0.0142313
0.0143203
0.014396
0.0144618
0.0145205
0.014574
0.0146241
0.014672
0.0147186
0.0147647
0.0148104
0.0148558
0.0149006
0.0149445
0.0149867
0.0150264
0.0150624
0.0150935
0.0151181
0.0151341
0.0151392
0.0151329
0.0151149
0.0150816
0.0150297
0.0149576
0.0148635
0.0147458
0.0146026
0.0144325
0.0142341
0.0140067
0.0137495
0.0134623
0.0131452
0.0127987
0.0124232
0.0120199
0.01159
0.011135
0.0106565
0.0101557
0.00963378
0.00909127
0.00852752
0.00794016
0.00732399
0.00666964
0.00596207
0.00518031
0.00430181
0.00331818
0.0022692
0.00129064
0.000617743
0.000681384
0.0043795
0.00343988
0.00467183
0.00631562
0.00793374
0.00940838
0.0107048
0.0118214
0.0127704
0.0135687
0.0142348
0.0147868
0.0152418
0.0156151
0.0159204
0.0161698
0.0163737
0.0165411
0.0166793
0.0167948
0.0168929
0.0169778
0.0170533
0.0171221
0.0171867
0.0172488
0.0173096
0.0173703
0.0174313
0.0174929
0.017555
0.0176172
0.0176789
0.0177392
0.0177969
0.0178506
0.0178986
0.0179389
0.0179694
0.0179867
0.0179865
0.0179756
0.0179469
0.0178925
0.0178129
0.0177058
0.0175688
0.0173995
0.0171959
0.0169565
0.0166799
0.0163653
0.0160126
0.0156218
0.0151932
0.0147278
0.0142269
0.0136924
0.0131261
0.0125301
0.0119063
0.0112565
0.0105814
0.00988071
0.00915219
0.00839051
0.0075861
0.00672404
0.00578465
0.00474933
0.00361779
0.00244087
0.00135825
0.000585899
0.000456883
0.0021994
0.00365912
0.00633679
0.00898395
0.011362
0.0134382
0.0152244
0.016744
0.0180247
0.0190955
0.0199846
0.0207187
0.021322
0.0218162
0.0222204
0.0225511
0.0228223
0.0230461
0.0232327
0.0233905
0.0235265
0.0236465
0.0237552
0.0238564
0.0239531
0.0240474
0.0241412
0.0242355
0.024331
0.0244279
0.0245259
0.0246243
0.0247221
0.0248179
0.0249098
0.0249957
0.0250731
0.025139
0.0251904
0.0252216
0.0252261
0.025215
0.0251787
0.0251025
0.0249886
0.0248339
0.0246346
0.0243874
0.0240893
0.023738
0.0233319
0.02287
0.0223521
0.0217785
0.0211499
0.0204679
0.0197349
0.0189536
0.0181271
0.0172588
0.0163515
0.0154078
0.0144291
0.0134149
0.0123622
0.0112638
0.010107
0.00887296
0.0075393
0.0060902
0.0045415
0.00298037
0.00159448
0.000613081
0.000229239
0.00127033
0.00711935
0.0136514
0.0194725
0.024517
0.0288439
0.0325312
0.0356477
0.0382611
0.040437
0.0422376
0.0437201
0.0449357
0.0459301
0.0467427
0.0474076
0.0479537
0.0484056
0.0487837
0.0491053
0.0493846
0.0496331
0.0498603
0.0500737
0.050279
0.0504809
0.0506826
0.0508862
0.0510927
0.0513025
0.0515147
0.0517278
0.0519394
0.0521462
0.0523442
0.0525286
0.052694
0.052834
0.0529418
0.0530044
0.0530098
0.0529822
0.0528969
0.0527239
0.0524706
0.0521286
0.0516897
0.051147
0.0504946
0.0497276
0.0488428
0.0478385
0.0467146
0.0454722
0.044113
0.0426409
0.0410614
0.0393812
0.037607
0.0357458
0.0338043
0.0317876
0.0296985
0.0275359
0.0252924
0.0229519
0.0204872
0.0178593
0.0150251
0.0119631
0.00873061
0.0055436
0.00281656
0.000975066
0.000141116
)
;

boundaryField
{
    movingWall
    {
        type            epsilonWallFunction;
        value           nonuniform List<scalar> 
75
(
0.00127033
0.00711935
0.0136514
0.0194725
0.024517
0.0288439
0.0325312
0.0356477
0.0382611
0.040437
0.0422376
0.0437201
0.0449357
0.0459301
0.0467427
0.0474076
0.0479537
0.0484056
0.0487837
0.0491053
0.0493846
0.0496331
0.0498603
0.0500737
0.050279
0.0504809
0.0506826
0.0508862
0.0510927
0.0513025
0.0515147
0.0517278
0.0519394
0.0521462
0.0523442
0.0525286
0.052694
0.052834
0.0529418
0.0530044
0.0530098
0.0529822
0.0528969
0.0527239
0.0524706
0.0521286
0.0516897
0.051147
0.0504946
0.0497276
0.0488428
0.0478385
0.0467146
0.0454722
0.044113
0.0426409
0.0410614
0.0393812
0.037607
0.0357458
0.0338043
0.0317876
0.0296985
0.0275359
0.0252924
0.0229519
0.0204872
0.0178593
0.0150251
0.0119631
0.00873061
0.0055436
0.00281656
0.000975066
0.000141116
)
;
    }
    fixedWalls
    {
        type            epsilonWallFunction;
        value           nonuniform List<scalar> 
225
(
4.16289e-05
7.8628e-05
0.000166815
0.000272461
0.000392156
0.000523478
0.000664824
0.000815111
0.000973549
0.00113955
0.00131264
0.00149246
0.00167868
0.00187101
0.00206921
0.00227302
0.00248223
0.00269659
0.00291587
0.00313985
0.00336827
0.00360089
0.00383743
0.00407764
0.00432122
0.00456788
0.00481733
0.00506923
0.00532329
0.00557916
0.00583652
0.00609502
0.00635433
0.0066141
0.006874
0.00713369
0.00739285
0.00765115
0.00790829
0.00816396
0.00841789
0.00866981
0.00891948
0.00916668
0.00941121
0.00965289
0.00989156
0.0101271
0.0103593
0.0105881
0.0108134
0.0110348
0.0112523
0.0114653
0.0116734
0.0118757
0.0120708
0.012257
0.0124315
0.0125905
0.0127285
0.0128378
0.0129076
0.0129233
0.0128652
0.0126989
0.0123855
0.0118769
0.0111104
0.0100143
0.00852096
0.00661041
0.0043795
0.0021994
0.00127033
9.35673e-06
1.76591e-05
3.73452e-05
6.06866e-05
8.67544e-05
0.000114849
0.000144465
0.000175234
0.000206901
0.000239295
0.000272326
0.000305974
0.000340286
0.000375367
0.000411376
0.000448513
0.000487012
0.000527126
0.000569119
0.000613247
0.000659751
0.00070884
0.000760688
0.000815424
0.000873126
0.000933824
0.000997493
0.00106407
0.00113343
0.00120542
0.00127987
0.00135654
0.00143521
0.0015156
0.00159743
0.00168039
0.00176414
0.00184834
0.00193258
0.00201646
0.00209951
0.00218124
0.00226109
0.00233849
0.00241278
0.00248328
0.00254923
0.00260983
0.00266425
0.00271161
0.00275099
0.00278144
0.00280173
0.00281038
0.0028084
0.00279395
0.00276624
0.00272459
0.00266854
0.00259779
0.00251216
0.00241176
0.00229695
0.0021683
0.00202646
0.00187218
0.00170571
0.00152664
0.00133467
0.00112934
0.000910605
0.000681384
0.000456883
0.000229239
0.000141116
4.16289e-05
0.000281214
0.000622151
0.00102057
0.001453
0.00190262
0.002356
0.00280199
0.00323138
0.00363675
0.00401242
0.00435434
0.00466008
0.00492857
0.00515998
0.0053554
0.00551659
0.00564573
0.00574514
0.00581712
0.00586373
0.0058866
0.00588787
0.00586861
0.00582971
0.00577191
0.00569588
0.00560227
0.00549181
0.00536539
0.00522414
0.00506944
0.00490299
0.00472679
0.00454309
0.0043544
0.00416337
0.00397274
0.00378519
0.00360333
0.0034295
0.00326573
0.00311368
0.00297451
0.00284892
0.0027371
0.00263873
0.00255302
0.00247872
0.00241421
0.0023575
0.00230635
0.00225828
0.00221068
0.00216096
0.00210651
0.00204492
0.0019741
0.00189243
0.00179886
0.00169303
0.00157536
0.00144706
0.00131007
0.00116692
0.00102058
0.000874166
0.000730737
0.000593062
0.000463486
0.000343918
0.000235983
0.000141461
6.33419e-05
9.35673e-06
)
;
    }
    frontAndBack
    {
        type            empty;
    }
}


// ************************************************************************* //
