/*--------------------------------*- C++ -*----------------------------------*\
  =========                 |
  \\      /  F ield         | OpenFOAM: The Open Source CFD Toolbox
   \\    /   O peration     | Website:  https://openfoam.org
    \\  /    A nd           | Version:  12
     \\/     M anipulation  |
\*---------------------------------------------------------------------------*/
FoamFile
{
    format      ascii;
    class       volScalarField;
    location    "5";
    object      p;
}
// * * * * * * * * * * * * * * * * * * * * * * * * * * * * * * * * * * * * * //

dimensions      [0 2 -2 0 0 0 0];

internalField   nonuniform List<scalar> 
5625
(
5.40035e-09
-8.7618e-06
-8.74301e-05
-0.00023742
-0.000440266
-0.000679869
-0.000943075
-0.00122028
-0.00150506
-0.00179367
-0.00208444
-0.00237721
-0.00267281
-0.00297275
-0.00327879
-0.00359279
-0.00391649
-0.00425137
-0.00459861
-0.00495899
-0.00533286
-0.00572012
-0.00612014
-0.00653174
-0.00695313
-0.00738181
-0.00781451
-0.00824704
-0.00867415
-0.00908942
-0.00948506
-0.00985169
-0.0101782
-0.0104516
-0.0106566
-0.0107757
-0.010789
-0.010674
-0.0104056
-0.00995621
-0.009296
-0.00839322
-0.0072147
-0.00572669
-0.00389588
-0.00169065
0.000917305
0.0039511
0.00742657
0.0113501
0.0157169
0.0205007
0.0256654
0.0311682
0.0369232
0.0428374
0.0488004
0.0546858
0.0603572
0.0656743
0.0705011
0.0747145
0.078214
0.0809296
0.0828288
0.0839213
0.0842598
0.0839371
0.0830817
0.0818492
0.0804158
0.0789701
0.077711
0.0768522
0.0765111
-1.20033e-05
-2.09976e-05
-9.51485e-05
-0.0002354
-0.000425303
-0.000650923
-0.0009005
-0.00116518
-0.00143884
-0.00171778
-0.00200017
-0.00228556
-0.00257453
-0.00286823
-0.00316815
-0.00347585
-0.00379282
-0.00412034
-0.0044594
-0.0048106
-0.00517419
-0.00554992
-0.00593709
-0.00633442
-0.00674007
-0.0071515
-0.00756539
-0.00797756
-0.00838279
-0.00877472
-0.00914564
-0.00948637
-0.00978601
-0.0100318
-0.0102089
-0.0103003
-0.0102866
-0.010146
-0.00985414
-0.00938442
-0.00870799
-0.00779423
-0.00661118
-0.00512638
-0.00330782
-0.00112519
0.00144858
0.0044355
0.00785051
0.0116994
0.0159774
0.0206564
0.0257055
0.0310834
0.0367
0.0424709
0.0482888
0.0540316
0.0595681
0.0647636
0.0694878
0.0736231
0.0770735
0.0797727
0.0816906
0.0828371
0.0832632
0.0830584
0.0823453
0.0812722
0.0800051
0.0787205
0.0776001
0.0768381
0.0765377
-1.33819e-05
-2.29164e-05
-9.31761e-05
-0.000224364
-0.000401565
-0.000613023
-0.000848383
-0.00109967
-0.00136119
-0.00162932
-0.00190212
-0.00217894
-0.00246007
-0.00274633
-0.00303892
-0.0033391
-0.0036481
-0.00396695
-0.00429645
-0.00463703
-0.00498878
-0.00535134
-0.0057239
-0.00610511
-0.00649305
-0.00688516
-0.00727811
-0.00766772
-0.00804886
-0.00841525
-0.00875935
-0.00907218
-0.00934315
-0.00955985
-0.00970793
-0.00977091
-0.00973008
-0.00956439
-0.00925045
-0.00876262
-0.00807318
-0.00715271
-0.00597052
-0.00449546
-0.00269678
-0.000545433
0.00198455
0.00491426
0.00825798
0.0120211
0.016199
0.0207628
0.0256903
0.0309325
0.0364045
0.042028
0.0476984
0.0532983
0.0587014
0.0637783
0.0684039
0.0724654
0.0758709
0.0785574
0.0804965
0.0816983
0.0822125
0.0821249
0.0815526
0.0806365
0.0795326
0.0784039
0.0774137
0.076734
0.0764504
4.05693e-06
-7.46675e-06
-7.5994e-05
-0.000201293
-0.000369312
-0.000569871
-0.000793671
-0.00103361
-0.00128443
-0.00154269
-0.00180646
-0.002075
-0.00234836
-0.00262717
-0.00291237
-0.00320499
-0.00350603
-0.00381634
-0.00413651
-0.00446685
-0.00480731
-0.00515741
-0.00551628
-0.0058825
-0.00625412
-0.00662856
-0.00700253
-0.00737191
-0.00773165
-0.00807562
-0.00839649
-0.00868553
-0.00893248
-0.00912535
-0.00925028
-0.00929138
-0.00923059
-0.00904762
-0.00871995
-0.00822285
-0.00752959
-0.00661173
-0.00543964
-0.00398313
-0.0022124
-9.9173e-05
0.0023819
0.00525154
0.00852391
0.0122046
0.0162889
0.0207521
0.0255737
0.0306981
0.0360532
0.0415596
0.047116
0.0526086
0.0579146
0.062908
0.0674667
0.0714809
0.0748609
0.077545
0.0795056
0.0807529
0.0813349
0.0813354
0.0808675
0.0800663
0.0790798
0.07806
0.0771554
0.0765176
0.0762173
4.07074e-05
2.46016e-05
-4.48218e-05
-0.000167059
-0.000328893
-0.000521155
-0.000735663
-0.00096597
-0.00120731
-0.00145651
-0.00171174
-0.0019722
-0.00223786
-0.00250918
-0.00278692
-0.00307191
-0.00336498
-0.0036668
-0.00397781
-0.0042982
-0.00462778
-0.00496601
-0.00531194
-0.00566413
-0.00602061
-0.00637883
-0.00673555
-0.00708674
-0.00742749
-0.00775188
-0.0080528
-0.00832186
-0.00854915
-0.00872316
-0.00883054
-0.00885601
-0.00878221
-0.00858958
-0.00825641
-0.00775882
-0.00707093
-0.00616517
-0.00501269
-0.00358402
-0.00184993
0.000217461
0.00264334
0.00544855
0.00864769
0.0122471
0.016243
0.0206149
0.0253393
0.0303646
0.0356239
0.0410378
0.0465081
0.0519234
0.0571633
0.0621037
0.066624
0.0706151
0.0739881
0.0766814
0.0786671
0.0799545
0.0805907
0.0806576
0.0802657
0.0795457
0.0786396
0.0776904
0.0768345
0.0762046
0.0758601
9.55919e-05
7.18715e-05
-1.17661e-06
-0.000122771
-0.000280739
-0.000466806
-0.000673709
-0.000895683
-0.00112847
-0.00136921
-0.00161622
-0.00186874
-0.0021267
-0.00239046
-0.00266061
-0.00293788
-0.0032229
-0.00351621
-0.00381813
-0.00412871
-0.00444769
-0.00477445
-0.00510799
-0.00544687
-0.00578912
-0.00613225
-0.00647311
-0.00680781
-0.00713162
-0.00743885
-0.0077227
-0.00797514
-0.0081867
-0.00834636
-0.00844136
-0.00845706
-0.00837678
-0.00818176
-0.00785103
-0.00736152
-0.00668812
-0.00580395
-0.00468078
-0.00328962
-0.00160151
0.000411397
0.00277451
0.00550922
0.00863102
0.0121475
0.0160563
0.0203405
0.0249753
0.0299136
0.0350916
0.0404313
0.0458366
0.0511981
0.0563967
0.061309
0.0658148
0.0698045
0.0731883
0.0759036
0.0779211
0.0792489
0.0799328
0.0800529
0.079718
0.0790556
0.0782029
0.0772957
0.0764607
0.0758121
0.0754025
0.000167592
0.00013324
5.39013e-05
-6.92827e-05
-0.000225457
-0.000407158
-0.000607953
-0.000822761
-0.00104784
-0.00128069
-0.00151982
-0.00176459
-0.0020149
-0.00227107
-0.0025336
-0.00280308
-0.00308004
-0.00336489
-0.00365782
-0.0039588
-0.00426748
-0.00458321
-0.00490495
-0.00523126
-0.00556024
-0.00588947
-0.00621593
-0.0065359
-0.00684489
-0.0071375
-0.00740728
-0.00764661
-0.00784652
-0.00799655
-0.00808457
-0.0080966
-0.00801671
-0.00782688
-0.00750691
-0.00703444
-0.00638506
-0.00553245
-0.00444881
-0.00310537
-0.00147318
0.000475891
0.00276786
0.00542506
0.0084643
0.0118948
0.0157161
0.0199143
0.0244655
0.0293257
0.0344343
0.0397148
0.0450731
0.0504012
0.0555805
0.0604876
0.0650013
0.0690107
0.0724238
0.0751757
0.0772348
0.0786072
0.0793369
0.0795026
0.0792113
0.0785885
0.0777678
0.0768793
0.0760421
0.0753536
0.0748634
0.000255361
0.000207566
0.000119437
-7.4269e-06
-0.000163716
-0.000342722
-0.000538802
-0.000747547
-0.000965751
-0.00119129
-0.00142294
-0.00166018
-0.00190297
-0.00215161
-0.00240656
-0.00266829
-0.00293726
-0.00321376
-0.00349791
-0.00378957
-0.00408835
-0.00439357
-0.00470419
-0.00501882
-0.00533561
-0.00565227
-0.00596594
-0.00627313
-0.00656963
-0.00685038
-0.00710934
-0.00733938
-0.00753207
-0.00767756
-0.00776438
-0.0077793
-0.00770711
-0.00753055
-0.00723016
-0.00678425
-0.00616896
-0.00535842
-0.00432506
-0.00304013
-0.00147437
0.000400939
0.00261276
0.00518475
0.00813536
0.0114758
0.015208
0.0193211
0.0237926
0.0285819
0.033631
0.0388653
0.0441926
0.0495056
0.0546859
0.0596092
0.0641528
0.068203
0.0716649
0.0744699
0.0765832
0.0780078
0.0787855
0.0789933
0.0787367
0.0781398
0.0773336
0.0764445
0.0755859
0.0748407
0.0742586
0.00035734
0.000293556
0.000194353
6.1888e-05
-9.62551e-05
-0.000274086
-0.000466728
-0.000670444
-0.000882571
-0.00110139
-0.00132598
-0.00155597
-0.00179144
-0.0020327
-0.00228016
-0.00253428
-0.0027954
-0.00306376
-0.00333938
-0.00362209
-0.00391147
-0.0042068
-0.00450709
-0.00481099
-0.00511679
-0.00542233
-0.00572498
-0.00602151
-0.00630804
-0.00657991
-0.00683156
-0.00705638
-0.00724657
-0.00739294
-0.00748475
-0.00750949
-0.00745275
-0.00729799
-0.00702644
-0.00661705
-0.00604639
-0.0052889
-0.00431705
-0.00310185
-0.0016135
0.000177616
0.00229974
0.00477815
0.00763334
0.0108789
0.0145192
0.0185465
0.0229408
0.0276642
0.0326619
0.0378611
0.043171
0.0484852
0.0536851
0.058645
0.0632397
0.067352
0.0708829
0.0737593
0.0759418
0.0774296
0.0782612
0.0785116
0.0782849
0.0777042
0.0768992
0.0759937
0.0750979
0.0742832
0.0736011
0.000471821
0.000389823
0.000277481
0.000137675
-2.38887e-05
-0.000201916
-0.000392286
-0.00059193
-0.000798739
-0.00101144
-0.0012294
-0.00145248
-0.00168088
-0.00191495
-0.00215512
-0.00240181
-0.00265531
-0.00291579
-0.00318325
-0.00345746
-0.00373797
-0.00402412
-0.00431494
-0.00460918
-0.00490528
-0.00520129
-0.0054948
-0.00578293
-0.00606218
-0.00632835
-0.00657641
-0.00680036
-0.00699305
-0.00714602
-0.00724929
-0.00729114
-0.00725793
-0.00713386
-0.00690082
-0.00653826
-0.00602315
-0.00533002
-0.00443122
-0.0032973
-0.00189769
-0.000201567
0.00182085
0.0041968
0.00694907
0.0100939
0.0136384
0.0175783
0.021896
0.0265571
0.0315093
0.0366821
0.0419863
0.0473162
0.0525525
0.0575679
0.062234
0.0664298
0.0700508
0.0730184
0.0752875
0.0768522
0.0777471
0.0780443
0.0778466
0.0772763
0.0764626
0.0755287
0.0745832
0.0736891
0.0729017
0.000597082
0.000494891
0.00036758
0.000218874
5.24876e-05
-0.000126967
-0.000316121
-0.000512576
-0.000714792
-0.00092194
-0.00113374
-0.00135028
-0.00157191
-0.00179907
-0.00203221
-0.00227172
-0.0025179
-0.00277086
-0.00303056
-0.00329677
-0.00356907
-0.0038468
-0.00412909
-0.00441484
-0.00470264
-0.00499078
-0.00527718
-0.00555931
-0.00583413
-0.00609796
-0.00634635
-0.00657397
-0.0067744
-0.00693996
-0.00706145
-0.00712799
-0.00712669
-0.00704249
-0.00685786
-0.00655272
-0.00610427
-0.00548702
-0.00467301
-0.00363213
-0.00233276
-0.000742665
0.00116976
0.00343394
0.00607524
0.00911272
0.0125567
0.0164062
0.0206466
0.0252469
0.0301578
0.035311
0.0406191
0.0459769
0.0512647
0.0563532
0.0611106
0.0654109
0.0691436
0.0722235
0.0745986
0.0762567
0.0772273
0.077579
0.0774128
0.0768505
0.0760217
0.0750501
0.0740454
0.0730645
0.0721685
0.000731364
0.000607244
0.00046335
0.000304357
0.0001319
-5.00828e-05
-0.000238976
-0.000433058
-0.000631367
-0.00083354
-0.00103965
-0.00125006
-0.00146528
-0.00168584
-0.00191226
-0.00214494
-0.00238415
-0.00263
-0.00288244
-0.00314124
-0.00340601
-0.00367616
-0.00395095
-0.00422943
-0.00451041
-0.00479247
-0.00507389
-0.00535256
-0.00562594
-0.00589093
-0.00614375
-0.00637978
-0.0065934
-0.00677773
-0.00692443
-0.00702343
-0.00706263
-0.00702765
-0.00690152
-0.00666451
-0.00629393
-0.00576416
-0.00504671
-0.00411063
-0.00292305
-0.00145009
0.000341888
0.00248474
0.00500658
0.00792954
0.0112673
0.0150223
0.0191833
0.0237227
0.0285944
0.0337329
0.0390524
0.0444486
0.0498013
0.0549791
0.0598465
0.0642721
0.0681387
0.071353
0.0738552
0.0756256
0.0766871
0.0771041
0.076975
0.0764214
0.075574
0.0745586
0.0734874
0.072414
0.0714075
0.000872908
0.000725334
0.000563435
0.000392928
0.000213295
2.78049e-05
-0.000161688
-0.000354149
-0.000549201
-0.000746963
-0.000947884
-0.0011526
-0.0013618
-0.00157615
-0.00179623
-0.00202246
-0.00225512
-0.00249433
-0.00274005
-0.00299208
-0.00325007
-0.00351356
-0.00378193
-0.00405444
-0.00433016
-0.00460801
-0.00488666
-0.0051645
-0.00543954
-0.00570934
-0.00597082
-0.00622016
-0.00645255
-0.006662
-0.00684103
-0.0069804
-0.00706879
-0.00709246
-0.00703494
-0.00687675
-0.00659523
-0.00616442
-0.00555519
-0.00473554
-0.00367117
-0.00232638
-0.000665309
0.00134649
0.00374007
0.00654079
0.0097658
0.0134212
0.0174993
0.0219763
0.0268094
0.0319358
0.0372722
0.0427153
0.0481445
0.0534264
0.0584215
0.0629928
0.0670153
0.0703872
0.0730392
0.0749426
0.0761128
0.0766085
0.0765252
0.0759839
0.0751172
0.074054
0.0729112
0.0717412
0.070623
0.00101995
0.000847579
0.000666426
0.000483324
0.000295544
0.000105678
-8.51893e-05
-0.000276718
-0.00046913
-0.000663034
-0.000859266
-0.00105875
-0.00126237
-0.00147094
-0.00168509
-0.00190532
-0.00213191
-0.00236501
-0.00260461
-0.00285055
-0.00310258
-0.00336035
-0.00362344
-0.00389133
-0.00416341
-0.00443897
-0.00471715
-0.00499686
-0.00527677
-0.0055551
-0.00582957
-0.00609719
-0.00635405
-0.00659503
-0.00681356
-0.00700124
-0.00714751
-0.00723922
-0.00726032
-0.00719151
-0.00701
-0.0066894
-0.00619976
-0.00550788
-0.00457787
-0.00337207
-0.00185223
1.87954e-05
0.00227511
0.00494544
0.00805055
0.0116003
0.0155909
0.0200022
0.0247954
0.0299108
0.0352677
0.040764
0.0462792
0.0516783
0.0568177
0.0615542
0.0657548
0.0693078
0.0721335
0.0741926
0.0754915
0.0760819
0.0760557
0.0755331
0.0746487
0.073536
0.0723181
0.0710485
0.0698177
0.00117073
0.000972368
0.000770859
0.000574217
0.000377437
0.000182431
-1.05031e-05
-0.000201732
-0.000392087
-0.000582675
-0.000774727
-0.000969457
-0.00116797
-0.00137122
-0.00157993
-0.00179463
-0.00201568
-0.00224324
-0.00247734
-0.00271792
-0.00296483
-0.00321788
-0.00347685
-0.00374151
-0.0040116
-0.00428684
-0.00456688
-0.00485124
-0.00513923
-0.00542987
-0.00572171
-0.00601263
-0.00629964
-0.00657857
-0.00684375
-0.00708762
-0.00730032
-0.00746929
-0.00757879
-0.00760961
-0.00753874
-0.00733918
-0.00698006
-0.00642685
-0.00564195
-0.00458559
-0.00321707
-0.00149643
0.000613541
0.00314501
0.0061225
0.00955976
0.0134569
0.0177981
0.0225484
0.0276518
0.0330305
0.0385844
0.0441934
0.0497208
0.0550195
0.0599399
0.0643403
0.0680984
0.0711226
0.0733616
0.0748112
0.0755149
0.0755594
0.0750642
0.0741662
0.0730043
0.0717094
0.0703379
0.0689934
0.00132348
0.00109806
0.00087522
0.000664212
0.00045769
0.000256872
6.12541e-05
-0.000130255
-0.000319102
-0.000506903
-0.000695286
-0.000885768
-0.00107967
-0.00127809
-0.00148185
-0.00169156
-0.00190761
-0.00213022
-0.00235949
-0.00259546
-0.00283811
-0.00308743
-0.00334347
-0.00360631
-0.00387609
-0.00415299
-0.00443724
-0.004729
-0.00502833
-0.00533506
-0.00564861
-0.00596781
-0.00629063
-0.00661385
-0.0069327
-0.00724044
-0.00752791
-0.00778304
-0.00799036
-0.00813063
-0.0081805
-0.00811229
-0.00789405
-0.00748984
-0.00686023
-0.00596328
-0.00475579
-0.00319494
-0.00124035
0.0011436
0.00398528
0.00730246
0.0110994
0.0153644
0.0200672
0.0251558
0.0305557
0.0361694
0.0418776
0.0475427
0.053014
0.0581355
0.0627567
0.0667438
0.0699919
0.0724364
0.0740606
0.0748981
0.0750296
0.0745728
0.0736674
0.0724584
0.0710859
0.0696109
0.0681512
0.00147641
0.00122297
0.000977941
0.000751846
0.00053494
0.000327726
0.000128874
-6.34434e-05
-0.000251301
-0.000436827
-0.000622052
-0.000808797
-0.000998602
-0.00119271
-0.00139205
-0.0015973
-0.00180892
-0.0020272
-0.00225232
-0.00248442
-0.00272367
-0.00297028
-0.00322457
-0.00348698
-0.00375809
-0.00403862
-0.0043294
-0.0046313
-0.00494518
-0.00527171
-0.00561127
-0.00596364
-0.00632778
-0.00670144
-0.00708075
-0.00745979
-0.00783001
-0.00817978
-0.00849384
-0.00875281
-0.00893291
-0.00900566
-0.00893798
-0.00869237
-0.00822757
-0.00749941
-0.00646216
-0.00507016
-0.00327987
-0.00105218
0.00164519
0.00483411
0.00852298
0.0127046
0.017354
0.0224231
0.0278416
0.033515
0.0393256
0.0451354
0.0507905
0.056129
0.0609909
0.0652303
0.0687282
0.0714048
0.0732291
0.0742232
0.0744601
0.0740551
0.0731504
0.071898
0.0704485
0.0688687
0.0672918
0.00162772
0.00134538
0.0010774
0.000835592
0.000607747
0.000393629
0.000191057
-2.54881e-06
-0.000189902
-0.000373648
-0.00055622
-0.000739738
-0.000925961
-0.00111628
-0.00131174
-0.00151309
-0.00172085
-0.0019354
-0.00215703
-0.00238602
-0.00262271
-0.00286758
-0.00312127
-0.00338461
-0.00365867
-0.00394475
-0.00424432
-0.00455904
-0.00489057
-0.00524053
-0.00561025
-0.00600051
-0.00641128
-0.00684128
-0.00728754
-0.00774488
-0.00820538
-0.00865776
-0.00908685
-0.00947309
-0.00979216
-0.0100147
-0.0101064
-0.0100282
-0.00973695
-0.00918626
-0.00832788
-0.00711333
-0.00549598
-0.0034333
-0.000888929
0.0021632
0.00573543
0.00982543
0.0144138
0.0194571
0.0248895
0.0306203
0.0365343
0.0424934
0.0483414
0.0539105
0.0590317
0.0635461
0.0673195
0.0702555
0.0723068
0.0734821
0.0738451
0.0735074
0.0726135
0.0713231
0.0697981
0.0681126
0.0664163
0.00177559
0.00146354
0.00117192
0.000913853
0.000674593
0.000453132
0.000246415
5.10854e-05
-0.000136216
-0.000318654
-0.000499064
-0.000679862
-0.00086302
-0.00105007
-0.00124218
-0.00144017
-0.00164464
-0.00185606
-0.00207483
-0.00230141
-0.00253636
-0.00278043
-0.0030346
-0.00330017
-0.00357873
-0.00387217
-0.00418272
-0.0045128
-0.00486498
-0.00524182
-0.00564565
-0.00607829
-0.00654072
-0.00703262
-0.00755189
-0.00809409
-0.00865182
-0.00921412
-0.00976583
-0.0102871
-0.010753
-0.0111333
-0.0113923
-0.0114894
-0.0113796
-0.0110142
-0.0103426
-0.00931355
-0.00787741
-0.00598835
-0.00360565
-0.000699198
0.00274668
0.00673637
0.0112551
0.0162647
0.0217045
0.0274882
0.0335038
0.0396143
0.0456616
0.051473
0.0568699
0.0616808
0.065755
0.0689781
0.0712846
0.0726674
0.0731792
0.0729265
0.0720556
0.0707339
0.069136
0.067344
0.0655257
0.00191815
0.00157564
0.00125975
0.00098496
0.000733879
0.000504704
0.000293469
9.60254e-05
-9.16419e-05
-0.00027322
-0.000451938
-0.000630506
-0.0008111
-0.000995401
-0.00118466
-0.0013798
-0.00158151
-0.00179035
-0.00200687
-0.0022317
-0.00246564
-0.00270976
-0.00296544
-0.00323444
-0.00351893
-0.00382146
-0.00414501
-0.00449285
-0.00486848
-0.00527544
-0.0057171
-0.00619631
-0.00671507
-0.00727401
-0.00787188
-0.00850491
-0.00916618
-0.00984497
-0.0105261
-0.0111893
-0.011809
-0.0123539
-0.0127872
-0.0130665
-0.013145
-0.0129719
-0.0124942
-0.0116579
-0.0104107
-0.00870321
-0.00649068
-0.0037396
-0.000430775
0.00345056
0.00788973
0.0128562
0.0182949
0.024125
0.030238
0.0364992
0.0427497
0.048812
0.0544991
0.0596262
0.0640257
0.0675635
0.0701542
0.0717724
0.0724576
0.0723097
0.0714759
0.0701313
0.0684638
0.066565
0.0646215
0.00205351
0.00167982
0.00133911
0.00104718
0.000783931
0.000546726
0.000330652
0.000130749
-5.7665e-05
-0.000238797
-0.000416269
-0.00059307
-0.000771574
-0.000953597
-0.00114049
-0.00133327
-0.00153269
-0.00173945
-0.00195424
-0.00217789
-0.00241148
-0.00265642
-0.0029145
-0.00318802
-0.00347972
-0.00379291
-0.00413132
-0.00449912
-0.00490078
-0.00534084
-0.00582372
-0.00635333
-0.00693267
-0.0075633
-0.00824478
-0.00897397
-0.00974437
-0.0105454
-0.0113618
-0.0121729
-0.0129523
-0.0136678
-0.0142811
-0.0147485
-0.0150212
-0.0150464
-0.0147687
-0.0141318
-0.0130801
-0.0115603
-0.00952615
-0.00694142
-0.003777
-1.57195e-05
0.00433263
0.00924526
0.014673
0.0205406
0.0267445
0.033153
0.0396073
0.0459265
0.0519154
0.0573763
0.0621242
0.0660039
0.0689081
0.0707909
0.071676
0.0716547
0.0708739
0.0695163
0.0677838
0.0657779
0.063706
0.00217972
0.00177418
0.00140813
0.00109869
0.000822992
0.000577494
0.000356311
0.000153648
-3.58525e-05
-0.000216917
-0.000393549
-0.000569009
-0.000745855
-0.00092603
-0.00111098
-0.0013018
-0.00149935
-0.00170444
-0.00191794
-0.00214089
-0.00237467
-0.00262105
-0.00288231
-0.00316126
-0.00346133
-0.00378653
-0.00414145
-0.00453119
-0.00496117
-0.005437
-0.00596415
-0.00654757
-0.00719125
-0.00789768
-0.00866715
-0.00949711
-0.0103814
-0.0113096
-0.0122662
-0.0132301
-0.0141741
-0.0150649
-0.0158631
-0.0165232
-0.0169948
-0.0172232
-0.0171509
-0.0167189
-0.0158685
-0.0145441
-0.012698
-0.0102866
-0.00727404
-0.00364532
0.000601695
0.00544908
0.0108544
0.0167488
0.0230348
0.0295843
0.0362401
0.0428188
0.0491181
0.0549278
0.060045
0.0642929
0.0675401
0.0697177
0.0708309
0.07096
0.07025
0.0688908
0.0670987
0.0649859
0.0627821
0.00229479
0.00185675
0.00146487
0.00113761
0.000849222
0.000595221
0.000368708
0.000163031
-2.78506e-05
-0.000209178
-0.00038533
-0.000559822
-0.000735385
-0.000914078
-0.00109744
-0.00128663
-0.00148262
-0.00168636
-0.00189887
-0.00212148
-0.00235585
-0.00260417
-0.0028692
-0.00315434
-0.0034637
-0.00380207
-0.00417491
-0.00458826
-0.00504856
-0.00556247
-0.00613651
-0.00677668
-0.00748796
-0.00827367
-0.00913484
-0.0100694
-0.0110716
-0.0121309
-0.0132316
-0.0143521
-0.0154645
-0.0165343
-0.0175209
-0.0183773
-0.0190515
-0.0194869
-0.019624
-0.0194016
-0.0187588
-0.0176378
-0.0159854
-0.0137532
-0.010904
-0.00741654
-0.00328201
0.00148802
0.00685835
0.0127674
0.0191241
0.0258057
0.0326575
0.0394949
0.0461097
0.05228
0.0577853
0.0624261
0.0660452
0.0685484
0.0699193
0.0702244
0.069605
0.0682571
0.0664119
0.0641929
0.0618537
0.00239667
0.0019255
0.00150733
0.00116198
0.000860702
0.000598033
0.000366018
0.000157123
-3.53802e-05
-0.000217248
-0.000393218
-0.00056705
-0.000741631
-0.000919125
-0.00110114
-0.00128894
-0.00148358
-0.00168613
-0.00189785
-0.0021203
-0.00235551
-0.00260607
-0.00287527
-0.00316715
-0.0034865
-0.00383895
-0.00423083
-0.00466917
-0.00516144
-0.00571535
-0.00633847
-0.00703784
-0.00781938
-0.00868722
-0.00964308
-0.0106853
-0.0118085
-0.0130019
-0.0142497
-0.0155296
-0.0168129
-0.0180642
-0.0192415
-0.0202966
-0.0211758
-0.0218209
-0.0221703
-0.0221611
-0.0217299
-0.0208161
-0.0193628
-0.0173184
-0.0146418
-0.0113054
-0.00729464
-0.00261443
0.00270764
0.00861771
0.015032
0.0218341
0.0288731
0.0359649
0.0428966
0.0494358
0.0553449
0.0604012
0.0644203
0.0672799
0.0689391
0.0694477
0.0689405
0.0676184
0.0657277
0.0634035
0.0609255
0.00248328
0.00197832
0.00153343
0.00116974
0.000855423
0.000583971
0.000346334
0.000134074
-6.02328e-05
-0.00024285
-0.000418864
-0.000592262
-0.00076607
-0.000942542
-0.00112336
-0.00130986
-0.0015032
-0.00170461
-0.00191555
-0.00213787
-0.00237395
-0.00262687
-0.00290044
-0.00319935
-0.00352915
-0.0038963
-0.00430806
-0.00477243
-0.00529793
-0.00589332
-0.00656725
-0.00732772
-0.00818157
-0.00913374
-0.0101865
-0.0113387
-0.0125849
-0.0139145
-0.0153112
-0.0167522
-0.0182079
-0.0196421
-0.0210113
-0.0222663
-0.0233516
-0.0242077
-0.0247714
-0.0249775
-0.0247607
-0.0240577
-0.0228085
-0.0209584
-0.0184621
-0.015286
-0.0114099
-0.00683196
-0.00157192
0.0043245
0.0107816
0.0176902
0.0249047
0.0322429
0.0394891
0.0464016
0.0527266
0.0582183
0.0626637
0.0659104
0.0678895
0.0686303
0.0682586
0.0669787
0.0650511
0.0626235
0.0600036
0.00255243
0.00201306
0.001541
0.00115877
0.000831294
0.00055099
0.000307665
9.19564e-05
-0.000104266
-0.000287764
-0.00046396
-0.000637047
-0.000810178
-0.000985683
-0.00116531
-0.00135045
-0.00154239
-0.00174252
-0.00195251
-0.00217452
-0.00241133
-0.00266647
-0.00294436
-0.00325036
-0.00359079
-0.00397296
-0.00440509
-0.00489617
-0.00545577
-0.0060937
-0.00681964
-0.00764256
-0.00857018
-0.00960814
-0.0107593
-0.0120228
-0.0133933
-0.0148601
-0.0164066
-0.0180093
-0.0196379
-0.021255
-0.0228162
-0.0242709
-0.0255624
-0.0266297
-0.0274079
-0.0278304
-0.0278297
-0.0273401
-0.0262988
-0.0246481
-0.0223383
-0.0193308
-0.0155996
-0.0111359
-0.00595165
-8.414e-05
0.00639971
0.0133988
0.0207742
0.0283474
0.0359015
0.0431875
0.0499366
0.0558803
0.0607765
0.0644398
0.0667704
0.0677736
0.0675625
0.0663425
0.0643883
0.0618597
0.0590948
0.00260191
0.00202746
0.00152782
0.00112684
0.000786131
0.000496957
0.00024794
2.8768e-05
-0.000169399
-0.000353815
-0.000530223
-0.000703006
-0.000875424
-0.00104987
-0.00122814
-0.00141171
-0.00160197
-0.00180047
-0.00200913
-0.00223043
-0.00246756
-0.00272457
-0.00300647
-0.00331933
-0.00367027
-0.00406747
-0.00452013
-0.00503822
-0.00563237
-0.00631343
-0.00709208
-0.00797823
-0.00898041
-0.010105
-0.0113552
-0.0127305
-0.0142257
-0.0158299
-0.017526
-0.01929
-0.0210906
-0.0228897
-0.0246417
-0.0262948
-0.0277913
-0.0290687
-0.0300607
-0.0306991
-0.0309148
-0.0306398
-0.0298087
-0.0283609
-0.0262429
-0.023411
-0.0198338
-0.0154955
-0.0104005
-0.00457738
0.00191622
0.0089882
0.0165075
0.0243009
0.0321525
0.0398078
0.0469849
0.0533935
0.0587617
0.0628699
0.0655836
0.0668802
0.0668563
0.0657157
0.063746
0.0611199
0.0582075
0.00262941
0.00201919
0.00149154
0.00107164
0.000717657
0.000419649
0.000165005
-5.75628e-05
-0.000257607
-0.00044287
-0.000619395
-0.00079174
-0.000963252
-0.00113637
-0.00131295
-0.00149452
-0.0016826
-0.00187891
-0.00208563
-0.00230558
-0.00254238
-0.00280063
-0.00308596
-0.00340517
-0.00376619
-0.00417811
-0.00465108
-0.00519611
-0.00582484
-0.00654914
-0.00738067
-0.00833026
-0.0094072
-0.0106184
-0.0119677
-0.0134546
-0.015074
-0.0168147
-0.0186593
-0.020583
-0.0225539
-0.0245329
-0.0264734
-0.0283226
-0.0300215
-0.0315065
-0.0327103
-0.0335629
-0.0339939
-0.0339332
-0.0333132
-0.0320704
-0.0301477
-0.027497
-0.0240814
-0.0198788
-0.0148858
-0.00912213
-0.00263608
0.00449004
0.0121342
0.0201301
0.0282648
0.0362809
0.0438853
0.0507673
0.0566256
0.0612046
0.0643323
0.0659538
0.066145
0.0651049
0.0631325
0.060413
0.0573513
0.00263254
0.00198583
0.00142972
0.000990748
0.000623498
0.000316751
5.66223e-05
-0.000169177
-0.000370921
-0.000556828
-0.000733231
-0.000904841
-0.00107508
-0.00124642
-0.00142075
-0.00159968
-0.00178485
-0.00197816
-0.00218208
-0.00239978
-0.00263535
-0.00289393
-0.00318182
-0.00350655
-0.00387691
-0.00430289
-0.00479562
-0.0053671
-0.00603
-0.0067972
-0.00768129
-0.00869395
-0.00984519
-0.0111425
-0.0125901
-0.0141874
-0.0159296
-0.0178052
-0.0197961
-0.0218772
-0.0240156
-0.0261713
-0.028297
-0.0303386
-0.0322363
-0.0339255
-0.0353375
-0.0364014
-0.0370451
-0.0371969
-0.0367872
-0.0357498
-0.0340244
-0.0315589
-0.0283111
-0.0242529
-0.0193733
-0.0136836
-0.00722226
-6.1379e-05
0.00768708
0.0158653
0.0242653
0.0326292
0.0406555
0.0480148
0.0543772
0.0594504
0.0630216
0.0649997
0.0654352
0.064518
0.062557
0.0597493
0.0565369
0.00260886
0.00192488
0.00133985
0.000881652
0.000501177
0.000185856
-7.95251e-05
-0.000308282
-0.000511416
-0.000697617
-0.00087349
-0.00104388
-0.00121227
-0.00138116
-0.00155247
-0.00172787
-0.00190914
-0.00209839
-0.00229838
-0.00251266
-0.00274579
-0.0030035
-0.00329278
-0.00362191
-0.00400055
-0.0044396
-0.00495115
-0.00554822
-0.00624447
-0.00705376
-0.00798957
-0.00906439
-0.0102889
-0.0116711
-0.0132155
-0.0149214
-0.0167843
-0.0187921
-0.0209265
-0.0231615
-0.0254637
-0.027792
-0.0300983
-0.0323278
-0.0344196
-0.0363081
-0.0379238
-0.0391945
-0.040047
-0.0404081
-0.0402062
-0.039373
-0.0378453
-0.035567
-0.0324914
-0.0285846
-0.0238285
-0.018226
-0.0118059
-0.00462964
0.00320159
0.0115398
0.0201844
0.0288793
0.0373173
0.0451529
0.0520292
0.0576164
0.0616588
0.0640248
0.0647343
0.0639641
0.06203
0.0591405
0.0557766
0.0025558
0.0018337
0.00121925
0.000741716
0.000348108
2.44564e-05
-0.000245839
-0.00047715
-0.000681214
-0.000867185
-0.00104193
-0.00121041
-0.00137614
-0.00154166
-0.00170891
-0.00187964
-0.00205576
-0.00223961
-0.00243424
-0.00264363
-0.00287284
-0.0031282
-0.00341739
-0.0037495
-0.00413502
-0.0045858
-0.0051149
-0.00573632
-0.0064647
-0.00731481
-0.00830103
-0.00943659
-0.0107328
-0.012198
-0.0138371
-0.015649
-0.0176297
-0.0197665
-0.0220405
-0.0244252
-0.0268865
-0.0293824
-0.0318641
-0.0342758
-0.0365559
-0.0386379
-0.0404514
-0.0419233
-0.0429793
-0.0435449
-0.0435469
-0.042915
-0.0415833
-0.0394925
-0.0365916
-0.0328412
-0.0282168
-0.0227132
-0.0163496
-0.0091769
-0.00128467
0.00719018
0.016056
0.0250614
0.0338964
0.0422026
0.0495975
0.0557148
0.0602535
0.0630377
0.0640516
0.0634536
0.0615633
0.0585994
0.0550842
0.0024707
0.00170957
0.00106517
0.000568181
0.00016159
-0.000170058
-0.000444808
-0.000678118
-0.000882474
-0.00106749
-0.00124028
-0.00140592
-0.00156795
-0.00172891
-0.00189079
-0.00205541
-0.00222482
-0.00240163
-0.00258921
-0.00279196
-0.00301546
-0.00326668
-0.00355401
-0.00388735
-0.00427806
-0.00473893
-0.00528395
-0.00592811
-0.00668699
-0.00757627
-0.00861113
-0.0098055
-0.0111712
-0.0127171
-0.0144482
-0.0163628
-0.0184578
-0.0207194
-0.0231286
-0.0256581
-0.0282729
-0.0309306
-0.0335814
-0.0361688
-0.0386304
-0.040899
-0.0429034
-0.0445698
-0.0458227
-0.0465867
-0.0467871
-0.0463518
-0.0452128
-0.0433077
-0.0405819
-0.036991
-0.0325045
-0.0271095
-0.0208162
-0.0136646
-0.00573275
0.00285462
0.0119166
0.0212091
0.0304222
0.0391881
0.0471017
0.0537609
0.0588179
0.0620493
0.063398
0.0629985
0.0611702
0.0581406
0.054475
0.00235081
0.00154961
0.000874693
0.000358152
-6.12055e-05
-0.000400407
-0.000679004
-0.000913583
-0.00111739
-0.00130051
-0.00147028
-0.00163187
-0.00178886
-0.00194379
-0.00209868
-0.00225544
-0.00241631
-0.00258414
-0.00276264
-0.00295669
-0.0031724
-0.00341739
-0.00370081
-0.00403335
-0.00442725
-0.00489623
-0.00545524
-0.0061202
-0.00690761
-0.007834
-0.00891532
-0.0101661
-0.0115988
-0.0132224
-0.0150423
-0.0170557
-0.0192607
-0.0216425
-0.0241817
-0.0268502
-0.0296125
-0.0324254
-0.0352383
-0.037994
-0.0406296
-0.043077
-0.0452644
-0.0471172
-0.0485593
-0.0495142
-0.049906
-0.0496613
-0.0487099
-0.0469869
-0.0444345
-0.0410039
-0.0366591
-0.0313802
-0.0251687
-0.0180543
-0.0101031
-0.00142711
0.00780506
0.0173587
0.0269277
0.036138
0.044565
0.0517732
0.0573669
0.0610724
0.0627861
0.0626122
0.0608656
0.0577799
0.0539657
0.00219322
0.00135081
0.000644748
0.000108587
-0.000323243
-0.000669425
-0.000951094
-0.00118601
-0.0013882
-0.0015682
-0.0017336
-0.00188965
-0.00203996
-0.00218707
-0.00233303
-0.00247988
-0.00263003
-0.00278661
-0.00295373
-0.00313672
-0.00334225
-0.00357866
-0.00385581
-0.00418523
-0.00458006
-0.00505491
-0.00562566
-0.00630917
-0.0071228
-0.0080839
-0.0092091
-0.0105136
-0.0120101
-0.013708
-0.0156133
-0.0177207
-0.0200313
-0.0225279
-0.0251914
-0.0279927
-0.0308957
-0.0338564
-0.0368237
-0.0397397
-0.0425408
-0.0451584
-0.04752
-0.0495505
-0.0511729
-0.05231
-0.052885
-0.0528231
-0.0520525
-0.0505062
-0.0481234
-0.0448518
-0.0406501
-0.0354923
-0.0293718
-0.0223084
-0.0143564
-0.0056147
0.00376144
0.013549
0.0234485
0.0330836
0.0420141
0.0497738
0.0559185
0.0601225
0.0622306
0.06231
0.0606658
0.0575351
0.0535751
0.00199491
0.00111001
0.000372104
-0.000183723
-0.000627634
-0.000980072
-0.00126384
-0.00149791
-0.00169713
-0.00187252
-0.00203189
-0.00218059
-0.00232223
-0.00245938
-0.00259415
-0.00272869
-0.00286563
-0.00300838
-0.00316149
-0.00333076
-0.00352347
-0.00374864
-0.00401691
-0.00434065
-0.00473386
-0.00521207
-0.00579207
-0.0064916
-0.00732885
-0.00832194
-0.00948814
-0.0108431
-0.0124
-0.0141686
-0.0161555
-0.0183514
-0.0207625
-0.0233683
-0.0261499
-0.0290772
-0.0321135
-0.0352143
-0.0383277
-0.0413954
-0.044353
-0.0471314
-0.0496577
-0.0518561
-0.0536491
-0.0549587
-0.0557073
-0.0558192
-0.0552211
-0.0538443
-0.0516254
-0.0485089
-0.0444494
-0.039415
-0.033392
-0.0263907
-0.0184541
-0.00966799
-0.000173334
0.0098202
0.0200228
0.0300597
0.0394792
0.0477879
0.0544934
0.0592174
0.0617481
0.0621089
0.060589
0.0574256
0.0533233
0.00175268
0.000823843
5.33303e-05
-0.00052217
-0.000977657
-0.00133544
-0.00162009
-0.00185187
-0.00204648
-0.00221542
-0.00236675
-0.00250592
-0.00263655
-0.00276126
-0.0028822
-0.00300169
-0.00312257
-0.00324861
-0.00338478
-0.0035374
-0.00371434
-0.00392537
-0.00418191
-0.00449715
-0.00488599
-0.00536483
-0.00595135
-0.00666413
-0.00752217
-0.00854427
-0.00974829
-0.0111504
-0.0127639
-0.0145991
-0.016664
-0.0189415
-0.0214481
-0.024157
-0.0270502
-0.0300962
-0.0332582
-0.0364908
-0.0397417
-0.0429518
-0.0460563
-0.0489857
-0.0516664
-0.0540222
-0.0559752
-0.0574467
-0.0583585
-0.0586339
-0.0581986
-0.0569823
-0.0549197
-0.0519526
-0.0480317
-0.0431204
-0.0371983
-0.0302672
-0.0223595
-0.0135478
-0.00395849
0.00621351
0.0166907
0.0271036
0.0369934
0.0458443
0.0531157
0.0583777
0.0613578
0.062028
0.0606552
0.0574724
0.0532325
0.00146317
0.000488744
-0.00031522
-0.000910356
-0.00137677
-0.00173877
-0.00202281
-0.00225053
-0.00243852
-0.00259881
-0.00273971
-0.00286677
-0.00298368
-0.00309306
-0.00319718
-0.00329851
-0.00340017
-0.00350628
-0.00362229
-0.00375507
-0.00391304
-0.0041068
-0.00434853
-0.00465228
-0.00503378
-0.00551032
-0.00610044
-0.00682353
-0.00769931
-0.00874722
-0.00998566
-0.0114311
-0.0130973
-0.0149947
-0.0171338
-0.0194859
-0.0220827
-0.0248882
-0.0278862
-0.0310434
-0.0343229
-0.0376787
-0.0410579
-0.0444009
-0.0476424
-0.0507124
-0.0535369
-0.0560391
-0.0581408
-0.0597628
-0.0608264
-0.061254
-0.0609705
-0.0599044
-0.0579887
-0.0551629
-0.0513749
-0.0465835
-0.0407627
-0.0339068
-0.0260379
-0.0172164
-0.00755405
0.00277017
0.0134932
0.0242546
0.0345927
0.043975
0.0518123
0.0576265
0.0610808
0.0620884
0.0608864
0.0576986
0.0533266
0.00112277
0.000100904
-0.000737444
-0.00135211
-0.00182863
-0.00219345
-0.00247507
-0.00269658
-0.00287556
-0.00302457
-0.00315222
-0.00326419
-0.00336422
-0.003455
-0.00353892
-0.00361864
-0.00369757
-0.00378024
-0.00387259
-0.00398208
-0.00411765
-0.00429081
-0.00451447
-0.00480353
-0.00517459
-0.00564577
-0.00623642
-0.00696671
-0.00785703
-0.00892741
-0.0101967
-0.0116816
-0.013396
-0.0153502
-0.0175543
-0.0199856
-0.0226634
-0.0255572
-0.0286526
-0.0319133
-0.0353018
-0.038772
-0.0422701
-0.0457362
-0.0491045
-0.0523043
-0.0552615
-0.0578988
-0.0601374
-0.061898
-0.0631011
-0.0636688
-0.0635251
-0.0625975
-0.0608177
-0.0581234
-0.05446
-0.0497827
-0.0440606
-0.0372812
-0.0294577
-0.0206387
-0.0109216
-0.000469154
0.0104719
0.0215533
0.0323153
0.0422149
0.0506134
0.0569898
0.060941
0.0623133
0.0613066
0.0581294
0.0536315
0.000727672
-0.000343761
-0.00121753
-0.00185154
-0.00233712
-0.00270306
-0.00298005
-0.00319279
-0.00335988
-0.00349452
-0.00360565
-0.00369908
-0.00377865
-0.00384714
-0.00390708
-0.00396137
-0.00401375
-0.00406915
-0.00413411
-0.00421664
-0.00432617
-0.00447521
-0.0046774
-0.00494848
-0.00530586
-0.0057685
-0.00635652
-0.0070908
-0.00799237
-0.00908176
-0.0103782
-0.0118986
-0.0136569
-0.0156624
-0.0179186
-0.0204374
-0.0231856
-0.0261613
-0.0293454
-0.0327013
-0.0361904
-0.0397659
-0.0433735
-0.0469527
-0.0504372
-0.053756
-0.0568344
-0.059595
-0.0619586
-0.0638452
-0.0651753
-0.0658701
-0.0658533
-0.0650514
-0.0633952
-0.0608208
-0.0572716
-0.0526999
-0.0470708
-0.0403658
-0.0325903
-0.0237821
-0.014025
-0.00346516
0.00766796
0.0190413
0.0302012
0.0406018
0.0495517
0.0564961
0.0609648
0.0627283
0.0619418
0.0587916
0.0541752
0.000273763
-0.00084966
-0.00175998
-0.00241305
-0.00290638
-0.00327135
-0.00354105
-0.00374194
-0.00389377
-0.00401044
-0.00410124
-0.0041722
-0.00422726
-0.00426934
-0.00430114
-0.00432583
-0.00434751
-0.00437155
-0.00440514
-0.00445689
-0.00453654
-0.00465782
-0.00483503
-0.00508473
-0.00542514
-0.005876
-0.00645817
-0.00719319
-0.00810267
-0.00920757
-0.0105274
-0.0120794
-0.0138771
-0.0159289
-0.0182377
-0.020829
-0.0236428
-0.0266953
-0.0299608
-0.0334039
-0.0369852
-0.0406569
-0.0443644
-0.0480465
-0.0516367
-0.0550634
-0.0582517
-0.0611236
-0.0635998
-0.0655998
-0.0670436
-0.0678522
-0.0679486
-0.0672588
-0.0657125
-0.063245
-0.0597977
-0.0553208
-0.0497759
-0.0431399
-0.035411
-0.0266176
-0.0168307
-0.00618054
0.00512169
0.0167603
0.0282915
0.0391759
0.0486628
0.0561766
0.0611809
0.0633613
0.0628202
0.0597147
0.0549877
-0.000243395
-0.00142158
-0.0023697
-0.00304137
-0.00354082
-0.00390228
-0.0041615
-0.00434689
-0.00447949
-0.00457399
-0.00464012
-0.00468414
-0.00471017
-0.00472127
-0.00472038
-0.00471096
-0.00469749
-0.00468583
-0.0046839
-0.0047009
-0.00474668
-0.00483646
-0.00498511
-0.00521
-0.00553012
-0.00596595
-0.00653906
-0.00727157
-0.0081856
-0.00930251
-0.0106421
-0.0122215
-0.0140547
-0.0161501
-0.0185113
-0.0211534
-0.0240333
-0.0271564
-0.0304964
-0.0340189
-0.0376837
-0.0414425
-0.0452403
-0.0490153
-0.0527006
-0.0562243
-0.0595109
-0.0624822
-0.0650585
-0.067159
-0.0687032
-0.0696118
-0.0698073
-0.069215
-0.0677643
-0.065389
-0.0620296
-0.0576345
-0.0521623
-0.0455863
-0.0378987
-0.0291197
-0.0193086
-0.0085806
0.00287155
0.0147511
0.0266285
0.0379812
0.0479834
0.056064
0.0616206
0.0642428
0.0639726
0.06093
0.0561012
-0.00082863
-0.00206473
-0.00305203
-0.00374164
-0.00424517
-0.00460003
-0.00484494
-0.00501051
-0.00511926
-0.00518675
-0.00522325
-0.00523532
-0.00522727
-0.0052024
-0.00516388
-0.00511549
-0.00506216
-0.00501023
-0.00496847
-0.0049467
-0.00495447
-0.00500898
-0.00512549
-0.00532214
-0.00561867
-0.00603628
-0.00659714
-0.00732394
-0.00823924
-0.00936471
-0.0107203
-0.0123233
-0.0141875
-0.0163219
-0.0187296
-0.0214174
-0.0243569
-0.0275435
-0.0309507
-0.0345447
-0.0382846
-0.0421217
-0.0460002
-0.0498582
-0.0536281
-0.0572377
-0.0606112
-0.06367
-0.0663339
-0.0685219
-0.0701531
-0.0711477
-0.0714278
-0.0709182
-0.0695475
-0.067249
-0.063962
-0.0596335
-0.0542201
-0.0476919
-0.0400364
-0.0312668
-0.0214322
-0.0106338
0.000953625
0.0130532
0.0252547
0.0370665
0.0475501
0.0561919
0.0623177
0.0654057
0.065432
0.0624714
0.0575502
-0.00148722
-0.00278487
-0.00381281
-0.00451947
-0.00502452
-0.00536901
-0.00559504
-0.00573571
-0.00581521
-0.00585015
-0.00585141
-0.00582591
-0.00577825
-0.00571195
-0.00563048
-0.00553798
-0.00543983
-0.00534284
-0.00525687
-0.00519232
-0.0051578
-0.00517327
-0.0052541
-0.00541916
-0.0056889
-0.00608515
-0.00663068
-0.00734868
-0.00826205
-0.00939272
-0.0107607
-0.0123834
-0.0142744
-0.0164426
-0.0188909
-0.0216214
-0.0246132
-0.0278561
-0.0313234
-0.0349811
-0.0387878
-0.0426942
-0.0466442
-0.0505753
-0.0544195
-0.0581043
-0.0615534
-0.0646878
-0.0674271
-0.0696897
-0.0713944
-0.0724609
-0.0728109
-0.0723685
-0.071062
-0.0688238
-0.0655925
-0.0613138
-0.0559429
-0.0494474
-0.0418112
-0.0330415
-0.023179
-0.0123121
-0.000598974
0.0117038
0.0242095
0.0364769
0.0474087
0.0565963
0.0633084
0.0668857
0.0672339
0.0643752
0.0593715
-0.00222501
-0.00358835
-0.00465852
-0.00538095
-0.00588434
-0.0062139
-0.0064156
-0.00652538
-0.00656939
-0.00656544
-0.00652513
-0.00645584
-0.00636248
-0.00624886
-0.00611878
-0.00597676
-0.00582861
-0.00568158
-0.00554695
-0.00543588
-0.00535457
-0.0053273
-0.00536904
-0.00549926
-0.00573911
-0.00611103
-0.00663831
-0.00734453
-0.00825293
-0.00938559
-0.0107626
-0.0124012
-0.0143148
-0.016512
-0.0189954
-0.0217646
-0.0248022
-0.0280945
-0.0316148
-0.0353287
-0.039194
-0.0431612
-0.0471735
-0.0511681
-0.0550765
-0.0588259
-0.0623395
-0.065538
-0.0683405
-0.070665
-0.0724298
-0.0735542
-0.0739592
-0.0735687
-0.0723099
-0.0701149
-0.0669214
-0.0626744
-0.0573277
-0.0508471
-0.0432137
-0.0344304
-0.0245303
-0.0135914
-0.00175643
0.0107372
0.0235246
0.0362148
0.0476481
0.0573217
0.0646309
0.0687214
0.0694169
0.0666802
0.0616044
-0.00304846
-0.00448224
-0.00559631
-0.0063328
-0.00683057
-0.00713964
-0.0073105
-0.00738239
-0.00738369
-0.00733364
-0.00724468
-0.00712472
-0.00697905
-0.0068118
-0.00662711
-0.00642992
-0.0062264
-0.00602409
-0.00583649
-0.00567576
-0.00554264
-0.00546906
-0.00546852
-0.00556084
-0.00576791
-0.0061127
-0.00661897
-0.00731066
-0.00821123
-0.00934286
-0.0107256
-0.0123766
-0.0143088
-0.0165306
-0.0190441
-0.0218473
-0.0249245
-0.0282599
-0.0318263
-0.0355889
-0.0395051
-0.0435246
-0.0475904
-0.0516391
-0.055602
-0.0594056
-0.0629729
-0.0662242
-0.069078
-0.0714519
-0.0732637
-0.074432
-0.0748774
-0.074523
-0.0732954
-0.0711261
-0.067952
-0.0637172
-0.0583747
-0.0518889
-0.0442389
-0.035424
-0.025472
-0.0144516
-0.00249226
0.0101869
0.0232394
0.0362711
0.0483527
0.0584214
0.0663236
0.0709534
0.0720219
0.0694282
0.0642909
-0.00396485
-0.00547449
-0.00663421
-0.00738241
-0.00786959
-0.00815146
-0.00828374
-0.00830953
-0.00825982
-0.00815549
-0.00800998
-0.00783181
-0.00762668
-0.00739908
-0.00715351
-0.0068953
-0.00663089
-0.00636781
-0.00612347
-0.00591012
-0.0057199
-0.00559663
-0.00555094
-0.00560253
-0.00577414
-0.00608924
-0.006572
-0.00724663
-0.00813674
-0.00926453
-0.01065
-0.0123099
-0.014257
-0.0164992
-0.0190383
-0.0218706
-0.0249817
-0.028354
-0.03196
-0.0357642
-0.0397236
-0.0437874
-0.0478981
-0.0519919
-0.0559997
-0.0598476
-0.0634582
-0.0667513
-0.0696448
-0.0720559
-0.0739017
-0.0751003
-0.0755715
-0.0752377
-0.0740247
-0.0718632
-0.0686894
-0.0644466
-0.0590869
-0.0525738
-0.0448849
-0.0360172
-0.0259939
-0.0148768
-0.00278373
0.0100831
0.0233927
0.0367073
0.0495438
0.0599412
0.0684247
0.0736247
0.0750934
0.0726639
0.0674759
-0.00498238
-0.0065741
-0.00778119
-0.00853797
-0.00900838
-0.00925487
-0.00933935
-0.00930946
-0.00919921
-0.00903138
-0.00882055
-0.00857592
-0.00830364
-0.0080086
-0.00769564
-0.00737048
-0.00703971
-0.00671113
-0.00640758
-0.00613332
-0.00588479
-0.0057085
-0.0056149
-0.00562319
-0.00575693
-0.00604007
-0.00649709
-0.0071524
-0.00802969
-0.00915111
-0.0105364
-0.0122022
-0.0141608
-0.0164195
-0.0189796
-0.0218365
-0.0249761
-0.0283795
-0.0320187
-0.0358577
-0.039853
-0.0439532
-0.0481006
-0.0522309
-0.0562745
-0.0601571
-0.0638008
-0.0671249
-0.070047
-0.0724834
-0.0743508
-0.0755663
-0.076049
-0.0757204
-0.0745055
-0.072334
-0.0691411
-0.0648694
-0.0594702
-0.0529061
-0.0451538
-0.0362083
-0.0260901
-0.0148553
-0.00261243
0.0104513
0.0240184
0.0376074
0.051154
0.0619751
0.0709883
0.076783
0.078679
0.0764353
0.0712074
-0.00611041
-0.00779131
-0.00904743
-0.00980859
-0.0102545
-0.0104556
-0.0104814
-0.0103846
-0.0102029
-0.00996122
-0.00967537
-0.00935533
-0.00900774
-0.00863781
-0.00825077
-0.0078527
-0.00745075
-0.00705563
-0.00668538
-0.00633698
-0.00603576
-0.00580417
-0.00565929
-0.0056219
-0.00571569
-0.00596492
-0.00639429
-0.00702834
-0.00789076
-0.00900356
-0.0103863
-0.0120551
-0.0140219
-0.0162935
-0.0188705
-0.0217476
-0.0249105
-0.0283395
-0.0320059
-0.0358733
-0.0398974
-0.0440267
-0.0482029
-0.0523613
-0.0564318
-0.0603398
-0.0640069
-0.0673519
-0.0702917
-0.072742
-0.0746188
-0.0758382
-0.0763185
-0.0759801
-0.0747469
-0.0725475
-0.0693162
-0.0649945
-0.0595328
-0.0528928
-0.0450504
-0.0359997
-0.0257589
-0.0143802
-0.00196458
0.0113131
0.0251517
0.0390617
0.0530983
0.0645946
0.0740982
0.0804809
0.0828296
0.0807941
0.0755368
-0.00735975
-0.00913787
-0.0104445
-0.0112044
-0.0116161
-0.0117599
-0.0117138
-0.0115372
-0.0112716
-0.0109443
-0.0105728
-0.0101677
-0.00973613
-0.00928361
-0.00881566
-0.00833875
-0.00786081
-0.00739351
-0.00695034
-0.00652988
-0.00617046
-0.00588105
-0.00568284
-0.0055979
-0.00565006
-0.00586381
-0.00626399
-0.00687519
-0.00772101
-0.00882326
-0.0102012
-0.0118705
-0.0138426
-0.0161237
-0.0187139
-0.021607
-0.0247886
-0.0282379
-0.0319257
-0.0358152
-0.0398616
-0.0440129
-0.0482103
-0.0523888
-0.0564779
-0.0604024
-0.0640836
-0.0674396
-0.0703867
-0.07284
-0.0747143
-0.0759252
-0.0763895
-0.0760266
-0.0747592
-0.0725146
-0.0692256
-0.0648325
-0.0592848
-0.0525433
-0.044583
-0.0353972
-0.0250028
-0.0134491
-0.000831489
0.0126854
0.026821
0.0411199
0.0554318
0.0678203
0.0777967
0.0847669
0.0875988
0.0857957
0.0805198
-0.00874293
-0.0106274
-0.0119856
-0.0127368
-0.013102
-0.0131738
-0.0130405
-0.0127689
-0.0124051
-0.0119794
-0.0115105
-0.01101
-0.0104853
-0.00994225
-0.00938651
-0.0088248
-0.0082654
-0.00771952
-0.00720011
-0.00671233
-0.00628741
-0.00593759
-0.00568451
-0.00555063
-0.00555993
-0.00573704
-0.0061069
-0.00669403
-0.00752188
-0.008612
-0.00998323
-0.0116508
-0.0136257
-0.0159133
-0.0185132
-0.0214183
-0.0246141
-0.0280788
-0.0317827
-0.0356884
-0.0397508
-0.0439173
-0.0481288
-0.0523198
-0.0564194
-0.0603521
-0.0640384
-0.067396
-0.0703405
-0.0727861
-0.0746468
-0.075837
-0.0762723
-0.0758708
-0.0745538
-0.0722468
-0.0688812
-0.0643959
-0.0587388
-0.0518696
-0.0437626
-0.0344101
-0.0238283
-0.0120643
0.000790254
0.014579
0.0290421
0.043762
0.0582812
0.0716916
0.082115
0.0896888
0.0930439
0.0915007
0.0862169
-0.0102747
-0.0122758
-0.013686
-0.0144185
-0.014722
-0.0147038
-0.014465
-0.0140807
-0.0136027
-0.0130641
-0.0124852
-0.0118782
-0.0112509
-0.0106092
-0.00995888
-0.00930663
-0.00866086
-0.00803248
-0.00743461
-0.0068768
-0.00638412
-0.00597241
-0.00566339
-0.00547967
-0.00544535
-0.00558514
-0.00592397
-0.00648623
-0.00729514
-0.0083719
-0.00973491
-0.0113989
-0.0133741
-0.0156655
-0.0182719
-0.0211856
-0.0243913
-0.0278668
-0.0315818
-0.0354982
-0.0395706
-0.043746
-0.0479647
-0.052161
-0.0562635
-0.0601962
-0.0638791
-0.0672294
-0.0701618
-0.0725897
-0.074426
-0.075584
-0.0759779
-0.0755242
-0.0741426
-0.0717568
-0.0682964
-0.0636983
-0.0579088
-0.0508859
-0.0426029
-0.0330511
-0.0222458
-0.010233
0.00289881
0.0169993
0.0318237
0.0469751
0.0617915
0.0761737
0.0871139
0.0953087
0.099229
0.0979752
0.0926943
-0.0119726
-0.0141017
-0.0155631
-0.0162639
-0.0164864
-0.0163564
-0.0159903
-0.0154731
-0.0148625
-0.014195
-0.0134924
-0.0127673
-0.0120277
-0.0112792
-0.0105276
-0.00977942
-0.00904301
-0.00832907
-0.00765069
-0.0070198
-0.00645841
-0.00598408
-0.00561858
-0.00538468
-0.00530653
-0.00540883
-0.00571639
-0.00625342
-0.0070428
-0.00810535
-0.00945897
-0.0111178
-0.0130915
-0.0153842
-0.0179943
-0.0209131
-0.024125
-0.027607
-0.0313282
-0.0352502
-0.0393269
-0.0435051
-0.0477246
-0.0519193
-0.0560175
-0.0599425
-0.0636141
-0.0669485
-0.0698597
-0.0722603
-0.0740621
-0.0751769
-0.0755176
-0.0749989
-0.0735385
-0.0710582
-0.0674855
-0.0627548
-0.0568104
-0.0496085
-0.0411202
-0.0313359
-0.0202698
-0.00796672
0.00548698
0.0199457
0.0351752
0.0507927
0.0660743
0.0812024
0.0928331
0.101716
0.106227
0.105292
0.100026
-0.0138578
-0.0161273
-0.0176376
-0.0182889
-0.0184062
-0.018138
-0.0176188
-0.0169451
-0.0161813
-0.0153674
-0.0145263
-0.0136709
-0.012809
-0.0119459
-0.0110866
-0.0102376
-0.0094069
-0.00860485
-0.00784438
-0.00713868
-0.0065081
-0.00597102
-0.00554916
-0.00526538
-0.00514376
-0.00520892
-0.00548549
-0.00599737
-0.00676708
-0.00781497
-0.00915837
-0.0108108
-0.0127813
-0.0150733
-0.0176844
-0.0206054
-0.0238199
-0.0273044
-0.0310274
-0.0349501
-0.0390259
-0.0432011
-0.0474153
-0.0516019
-0.0556888
-0.059599
-0.0632515
-0.066562
-0.0694436
-0.0718079
-0.0735654
-0.0746267
-0.074903
-0.0743072
-0.0727548
-0.0701654
-0.0664637
-0.0615818
-0.0554612
-0.0480554
-0.0393335
-0.0292838
-0.0179189
-0.00528217
0.00854182
0.0234114
0.0390996
0.0552366
0.0711309
0.0868464
0.0993297
0.108961
0.114111
0.113532
0.108293
-0.0159558
-0.0183789
-0.0199332
-0.0205117
-0.0204931
-0.0200545
-0.0193517
-0.0184944
-0.0175544
-0.0165748
-0.0155795
-0.0145813
-0.0135871
-0.0126016
-0.0116289
-0.0106749
-0.00974686
-0.00885487
-0.00801143
-0.00723035
-0.0065308
-0.00593153
-0.00545414
-0.00512143
-0.00495735
-0.00498631
-0.00523267
-0.00571997
-0.0064703
-0.00750345
-0.00883619
-0.0104814
-0.0124473
-0.0147368
-0.0173466
-0.020267
-0.0234809
-0.0269642
-0.0306849
-0.0346037
-0.0386735
-0.0428404
-0.0470435
-0.051216
-0.0552852
-0.0591737
-0.0627999
-0.0660788
-0.0689227
-0.0712422
-0.0729466
-0.0739448
-0.0741464
-0.0734622
-0.0718055
-0.0690931
-0.0652472
-0.0601967
-0.0538799
-0.0462471
-0.0372644
-0.0269171
-0.0152155
-0.00220095
0.0120444
0.0273823
0.0435918
0.0603175
0.0769467
0.0931714
0.106678
0.117099
0.122961
0.122784
0.117591
-0.0182983
-0.0208885
-0.022478
-0.0229525
-0.0227595
-0.0221111
-0.0211887
-0.0201168
-0.0189748
-0.0178086
-0.0166426
-0.0154887
-0.0143526
-0.0132374
-0.0121463
-0.0110837
-0.0100564
-0.00907356
-0.00814719
-0.00729116
-0.00652371
-0.00586367
-0.00533236
-0.00495241
-0.00474753
-0.00474184
-0.00495933
-0.00542312
-0.00615479
-0.00717356
-0.00849554
-0.0101329
-0.0120933
-0.0143787
-0.0169853
-0.0199026
-0.0231129
-0.0265916
-0.0303061
-0.0342167
-0.0382759
-0.0424294
-0.0466161
-0.0507686
-0.0548139
-0.0586743
-0.0622674
-0.0655077
-0.0683066
-0.0705734
-0.0722162
-0.0731425
-0.0732599
-0.072477
-0.0707048
-0.0678572
-0.0638532
-0.0586183
-0.052087
-0.0442058
-0.0349367
-0.0242614
-0.0121864
0.00125009
0.0159692
0.0318367
0.0486376
0.0660317
0.0834748
0.10025
0.114966
0.126193
0.132865
0.133151
0.128027
-0.0209249
-0.0236947
-0.0253047
-0.0256338
-0.0252177
-0.0243118
-0.0231277
-0.0218057
-0.0204329
-0.0190579
-0.017704
-0.0163816
-0.0150941
-0.0138429
-0.0126291
-0.0114557
-0.0103282
-0.00925467
-0.00824641
-0.00731698
-0.0064837
-0.0057652
-0.00518243
-0.00475771
-0.00451439
-0.00447623
-0.00466676
-0.00510862
-0.00582282
-0.00682795
-0.00813946
-0.00976885
-0.0117229
-0.0140031
-0.0166047
-0.0195167
-0.0227208
-0.0261916
-0.0298964
-0.0337947
-0.037839
-0.0419744
-0.0461395
-0.0502666
-0.0542825
-0.0581087
-0.0616625
-0.0648576
-0.0676044
-0.0698113
-0.071385
-0.0722313
-0.072256
-0.0713653
-0.0694676
-0.0664739
-0.0622996
-0.0568664
-0.0501045
-0.0419558
-0.0323774
-0.0213459
-0.00886277
0.00503862
0.0202843
0.0367452
0.054213
0.0723599
0.0906721
0.108164
0.124252
0.136308
0.143924
0.14475
0.139729
-0.0238853
-0.0268444
-0.0284522
-0.0285808
-0.0278799
-0.0266587
-0.0251633
-0.023551
-0.021916
-0.0203084
-0.0187493
-0.0172457
-0.0157985
-0.0144058
-0.0130664
-0.0117812
-0.0105538
-0.0093911
-0.00830325
-0.00730314
-0.00640716
-0.00563352
-0.00500265
-0.00453645
-0.0042578
-0.00419
-0.00435607
-0.00477809
-0.00547646
-0.00646911
-0.00777079
-0.00939228
-0.0113396
-0.0136136
-0.0162088
-0.0191135
-0.0223089
-0.0257691
-0.0294608
-0.0333432
-0.0373684
-0.0414813
-0.0456201
-0.0497169
-0.0536979
-0.0574845
-0.0609932
-0.064137
-0.0668256
-0.0689661
-0.0704639
-0.0712231
-0.0711475
-0.0701411
-0.0681095
-0.0649603
-0.0606054
-0.0549622
-0.0479562
-0.0395238
-0.029616
-0.0182032
-0.00528027
0.00912659
0.0249504
0.0420697
0.0602847
0.0792774
0.0985416
0.117019
0.134464
0.14754
0.156259
0.157717
0.152849
-0.0272437
-0.0303959
-0.0319661
-0.0318206
-0.0307573
-0.0291509
-0.0272868
-0.025339
-0.0234073
-0.0215423
-0.0197607
-0.0180644
-0.01645
-0.0149119
-0.0134456
-0.0120491
-0.0107238
-0.00947491
-0.00831112
-0.00724437
-0.00629002
-0.00546562
-0.00479098
-0.00428743
-0.00397732
-0.00388338
-0.00402808
-0.00443287
-0.0051175
-0.00609922
-0.00739207
-0.00900609
-0.0109466
-0.0132137
-0.0158013
-0.018697
-0.0218815
-0.0253284
-0.029004
-0.0328671
-0.0368695
-0.0409558
-0.045064
-0.0491258
-0.0530672
-0.056809
-0.0602674
-0.0633546
-0.0659793
-0.0680476
-0.0694636
-0.0701297
-0.0699476
-0.068819
-0.0666465
-0.0633346
-0.058791
-0.0529286
-0.0456677
-0.0369385
-0.0266851
-0.01487
-0.00147938
0.0134699
0.0299209
0.0477629
0.0668083
0.0867512
0.107093
0.126838
0.145555
0.160006
0.169997
0.172211
0.167571
-0.0310831
-0.0344208
-0.0359004
-0.0353828
-0.0338588
-0.0317834
-0.0294841
-0.0271489
-0.0248845
-0.0227382
-0.0207172
-0.0188176
-0.0170305
-0.0153451
-0.0137525
-0.0122471
-0.0108277
-0.00949728
-0.00826276
-0.00713483
-0.00612769
-0.00525805
-0.00454496
-0.00400908
-0.00367215
-0.00355626
-0.00368326
-0.00407393
-0.00474736
-0.00572008
-0.00700543
-0.00861272
-0.0105466
-0.0128063
-0.0153854
-0.0182706
-0.0214424
-0.0248736
-0.0285304
-0.0323711
-0.0363472
-0.0404033
-0.0444769
-0.0484996
-0.052397
-0.0560896
-0.059493
-0.0625187
-0.0650748
-0.0670662
-0.0683955
-0.0689635
-0.06867
-0.0674142
-0.0650957
-0.0616157
-0.0568778
-0.05079
-0.0432667
-0.0342314
-0.0236204
-0.0113866
0.00249443
0.018018
0.0351408
0.0537675
0.0737273
0.0947323
0.116302
0.13755
0.157599
0.173799
0.185274
0.188415
0.184123
-0.035513
-0.0390085
-0.0403189
-0.0392975
-0.0371901
-0.0345453
-0.0317327
-0.028951
-0.0263214
-0.0238714
-0.0215935
-0.019482
-0.0175191
-0.0156869
-0.013971
-0.0123616
-0.0108541
-0.0094486
-0.00815026
-0.00696815
-0.00591514
-0.00500695
-0.00426175
-0.00369946
-0.0033411
-0.00320811
-0.00332163
-0.00370179
-0.00436696
-0.005333
-0.00661249
-0.00821406
-0.0101417
-0.012394
-0.0149637
-0.0178374
-0.0209946
-0.0244082
-0.0280436
-0.0318592
-0.035806
-0.0398285
-0.043864
-0.0478439
-0.0516936
-0.0553331
-0.0586776
-0.061638
-0.0641215
-0.066032
-0.0672709
-0.0677373
-0.0673289
-0.0659426
-0.0634751
-0.059824
-0.0548888
-0.0485723
-0.040783
-0.0314368
-0.0204609
-0.00779763
0.00659046
0.0227138
0.040547
0.0600151
0.0809712
0.103154
0.126113
0.149052
0.170672
0.188999
0.202198
0.206528
0.202787
-0.0406794
-0.0442707
-0.0452944
-0.0435926
-0.0407535
-0.0374169
-0.0339998
-0.0307263
-0.0276919
-0.0249059
-0.022359
-0.0200307
-0.0178921
-0.0159168
-0.0140837
-0.0123778
-0.0107903
-0.00931855
-0.00796518
-0.0067375
-0.00564694
-0.00470809
-0.00393816
-0.00335624
-0.00298259
-0.00283795
-0.00294276
-0.00331645
-0.0039767
-0.00493867
-0.00621425
-0.00781139
-0.00973339
-0.0119783
-0.0145383
-0.0173994
-0.0205408
-0.0239349
-0.0275469
-0.0313348
-0.0352498
-0.0392358
-0.0432303
-0.0471643
-0.0509631
-0.0545463
-0.0578288
-0.0607208
-0.0631288
-0.0649558
-0.0661018
-0.0664644
-0.0659394
-0.0644212
-0.0618038
-0.0579813
-0.0528488
-0.046304
-0.0382489
-0.0285914
-0.0172491
-0.00415184
0.0107528
0.0274936
0.0460675
0.0664262
0.0884547
0.111929
0.13644
0.161252
0.18483
0.205649
0.220784
0.22678
0.223925
-0.0467798
-0.0503472
-0.0509028
-0.0482987
-0.0445398
-0.0403644
-0.0362578
-0.0324249
-0.0289507
-0.0258037
-0.0229787
-0.0204327
-0.0181229
-0.0160123
-0.0140716
-0.0122798
-0.0106234
-0.0090964
-0.00769875
-0.00643582
-0.00531745
-0.00435702
-0.00357073
-0.00297678
-0.00259468
-0.00244441
-0.00254573
-0.00291738
-0.00357636
-0.00453716
-0.00581101
-0.00740522
-0.00932248
-0.0115603
-0.0141103
-0.0169582
-0.0200826
-0.0234558
-0.0270426
-0.030801
-0.0346819
-0.0386292
-0.0425802
-0.0464659
-0.0502113
-0.053736
-0.0569542
-0.0597759
-0.0621067
-0.0638487
-0.0649007
-0.065159
-0.0645175
-0.0628682
-0.0601025
-0.0561109
-0.0507844
-0.0440154
-0.0356991
-0.0257354
-0.0140309
-0.000502266
0.0149201
0.0322867
0.0516214
0.0729097
0.0960777
0.120952
0.14718
0.174081
0.20011
0.223811
0.241512
0.249533
0.248007
-0.0540853
-0.057413
-0.0572273
-0.0534463
-0.0485114
-0.0433179
-0.0384572
-0.0340091
-0.0300342
-0.0265169
-0.0234118
-0.0206535
-0.0181826
-0.0159493
-0.0139149
-0.0120513
-0.0103401
-0.00877135
-0.00734226
-0.00605609
-0.00492106
-0.00394927
-0.00315589
-0.00255827
-0.00217511
-0.00202571
-0.00212913
-0.00250347
-0.00316508
-0.00412781
-0.00540229
-0.00699526
-0.00890886
-0.0111401
-0.0136802
-0.0165143
-0.019621
-0.0229721
-0.0265325
-0.0302598
-0.034105
-0.0380119
-0.0419177
-0.0457535
-0.0494441
-0.0529087
-0.0560616
-0.0588121
-0.0610652
-0.0627223
-0.0636811
-0.0638365
-0.0630805
-0.0613033
-0.0583934
-0.0542381
-0.0487243
-0.0417392
-0.0331712
-0.0229115
-0.0108558
0.00309403
0.0190264
0.0370163
0.0571197
0.0793628
0.103724
0.130096
0.158205
0.187453
0.216449
0.243458
0.264685
0.275177
0.275625
-0.0629734
-0.0656732
-0.0643728
-0.0590508
-0.052609
-0.0463089
-0.040517
-0.0353845
-0.030885
-0.0269917
-0.0236128
-0.0206556
-0.0180404
-0.0157028
-0.0135934
-0.0116762
-0.00992743
-0.00833307
-0.00688747
-0.00559174
-0.00445248
-0.00348057
-0.00269018
-0.00209782
-0.00172148
-0.00157977
-0.00169113
-0.00207307
-0.00274134
-0.00370923
-0.00498683
-0.00658037
-0.00849151
-0.0107168
-0.0132472
-0.0160675
-0.019156
-0.0224844
-0.0260174
-0.0297128
-0.0335212
-0.0373868
-0.0412466
-0.0450317
-0.0486669
-0.0520713
-0.0551589
-0.0578387
-0.0600153
-0.0615892
-0.0624571
-0.062513
-0.0616472
-0.0597474
-0.0567004
-0.0523901
-0.0466994
-0.0395104
-0.0307049
-0.0201655
-0.00777615
0.00657628
0.0230008
0.0415997
0.0624652
0.085672
0.111262
0.139212
0.169357
0.201222
0.233642
0.264454
0.290169
0.304113
0.307529
-0.0739786
-0.0753815
-0.0724393
-0.0650902
-0.0567975
-0.0491893
-0.0423603
-0.036457
-0.0314288
-0.0271667
-0.0235318
-0.020399
-0.0176649
-0.0152482
-0.0130877
-0.0111394
-0.00937364
-0.0077724
-0.00632719
-0.0050371
-0.0039072
-0.00294724
-0.0021705
-0.00159276
-0.00123134
-0.0011043
-0.00122953
-0.001624
-0.00230297
-0.00327926
-0.0045625
-0.00615847
-0.00806846
-0.0102887
-0.0128098
-0.0156164
-0.0186867
-0.0219922
-0.0254975
-0.0291606
-0.0329321
-0.0367562
-0.0405701
-0.0443049
-0.0478853
-0.0512306
-0.0542545
-0.0568657
-0.0589685
-0.0604627
-0.0612444
-0.0612065
-0.0602375
-0.0582237
-0.0550495
-0.0505962
-0.0447428
-0.0373665
-0.0283428
-0.0175456
-0.00484741
0.00988066
0.0267691
0.0459496
0.0675545
0.0917138
0.118545
0.148129
0.180438
0.21518
0.251436
0.286816
0.318218
0.336708
0.34466
-0.0878432
-0.0868825
-0.0815487
-0.0714318
-0.0610472
-0.0517871
-0.0438305
-0.0371318
-0.0315803
-0.0269735
-0.0231159
-0.0198433
-0.0170254
-0.0145624
-0.0123807
-0.0104281
-0.00866914
-0.00708216
-0.00565603
-0.00438801
-0.0032819
-0.00234651
-0.0015944
-0.00104075
-0.000702395
-0.000596927
-0.000741818
-0.00115363
-0.00184722
-0.00283502
-0.00412632
-0.00572657
-0.00763677
-0.00985291
-0.0123654
-0.0151588
-0.0182112
-0.021494
-0.0249721
-0.0286034
-0.0323386
-0.0361221
-0.0398912
-0.0435772
-0.047105
-0.0503937
-0.053357
-0.0559036
-0.0579372
-0.0593575
-0.0600597
-0.059936
-0.0588735
-0.0567566
-0.0534685
-0.0488876
-0.0428895
-0.0353469
-0.0261292
-0.0151021
-0.00212689
0.0129412
0.0302544
0.0499752
0.0722792
0.0973571
0.125414
0.156651
0.191218
0.229058
0.269561
0.310495
0.348883
0.373211
0.388276
-0.105633
-0.100576
-0.0918191
-0.0779978
-0.065065
-0.0539829
-0.0447693
-0.0372834
-0.0312425
-0.0263398
-0.0223122
-0.0189504
-0.0160947
-0.0136261
-0.0114589
-0.00953287
-0.00780761
-0.00625809
-0.00487106
-0.00364238
-0.00257494
-0.0016769
-0.000960338
-0.000440075
-0.000132635
-5.53117e-05
-0.000225303
-0.000658896
-0.00137069
-0.00237287
-0.00367446
-0.00528073
-0.0071925
-0.00940561
-0.0119104
-0.0146914
-0.0177267
-0.0209878
-0.0244397
-0.0280404
-0.031741
-0.0354859
-0.0392128
-0.0428531
-0.0463317
-0.049568
-0.0524758
-0.0549635
-0.0569349
-0.0582892
-0.058921
-0.0587224
-0.0575786
-0.0553726
-0.051987
-0.0472974
-0.0411765
-0.0334928
-0.0241102
-0.0128869
0.000326965
0.015691
0.0333792
0.053585
0.0765286
0.102466
0.131697
0.164566
0.201431
0.242539
0.287709
0.335256
0.382088
0.414792
0.44024
-0.128928
-0.116968
-0.10308
-0.0846814
-0.0686017
-0.0554848
-0.0449942
-0.0367676
-0.0303115
-0.0251933
-0.0210714
-0.0176875
-0.0148514
-0.0124261
-0.0103145
-0.00844963
-0.00678719
-0.0052997
-0.00397252
-0.00280072
-0.00178674
-0.000938492
-0.000267925
0.000210236
0.000479547
0.000522799
0.00032289
-0.000136364
-0.000869451
-0.00188844
-0.00320226
-0.00481609
-0.00673071
-0.00894194
-0.0114402
-0.0142099
-0.0172294
-0.0204704
-0.0238981
-0.0274705
-0.0311393
-0.0348489
-0.0385375
-0.0421366
-0.0455714
-0.0487615
-0.0516208
-0.0540576
-0.0559759
-0.0572745
-0.0578478
-0.0575879
-0.0563778
-0.0540995
-0.050636
-0.0458601
-0.0396419
-0.0318464
-0.0223327
-0.0109517
0.00245586
0.018064
0.0360671
0.0566885
0.0801932
0.106903
0.13722
0.171643
0.210775
0.255241
0.305446
0.360578
0.417701
0.46238
0.502542
-0.160025
-0.136737
-0.115184
-0.090937
-0.0713165
-0.0559716
-0.0442748
-0.0354265
-0.028684
-0.023469
-0.0193543
-0.0160322
-0.0132844
-0.010958
-0.00894742
-0.00718091
-0.00561171
-0.00421126
-0.00296455
-0.00186665
-0.00092016
-0.000133255
0.000481862
0.000910228
0.0011352
0.00113942
0.000905671
0.000417684
-0.000339088
-0.00137676
-0.00270432
-0.00432699
-0.00624563
-0.00845617
-0.0109491
-0.0137092
-0.0167148
-0.0199381
-0.0233443
-0.026892
-0.0305329
-0.0342121
-0.0378679
-0.0414321
-0.0448304
-0.0479825
-0.0508024
-0.0531988
-0.0550753
-0.0563311
-0.0568604
-0.0565557
-0.0552973
-0.0529663
-0.0494476
-0.0446111
-0.0383245
-0.0304501
-0.0208427
-0.00934751
0.00420351
0.0199969
0.0382455
0.0592006
0.0831688
0.110537
0.141809
0.177647
0.218923
0.266709
0.322151
0.38558
0.455286
0.515962
0.577907
-0.202321
-0.160208
-0.127736
-0.0962958
-0.0725892
-0.0550672
-0.0423594
-0.0331066
-0.0262729
-0.0211216
-0.017141
-0.0139797
-0.0113974
-0.00923056
-0.00736861
-0.00573818
-0.00429233
-0.00300305
-0.00185618
-0.000847735
1.87834e-05
0.000734383
0.00128615
0.00165852
0.00183436
0.00179588
0.00152553
0.00100676
0.00022478
-0.000832751
-0.00217502
-0.00380747
-0.00573115
-0.00794223
-0.0104315
-0.0131839
-0.0161782
-0.0193868
-0.0227754
-0.0263029
-0.0299215
-0.0335766
-0.0372068
-0.0407444
-0.0441154
-0.0472398
-0.0500318
-0.0524003
-0.0542493
-0.0554777
-0.0559798
-0.0556499
-0.0543639
-0.0520021
-0.0484537
-0.0435849
-0.0372617
-0.0293442
-0.019684
-0.0081214
0.00551857
0.0214329
0.0398503
0.0610457
0.0853631
0.113249
0.145301
0.182344
0.225532
0.276435
0.337099
0.409386
0.494041
0.575734
0.670051
-0.260937
-0.187385
-0.139576
-0.0998275
-0.0716897
-0.0523256
-0.0390009
-0.0296848
-0.0230266
-0.0181387
-0.0144398
-0.0115487
-0.00921357
-0.0072677
-0.00560121
-0.00414285
-0.00284818
-0.00169169
-0.000661496
0.000244426
0.00102089
0.00165749
0.00214012
0.00245226
0.00257593
0.00249269
0.00218439
0.001634
0.000826293
-0.000251464
-0.00160883
-0.00325158
-0.00518115
-0.00739404
-0.00988141
-0.0126286
-0.0156148
-0.0188128
-0.0221887
-0.025702
-0.0293051
-0.0329439
-0.0365575
-0.0400787
-0.0434337
-0.0465429
-0.0493208
-0.0516765
-0.0535141
-0.0547327
-0.0552271
-0.0548952
-0.0536044
-0.0512348
-0.0476851
-0.0428147
-0.0364887
-0.028566
-0.0188958
-0.00731502
0.00635667
0.0223241
0.040828
0.0621623
0.0867004
0.114937
0.147553
0.185519
0.230258
0.283862
0.34942
0.430813
0.532418
0.641346
0.783726
-0.344592
-0.21749
-0.148716
-0.0997305
-0.0676464
-0.0472237
-0.0339535
-0.0250633
-0.0189202
-0.0145297
-0.0112753
-0.00876881
-0.00676272
-0.0050974
-0.00367026
-0.00241662
-0.00129757
-0.000292206
0.000607626
0.0014009
0.00207996
0.00263237
0.00304241
0.00329216
0.00336254
0.00323414
0.00288802
0.00230643
0.00147352
0.000375992
-0.000996243
-0.00264947
-0.00458562
-0.00680168
-0.0092893
-0.0120343
-0.0150164
-0.0182088
-0.0215783
-0.0250845
-0.0286807
-0.0323131
-0.0359213
-0.0394384
-0.0427911
-0.0459
-0.0486801
-0.0510408
-0.0528862
-0.0541149
-0.0546244
-0.054319
-0.0530451
-0.0506936
-0.0471741
-0.0423354
-0.0360428
-0.028155
-0.0185197
-0.00697196
0.00667181
0.0226214
0.0411251
0.0624892
0.087107
0.115507
0.148429
0.186953
0.232728
0.288326
0.357926
0.44787
0.567572
0.711858
0.928659
-0.476791
-0.247081
-0.149211
-0.0927426
-0.0589389
-0.0390452
-0.026888
-0.019093
-0.0138861
-0.0102641
-0.00763298
-0.00563277
-0.0040403
-0.00271556
-0.00157107
-0.000553675
0.000366687
0.00120411
0.00196145
0.00263352
0.00320938
0.00367397
0.0040094
0.00419602
0.00421329
0.00404057
0.00365786
0.00304646
0.00218969
0.00107349
-0.000312949
-0.0019766
-0.00392004
-0.0061409
-0.00863144
-0.0113781
-0.0143612
-0.0175545
-0.0209254
-0.0244341
-0.0280342
-0.0316727
-0.0352894
-0.038818
-0.0421856
-0.0453131
-0.0481158
-0.0505032
-0.0523798
-0.0536429
-0.0542008
-0.0539507
-0.0527093
-0.0504142
-0.0469629
-0.0421939
-0.0359755
-0.0281671
-0.0186164
-0.00715765
0.00639336
0.022248
0.0406573
0.0619316
0.0864719
0.11482
0.147741
0.186371
0.232482
0.288971
0.36091
0.45715
0.593763
0.786301
1.13326
-0.712799
-0.269458
-0.13275
-0.0755564
-0.0444069
-0.0273959
-0.0176979
-0.0117669
-0.00794656
-0.00536825
-0.00353627
-0.00215867
-0.0010593
-0.000130705
0.000691674
0.00144455
0.00214597
0.00280106
0.00340592
0.00395016
0.00441876
0.00479343
0.0050537
0.00517776
0.00514331
0.00492817
0.00451103
0.00387203
0.00299343
0.00186017
0.000460551
-0.00121328
-0.00316471
-0.00539218
-0.00788871
-0.0106415
-0.0136315
-0.0168333
-0.0202147
-0.0237367
-0.0273536
-0.0310125
-0.034654
-0.0382121
-0.0416143
-0.0447819
-0.0476304
-0.0500694
-0.0520031
-0.053331
-0.0539809
-0.0537915
-0.0526181
-0.0504276
-0.0470794
-0.0424197
-0.0363184
-0.0286361
-0.0192213
-0.00790937
0.00548258
0.0211639
0.0393827
0.0604453
0.0847463
0.112818
0.145413
0.183649
0.229284
0.285261
0.356994
0.455078
0.602615
0.8563
1.45279
-1.05505
-0.277506
-0.107029
-0.0552944
-0.0287707
-0.015603
-0.00877731
-0.00485526
-0.00245402
-0.000906052
0.00015766
0.000948449
0.00159024
0.00215587
0.00268631
0.00320179
0.00370847
0.00420285
0.00467449
0.00510806
0.0054847
0.00578307
0.00598026
0.00605247
0.00597568
0.00572631
0.00528176
0.00462107
0.00372547
0.00257897
0.00116896
-0.000513222
-0.00247178
-0.00470591
-0.00720937
-0.00997004
-0.0129696
-0.0161831
-0.0195791
-0.0231191
-0.0267577
-0.0304428
-0.0341152
-0.0377092
-0.0411526
-0.0443671
-0.0472682
-0.0497658
-0.0517619
-0.053172
-0.0539103
-0.0537732
-0.0527002
-0.0506157
-0.0473734
-0.0428285
-0.0368509
-0.0293018
-0.020031
-0.0088756
0.0043447
0.0198356
0.0378397
0.058655
0.082663
0.110375
0.142509
0.180125
0.22488
0.279566
0.349469
0.446145
0.597631
0.904153
1.85613
)
;

boundaryField
{
    movingWall
    {
        type            zeroGradient;
    }
    fixedWalls
    {
        type            zeroGradient;
    }
    frontAndBack
    {
        type            empty;
    }
}


// ************************************************************************* //
