/*--------------------------------*- C++ -*----------------------------------*\
  =========                 |
  \\      /  F ield         | OpenFOAM: The Open Source CFD Toolbox
   \\    /   O peration     | Website:  https://openfoam.org
    \\  /    A nd           | Version:  12
     \\/     M anipulation  |
\*---------------------------------------------------------------------------*/
FoamFile
{
    format      ascii;
    class       volScalarField;
    location    "2";
    object      nut;
}
// * * * * * * * * * * * * * * * * * * * * * * * * * * * * * * * * * * * * * //

dimensions      [0 2 -1 0 0 0 0];

internalField   nonuniform List<scalar> 
5625
(
2.70693e-14
1.82765e-13
4.04532e-13
6.63706e-13
9.44774e-13
1.2366e-12
1.5305e-12
1.81973e-12
2.09942e-12
2.36658e-12
2.62005e-12
2.86052e-12
3.09041e-12
3.31374e-12
3.53598e-12
3.76383e-12
4.00503e-12
4.26807e-12
4.56201e-12
4.89619e-12
5.28e-12
5.72262e-12
6.23282e-12
6.8187e-12
7.48757e-12
8.24578e-12
9.09867e-12
1.00506e-11
1.11048e-11
1.2264e-11
1.353e-11
1.49044e-11
1.63885e-11
1.79835e-11
1.96907e-11
2.15114e-11
2.34465e-11
2.54971e-11
2.76635e-11
2.99451e-11
3.23404e-11
3.4846e-11
3.74564e-11
4.0163e-11
4.29538e-11
4.58116e-11
4.87133e-11
5.16284e-11
5.45176e-11
5.73315e-11
6.00088e-11
6.24757e-11
6.4644e-11
6.64049e-11
6.75913e-11
6.81194e-11
6.81272e-11
6.72468e-11
6.54344e-11
6.26802e-11
5.90101e-11
5.45044e-11
4.93051e-11
4.36106e-11
3.76587e-11
3.17021e-11
2.59783e-11
2.06835e-11
1.59531e-11
1.18556e-11
8.39721e-12
5.53921e-12
3.22441e-12
1.41832e-12
2.08954e-13
8.17914e-13
2.66222e-11
6.64189e-11
1.11744e-10
1.60443e-10
2.108e-10
2.61394e-10
3.11096e-10
3.59085e-10
4.04852e-10
4.48206e-10
4.8927e-10
5.28463e-10
5.66481e-10
6.04264e-10
6.42963e-10
6.83896e-10
7.28525e-10
7.78398e-10
8.35108e-10
9.00251e-10
9.75385e-10
1.06199e-09
1.16142e-09
1.27491e-09
1.40348e-09
1.54802e-09
1.70919e-09
1.88752e-09
2.08337e-09
2.29699e-09
2.52856e-09
2.77824e-09
3.04616e-09
3.33244e-09
3.63724e-09
3.96069e-09
4.3029e-09
4.66391e-09
5.04366e-09
5.44192e-09
5.85822e-09
6.29182e-09
6.74153e-09
7.20562e-09
7.68162e-09
8.16614e-09
8.65463e-09
9.14112e-09
9.61793e-09
1.00754e-08
1.05018e-08
1.08825e-08
1.11999e-08
1.14239e-08
1.15284e-08
1.15534e-08
1.14241e-08
1.11346e-08
1.0682e-08
1.00689e-08
9.30801e-09
8.42313e-09
7.44876e-09
6.42692e-09
5.40258e-09
4.4182e-09
3.50867e-09
2.69789e-09
1.99744e-09
1.40766e-09
9.20408e-10
5.23061e-10
2.0491e-10
6.31057e-12
1.73529e-12
1.41996e-10
4.53196e-10
8.14981e-10
1.19901e-09
1.59273e-09
1.98608e-09
2.37087e-09
2.74103e-09
3.09282e-09
3.42491e-09
3.73834e-09
4.03645e-09
4.32467e-09
4.61029e-09
4.90219e-09
5.21051e-09
5.54638e-09
5.92153e-09
6.34798e-09
6.83766e-09
7.40209e-09
8.05207e-09
8.79739e-09
9.64658e-09
1.06067e-08
1.16834e-08
1.28808e-08
1.42014e-08
1.56469e-08
1.72178e-08
1.89144e-08
2.07364e-08
2.26838e-08
2.47567e-08
2.69552e-08
2.92799e-08
3.17314e-08
3.43102e-08
3.70165e-08
3.98497e-08
4.28085e-08
4.589e-08
4.90891e-08
5.23975e-08
5.58025e-08
5.92854e-08
6.28195e-08
6.63686e-08
6.98836e-08
7.33003e-08
7.65369e-08
7.94926e-08
8.20516e-08
8.39748e-08
8.49793e-08
8.55463e-08
8.49309e-08
8.3096e-08
7.99962e-08
7.56265e-08
7.0063e-08
6.3479e-08
5.61413e-08
4.83859e-08
4.05781e-08
3.30655e-08
2.61329e-08
1.9972e-08
1.46703e-08
1.02194e-08
6.53663e-09
3.50084e-09
1.08572e-09
1.33492e-11
2.83426e-12
3.31794e-10
1.35104e-09
2.6729e-09
4.09157e-09
5.53851e-09
6.97481e-09
8.37152e-09
9.7076e-09
1.09703e-08
1.21553e-08
1.32671e-08
1.43179e-08
1.53277e-08
1.63228e-08
1.7335e-08
1.84003e-08
1.95579e-08
2.08485e-08
2.23134e-08
2.39931e-08
2.59259e-08
2.81468e-08
3.06865e-08
3.35705e-08
3.68186e-08
4.04446e-08
4.44567e-08
4.88578e-08
5.36464e-08
5.88185e-08
6.43685e-08
7.02909e-08
7.6581e-08
8.32355e-08
9.02537e-08
9.76371e-08
1.0539e-07
1.13516e-07
1.22025e-07
1.30921e-07
1.40213e-07
1.49906e-07
1.6e-07
1.70489e-07
1.81353e-07
1.92554e-07
2.0403e-07
2.15688e-07
2.2739e-07
2.38942e-07
2.50085e-07
2.60473e-07
2.69938e-07
2.77254e-07
2.81455e-07
2.84636e-07
2.83741e-07
2.78654e-07
2.69163e-07
2.55184e-07
2.36925e-07
2.14956e-07
1.90195e-07
1.63827e-07
1.37156e-07
1.11433e-07
8.76838e-08
6.65968e-08
4.84741e-08
3.32587e-08
2.06228e-08
1.01961e-08
2.5208e-09
2.16762e-11
4.07939e-12
5.58083e-10
2.72098e-09
5.94969e-09
9.56404e-09
1.32754e-08
1.69486e-08
2.05008e-08
2.3877e-08
2.7045e-08
2.99952e-08
3.27395e-08
3.53102e-08
3.7758e-08
4.01491e-08
4.25625e-08
4.5087e-08
4.78174e-08
5.08514e-08
5.42861e-08
5.82146e-08
6.27227e-08
6.78863e-08
7.37684e-08
8.04177e-08
8.78677e-08
9.6136e-08
1.05226e-07
1.15128e-07
1.25825e-07
1.37291e-07
1.49505e-07
1.62445e-07
1.76095e-07
1.90447e-07
2.05503e-07
2.21275e-07
2.37782e-07
2.55055e-07
2.73129e-07
2.92046e-07
3.11847e-07
3.3258e-07
3.54283e-07
3.76977e-07
4.00654e-07
4.25267e-07
4.50709e-07
4.76801e-07
5.03254e-07
5.29642e-07
5.55368e-07
5.79613e-07
6.02371e-07
6.19829e-07
6.30337e-07
6.38897e-07
6.38006e-07
6.2743e-07
6.06801e-07
5.75878e-07
5.35121e-07
4.85812e-07
4.30025e-07
3.70436e-07
3.10003e-07
2.51575e-07
1.97508e-07
1.4939e-07
1.07918e-07
7.29527e-08
4.37859e-08
2.00249e-08
4.20178e-09
3.0931e-11
5.44583e-12
8.03805e-10
4.41974e-09
1.05532e-08
1.78476e-08
2.54887e-08
3.30781e-08
4.03953e-08
4.73086e-08
5.37459e-08
5.96861e-08
6.51544e-08
7.0218e-08
7.49812e-08
7.95789e-08
8.41698e-08
8.89296e-08
9.40436e-08
9.96993e-08
1.06079e-07
1.13354e-07
1.21677e-07
1.31175e-07
1.4195e-07
1.54072e-07
1.67578e-07
1.82477e-07
1.98749e-07
2.16353e-07
2.35234e-07
2.55332e-07
2.76597e-07
2.99009e-07
3.2253e-07
3.47157e-07
3.72913e-07
3.99842e-07
4.28009e-07
4.57498e-07
4.88405e-07
5.20838e-07
5.54897e-07
5.90708e-07
6.2837e-07
6.67951e-07
7.09464e-07
7.52836e-07
7.97882e-07
8.44279e-07
8.91488e-07
9.38707e-07
9.84827e-07
1.02825e-06
1.06875e-06
1.09972e-06
1.1179e-06
1.13231e-06
1.12983e-06
1.10987e-06
1.07211e-06
1.01642e-06
9.43755e-07
8.56458e-07
7.58132e-07
6.5334e-07
5.47082e-07
4.44179e-07
3.48648e-07
2.63236e-07
1.89188e-07
1.26334e-07
7.37098e-08
3.16544e-08
5.97698e-09
4.08339e-11
6.91761e-12
1.06365e-09
6.32556e-09
1.62044e-08
2.87281e-08
4.22302e-08
5.57725e-08
6.88375e-08
8.11279e-08
9.2488e-08
1.0287e-07
1.12315e-07
1.20944e-07
1.28943e-07
1.3655e-07
1.44043e-07
1.51726e-07
1.59911e-07
1.68913e-07
1.79029e-07
1.90531e-07
2.03653e-07
2.18583e-07
2.3546e-07
2.54368e-07
2.75345e-07
2.98369e-07
3.23381e-07
3.50294e-07
3.79009e-07
4.09417e-07
4.41437e-07
4.74998e-07
5.10097e-07
5.46759e-07
5.85051e-07
6.25079e-07
6.66985e-07
7.1094e-07
7.5714e-07
8.05793e-07
8.57128e-07
9.1132e-07
9.68533e-07
1.02887e-06
1.09234e-06
1.15881e-06
1.22793e-06
1.29904e-06
1.37111e-06
1.44268e-06
1.51177e-06
1.57597e-06
1.63344e-06
1.67762e-06
1.70102e-06
1.71707e-06
1.70791e-06
1.67203e-06
1.6101e-06
1.52245e-06
1.41084e-06
1.27887e-06
1.13173e-06
9.75852e-07
8.18163e-07
6.65345e-07
5.23e-07
3.95018e-07
2.83231e-07
1.87558e-07
1.07147e-07
4.39848e-08
7.78582e-09
5.11818e-11
8.48455e-12
1.33608e-09
8.36642e-09
2.26125e-08
4.17537e-08
6.30656e-08
8.47491e-08
1.05746e-07
1.25451e-07
1.43549e-07
1.59931e-07
1.74653e-07
1.87907e-07
1.9999e-07
2.11286e-07
2.22236e-07
2.33316e-07
2.45013e-07
2.57802e-07
2.7213e-07
2.88391e-07
3.06918e-07
3.27965e-07
3.51705e-07
3.78223e-07
4.07528e-07
4.39566e-07
4.74228e-07
5.11372e-07
5.50848e-07
5.92532e-07
6.3631e-07
6.82117e-07
7.2997e-07
7.79942e-07
8.32169e-07
8.86839e-07
9.44188e-07
1.00449e-06
1.06804e-06
1.13515e-06
1.20613e-06
1.28123e-06
1.36064e-06
1.44444e-06
1.53255e-06
1.6246e-06
1.71989e-06
1.81725e-06
1.91494e-06
2.01065e-06
2.1014e-06
2.18371e-06
2.25377e-06
2.30433e-06
2.32834e-06
2.33846e-06
2.31557e-06
2.25659e-06
2.16431e-06
2.03979e-06
1.88576e-06
1.70699e-06
1.51007e-06
1.30292e-06
1.09401e-06
8.91531e-07
7.02361e-07
5.31346e-07
3.80854e-07
2.50997e-07
1.414e-07
5.63527e-08
9.60037e-09
6.18302e-11
1.01402e-11
1.62072e-09
1.05066e-08
2.95572e-08
5.64354e-08
8.732e-08
1.19262e-07
1.50381e-07
1.79569e-07
2.06236e-07
2.30157e-07
2.51392e-07
2.70216e-07
2.87077e-07
3.02548e-07
3.17286e-07
3.31989e-07
3.47364e-07
3.64088e-07
3.82779e-07
4.0398e-07
4.28135e-07
4.55572e-07
4.86505e-07
5.21027e-07
5.59119e-07
6.00683e-07
6.45554e-07
6.93536e-07
7.44433e-07
7.98084e-07
8.54369e-07
9.13243e-07
9.74755e-07
1.03904e-06
1.1063e-06
1.17683e-06
1.25094e-06
1.32901e-06
1.41143e-06
1.49859e-06
1.59086e-06
1.6885e-06
1.79167e-06
1.90033e-06
2.01414e-06
2.13234e-06
2.25365e-06
2.37614e-06
2.49717e-06
2.61339e-06
2.72073e-06
2.81462e-06
2.89003e-06
2.93924e-06
2.95356e-06
2.95217e-06
2.90903e-06
2.82124e-06
2.69477e-06
2.53154e-06
2.33507e-06
2.11106e-06
1.86709e-06
1.61213e-06
1.35575e-06
1.10721e-06
8.74397e-07
6.62908e-07
4.75574e-07
3.12759e-07
1.74765e-07
6.8414e-08
1.14049e-08
7.26837e-11
1.18806e-11
1.91752e-09
1.27307e-08
3.68965e-08
7.23625e-08
1.14294e-07
1.58378e-07
2.01644e-07
2.42254e-07
2.792e-07
3.1207e-07
3.40902e-07
3.66073e-07
3.88216e-07
4.0814e-07
4.26771e-07
4.45086e-07
4.64058e-07
4.84614e-07
5.07586e-07
5.33689e-07
5.6349e-07
5.97403e-07
6.35679e-07
6.78415e-07
7.25565e-07
7.76984e-07
8.3245e-07
8.91713e-07
9.5453e-07
1.02071e-06
1.09013e-06
1.16275e-06
1.23868e-06
1.3181e-06
1.40128e-06
1.48859e-06
1.58043e-06
1.67726e-06
1.77954e-06
1.88771e-06
2.00214e-06
2.12306e-06
2.25047e-06
2.38407e-06
2.52309e-06
2.66616e-06
2.81121e-06
2.95538e-06
3.09499e-06
3.22565e-06
3.34236e-06
3.43972e-06
3.51215e-06
3.55266e-06
3.54853e-06
3.52789e-06
3.46284e-06
3.34287e-06
3.18096e-06
2.97974e-06
2.74324e-06
2.47771e-06
2.19131e-06
1.89363e-06
1.59494e-06
1.30524e-06
1.03318e-06
7.85012e-07
5.63997e-07
3.70791e-07
2.06386e-07
8.00168e-08
1.31894e-08
8.36966e-11
1.37038e-11
2.22662e-09
1.50339e-08
4.45496e-08
8.92395e-08
1.4339e-07
2.01192e-07
2.58351e-07
3.12081e-07
3.60798e-07
4.03819e-07
4.41131e-07
4.73223e-07
5.00951e-07
5.25418e-07
5.47876e-07
5.69638e-07
5.91999e-07
6.16176e-07
6.43247e-07
6.74122e-07
7.09512e-07
7.49918e-07
7.95631e-07
8.46747e-07
9.03194e-07
9.64769e-07
1.03119e-06
1.10215e-06
1.17735e-06
1.25657e-06
1.33967e-06
1.42664e-06
1.51759e-06
1.61276e-06
1.71249e-06
1.81719e-06
1.92735e-06
2.04347e-06
2.16607e-06
2.2956e-06
2.43236e-06
2.57645e-06
2.72761e-06
2.8851e-06
3.04753e-06
3.21273e-06
3.37769e-06
3.53853e-06
3.69061e-06
3.82866e-06
3.94706e-06
4.0401e-06
4.10219e-06
4.12715e-06
4.10081e-06
4.05285e-06
3.96578e-06
3.81425e-06
3.61743e-06
3.38044e-06
3.10741e-06
2.80482e-06
2.48106e-06
2.14596e-06
1.81017e-06
1.48421e-06
1.17732e-06
8.96352e-07
6.45044e-07
4.24384e-07
2.35981e-07
9.11203e-08
1.49528e-08
9.48243e-11
1.56088e-11
2.54828e-09
1.74162e-08
5.24768e-08
1.06879e-07
1.74154e-07
2.46937e-07
3.19422e-07
3.87673e-07
4.49384e-07
5.03509e-07
5.4996e-07
5.8935e-07
6.22799e-07
6.51758e-07
6.77868e-07
7.02836e-07
7.2833e-07
7.55894e-07
7.86887e-07
8.2243e-07
8.63387e-07
9.10347e-07
9.63641e-07
1.02336e-06
1.08938e-06
1.16145e-06
1.23921e-06
1.32228e-06
1.41031e-06
1.50302e-06
1.60026e-06
1.70202e-06
1.80842e-06
1.91973e-06
2.03633e-06
2.15869e-06
2.28736e-06
2.42288e-06
2.56578e-06
2.71648e-06
2.87516e-06
3.04167e-06
3.21534e-06
3.39482e-06
3.57795e-06
3.76164e-06
3.94188e-06
4.11386e-06
4.27213e-06
4.41092e-06
4.52437e-06
4.60687e-06
4.65329e-06
4.65796e-06
4.60718e-06
4.5312e-06
4.41498e-06
4.23899e-06
4.00845e-06
3.73827e-06
3.43221e-06
3.09669e-06
2.74009e-06
2.37223e-06
2.00389e-06
1.64588e-06
1.30797e-06
9.97593e-07
7.1902e-07
4.73642e-07
2.63606e-07
1.01746e-07
1.66973e-08
1.06056e-10
1.75962e-11
2.88284e-09
1.98806e-08
6.06648e-08
1.25174e-07
2.06279e-07
2.95032e-07
3.83972e-07
4.67844e-07
5.43486e-07
6.09417e-07
6.65448e-07
7.12335e-07
7.51505e-07
7.84813e-07
8.14351e-07
8.42273e-07
8.70667e-07
9.01442e-07
9.36254e-07
9.76449e-07
1.02304e-06
1.07672e-06
1.13782e-06
1.20643e-06
1.28237e-06
1.3653e-06
1.45479e-06
1.55036e-06
1.6516e-06
1.75816e-06
1.86986e-06
1.98666e-06
2.1087e-06
2.23627e-06
2.36978e-06
2.50976e-06
2.65679e-06
2.81146e-06
2.97428e-06
3.14559e-06
3.32538e-06
3.51312e-06
3.7076e-06
3.90673e-06
4.10746e-06
4.30573e-06
4.49665e-06
4.67463e-06
4.83374e-06
4.96802e-06
5.07176e-06
5.13971e-06
5.16737e-06
5.14909e-06
5.07304e-06
4.97078e-06
4.82235e-06
4.62371e-06
4.36378e-06
4.06247e-06
3.72606e-06
3.36074e-06
2.97473e-06
2.57765e-06
2.18023e-06
1.79346e-06
1.42749e-06
1.09035e-06
7.86932e-07
5.19104e-07
2.89489e-07
1.11947e-07
1.84272e-08
1.17403e-10
1.96672e-11
3.23073e-09
2.24313e-08
6.91159e-08
1.44079e-07
2.39575e-07
3.45072e-07
4.51334e-07
5.51653e-07
6.41901e-07
7.20104e-07
7.85959e-07
8.40391e-07
8.8518e-07
9.22645e-07
9.55381e-07
9.86042e-07
1.01717e-06
1.05107e-06
1.08971e-06
1.13465e-06
1.18707e-06
1.2477e-06
1.31693e-06
1.39477e-06
1.481e-06
1.57517e-06
1.67675e-06
1.78516e-06
1.89988e-06
2.02051e-06
2.1468e-06
2.2787e-06
2.41634e-06
2.56002e-06
2.71021e-06
2.86748e-06
3.03248e-06
3.20582e-06
3.38798e-06
3.57916e-06
3.77906e-06
3.98669e-06
4.20015e-06
4.41653e-06
4.63185e-06
4.8412e-06
5.03893e-06
5.21896e-06
5.37516e-06
5.50168e-06
5.59311e-06
5.64475e-06
5.65266e-06
5.61061e-06
5.51007e-06
5.3836e-06
5.20405e-06
4.97715e-06
4.69599e-06
4.36439e-06
3.99902e-06
3.6056e-06
3.19218e-06
2.76809e-06
2.34387e-06
1.93055e-06
1.53859e-06
1.17657e-06
8.50063e-07
5.61499e-07
3.13928e-07
1.21794e-07
2.01488e-08
1.2889e-10
2.18239e-11
3.59249e-09
2.50734e-08
7.78417e-08
1.63581e-07
2.73949e-07
3.96807e-07
5.21048e-07
6.38406e-07
7.43706e-07
8.34441e-07
9.10198e-07
9.72103e-07
1.02234e-06
1.06375e-06
1.09948e-06
1.13272e-06
1.16651e-06
1.20356e-06
1.24613e-06
1.29602e-06
1.35453e-06
1.42246e-06
1.50017e-06
1.58764e-06
1.68452e-06
1.79027e-06
1.90422e-06
2.02568e-06
2.15403e-06
2.28877e-06
2.4296e-06
2.57643e-06
2.7294e-06
2.88884e-06
3.05528e-06
3.22937e-06
3.41181e-06
3.60326e-06
3.80413e-06
4.01444e-06
4.2335e-06
4.45977e-06
4.69058e-06
4.92216e-06
5.14967e-06
5.36747e-06
5.56944e-06
5.74922e-06
5.9007e-06
6.01828e-06
6.09696e-06
6.13247e-06
6.12134e-06
6.05619e-06
5.93265e-06
5.78319e-06
5.57486e-06
5.31667e-06
5.01537e-06
4.65602e-06
4.2615e-06
3.84006e-06
3.39967e-06
2.94934e-06
2.49936e-06
2.06069e-06
1.64394e-06
1.2582e-06
9.09719e-07
6.0159e-07
3.37246e-07
1.31363e-07
2.18689e-08
1.40555e-10
2.40687e-11
3.96871e-09
2.78127e-08
8.68598e-08
1.83697e-07
3.09372e-07
4.50102e-07
5.9282e-07
7.27624e-07
8.48234e-07
9.51592e-07
1.03719e-06
1.10641e-06
1.16188e-06
1.20701e-06
1.24557e-06
1.28131e-06
1.31778e-06
1.35807e-06
1.40479e-06
1.45991e-06
1.52486e-06
1.60046e-06
1.68704e-06
1.78448e-06
1.89235e-06
2.00994e-06
2.13646e-06
2.27107e-06
2.41303e-06
2.56175e-06
2.71687e-06
2.87827e-06
3.04612e-06
3.22081e-06
3.40296e-06
3.59333e-06
3.7927e-06
4.00177e-06
4.22086e-06
4.44973e-06
4.68727e-06
4.93127e-06
5.17829e-06
5.42372e-06
5.66198e-06
5.88687e-06
6.09207e-06
6.27114e-06
6.41802e-06
6.5274e-06
6.59459e-06
6.61568e-06
6.58753e-06
6.50088e-06
6.35629e-06
6.18584e-06
5.95003e-06
5.66006e-06
5.3311e-06
4.9492e-06
4.52361e-06
4.07254e-06
3.60406e-06
3.12684e-06
2.6509e-06
2.18707e-06
1.74595e-06
1.33699e-06
9.67104e-07
6.40089e-07
3.59761e-07
1.4073e-07
2.35948e-08
1.52436e-10
2.64051e-11
4.36004e-09
3.06554e-08
9.61908e-08
2.04458e-07
3.45862e-07
5.04903e-07
6.66488e-07
8.19003e-07
9.55032e-07
1.07097e-06
1.16625e-06
1.24254e-06
1.30301e-06
1.35167e-06
1.39292e-06
1.43114e-06
1.47037e-06
1.51411e-06
1.56524e-06
1.62594e-06
1.6977e-06
1.78135e-06
1.87716e-06
1.98491e-06
2.10401e-06
2.23362e-06
2.37276e-06
2.52046e-06
2.67585e-06
2.83824e-06
3.00724e-06
3.18272e-06
3.36489e-06
3.55426e-06
3.75158e-06
3.95775e-06
4.17368e-06
4.40008e-06
4.63718e-06
4.88441e-06
5.14013e-06
5.40149e-06
5.6637e-06
5.92216e-06
6.17117e-06
6.40375e-06
6.6131e-06
6.79274e-06
6.93684e-06
7.04029e-06
7.09854e-06
7.1078e-06
7.06507e-06
6.95848e-06
6.79408e-06
6.60398e-06
6.3407e-06
6.02148e-06
5.65767e-06
5.25242e-06
4.79487e-06
4.31093e-06
3.81169e-06
3.30555e-06
2.80228e-06
2.31249e-06
1.84669e-06
1.41446e-06
1.02326e-06
6.77626e-07
3.81758e-07
1.49966e-07
2.53335e-08
1.64578e-10
2.88367e-11
4.76723e-09
3.36079e-08
1.05858e-07
2.25908e-07
3.83464e-07
5.61223e-07
7.41986e-07
9.12372e-07
1.06381e-06
1.19218e-06
1.2969e-06
1.37999e-06
1.44518e-06
1.49718e-06
1.54106e-06
1.58179e-06
1.62392e-06
1.67136e-06
1.72723e-06
1.79387e-06
1.87282e-06
1.96488e-06
2.07025e-06
2.18855e-06
2.31905e-06
2.46071e-06
2.61241e-06
2.77299e-06
2.94148e-06
3.11711e-06
3.29944e-06
3.48841e-06
3.68432e-06
3.88783e-06
4.09987e-06
4.32156e-06
4.55392e-06
4.79768e-06
5.05294e-06
5.31879e-06
5.59282e-06
5.87051e-06
6.14945e-06
6.42268e-06
6.68332e-06
6.92476e-06
7.14024e-06
7.32325e-06
7.46771e-06
7.56858e-06
7.62121e-06
7.62171e-06
7.56693e-06
7.44226e-06
7.25915e-06
7.04925e-06
6.7582e-06
6.40974e-06
6.00932e-06
5.57203e-06
5.08417e-06
4.5625e-06
4.02845e-06
3.49005e-06
2.95688e-06
2.43944e-06
1.94793e-06
1.49186e-06
1.07907e-06
7.14732e-07
4.03483e-07
1.59133e-07
2.7091e-08
1.77021e-10
3.13677e-11
5.19107e-09
3.66772e-08
1.15886e-07
2.48097e-07
4.22243e-07
6.19112e-07
8.19315e-07
1.00766e-06
1.17442e-06
1.31498e-06
1.42883e-06
1.5184e-06
1.58807e-06
1.64324e-06
1.68969e-06
1.73301e-06
1.77824e-06
1.82965e-06
1.8906e-06
1.96354e-06
2.05004e-06
2.15084e-06
2.26601e-06
2.39503e-06
2.53697e-06
2.69062e-06
2.85465e-06
3.02779e-06
3.20892e-06
3.39723e-06
3.59231e-06
3.79416e-06
4.00325e-06
4.22047e-06
4.447e-06
4.68417e-06
4.93317e-06
5.19475e-06
5.46879e-06
5.75346e-06
6.04568e-06
6.34359e-06
6.64007e-06
6.92909e-06
7.20363e-06
7.45687e-06
7.68223e-06
7.87212e-06
8.02095e-06
8.12323e-06
8.17397e-06
8.16889e-06
8.10441e-06
7.96379e-06
7.76429e-06
7.5325e-06
7.2135e-06
6.83359e-06
6.397e-06
5.91824e-06
5.39773e-06
4.83396e-06
4.25978e-06
3.68461e-06
3.11787e-06
2.57011e-06
2.05119e-06
1.57026e-06
1.13524e-06
7.51844e-07
4.25136e-07
1.68285e-07
2.88727e-08
1.89801e-10
3.40026e-11
5.63239e-09
3.98705e-08
1.263e-07
2.71076e-07
4.62276e-07
6.7865e-07
8.98521e-07
1.10484e-06
1.28676e-06
1.43923e-06
1.56186e-06
1.65757e-06
1.73144e-06
1.78964e-06
1.83864e-06
1.88466e-06
1.9332e-06
1.98888e-06
2.05525e-06
2.13484e-06
2.2292e-06
2.339e-06
2.46414e-06
2.60393e-06
2.75725e-06
2.92269e-06
3.09874e-06
3.28397e-06
3.4772e-06
3.6776e-06
3.8848e-06
4.09898e-06
4.32084e-06
4.55154e-06
4.79258e-06
5.04556e-06
5.31181e-06
5.59205e-06
5.88546e-06
6.18996e-06
6.50438e-06
6.82276e-06
7.13903e-06
7.44664e-06
7.73866e-06
8.00849e-06
8.24711e-06
8.44822e-06
8.60589e-06
8.7138e-06
8.76642e-06
8.75882e-06
8.68695e-06
8.5321e-06
8.31715e-06
8.06241e-06
7.71464e-06
7.30119e-06
6.82638e-06
6.30122e-06
5.74007e-06
5.13151e-06
4.51077e-06
3.89328e-06
3.28825e-06
2.70659e-06
2.15783e-06
1.65052e-06
1.19235e-06
7.89308e-07
4.46874e-07
1.77473e-07
3.06823e-08
2.0295e-10
3.67463e-11
6.09206e-09
4.31951e-08
1.37127e-07
2.94903e-07
5.03648e-07
7.39927e-07
9.79678e-07
1.20397e-06
1.40083e-06
1.56487e-06
1.69588e-06
1.79739e-06
1.8752e-06
1.93628e-06
1.98784e-06
2.03668e-06
2.08877e-06
2.14901e-06
2.22111e-06
2.30766e-06
2.41014e-06
2.5291e-06
2.66429e-06
2.81482e-06
2.97934e-06
3.15625e-06
3.34389e-06
3.5407e-06
3.74544e-06
3.95731e-06
4.17609e-06
4.40216e-06
4.63655e-06
4.88076e-06
5.13667e-06
5.40614e-06
5.69066e-06
5.99066e-06
6.30454e-06
6.63281e-06
6.97029e-06
7.31177e-06
7.65089e-06
7.98126e-06
8.29595e-06
8.58507e-06
8.84163e-06
9.05914e-06
9.2302e-06
9.34785e-06
9.4058e-06
9.39845e-06
9.32119e-06
9.15321e-06
8.92252e-06
8.64438e-06
8.26685e-06
7.81772e-06
7.30194e-06
6.72831e-06
6.11643e-06
5.46025e-06
4.78609e-06
4.11997e-06
3.47099e-06
2.85092e-06
2.26913e-06
1.73344e-06
1.25086e-06
8.27398e-07
4.68809e-07
1.86744e-07
3.25229e-08
2.16492e-10
3.96047e-11
6.57091e-09
4.66586e-08
1.48395e-07
3.19636e-07
5.46446e-07
8.03047e-07
1.06288e-06
1.30509e-06
1.51665e-06
1.69187e-06
1.83086e-06
1.93778e-06
2.01927e-06
2.08311e-06
2.13724e-06
2.18904e-06
2.2449e-06
2.30998e-06
2.3881e-06
2.48186e-06
2.59265e-06
2.72087e-06
2.86609e-06
3.0272e-06
3.20265e-06
3.39065e-06
3.58937e-06
3.79719e-06
4.01284e-06
4.23563e-06
4.46553e-06
4.70325e-06
4.95016e-06
5.20823e-06
5.47969e-06
5.76675e-06
6.07107e-06
6.39133e-06
6.73018e-06
7.08333e-06
7.44662e-06
7.81444e-06
8.18092e-06
8.53921e-06
8.87857e-06
9.19206e-06
9.47217e-06
9.7107e-06
9.89943e-06
1.00305e-05
1.00968e-05
1.0092e-05
1.00109e-05
9.83043e-06
9.58306e-06
9.28134e-06
8.87289e-06
8.38603e-06
7.82625e-06
7.20236e-06
6.53454e-06
5.82338e-06
5.09e-06
4.36841e-06
3.66903e-06
3.00516e-06
2.38639e-06
1.81973e-06
1.3112e-06
8.66338e-07
4.91001e-07
1.96158e-07
3.43956e-08
2.30442e-10
4.25844e-11
7.06978e-09
5.02691e-08
1.60131e-07
3.45337e-07
5.90762e-07
8.68114e-07
1.14822e-06
1.40827e-06
1.63424e-06
1.82024e-06
1.96677e-06
2.07874e-06
2.16364e-06
2.23012e-06
2.28684e-06
2.34173e-06
2.40158e-06
2.47174e-06
2.55612e-06
2.65727e-06
2.77648e-06
2.91398e-06
3.06912e-06
3.24058e-06
3.4266e-06
3.62522e-06
3.83449e-06
4.05273e-06
4.27875e-06
4.512e-06
4.75275e-06
5.00206e-06
5.26179e-06
5.53435e-06
5.82241e-06
6.12846e-06
6.45277e-06
6.79856e-06
7.16337e-06
7.54422e-06
7.93655e-06
8.33532e-06
8.7341e-06
9.12158e-06
9.49118e-06
9.8346e-06
1.01428e-05
1.04067e-05
1.06168e-05
1.07645e-05
1.08415e-05
1.0841e-05
1.0757e-05
1.05646e-05
1.02991e-05
9.97372e-06
9.53333e-06
9.00706e-06
8.40113e-06
7.72478e-06
6.99808e-06
6.22421e-06
5.42614e-06
4.64206e-06
3.88528e-06
3.17143e-06
2.51095e-06
1.91016e-06
1.37375e-06
9.06327e-07
5.13535e-07
2.05743e-07
3.63009e-08
2.44812e-10
4.56906e-11
7.58986e-09
5.40351e-08
1.72365e-07
3.72067e-07
6.36687e-07
9.35235e-07
1.23579e-06
1.5136e-06
1.75366e-06
1.94999e-06
2.10361e-06
2.22024e-06
2.3083e-06
2.37731e-06
2.43663e-06
2.49475e-06
2.55877e-06
2.63422e-06
2.72505e-06
2.83372e-06
2.96139e-06
3.10809e-06
3.27295e-06
3.45445e-06
3.65063e-06
3.85937e-06
4.07864e-06
4.30677e-06
4.54268e-06
4.78608e-06
5.03758e-06
5.2987e-06
5.57182e-06
5.85984e-06
6.16581e-06
6.49198e-06
6.84075e-06
7.21285e-06
7.6064e-06
8.01806e-06
8.44384e-06
8.87838e-06
9.30995e-06
9.7326e-06
1.01376e-05
1.05154e-05
1.08559e-05
1.11486e-05
1.13833e-05
1.15499e-05
1.16396e-05
1.16445e-05
1.15584e-05
1.13544e-05
1.10691e-05
1.07199e-05
1.02468e-05
9.67982e-06
9.02618e-06
8.29577e-06
7.50855e-06
6.66535e-06
5.79744e-06
4.94397e-06
4.12253e-06
3.35192e-06
2.64423e-06
2.00549e-06
1.43888e-06
9.47551e-07
5.36517e-07
2.15498e-07
3.82385e-08
2.59603e-10
4.89295e-11
8.13235e-09
5.79656e-08
1.85127e-07
3.99886e-07
6.84313e-07
1.00451e-06
1.3257e-06
1.62114e-06
1.87494e-06
2.08114e-06
2.24138e-06
2.36228e-06
2.45325e-06
2.52466e-06
2.5866e-06
2.64806e-06
2.71641e-06
2.79733e-06
2.89473e-06
3.01099e-06
3.14708e-06
3.30283e-06
3.47716e-06
3.66832e-06
3.8742e-06
4.09255e-06
4.3213e-06
4.55885e-06
4.80432e-06
5.05772e-06
5.3201e-06
5.59351e-06
5.88085e-06
6.1856e-06
6.5114e-06
6.85983e-06
7.23502e-06
7.63609e-06
8.06131e-06
8.50779e-06
8.97191e-06
9.4419e-06
9.91239e-06
1.03748e-05
1.08193e-05
1.12353e-05
1.16115e-05
1.19361e-05
1.21976e-05
1.2385e-05
1.24884e-05
1.24995e-05
1.24116e-05
1.21965e-05
1.18897e-05
1.15163e-05
1.10101e-05
1.04016e-05
9.69908e-06
8.91407e-06
8.06562e-06
7.14839e-06
6.20591e-06
5.27666e-06
4.38333e-06
3.54879e-06
2.78774e-06
2.10659e-06
1.50701e-06
9.90188e-07
5.60023e-07
2.25434e-07
4.02073e-08
2.74812e-10
5.23079e-11
8.69845e-09
6.20699e-08
1.98447e-07
4.28857e-07
7.33729e-07
1.07605e-06
1.41803e-06
1.73095e-06
1.99812e-06
2.21371e-06
2.38008e-06
2.50485e-06
2.59846e-06
2.67216e-06
2.73674e-06
2.80162e-06
2.87444e-06
2.96094e-06
3.065e-06
3.18884e-06
3.33324e-06
3.49783e-06
3.6813e-06
3.88173e-06
4.09684e-06
4.3243e-06
4.56208e-06
4.8087e-06
5.06354e-06
5.327e-06
5.60062e-06
5.88702e-06
6.18969e-06
6.51257e-06
6.85903e-06
7.23354e-06
7.63716e-06
8.06993e-06
8.53028e-06
9.01672e-06
9.51807e-06
1.00294e-05
1.05428e-05
1.10487e-05
1.15362e-05
1.19936e-05
1.2408e-05
1.27666e-05
1.30564e-05
1.32656e-05
1.33835e-05
1.34012e-05
1.33118e-05
1.30864e-05
1.27563e-05
1.23582e-05
1.18189e-05
1.11684e-05
1.04158e-05
9.57708e-06
8.66715e-06
7.67371e-06
6.65255e-06
5.64192e-06
4.66988e-06
3.7641e-06
2.94303e-06
2.21436e-06
1.57856e-06
1.03442e-06
5.84118e-07
2.35562e-07
4.22059e-08
2.90429e-10
5.58329e-11
9.28942e-09
6.63577e-08
2.12357e-07
4.59042e-07
7.85024e-07
1.14993e-06
1.51286e-06
1.84309e-06
2.12322e-06
2.34768e-06
2.51969e-06
2.64794e-06
2.74392e-06
2.8198e-06
2.88701e-06
2.95538e-06
3.03277e-06
3.12493e-06
3.23566e-06
3.36701e-06
3.51957e-06
3.69274e-06
3.885e-06
4.09427e-06
4.31815e-06
4.55429e-06
4.80073e-06
5.0562e-06
5.32038e-06
5.59416e-06
5.87961e-06
6.17996e-06
6.49931e-06
6.84224e-06
7.21225e-06
7.61398e-06
8.04854e-06
8.51591e-06
9.01681e-06
9.54145e-06
1.00852e-05
1.06414e-05
1.12011e-05
1.17535e-05
1.22868e-05
1.27877e-05
1.32422e-05
1.3636e-05
1.39551e-05
1.41865e-05
1.43191e-05
1.43433e-05
1.42524e-05
1.40182e-05
1.36638e-05
1.32396e-05
1.26677e-05
1.19755e-05
1.11727e-05
1.02795e-05
9.3093e-06
8.24029e-06
7.13725e-06
6.04072e-06
4.98382e-06
3.9997e-06
3.11165e-06
2.3298e-06
1.65402e-06
1.08042e-06
6.08863e-07
2.45897e-07
4.42325e-08
3.06442e-10
5.9512e-11
9.90658e-09
7.08391e-08
2.2689e-07
4.90506e-07
8.38283e-07
1.22625e-06
1.61025e-06
1.95759e-06
2.25024e-06
2.48305e-06
2.66018e-06
2.79149e-06
2.88959e-06
2.96752e-06
3.03735e-06
3.10927e-06
3.19129e-06
3.28915e-06
3.40652e-06
3.54527e-06
3.70578e-06
3.88722e-06
4.0879e-06
4.3056e-06
4.53783e-06
4.78229e-06
5.03714e-06
5.30138e-06
5.57508e-06
5.85964e-06
6.15772e-06
6.47317e-06
6.81061e-06
7.1748e-06
7.57105e-06
8.00232e-06
8.47032e-06
8.97774e-06
9.51706e-06
1.00841e-05
1.06736e-05
1.12774e-05
1.18858e-05
1.2487e-05
1.30678e-05
1.36136e-05
1.41091e-05
1.45387e-05
1.48872e-05
1.5141e-05
1.52879e-05
1.53185e-05
1.52257e-05
1.49845e-05
1.46068e-05
1.41534e-05
1.35503e-05
1.28171e-05
1.19652e-05
1.10155e-05
9.98685e-06
8.84572e-06
7.65879e-06
6.4731e-06
5.32618e-06
4.25711e-06
3.29505e-06
2.45393e-06
1.73389e-06
1.1284e-06
6.3432e-07
2.56451e-07
4.6285e-08
3.2283e-10
6.3353e-11
1.05513e-08
7.55245e-08
2.42079e-07
5.23312e-07
8.93589e-07
1.3051e-06
1.71027e-06
2.07448e-06
2.37918e-06
2.61977e-06
2.80149e-06
2.93547e-06
3.03542e-06
3.11527e-06
3.18769e-06
3.2632e-06
3.34988e-06
3.45343e-06
3.57737e-06
3.72336e-06
3.89157e-06
4.08098e-06
4.28972e-06
4.51546e-06
4.7557e-06
5.00821e-06
5.27135e-06
5.54444e-06
5.82801e-06
6.12401e-06
6.43571e-06
6.76758e-06
7.12478e-06
7.51263e-06
7.93648e-06
8.39965e-06
8.90614e-06
9.45146e-06
1.00322e-05
1.06447e-05
1.12821e-05
1.19356e-05
1.25944e-05
1.32458e-05
1.3875e-05
1.44663e-05
1.5003e-05
1.54681e-05
1.58458e-05
1.61214e-05
1.62825e-05
1.63189e-05
1.62235e-05
1.59772e-05
1.55794e-05
1.50923e-05
1.44596e-05
1.36868e-05
1.27876e-05
1.17793e-05
1.06936e-05
9.48609e-06
8.21483e-06
6.93814e-06
5.69725e-06
4.53739e-06
3.49453e-06
2.58775e-06
1.81873e-06
1.17857e-06
6.60553e-07
2.67235e-07
4.83615e-08
3.3957e-10
6.73641e-11
1.1225e-08
8.0425e-08
2.57958e-07
5.57524e-07
9.51023e-07
1.38653e-06
1.81296e-06
2.19375e-06
2.51e-06
2.75778e-06
2.94357e-06
3.07979e-06
3.18133e-06
3.26299e-06
3.33796e-06
3.41706e-06
3.50841e-06
3.61761e-06
3.74802e-06
3.90108e-06
4.07674e-06
4.27379e-06
4.49024e-06
4.72369e-06
4.97168e-06
5.23209e-06
5.50354e-06
5.78573e-06
6.0797e-06
6.38796e-06
6.71444e-06
7.06417e-06
7.44284e-06
7.85597e-06
8.30998e-06
8.80907e-06
9.35222e-06
9.93734e-06
1.05624e-05
1.12221e-05
1.1909e-05
1.26134e-05
1.33235e-05
1.40254e-05
1.47031e-05
1.53395e-05
1.59167e-05
1.64168e-05
1.68229e-05
1.71198e-05
1.72945e-05
1.73365e-05
1.72383e-05
1.69881e-05
1.65719e-05
1.60499e-05
1.53883e-05
1.45773e-05
1.36325e-05
1.25662e-05
1.14229e-05
1.01561e-05
8.802e-06
7.43397e-06
6.09653e-06
4.84106e-06
3.71108e-06
2.73221e-06
1.90912e-06
1.23116e-06
6.87628e-07
2.78258e-07
5.04596e-08
3.56633e-10
7.1554e-11
1.19292e-08
8.55518e-08
2.74563e-07
5.93205e-07
1.01066e-06
1.47062e-06
1.91835e-06
2.3154e-06
2.64265e-06
2.89702e-06
3.08632e-06
3.22438e-06
3.32724e-06
3.41058e-06
3.48808e-06
3.57076e-06
3.66676e-06
3.78157e-06
3.91831e-06
4.07823e-06
4.26108e-06
4.46548e-06
4.68935e-06
4.93025e-06
5.18581e-06
5.45409e-06
5.73402e-06
6.02573e-06
6.33078e-06
6.65228e-06
6.99478e-06
7.36391e-06
7.76584e-06
8.20692e-06
8.69342e-06
9.22727e-06
9.80827e-06
1.04359e-05
1.11066e-05
1.18145e-05
1.25516e-05
1.33072e-05
1.40686e-05
1.48205e-05
1.55459e-05
1.62263e-05
1.68428e-05
1.73767e-05
1.78103e-05
1.81277e-05
1.83155e-05
1.8363e-05
1.82624e-05
1.80079e-05
1.75759e-05
1.70191e-05
1.6329e-05
1.54811e-05
1.44919e-05
1.33721e-05
1.21678e-05
1.0849e-05
9.41596e-06
7.95777e-06
6.5227e-06
5.16803e-06
3.94539e-06
2.88815e-06
2.00562e-06
1.28643e-06
7.15615e-07
2.89527e-07
5.25766e-08
3.73985e-10
7.59317e-11
1.26654e-08
9.09171e-08
2.91931e-07
6.3042e-07
1.07258e-06
1.55742e-06
2.02644e-06
2.43938e-06
2.77704e-06
3.03737e-06
3.22963e-06
3.36912e-06
3.47307e-06
3.55795e-06
3.63794e-06
3.7242e-06
3.82483e-06
3.94516e-06
4.0881e-06
4.25469e-06
4.44448e-06
4.65598e-06
4.88702e-06
5.13521e-06
5.39827e-06
5.67453e-06
5.96326e-06
6.26504e-06
6.58198e-06
6.9178e-06
7.27762e-06
7.66767e-06
8.09468e-06
8.56541e-06
9.08423e-06
9.65388e-06
1.0275e-05
1.0946e-05
1.16629e-05
1.24194e-05
1.32065e-05
1.40129e-05
1.48245e-05
1.56252e-05
1.63966e-05
1.71193e-05
1.77734e-05
1.83395e-05
1.87993e-05
1.91364e-05
1.9337e-05
1.93903e-05
1.92885e-05
1.90273e-05
1.85831e-05
1.79929e-05
1.72743e-05
1.63912e-05
1.536e-05
1.41904e-05
1.29218e-05
1.15568e-05
1.00516e-05
8.50585e-06
6.97364e-06
5.51758e-06
4.19768e-06
3.05621e-06
2.10878e-06
1.34461e-06
7.44584e-07
3.01042e-07
5.47095e-08
3.91586e-10
8.05068e-11
1.34354e-08
9.65332e-08
3.10099e-07
6.69233e-07
1.13685e-06
1.64698e-06
2.13724e-06
2.56565e-06
2.91309e-06
3.17872e-06
3.37338e-06
3.51389e-06
3.61868e-06
3.70502e-06
3.78746e-06
3.87729e-06
3.98253e-06
4.10829e-06
4.25731e-06
4.43038e-06
4.62691e-06
4.84529e-06
5.08335e-06
5.33874e-06
5.60937e-06
5.89385e-06
6.19182e-06
6.50435e-06
6.8341e-06
7.18535e-06
7.56379e-06
7.9761e-06
8.42926e-06
8.92988e-06
9.48255e-06
1.00896e-05
1.07514e-05
1.14661e-05
1.22292e-05
1.30337e-05
1.387e-05
1.47256e-05
1.55858e-05
1.6433e-05
1.7248e-05
1.80107e-05
1.87003e-05
1.92968e-05
1.97814e-05
2.01373e-05
2.03505e-05
2.04096e-05
2.0307e-05
2.00387e-05
1.95852e-05
1.89644e-05
1.82168e-05
1.73004e-05
1.62298e-05
1.50149e-05
1.36804e-05
1.22697e-05
1.07033e-05
9.07372e-06
7.44645e-06
5.88832e-06
4.46772e-06
3.23681e-06
2.21907e-06
1.40597e-06
7.74608e-07
3.12799e-07
5.68547e-08
4.09389e-10
8.52891e-11
1.42408e-08
1.02413e-07
3.29106e-07
7.09707e-07
1.20354e-06
1.73932e-06
2.25072e-06
2.69411e-06
3.05067e-06
3.32091e-06
3.51741e-06
3.65856e-06
3.76398e-06
3.85168e-06
3.93656e-06
4.02996e-06
4.13978e-06
4.27093e-06
4.4259e-06
4.60531e-06
4.80841e-06
5.03354e-06
5.27853e-06
5.54116e-06
5.81954e-06
6.11259e-06
6.42038e-06
6.74444e-06
7.08797e-06
7.45579e-06
7.85406e-06
8.28981e-06
8.77016e-06
9.30163e-06
9.88891e-06
1.05337e-05
1.12362e-05
1.19942e-05
1.28026e-05
1.36539e-05
1.45375e-05
1.54403e-05
1.63463e-05
1.72372e-05
1.8093e-05
1.88928e-05
1.96153e-05
2.02401e-05
2.0748e-05
2.11219e-05
2.13472e-05
2.14125e-05
2.13096e-05
2.10341e-05
2.05739e-05
1.99271e-05
1.91492e-05
1.82014e-05
1.70939e-05
1.58374e-05
1.44443e-05
1.29759e-05
1.13654e-05
9.65623e-06
7.93751e-06
6.27822e-06
4.7548e-06
3.43004e-06
2.33687e-06
1.47073e-06
8.05755e-07
3.24789e-07
5.90081e-08
4.27341e-10
9.02892e-11
1.50835e-08
1.08571e-07
3.48991e-07
7.51906e-07
1.27269e-06
1.83447e-06
2.36684e-06
2.82466e-06
3.18962e-06
3.46378e-06
3.66156e-06
3.80298e-06
3.90884e-06
3.99784e-06
4.08518e-06
4.18218e-06
4.29658e-06
4.43307e-06
4.59391e-06
4.77956e-06
4.98914e-06
5.22095e-06
5.4729e-06
5.74291e-06
6.02934e-06
6.33145e-06
6.64971e-06
6.98616e-06
7.34447e-06
7.72995e-06
8.14915e-06
8.60934e-06
9.11765e-06
9.68057e-06
1.03028e-05
1.09851e-05
1.17277e-05
1.25279e-05
1.33802e-05
1.42762e-05
1.52046e-05
1.61515e-05
1.71e-05
1.80311e-05
1.89243e-05
1.97579e-05
2.05105e-05
2.11613e-05
2.16908e-05
2.20816e-05
2.23189e-05
2.23905e-05
2.22879e-05
2.20058e-05
2.15391e-05
2.08754e-05
2.00636e-05
1.90873e-05
1.79452e-05
1.66487e-05
1.52074e-05
1.36745e-05
1.20283e-05
1.02477e-05
8.44254e-06
6.68463e-06
5.05767e-06
3.6357e-06
2.46239e-06
1.5391e-06
8.38093e-07
3.36996e-07
6.11649e-08
4.45382e-10
9.5518e-11
1.59655e-08
1.15021e-07
3.69797e-07
7.95893e-07
1.34438e-06
1.93242e-06
2.48552e-06
2.95716e-06
3.32975e-06
3.60711e-06
3.80563e-06
3.94698e-06
4.05313e-06
4.14342e-06
4.23325e-06
4.33391e-06
4.45293e-06
4.59477e-06
4.76146e-06
4.9533e-06
5.16934e-06
5.40788e-06
5.66691e-06
5.94455e-06
6.23944e-06
6.55118e-06
6.88068e-06
7.2304e-06
7.60449e-06
8.00863e-06
8.44971e-06
8.93511e-06
9.4719e-06
1.00665e-05
1.07232e-05
1.14425e-05
1.2224e-05
1.30647e-05
1.39586e-05
1.48965e-05
1.58665e-05
1.68538e-05
1.78409e-05
1.88082e-05
1.97347e-05
2.05986e-05
2.13782e-05
2.20524e-05
2.26017e-05
2.30085e-05
2.32573e-05
2.33357e-05
2.32344e-05
2.29477e-05
2.24733e-05
2.17979e-05
2.09545e-05
1.99512e-05
1.8777e-05
1.7444e-05
1.59613e-05
1.43627e-05
1.26829e-05
1.08422e-05
8.95675e-06
7.10431e-06
5.37464e-06
3.8532e-06
2.5957e-06
1.61124e-06
8.71679e-07
3.49395e-07
6.33198e-08
4.63446e-10
1.00987e-10
1.68886e-08
1.21777e-07
3.91564e-07
8.41728e-07
1.41862e-06
2.03316e-06
2.60667e-06
3.09144e-06
3.47085e-06
3.75068e-06
3.94939e-06
4.09038e-06
4.19671e-06
4.28831e-06
4.38074e-06
4.48517e-06
4.60891e-06
4.75616e-06
4.92875e-06
5.12683e-06
5.34939e-06
5.59479e-06
5.86115e-06
6.14679e-06
6.45065e-06
6.77269e-06
7.11421e-06
7.4781e-06
7.8689e-06
8.29262e-06
8.75631e-06
9.26744e-06
9.83288e-06
1.0459e-05
1.11492e-05
1.19043e-05
1.27229e-05
1.36019e-05
1.45345e-05
1.55108e-05
1.65184e-05
1.75418e-05
1.8563e-05
1.9562e-05
2.05175e-05
2.14078e-05
2.22109e-05
2.29059e-05
2.34731e-05
2.38945e-05
2.41545e-05
2.42399e-05
2.4141e-05
2.38516e-05
2.33694e-05
2.26857e-05
2.1815e-05
2.07862e-05
1.95827e-05
1.82166e-05
1.66981e-05
1.504e-05
1.33195e-05
1.14341e-05
9.47493e-06
7.53354e-06
5.70351e-06
4.08162e-06
2.73663e-06
1.68726e-06
9.06559e-07
3.61961e-07
6.54669e-08
4.81461e-10
1.06708e-10
1.78551e-08
1.28856e-07
4.14335e-07
8.89468e-07
1.49546e-06
2.13665e-06
2.73014e-06
3.22728e-06
3.61265e-06
3.8942e-06
4.0926e-06
4.23296e-06
4.33944e-06
4.43245e-06
4.52764e-06
4.63603e-06
4.76465e-06
4.91745e-06
5.09606e-06
5.30051e-06
5.52978e-06
5.78228e-06
6.05631e-06
6.35042e-06
6.66386e-06
6.99692e-06
7.3513e-06
7.73025e-06
8.13861e-06
8.58264e-06
9.06947e-06
9.6065e-06
1.02004e-05
1.08572e-05
1.158e-05
1.2369e-05
1.32225e-05
1.41367e-05
1.51044e-05
1.61151e-05
1.71558e-05
1.82104e-05
1.92607e-05
2.02865e-05
2.12665e-05
2.21788e-05
2.30019e-05
2.37147e-05
2.42975e-05
2.47323e-05
2.50029e-05
2.50956e-05
2.5e-05
2.47092e-05
2.42206e-05
2.35304e-05
2.26384e-05
2.15854e-05
2.03556e-05
1.89598e-05
1.74078e-05
1.57083e-05
1.39295e-05
1.20173e-05
9.99158e-06
7.96812e-06
6.04164e-06
4.31972e-06
2.88479e-06
1.76715e-06
9.42763e-07
3.74657e-07
6.75996e-08
4.99349e-10
1.12693e-10
1.8867e-08
1.36272e-07
4.38152e-07
9.39166e-07
1.57491e-06
2.2428e-06
2.85577e-06
3.36441e-06
3.75482e-06
4.03735e-06
4.23496e-06
4.37449e-06
4.48114e-06
4.57574e-06
4.67394e-06
4.78655e-06
4.92031e-06
5.0789e-06
5.26376e-06
5.47483e-06
5.7111e-06
5.97108e-06
6.25324e-06
6.55639e-06
6.88008e-06
7.22495e-06
7.59302e-06
7.98784e-06
8.41451e-06
8.87939e-06
9.38962e-06
9.95241e-06
1.05742e-05
1.12605e-05
1.20144e-05
1.2835e-05
1.37204e-05
1.46663e-05
1.5665e-05
1.67055e-05
1.77742e-05
1.88548e-05
1.99289e-05
2.09763e-05
2.19758e-05
2.29057e-05
2.37448e-05
2.44722e-05
2.50683e-05
2.55148e-05
2.57952e-05
2.58952e-05
2.58036e-05
2.55128e-05
2.50194e-05
2.43235e-05
2.34179e-05
2.23417e-05
2.10892e-05
1.96673e-05
1.80864e-05
1.63544e-05
1.45166e-05
1.25825e-05
1.05011e-05
8.40349e-06
6.38608e-06
4.56581e-06
3.03956e-06
1.85082e-06
9.80295e-07
3.87448e-07
6.97109e-08
5.17024e-10
1.18955e-10
1.99266e-08
1.44043e-07
4.63056e-07
9.90867e-07
1.65696e-06
2.35152e-06
2.98333e-06
3.50252e-06
3.89701e-06
4.17974e-06
4.37612e-06
4.51469e-06
4.62162e-06
4.71807e-06
4.81963e-06
4.93683e-06
5.07609e-06
5.24083e-06
5.4323e-06
5.65037e-06
5.89406e-06
6.16201e-06
6.45287e-06
6.76573e-06
7.10043e-06
7.4579e-06
7.84047e-06
8.25192e-06
8.69749e-06
9.18357e-06
9.71719e-06
1.03053e-05
1.09539e-05
1.16684e-05
1.2451e-05
1.33006e-05
1.42145e-05
1.51881e-05
1.62132e-05
1.72783e-05
1.83697e-05
1.94707e-05
2.0563e-05
2.16264e-05
2.26402e-05
2.3583e-05
2.4434e-05
2.51726e-05
2.57792e-05
2.62354e-05
2.65245e-05
2.66314e-05
2.65444e-05
2.6255e-05
2.57591e-05
2.50574e-05
2.41445e-05
2.30482e-05
2.17769e-05
2.03332e-05
1.87282e-05
1.69703e-05
1.50803e-05
1.31222e-05
1.09981e-05
8.8349e-06
6.73349e-06
4.81785e-06
3.20009e-06
1.93805e-06
1.01913e-06
4.0029e-07
7.17931e-08
5.34398e-10
1.25508e-10
2.10363e-08
1.52185e-07
4.89088e-07
1.04461e-06
1.74158e-06
2.46265e-06
3.11253e-06
3.6412e-06
4.03873e-06
4.32092e-06
4.51565e-06
4.6532e-06
4.76061e-06
4.8593e-06
4.96468e-06
5.08696e-06
5.23222e-06
5.4036e-06
5.60218e-06
5.82777e-06
6.07945e-06
6.35599e-06
6.65625e-06
6.97958e-06
7.32608e-06
7.69697e-06
8.0948e-06
8.52352e-06
8.98843e-06
9.49584e-06
1.00526e-05
1.06652e-05
1.13394e-05
1.208e-05
1.28889e-05
1.37642e-05
1.47028e-05
1.56997e-05
1.67461e-05
1.78304e-05
1.89386e-05
2.00541e-05
2.11586e-05
2.22324e-05
2.32551e-05
2.42059e-05
2.50644e-05
2.58103e-05
2.64244e-05
2.68881e-05
2.71843e-05
2.72976e-05
2.72153e-05
2.69284e-05
2.64319e-05
2.57261e-05
2.48093e-05
2.36984e-05
2.2412e-05
2.0951e-05
1.93268e-05
1.75475e-05
1.56215e-05
1.36289e-05
1.14778e-05
9.25743e-06
7.08028e-06
5.07365e-06
3.36543e-06
2.02848e-06
1.05919e-06
4.13138e-07
7.38381e-08
5.51376e-10
1.32364e-10
2.21982e-08
1.60714e-07
5.16284e-07
1.10041e-06
1.8287e-06
2.57598e-06
3.243e-06
3.77997e-06
4.17945e-06
4.46032e-06
4.65305e-06
4.7896e-06
4.8978e-06
4.9992e-06
5.10899e-06
5.23698e-06
5.38889e-06
5.56756e-06
5.77392e-06
6.00772e-06
6.26811e-06
6.55401e-06
6.86448e-06
7.19912e-06
7.55827e-06
7.94339e-06
8.35719e-06
8.80371e-06
9.28821e-06
9.81684e-06
1.03961e-05
1.10322e-05
1.17303e-05
1.24947e-05
1.33269e-05
1.42243e-05
1.51834e-05
1.61986e-05
1.7261e-05
1.83589e-05
1.94779e-05
2.06018e-05
2.17124e-05
2.27907e-05
2.38166e-05
2.47702e-05
2.56315e-05
2.63808e-05
2.69988e-05
2.74673e-05
2.77686e-05
2.78872e-05
2.78095e-05
2.75257e-05
2.70304e-05
2.63229e-05
2.54047e-05
2.4285e-05
2.29878e-05
2.15146e-05
1.98764e-05
1.80812e-05
1.6135e-05
1.4098e-05
1.19349e-05
9.66615e-06
7.42248e-06
5.33081e-06
3.5342e-06
2.12161e-06
1.10036e-06
4.25946e-07
7.58368e-08
5.67856e-10
1.39536e-10
2.34148e-08
1.69646e-07
5.44677e-07
1.15828e-06
1.91821e-06
2.69123e-06
3.37429e-06
3.91822e-06
4.31848e-06
4.59725e-06
4.78767e-06
4.92331e-06
5.03271e-06
5.13744e-06
5.25237e-06
5.38685e-06
5.54622e-06
5.73301e-06
5.94799e-06
6.19088e-06
6.46088e-06
6.75705e-06
7.07867e-06
7.42554e-06
7.79825e-06
8.1984e-06
8.62881e-06
9.09353e-06
9.5977e-06
1.01472e-05
1.07482e-05
1.14063e-05
1.21263e-05
1.29119e-05
1.37639e-05
1.46795e-05
1.56545e-05
1.6683e-05
1.77559e-05
1.88612e-05
1.99849e-05
2.11108e-05
2.22213e-05
2.32979e-05
2.43214e-05
2.52724e-05
2.61315e-05
2.68796e-05
2.74978e-05
2.79678e-05
2.8272e-05
2.83942e-05
2.83205e-05
2.80404e-05
2.75476e-05
2.68409e-05
2.59234e-05
2.48008e-05
2.34977e-05
2.20178e-05
2.03716e-05
1.85668e-05
1.66095e-05
1.4534e-05
1.23624e-05
1.00563e-05
7.75605e-06
5.58673e-06
3.70471e-06
2.21677e-06
1.14248e-06
4.38664e-07
7.77797e-08
5.83731e-10
1.47038e-10
2.46884e-08
1.78997e-07
5.74294e-07
1.2182e-06
2.00996e-06
2.80804e-06
3.50582e-06
4.05521e-06
4.45499e-06
4.73087e-06
4.91869e-06
5.0536e-06
5.16472e-06
5.27351e-06
5.39443e-06
5.53636e-06
5.70417e-06
5.9001e-06
6.12474e-06
6.37778e-06
6.65846e-06
6.966e-06
7.29984e-06
7.65998e-06
8.04717e-06
8.46314e-06
8.91074e-06
9.39394e-06
9.91767e-06
1.04875e-05
1.1109e-05
1.17875e-05
1.25272e-05
1.33309e-05
1.41991e-05
1.51286e-05
1.61148e-05
1.71512e-05
1.82286e-05
1.93353e-05
2.04572e-05
2.15787e-05
2.26828e-05
2.37516e-05
2.47666e-05
2.57093e-05
2.6561e-05
2.73031e-05
2.79173e-05
2.83852e-05
2.86893e-05
2.88131e-05
2.87423e-05
2.84659e-05
2.79768e-05
2.72733e-05
2.63589e-05
2.5239e-05
2.3935e-05
2.24545e-05
2.08068e-05
1.89988e-05
1.70375e-05
1.49357e-05
1.27551e-05
1.04236e-05
8.07691e-06
5.83859e-06
3.87535e-06
2.31324e-06
1.18531e-06
4.51242e-07
7.96562e-08
5.98888e-10
1.54882e-10
2.60212e-08
1.8878e-07
6.05153e-07
1.28013e-06
2.10372e-06
2.92594e-06
3.63687e-06
4.19005e-06
4.58797e-06
4.86012e-06
5.04509e-06
5.17951e-06
5.29293e-06
5.40663e-06
5.53454e-06
5.685e-06
5.86242e-06
6.0687e-06
6.30425e-06
6.56871e-06
6.86136e-06
7.18152e-06
7.52881e-06
7.90334e-06
8.306e-06
8.73858e-06
9.20389e-06
9.70573e-06
1.02488e-05
1.08381e-05
1.14789e-05
1.21758e-05
1.29325e-05
1.37512e-05
1.46317e-05
1.55705e-05
1.65627e-05
1.76014e-05
1.86775e-05
1.97793e-05
2.0893e-05
2.20037e-05
2.30948e-05
2.41494e-05
2.51498e-05
2.60783e-05
2.6917e-05
2.76481e-05
2.82534e-05
2.87151e-05
2.90157e-05
2.91386e-05
2.90692e-05
2.87961e-05
2.83117e-05
2.76137e-05
2.67051e-05
2.55928e-05
2.42933e-05
2.28189e-05
2.11765e-05
1.93722e-05
1.74122e-05
1.53018e-05
1.31086e-05
1.07641e-05
8.38094e-06
6.08338e-06
4.04435e-06
2.41022e-06
1.22857e-06
4.63621e-07
8.1454e-08
6.13202e-10
1.6308e-10
2.74152e-08
1.99008e-07
6.37258e-07
1.34396e-06
2.19919e-06
3.04433e-06
3.76657e-06
4.32163e-06
4.71618e-06
4.9837e-06
5.16555e-06
5.29975e-06
5.41614e-06
5.53566e-06
5.67167e-06
5.83188e-06
6.02022e-06
6.23824e-06
6.48615e-06
6.7635e-06
7.0696e-06
7.40385e-06
7.76595e-06
8.15613e-06
8.57533e-06
9.02531e-06
9.50879e-06
1.00293e-05
1.05913e-05
1.11992e-05
1.18577e-05
1.25709e-05
1.33417e-05
1.41718e-05
1.50605e-05
1.6004e-05
1.6997e-05
1.80324e-05
1.91011e-05
2.01915e-05
2.12907e-05
2.23838e-05
2.34555e-05
2.44894e-05
2.54688e-05
2.6377e-05
2.71969e-05
2.79113e-05
2.85027e-05
2.89536e-05
2.92468e-05
2.93658e-05
2.92959e-05
2.90254e-05
2.85464e-05
2.78561e-05
2.69567e-05
2.58556e-05
2.45665e-05
2.31053e-05
2.14756e-05
1.96822e-05
1.77314e-05
1.56268e-05
1.34178e-05
1.10743e-05
8.66416e-06
6.31784e-06
4.20981e-06
2.50669e-06
1.27186e-06
4.75734e-07
8.31587e-08
6.2654e-10
1.71642e-10
2.88723e-08
2.0969e-07
6.70598e-07
1.40958e-06
2.29594e-06
3.16245e-06
3.89381e-06
4.44857e-06
4.83808e-06
5.09999e-06
5.27843e-06
5.41266e-06
5.53268e-06
5.65898e-06
5.80424e-06
5.97551e-06
6.1762e-06
6.4075e-06
6.66938e-06
6.96129e-06
7.28252e-06
7.63249e-06
8.01095e-06
8.41815e-06
8.85502e-06
9.32326e-06
9.82537e-06
1.03646e-05
1.09449e-05
1.15703e-05
1.22449e-05
1.29719e-05
1.37539e-05
1.45918e-05
1.54843e-05
1.64276e-05
1.7416e-05
1.84424e-05
1.94975e-05
2.05704e-05
2.16483e-05
2.27174e-05
2.37629e-05
2.47695e-05
2.57215e-05
2.6603e-05
2.73979e-05
2.80897e-05
2.86617e-05
2.90969e-05
2.93784e-05
2.94901e-05
2.94174e-05
2.91485e-05
2.86755e-05
2.79948e-05
2.71082e-05
2.60223e-05
2.4749e-05
2.33087e-05
2.16994e-05
1.99244e-05
1.79907e-05
1.5902e-05
1.36854e-05
1.13494e-05
8.92286e-06
6.53876e-06
4.36968e-06
2.60144e-06
1.31468e-06
4.87502e-07
8.47545e-08
6.38766e-10
1.80579e-10
3.03939e-08
2.20831e-07
7.05142e-07
1.47677e-06
2.39345e-06
3.27935e-06
4.01725e-06
4.56924e-06
4.95181e-06
5.20701e-06
5.38165e-06
5.5161e-06
5.64038e-06
5.77437e-06
5.92999e-06
6.11364e-06
6.32816e-06
6.57434e-06
6.85193e-06
7.1602e-06
7.4984e-06
7.86588e-06
8.26238e-06
8.68811e-06
9.1439e-06
9.63128e-06
1.01525e-05
1.07104e-05
1.13085e-05
1.19502e-05
1.26389e-05
1.33774e-05
1.41673e-05
1.50092e-05
1.59013e-05
1.68394e-05
1.78178e-05
1.88293e-05
1.98647e-05
2.09135e-05
2.19637e-05
2.3002e-05
2.40147e-05
2.49873e-05
2.59053e-05
2.67535e-05
2.7517e-05
2.81801e-05
2.87268e-05
2.91409e-05
2.94062e-05
2.95069e-05
2.9429e-05
2.91607e-05
2.8694e-05
2.8025e-05
2.71546e-05
2.60883e-05
2.48365e-05
2.3424e-05
2.18434e-05
2.00944e-05
1.81858e-05
1.61207e-05
1.39106e-05
1.15854e-05
9.15364e-06
6.74283e-06
4.52176e-06
2.6932e-06
1.35662e-06
4.98854e-07
8.62248e-08
6.49737e-10
1.89896e-10
3.19812e-08
2.3243e-07
7.40829e-07
1.54525e-06
2.49103e-06
3.39386e-06
4.13526e-06
4.68164e-06
5.05513e-06
5.30231e-06
5.47262e-06
5.60737e-06
5.73637e-06
5.87882e-06
6.04582e-06
6.24306e-06
6.4728e-06
6.73545e-06
7.03047e-06
7.35698e-06
7.71404e-06
8.10092e-06
8.51725e-06
8.96311e-06
9.43914e-06
9.94663e-06
1.04875e-05
1.10641e-05
1.16793e-05
1.23361e-05
1.30371e-05
1.37844e-05
1.45791e-05
1.54211e-05
1.63083e-05
1.72363e-05
1.81993e-05
1.91899e-05
2.01996e-05
2.1218e-05
2.22339e-05
2.32348e-05
2.42079e-05
2.51398e-05
2.60168e-05
2.68252e-05
2.75507e-05
2.81786e-05
2.86941e-05
2.90817e-05
2.9326e-05
2.94121e-05
2.93264e-05
2.90576e-05
2.85976e-05
2.79423e-05
2.70916e-05
2.60498e-05
2.48252e-05
2.34472e-05
2.19034e-05
2.01882e-05
1.83127e-05
1.62786e-05
1.409e-05
1.17796e-05
9.35345e-06
6.92682e-06
4.66371e-06
2.78021e-06
1.39746e-06
5.09704e-07
8.75512e-08
6.59308e-10
1.99599e-10
3.36345e-08
2.44482e-07
7.77566e-07
1.61466e-06
2.5878e-06
3.50453e-06
4.24586e-06
4.78338e-06
5.14534e-06
5.38298e-06
5.54823e-06
5.68311e-06
5.81707e-06
5.9685e-06
6.14762e-06
6.35938e-06
6.60552e-06
6.88602e-06
7.20006e-06
7.54652e-06
7.92428e-06
8.33243e-06
8.77039e-06
9.23803e-06
9.73569e-06
1.02643e-05
1.08253e-05
1.14206e-05
1.20524e-05
1.2723e-05
1.34344e-05
1.4188e-05
1.49843e-05
1.58226e-05
1.67005e-05
1.76134e-05
1.85556e-05
1.95197e-05
2.04975e-05
2.14793e-05
2.24543e-05
2.34112e-05
2.4338e-05
2.52224e-05
2.60519e-05
2.68136e-05
2.74945e-05
2.8081e-05
2.85593e-05
2.8915e-05
2.91338e-05
2.92017e-05
2.91059e-05
2.88356e-05
2.83829e-05
2.77434e-05
2.69161e-05
2.59035e-05
2.4712e-05
2.33752e-05
2.18758e-05
2.02022e-05
1.8368e-05
1.63729e-05
1.42187e-05
1.19292e-05
9.51936e-06
7.08766e-06
4.7932e-06
2.86121e-06
1.43647e-06
5.19936e-07
8.87129e-08
6.67328e-10
2.09688e-10
3.53538e-08
2.56971e-07
8.15216e-07
1.68449e-06
2.68268e-06
3.6096e-06
4.34669e-06
4.87161e-06
5.21925e-06
5.44556e-06
5.60475e-06
5.7393e-06
5.87811e-06
6.03863e-06
6.23019e-06
6.457e-06
6.72027e-06
7.01958e-06
7.35383e-06
7.72165e-06
8.12168e-06
8.55274e-06
9.01399e-06
9.50493e-06
1.00255e-05
1.05762e-05
1.11579e-05
1.1772e-05
1.24199e-05
1.31031e-05
1.38231e-05
1.45805e-05
1.53752e-05
1.62061e-05
1.70704e-05
1.79634e-05
1.88795e-05
1.98116e-05
2.07516e-05
2.16906e-05
2.26185e-05
2.3525e-05
2.43989e-05
2.52293e-05
2.60045e-05
2.67131e-05
2.7343e-05
2.78821e-05
2.83175e-05
2.86364e-05
2.88254e-05
2.88719e-05
2.87641e-05
2.84918e-05
2.80474e-05
2.7426e-05
2.66258e-05
2.56475e-05
2.44947e-05
2.32058e-05
2.17578e-05
2.01335e-05
1.83486e-05
1.64009e-05
1.42911e-05
1.20321e-05
9.64855e-06
7.22229e-06
4.90783e-06
2.93499e-06
1.47278e-06
5.2942e-07
8.96863e-08
6.7364e-10
2.2016e-10
3.71378e-08
2.69869e-07
8.53589e-07
1.75411e-06
2.77432e-06
3.70694e-06
4.43493e-06
4.94303e-06
5.2732e-06
5.48605e-06
5.63787e-06
5.77126e-06
5.91437e-06
6.08359e-06
6.28733e-06
6.52909e-06
6.80955e-06
7.12798e-06
7.48298e-06
7.87294e-06
8.29622e-06
8.75135e-06
9.23709e-06
9.75252e-06
1.02971e-05
1.08707e-05
1.14736e-05
1.21064e-05
1.27698e-05
1.34646e-05
1.41914e-05
1.49503e-05
1.57405e-05
1.65604e-05
1.74069e-05
1.82756e-05
1.91606e-05
2.00552e-05
2.09519e-05
2.18422e-05
2.27171e-05
2.3567e-05
2.4382e-05
2.51521e-05
2.5867e-05
2.65164e-05
2.70896e-05
2.75757e-05
2.79634e-05
2.82411e-05
2.83971e-05
2.84198e-05
2.82987e-05
2.80245e-05
2.75897e-05
2.69892e-05
2.62199e-05
2.52806e-05
2.41721e-05
2.29375e-05
2.15474e-05
1.99795e-05
1.82516e-05
1.63596e-05
1.43021e-05
1.20866e-05
9.73816e-06
7.32795e-06
5.00517e-06
3.00045e-06
1.50537e-06
5.37981e-07
9.0482e-08
6.78034e-10
2.31009e-10
3.89844e-08
2.83139e-07
8.9243e-07
1.82271e-06
2.86106e-06
3.79402e-06
4.50732e-06
4.99383e-06
5.303e-06
5.5e-06
5.64279e-06
5.77382e-06
5.92016e-06
6.0971e-06
6.31205e-06
6.56783e-06
6.8647e-06
7.20161e-06
7.57696e-06
7.98887e-06
8.43546e-06
8.91492e-06
9.42558e-06
9.966e-06
1.05351e-05
1.11319e-05
1.17561e-05
1.24073e-05
1.30856e-05
1.37909e-05
1.45229e-05
1.5281e-05
1.6064e-05
1.68696e-05
1.76948e-05
1.85348e-05
1.93842e-05
2.02366e-05
2.10848e-05
2.19213e-05
2.27377e-05
2.35256e-05
2.42761e-05
2.49805e-05
2.56298e-05
2.62149e-05
2.67266e-05
2.71554e-05
2.74915e-05
2.7725e-05
2.78456e-05
2.78434e-05
2.77088e-05
2.74334e-05
2.70101e-05
2.64332e-05
2.56985e-05
2.48028e-05
2.3744e-05
2.257e-05
2.12432e-05
1.9738e-05
1.80744e-05
1.6246e-05
1.42493e-05
1.20889e-05
9.78512e-06
7.40197e-06
5.08266e-06
3.05646e-06
1.53319e-06
5.45408e-07
9.09456e-08
6.80087e-10
2.4222e-10
4.089e-08
2.96724e-07
9.31404e-07
1.88925e-06
2.94091e-06
3.86786e-06
4.56008e-06
5.01973e-06
5.30405e-06
5.48255e-06
5.61444e-06
5.74152e-06
5.88957e-06
6.07259e-06
6.29702e-06
6.56501e-06
6.87645e-06
7.23008e-06
7.6241e-06
8.05649e-06
8.52514e-06
9.02789e-06
9.56265e-06
1.01274e-05
1.07204e-05
1.134e-05
1.19849e-05
1.26539e-05
1.33461e-05
1.40605e-05
1.4796e-05
1.55513e-05
1.63246e-05
1.71131e-05
1.79136e-05
1.87214e-05
1.95313e-05
2.03372e-05
2.11328e-05
2.19109e-05
2.26644e-05
2.33858e-05
2.40676e-05
2.47021e-05
2.52817e-05
2.57988e-05
2.62456e-05
2.66144e-05
2.68968e-05
2.70846e-05
2.71692e-05
2.7142e-05
2.69948e-05
2.67199e-05
2.63104e-05
2.576e-05
2.50635e-05
2.42154e-05
2.32116e-05
2.21036e-05
2.08443e-05
1.94074e-05
1.78103e-05
1.60494e-05
1.41206e-05
1.20272e-05
9.78677e-06
7.44173e-06
5.1376e-06
3.10104e-06
1.55576e-06
5.5152e-07
9.11358e-08
6.80316e-10
2.53776e-10
4.28497e-08
3.10549e-07
9.70081e-07
1.95248e-06
3.01149e-06
3.92496e-06
4.58895e-06
5.01603e-06
5.27148e-06
5.42877e-06
5.54773e-06
5.66908e-06
5.81693e-06
6.00389e-06
6.23534e-06
6.51281e-06
6.8359e-06
7.20318e-06
7.6128e-06
8.06263e-06
8.55042e-06
9.07374e-06
9.6301e-06
1.0217e-05
1.08318e-05
1.14723e-05
1.21362e-05
1.28213e-05
1.35257e-05
1.42475e-05
1.49847e-05
1.57352e-05
1.64964e-05
1.72653e-05
1.80384e-05
1.88111e-05
1.95785e-05
2.03349e-05
2.10745e-05
2.17912e-05
2.24788e-05
2.31308e-05
2.3741e-05
2.43031e-05
2.48109e-05
2.52582e-05
2.56391e-05
2.5947e-05
2.61756e-05
2.63182e-05
2.63678e-05
2.63173e-05
2.61595e-05
2.58874e-05
2.54942e-05
2.49733e-05
2.43181e-05
2.35207e-05
2.25772e-05
2.15393e-05
2.03453e-05
1.89781e-05
1.74597e-05
1.57811e-05
1.39301e-05
1.19036e-05
9.73132e-06
7.4446e-06
5.16735e-06
3.13229e-06
1.57234e-06
5.56169e-07
9.11005e-08
6.78392e-10
2.65652e-10
4.48565e-08
3.24514e-07
1.00791e-06
2.01083e-06
3.06997e-06
3.96135e-06
4.58923e-06
4.97779e-06
5.20042e-06
5.33395e-06
5.43813e-06
5.55197e-06
5.69758e-06
5.88597e-06
6.12141e-06
6.40489e-06
6.73569e-06
7.11236e-06
7.53303e-06
7.99561e-06
8.49778e-06
9.03698e-06
9.6104e-06
1.02151e-05
1.08478e-05
1.15055e-05
1.2185e-05
1.28832e-05
1.3597e-05
1.43236e-05
1.506e-05
1.58033e-05
1.65502e-05
1.72975e-05
1.80411e-05
1.87767e-05
1.94995e-05
2.02046e-05
2.08867e-05
2.15405e-05
2.21608e-05
2.27425e-05
2.32806e-05
2.37701e-05
2.42063e-05
2.45847e-05
2.49007e-05
2.51496e-05
2.53265e-05
2.54265e-05
2.54439e-05
2.5373e-05
2.52076e-05
2.49412e-05
2.45672e-05
2.40782e-05
2.34666e-05
2.27203e-05
2.18412e-05
2.0871e-05
1.97507e-05
1.84675e-05
1.70341e-05
1.54402e-05
1.36755e-05
1.17345e-05
9.62645e-06
7.40187e-06
5.16929e-06
3.14844e-06
1.58213e-06
5.59075e-07
9.07062e-08
6.74066e-10
2.77816e-10
4.69018e-08
3.38492e-07
1.04421e-06
2.06237e-06
3.11303e-06
3.97254e-06
4.55587e-06
4.90002e-06
5.08633e-06
5.19415e-06
5.2822e-06
5.3871e-06
5.52859e-06
5.71582e-06
5.95199e-06
6.23747e-06
6.57134e-06
6.95212e-06
7.37805e-06
7.84717e-06
8.35722e-06
8.90562e-06
9.48942e-06
1.01053e-05
1.07497e-05
1.14187e-05
1.21083e-05
1.28146e-05
1.35334e-05
1.4261e-05
1.49933e-05
1.57265e-05
1.64569e-05
1.71805e-05
1.78931e-05
1.85905e-05
1.92682e-05
1.99216e-05
2.05462e-05
2.11377e-05
2.16918e-05
2.22047e-05
2.26726e-05
2.3092e-05
2.34597e-05
2.37726e-05
2.40276e-05
2.42216e-05
2.43513e-05
2.44131e-05
2.44028e-05
2.43156e-05
2.41463e-05
2.38888e-05
2.35364e-05
2.3081e-05
2.25112e-05
2.18172e-05
2.10124e-05
2.01163e-05
1.90681e-05
1.78668e-05
1.65194e-05
1.50152e-05
1.33428e-05
1.1495e-05
9.47903e-06
7.31567e-06
5.1409e-06
3.14771e-06
1.58427e-06
5.59959e-07
8.99572e-08
6.6737e-10
2.90229e-10
4.89741e-08
3.52318e-07
1.07812e-06
2.10479e-06
3.13687e-06
3.95357e-06
4.48368e-06
4.77808e-06
4.92555e-06
5.00676e-06
5.07828e-06
5.17354e-06
5.30948e-06
5.49328e-06
5.72697e-06
6.01033e-06
6.34226e-06
6.72133e-06
7.14592e-06
7.61426e-06
8.1243e-06
8.67358e-06
9.25916e-06
9.87762e-06
1.0525e-05
1.11971e-05
1.18892e-05
1.25965e-05
1.33141e-05
1.40371e-05
1.47607e-05
1.54803e-05
1.61912e-05
1.68892e-05
1.75698e-05
1.82288e-05
1.88617e-05
1.94647e-05
2.00339e-05
2.05657e-05
2.10571e-05
2.15053e-05
2.19077e-05
2.22623e-05
2.25672e-05
2.28207e-05
2.30211e-05
2.31667e-05
2.32556e-05
2.32853e-05
2.32527e-05
2.31539e-05
2.29844e-05
2.27386e-05
2.24086e-05
2.19863e-05
2.14631e-05
2.08243e-05
2.00953e-05
1.92675e-05
1.82901e-05
1.71735e-05
1.59152e-05
1.45048e-05
1.29305e-05
1.11835e-05
9.26806e-06
7.20141e-06
5.0712e-06
3.1282e-06
1.57792e-06
5.58319e-07
8.88457e-08
6.5837e-10
3.02844e-10
5.10594e-08
3.65787e-07
1.10855e-06
2.13526e-06
3.1371e-06
3.89914e-06
4.36765e-06
4.60818e-06
4.71592e-06
4.77123e-06
4.82715e-06
4.91308e-06
5.04282e-06
5.22146e-06
5.44985e-06
5.72723e-06
6.05233e-06
6.42378e-06
6.84017e-06
7.29996e-06
7.80138e-06
8.34223e-06
8.91975e-06
9.5306e-06
1.01708e-05
1.08358e-05
1.15206e-05
1.22199e-05
1.2928e-05
1.36392e-05
1.43481e-05
1.50491e-05
1.57372e-05
1.64074e-05
1.7055e-05
1.76758e-05
1.82656e-05
1.88208e-05
1.93383e-05
1.98152e-05
2.02495e-05
2.06393e-05
2.09834e-05
2.12809e-05
2.1531e-05
2.17334e-05
2.18874e-05
2.19927e-05
2.20482e-05
2.20526e-05
2.20036e-05
2.18979e-05
2.17317e-05
2.14986e-05
2.11929e-05
2.08058e-05
2.0326e-05
1.97434e-05
1.90881e-05
1.83229e-05
1.74191e-05
1.63877e-05
1.52206e-05
1.39075e-05
1.24366e-05
1.07978e-05
8.99205e-06
7.03042e-06
4.97964e-06
3.0839e-06
1.56218e-06
5.53805e-07
8.73849e-08
6.47185e-10
3.15607e-10
5.31395e-08
3.7863e-07
1.13415e-06
2.15042e-06
3.10886e-06
3.80382e-06
4.20343e-06
4.38807e-06
4.45752e-06
4.48967e-06
4.53248e-06
4.61056e-06
4.73429e-06
4.9067e-06
5.12755e-06
5.3956e-06
5.70947e-06
6.06785e-06
6.46952e-06
6.91324e-06
7.39754e-06
7.92055e-06
8.47983e-06
9.0723e-06
9.69415e-06
1.03409e-05
1.10074e-05
1.16881e-05
1.23769e-05
1.30678e-05
1.37545e-05
1.44312e-05
1.50919e-05
1.57316e-05
1.63452e-05
1.69282e-05
1.7477e-05
1.7988e-05
1.84586e-05
1.88868e-05
1.92711e-05
1.96107e-05
1.99052e-05
2.01548e-05
2.03596e-05
2.05202e-05
2.0637e-05
2.07105e-05
2.07404e-05
2.07262e-05
2.06662e-05
2.05577e-05
2.03973e-05
2.01789e-05
1.9897e-05
1.95423e-05
1.91026e-05
1.85832e-05
1.79895e-05
1.72823e-05
1.64556e-05
1.55091e-05
1.44345e-05
1.32216e-05
1.18589e-05
1.03354e-05
8.64896e-06
6.80338e-06
4.85363e-06
3.01464e-06
1.53652e-06
5.46923e-07
8.56077e-08
6.33941e-10
3.28451e-10
5.51918e-08
3.90503e-07
1.15323e-06
2.14634e-06
3.04678e-06
3.66242e-06
3.98807e-06
4.11789e-06
4.15336e-06
4.16727e-06
4.2009e-06
4.27355e-06
4.39216e-06
4.55785e-06
4.76951e-06
5.02552e-06
5.32444e-06
5.66506e-06
6.04635e-06
6.46734e-06
6.92689e-06
7.42346e-06
7.95501e-06
8.51885e-06
9.11152e-06
9.72881e-06
1.03658e-05
1.10169e-05
1.16762e-05
1.23372e-05
1.29935e-05
1.36389e-05
1.42672e-05
1.48729e-05
1.54508e-05
1.59965e-05
1.65062e-05
1.69766e-05
1.74056e-05
1.77916e-05
1.81336e-05
1.84315e-05
1.86857e-05
1.88969e-05
1.9066e-05
1.91942e-05
1.92826e-05
1.93322e-05
1.93436e-05
1.93166e-05
1.92502e-05
1.91416e-05
1.89886e-05
1.87845e-05
1.8525e-05
1.81996e-05
1.78002e-05
1.73422e-05
1.67972e-05
1.61504e-05
1.53996e-05
1.45375e-05
1.35562e-05
1.24458e-05
1.11956e-05
9.79402e-06
8.23786e-06
6.52135e-06
4.68619e-06
2.93422e-06
1.49627e-06
5.36259e-07
8.3502e-08
6.18633e-10
3.41292e-10
5.71857e-08
4.00942e-07
1.1636e-06
2.1186e-06
2.9452e-06
3.47064e-06
3.72096e-06
3.80099e-06
3.80979e-06
3.81219e-06
3.84153e-06
3.9116e-06
4.02623e-06
4.18501e-06
4.3862e-06
4.628e-06
4.90898e-06
5.22805e-06
5.58439e-06
5.97726e-06
6.40578e-06
6.86879e-06
7.36463e-06
7.89103e-06
8.44503e-06
9.02287e-06
9.62002e-06
1.02313e-05
1.08509e-05
1.14727e-05
1.20902e-05
1.26972e-05
1.32874e-05
1.38551e-05
1.43951e-05
1.49029e-05
1.53748e-05
1.58077e-05
1.61996e-05
1.65491e-05
1.68558e-05
1.71198e-05
1.7342e-05
1.75233e-05
1.76651e-05
1.77689e-05
1.78362e-05
1.78688e-05
1.78671e-05
1.78319e-05
1.77627e-05
1.7656e-05
1.75097e-05
1.73182e-05
1.70789e-05
1.6779e-05
1.6429e-05
1.60103e-05
1.55126e-05
1.4929e-05
1.42516e-05
1.34729e-05
1.25856e-05
1.15797e-05
1.04458e-05
9.17267e-06
7.7564e-06
6.17598e-06
4.47745e-06
2.82225e-06
1.44823e-06
5.21798e-07
8.10643e-08
6.01191e-10
3.54018e-10
5.90796e-08
4.09307e-07
1.1623e-06
2.06291e-06
2.79871e-06
3.22946e-06
3.40634e-06
3.44462e-06
3.43644e-06
3.43493e-06
3.46483e-06
3.53486e-06
3.64635e-06
3.79788e-06
3.9874e-06
4.21313e-06
4.47373e-06
4.76829e-06
5.09616e-06
5.45681e-06
5.84961e-06
6.27368e-06
6.72771e-06
7.20989e-06
7.71776e-06
8.24811e-06
8.79696e-06
9.3597e-06
9.93103e-06
1.05052e-05
1.10761e-05
1.16377e-05
1.2184e-05
1.27092e-05
1.32083e-05
1.36768e-05
1.41111e-05
1.45081e-05
1.48658e-05
1.51831e-05
1.54595e-05
1.56954e-05
1.58919e-05
1.60496e-05
1.61703e-05
1.62556e-05
1.63073e-05
1.63289e-05
1.63198e-05
1.62805e-05
1.62084e-05
1.61011e-05
1.5961e-05
1.57799e-05
1.55587e-05
1.52927e-05
1.49696e-05
1.45895e-05
1.41421e-05
1.36188e-05
1.30126e-05
1.23166e-05
1.15237e-05
1.06241e-05
9.61125e-06
8.47517e-06
7.1961e-06
5.76528e-06
4.21694e-06
2.68304e-06
1.3867e-06
5.02927e-07
7.82041e-08
5.81372e-10
3.66467e-10
6.08131e-08
4.14709e-07
1.14566e-06
1.97441e-06
2.60656e-06
2.93618e-06
3.04952e-06
3.05967e-06
3.04526e-06
3.04686e-06
3.08107e-06
3.15252e-06
3.26089e-06
3.40429e-06
3.5807e-06
3.78852e-06
4.0266e-06
4.29425e-06
4.59097e-06
4.91642e-06
5.27017e-06
5.65154e-06
6.05954e-06
6.49276e-06
6.94922e-06
7.42629e-06
7.92056e-06
8.42816e-06
8.94441e-06
9.46413e-06
9.98185e-06
1.04919e-05
1.09887e-05
1.14668e-05
1.19214e-05
1.23481e-05
1.27434e-05
1.31043e-05
1.34288e-05
1.37157e-05
1.39651e-05
1.41781e-05
1.43544e-05
1.44942e-05
1.45994e-05
1.46712e-05
1.47114e-05
1.47226e-05
1.47031e-05
1.46571e-05
1.45813e-05
1.44732e-05
1.43403e-05
1.4172e-05
1.39656e-05
1.37206e-05
1.34288e-05
1.30865e-05
1.26872e-05
1.22221e-05
1.16857e-05
1.10718e-05
1.03743e-05
9.5862e-06
8.6978e-06
7.69258e-06
6.56191e-06
5.29424e-06
3.90929e-06
2.51492e-06
1.30924e-06
4.79017e-07
7.49065e-08
5.59029e-10
3.7837e-10
6.22941e-08
4.15908e-07
1.1096e-06
1.85102e-06
2.3618e-06
2.59855e-06
2.66365e-06
2.65989e-06
2.64882e-06
2.65843e-06
2.69867e-06
2.77141e-06
2.87551e-06
3.00911e-06
3.17054e-06
3.35844e-06
3.57195e-06
3.81061e-06
4.07402e-06
4.36207e-06
4.67445e-06
5.01062e-06
5.36984e-06
5.75105e-06
6.15271e-06
6.57287e-06
7.00994e-06
7.45958e-06
7.91769e-06
8.37979e-06
8.84104e-06
9.29638e-06
9.74059e-06
1.01688e-05
1.05765e-05
1.09597e-05
1.13147e-05
1.16388e-05
1.193e-05
1.21869e-05
1.2409e-05
1.25963e-05
1.27494e-05
1.28677e-05
1.29539e-05
1.30088e-05
1.30344e-05
1.30353e-05
1.30063e-05
1.29569e-05
1.28795e-05
1.27739e-05
1.26443e-05
1.2486e-05
1.22959e-05
1.20721e-05
1.18097e-05
1.15049e-05
1.11529e-05
1.07447e-05
1.0279e-05
9.75041e-06
9.15092e-06
8.4693e-06
7.7006e-06
6.83515e-06
5.85993e-06
4.7637e-06
3.55373e-06
2.31028e-06
1.21555e-06
4.4957e-07
7.11515e-08
5.33955e-10
3.89257e-10
6.33732e-08
4.11089e-07
1.05134e-06
1.68327e-06
2.07119e-06
2.22981e-06
2.26452e-06
2.25947e-06
2.25801e-06
2.2774e-06
2.32297e-06
2.39513e-06
2.49267e-06
2.61408e-06
2.75818e-06
2.92397e-06
3.11081e-06
3.31854e-06
3.54781e-06
3.79807e-06
4.06882e-06
4.35965e-06
4.67003e-06
4.99924e-06
5.34612e-06
5.709e-06
6.08533e-06
6.47272e-06
6.86789e-06
7.26712e-06
7.6663e-06
8.06108e-06
8.44676e-06
8.81915e-06
9.17417e-06
9.50808e-06
9.8176e-06
1.01e-05
1.03533e-05
1.05759e-05
1.07676e-05
1.09281e-05
1.10572e-05
1.11534e-05
1.12208e-05
1.12602e-05
1.12745e-05
1.12697e-05
1.12365e-05
1.11803e-05
1.1102e-05
1.10004e-05
1.08767e-05
1.07292e-05
1.05556e-05
1.03541e-05
1.01215e-05
9.85511e-06
9.55167e-06
9.20477e-06
8.80944e-06
8.36032e-06
7.85277e-06
7.28104e-06
6.63804e-06
5.91464e-06
5.09832e-06
4.17704e-06
3.15148e-06
2.07609e-06
1.10732e-06
4.14236e-07
6.68606e-08
5.05819e-10
3.98296e-10
6.38032e-08
3.97613e-07
9.66861e-07
1.47067e-06
1.74594e-06
1.84766e-06
1.86863e-06
1.87021e-06
1.8802e-06
1.90784e-06
1.95586e-06
2.02423e-06
2.11235e-06
2.22002e-06
2.3456e-06
2.48835e-06
2.64786e-06
2.82414e-06
3.01697e-06
3.22647e-06
3.45266e-06
3.6952e-06
3.95372e-06
4.22777e-06
4.51645e-06
4.81845e-06
5.13178e-06
5.45442e-06
5.78381e-06
6.11693e-06
6.45043e-06
6.78071e-06
7.10424e-06
7.41718e-06
7.7159e-06
7.99705e-06
8.25769e-06
8.49535e-06
8.7081e-06
8.89437e-06
9.05441e-06
9.18747e-06
9.29231e-06
9.36592e-06
9.41521e-06
9.44233e-06
9.4514e-06
9.43434e-06
9.39606e-06
9.33797e-06
9.26098e-06
9.16483e-06
9.04998e-06
8.91586e-06
8.76158e-06
8.58577e-06
8.38631e-06
8.16012e-06
7.9042e-06
7.61484e-06
7.28857e-06
6.92151e-06
6.50923e-06
6.04689e-06
5.5286e-06
4.94651e-06
4.28936e-06
3.54404e-06
2.70689e-06
1.81097e-06
9.7998e-07
3.72492e-07
6.19875e-08
4.74174e-10
4.04041e-10
6.31705e-08
3.73428e-07
8.49818e-07
1.22093e-06
1.40419e-06
1.47108e-06
1.49088e-06
1.50234e-06
1.5213e-06
1.55368e-06
1.60086e-06
1.66267e-06
1.73858e-06
1.82797e-06
1.9307e-06
2.04641e-06
2.17487e-06
2.31636e-06
2.47082e-06
2.63834e-06
2.81896e-06
3.01272e-06
3.2194e-06
3.43844e-06
3.66912e-06
3.91043e-06
4.16091e-06
4.41891e-06
4.68241e-06
4.94904e-06
5.21615e-06
5.48084e-06
5.74021e-06
5.99117e-06
6.23073e-06
6.4561e-06
6.66478e-06
6.8546e-06
7.0239e-06
7.17113e-06
7.29741e-06
7.40076e-06
7.47773e-06
7.53028e-06
7.56259e-06
7.58151e-06
7.57782e-06
7.55413e-06
7.51331e-06
7.45628e-06
7.38396e-06
7.29663e-06
7.19478e-06
7.0784e-06
6.94676e-06
6.79899e-06
6.63375e-06
6.44932e-06
6.24366e-06
6.01409e-06
5.75785e-06
5.47194e-06
5.15299e-06
4.7972e-06
4.39986e-06
3.95465e-06
3.45206e-06
2.87967e-06
2.22897e-06
1.51821e-06
8.36149e-07
3.24441e-07
5.63847e-08
4.3816e-10
4.04227e-10
6.12161e-08
3.33674e-07
7.00908e-07
9.49624e-07
1.06687e-06
1.11518e-06
1.13859e-06
1.15773e-06
1.1811e-06
1.21241e-06
1.25289e-06
1.30273e-06
1.36191e-06
1.43046e-06
1.5085e-06
1.59616e-06
1.69362e-06
1.80079e-06
1.91766e-06
2.04428e-06
2.18067e-06
2.32684e-06
2.48263e-06
2.64768e-06
2.82143e-06
3.00315e-06
3.19175e-06
3.38598e-06
3.58431e-06
3.78494e-06
3.98586e-06
4.18486e-06
4.37969e-06
4.56799e-06
4.74745e-06
4.91589e-06
5.07132e-06
5.21203e-06
5.3367e-06
5.44394e-06
5.53571e-06
5.60759e-06
5.65944e-06
5.6904e-06
5.71171e-06
5.71777e-06
5.70557e-06
5.6791e-06
5.63949e-06
5.58763e-06
5.52439e-06
5.45025e-06
5.36572e-06
5.27092e-06
5.16569e-06
5.04959e-06
4.92185e-06
4.78138e-06
4.62683e-06
4.45649e-06
4.26841e-06
4.06045e-06
3.83017e-06
3.57477e-06
3.29074e-06
2.97328e-06
2.61487e-06
2.20508e-06
1.73314e-06
1.20512e-06
6.78807e-07
2.70249e-07
4.97411e-08
3.96503e-10
3.95001e-10
5.65114e-08
2.7656e-07
5.26805e-07
6.7835e-07
7.52322e-07
7.89647e-07
8.13622e-07
8.33829e-07
8.55147e-07
8.8017e-07
9.10197e-07
9.46027e-07
9.88051e-07
1.03624e-06
1.09071e-06
1.15163e-06
1.21919e-06
1.29345e-06
1.3744e-06
1.46208e-06
1.55646e-06
1.65753e-06
1.76519e-06
1.87916e-06
1.99906e-06
2.12436e-06
2.2543e-06
2.38797e-06
2.5243e-06
2.66202e-06
2.79968e-06
2.93578e-06
3.06867e-06
3.19671e-06
3.31827e-06
3.43181e-06
3.53593e-06
3.62943e-06
3.71137e-06
3.78077e-06
3.83904e-06
3.88352e-06
3.91225e-06
3.92799e-06
3.93757e-06
3.93403e-06
3.91882e-06
3.89378e-06
3.8598e-06
3.81761e-06
3.76796e-06
3.7113e-06
3.64804e-06
3.57836e-06
3.50237e-06
3.4199e-06
3.33057e-06
3.23376e-06
3.12869e-06
3.01431e-06
2.88942e-06
2.75261e-06
2.6023e-06
2.43659e-06
2.25307e-06
2.04841e-06
1.81713e-06
1.55151e-06
1.24147e-06
8.84411e-07
5.12426e-07
2.09962e-07
4.16294e-08
3.47691e-10
3.68453e-10
4.77261e-08
2.02413e-07
3.46419e-07
4.29485e-07
4.74281e-07
5.00832e-07
5.196e-07
5.35405e-07
5.5095e-07
5.67877e-07
5.87172e-07
6.0949e-07
6.35235e-07
6.64555e-07
6.97565e-07
7.34406e-07
7.75234e-07
8.20128e-07
8.69075e-07
9.21969e-07
9.78865e-07
1.03978e-06
1.1046e-06
1.17316e-06
1.24518e-06
1.32032e-06
1.3981e-06
1.47795e-06
1.55918e-06
1.641e-06
1.72253e-06
1.80281e-06
1.88085e-06
1.95565e-06
2.02622e-06
2.09165e-06
2.15109e-06
2.20381e-06
2.24932e-06
2.28707e-06
2.31735e-06
2.34066e-06
2.35274e-06
2.35802e-06
2.3596e-06
2.35254e-06
2.33908e-06
2.31992e-06
2.29564e-06
2.2667e-06
2.23363e-06
2.19672e-06
2.1563e-06
2.11254e-06
2.06557e-06
2.01536e-06
1.96176e-06
1.90447e-06
1.84308e-06
1.77705e-06
1.70572e-06
1.62831e-06
1.5439e-06
1.45137e-06
1.34927e-06
1.23553e-06
1.10737e-06
9.59714e-07
7.84776e-07
5.7614e-07
3.45898e-07
1.47137e-07
3.17762e-08
2.91604e-10
3.14981e-10
3.44043e-08
1.19145e-07
1.84651e-07
2.23201e-07
2.46397e-07
2.61543e-07
2.72619e-07
2.81766e-07
2.90318e-07
2.99149e-07
3.08839e-07
3.19787e-07
3.32264e-07
3.46405e-07
3.6228e-07
3.7999e-07
3.99608e-07
4.21176e-07
4.447e-07
4.70185e-07
4.97593e-07
5.26868e-07
5.57957e-07
5.90766e-07
6.25151e-07
6.60921e-07
6.9783e-07
7.35582e-07
7.73825e-07
8.12167e-07
8.50172e-07
8.87376e-07
9.23303e-07
9.57478e-07
9.89441e-07
1.01877e-06
1.04508e-06
1.0681e-06
1.0876e-06
1.10336e-06
1.11537e-06
1.12399e-06
1.1281e-06
1.12816e-06
1.12677e-06
1.12142e-06
1.11307e-06
1.10221e-06
1.08909e-06
1.07393e-06
1.057e-06
1.03846e-06
1.0185e-06
9.97199e-07
9.7465e-07
9.50866e-07
9.25798e-07
8.99339e-07
8.71325e-07
8.41533e-07
8.09686e-07
7.75442e-07
7.38387e-07
6.98005e-07
6.53605e-07
6.04194e-07
5.4822e-07
4.83144e-07
4.04681e-07
3.07626e-07
1.93272e-07
8.64672e-08
2.03783e-08
2.33014e-10
2.29023e-10
1.74809e-08
4.67701e-08
6.68097e-08
7.94773e-08
8.77863e-08
9.35349e-08
9.77894e-08
1.01222e-07
1.04291e-07
1.07312e-07
1.10505e-07
1.14027e-07
1.1799e-07
1.22461e-07
1.27487e-07
1.33092e-07
1.39297e-07
1.46115e-07
1.53555e-07
1.61617e-07
1.70288e-07
1.79546e-07
1.89366e-07
1.99711e-07
2.10529e-07
2.21753e-07
2.333e-07
2.45069e-07
2.56946e-07
2.68803e-07
2.80502e-07
2.91896e-07
3.02837e-07
3.1318e-07
3.22788e-07
3.31533e-07
3.39307e-07
3.4602e-07
3.51611e-07
3.56038e-07
3.59279e-07
3.61456e-07
3.62273e-07
3.61965e-07
3.61069e-07
3.5906e-07
3.56077e-07
3.52377e-07
3.48017e-07
3.43038e-07
3.37549e-07
3.31596e-07
3.25248e-07
3.18534e-07
3.1149e-07
3.04127e-07
2.96438e-07
2.88401e-07
2.79975e-07
2.71103e-07
2.6171e-07
2.517e-07
2.40953e-07
2.29314e-07
2.1657e-07
2.02407e-07
1.86323e-07
1.67477e-07
1.44335e-07
1.14547e-07
7.64612e-08
3.66626e-08
9.3691e-09
1.6515e-10
1.23515e-10
3.6579e-09
7.42156e-09
1.01107e-08
1.19884e-08
1.3318e-08
1.42812e-08
1.50042e-08
1.55753e-08
1.60599e-08
1.6508e-08
1.69569e-08
1.74341e-08
1.79602e-08
1.85484e-08
1.92081e-08
1.99451e-08
2.07639e-08
2.16672e-08
2.26563e-08
2.37314e-08
2.48908e-08
2.61317e-08
2.74501e-08
2.88406e-08
3.02958e-08
3.18065e-08
3.3361e-08
3.49459e-08
3.65456e-08
3.8143e-08
3.97195e-08
4.1256e-08
4.27328e-08
4.41307e-08
4.54314e-08
4.66186e-08
4.76776e-08
4.85968e-08
4.93676e-08
4.99845e-08
5.04429e-08
5.07556e-08
5.09009e-08
5.0867e-08
5.07744e-08
5.05396e-08
5.01504e-08
4.96709e-08
4.90991e-08
4.84336e-08
4.76976e-08
4.68966e-08
4.60417e-08
4.51382e-08
4.41912e-08
4.32039e-08
4.21771e-08
4.11094e-08
3.99972e-08
3.88346e-08
3.76135e-08
3.63228e-08
3.4948e-08
3.34701e-08
3.18618e-08
3.00831e-08
2.80679e-08
2.57041e-08
2.27756e-08
1.89023e-08
1.35375e-08
7.09809e-09
1.96683e-09
8.3913e-11
4.81571e-12
2.40295e-11
4.39588e-11
5.98004e-11
7.16802e-11
8.04566e-11
8.69646e-11
9.18592e-11
9.56576e-11
9.87716e-11
1.01526e-10
1.0417e-10
1.06894e-10
1.09843e-10
1.13116e-10
1.16782e-10
1.20889e-10
1.2547e-10
1.30548e-10
1.36133e-10
1.4223e-10
1.48831e-10
1.55921e-10
1.6348e-10
1.71477e-10
1.7987e-10
1.88608e-10
1.97627e-10
2.0685e-10
2.16191e-10
2.25551e-10
2.34827e-10
2.43907e-10
2.52678e-10
2.61029e-10
2.68853e-10
2.7605e-10
2.82534e-10
2.88231e-10
2.93084e-10
2.97057e-10
3.00114e-10
3.02304e-10
3.03576e-10
3.03729e-10
3.03418e-10
3.02446e-10
3.00515e-10
2.97956e-10
2.94844e-10
2.91228e-10
2.87171e-10
2.82715e-10
2.77918e-10
2.72822e-10
2.6746e-10
2.61858e-10
2.56031e-10
2.49978e-10
2.43688e-10
2.37139e-10
2.30291e-10
2.23092e-10
2.15471e-10
2.07331e-10
1.98537e-10
1.88892e-10
1.7807e-10
1.65518e-10
1.50149e-10
1.29877e-10
1.00717e-10
6.14078e-11
2.29666e-11
3.6287e-12
)
;

boundaryField
{
    movingWall
    {
        type            nutkWallFunction;
        Cmu             0.09;
        kappa           0.41;
        E               9.8;
        value           uniform 0;
    }
    fixedWalls
    {
        type            nutkWallFunction;
        Cmu             0.09;
        kappa           0.41;
        E               9.8;
        value           uniform 0;
    }
    frontAndBack
    {
        type            empty;
    }
}


// ************************************************************************* //
