/*--------------------------------*- C++ -*----------------------------------*\
  =========                 |
  \\      /  F ield         | OpenFOAM: The Open Source CFD Toolbox
   \\    /   O peration     | Website:  https://openfoam.org
    \\  /    A nd           | Version:  12
     \\/     M anipulation  |
\*---------------------------------------------------------------------------*/
FoamFile
{
    format      ascii;
    class       volScalarField;
    location    "5";
    object      nut;
}
// * * * * * * * * * * * * * * * * * * * * * * * * * * * * * * * * * * * * * //

dimensions      [0 2 -1 0 0 0 0];

internalField   nonuniform List<scalar> 
5625
(
2.04306e-16
6.17289e-15
1.30857e-14
2.13389e-14
3.06377e-14
4.07595e-14
5.15421e-14
6.28607e-14
7.46129e-14
8.67104e-14
9.9074e-14
1.11631e-13
1.24313e-13
1.37056e-13
1.49799e-13
1.62482e-13
1.75049e-13
1.87444e-13
1.99616e-13
2.11513e-13
2.23087e-13
2.3429e-13
2.45078e-13
2.55407e-13
2.65237e-13
2.7453e-13
2.83248e-13
2.91357e-13
2.98827e-13
3.05628e-13
3.11734e-13
3.1712e-13
3.21765e-13
3.25651e-13
3.28762e-13
3.31085e-13
3.3261e-13
3.3333e-13
3.33243e-13
3.32345e-13
3.30639e-13
3.28129e-13
3.24823e-13
3.20732e-13
3.1587e-13
3.10254e-13
3.03904e-13
2.96842e-13
2.89095e-13
2.80691e-13
2.71661e-13
2.6204e-13
2.51864e-13
2.41173e-13
2.3001e-13
2.1842e-13
2.06449e-13
1.94147e-13
1.81568e-13
1.68766e-13
1.55798e-13
1.42725e-13
1.29609e-13
1.16517e-13
1.03518e-13
9.06872e-14
7.81031e-14
6.58525e-14
5.4032e-14
4.27531e-14
3.21511e-14
2.24009e-14
1.37402e-14
6.48245e-15
2.14549e-16
1.3812e-15
2.01164e-13
1.07378e-12
2.51116e-12
4.22332e-12
6.07423e-12
8.01533e-12
1.0026e-11
1.20932e-11
1.42063e-11
1.63549e-11
1.8529e-11
2.07187e-11
2.29144e-11
2.51063e-11
2.72852e-11
2.94419e-11
3.15675e-11
3.36533e-11
3.56909e-11
3.76722e-11
3.95892e-11
4.14345e-11
4.32008e-11
4.48813e-11
4.64695e-11
4.79591e-11
4.93446e-11
5.06205e-11
5.17819e-11
5.28244e-11
5.37438e-11
5.45366e-11
5.51997e-11
5.57304e-11
5.61265e-11
5.63863e-11
5.65085e-11
5.64924e-11
5.63381e-11
5.60456e-11
5.56158e-11
5.50502e-11
5.43507e-11
5.35196e-11
5.25598e-11
5.14746e-11
5.02678e-11
4.89439e-11
4.75077e-11
4.59644e-11
4.43197e-11
4.258e-11
4.07517e-11
3.88421e-11
3.68585e-11
3.48089e-11
3.27014e-11
3.05447e-11
2.83479e-11
2.61201e-11
2.38712e-11
2.1611e-11
1.93498e-11
1.70982e-11
1.48669e-11
1.26671e-11
1.05102e-11
8.40818e-12
6.37541e-12
4.43445e-12
2.63727e-12
1.12779e-12
2.11288e-13
1.45078e-15
3.06976e-15
5.03695e-13
3.43775e-12
1.027e-11
2.07461e-11
3.3785e-11
4.84154e-11
6.40114e-11
8.02099e-11
9.67968e-11
1.13634e-10
1.30622e-10
1.47678e-10
1.64729e-10
1.81705e-10
1.98542e-10
2.15173e-10
2.31537e-10
2.4757e-10
2.63213e-10
2.78406e-10
2.93093e-10
3.07217e-10
3.20727e-10
3.33572e-10
3.45703e-10
3.57076e-10
3.67647e-10
3.77377e-10
3.8623e-10
3.94173e-10
4.01174e-10
4.07209e-10
4.12252e-10
4.16286e-10
4.19293e-10
4.21262e-10
4.22183e-10
4.22052e-10
4.20869e-10
4.18632e-10
4.15351e-10
4.11035e-10
4.05698e-10
3.99357e-10
3.92035e-10
3.83755e-10
3.74546e-10
3.64441e-10
3.53474e-10
3.41684e-10
3.29114e-10
3.15808e-10
3.01815e-10
2.87186e-10
2.71975e-10
2.56238e-10
2.40034e-10
2.23424e-10
2.06473e-10
1.89244e-10
1.71806e-10
1.5423e-10
1.36588e-10
1.18961e-10
1.01439e-10
8.41319e-11
6.71907e-11
5.08484e-11
3.5496e-11
2.18009e-11
1.07927e-11
3.61278e-12
5.29393e-13
3.22666e-15
5.07304e-15
8.53305e-13
6.22038e-12
2.04356e-11
4.56697e-11
8.14394e-11
1.25734e-10
1.76249e-10
2.31033e-10
2.88633e-10
3.48018e-10
4.08459e-10
4.69425e-10
5.30503e-10
5.91358e-10
6.51703e-10
7.11277e-10
7.69842e-10
8.27174e-10
8.83056e-10
9.37282e-10
9.89653e-10
1.03998e-09
1.08808e-09
1.13377e-09
1.1769e-09
1.21731e-09
1.25485e-09
1.28938e-09
1.32078e-09
1.34893e-09
1.37374e-09
1.3951e-09
1.41295e-09
1.42721e-09
1.43784e-09
1.44477e-09
1.448e-09
1.4475e-09
1.44328e-09
1.43532e-09
1.42366e-09
1.40834e-09
1.38939e-09
1.36688e-09
1.34089e-09
1.3115e-09
1.27879e-09
1.24289e-09
1.20392e-09
1.16199e-09
1.11726e-09
1.06988e-09
1.02001e-09
9.67824e-10
9.13502e-10
8.57238e-10
7.99236e-10
7.3971e-10
6.78888e-10
6.17016e-10
5.54363e-10
4.91236e-10
4.27993e-10
3.6508e-10
3.03079e-10
2.42787e-10
1.85324e-10
1.32258e-10
8.56802e-11
4.80488e-11
2.14992e-11
6.54421e-12
8.97836e-13
5.33823e-15
7.29679e-15
1.23778e-12
9.24092e-12
3.15684e-11
7.40838e-11
1.39148e-10
2.25764e-10
3.30841e-10
4.50531e-10
5.81132e-10
7.19483e-10
8.6304e-10
1.00981e-09
1.15823e-09
1.30705e-09
1.45526e-09
1.60201e-09
1.74654e-09
1.8882e-09
2.02636e-09
2.16048e-09
2.29003e-09
2.41452e-09
2.53348e-09
2.64648e-09
2.75311e-09
2.85298e-09
2.94573e-09
3.03104e-09
3.10859e-09
3.17811e-09
3.23935e-09
3.29209e-09
3.33613e-09
3.37132e-09
3.39753e-09
3.41464e-09
3.4226e-09
3.42137e-09
3.41096e-09
3.39134e-09
3.36258e-09
3.32478e-09
3.27803e-09
3.2225e-09
3.15834e-09
3.08576e-09
3.005e-09
2.9163e-09
2.81996e-09
2.71629e-09
2.60564e-09
2.48838e-09
2.3649e-09
2.23564e-09
2.10107e-09
1.96168e-09
1.81802e-09
1.6707e-09
1.52039e-09
1.36787e-09
1.21403e-09
1.05998e-09
9.07066e-10
7.56995e-10
6.1195e-10
4.74709e-10
3.48718e-10
2.37993e-10
1.46676e-10
7.80788e-11
3.32653e-11
9.73701e-12
1.30433e-12
7.68954e-15
9.6797e-15
1.64819e-12
1.24378e-11
4.32819e-11
1.04136e-10
2.01338e-10
3.36748e-10
5.08374e-10
7.11744e-10
9.41268e-10
1.19126e-09
1.45651e-09
1.73247e-09
2.01535e-09
2.30196e-09
2.58967e-09
2.87624e-09
3.15978e-09
3.43864e-09
3.71135e-09
3.97662e-09
4.23326e-09
4.48017e-09
4.71635e-09
4.94087e-09
5.15285e-09
5.35149e-09
5.53606e-09
5.70586e-09
5.86028e-09
5.99876e-09
6.12078e-09
6.22592e-09
6.31377e-09
6.38403e-09
6.43642e-09
6.47075e-09
6.48687e-09
6.48471e-09
6.4643e-09
6.42555e-09
6.36863e-09
6.2937e-09
6.20098e-09
6.09075e-09
5.96334e-09
5.81915e-09
5.65865e-09
5.48233e-09
5.29079e-09
5.08467e-09
4.86466e-09
4.63153e-09
4.38615e-09
4.12944e-09
3.86245e-09
3.58631e-09
3.30233e-09
3.012e-09
2.71701e-09
2.4194e-09
2.12153e-09
1.82629e-09
1.53714e-09
1.25832e-09
9.9484e-10
7.52482e-10
5.37493e-10
3.55968e-10
2.12756e-10
1.09996e-10
4.57018e-11
1.31306e-11
1.73998e-12
1.0219e-14
1.21754e-14
2.07719e-12
1.57631e-11
5.53946e-11
1.35123e-10
2.65667e-10
4.5269e-10
6.96723e-10
9.94173e-10
1.33877e-09
1.72293e-09
2.13879e-09
2.57887e-09
3.0364e-09
3.50539e-09
3.98067e-09
4.45775e-09
4.93275e-09
5.4023e-09
5.86341e-09
6.31344e-09
6.75003e-09
7.17104e-09
7.57451e-09
7.95867e-09
8.32189e-09
8.66267e-09
8.97965e-09
9.27157e-09
9.53732e-09
9.77585e-09
9.98628e-09
1.01678e-08
1.03197e-08
1.04414e-08
1.05325e-08
1.05925e-08
1.06212e-08
1.06185e-08
1.05844e-08
1.05187e-08
1.04218e-08
1.02939e-08
1.01353e-08
9.94655e-09
9.72826e-09
9.48111e-09
9.2059e-09
8.90356e-09
8.57513e-09
8.22178e-09
7.84483e-09
7.44573e-09
7.02614e-09
6.58788e-09
6.13301e-09
5.66385e-09
5.18308e-09
4.69376e-09
4.1995e-09
3.70447e-09
3.21363e-09
2.73274e-09
2.26849e-09
1.8285e-09
1.42118e-09
1.05531e-09
7.3931e-10
4.8009e-10
2.81552e-10
1.43102e-10
5.86311e-11
1.66779e-11
2.19747e-12
1.288e-14
1.4746e-14
2.51857e-12
1.91741e-11
6.77654e-11
1.66647e-10
3.31003e-10
5.70661e-10
8.89426e-10
1.28564e-09
1.75348e-09
2.28443e-09
2.86862e-09
3.49584e-09
4.15623e-09
4.84061e-09
5.54069e-09
6.24904e-09
6.95908e-09
7.66499e-09
8.36159e-09
9.04427e-09
9.70888e-09
1.03517e-08
1.09694e-08
1.15588e-08
1.21173e-08
1.26422e-08
1.31312e-08
1.35823e-08
1.39935e-08
1.43633e-08
1.46899e-08
1.49722e-08
1.52089e-08
1.53991e-08
1.55421e-08
1.56371e-08
1.56837e-08
1.56817e-08
1.56312e-08
1.55318e-08
1.53839e-08
1.5188e-08
1.49447e-08
1.46546e-08
1.43189e-08
1.39385e-08
1.35148e-08
1.30494e-08
1.25439e-08
1.20003e-08
1.14209e-08
1.08082e-08
1.01651e-08
9.49466e-09
8.8007e-09
8.08738e-09
7.35952e-09
6.62264e-09
5.88309e-09
5.14816e-09
4.42618e-09
3.72661e-09
3.0599e-09
2.43735e-09
1.8706e-09
1.37084e-09
9.47628e-10
6.07402e-10
3.51933e-10
1.77e-10
7.19134e-11
2.03359e-11
2.67052e-12
1.56344e-14
1.73592e-14
2.96693e-12
2.2632e-11
8.02672e-11
1.98393e-10
3.96616e-10
6.88994e-10
1.0829e-09
1.57917e-09
2.17319e-09
2.85632e-09
3.61745e-09
4.44412e-09
5.32369e-09
6.24383e-09
7.19294e-09
8.16033e-09
9.13628e-09
1.0112e-08
1.10796e-08
1.20319e-08
1.29625e-08
1.38656e-08
1.4736e-08
1.55687e-08
1.63595e-08
1.71045e-08
1.77999e-08
1.84427e-08
1.90298e-08
1.95585e-08
2.00267e-08
2.04321e-08
2.0773e-08
2.1048e-08
2.12556e-08
2.13951e-08
2.14656e-08
2.14667e-08
2.13985e-08
2.12604e-08
2.1053e-08
2.07769e-08
2.04329e-08
2.00223e-08
1.95462e-08
1.90066e-08
1.84054e-08
1.77449e-08
1.70278e-08
1.62573e-08
1.54368e-08
1.45704e-08
1.36625e-08
1.27185e-08
1.17442e-08
1.07462e-08
9.73228e-09
8.71106e-09
7.69237e-09
6.6873e-09
5.70815e-09
4.76841e-09
3.88246e-09
3.06508e-09
2.33065e-09
1.69197e-09
1.15878e-09
7.36209e-10
4.23159e-10
2.11371e-10
8.54182e-11
2.40649e-11
3.15354e-12
1.84484e-14
1.99869e-14
3.41754e-12
2.61022e-11
9.27836e-11
2.30083e-10
4.61928e-10
8.06528e-10
1.27485e-09
1.87048e-09
2.59038e-09
3.42636e-09
4.36659e-09
5.39704e-09
6.5026e-09
7.66806e-09
8.87867e-09
1.01204e-08
1.13803e-08
1.26464e-08
1.39076e-08
1.5154e-08
1.63764e-08
1.75667e-08
1.87171e-08
1.98209e-08
2.08718e-08
2.1864e-08
2.27923e-08
2.36521e-08
2.44391e-08
2.51494e-08
2.57797e-08
2.63269e-08
2.67885e-08
2.71622e-08
2.74461e-08
2.76388e-08
2.77392e-08
2.77466e-08
2.7661e-08
2.74816e-08
2.7209e-08
2.68442e-08
2.63882e-08
2.58426e-08
2.52094e-08
2.4491e-08
2.36903e-08
2.28106e-08
2.18559e-08
2.08308e-08
1.97402e-08
1.85903e-08
1.73875e-08
1.61397e-08
1.48553e-08
1.35443e-08
1.22175e-08
1.08874e-08
9.56784e-09
8.27397e-09
7.02236e-09
5.8306e-09
4.71682e-09
3.69892e-09
2.79346e-09
2.01416e-09
1.37037e-09
8.65278e-10
4.94611e-10
2.45918e-10
9.90202e-11
2.78272e-11
3.64141e-12
2.12918e-14
2.26044e-14
3.86621e-12
2.95536e-11
1.05209e-10
2.61467e-10
5.26437e-10
9.22333e-10
1.46363e-09
2.15664e-09
3.00011e-09
3.98657e-09
5.10387e-09
6.33679e-09
7.66823e-09
9.08043e-09
1.05557e-08
1.20769e-08
1.36279e-08
1.51932e-08
1.67589e-08
1.83119e-08
1.98403e-08
2.13329e-08
2.27797e-08
2.41715e-08
2.54999e-08
2.6757e-08
2.79358e-08
2.903e-08
3.00336e-08
3.09416e-08
3.17491e-08
3.2452e-08
3.30468e-08
3.35303e-08
3.39e-08
3.41537e-08
3.42898e-08
3.43073e-08
3.42062e-08
3.39852e-08
3.36451e-08
3.31869e-08
3.26123e-08
3.19232e-08
3.11222e-08
3.02125e-08
2.91982e-08
2.80837e-08
2.68744e-08
2.55766e-08
2.41974e-08
2.27447e-08
2.1228e-08
1.96575e-08
1.80451e-08
1.64041e-08
1.47491e-08
1.30967e-08
1.14649e-08
9.87313e-09
8.34228e-09
6.89391e-09
5.54963e-09
4.3301e-09
3.25352e-09
2.33415e-09
1.58049e-09
9.93546e-10
5.65712e-10
2.80349e-10
1.12598e-10
3.15874e-11
4.12934e-12
2.41361e-14
2.51903e-14
4.30931e-12
3.29589e-11
1.17449e-10
2.92317e-10
5.89697e-10
1.03562e-09
1.6479e-09
2.43546e-09
3.39885e-09
4.53143e-09
5.82096e-09
7.25127e-09
8.80373e-09
1.04582e-08
1.21945e-08
1.39926e-08
1.5833e-08
1.76975e-08
1.95689e-08
2.1431e-08
2.3269e-08
2.5069e-08
2.68183e-08
2.85053e-08
3.0119e-08
3.16495e-08
3.30879e-08
3.44257e-08
3.56555e-08
3.67705e-08
3.77645e-08
3.86321e-08
3.93686e-08
3.99697e-08
4.04321e-08
4.07529e-08
4.093e-08
4.09616e-08
4.0848e-08
4.05871e-08
4.01799e-08
3.96277e-08
3.89324e-08
3.80964e-08
3.71231e-08
3.60166e-08
3.4782e-08
3.34252e-08
3.19532e-08
3.0374e-08
2.8697e-08
2.69326e-08
2.50928e-08
2.31913e-08
2.12431e-08
1.92652e-08
1.72763e-08
1.52972e-08
1.335e-08
1.14588e-08
9.64837e-09
7.94415e-09
6.37101e-09
4.95192e-09
3.7065e-09
2.64921e-09
1.78747e-09
1.12001e-09
6.35898e-10
3.1438e-10
1.26033e-10
3.53113e-11
4.61279e-12
2.69547e-14
2.77263e-14
4.74372e-12
3.62945e-11
1.29421e-10
3.22435e-10
6.51317e-10
1.1457e-09
1.82654e-09
2.70521e-09
3.78394e-09
5.05693e-09
6.51197e-09
8.13213e-09
9.89741e-09
1.17858e-08
1.37746e-08
1.58411e-08
1.79633e-08
2.01198e-08
2.22904e-08
2.44562e-08
2.65994e-08
2.87034e-08
3.07529e-08
3.27336e-08
3.46323e-08
3.64368e-08
3.8136e-08
3.97197e-08
4.11784e-08
4.25037e-08
4.3688e-08
4.47243e-08
4.56067e-08
4.63299e-08
4.68895e-08
4.72818e-08
4.75039e-08
4.75536e-08
4.74311e-08
4.71336e-08
4.66622e-08
4.60183e-08
4.5204e-08
4.42225e-08
4.30778e-08
4.17749e-08
4.032e-08
3.87206e-08
3.69853e-08
3.51242e-08
3.31487e-08
3.10721e-08
2.89091e-08
2.66767e-08
2.43934e-08
2.208e-08
1.97594e-08
1.74563e-08
1.51974e-08
1.30108e-08
1.09254e-08
8.97015e-09
7.17296e-09
5.55884e-09
4.14865e-09
2.95687e-09
1.98973e-09
1.2437e-09
7.04613e-10
3.47731e-10
1.39211e-10
3.89659e-11
5.08737e-12
2.9722e-14
3.01973e-14
5.16685e-12
3.95409e-11
1.41057e-10
3.51654e-10
7.10969e-10
1.25202e-09
1.99865e-09
2.9645e-09
4.15332e-09
5.56009e-09
7.17264e-09
8.97338e-09
1.09411e-08
1.30521e-08
1.52815e-08
1.76043e-08
1.99957e-08
2.24319e-08
2.48899e-08
2.7348e-08
2.97856e-08
3.21837e-08
3.45242e-08
3.67904e-08
3.89669e-08
4.10393e-08
4.29942e-08
4.48195e-08
4.65041e-08
4.80375e-08
4.94107e-08
5.06154e-08
5.16441e-08
5.24906e-08
5.31492e-08
5.36154e-08
5.38855e-08
5.39567e-08
5.38292e-08
5.34993e-08
5.29681e-08
5.22372e-08
5.1309e-08
5.01871e-08
4.88761e-08
4.73822e-08
4.57127e-08
4.38765e-08
4.18838e-08
3.97468e-08
3.74793e-08
3.50971e-08
3.2618e-08
3.0062e-08
2.74513e-08
2.48105e-08
2.21665e-08
1.9548e-08
1.69861e-08
1.45127e-08
1.21607e-08
9.96244e-09
7.94848e-09
6.14587e-09
4.57648e-09
3.25472e-09
2.18569e-09
1.36365e-09
7.71304e-10
3.80124e-10
1.52018e-10
4.2519e-11
5.54888e-12
3.24131e-14
3.25914e-14
5.57667e-12
4.26826e-11
1.52303e-10
3.79842e-10
7.68391e-10
1.35412e-09
2.16352e-09
3.21228e-09
4.50547e-09
6.03874e-09
7.79993e-09
9.77085e-09
1.19291e-08
1.42496e-08
1.67054e-08
1.92695e-08
2.19147e-08
2.46147e-08
2.7344e-08
3.00784e-08
3.2795e-08
3.5472e-08
3.80891e-08
4.06274e-08
4.3069e-08
4.53975e-08
4.75977e-08
4.96553e-08
5.15574e-08
5.32921e-08
5.48486e-08
5.62171e-08
5.73891e-08
5.83567e-08
5.91135e-08
5.96541e-08
5.99738e-08
6.00691e-08
5.99402e-08
5.95826e-08
5.89971e-08
5.81856e-08
5.71507e-08
5.58964e-08
5.44281e-08
5.27526e-08
5.08784e-08
4.88159e-08
4.6577e-08
4.41758e-08
4.16284e-08
3.89531e-08
3.61707e-08
3.33043e-08
3.03796e-08
2.74248e-08
2.44706e-08
2.15501e-08
1.86979e-08
1.595e-08
1.3343e-08
1.09124e-08
8.69111e-09
6.70826e-09
4.9866e-09
3.54045e-09
2.37381e-09
1.47888e-09
8.3542e-10
4.11285e-10
1.64343e-10
4.59394e-11
5.99319e-12
3.5004e-14
3.49002e-14
5.97175e-12
4.57086e-11
1.63119e-10
4.06904e-10
8.23398e-10
1.45169e-09
2.32066e-09
3.44779e-09
4.83933e-09
6.49142e-09
8.39183e-09
1.05218e-08
1.28578e-08
1.53735e-08
1.804e-08
2.08285e-08
2.37097e-08
2.6655e-08
2.96368e-08
3.26285e-08
3.56048e-08
3.85419e-08
4.14172e-08
4.42097e-08
4.68995e-08
4.94682e-08
5.18986e-08
5.41748e-08
5.6282e-08
5.82069e-08
5.99371e-08
6.14614e-08
6.277e-08
6.3854e-08
6.47058e-08
6.53189e-08
6.56881e-08
6.5809e-08
6.56819e-08
6.5301e-08
6.46674e-08
6.37828e-08
6.265e-08
6.12734e-08
5.96589e-08
5.78142e-08
5.5749e-08
5.34746e-08
5.10048e-08
4.83555e-08
4.55449e-08
4.25938e-08
3.95257e-08
3.63667e-08
3.31459e-08
2.9895e-08
2.66483e-08
2.34427e-08
2.03166e-08
1.73097e-08
1.44619e-08
1.18117e-08
9.39464e-09
7.2414e-09
5.37565e-09
3.8117e-09
2.55254e-09
1.58844e-09
8.96414e-10
4.40943e-10
1.76078e-10
4.91964e-11
6.41628e-12
3.74711e-14
3.71188e-14
6.35124e-12
4.86125e-11
1.73484e-10
4.32786e-10
8.75884e-10
1.54453e-09
2.46978e-09
3.67065e-09
5.15435e-09
6.91737e-09
8.94732e-09
1.12248e-08
1.37253e-08
1.6421e-08
1.92817e-08
2.22765e-08
2.53745e-08
2.8545e-08
3.17583e-08
3.49858e-08
3.82003e-08
4.13758e-08
4.44879e-08
4.75135e-08
5.0431e-08
5.32203e-08
5.58623e-08
5.83396e-08
6.06359e-08
6.27363e-08
6.46271e-08
6.62959e-08
6.77315e-08
6.89241e-08
6.9865e-08
7.0547e-08
7.09638e-08
7.11104e-08
7.09872e-08
7.05872e-08
6.99114e-08
6.89616e-08
6.77407e-08
6.62533e-08
6.45058e-08
6.25066e-08
6.02663e-08
5.77976e-08
5.51155e-08
5.22377e-08
4.91843e-08
4.59785e-08
4.26462e-08
3.92165e-08
3.57214e-08
3.21959e-08
2.86779e-08
2.52075e-08
2.18269e-08
1.85792e-08
1.55073e-08
1.26527e-08
1.0053e-08
7.74068e-09
5.7403e-09
4.06614e-09
2.72032e-09
1.69135e-09
9.53739e-10
4.68828e-10
1.87113e-10
5.22596e-11
6.8142e-12
3.97913e-14
3.92461e-14
6.71496e-12
5.1393e-11
1.83393e-10
4.57477e-10
9.25829e-10
1.63264e-09
2.61086e-09
3.88083e-09
5.45049e-09
7.31654e-09
9.46628e-09
1.18796e-08
1.45311e-08
1.73915e-08
2.04293e-08
2.36119e-08
2.69066e-08
3.0281e-08
3.37035e-08
3.71439e-08
4.05729e-08
4.3963e-08
4.7288e-08
5.05231e-08
5.36452e-08
5.66324e-08
5.94643e-08
6.21222e-08
6.45882e-08
6.68463e-08
6.88816e-08
7.06805e-08
7.22307e-08
7.35215e-08
7.45433e-08
7.52879e-08
7.57484e-08
7.59196e-08
7.58011e-08
7.53852e-08
7.46728e-08
7.36657e-08
7.23667e-08
7.07808e-08
6.89146e-08
6.67773e-08
6.438e-08
6.17366e-08
5.88634e-08
5.57794e-08
5.25067e-08
4.90705e-08
4.54989e-08
4.18236e-08
3.80794e-08
3.43042e-08
3.0539e-08
2.68273e-08
2.32143e-08
1.97464e-08
1.64694e-08
1.34273e-08
1.066e-08
8.20151e-09
6.07719e-09
4.30142e-09
2.87558e-09
1.78664e-09
1.00685e-09
4.94674e-10
1.97343e-10
5.50993e-11
7.18306e-12
4.1942e-14
4.12849e-14
7.06339e-12
5.40536e-11
1.92859e-10
4.81011e-10
9.73306e-10
1.71614e-09
2.74412e-09
4.07868e-09
5.72826e-09
7.6896e-09
9.94957e-09
1.24873e-08
1.52763e-08
1.82862e-08
2.14839e-08
2.48354e-08
2.83063e-08
3.18627e-08
3.54715e-08
3.91005e-08
4.27193e-08
4.62986e-08
4.98108e-08
5.32297e-08
5.65308e-08
5.96909e-08
6.26886e-08
6.55036e-08
6.81173e-08
7.05124e-08
7.2673e-08
7.45846e-08
7.62342e-08
7.76101e-08
7.8702e-08
7.9501e-08
7.99993e-08
8.01918e-08
8.00776e-08
7.96478e-08
7.89036e-08
7.78466e-08
7.64796e-08
7.48077e-08
7.28379e-08
7.05797e-08
6.80449e-08
6.52483e-08
6.2207e-08
5.89417e-08
5.54757e-08
5.1836e-08
4.80527e-08
4.41598e-08
4.01945e-08
3.61973e-08
3.22121e-08
2.8285e-08
2.44644e-08
2.07993e-08
1.73384e-08
1.41279e-08
1.12096e-08
8.61927e-09
6.38293e-09
4.51517e-09
3.01676e-09
1.87337e-09
1.05521e-09
5.18215e-10
2.06663e-10
5.76863e-11
7.51906e-12
4.39009e-14
4.3242e-14
7.39768e-12
5.66033e-11
2.01913e-10
5.03469e-10
1.01848e-09
1.79533e-09
2.87005e-09
4.26493e-09
5.98871e-09
8.03796e-09
1.0399e-08
1.30501e-08
1.59637e-08
1.9108e-08
2.24488e-08
2.59503e-08
2.9577e-08
3.32933e-08
3.70647e-08
4.08577e-08
4.46404e-08
4.83823e-08
5.20546e-08
5.56299e-08
5.90826e-08
6.23885e-08
6.55252e-08
6.84716e-08
7.12081e-08
7.37168e-08
7.5981e-08
7.79854e-08
7.97164e-08
8.11616e-08
8.23103e-08
8.31529e-08
8.36811e-08
8.38899e-08
8.37776e-08
8.33345e-08
8.25622e-08
8.1462e-08
8.00367e-08
7.82914e-08
7.62332e-08
7.3872e-08
7.12202e-08
6.8293e-08
6.51086e-08
6.16883e-08
5.80571e-08
5.42431e-08
5.02783e-08
4.61983e-08
4.20425e-08
3.78537e-08
3.3678e-08
2.95643e-08
2.55631e-08
2.17262e-08
1.81046e-08
1.47465e-08
1.16958e-08
8.98935e-09
6.65417e-09
4.70504e-09
3.14232e-09
1.95056e-09
1.09829e-09
5.39193e-10
2.14969e-10
5.9992e-11
7.81847e-12
4.56463e-14
4.51282e-14
7.71968e-12
5.90563e-11
2.10607e-10
5.2498e-10
1.06162e-09
1.87069e-09
2.98942e-09
4.44073e-09
6.23346e-09
8.3638e-09
1.08174e-08
1.35714e-08
1.65971e-08
1.98615e-08
2.33289e-08
2.69622e-08
3.07244e-08
3.45785e-08
3.84888e-08
4.24206e-08
4.63408e-08
5.02178e-08
5.40218e-08
5.77247e-08
6.12999e-08
6.47225e-08
6.79695e-08
7.10192e-08
7.38515e-08
7.64478e-08
7.8791e-08
8.08656e-08
8.26574e-08
8.41537e-08
8.53433e-08
8.62161e-08
8.67645e-08
8.69821e-08
8.68677e-08
8.64103e-08
8.56123e-08
8.44746e-08
8.3e-08
8.11933e-08
7.90621e-08
7.66162e-08
7.38684e-08
7.08342e-08
6.75325e-08
6.39855e-08
6.02187e-08
5.62617e-08
5.21475e-08
4.79133e-08
4.36e-08
3.92523e-08
3.49183e-08
3.06488e-08
2.64966e-08
2.25154e-08
1.87584e-08
1.52756e-08
1.21125e-08
9.30716e-09
6.88754e-09
4.86869e-09
3.2507e-09
2.01728e-09
1.13556e-09
5.57351e-10
2.22161e-10
6.19883e-11
8.07767e-12
4.71571e-14
4.69581e-14
8.03193e-12
6.14319e-11
2.19011e-10
5.4572e-10
1.10308e-09
1.94285e-09
3.10326e-09
4.60762e-09
6.46465e-09
8.66998e-09
1.12083e-08
1.40557e-08
1.7182e-08
2.05529e-08
2.41313e-08
2.78786e-08
3.17564e-08
3.57266e-08
3.97521e-08
4.37973e-08
4.7828e-08
5.18119e-08
5.57184e-08
5.95187e-08
6.31858e-08
6.66944e-08
7.0021e-08
7.31437e-08
7.60423e-08
7.86978e-08
8.10932e-08
8.32127e-08
8.50421e-08
8.65686e-08
8.77807e-08
8.86684e-08
8.92243e-08
8.94419e-08
8.93186e-08
8.88446e-08
8.80219e-08
8.68513e-08
8.53353e-08
8.3479e-08
8.12897e-08
7.87773e-08
7.59548e-08
7.2838e-08
6.9446e-08
6.58014e-08
6.19304e-08
5.78631e-08
5.36336e-08
4.928e-08
4.48444e-08
4.03729e-08
3.59149e-08
3.15229e-08
2.72513e-08
2.31555e-08
1.92904e-08
1.57075e-08
1.24536e-08
9.56819e-09
7.07976e-09
5.00384e-09
3.3404e-09
2.0726e-09
1.1665e-09
5.72444e-10
2.28141e-10
6.36484e-11
8.29317e-12
4.84129e-14
4.87506e-14
8.33762e-12
6.37549e-11
2.27214e-10
5.65911e-10
1.14332e-09
2.01262e-09
3.21286e-09
4.76753e-09
6.685e-09
8.96009e-09
1.15764e-08
1.45085e-08
1.7725e-08
2.11898e-08
2.48644e-08
2.87087e-08
3.2683e-08
3.67478e-08
4.0865e-08
4.49981e-08
4.9112e-08
5.31739e-08
5.71526e-08
6.10191e-08
6.47461e-08
6.83082e-08
7.16819e-08
7.48454e-08
7.77786e-08
8.04627e-08
8.28809e-08
8.50177e-08
8.6859e-08
8.83923e-08
8.96059e-08
9.04912e-08
9.10397e-08
9.12459e-08
9.11055e-08
9.06107e-08
8.97628e-08
8.85625e-08
8.70123e-08
8.51171e-08
8.28842e-08
8.03236e-08
7.7448e-08
7.42732e-08
7.08185e-08
6.71066e-08
6.31638e-08
5.90206e-08
5.47116e-08
5.02752e-08
4.57545e-08
4.11961e-08
3.66506e-08
3.21714e-08
2.78141e-08
2.36355e-08
1.96914e-08
1.60348e-08
1.27136e-08
9.76804e-09
7.22763e-09
5.10824e-09
3.40997e-09
2.11564e-09
1.19063e-09
5.84232e-10
2.32816e-10
6.49465e-11
8.46164e-12
4.93944e-14
5.05278e-14
8.64059e-12
6.60547e-11
2.35321e-10
5.8582e-10
1.18289e-09
2.08098e-09
3.31978e-09
4.92276e-09
6.8977e-09
9.23836e-09
1.19269e-08
1.49365e-08
1.82337e-08
2.1781e-08
2.5538e-08
2.94632e-08
3.35153e-08
3.76538e-08
4.18394e-08
4.60348e-08
5.02043e-08
5.43147e-08
5.83346e-08
6.22349e-08
6.59884e-08
6.957e-08
7.29565e-08
7.61266e-08
7.90606e-08
8.17406e-08
8.415e-08
8.62741e-08
8.80993e-08
8.96135e-08
9.08062e-08
9.16687e-08
9.21929e-08
9.23745e-08
9.2207e-08
9.16854e-08
9.08103e-08
8.95823e-08
8.8004e-08
8.608e-08
8.38176e-08
8.12265e-08
7.83193e-08
7.51116e-08
7.16224e-08
6.78741e-08
6.38931e-08
5.97096e-08
5.53581e-08
5.08773e-08
4.63102e-08
4.17039e-08
3.71092e-08
3.25801e-08
2.81729e-08
2.39448e-08
1.99528e-08
1.62505e-08
1.28867e-08
9.90256e-09
7.32811e-09
5.17981e-09
3.45801e-09
2.14555e-09
1.20748e-09
5.92493e-10
2.36099e-10
6.58586e-11
8.57998e-12
5.00835e-14
5.23157e-14
8.94527e-12
6.83655e-11
2.43455e-10
6.05758e-10
1.2224e-09
2.14903e-09
3.42579e-09
5.07594e-09
7.10639e-09
9.50957e-09
1.2266e-08
1.53468e-08
1.87167e-08
2.23361e-08
2.61628e-08
3.01536e-08
3.42656e-08
3.84572e-08
4.2688e-08
4.692e-08
5.11172e-08
5.5246e-08
5.92751e-08
6.31757e-08
6.6921e-08
7.04866e-08
7.385e-08
7.69907e-08
7.989e-08
8.25309e-08
8.4898e-08
8.69773e-08
8.87563e-08
9.02238e-08
9.13707e-08
9.21883e-08
9.26695e-08
9.28113e-08
9.26052e-08
9.20494e-08
9.11438e-08
8.9889e-08
8.82875e-08
8.63441e-08
8.40656e-08
8.14616e-08
7.85442e-08
7.53287e-08
7.18334e-08
6.80804e-08
6.40953e-08
5.9908e-08
5.55524e-08
5.10667e-08
4.64936e-08
4.18799e-08
3.7276e-08
3.2736e-08
2.83162e-08
2.4074e-08
2.00666e-08
1.63482e-08
1.29681e-08
9.96789e-09
7.37839e-09
5.21657e-09
3.48325e-09
2.16155e-09
1.21663e-09
5.97022e-10
2.3791e-10
6.63627e-11
8.64537e-12
5.04639e-14
5.41429e-14
9.25661e-12
7.07254e-11
2.51754e-10
6.26069e-10
1.26258e-09
2.21802e-09
3.53288e-09
5.22997e-09
7.31507e-09
9.77894e-09
1.26e-08
1.57473e-08
1.91831e-08
2.28654e-08
2.67501e-08
3.07919e-08
3.49465e-08
3.91708e-08
4.34237e-08
4.76664e-08
5.18627e-08
5.5979e-08
5.99845e-08
6.38507e-08
6.75519e-08
7.10646e-08
7.43674e-08
7.74412e-08
8.02685e-08
8.28338e-08
8.51232e-08
8.71239e-08
8.8825e-08
9.02169e-08
9.12911e-08
9.20401e-08
9.24583e-08
9.25429e-08
9.22858e-08
9.16873e-08
9.07468e-08
8.9465e-08
8.78447e-08
8.58904e-08
8.36088e-08
8.1009e-08
7.81027e-08
7.49043e-08
7.14316e-08
6.77058e-08
6.37515e-08
5.95976e-08
5.52771e-08
5.08272e-08
4.62896e-08
4.171e-08
3.71384e-08
3.26279e-08
2.82342e-08
2.40146e-08
2.00258e-08
1.63222e-08
1.29531e-08
9.9606e-09
7.37597e-09
5.2168e-09
3.48455e-09
2.16297e-09
1.2177e-09
5.97641e-10
2.38178e-10
6.644e-11
8.65539e-12
5.05216e-14
5.60411e-14
9.58002e-12
7.31761e-11
2.60367e-10
6.47132e-10
1.30417e-09
2.28931e-09
3.6432e-09
5.38799e-09
7.52803e-09
1.0052e-08
1.2936e-08
1.61461e-08
1.96421e-08
2.33792e-08
2.73109e-08
3.13898e-08
3.55699e-08
3.98067e-08
4.40583e-08
4.82854e-08
5.24517e-08
5.65239e-08
6.04718e-08
6.4268e-08
6.78879e-08
7.13094e-08
7.45128e-08
7.74807e-08
8.01974e-08
8.26494e-08
8.48242e-08
8.67115e-08
8.83021e-08
8.95875e-08
9.05606e-08
9.12163e-08
9.15512e-08
9.156e-08
9.12392e-08
9.05886e-08
8.9608e-08
8.82987e-08
8.66638e-08
8.47078e-08
8.24371e-08
7.98599e-08
7.69873e-08
7.38326e-08
7.04126e-08
6.67471e-08
6.28596e-08
5.87774e-08
5.45319e-08
5.0159e-08
4.56987e-08
4.11954e-08
3.66974e-08
3.22567e-08
2.79279e-08
2.3767e-08
1.98304e-08
1.61721e-08
1.28412e-08
9.88007e-09
7.32025e-09
5.17997e-09
3.46153e-09
2.14952e-09
1.21052e-09
5.94261e-10
2.36869e-10
6.60798e-11
8.60855e-12
5.02474e-14
5.80434e-14
9.92125e-12
7.5762e-11
2.69456e-10
6.69351e-10
1.34802e-09
2.36433e-09
3.75902e-09
5.55331e-09
7.74975e-09
1.03346e-08
1.32808e-08
1.65514e-08
2.01029e-08
2.38875e-08
2.78558e-08
3.19582e-08
3.61467e-08
4.03756e-08
4.46021e-08
4.87865e-08
5.28927e-08
5.68882e-08
6.07436e-08
6.44329e-08
6.79331e-08
7.12241e-08
7.42883e-08
7.71103e-08
7.96769e-08
8.19767e-08
8.39999e-08
8.57377e-08
8.71828e-08
8.83302e-08
8.91753e-08
8.97139e-08
8.99435e-08
8.98598e-08
8.94625e-08
8.87513e-08
8.77269e-08
8.63907e-08
8.47455e-08
8.27955e-08
8.05467e-08
7.80073e-08
7.51873e-08
7.20993e-08
6.87587e-08
6.51839e-08
6.13967e-08
5.74225e-08
5.32908e-08
4.90351e-08
4.46936e-08
4.03086e-08
3.59266e-08
3.15977e-08
2.73747e-08
2.33121e-08
1.94648e-08
1.58858e-08
1.26234e-08
9.71978e-09
7.20674e-09
5.10318e-09
3.41238e-09
2.12019e-09
1.19457e-09
5.86647e-10
2.33895e-10
6.52598e-11
8.5022e-12
4.96269e-14
6.01847e-14
1.02863e-11
7.85293e-11
2.79188e-10
6.93147e-10
1.39497e-09
2.44458e-09
3.88268e-09
5.72928e-09
7.98472e-09
1.06322e-08
1.36412e-08
1.6971e-08
2.0574e-08
2.43992e-08
2.83939e-08
3.25061e-08
3.66857e-08
4.08856e-08
4.50622e-08
4.91759e-08
5.3191e-08
5.70759e-08
6.08027e-08
6.43472e-08
6.76886e-08
7.0809e-08
7.36934e-08
7.63291e-08
7.87057e-08
8.08145e-08
8.26475e-08
8.42e-08
8.54684e-08
8.64487e-08
8.71378e-08
8.75343e-08
8.76364e-08
8.74435e-08
8.69556e-08
8.61734e-08
8.50981e-08
8.37319e-08
8.2078e-08
8.01408e-08
7.79258e-08
7.54405e-08
7.26938e-08
6.96972e-08
6.64643e-08
6.30116e-08
5.93586e-08
5.5529e-08
5.15503e-08
4.74537e-08
4.32746e-08
3.90524e-08
3.48307e-08
3.06567e-08
2.65809e-08
2.26555e-08
1.89333e-08
1.54661e-08
1.23014e-08
9.48056e-09
7.03575e-09
4.98643e-09
3.33701e-09
2.07487e-09
1.16976e-09
5.74751e-10
2.29235e-10
6.39743e-11
8.33559e-12
4.86554e-14
6.25003e-14
1.06812e-11
8.15253e-11
2.89732e-10
7.18949e-10
1.44589e-09
2.53159e-09
4.01653e-09
5.91924e-09
8.23732e-09
1.09503e-08
1.40235e-08
1.74116e-08
2.10628e-08
2.49218e-08
2.89325e-08
3.30401e-08
3.71924e-08
4.13411e-08
4.5442e-08
4.94556e-08
5.33473e-08
5.70866e-08
6.06477e-08
6.40086e-08
6.71512e-08
7.00607e-08
7.27247e-08
7.5134e-08
7.72811e-08
7.91597e-08
8.07679e-08
8.21027e-08
8.31615e-08
8.39445e-08
8.44515e-08
8.46826e-08
8.46384e-08
8.43202e-08
8.37294e-08
8.28679e-08
8.17378e-08
8.0342e-08
7.8684e-08
7.67678e-08
7.45989e-08
7.21837e-08
6.95302e-08
6.66479e-08
6.35491e-08
6.02488e-08
5.67647e-08
5.31174e-08
4.93309e-08
4.54335e-08
4.14572e-08
3.74384e-08
3.34175e-08
2.94385e-08
2.55488e-08
2.17979e-08
1.8236e-08
1.4913e-08
1.18749e-08
9.1623e-09
6.80719e-09
4.82967e-09
3.23539e-09
2.01354e-09
1.13609e-09
5.58574e-10
2.22892e-10
6.22239e-11
8.10878e-12
4.73335e-14
6.5025e-14
1.1112e-11
8.47967e-11
3.0126e-10
7.47187e-10
1.50165e-09
2.62682e-09
4.16287e-09
6.12637e-09
8.51164e-09
1.12939e-08
1.44332e-08
1.78791e-08
2.15748e-08
2.54604e-08
2.94758e-08
3.35633e-08
3.76687e-08
4.17423e-08
4.574e-08
4.96227e-08
5.33571e-08
5.69146e-08
6.0272e-08
6.34101e-08
6.63141e-08
6.89721e-08
7.13758e-08
7.35195e-08
7.53986e-08
7.70134e-08
7.83625e-08
7.94458e-08
8.02662e-08
8.08264e-08
8.11279e-08
8.11737e-08
8.09668e-08
8.05102e-08
7.9807e-08
7.88602e-08
7.76732e-08
7.62493e-08
7.45921e-08
7.27058e-08
7.05952e-08
6.82658e-08
6.57245e-08
6.29799e-08
6.00425e-08
5.69242e-08
5.36401e-08
5.02078e-08
4.66486e-08
4.29872e-08
3.92521e-08
3.54759e-08
3.16951e-08
2.795e-08
2.42843e-08
2.07441e-08
1.73767e-08
1.42291e-08
1.13459e-08
8.76624e-09
6.52187e-09
4.63339e-09
3.10781e-09
1.93637e-09
1.09366e-09
5.38163e-10
2.14885e-10
6.00143e-11
7.82257e-12
4.56658e-14
6.77924e-14
1.15845e-11
8.83885e-11
3.13935e-10
7.78273e-10
1.56307e-09
2.73172e-09
4.32381e-09
6.35356e-09
8.81124e-09
1.16668e-08
1.48744e-08
1.83775e-08
2.21133e-08
2.6017e-08
3.00244e-08
3.40746e-08
3.81113e-08
4.20843e-08
4.59492e-08
4.96684e-08
5.32102e-08
5.65488e-08
5.9664e-08
6.25401e-08
6.51655e-08
6.75331e-08
6.96384e-08
7.14789e-08
7.30571e-08
7.4374e-08
7.54313e-08
7.62369e-08
7.67949e-08
7.71098e-08
7.7187e-08
7.70319e-08
7.66498e-08
7.60456e-08
7.52239e-08
7.41892e-08
7.29456e-08
7.1497e-08
6.98474e-08
6.80007e-08
6.59611e-08
6.37334e-08
6.13237e-08
5.87383e-08
5.59854e-08
5.30751e-08
5.00194e-08
4.68331e-08
4.35338e-08
4.01425e-08
3.66837e-08
3.31859e-08
2.96814e-08
2.6206e-08
2.27994e-08
1.95037e-08
1.63626e-08
1.34201e-08
1.07184e-08
8.29526e-09
6.18174e-09
4.39889e-09
2.95508e-09
1.84384e-09
1.04271e-09
5.13639e-10
2.05262e-10
5.73592e-11
7.47881e-12
4.36633e-14
7.08337e-14
1.21038e-11
9.23424e-11
3.2791e-10
8.12594e-10
1.63093e-09
2.84756e-09
4.50126e-09
6.60326e-09
9.13896e-09
1.2072e-08
1.53497e-08
1.89082e-08
2.26786e-08
2.65903e-08
3.05747e-08
3.45679e-08
3.85119e-08
4.2356e-08
4.60567e-08
4.9578e-08
5.28907e-08
5.59727e-08
5.8807e-08
6.13818e-08
6.36909e-08
6.57311e-08
6.75017e-08
6.90077e-08
7.02531e-08
7.12402e-08
7.1985e-08
7.24909e-08
7.27664e-08
7.282e-08
7.26598e-08
7.22939e-08
7.17296e-08
7.09736e-08
7.00322e-08
6.89109e-08
6.76146e-08
6.61478e-08
6.45144e-08
6.27183e-08
6.07631e-08
5.86528e-08
5.63916e-08
5.39846e-08
5.14379e-08
4.87588e-08
4.59567e-08
4.3043e-08
4.00318e-08
3.69401e-08
3.37882e-08
3.06001e-08
2.74034e-08
2.42294e-08
2.11129e-08
1.80918e-08
1.52056e-08
1.24949e-08
9.99914e-09
7.75417e-09
5.79012e-09
4.12834e-09
2.77857e-09
1.73675e-09
9.83694e-10
4.85214e-10
1.94107e-10
5.4282e-11
7.08054e-12
4.13439e-14
7.41757e-14
1.26748e-11
9.66959e-11
3.43322e-10
8.50491e-10
1.70589e-09
2.97543e-09
4.69672e-09
6.87728e-09
9.49661e-09
1.2511e-08
1.58595e-08
1.94703e-08
2.32675e-08
2.71745e-08
3.11182e-08
3.50319e-08
3.88563e-08
4.25408e-08
4.60436e-08
4.93309e-08
5.23777e-08
5.51647e-08
5.76796e-08
5.99165e-08
6.18735e-08
6.35519e-08
6.49589e-08
6.60995e-08
6.69838e-08
6.76279e-08
6.80391e-08
6.82295e-08
6.82107e-08
6.79944e-08
6.75913e-08
6.70118e-08
6.62652e-08
6.53598e-08
6.43031e-08
6.31015e-08
6.17609e-08
6.02856e-08
5.86798e-08
5.69468e-08
5.50897e-08
5.31114e-08
5.10148e-08
4.88033e-08
4.64809e-08
4.40524e-08
4.15243e-08
3.89048e-08
3.62043e-08
3.34358e-08
3.06152e-08
2.77619e-08
2.48986e-08
2.20517e-08
1.92511e-08
1.65297e-08
1.39227e-08
1.14667e-08
9.19792e-09
7.15002e-09
5.35193e-09
3.82502e-09
2.58034e-09
1.61632e-09
9.17263e-10
4.53202e-10
1.81543e-10
5.0817e-11
6.63225e-12
3.8734e-14
7.784e-14
1.33013e-11
1.01479e-10
3.60282e-10
8.92241e-10
1.78849e-09
3.11615e-09
4.9112e-09
7.17656e-09
9.88466e-09
1.29831e-08
1.64015e-08
2.00591e-08
2.38728e-08
2.77592e-08
3.16412e-08
3.54495e-08
3.91244e-08
4.26162e-08
4.58853e-08
4.89023e-08
5.16449e-08
5.40992e-08
5.62592e-08
5.81239e-08
5.96964e-08
6.09868e-08
6.19985e-08
6.27556e-08
6.32686e-08
6.35512e-08
6.36191e-08
6.34878e-08
6.31721e-08
6.26863e-08
6.20437e-08
6.12565e-08
6.03356e-08
5.92905e-08
5.81298e-08
5.68607e-08
5.54887e-08
5.40185e-08
5.2454e-08
5.07982e-08
4.90533e-08
4.72212e-08
4.53034e-08
4.33016e-08
4.12176e-08
3.90542e-08
3.68148e-08
3.45046e-08
3.21305e-08
2.97013e-08
2.72289e-08
2.47279e-08
2.2216e-08
1.97147e-08
1.72487e-08
1.48458e-08
1.25365e-08
1.03529e-08
8.32791e-09
6.49243e-09
4.87389e-09
3.49343e-09
2.36325e-09
1.48424e-09
8.44327e-10
4.18035e-10
1.67739e-10
4.70107e-11
6.13999e-12
3.58689e-14
8.18411e-14
1.39859e-11
1.06713e-10
3.78866e-10
9.38028e-10
1.87903e-09
3.27013e-09
5.14502e-09
7.50096e-09
1.0302e-08
1.34855e-08
1.69704e-08
2.06667e-08
2.44828e-08
2.83292e-08
3.21248e-08
3.57986e-08
3.92912e-08
4.25549e-08
4.55543e-08
4.82629e-08
5.0664e-08
5.27509e-08
5.45231e-08
5.59856e-08
5.71476e-08
5.80201e-08
5.86322e-08
5.89932e-08
5.91228e-08
5.90404e-08
5.87655e-08
5.83169e-08
5.77122e-08
5.6968e-08
5.60994e-08
5.512e-08
5.40421e-08
5.28761e-08
5.16303e-08
5.03116e-08
4.89262e-08
4.74787e-08
4.59723e-08
4.44093e-08
4.2791e-08
4.11181e-08
3.93909e-08
3.76093e-08
3.57734e-08
3.38835e-08
3.19409e-08
2.99475e-08
2.7907e-08
2.58247e-08
2.37083e-08
2.15678e-08
1.94164e-08
1.72704e-08
1.51492e-08
1.30758e-08
1.10755e-08
9.17602e-09
7.40605e-09
5.7938e-09
4.36472e-09
3.13942e-09
2.131e-09
1.3427e-09
7.66073e-10
3.80275e-10
1.52913e-10
4.29233e-11
5.61157e-12
3.27941e-14
8.61841e-14
1.47294e-11
1.12406e-10
3.99108e-10
9.87921e-10
1.97761e-09
3.4373e-09
5.39767e-09
7.84902e-09
1.07454e-08
1.40126e-08
1.75577e-08
2.12808e-08
2.50815e-08
2.88645e-08
3.25453e-08
3.60524e-08
3.93276e-08
4.23271e-08
4.50192e-08
4.73823e-08
4.9408e-08
5.10958e-08
5.24525e-08
5.34828e-08
5.42174e-08
5.46743e-08
5.48716e-08
5.48329e-08
5.45821e-08
5.41427e-08
5.35375e-08
5.2788e-08
5.1914e-08
5.09339e-08
4.98645e-08
4.87198e-08
4.75116e-08
4.625e-08
4.49442e-08
4.3601e-08
4.22259e-08
4.08226e-08
3.93936e-08
3.79401e-08
3.64625e-08
3.49603e-08
3.34323e-08
3.18772e-08
3.02933e-08
2.86791e-08
2.70334e-08
2.53558e-08
2.36471e-08
2.19093e-08
2.01463e-08
1.83643e-08
1.65719e-08
1.47806e-08
1.30051e-08
1.12629e-08
9.57465e-09
7.96329e-09
6.45316e-09
5.06944e-09
3.83524e-09
2.77028e-09
1.88823e-09
1.19445e-09
6.83984e-10
3.40626e-10
1.37338e-10
3.86293e-11
5.05661e-12
2.95657e-14
9.08628e-14
1.55311e-11
1.18552e-10
4.20982e-10
1.04184e-09
2.08397e-09
3.617e-09
5.66759e-09
8.21767e-09
1.12097e-08
1.45561e-08
1.81513e-08
2.18854e-08
2.56488e-08
2.9341e-08
3.28756e-08
3.61811e-08
3.92027e-08
4.19015e-08
4.42488e-08
4.62335e-08
4.78539e-08
4.91154e-08
5.0022e-08
5.06249e-08
5.09278e-08
5.09585e-08
5.07455e-08
5.03172e-08
4.97019e-08
4.89265e-08
4.80166e-08
4.69958e-08
4.58857e-08
4.4705e-08
4.34696e-08
4.2194e-08
4.08903e-08
3.95684e-08
3.82362e-08
3.68994e-08
3.55624e-08
3.42277e-08
3.28968e-08
3.15697e-08
3.02458e-08
2.89231e-08
2.75996e-08
2.62722e-08
2.49381e-08
2.35941e-08
2.22373e-08
2.08653e-08
1.94765e-08
1.80702e-08
1.66473e-08
1.52104e-08
1.37643e-08
1.23162e-08
1.08761e-08
9.4569e-09
8.07426e-09
6.7465e-09
5.49377e-09
4.33741e-09
3.2983e-09
2.3947e-09
1.64051e-09
1.04279e-09
5.99841e-10
2.99929e-10
1.21339e-10
3.42177e-11
4.48654e-12
2.62502e-14
9.58574e-14
1.63874e-11
1.25125e-10
4.44395e-10
1.09952e-09
2.19745e-09
3.8078e-09
5.95202e-09
8.60203e-09
1.1687e-08
1.51046e-08
1.8736e-08
2.24609e-08
2.6161e-08
2.97319e-08
3.3086e-08
3.61539e-08
3.8887e-08
4.12467e-08
4.32174e-08
4.47948e-08
4.59784e-08
4.67879e-08
4.7267e-08
4.74254e-08
4.72953e-08
4.69105e-08
4.63046e-08
4.55109e-08
4.45611e-08
4.34851e-08
4.231e-08
4.10605e-08
3.97578e-08
3.84209e-08
3.70658e-08
3.57057e-08
3.43512e-08
3.30107e-08
3.16904e-08
3.03947e-08
2.91261e-08
2.78859e-08
2.6674e-08
2.54892e-08
2.43294e-08
2.31918e-08
2.2073e-08
2.0969e-08
1.98757e-08
1.87889e-08
1.77045e-08
1.66184e-08
1.55275e-08
1.44291e-08
1.33217e-08
1.22052e-08
1.10812e-08
9.95325e-09
8.8274e-09
7.71219e-09
6.61883e-09
5.56113e-09
4.55512e-09
3.61813e-09
2.76847e-09
2.02264e-09
1.39421e-09
8.91526e-10
5.15702e-10
2.59157e-10
1.05292e-10
2.97906e-11
3.91446e-12
2.29234e-14
1.01132e-13
1.72924e-11
1.32078e-10
4.6917e-10
1.16047e-09
2.31694e-09
4.00741e-09
6.24679e-09
8.99526e-09
1.2167e-08
1.56436e-08
1.92935e-08
2.29849e-08
2.65924e-08
3.00088e-08
3.3147e-08
3.59437e-08
3.83496e-08
4.03401e-08
4.19068e-08
4.30416e-08
4.37797e-08
4.41579e-08
4.41891e-08
4.39122e-08
4.33662e-08
4.25907e-08
4.16243e-08
4.05041e-08
3.92644e-08
3.79365e-08
3.65484e-08
3.51244e-08
3.36856e-08
3.22493e-08
3.08297e-08
2.94378e-08
2.80821e-08
2.67687e-08
2.55016e-08
2.42831e-08
2.31138e-08
2.1993e-08
2.09191e-08
1.98893e-08
1.89005e-08
1.79486e-08
1.70293e-08
1.61379e-08
1.52696e-08
1.44194e-08
1.35824e-08
1.27539e-08
1.19295e-08
1.11055e-08
1.02788e-08
9.44727e-09
8.61029e-09
7.76868e-09
6.92516e-09
6.08466e-09
5.25445e-09
4.44423e-09
3.66597e-09
2.9334e-09
2.26143e-09
1.66484e-09
1.15629e-09
7.44829e-10
4.33832e-10
2.19383e-10
8.96113e-11
2.54603e-11
3.35472e-12
1.96688e-14
1.06633e-13
1.82367e-11
1.39339e-10
4.95032e-10
1.22394e-09
2.44076e-09
4.21261e-09
6.54633e-09
9.38864e-09
1.26369e-08
1.61564e-08
1.9803e-08
2.34332e-08
2.69166e-08
3.01444e-08
3.30338e-08
3.55224e-08
3.75719e-08
3.91674e-08
4.02917e-08
4.09915e-08
4.12997e-08
4.12302e-08
4.08287e-08
4.01403e-08
3.92108e-08
3.80851e-08
3.68059e-08
3.54131e-08
3.3942e-08
3.24239e-08
3.08868e-08
2.9354e-08
2.78439e-08
2.63712e-08
2.49471e-08
2.35797e-08
2.22746e-08
2.10348e-08
1.98616e-08
1.87548e-08
1.77126e-08
1.67325e-08
1.58111e-08
1.49442e-08
1.41275e-08
1.33561e-08
1.2625e-08
1.1929e-08
1.1263e-08
1.06217e-08
1e-08
9.39306e-09
8.79612e-09
8.2049e-09
7.61561e-09
7.02516e-09
6.43136e-09
5.83319e-09
5.23105e-09
4.62704e-09
4.02518e-09
3.43164e-09
2.85471e-09
2.30462e-09
1.79294e-09
1.33223e-09
9.33876e-10
6.0701e-10
3.56589e-10
1.8173e-10
7.47304e-11
2.13448e-11
2.82236e-12
1.65732e-14
1.12287e-13
1.92077e-11
1.46808e-10
5.21602e-10
1.28893e-09
2.56669e-09
4.41917e-09
6.84354e-09
9.77146e-09
1.30823e-08
1.66248e-08
2.02427e-08
2.3782e-08
2.71088e-08
3.01157e-08
3.2723e-08
3.48742e-08
3.6544e-08
3.77048e-08
3.84067e-08
3.86845e-08
3.85492e-08
3.80538e-08
3.72495e-08
3.6189e-08
3.49239e-08
3.35039e-08
3.19734e-08
3.03724e-08
2.87387e-08
2.71039e-08
2.54923e-08
2.3923e-08
2.24109e-08
2.09673e-08
1.95994e-08
1.83118e-08
1.71063e-08
1.59827e-08
1.49391e-08
1.39726e-08
1.30792e-08
1.22543e-08
1.14929e-08
1.07897e-08
1.01395e-08
9.53668e-09
8.97602e-09
8.45219e-09
7.96003e-09
7.49454e-09
7.05088e-09
6.62442e-09
6.21074e-09
5.80567e-09
5.40542e-09
5.0066e-09
4.60645e-09
4.20295e-09
3.79507e-09
3.38295e-09
2.96825e-09
2.55429e-09
2.14622e-09
1.75106e-09
1.37741e-09
1.03495e-09
7.33702e-10
4.8219e-10
2.86253e-10
1.47294e-10
6.10759e-11
1.75602e-11
2.33222e-12
1.3722e-14
1.18e-13
2.01892e-11
1.54354e-10
5.48387e-10
1.3541e-09
2.69186e-09
4.62186e-09
7.13001e-09
1.01316e-08
1.34871e-08
1.70297e-08
2.05911e-08
2.40091e-08
2.7148e-08
2.9905e-08
3.22006e-08
3.3994e-08
3.52459e-08
3.59968e-08
3.62924e-08
3.61354e-08
3.55854e-08
3.46996e-08
3.35377e-08
3.21594e-08
3.06202e-08
2.89702e-08
2.72593e-08
2.55311e-08
2.38176e-08
2.21447e-08
2.05332e-08
1.89987e-08
1.75517e-08
1.61986e-08
1.49422e-08
1.37826e-08
1.27177e-08
1.17438e-08
1.08559e-08
1.00484e-08
9.31542e-09
8.65057e-09
8.04766e-09
7.5006e-09
7.00352e-09
6.55081e-09
6.13711e-09
5.75737e-09
5.40684e-09
5.08104e-09
4.77578e-09
4.48712e-09
4.21131e-09
3.94487e-09
3.68443e-09
3.42695e-09
3.16975e-09
2.91061e-09
2.64785e-09
2.38056e-09
2.10885e-09
1.83403e-09
1.55882e-09
1.28753e-09
1.02599e-09
7.81253e-10
5.61354e-10
3.73878e-10
2.24808e-10
1.17044e-10
4.90301e-11
1.42114e-11
1.89774e-12
1.11928e-14
1.23657e-13
2.11611e-11
1.61818e-10
5.74783e-10
1.41785e-09
2.81291e-09
4.81464e-09
7.39635e-09
1.04557e-08
1.38349e-08
1.73526e-08
2.08287e-08
2.40958e-08
2.70211e-08
2.9499e-08
3.14658e-08
3.28687e-08
3.37214e-08
3.40913e-08
3.39658e-08
3.3409e-08
3.24837e-08
3.12569e-08
2.97963e-08
2.81627e-08
2.64184e-08
2.46228e-08
2.282e-08
2.10455e-08
1.93288e-08
1.76925e-08
1.61522e-08
1.47179e-08
1.33945e-08
1.21831e-08
1.10813e-08
1.0085e-08
9.18797e-09
8.38328e-09
7.66336e-09
7.0205e-09
6.44706e-09
5.93573e-09
5.47957e-09
5.07216e-09
4.70765e-09
4.38076e-09
4.08648e-09
3.82025e-09
3.57798e-09
3.356e-09
3.15096e-09
2.95981e-09
2.77965e-09
2.60782e-09
2.44201e-09
2.27988e-09
2.11919e-09
1.95784e-09
1.79409e-09
1.62678e-09
1.45527e-09
1.27969e-09
1.10112e-09
9.21801e-10
7.45267e-10
5.76278e-10
4.20558e-10
2.84537e-10
1.73706e-10
9.17169e-11
3.88923e-11
1.13822e-11
1.52973e-12
9.04796e-15
1.29127e-13
2.21005e-11
1.69016e-10
6.00085e-10
1.47833e-09
2.92598e-09
4.99084e-09
7.63251e-09
1.07307e-08
1.41103e-08
1.75766e-08
2.09399e-08
2.40309e-08
2.67162e-08
2.89004e-08
3.05167e-08
3.15272e-08
3.20344e-08
3.20018e-08
3.14951e-08
3.05811e-08
2.93338e-08
2.7827e-08
2.61295e-08
2.43204e-08
2.24621e-08
2.06025e-08
1.87836e-08
1.70385e-08
1.53916e-08
1.38588e-08
1.24496e-08
1.11672e-08
1.00105e-08
8.97495e-09
8.05357e-09
7.23782e-09
6.51835e-09
5.88555e-09
5.32993e-09
4.84248e-09
4.41476e-09
4.03917e-09
3.70869e-09
3.41704e-09
3.15873e-09
2.9287e-09
2.72307e-09
2.53856e-09
2.37202e-09
2.22056e-09
2.08175e-09
1.95366e-09
1.83438e-09
1.72203e-09
1.61473e-09
1.51084e-09
1.40885e-09
1.30738e-09
1.20517e-09
1.10087e-09
9.93678e-10
8.83117e-10
7.69261e-10
6.52918e-10
5.35835e-10
4.21067e-10
3.1261e-10
2.15198e-10
1.33662e-10
7.17204e-11
3.08419e-11
9.12566e-12
1.23523e-12
7.32873e-15
1.34262e-13
2.29816e-11
1.75739e-10
6.23508e-10
1.5335e-09
3.02693e-09
5.14347e-09
7.82843e-09
1.0944e-08
1.42995e-08
1.76881e-08
2.09136e-08
2.38061e-08
2.62349e-08
2.81152e-08
2.93635e-08
3.00579e-08
3.01877e-08
2.97965e-08
2.89529e-08
2.77357e-08
2.62236e-08
2.45014e-08
2.26588e-08
2.07592e-08
1.88601e-08
1.70107e-08
1.52484e-08
1.35997e-08
1.2082e-08
1.07038e-08
9.46709e-09
8.36863e-09
7.40122e-09
6.55519e-09
5.81937e-09
5.18201e-09
4.63143e-09
4.15645e-09
3.74675e-09
3.3929e-09
3.08638e-09
2.81953e-09
2.58585e-09
2.38068e-09
2.20018e-09
2.04103e-09
1.89985e-09
1.77344e-09
1.65923e-09
1.55518e-09
1.45949e-09
1.37049e-09
1.28682e-09
1.20741e-09
1.13133e-09
1.0577e-09
9.85708e-10
9.14568e-10
8.43544e-10
7.72024e-10
6.99301e-10
6.24849e-10
5.48428e-10
4.70216e-10
3.9099e-10
3.12077e-10
2.35776e-10
1.65287e-10
1.04544e-10
5.70744e-11
2.49158e-11
7.45794e-12
1.01676e-12
6.05032e-15
1.38907e-13
2.37772e-11
1.81768e-10
6.44227e-10
1.58125e-09
3.11159e-09
5.26577e-09
7.97477e-09
1.10847e-08
1.43915e-08
1.76788e-08
2.0746e-08
2.34245e-08
2.5592e-08
2.71494e-08
2.80896e-08
2.84537e-08
2.82506e-08
2.75453e-08
2.64191e-08
2.49538e-08
2.32512e-08
2.14038e-08
1.94846e-08
1.75623e-08
1.5693e-08
1.39195e-08
1.22721e-08
1.07698e-08
9.42129e-09
8.22754e-09
7.18321e-09
6.27867e-09
5.50155e-09
4.83807e-09
4.27413e-09
3.79605e-09
3.39108e-09
3.04767e-09
2.75545e-09
2.50545e-09
2.29102e-09
2.10663e-09
1.94743e-09
1.80849e-09
1.68568e-09
1.57588e-09
1.47692e-09
1.38662e-09
1.30321e-09
1.2254e-09
1.15215e-09
1.08261e-09
1.0161e-09
9.52075e-10
8.90058e-10
8.29646e-10
7.70467e-10
7.12171e-10
6.54419e-10
5.9688e-10
5.39223e-10
4.81157e-10
4.22481e-10
3.63166e-10
3.03464e-10
2.44139e-10
1.86557e-10
1.32753e-10
8.53678e-11
4.74016e-11
2.10036e-11
6.35664e-12
8.72037e-13
5.20088e-15
1.42904e-13
2.44596e-11
1.86882e-10
6.61419e-10
1.61952e-09
3.176e-09
5.35158e-09
8.0636e-09
1.11442e-08
1.43787e-08
1.75447e-08
2.04378e-08
2.28946e-08
2.48034e-08
2.60575e-08
2.67148e-08
2.67761e-08
2.62849e-08
2.53182e-08
2.39597e-08
2.23254e-08
2.05097e-08
1.8598e-08
1.66694e-08
1.47888e-08
1.30065e-08
1.1358e-08
9.8651e-09
8.53799e-09
7.37718e-09
6.37592e-09
5.5224e-09
4.8018e-09
4.1979e-09
3.69437e-09
3.27569e-09
2.92771e-09
2.6379e-09
2.39546e-09
2.19158e-09
2.0195e-09
1.87296e-09
1.74686e-09
1.63641e-09
1.53803e-09
1.44883e-09
1.36645e-09
1.28882e-09
1.21532e-09
1.14549e-09
1.0788e-09
1.01476e-09
9.52965e-10
8.93106e-10
8.34931e-10
7.78241e-10
7.22861e-10
6.68636e-10
6.15415e-10
5.63042e-10
5.11353e-10
4.6018e-10
4.09355e-10
3.58746e-10
3.08297e-10
2.58107e-10
2.08555e-10
1.60438e-10
1.15215e-10
7.49299e-11
4.21309e-11
1.88948e-11
5.76964e-12
7.94821e-13
4.74488e-15
1.46104e-13
2.50028e-11
1.90873e-10
6.74322e-10
1.64646e-09
3.21678e-09
5.396e-09
8.0892e-09
1.11177e-08
1.42593e-08
1.72872e-08
1.99988e-08
2.22438e-08
2.3893e-08
2.48766e-08
2.52763e-08
2.50777e-08
2.43456e-08
2.31659e-08
2.1659e-08
1.99208e-08
1.80496e-08
1.61352e-08
1.42533e-08
1.24632e-08
1.08077e-08
9.31374e-09
7.99424e-09
6.85072e-09
5.87594e-09
5.05661e-09
4.37586e-09
3.8153e-09
3.35658e-09
2.98248e-09
2.67754e-09
2.42839e-09
2.22374e-09
2.05434e-09
1.91252e-09
1.79199e-09
1.6872e-09
1.59362e-09
1.50876e-09
1.43055e-09
1.35738e-09
1.28805e-09
1.22182e-09
1.15788e-09
1.09562e-09
1.03469e-09
9.7487e-10
9.16019e-10
8.58074e-10
8.01015e-10
7.44848e-10
6.89601e-10
6.35304e-10
5.8199e-10
5.29679e-10
4.78381e-10
4.28086e-10
3.78772e-10
3.30413e-10
2.83e-10
2.36594e-10
1.91407e-10
1.47933e-10
1.07099e-10
7.04335e-11
4.00759e-11
1.81777e-11
5.59486e-12
7.73203e-13
4.61755e-15
1.48377e-13
2.53838e-11
1.93558e-10
6.82291e-10
1.66056e-09
3.23134e-09
5.39561e-09
8.04825e-09
1.1003e-08
1.40327e-08
1.69124e-08
1.94524e-08
2.14927e-08
2.28757e-08
2.36503e-08
2.38204e-08
2.34036e-08
2.2483e-08
2.11712e-08
1.95671e-08
1.7779e-08
1.59072e-08
1.4039e-08
1.22448e-08
1.05768e-08
9.06949e-09
7.7409e-09
6.59546e-09
5.62695e-09
4.82169e-09
4.1615e-09
3.62624e-09
3.19571e-09
2.85105e-09
2.57541e-09
2.35435e-09
2.17584e-09
2.03009e-09
1.90933e-09
1.80707e-09
1.71811e-09
1.63876e-09
1.56636e-09
1.4987e-09
1.43418e-09
1.37162e-09
1.31016e-09
1.24927e-09
1.18858e-09
1.12791e-09
1.06719e-09
1.00647e-09
9.45852e-10
8.85465e-10
8.25474e-10
7.66052e-10
7.07369e-10
6.49588e-10
5.92856e-10
5.37306e-10
4.83048e-10
4.30174e-10
3.78756e-10
3.28852e-10
2.80513e-10
2.33819e-10
1.88927e-10
1.46179e-10
1.06263e-10
7.04091e-11
4.0432e-11
1.85243e-11
5.74469e-12
7.96279e-13
4.75672e-15
1.49619e-13
2.5585e-11
1.94804e-10
6.8487e-10
1.66085e-09
3.21819e-09
5.3488e-09
7.9403e-09
1.0804e-08
1.37179e-08
1.64557e-08
1.88139e-08
2.06377e-08
2.18073e-08
2.24049e-08
2.23788e-08
2.17996e-08
2.07608e-08
1.93609e-08
1.77122e-08
1.59239e-08
1.40947e-08
1.23074e-08
1.06261e-08
9.09537e-09
7.74122e-09
6.57356e-09
5.58937e-09
4.77621e-09
4.11577e-09
3.58685e-09
3.16777e-09
2.83808e-09
2.57954e-09
2.37651e-09
2.21599e-09
2.08808e-09
1.98267e-09
1.89391e-09
1.81831e-09
1.75088e-09
1.68867e-09
1.6295e-09
1.57176e-09
1.51441e-09
1.45672e-09
1.39762e-09
1.33728e-09
1.2755e-09
1.21238e-09
1.14809e-09
1.08291e-09
1.01717e-09
9.51201e-10
8.85355e-10
8.19962e-10
7.5533e-10
6.91734e-10
6.29413e-10
5.68569e-10
5.09372e-10
4.51963e-10
3.96461e-10
3.42965e-10
2.9157e-10
2.42377e-10
1.95535e-10
1.51324e-10
1.10297e-10
7.34927e-11
4.25333e-11
1.96663e-11
6.14464e-12
8.54506e-13
5.10731e-15
1.49776e-13
2.55962e-11
1.94534e-10
6.81852e-10
1.64725e-09
3.17889e-09
5.26239e-09
7.78163e-09
1.05458e-08
1.33261e-08
1.5899e-08
1.80814e-08
1.97162e-08
2.07237e-08
2.11522e-08
2.09935e-08
2.03116e-08
1.91966e-08
1.77581e-08
1.61099e-08
1.436e-08
1.26037e-08
1.09183e-08
9.36107e-09
7.96903e-09
6.76071e-09
5.7391e-09
4.89539e-09
4.21282e-09
3.67027e-09
3.24518e-09
2.91575e-09
2.66225e-09
2.46768e-09
2.31806e-09
2.20013e-09
2.10524e-09
2.02909e-09
1.96548e-09
1.90931e-09
1.85697e-09
1.80629e-09
1.75559e-09
1.70361e-09
1.64952e-09
1.59274e-09
1.5333e-09
1.47083e-09
1.40493e-09
1.33641e-09
1.26569e-09
1.19326e-09
1.11962e-09
1.04534e-09
9.70985e-10
8.97079e-10
8.24112e-10
7.52504e-10
6.82599e-10
6.1467e-10
5.48926e-10
4.85525e-10
4.24589e-10
3.66217e-10
3.10502e-10
2.57544e-10
2.07485e-10
1.60568e-10
1.17267e-10
7.84963e-11
4.5766e-11
2.13454e-11
6.72273e-12
9.38766e-13
5.61741e-15
1.48951e-13
2.5442e-11
1.93032e-10
6.74645e-10
1.62361e-09
3.11948e-09
5.14014e-09
7.56515e-09
1.0205e-08
1.28405e-08
1.52601e-08
1.72822e-08
1.87471e-08
1.96291e-08
1.99474e-08
1.96987e-08
1.89528e-08
1.7807e-08
1.63717e-08
1.47597e-08
1.3076e-08
1.14113e-08
9.83698e-09
8.40379e-09
7.14215e-09
6.06444e-09
5.16845e-09
4.44145e-09
3.86413e-09
3.41414e-09
3.06887e-09
2.80724e-09
2.61073e-09
2.46188e-09
2.34702e-09
2.26203e-09
2.19751e-09
2.145e-09
2.09933e-09
2.05733e-09
2.01631e-09
1.97433e-09
1.92991e-09
1.88193e-09
1.82967e-09
1.77268e-09
1.71079e-09
1.64436e-09
1.57366e-09
1.49785e-09
1.41847e-09
1.33627e-09
1.25209e-09
1.16677e-09
1.08109e-09
9.95857e-10
9.11812e-10
8.29592e-10
7.49713e-10
6.72564e-10
5.98414e-10
5.27433e-10
4.59718e-10
3.95326e-10
3.34296e-10
2.76683e-10
2.22586e-10
1.72204e-10
1.25945e-10
8.46291e-11
4.96795e-11
2.33668e-11
7.42265e-12
1.04176e-12
6.24513e-15
1.46934e-13
2.50764e-11
1.8979e-10
6.60754e-10
1.58324e-09
3.02851e-09
4.96927e-09
7.28604e-09
9.79429e-09
1.22827e-08
1.45491e-08
1.64278e-08
1.77688e-08
1.85653e-08
1.88036e-08
1.85022e-08
1.77341e-08
1.65963e-08
1.5198e-08
1.36488e-08
1.20496e-08
1.04857e-08
9.0229e-09
7.70626e-09
6.5609e-09
5.59476e-09
4.80227e-09
4.16847e-09
3.67307e-09
3.29369e-09
3.00839e-09
2.7972e-09
2.63946e-09
2.52307e-09
2.4436e-09
2.38629e-09
2.34357e-09
2.3087e-09
2.27712e-09
2.24733e-09
2.21604e-09
2.18192e-09
2.14351e-09
2.09943e-09
2.04918e-09
1.99218e-09
1.92821e-09
1.85736e-09
1.78039e-09
1.69757e-09
1.60835e-09
1.51481e-09
1.41796e-09
1.31894e-09
1.21898e-09
1.11928e-09
1.02095e-09
9.24947e-10
8.32067e-10
7.42915e-10
6.57897e-10
5.77237e-10
5.01012e-10
4.29206e-10
3.61756e-10
2.98609e-10
2.39764e-10
1.85334e-10
1.35645e-10
9.1418e-11
5.39938e-11
2.55996e-11
8.20451e-12
1.15819e-12
6.95969e-15
1.43785e-13
2.45159e-11
1.85061e-10
6.41687e-10
1.53007e-09
2.91275e-09
4.75956e-09
6.95476e-09
9.324e-09
1.16695e-08
1.38021e-08
1.55637e-08
1.68048e-08
1.75349e-08
1.77276e-08
1.74107e-08
1.66562e-08
1.55587e-08
1.42237e-08
1.27564e-08
1.12523e-08
9.79175e-09
8.43535e-09
7.22362e-09
6.17798e-09
5.30363e-09
4.5933e-09
4.03138e-09
3.5977e-09
3.27067e-09
3.0295e-09
2.85131e-09
2.72422e-09
2.64209e-09
2.58839e-09
2.55078e-09
2.52315e-09
2.5028e-09
2.48528e-09
2.46752e-09
2.44702e-09
2.42191e-09
2.38977e-09
2.34979e-09
2.30318e-09
2.2475e-09
2.18273e-09
2.1088e-09
2.02594e-09
1.93543e-09
1.83735e-09
1.7315e-09
1.62049e-09
1.50581e-09
1.38907e-09
1.2719e-09
1.15592e-09
1.04257e-09
9.33108e-10
8.28509e-10
7.29456e-10
6.36333e-10
5.49261e-10
4.68161e-10
3.92838e-10
3.23064e-10
2.58665e-10
1.99596e-10
1.46049e-10
9.8619e-11
5.85493e-11
2.79615e-11
9.04136e-12
1.28431e-12
7.73933e-15
1.39676e-13
2.3792e-11
1.79114e-10
6.18564e-10
1.46823e-09
2.78268e-09
4.52935e-09
6.5987e-09
8.8288e-09
1.10351e-08
1.30394e-08
1.46933e-08
1.58585e-08
1.65464e-08
1.67243e-08
1.64234e-08
1.57122e-08
1.46808e-08
1.34292e-08
1.20567e-08
1.06536e-08
9.29485e-09
8.037e-09
6.91725e-09
5.9548e-09
5.15369e-09
4.50645e-09
3.99796e-09
3.60907e-09
3.31905e-09
3.10553e-09
2.95459e-09
2.85606e-09
2.79758e-09
2.75998e-09
2.73674e-09
2.72446e-09
2.71818e-09
2.71381e-09
2.70818e-09
2.69875e-09
2.68342e-09
2.6605e-09
2.62876e-09
2.58514e-09
2.53222e-09
2.46884e-09
2.39388e-09
2.30737e-09
2.20975e-09
2.10285e-09
1.98657e-09
1.86113e-09
1.72977e-09
1.59449e-09
1.45744e-09
1.32078e-09
1.18661e-09
1.05681e-09
9.32923e-10
8.16113e-10
7.07103e-10
6.06193e-10
5.13327e-10
4.2819e-10
3.50342e-10
2.79355e-10
2.14935e-10
1.57055e-10
1.06126e-10
6.32583e-11
3.04e-11
9.91421e-12
1.41737e-12
8.56786e-15
1.34743e-13
2.2929e-11
1.72144e-10
5.92078e-10
1.39901e-09
2.64033e-09
4.28298e-09
6.22415e-09
8.31414e-09
1.03832e-08
1.22674e-08
1.38277e-08
1.49385e-08
1.56043e-08
1.57928e-08
1.55335e-08
1.48895e-08
1.39443e-08
1.27911e-08
1.15226e-08
1.02232e-08
8.96329e-09
7.79582e-09
6.75591e-09
5.86191e-09
5.11801e-09
4.51764e-09
4.04737e-09
3.68675e-09
3.41702e-09
3.2265e-09
3.09442e-09
3.01598e-09
2.97107e-09
2.9455e-09
2.93687e-09
2.93829e-09
2.94486e-09
2.95294e-09
2.95939e-09
2.96162e-09
2.95726e-09
2.94432e-09
2.9211e-09
2.88654e-09
2.83869e-09
2.77639e-09
2.70332e-09
2.61578e-09
2.51427e-09
2.39937e-09
2.27341e-09
2.1365e-09
1.98892e-09
1.83478e-09
1.67667e-09
1.51735e-09
1.35964e-09
1.20617e-09
1.05928e-09
9.20839e-10
7.92148e-10
6.73908e-10
5.66251e-10
4.68841e-10
3.81047e-10
3.02132e-10
2.31458e-10
1.68672e-10
1.13911e-10
6.80582e-11
3.28761e-11
1.08076e-11
1.55503e-12
9.43121e-15
1.2914e-13
2.19534e-11
1.64369e-10
5.63068e-10
1.32459e-09
2.48975e-09
4.02578e-09
5.83773e-09
7.78919e-09
9.72583e-09
1.14977e-08
1.29772e-08
1.40501e-08
1.471e-08
1.49287e-08
1.47308e-08
1.41722e-08
1.33286e-08
1.22851e-08
1.11272e-08
9.93337e-09
8.7694e-09
7.6856e-09
6.71592e-09
5.87891e-09
5.18036e-09
4.61131e-09
4.15762e-09
3.81199e-09
3.56127e-09
3.3826e-09
3.26159e-09
3.19367e-09
3.15545e-09
3.13883e-09
3.13982e-09
3.15253e-09
3.17155e-09
3.19243e-09
3.21154e-09
3.22577e-09
3.23302e-09
3.23134e-09
3.21886e-09
3.19343e-09
3.15339e-09
3.09807e-09
3.02427e-09
2.93802e-09
2.83592e-09
2.71711e-09
2.58271e-09
2.43536e-09
2.27601e-09
2.10443e-09
1.92587e-09
1.74359e-09
1.56108e-09
1.3818e-09
1.20901e-09
1.04552e-09
8.93481e-10
7.54277e-10
6.28481e-10
5.15934e-10
4.15916e-10
3.274e-10
2.49337e-10
1.80938e-10
1.21945e-10
7.29182e-11
3.53602e-11
1.17072e-11
1.69491e-12
1.0315e-14
1.2303e-13
2.08941e-11
1.56023e-10
5.32402e-10
1.24713e-09
2.33514e-09
3.76462e-09
5.44891e-09
7.26515e-09
9.07455e-09
1.07414e-08
1.21491e-08
1.31959e-08
1.38622e-08
1.41251e-08
1.40027e-08
1.35427e-08
1.2812e-08
1.18868e-08
1.08449e-08
9.75846e-09
8.68913e-09
7.68498e-09
6.77966e-09
5.98834e-09
5.31173e-09
4.75761e-09
4.32244e-09
3.99081e-09
3.74514e-09
3.57001e-09
3.45201e-09
3.3861e-09
3.35077e-09
3.33932e-09
3.34635e-09
3.3657e-09
3.39252e-09
3.42258e-09
3.45233e-09
3.47877e-09
3.49864e-09
3.50919e-09
3.50817e-09
3.4939e-09
3.46449e-09
3.41802e-09
3.35238e-09
3.26506e-09
3.15997e-09
3.03989e-09
2.90202e-09
2.74612e-09
2.5755e-09
2.39253e-09
2.196e-09
1.99249e-09
1.78597e-09
1.58063e-09
1.38066e-09
1.18992e-09
1.01167e-09
8.48271e-10
7.01082e-10
5.70402e-10
4.55637e-10
3.5558e-10
2.68773e-10
1.93908e-10
1.30212e-10
7.78019e-11
3.78209e-11
1.25978e-11
1.83438e-12
1.12027e-14
1.16581e-13
1.97804e-11
1.47338e-10
5.00922e-10
1.1687e-09
2.18042e-09
3.50566e-09
5.06602e-09
6.75189e-09
8.43965e-09
1.00078e-08
1.13502e-08
1.23778e-08
1.30587e-08
1.33746e-08
1.33365e-08
1.29838e-08
1.23735e-08
1.15728e-08
1.06511e-08
9.674e-09
8.69876e-09
7.77101e-09
6.91462e-09
6.15275e-09
5.50623e-09
4.97424e-09
4.54859e-09
4.21752e-09
3.96903e-09
3.79039e-09
3.66786e-09
3.59617e-09
3.55907e-09
3.54746e-09
3.55618e-09
3.57915e-09
3.61123e-09
3.64798e-09
3.68552e-09
3.72038e-09
3.74958e-09
3.77033e-09
3.77994e-09
3.77577e-09
3.75574e-09
3.71805e-09
3.66128e-09
3.5838e-09
3.48249e-09
3.357e-09
3.21472e-09
3.05446e-09
2.87558e-09
2.68044e-09
2.47341e-09
2.25218e-09
2.02458e-09
1.79523e-09
1.56901e-09
1.35078e-09
1.14499e-09
9.55274e-10
7.84091e-10
6.32582e-10
5.00595e-10
3.8696e-10
2.89915e-10
2.0762e-10
1.38688e-10
8.26659e-11
4.02236e-11
1.34621e-11
1.97038e-12
1.20748e-14
1.09961e-13
1.8641e-11
1.38534e-10
4.69412e-10
1.09117e-09
2.02905e-09
3.25425e-09
4.69625e-09
6.25791e-09
7.83004e-09
9.30469e-09
1.05866e-08
1.15976e-08
1.22977e-08
1.26704e-08
1.27207e-08
1.24794e-08
1.19939e-08
1.13216e-08
1.05232e-08
9.65751e-09
8.77661e-09
7.91349e-09
7.10772e-09
6.39113e-09
5.77217e-09
5.25187e-09
4.82778e-09
4.49259e-09
4.23646e-09
4.04839e-09
3.91656e-09
3.83257e-09
3.78767e-09
3.7701e-09
3.77505e-09
3.79647e-09
3.82912e-09
3.86838e-09
3.91016e-09
3.95074e-09
3.98672e-09
4.01489e-09
4.03226e-09
4.03602e-09
4.02369e-09
3.99307e-09
3.94234e-09
3.87006e-09
3.77536e-09
3.65675e-09
3.51085e-09
3.34558e-09
3.16103e-09
2.95759e-09
2.73785e-09
2.50737e-09
2.26318e-09
2.01393e-09
1.7648e-09
1.52129e-09
1.28887e-09
1.07249e-09
8.76012e-10
7.01803e-10
5.5057e-10
4.21511e-10
3.1277e-10
2.22052e-10
1.47322e-10
8.74552e-11
4.25275e-11
1.42806e-11
2.09936e-12
1.29082e-14
1.03335e-13
1.7502e-11
1.29818e-10
4.38585e-10
1.01618e-09
1.88401e-09
3.01494e-09
4.3457e-09
5.79054e-09
7.25357e-09
8.63971e-09
9.86409e-09
1.08583e-08
1.15788e-08
1.20081e-08
1.21467e-08
1.20173e-08
1.16576e-08
1.11154e-08
1.04425e-08
9.68993e-09
8.9e-09
8.11539e-09
7.38176e-09
6.71308e-09
6.12107e-09
5.61145e-09
5.18493e-09
4.838e-09
4.56452e-09
4.35706e-09
4.2085e-09
4.10883e-09
4.04902e-09
4.0199e-09
4.01523e-09
4.0293e-09
4.05693e-09
4.09335e-09
4.13427e-09
4.17572e-09
4.21395e-09
4.24543e-09
4.26682e-09
4.27499e-09
4.2671e-09
4.24065e-09
4.19349e-09
4.12395e-09
4.03092e-09
3.91385e-09
3.77244e-09
3.60455e-09
3.4162e-09
3.20733e-09
2.98019e-09
2.73787e-09
2.48607e-09
2.22234e-09
1.95553e-09
1.69128e-09
1.43565e-09
1.19461e-09
9.73446e-10
7.76059e-10
6.04467e-10
4.58674e-10
3.3706e-10
2.37053e-10
1.56015e-10
9.2096e-11
4.46842e-11
1.50313e-11
2.21727e-12
1.36759e-14
9.68625e-14
1.63937e-11
1.21397e-10
4.09119e-10
9.45254e-10
1.74797e-09
2.79172e-09
4.01968e-09
5.3562e-09
6.71738e-09
8.02005e-09
9.18929e-09
1.01645e-08
1.0904e-08
1.13867e-08
1.16105e-08
1.15901e-08
1.13548e-08
1.09431e-08
1.0398e-08
9.76332e-09
9.07434e-09
8.39142e-09
7.72907e-09
7.10863e-09
6.54568e-09
6.04931e-09
5.62329e-09
5.26704e-09
4.9773e-09
4.74869e-09
4.57407e-09
4.44732e-09
4.36259e-09
4.31398e-09
4.29387e-09
4.29392e-09
4.31025e-09
4.33719e-09
4.37059e-09
4.40632e-09
4.44038e-09
4.46892e-09
4.48829e-09
4.49508e-09
4.48627e-09
4.45929e-09
4.41148e-09
4.34094e-09
4.24647e-09
4.12747e-09
3.98398e-09
3.81621e-09
3.62474e-09
3.41362e-09
3.18317e-09
2.93566e-09
2.67467e-09
2.40537e-09
2.12713e-09
1.84836e-09
1.57511e-09
1.31385e-09
1.07095e-09
8.51817e-10
6.60115e-10
4.97195e-10
3.62095e-10
2.52257e-10
1.64572e-10
9.64833e-11
4.66358e-11
1.56895e-11
2.31958e-12
1.43473e-14
9.07053e-14
1.53435e-11
1.1347e-10
3.81654e-10
8.79804e-10
1.62342e-09
2.58841e-09
3.72341e-09
4.96143e-09
6.22908e-09
7.45394e-09
8.57053e-09
9.52504e-09
1.02787e-08
1.08095e-08
1.1114e-08
1.11977e-08
1.10828e-08
1.08e-08
1.03842e-08
9.86807e-09
9.30767e-09
8.71943e-09
8.1294e-09
7.56192e-09
7.03477e-09
6.55909e-09
6.14092e-09
5.78239e-09
5.48205e-09
5.23587e-09
5.03857e-09
4.88589e-09
4.77249e-09
4.69247e-09
4.64131e-09
4.61573e-09
4.60629e-09
4.61395e-09
4.63085e-09
4.65205e-09
4.67311e-09
4.68992e-09
4.69847e-09
4.69512e-09
4.67659e-09
4.63982e-09
4.583e-09
4.50485e-09
4.40453e-09
4.2816e-09
4.13592e-09
3.96756e-09
3.77642e-09
3.56427e-09
3.33306e-09
3.08456e-09
2.82122e-09
2.54703e-09
2.26585e-09
1.97957e-09
1.69573e-09
1.42066e-09
1.1612e-09
9.23959e-10
7.14214e-10
5.35026e-10
3.86659e-10
2.66988e-10
1.7265e-10
1.00456e-10
4.83146e-11
1.62306e-11
2.40146e-12
1.48865e-14
8.50448e-14
1.43818e-11
1.06253e-10
3.56881e-10
8.21312e-10
1.51289e-09
2.4087e-09
3.46187e-09
4.61264e-09
5.7966e-09
6.95071e-09
8.018e-09
8.95117e-09
9.71508e-09
1.0288e-08
1.06628e-08
1.08453e-08
1.08434e-08
1.06857e-08
1.04047e-08
1.00246e-08
9.57702e-09
9.08515e-09
8.57834e-09
8.07703e-09
7.59771e-09
7.15246e-09
6.74926e-09
6.39253e-09
6.08376e-09
5.82243e-09
5.60596e-09
5.42923e-09
5.28713e-09
5.17597e-09
5.09197e-09
5.03157e-09
4.99204e-09
4.96154e-09
4.94316e-09
4.9316e-09
4.92212e-09
4.9107e-09
4.89369e-09
4.86756e-09
4.82902e-09
4.77523e-09
4.70351e-09
4.61284e-09
4.50243e-09
4.37172e-09
4.22046e-09
4.04867e-09
3.85676e-09
3.64558e-09
3.41674e-09
3.17139e-09
2.91114e-09
2.63889e-09
2.35859e-09
2.0729e-09
1.78614e-09
1.50484e-09
1.23568e-09
9.86009e-10
7.62328e-10
5.69278e-10
4.08935e-10
2.80162e-10
1.79669e-10
1.03742e-10
4.95578e-11
1.65734e-11
2.44802e-12
1.51999e-14
8.01038e-14
1.35428e-11
1.00003e-10
3.35652e-10
7.71669e-10
1.41967e-09
2.2575e-09
3.24166e-09
4.31811e-09
5.42985e-09
6.52192e-09
7.54488e-09
8.45744e-09
9.22821e-09
9.83656e-09
1.02729e-08
1.05396e-08
1.06548e-08
1.0631e-08
1.04672e-08
1.02129e-08
9.87883e-09
9.49293e-09
9.07693e-09
8.64967e-09
8.22678e-09
7.82055e-09
7.43999e-09
7.09113e-09
6.77742e-09
6.50023e-09
6.25921e-09
6.05288e-09
5.87857e-09
5.73148e-09
5.607e-09
5.50243e-09
5.41698e-09
5.34543e-09
5.27954e-09
5.2193e-09
5.16449e-09
5.10932e-09
5.05096e-09
4.98656e-09
4.91372e-09
4.83051e-09
4.73561e-09
4.62706e-09
4.50372e-09
4.36465e-09
4.20917e-09
4.03681e-09
3.84743e-09
3.6412e-09
3.41956e-09
3.18345e-09
2.93177e-09
2.66867e-09
2.39643e-09
2.11781e-09
1.8362e-09
1.55674e-09
1.28541e-09
1.03053e-09
7.9898e-10
5.96329e-10
4.26523e-10
2.90263e-10
1.84761e-10
1.05958e-10
5.00814e-11
1.66786e-11
2.4583e-12
1.52833e-14
7.61826e-14
1.28781e-11
9.51064e-11
3.19262e-10
7.33761e-10
1.34878e-09
2.14222e-09
3.07251e-09
4.08961e-09
5.14219e-09
6.18182e-09
7.16542e-09
8.05713e-09
8.8288e-09
9.45966e-09
9.95072e-09
1.0318e-08
1.05367e-08
1.06047e-08
1.05648e-08
1.04225e-08
1.01998e-08
9.91613e-09
9.58953e-09
9.23649e-09
8.87128e-09
8.5057e-09
8.1491e-09
7.80845e-09
7.48858e-09
7.19246e-09
6.92148e-09
6.6758e-09
6.45458e-09
6.25629e-09
6.07915e-09
5.91953e-09
5.77624e-09
5.64833e-09
5.52622e-09
5.41187e-09
5.29962e-09
5.19159e-09
5.08626e-09
4.97956e-09
4.87039e-09
4.75725e-09
4.63878e-09
4.51346e-09
4.37961e-09
4.23574e-09
4.0805e-09
3.91276e-09
3.73171e-09
3.53659e-09
3.32967e-09
3.10766e-09
2.87075e-09
2.6218e-09
2.36159e-09
2.09499e-09
1.8262e-09
1.55925e-09
1.29869e-09
1.04949e-09
8.18127e-10
6.11741e-10
4.36423e-10
2.95377e-10
1.86725e-10
1.06214e-10
5.00147e-11
1.65784e-11
2.43327e-12
1.51312e-14
7.36625e-14
1.24552e-11
9.20818e-11
3.0944e-10
7.11319e-10
1.30632e-09
2.07104e-09
2.96365e-09
3.93584e-09
4.93998e-09
5.93212e-09
6.87245e-09
7.73389e-09
8.50264e-09
9.17944e-09
9.733e-09
1.01293e-08
1.0397e-08
1.05602e-08
1.06162e-08
1.05666e-08
1.04329e-08
1.02307e-08
9.97525e-09
9.68082e-09
9.36016e-09
9.02435e-09
8.68269e-09
8.34269e-09
8.01019e-09
7.68951e-09
7.3836e-09
7.09431e-09
6.82254e-09
6.5684e-09
6.33141e-09
6.11041e-09
5.90746e-09
5.71942e-09
5.5414e-09
5.37435e-09
5.21651e-09
5.06694e-09
4.92458e-09
4.7841e-09
4.64958e-09
4.51715e-09
4.3849e-09
4.25118e-09
4.11433e-09
3.97261e-09
3.82419e-09
3.66712e-09
3.50103e-09
3.32564e-09
3.13721e-09
2.93588e-09
2.7203e-09
2.49213e-09
2.25521e-09
2.01035e-09
1.76018e-09
1.50876e-09
1.26257e-09
1.02689e-09
8.06532e-10
6.07425e-10
4.34698e-10
2.93304e-10
1.84272e-10
1.04149e-10
4.88844e-11
1.61215e-11
2.35188e-12
1.46153e-14
7.29426e-14
1.23486e-11
9.15237e-11
3.08057e-10
7.07689e-10
1.29607e-09
2.04512e-09
2.90857e-09
3.8371e-09
4.78562e-09
5.72021e-09
6.62193e-09
7.46533e-09
8.21895e-09
8.84983e-09
9.36635e-09
9.78271e-09
1.009e-08
1.02819e-08
1.03645e-08
1.03574e-08
1.02664e-08
1.01034e-08
9.88394e-09
9.62026e-09
9.32368e-09
9.00432e-09
8.67109e-09
8.33163e-09
7.99214e-09
7.65765e-09
7.33201e-09
7.01816e-09
6.71811e-09
6.43309e-09
6.16363e-09
5.91034e-09
5.67562e-09
5.45484e-09
5.24806e-09
5.05484e-09
4.87408e-09
4.7046e-09
4.54507e-09
4.39383e-09
4.24977e-09
4.1113e-09
3.97678e-09
3.84455e-09
3.71311e-09
3.58089e-09
3.4459e-09
3.30558e-09
3.15762e-09
3.0008e-09
2.83368e-09
2.65722e-09
2.47296e-09
2.27948e-09
2.0762e-09
1.8641e-09
1.64515e-09
1.4205e-09
1.19463e-09
9.74071e-10
7.6498e-10
5.75581e-10
4.1286e-10
2.78585e-10
1.74144e-10
9.86687e-11
4.64052e-11
1.52575e-11
2.20922e-12
1.37014e-14
7.39656e-14
1.25488e-11
9.32878e-11
3.14223e-10
7.19037e-10
1.30411e-09
2.03117e-09
2.85223e-09
3.72122e-09
4.59603e-09
5.44293e-09
6.2327e-09
6.94904e-09
7.57866e-09
8.11681e-09
8.55491e-09
8.88831e-09
9.12142e-09
9.25896e-09
9.30856e-09
9.28026e-09
9.18399e-09
9.03727e-09
8.83723e-09
8.60083e-09
8.33671e-09
8.05226e-09
7.75515e-09
7.45224e-09
7.14801e-09
6.84676e-09
6.55179e-09
6.26595e-09
5.99124e-09
5.72892e-09
5.47976e-09
5.24404e-09
5.02328e-09
4.81564e-09
4.62047e-09
4.43761e-09
4.26627e-09
4.10554e-09
3.9544e-09
3.81173e-09
3.67638e-09
3.54714e-09
3.42266e-09
3.30154e-09
3.18216e-09
3.0626e-09
2.94112e-09
2.81706e-09
2.69016e-09
2.55907e-09
2.42251e-09
2.27922e-09
2.12812e-09
1.96907e-09
1.80213e-09
1.62652e-09
1.44448e-09
1.25783e-09
1.06872e-09
8.81073e-10
6.99822e-10
5.30603e-10
3.80439e-10
2.55907e-10
1.59471e-10
8.96278e-11
4.22526e-11
1.38998e-11
1.99788e-12
1.23383e-14
7.60997e-14
1.29479e-11
9.63124e-11
3.21419e-10
7.21505e-10
1.27732e-09
1.94009e-09
2.65292e-09
3.36595e-09
4.04622e-09
4.67229e-09
5.23061e-09
5.71445e-09
6.1261e-09
6.46343e-09
6.72693e-09
6.91908e-09
7.0435e-09
7.10417e-09
7.11099e-09
7.07059e-09
6.98912e-09
6.87276e-09
6.73162e-09
6.56724e-09
6.38258e-09
6.18479e-09
5.97815e-09
5.76639e-09
5.55215e-09
5.33868e-09
5.12705e-09
4.92083e-09
4.72105e-09
4.52832e-09
4.34331e-09
4.16641e-09
3.99775e-09
3.83728e-09
3.68497e-09
3.54062e-09
3.40392e-09
3.27443e-09
3.15162e-09
3.03489e-09
2.92358e-09
2.81695e-09
2.71418e-09
2.61432e-09
2.51607e-09
2.41804e-09
2.31966e-09
2.22015e-09
2.11862e-09
2.01436e-09
1.90665e-09
1.7948e-09
1.67817e-09
1.55634e-09
1.42902e-09
1.29613e-09
1.15801e-09
1.01539e-09
8.69502e-10
7.23065e-10
5.79767e-10
4.44332e-10
3.21468e-10
2.16556e-10
1.34035e-10
7.46283e-11
3.53442e-11
1.17893e-11
1.69958e-12
1.04428e-14
7.65167e-14
1.29962e-11
9.52599e-11
3.07428e-10
6.5825e-10
1.10592e-09
1.59041e-09
2.06464e-09
2.50256e-09
2.89354e-09
3.23476e-09
3.52728e-09
3.77271e-09
3.97248e-09
4.12812e-09
4.24436e-09
4.32554e-09
4.37558e-09
4.39856e-09
4.39667e-09
4.37248e-09
4.3286e-09
4.26761e-09
4.19196e-09
4.1101e-09
4.0155e-09
3.91213e-09
3.80326e-09
3.69133e-09
3.57666e-09
3.46098e-09
3.34609e-09
3.23183e-09
3.11893e-09
3.008e-09
2.89954e-09
2.79401e-09
2.69201e-09
2.59379e-09
2.49924e-09
2.40828e-09
2.32076e-09
2.23648e-09
2.1552e-09
2.07663e-09
2.00047e-09
1.92636e-09
1.85387e-09
1.78254e-09
1.71185e-09
1.64163e-09
1.57154e-09
1.5012e-09
1.43019e-09
1.3581e-09
1.28451e-09
1.20902e-09
1.13123e-09
1.05084e-09
9.67567e-10
8.81245e-10
7.91854e-10
6.99624e-10
6.0526e-10
5.09584e-10
4.14184e-10
3.21596e-10
2.3533e-10
1.59592e-10
9.84671e-11
5.41862e-11
2.55749e-11
8.80727e-12
1.30831e-12
8.01625e-15
7.10054e-14
1.18138e-11
8.1016e-11
2.34994e-10
4.50397e-10
6.82308e-10
9.01197e-10
1.09625e-09
1.26677e-09
1.41478e-09
1.54147e-09
1.65015e-09
1.74324e-09
1.82218e-09
1.88865e-09
1.94305e-09
1.9857e-09
2.01713e-09
2.03798e-09
2.04887e-09
2.05045e-09
2.04338e-09
2.02825e-09
2.00623e-09
1.98129e-09
1.94948e-09
1.91202e-09
1.86988e-09
1.82559e-09
1.77856e-09
1.72953e-09
1.67915e-09
1.62794e-09
1.5763e-09
1.5246e-09
1.47315e-09
1.42219e-09
1.37183e-09
1.32225e-09
1.27362e-09
1.22606e-09
1.17964e-09
1.13439e-09
1.09024e-09
1.04723e-09
1.00536e-09
9.64593e-10
9.24804e-10
8.85878e-10
8.47814e-10
8.10548e-10
7.73846e-10
7.37494e-10
7.01284e-10
6.65014e-10
6.28488e-10
5.91515e-10
5.53909e-10
5.15496e-10
4.76115e-10
4.35624e-10
3.93909e-10
3.50905e-10
3.06633e-10
2.61265e-10
2.15256e-10
1.69569e-10
1.25826e-10
8.63039e-11
5.35015e-11
2.92355e-11
1.36686e-11
4.97036e-12
8.22628e-13
5.11779e-15
5.04473e-14
7.39734e-12
3.88252e-11
8.65245e-11
1.35698e-10
1.79961e-10
2.18464e-10
2.51996e-10
2.8147e-10
3.07611e-10
3.31038e-10
3.51923e-10
3.70336e-10
3.86347e-10
4.00039e-10
4.11487e-10
4.20761e-10
4.27933e-10
4.33083e-10
4.36295e-10
4.37656e-10
4.37176e-10
4.35071e-10
4.32436e-10
4.27727e-10
4.21826e-10
4.15041e-10
4.07303e-10
3.98772e-10
3.8956e-10
3.79788e-10
3.69576e-10
3.59036e-10
3.48266e-10
3.37356e-10
3.26385e-10
3.15417e-10
3.04508e-10
2.93701e-10
2.8304e-10
2.7256e-10
2.62292e-10
2.52259e-10
2.42509e-10
2.33027e-10
2.238e-10
2.14819e-10
2.0594e-10
1.97152e-10
1.88479e-10
1.79939e-10
1.71527e-10
1.63226e-10
1.55013e-10
1.46858e-10
1.3873e-10
1.30593e-10
1.22412e-10
1.14149e-10
1.05766e-10
9.72222e-11
8.84786e-11
7.94945e-11
7.02335e-11
6.06724e-11
5.08248e-11
4.07837e-11
3.0805e-11
2.13878e-11
1.3244e-11
7.06989e-12
3.1441e-12
1.10782e-12
2.33235e-13
2.04952e-15
8.79891e-15
2.57689e-13
5.29385e-13
8.03941e-13
1.06683e-12
1.31215e-12
1.53945e-12
1.75023e-12
1.9459e-12
2.12747e-12
2.2954e-12
2.44967e-12
2.59002e-12
2.71608e-12
2.82765e-12
2.92472e-12
3.00738e-12
3.07574e-12
3.13002e-12
3.17056e-12
3.19778e-12
3.21199e-12
3.21211e-12
3.20562e-12
3.18861e-12
3.16028e-12
3.12345e-12
3.07892e-12
3.02753e-12
2.97009e-12
2.90743e-12
2.84037e-12
2.7697e-12
2.69614e-12
2.62041e-12
2.54311e-12
2.46483e-12
2.38606e-12
2.30722e-12
2.2287e-12
2.15084e-12
2.07392e-12
1.99818e-12
1.92387e-12
1.85115e-12
1.78006e-12
1.71075e-12
1.64429e-12
1.57985e-12
1.51702e-12
1.45559e-12
1.39539e-12
1.3363e-12
1.27816e-12
1.22081e-12
1.16404e-12
1.10764e-12
1.05136e-12
9.94912e-13
9.37998e-13
8.8026e-13
8.21287e-13
7.60591e-13
6.97591e-13
6.31594e-13
5.61831e-13
4.87589e-13
4.08606e-13
3.25814e-13
2.42344e-13
1.64019e-13
9.81151e-14
5.00978e-14
2.022e-14
6.78334e-16
)
;

boundaryField
{
    movingWall
    {
        type            nutkWallFunction;
        Cmu             0.09;
        kappa           0.41;
        E               9.8;
        value           uniform 0;
    }
    fixedWalls
    {
        type            nutkWallFunction;
        Cmu             0.09;
        kappa           0.41;
        E               9.8;
        value           uniform 0;
    }
    frontAndBack
    {
        type            empty;
    }
}


// ************************************************************************* //
