/*--------------------------------*- C++ -*----------------------------------*\
  =========                 |
  \\      /  F ield         | OpenFOAM: The Open Source CFD Toolbox
   \\    /   O peration     | Website:  https://openfoam.org
    \\  /    A nd           | Version:  12
     \\/     M anipulation  |
\*---------------------------------------------------------------------------*/
FoamFile
{
    format      ascii;
    class       volScalarField;
    location    "2.5";
    object      k;
}
// * * * * * * * * * * * * * * * * * * * * * * * * * * * * * * * * * * * * * //

dimensions      [0 2 -2 0 0 0 0];

internalField   nonuniform List<scalar> 
5625
(
3.84011e-10
2.59587e-09
5.76747e-09
9.51744e-09
1.36559e-08
1.8058e-08
2.26338e-08
2.73206e-08
3.20791e-08
3.6893e-08
4.17678e-08
4.67301e-08
5.18257e-08
5.71188e-08
6.26897e-08
6.86329e-08
7.50561e-08
8.20775e-08
8.98251e-08
9.84349e-08
1.0805e-07
1.18819e-07
1.30896e-07
1.44437e-07
1.596e-07
1.76542e-07
1.95418e-07
2.16376e-07
2.39556e-07
2.65085e-07
2.93079e-07
3.23638e-07
3.56843e-07
3.92763e-07
4.31447e-07
4.72931e-07
5.17234e-07
5.64363e-07
6.14304e-07
6.67024e-07
7.22463e-07
7.80524e-07
8.41064e-07
9.03875e-07
9.68664e-07
1.03503e-06
1.10243e-06
1.17016e-06
1.23731e-06
1.30273e-06
1.365e-06
1.42243e-06
1.47297e-06
1.51412e-06
1.54206e-06
1.55467e-06
1.55527e-06
1.53554e-06
1.49428e-06
1.43131e-06
1.34726e-06
1.24401e-06
1.12484e-06
9.94356e-07
8.58039e-07
7.21709e-07
5.90833e-07
4.69903e-07
3.62015e-07
2.68709e-07
1.90101e-07
1.25265e-07
7.28525e-08
3.20247e-08
4.71708e-09
2.90182e-09
2.31141e-08
5.17429e-08
8.55271e-08
1.22791e-07
1.62418e-07
2.03603e-07
2.45781e-07
2.88601e-07
3.31915e-07
3.75775e-07
4.20417e-07
4.66257e-07
5.13872e-07
5.63984e-07
6.17445e-07
6.75221e-07
7.38378e-07
8.08068e-07
8.85518e-07
9.72014e-07
1.0689e-06
1.17755e-06
1.29937e-06
1.4358e-06
1.58824e-06
1.75808e-06
1.94666e-06
2.15524e-06
2.38496e-06
2.63686e-06
2.91183e-06
3.21062e-06
3.53382e-06
3.88189e-06
4.25514e-06
4.65376e-06
5.07779e-06
5.5271e-06
6.00142e-06
6.50018e-06
7.02253e-06
7.56719e-06
8.13229e-06
8.71521e-06
9.31234e-06
9.91885e-06
1.05284e-05
1.11328e-05
1.17218e-05
1.22826e-05
1.28e-05
1.32557e-05
1.36273e-05
1.38798e-05
1.399e-05
1.39936e-05
1.38127e-05
1.34384e-05
1.28691e-05
1.21108e-05
1.11805e-05
1.01078e-05
8.93403e-06
7.70842e-06
6.48313e-06
5.3071e-06
4.2206e-06
3.25132e-06
2.41304e-06
1.70676e-06
1.12409e-06
6.52663e-07
2.84793e-07
3.56185e-08
6.1622e-09
5.27752e-08
1.18913e-07
1.96964e-07
2.83036e-07
3.74545e-07
4.69633e-07
5.66995e-07
6.6582e-07
7.65769e-07
8.66961e-07
9.69947e-07
1.07569e-06
1.18552e-06
1.30111e-06
1.42445e-06
1.55775e-06
1.7035e-06
1.86436e-06
2.04317e-06
2.24292e-06
2.46672e-06
2.71777e-06
2.99936e-06
3.31479e-06
3.66737e-06
4.06033e-06
4.4968e-06
4.97973e-06
5.51183e-06
6.09553e-06
6.73295e-06
7.42586e-06
8.1757e-06
8.98357e-06
9.8502e-06
1.07761e-05
1.17612e-05
1.28053e-05
1.39076e-05
1.50666e-05
1.62802e-05
1.7545e-05
1.88565e-05
2.02081e-05
2.1591e-05
2.29936e-05
2.44008e-05
2.57933e-05
2.71471e-05
2.84327e-05
2.9615e-05
3.06521e-05
3.14952e-05
3.20585e-05
3.2295e-05
3.22967e-05
3.18684e-05
3.09951e-05
2.96742e-05
2.79188e-05
2.57677e-05
2.32893e-05
2.05785e-05
1.77492e-05
1.49219e-05
1.22097e-05
9.70549e-06
7.47291e-06
5.54329e-06
3.91837e-06
2.57829e-06
1.49419e-06
6.47959e-07
7.53715e-08
1.00771e-08
8.84489e-08
2.00256e-07
3.3237e-07
4.78086e-07
6.32989e-07
7.93917e-07
9.58655e-07
1.12583e-06
1.29486e-06
1.46597e-06
1.64008e-06
1.81884e-06
2.00451e-06
2.19994e-06
2.40849e-06
2.63397e-06
2.88057e-06
3.15285e-06
3.45563e-06
3.79402e-06
4.17333e-06
4.59904e-06
5.07677e-06
5.6122e-06
6.211e-06
6.87875e-06
7.62085e-06
8.44239e-06
9.34808e-06
1.03421e-05
1.14282e-05
1.26095e-05
1.38883e-05
1.52665e-05
1.67453e-05
1.83252e-05
2.00061e-05
2.17868e-05
2.36655e-05
2.56389e-05
2.77023e-05
2.9849e-05
3.20701e-05
3.43534e-05
3.66831e-05
3.90388e-05
4.13947e-05
4.37184e-05
4.59701e-05
4.81018e-05
5.00561e-05
5.17656e-05
5.31541e-05
5.40698e-05
5.44439e-05
5.44421e-05
5.37165e-05
5.22468e-05
5.00272e-05
4.70759e-05
4.34547e-05
3.92764e-05
3.47006e-05
2.99206e-05
2.51422e-05
2.05589e-05
1.63297e-05
1.25628e-05
9.31076e-06
6.57534e-06
4.32152e-06
2.49949e-06
1.07891e-06
1.22446e-07
1.45261e-08
1.28771e-07
2.9256e-07
4.8643e-07
7.00359e-07
9.27777e-07
1.164e-06
1.40575e-06
1.65101e-06
1.89894e-06
2.14984e-06
2.40512e-06
2.6672e-06
2.93943e-06
3.22604e-06
3.53197e-06
3.86287e-06
4.22496e-06
4.62497e-06
5.07007e-06
5.56784e-06
6.12617e-06
6.75324e-06
7.45743e-06
8.24723e-06
9.13115e-06
1.01176e-05
1.12146e-05
1.24299e-05
1.37705e-05
1.52428e-05
1.68521e-05
1.86031e-05
2.0499e-05
2.25421e-05
2.47337e-05
2.70735e-05
2.95601e-05
3.21903e-05
3.49593e-05
3.78602e-05
4.08837e-05
4.40177e-05
4.72466e-05
5.05509e-05
5.39066e-05
5.72835e-05
6.06452e-05
6.39471e-05
6.71352e-05
7.01448e-05
7.28986e-05
7.53058e-05
7.72646e-05
7.85571e-05
7.90865e-05
7.90963e-05
7.80754e-05
7.59848e-05
7.28115e-05
6.85712e-05
6.33441e-05
5.72874e-05
5.0631e-05
4.36585e-05
3.66754e-05
2.99716e-05
2.37856e-05
1.82801e-05
1.35331e-05
9.54608e-06
6.2657e-06
3.61719e-06
1.55608e-06
1.74835e-07
1.94272e-08
1.73028e-07
3.94082e-07
6.56189e-07
9.45596e-07
1.25328e-06
1.57284e-06
1.89979e-06
2.23139e-06
2.5665e-06
2.90555e-06
3.25048e-06
3.60459e-06
3.97248e-06
4.35991e-06
4.77367e-06
5.22147e-06
5.7118e-06
6.25389e-06
6.85758e-06
7.53327e-06
8.29183e-06
9.14452e-06
1.01029e-05
1.11787e-05
1.23838e-05
1.37297e-05
1.52276e-05
1.68882e-05
1.8721e-05
2.07346e-05
2.29362e-05
2.53312e-05
2.79236e-05
3.0715e-05
3.37053e-05
3.68919e-05
4.02698e-05
4.38315e-05
4.75665e-05
5.14614e-05
5.54994e-05
5.96606e-05
6.39212e-05
6.82537e-05
7.26258e-05
7.69998e-05
8.13314e-05
8.55681e-05
8.96468e-05
9.34916e-05
9.70109e-05
0.000100095
0.000102617
0.000104313
0.000105031
0.000105086
0.000103824
0.000101155
9.70567e-05
9.1532e-05
8.46707e-05
7.66693e-05
6.78273e-05
5.85234e-05
4.91731e-05
4.01758e-05
3.18636e-05
2.44651e-05
1.8091e-05
1.27449e-05
8.35364e-06
4.81422e-06
2.06583e-06
2.30991e-07
2.47305e-08
2.20815e-07
5.03813e-07
8.39895e-07
1.21123e-06
1.60608e-06
2.01612e-06
2.43555e-06
2.86079e-06
3.29042e-06
3.72502e-06
4.1671e-06
4.62098e-06
5.09266e-06
5.58961e-06
6.12066e-06
6.69584e-06
7.3262e-06
8.02377e-06
8.80138e-06
9.6726e-06
1.06516e-05
1.17533e-05
1.29927e-05
1.43853e-05
1.59466e-05
1.76916e-05
1.96351e-05
2.17907e-05
2.41706e-05
2.67853e-05
2.96431e-05
3.27497e-05
3.61079e-05
3.97171e-05
4.35735e-05
4.76693e-05
5.19929e-05
5.65288e-05
6.12576e-05
6.61561e-05
7.1198e-05
7.6354e-05
8.15921e-05
8.6878e-05
9.21747e-05
9.74415e-05
0.000102632
0.000107694
0.00011256
0.00011715
0.000121365
0.000125078
0.000128141
0.000130267
0.000131214
0.00013135
0.00012993
0.000126766
0.00012183
0.000115103
0.000106676
9.67727e-05
8.57556e-05
7.40942e-05
6.23154e-05
5.09359e-05
4.03935e-05
3.0996e-05
2.28979e-05
1.61114e-05
1.05454e-05
6.06762e-06
2.59864e-06
2.89797e-07
3.04071e-08
2.71903e-07
6.21173e-07
1.03651e-06
1.49571e-06
1.98408e-06
2.49117e-06
3.00974e-06
3.53534e-06
4.06621e-06
4.60311e-06
5.14924e-06
5.71004e-06
6.29304e-06
6.90763e-06
7.56492e-06
8.27748e-06
9.05923e-06
9.92528e-06
1.08918e-05
1.19759e-05
1.31955e-05
1.45693e-05
1.61164e-05
1.78563e-05
1.98085e-05
2.19919e-05
2.44246e-05
2.71232e-05
3.01021e-05
3.33731e-05
3.69444e-05
4.08201e-05
4.49997e-05
4.94778e-05
5.42433e-05
5.92796e-05
6.45647e-05
7.00713e-05
7.5768e-05
8.16196e-05
8.75892e-05
9.36388e-05
9.97311e-05
0.000105829
0.000111898
0.0001179
0.000123795
0.000129536
0.00013506
0.000140288
0.000145114
0.000149398
0.000152967
0.000155532
0.000156732
0.000156977
0.000155477
0.000151915
0.000146262
0.000138473
0.000128627
0.000116966
0.000103896
8.99648e-05
7.58011e-05
6.2039e-05
4.92305e-05
3.7776e-05
2.7889e-05
1.96022e-05
1.2813e-05
7.36129e-06
3.14771e-06
3.50467e-07
3.64422e-08
3.26175e-07
7.45858e-07
1.24547e-06
1.79817e-06
2.38605e-06
2.99641e-06
3.62041e-06
4.25269e-06
4.89112e-06
5.53669e-06
6.19337e-06
6.86784e-06
7.56935e-06
8.30943e-06
9.10163e-06
9.96139e-06
1.09057e-05
1.19532e-05
1.31236e-05
1.4438e-05
1.59183e-05
1.75875e-05
1.94691e-05
2.15868e-05
2.39643e-05
2.66243e-05
2.95882e-05
3.28751e-05
3.65007e-05
4.04765e-05
4.48087e-05
4.94976e-05
5.45362e-05
5.99104e-05
6.5598e-05
7.15696e-05
7.77888e-05
8.42136e-05
9.07983e-05
9.74958e-05
0.00010426
0.000111048
0.000117823
0.000124553
0.00013121
0.00013777
0.000144205
0.000150476
0.00015653
0.000162287
0.000167634
0.000172418
0.000176442
0.000179421
0.000180865
0.000181224
0.000179703
0.000175835
0.000169603
0.000160931
0.00014988
0.000136688
0.000121786
0.000105773
8.93644e-05
7.33018e-05
5.82548e-05
4.47302e-05
3.30179e-05
2.31879e-05
1.51378e-05
8.68441e-06
3.70827e-06
4.12488e-07
4.28302e-08
3.83592e-07
8.77757e-07
1.46655e-06
2.11819e-06
2.81141e-06
3.53103e-06
4.26653e-06
5.01155e-06
5.76361e-06
6.52399e-06
7.29748e-06
8.09218e-06
8.91922e-06
9.79245e-06
1.07282e-05
1.17449e-05
1.28631e-05
1.4105e-05
1.54945e-05
1.70567e-05
1.8818e-05
2.0806e-05
2.30488e-05
2.55744e-05
2.84106e-05
3.1584e-05
3.51184e-05
3.90344e-05
4.33476e-05
4.80673e-05
5.31952e-05
5.8724e-05
6.46367e-05
7.09063e-05
7.74956e-05
8.43582e-05
9.14406e-05
9.86845e-05
0.00010603
0.000113422
0.000120808
0.000128148
0.000135412
0.000142582
0.000149646
0.000156597
0.00016342
0.000170091
0.00017656
0.000182744
0.00018852
0.000193718
0.00019812
0.000201443
0.000203089
0.000203544
0.000202031
0.000197942
0.000191276
0.000181928
0.000169928
0.000155494
0.000139053
0.000121228
0.000102792
8.45795e-05
6.73756e-05
5.18049e-05
3.8254e-05
2.68507e-05
1.75088e-05
1.00305e-05
4.27723e-06
4.75625e-07
4.95725e-08
4.44175e-07
1.0169e-06
1.69976e-06
2.45577e-06
3.26006e-06
4.09484e-06
4.94779e-06
5.81149e-06
6.68312e-06
7.56427e-06
8.46072e-06
9.38209e-06
1.03416e-05
1.13556e-05
1.24435e-05
1.3627e-05
1.49304e-05
1.63799e-05
1.80036e-05
1.98313e-05
2.18941e-05
2.42241e-05
2.68542e-05
2.98169e-05
3.31437e-05
3.68642e-05
4.10041e-05
4.55838e-05
5.06168e-05
5.61074e-05
6.20494e-05
6.84244e-05
7.52011e-05
8.23355e-05
8.97714e-05
9.7443e-05
0.000105278
0.000113204
0.00012115
0.000129055
0.000136872
0.000144571
0.000152137
0.000159573
0.000166887
0.000174091
0.000181184
0.000188149
0.000194933
0.000201447
0.000207552
0.000213063
0.000217741
0.000221303
0.000223083
0.0002236
0.000222096
0.000217867
0.000210913
0.000201104
0.000188434
0.000173081
0.000155439
0.000136122
0.000115931
9.57693e-05
7.65312e-05
5.89675e-05
4.35814e-05
3.05828e-05
1.99217e-05
1.13966e-05
4.85325e-06
5.39639e-07
5.6676e-08
5.07987e-07
1.16342e-06
1.94529e-06
2.81114e-06
3.73226e-06
4.6881e-06
5.66442e-06
6.65269e-06
7.64976e-06
8.65761e-06
9.68308e-06
1.07375e-05
1.18364e-05
1.29988e-05
1.42474e-05
1.56076e-05
1.71076e-05
1.87779e-05
2.06512e-05
2.2762e-05
2.51462e-05
2.7841e-05
3.08835e-05
3.43106e-05
3.81572e-05
4.24547e-05
4.72292e-05
5.2499e-05
5.82728e-05
6.45468e-05
7.1303e-05
7.85079e-05
8.61118e-05
9.405e-05
0.000102245
0.000110611
0.000119058
0.000127502
0.000135869
0.0001441
0.000152162
0.000160043
0.000167752
0.000175315
0.000182763
0.000190121
0.0001974
0.000204577
0.000211593
0.000218344
0.000224674
0.000230383
0.000235221
0.0002389
0.000240738
0.000241277
0.000239761
0.000235464
0.000228362
0.0002183
0.000205233
0.000189284
0.000170792
0.000150327
0.000128682
0.000106806
8.56854e-05
6.62025e-05
4.89964e-05
3.43849e-05
2.23772e-05
1.27829e-05
5.43612e-06
6.04478e-07
6.41517e-08
5.75132e-07
1.31756e-06
2.20352e-06
3.18477e-06
4.22858e-06
5.31144e-06
6.4171e-06
7.53586e-06
8.66423e-06
9.80467e-06
1.09652e-05
1.2159e-05
1.34041e-05
1.47226e-05
1.61405e-05
1.76873e-05
1.93952e-05
2.12994e-05
2.34374e-05
2.58485e-05
2.85736e-05
3.16546e-05
3.51332e-05
3.90496e-05
4.34412e-05
4.83401e-05
5.37708e-05
5.97472e-05
6.62698e-05
7.33233e-05
8.0874e-05
8.88692e-05
9.72374e-05
0.000105891
0.000114731
0.000123651
0.000132551
0.000141339
0.000149947
0.00015833
0.000166475
0.000174396
0.000182131
0.000189729
0.000197238
0.000204694
0.000212103
0.000219434
0.000226612
0.000233513
0.000239968
0.000245763
0.000250647
0.000254322
0.000256146
0.000256672
0.000255115
0.000250801
0.000243671
0.000233536
0.000220314
0.000204065
0.000185053
0.000163778
0.000140992
0.000117652
9.48206e-05
7.35076e-05
5.45045e-05
3.8264e-05
2.48805e-05
1.41916e-05
6.02657e-06
6.70202e-07
7.20141e-08
6.45743e-07
1.4796e-06
2.47492e-06
3.57733e-06
4.74984e-06
5.96581e-06
7.20685e-06
8.46207e-06
9.72765e-06
1.10066e-05
1.23082e-05
1.36477e-05
1.50458e-05
1.65279e-05
1.81237e-05
1.98667e-05
2.17938e-05
2.39448e-05
2.6362e-05
2.909e-05
3.21744e-05
3.56616e-05
3.95971e-05
4.40242e-05
4.89812e-05
5.44993e-05
6.0599e-05
6.72869e-05
7.45521e-05
8.23639e-05
9.06691e-05
9.93926e-05
0.000108439
0.000117697
0.000127046
0.000136368
0.000145555
0.000154519
0.000163205
0.000171593
0.000179698
0.000187564
0.000195257
0.000202845
0.000210388
0.000217919
0.000225432
0.00023288
0.000240164
0.000247144
0.000253636
0.000259422
0.000264256
0.000267828
0.000269577
0.00027006
0.000268435
0.000264126
0.000257055
0.000246981
0.00023379
0.000217483
0.000198237
0.000176462
0.000152835
0.000128288
0.000103929
8.08869e-05
6.01166e-05
4.22313e-05
2.74394e-05
1.56268e-05
6.62593e-06
7.36951e-07
8.02807e-08
7.19979e-07
1.64991e-06
2.76006e-06
3.98962e-06
5.29704e-06
6.65238e-06
8.03501e-06
9.43275e-06
1.08415e-05
1.22648e-05
1.37134e-05
1.52049e-05
1.67627e-05
1.84158e-05
2.01977e-05
2.21465e-05
2.43036e-05
2.67137e-05
2.94242e-05
3.24844e-05
3.59448e-05
3.98558e-05
4.42662e-05
4.92209e-05
5.47578e-05
6.0905e-05
6.76765e-05
7.50684e-05
8.3055e-05
9.15864e-05
0.000100587
0.000109957
0.000119576
0.000129312
0.000139027
0.000148594
0.000157909
0.000166899
0.000175531
0.000183818
0.000191806
0.000199573
0.000207205
0.000214785
0.000222371
0.000229985
0.000237602
0.000245148
0.000252506
0.000259514
0.000265983
0.000271693
0.00027641
0.000279811
0.000281444
0.000281863
0.000280138
0.000275833
0.000268853
0.000258918
0.000245876
0.000229677
0.000210417
0.000188401
0.000164205
0.0001387
0.000113005
8.83456e-05
6.58449e-05
4.63e-05
3.00637e-05
1.70934e-05
7.23599e-06
8.04911e-07
8.89717e-08
7.98022e-07
1.8289e-06
3.05964e-06
4.42257e-06
5.87136e-06
7.37257e-06
8.90313e-06
1.04495e-05
1.20074e-05
1.35809e-05
1.51825e-05
1.6832e-05
1.85561e-05
2.03873e-05
2.23635e-05
2.45271e-05
2.69245e-05
2.96052e-05
3.26218e-05
3.60281e-05
3.98792e-05
4.42288e-05
4.9128e-05
5.46219e-05
6.07464e-05
6.75241e-05
7.49594e-05
8.30348e-05
9.17066e-05
0.000100903
0.000110523
0.000120442
0.000130516
0.000140593
0.000150529
0.000160195
0.000169501
0.000178397
0.000186884
0.000195008
0.000202853
0.000210523
0.00021812
0.000225729
0.0002334
0.000241132
0.000248874
0.000256528
0.00026395
0.000270968
0.000277387
0.000282992
0.000287562
0.000290756
0.00029225
0.000292588
0.000290729
0.000286403
0.000279491
0.000269708
0.000256854
0.000240845
0.000221708
0.000199644
0.000175108
0.000148877
0.000122038
9.58847e-05
7.16994e-05
5.04829e-05
3.27635e-05
1.85971e-05
7.8587e-06
8.74292e-07
9.81094e-08
8.80075e-07
2.01703e-06
3.37438e-06
4.87724e-06
6.47414e-06
8.12791e-06
9.81295e-06
1.15143e-05
1.32273e-05
1.49568e-05
1.67171e-05
1.85305e-05
2.04271e-05
2.24432e-05
2.46212e-05
2.70082e-05
2.96553e-05
3.26173e-05
3.59512e-05
3.97158e-05
4.39695e-05
4.8769e-05
5.41663e-05
6.02053e-05
6.69176e-05
7.43177e-05
8.23978e-05
9.11236e-05
0.00010043
0.000110222
0.000120372
0.000130731
0.000141136
0.000151422
0.000161442
0.000171081
0.000180268
0.000188989
0.000197282
0.000205232
0.000212953
0.000220571
0.000228195
0.000235903
0.000243725
0.000251632
0.000259546
0.000267338
0.000274849
0.000281893
0.000288271
0.00029378
0.00029821
0.00030119
0.000302536
0.000302782
0.000300753
0.000296358
0.000289448
0.000279758
0.000267055
0.000251229
0.000232263
0.000210263
0.00018556
0.000158805
0.000131011
0.000103497
7.76852e-05
5.47906e-05
3.55483e-05
2.01432e-05
8.49605e-06
9.4531e-07
1.07718e-07
9.66359e-07
2.21479e-06
3.70512e-06
5.35476e-06
7.10682e-06
8.92013e-06
1.07663e-05
1.2629e-05
1.45031e-05
1.63943e-05
1.83188e-05
2.03018e-05
2.23767e-05
2.45841e-05
2.69708e-05
2.95888e-05
3.24942e-05
3.57465e-05
3.94075e-05
4.35398e-05
4.82052e-05
5.34618e-05
5.93615e-05
6.59449e-05
7.32372e-05
8.12423e-05
8.99373e-05
9.92685e-05
0.000109148
0.000119454
0.000130036
0.000140722
0.000151334
0.000161704
0.000171692
0.000181202
0.000190198
0.000198704
0.000206799
0.000214604
0.000222262
0.000229908
0.000237651
0.000245552
0.000253611
0.000261771
0.000269923
0.000277913
0.000285564
0.000292682
0.000299067
0.000304521
0.000308846
0.000311634
0.000312835
0.000312981
0.000310745
0.000306217
0.000299213
0.000289497
0.000276842
0.000261109
0.000242269
0.000220358
0.00019559
0.000168472
0.000139901
0.000111167
8.38003e-05
5.92302e-05
3.84265e-05
2.1737e-05
9.14989e-06
1.01817e-06
1.17824e-07
1.05711e-06
2.42273e-06
4.05273e-06
5.85637e-06
7.77095e-06
9.75103e-06
1.17653e-05
1.37957e-05
1.58368e-05
1.78953e-05
1.99893e-05
2.2147e-05
2.44055e-05
2.68099e-05
2.94115e-05
3.22672e-05
3.5438e-05
3.89882e-05
4.29838e-05
4.74907e-05
5.25732e-05
5.82898e-05
6.46905e-05
7.18109e-05
7.96674e-05
8.82507e-05
9.75207e-05
0.000107402
0.000117782
0.000128514
0.000139425
0.000150326
0.000161031
0.000171376
0.000181238
0.000190553
0.000199323
0.000207614
0.000215548
0.000223278
0.000230965
0.000238747
0.000246721
0.000254923
0.000263323
0.000271831
0.000280307
0.000288576
0.000296445
0.000303711
0.000310175
0.000315643
0.000319923
0.000322564
0.000323638
0.000323674
0.000321201
0.000316466
0.000309257
0.000299363
0.000286589
0.000270791
0.000251946
0.00023006
0.000205248
0.000177873
0.000148677
0.000118869
9.00344e-05
6.38036e-05
4.14041e-05
2.33828e-05
9.82182e-06
1.09304e-06
1.28455e-07
1.15258e-06
2.6414e-06
4.41813e-06
6.38335e-06
8.46816e-06
1.06225e-05
1.28119e-05
1.50165e-05
1.72304e-05
1.94615e-05
2.17298e-05
2.40669e-05
2.65137e-05
2.91199e-05
3.19415e-05
3.50404e-05
3.84824e-05
4.23361e-05
4.66713e-05
5.15568e-05
5.7058e-05
6.32327e-05
7.01272e-05
7.77703e-05
8.61673e-05
9.52937e-05
0.00010509
0.000115457
0.000126259
0.000137325
0.000148464
0.000159474
0.000170171
0.000180404
0.000190077
0.000199163
0.00020771
0.000215826
0.000223672
0.000231425
0.000239258
0.000247302
0.000255633
0.000264257
0.000273112
0.000282075
0.000290977
0.000299624
0.000307806
0.000315315
0.000321948
0.00032751
0.000331812
0.000334369
0.000335365
0.000335261
0.000332543
0.000327531
0.000320004
0.000309768
0.000296673
0.000280598
0.000261544
0.000239531
0.000214612
0.000187018
0.000157314
0.000126571
9.63697e-05
6.85078e-05
4.44848e-05
2.5084e-05
1.05131e-05
1.17007e-06
1.39641e-07
1.25303e-06
2.87142e-06
4.80232e-06
6.93709e-06
9.20018e-06
1.15366e-05
1.39083e-05
1.62935e-05
1.86859e-05
2.10944e-05
2.35415e-05
2.60619e-05
2.8701e-05
3.15128e-05
3.45586e-05
3.79048e-05
4.16219e-05
4.57825e-05
5.04597e-05
5.57243e-05
6.16416e-05
6.82676e-05
7.5643e-05
8.37878e-05
9.26944e-05
0.000102321
0.000112587
0.000123371
0.000134513
0.000145822
0.000157092
0.000168119
0.000178726
0.000188786
0.000198237
0.000207097
0.000215456
0.00022347
0.000231327
0.000239225
0.000247337
0.000255778
0.0002646
0.000273774
0.000283204
0.000292736
0.000302175
0.000311307
0.000319908
0.000327762
0.000334659
0.000340402
0.000344801
0.000347342
0.000348307
0.000348059
0.000345099
0.000339759
0.000331814
0.000321085
0.000307455
0.000290857
0.000271337
0.000248968
0.000223791
0.000195938
0.000165794
0.000134241
0.000102782
7.33343e-05
4.76693e-05
2.68434e-05
1.12248e-05
1.24936e-06
1.51414e-07
1.35873e-06
3.1134e-06
5.20632e-06
7.51901e-06
9.9688e-06
1.24952e-05
1.50565e-05
1.76287e-05
2.0205e-05
2.27955e-05
2.5425e-05
2.8132e-05
3.09663e-05
3.39866e-05
3.72591e-05
4.08551e-05
4.48493e-05
4.93181e-05
5.43368e-05
5.99774e-05
6.63043e-05
7.33696e-05
8.12073e-05
8.98267e-05
9.92054e-05
0.000109283
0.000119958
0.000131086
0.000142486
0.000153951
0.000165267
0.000176234
0.000186693
0.000196546
0.000205774
0.000214439
0.000222679
0.000230686
0.000238676
0.000246854
0.000255385
0.000264364
0.000273811
0.000283663
0.000293789
0.000304006
0.000314093
0.000323817
0.00033294
0.000341234
0.000348486
0.000354494
0.000359065
0.000361662
0.000362629
0.000362271
0.000359089
0.000353398
0.000344967
0.00033362
0.000319264
0.000301888
0.000281612
0.000258598
0.000232931
0.000204695
0.000174114
0.000141845
0.000109242
7.82699e-05
5.09559e-05
2.86623e-05
1.19573e-05
1.33099e-06
1.63811e-07
1.46997e-06
3.36802e-06
5.63122e-06
8.13061e-06
1.07758e-05
1.35006e-05
1.62588e-05
1.90242e-05
2.17894e-05
2.45656e-05
2.73806e-05
3.02766e-05
3.33079e-05
3.65384e-05
4.00388e-05
4.38854e-05
4.81566e-05
5.2932e-05
5.82888e-05
6.42988e-05
7.10243e-05
7.85123e-05
8.67884e-05
9.58498e-05
0.000105658
0.000116134
0.000127153
0.000138552
0.000150132
0.000161675
0.000172965
0.000183816
0.000194091
0.000203731
0.000212762
0.000221293
0.000229505
0.000237622
0.000245877
0.000254476
0.000263567
0.000273222
0.000283424
0.000294076
0.000305014
0.000316024
0.000326861
0.000337273
0.000347007
0.000355827
0.000363511
0.000369857
0.000374668
0.000377387
0.000378391
0.000377979
0.000374617
0.00036859
0.00035965
0.000347606
0.000332372
0.000313986
0.000292658
0.000268669
0.00024221
0.000213384
0.000182293
0.000149361
0.000115719
8.32971e-05
5.43402e-05
3.05413e-05
1.27111e-05
1.41499e-06
1.76864e-07
1.58707e-06
3.63596e-06
6.07813e-06
8.77344e-06
1.16232e-05
1.45547e-05
1.75172e-05
2.04818e-05
2.34405e-05
2.64058e-05
2.94084e-05
3.24946e-05
3.57236e-05
3.91643e-05
4.28924e-05
4.69882e-05
5.15342e-05
5.66122e-05
6.23004e-05
6.86696e-05
7.57787e-05
8.36684e-05
9.23544e-05
0.000101821
0.000112012
0.000122829
0.00013413
0.00014573
0.000157418
0.000168972
0.000180181
0.000190878
0.000200959
0.000210407
0.000219292
0.000227771
0.000236063
0.000244417
0.000253075
0.000262235
0.000272024
0.000282484
0.000293561
0.000305125
0.000316977
0.000328873
0.000340546
0.000351722
0.000362137
0.000371543
0.000379718
0.000386456
0.000391564
0.000394468
0.000395544
0.000395147
0.000391675
0.000385365
0.000375942
0.000363182
0.00034698
0.000327399
0.000304744
0.000279437
0.000251833
0.00022213
0.000190378
0.000156778
0.000122185
8.83958e-05
5.78154e-05
3.24797e-05
1.34859e-05
1.50134e-06
1.90609e-07
1.71033e-06
3.91795e-06
6.54823e-06
9.44909e-06
1.25129e-05
1.56597e-05
1.88339e-05
2.20032e-05
2.51594e-05
2.83162e-05
3.15075e-05
3.47842e-05
3.82103e-05
4.18598e-05
4.58133e-05
5.01554e-05
5.49716e-05
6.03454e-05
6.63552e-05
7.30701e-05
8.05441e-05
8.88103e-05
9.78739e-05
0.000107704
0.000118229
0.000129332
0.000140851
0.000152588
0.000164324
0.000175835
0.000186926
0.000197454
0.000207353
0.00021665
0.000225462
0.000233988
0.00024248
0.000251202
0.000260398
0.000270253
0.000280867
0.000292248
0.000304307
0.000316876
0.000329725
0.00034258
0.000355149
0.000367141
0.000378278
0.000388306
0.000397002
0.000404166
0.000409613
0.000412763
0.000413945
0.000413634
0.000410145
0.000403645
0.000393821
0.000380392
0.000363204
0.000342315
0.000318107
0.000291153
0.000262022
0.000231091
0.000198442
0.000164102
0.000128613
9.35437e-05
6.13727e-05
3.4476e-05
1.42814e-05
1.59002e-06
2.05082e-07
1.84012e-06
4.21475e-06
7.04274e-06
1.01592e-05
1.34468e-05
1.68178e-05
2.02107e-05
2.35902e-05
2.69471e-05
3.02969e-05
3.3677e-05
3.71429e-05
4.0764e-05
4.46193e-05
4.87945e-05
5.33776e-05
5.8457e-05
6.41173e-05
7.04362e-05
7.74797e-05
8.52965e-05
9.3911e-05
0.000103317
0.000113469
0.000124278
0.000135611
0.000147291
0.000159108
0.00017084
0.000182271
0.000193226
0.00020359
0.00021334
0.000222547
0.000231374
0.000240057
0.00024887
0.00025809
0.000267954
0.000278626
0.000290176
0.000302577
0.000315704
0.000329351
0.000343255
0.000357114
0.000370613
0.000383442
0.000395313
0.00040597
0.000415193
0.000422793
0.000428599
0.000432052
0.000433378
0.000433216
0.000429821
0.000423256
0.000413161
0.000399176
0.000381066
0.000358843
0.000332929
0.000304044
0.000273004
0.000240446
0.000206589
0.00017136
0.000134988
9.87184e-05
6.50015e-05
3.65278e-05
1.50971e-05
1.68095e-06
2.20325e-07
1.97677e-06
4.52714e-06
7.56293e-06
1.09055e-05
1.4427e-05
1.8031e-05
2.16496e-05
2.5244e-05
2.88042e-05
3.23475e-05
3.59151e-05
3.95677e-05
4.33801e-05
4.74368e-05
5.18277e-05
5.66447e-05
6.19781e-05
6.7913e-05
7.45256e-05
8.18781e-05
9.00127e-05
9.89446e-05
0.000108655
0.000119085
0.000130131
0.000141642
0.000153431
0.000165282
0.000176973
0.000188302
0.000199118
0.000209344
0.000218995
0.000228188
0.000237128
0.00024608
0.000255338
0.000265178
0.000275827
0.000287421
0.000300001
0.000313501
0.000327757
0.00034253
0.00035752
0.000372399
0.000386829
0.000400485
0.000413072
0.000424337
0.000434067
0.00044209
0.000448256
0.000452062
0.000453585
0.000453606
0.000450429
0.000443946
0.000433749
0.000419379
0.000400492
0.000377006
0.000349327
0.000318298
0.000284995
0.000250387
0.000214944
0.000178601
0.000141303
0.000103898
6.86895e-05
3.86321e-05
1.59321e-05
1.77406e-06
2.36378e-07
2.12066e-06
4.85595e-06
8.11011e-06
1.16898e-05
1.54555e-05
1.93014e-05
2.31525e-05
2.69659e-05
3.07309e-05
3.4467e-05
3.82197e-05
4.2055e-05
4.60535e-05
5.03051e-05
5.49043e-05
5.99459e-05
6.55219e-05
7.17172e-05
7.86058e-05
8.62452e-05
9.46705e-05
0.000103887
0.000113865
0.000124531
0.000135766
0.00014741
0.000159264
0.000171111
0.000182738
0.00019396
0.000204654
0.00021478
0.000224397
0.000233662
0.000242817
0.000252152
0.000261969
0.000272542
0.000284075
0.000296681
0.000310361
0.000325014
0.000340436
0.000356352
0.00037243
0.000388314
0.000403648
0.000418093
0.000431353
0.000443179
0.000453375
0.000461787
0.000468291
0.000472486
0.000474282
0.000474482
0.000471651
0.000465407
0.000455302
0.000440768
0.00042132
0.000396735
0.00036734
0.000334048
0.000298186
0.000261109
0.000223655
0.000185894
0.000147564
0.000109065
7.24233e-05
4.07848e-05
1.67854e-05
1.86922e-06
2.53285e-07
2.27217e-06
5.20203e-06
8.68565e-06
1.25139e-05
1.65345e-05
2.06311e-05
2.4721e-05
2.87568e-05
3.27272e-05
3.6654e-05
4.05878e-05
4.46003e-05
4.87782e-05
5.32168e-05
5.80148e-05
6.327e-05
6.90752e-05
7.55147e-05
8.26594e-05
9.05618e-05
9.92494e-05
0.000108718
0.000118925
0.000129786
0.00014117
0.000152905
0.000164789
0.000176609
0.000188161
0.000199285
0.000209887
0.000219968
0.000229625
0.000239054
0.000248528
0.000258354
0.000268836
0.000280236
0.000292737
0.000306419
0.000321248
0.000337081
0.000353679
0.000370727
0.000387866
0.000404713
0.000420895
0.000436067
0.000449933
0.000462257
0.000472861
0.000481617
0.000488427
0.000493027
0.000495137
0.00049554
0.000493155
0.000487302
0.000477493
0.000463043
0.000443306
0.000417874
0.000386921
0.00035136
0.000312728
0.000272796
0.000232878
0.000193331
0.000153792
0.000114205
7.61891e-05
4.29812e-05
1.76557e-05
1.9663e-06
2.71091e-07
2.43171e-06
5.56628e-06
9.29096e-06
1.33796e-05
1.76661e-05
2.20222e-05
2.63567e-05
3.06175e-05
3.47925e-05
3.89069e-05
4.30162e-05
4.71988e-05
5.15477e-05
5.61637e-05
6.11495e-05
6.66054e-05
7.26248e-05
7.92905e-05
8.66702e-05
9.48104e-05
0.000103731
0.000113419
0.00012382
0.000134838
0.000146333
0.000158128
0.000170018
0.000181797
0.000193278
0.000204326
0.00021488
0.000224978
0.000234756
0.000244444
0.000254337
0.000264753
0.000275991
0.000288296
0.000301827
0.000316628
0.000332628
0.000349643
0.000367397
0.000385541
0.000403685
0.000421428
0.000438381
0.000454198
0.00046859
0.000481335
0.000492281
0.000501328
0.000508405
0.000513394
0.000515851
0.000516485
0.000514618
0.000509293
0.000499977
0.000485869
0.000466149
0.000440191
0.000407942
0.000370225
0.000328722
0.000285612
0.000242776
0.000201017
0.000160023
0.000119309
7.99726e-05
4.52159e-05
1.85416e-05
2.06513e-06
2.89845e-07
2.59969e-06
5.94964e-06
9.92753e-06
1.42889e-05
1.88523e-05
2.34767e-05
2.8061e-05
3.25483e-05
3.69261e-05
4.12232e-05
4.55011e-05
4.98452e-05
5.43552e-05
5.91373e-05
6.42985e-05
6.99407e-05
7.61579e-05
8.30307e-05
9.06229e-05
9.89755e-05
0.000108101
0.000117976
0.000128538
0.000139681
0.000151257
0.000163086
0.000174968
0.000186705
0.000198131
0.000209136
0.000219696
0.000229882
0.000239865
0.000249901
0.000260307
0.0002714
0.000283468
0.000296738
0.000311338
0.000327277
0.000344445
0.000362618
0.000381483
0.00040066
0.000419733
0.000438284
0.000455916
0.000472284
0.000487112
0.000500197
0.000511414
0.000520698
0.000528014
0.000533323
0.000536168
0.000537058
0.000535749
0.000531063
0.000522415
0.000508895
0.00048951
0.000463393
0.000430197
0.000390561
0.000346206
0.000299683
0.000253502
0.000209072
0.000166306
0.000124375
8.37601e-05
4.74824e-05
1.94413e-05
2.16551e-06
3.09596e-07
2.77656e-06
6.35307e-06
1.05969e-05
1.52437e-05
2.00954e-05
2.49964e-05
2.98352e-05
3.45494e-05
3.91268e-05
4.36003e-05
4.80383e-05
5.25337e-05
5.71934e-05
6.21293e-05
6.74519e-05
7.32651e-05
7.96624e-05
8.67224e-05
9.45046e-05
0.000103044
0.000112346
0.000122379
0.000133072
0.000144312
0.000155947
0.000167796
0.000179664
0.000191369
0.000202766
0.000213774
0.000224399
0.000234747
0.000245018
0.000255489
0.00026649
0.000278333
0.000291289
0.000305563
0.000321249
0.000338321
0.000356628
0.00037591
0.000395819
0.000415945
0.000435853
0.000455109
0.000473316
0.000490136
0.000505307
0.000518652
0.000530073
0.000539538
0.000547053
0.000552625
0.00055588
0.000557051
0.000556306
0.000552336
0.000544496
0.000531785
0.000513037
0.000487144
0.000453419
0.000412206
0.000365152
0.000315095
0.000265196
0.000217617
0.000172706
0.00012941
8.75387e-05
4.97734e-05
2.03527e-05
2.26721e-06
3.30398e-07
2.96278e-06
6.77761e-06
1.13006e-05
1.62461e-05
2.13975e-05
2.65832e-05
3.16802e-05
3.66207e-05
4.1393e-05
4.6035e-05
5.06231e-05
5.52583e-05
6.00551e-05
6.51311e-05
7.06003e-05
7.65682e-05
8.31276e-05
9.03545e-05
9.83043e-05
0.000107007
0.000116459
0.000126624
0.000137424
0.000148739
0.000160417
0.000172278
0.000184139
0.000195832
0.000207236
0.000218297
0.000229053
0.000239638
0.000250275
0.00026126
0.000272929
0.000285578
0.000299461
0.000314754
0.000331522
0.000349698
0.000369094
0.000389415
0.000410279
0.000431255
0.000451888
0.00047174
0.000490416
0.000507588
0.000523014
0.000536543
0.000548106
0.000557702
0.000565373
0.00057116
0.000574826
0.000576314
0.000576096
0.000572889
0.000565956
0.000554228
0.000536391
0.000511095
0.000477294
0.000434936
0.000385465
0.000331877
0.000277968
0.000226776
0.000179295
0.000134427
9.1297e-05
5.20809e-05
2.12735e-05
2.36997e-06
3.52304e-07
3.15883e-06
7.22431e-06
1.20404e-05
1.72982e-05
2.27608e-05
2.8239e-05
3.35971e-05
3.87618e-05
4.37227e-05
4.85239e-05
5.32505e-05
5.80128e-05
6.2933e-05
6.81345e-05
7.37349e-05
7.98408e-05
8.6544e-05
9.39181e-05
0.000102014
0.000110856
0.000120437
0.000130712
0.000141597
0.000152973
0.000164686
0.000176562
0.00018843
0.00020014
0.000211593
0.000222764
0.000233717
0.000244613
0.000255689
0.000267256
0.000279654
0.000293149
0.000307976
0.000324287
0.000342109
0.00036134
0.000381754
0.000403023
0.00042474
0.000446453
0.000467696
0.000488031
0.000507068
0.000524498
0.000540099
0.000553746
0.000565398
0.000575084
0.000582873
0.000588833
0.000592882
0.000594759
0.000594982
0.000592556
0.000586583
0.000575965
0.000559263
0.0005349
0.000501479
0.000458474
0.000406981
0.000350006
0.000291899
0.000236664
0.000186156
0.000139451
9.50256e-05
5.4396e-05
2.2201e-05
2.47347e-06
3.75373e-07
3.36522e-06
7.69429e-06
1.2818e-05
1.84022e-05
2.41876e-05
2.99653e-05
3.55863e-05
4.09719e-05
4.61136e-05
5.10631e-05
5.59155e-05
6.07909e-05
6.582e-05
7.11321e-05
7.68479e-05
8.30752e-05
8.99045e-05
9.74068e-05
0.000105629
0.000114591
0.00012428
0.000134646
0.000145605
0.000157032
0.00016878
0.000180682
0.00019258
0.000204342
0.000215894
0.000227234
0.000238452
0.000249726
0.000261308
0.000273515
0.000286688
0.000301048
0.000316819
0.000334124
0.000352955
0.000373171
0.000394515
0.000416629
0.000439084
0.000461413
0.000483147
0.000503852
0.000523151
0.000540752
0.000556459
0.00057017
0.000581872
0.000591617
0.000599499
0.000605609
0.000609977
0.000612296
0.000612898
0.000611231
0.000606229
0.000596789
0.000581386
0.000558241
0.000525629
0.000482502
0.000429481
0.000369398
0.000307027
0.000247379
0.000193372
0.00014451
9.87176e-05
5.67093e-05
2.31321e-05
2.57738e-06
3.99664e-07
3.58247e-06
8.1887e-06
1.36351e-05
1.95601e-05
2.56798e-05
3.17637e-05
3.76484e-05
4.32499e-05
4.8563e-05
5.36485e-05
5.86127e-05
6.35866e-05
6.87096e-05
7.4117e-05
7.99328e-05
8.62653e-05
9.3204e-05
0.000100817
0.000109148
0.000118213
0.000127994
0.00013844
0.000149462
0.000160941
0.000172731
0.000184677
0.000196634
0.000208491
0.000220193
0.000231764
0.000243311
0.000255029
0.000267174
0.000280068
0.000294034
0.00030927
0.000325967
0.000344226
0.000364001
0.000385118
0.000407288
0.000430131
0.0004532
0.000476022
0.00049813
0.000519097
0.000538564
0.000556262
0.000572017
0.000585753
0.000597477
0.000607264
0.000615227
0.00062148
0.000626099
0.000628862
0.000629829
0.000628858
0.000624799
0.000616553
0.000602547
0.000580841
0.00054941
0.000506688
0.000452697
0.000389913
0.000323348
0.000258999
0.000201027
0.000149642
0.000102369
5.90109e-05
2.40635e-05
2.68132e-06
4.25242e-07
3.81114e-06
8.70874e-06
1.44936e-05
2.07743e-05
2.72396e-05
3.36356e-05
3.97834e-05
4.55943e-05
5.1068e-05
5.62759e-05
6.13369e-05
6.63941e-05
7.15959e-05
7.70837e-05
8.29846e-05
8.94074e-05
9.64405e-05
0.00010415
0.000112575
0.000121729
0.000131591
0.000142109
0.000153194
0.000164729
0.000176576
0.000188591
0.000200643
0.000212641
0.000224549
0.000236409
0.000248347
0.000260567
0.000273322
0.000286938
0.000301697
0.000317803
0.000335393
0.000354548
0.000375187
0.000397105
0.000419988
0.000443436
0.000466993
0.000490185
0.000512551
0.000533679
0.000553232
0.000570963
0.000586722
0.000600454
0.000612187
0.00062201
0.00063005
0.000636439
0.000641274
0.000644451
0.000645786
0.000645425
0.000642251
0.000635168
0.000622593
0.000602472
0.000572523
0.000530694
0.000476329
0.00041136
0.000340809
0.000271578
0.000209198
0.000154889
0.000105979
6.12904e-05
2.49916e-05
2.78486e-06
4.5217e-07
4.0518e-06
9.25565e-06
1.53953e-05
2.20469e-05
2.8869e-05
3.5582e-05
4.1991e-05
4.80033e-05
5.36252e-05
5.89407e-05
6.4083e-05
6.9208e-05
7.44739e-05
8.00281e-05
8.60005e-05
9.25004e-05
9.96149e-05
0.000107408
0.000115916
0.00012515
0.000135088
0.000145675
0.000156827
0.000168431
0.000180356
0.00019247
0.000204659
0.000216847
0.000229016
0.000241225
0.000253609
0.000266377
0.000279781
0.00029413
0.00030969
0.000326637
0.000345071
0.000365049
0.000386458
0.000409066
0.000432539
0.000456464
0.000480381
0.000503821
0.000526336
0.000547534
0.0005671
0.000584811
0.000600541
0.000614253
0.000625991
0.000635855
0.00064398
0.000650506
0.000655537
0.000659076
0.00066081
0.000660952
0.000658583
0.000652592
0.000641423
0.000622962
0.000594711
0.000554203
0.000500055
0.0004335
0.00035931
0.000285138
0.000217953
0.000160297
0.000109549
6.35375e-05
2.59123e-05
2.88757e-06
4.80518e-07
4.30503e-06
9.83071e-06
1.63421e-05
2.33801e-05
3.05699e-05
3.76039e-05
4.42706e-05
5.04747e-05
5.6231e-05
6.16382e-05
6.68459e-05
7.20238e-05
7.73399e-05
8.29477e-05
8.89798e-05
9.5546e-05
0.000102732
0.000110599
0.000119184
0.000128494
0.000138506
0.000149168
0.000160398
0.000172088
0.000184118
0.000196368
0.000208737
0.000221165
0.000233651
0.000246262
0.000259142
0.000272497
0.000286572
0.000301661
0.000318013
0.000335757
0.000354974
0.000375688
0.000397763
0.000420941
0.000444876
0.000469147
0.000493297
0.000516868
0.000539429
0.000560612
0.000580127
0.000597776
0.000613453
0.00062714
0.00063889
0.000648809
0.000657035
0.000663708
0.00066894
0.00067277
0.000674932
0.000675482
0.000673828
0.000668828
0.000658989
0.000642188
0.000615772
0.000576926
0.000523554
0.000456061
0.000378707
0.000299657
0.000227347
0.000165912
0.000113086
6.5742e-05
2.68215e-05
2.98895e-06
5.10355e-07
4.57144e-06
1.04352e-05
1.7336e-05
2.47759e-05
3.23439e-05
3.97018e-05
4.66212e-05
5.30057e-05
5.88812e-05
6.43639e-05
6.96212e-05
7.48375e-05
8.01913e-05
8.58419e-05
9.19246e-05
9.85491e-05
0.0001058
0.000113738
0.000122396
0.000131782
0.000141874
0.000152621
0.000163945
0.000175746
0.000187913
0.000200338
0.000212935
0.000225655
0.000238508
0.000251572
0.00026499
0.000278962
0.000293721
0.000309547
0.000326659
0.000345151
0.000365076
0.000386431
0.000409056
0.000432681
0.000456947
0.000481433
0.000505692
0.000529281
0.000551793
0.000572884
0.000592293
0.000609844
0.000625453
0.000639115
0.000650889
0.000660885
0.000669235
0.000676076
0.000681516
0.000685606
0.000688168
0.000689084
0.000688037
0.000683907
0.000675285
0.000660083
0.000635558
0.000598615
0.000546517
0.000478748
0.000398816
0.000315075
0.000237426
0.000171778
0.000116598
6.7894e-05
2.77146e-05
3.08849e-06
5.41753e-07
4.85166e-06
1.10705e-05
1.83788e-05
2.62365e-05
3.41925e-05
4.18756e-05
4.9041e-05
5.55929e-05
6.15714e-05
6.71129e-05
7.24045e-05
7.76463e-05
8.30272e-05
8.87125e-05
9.48396e-05
0.000101518
0.000108832
0.00011684
0.000125575
0.000135043
0.000145225
0.000156073
0.000167514
0.000179456
0.000191797
0.00020444
0.000217311
0.000230373
0.000243645
0.000257205
0.000271196
0.000285806
0.000301254
0.000317797
0.000335628
0.000354806
0.000375355
0.000397247
0.000420305
0.000444248
0.000468712
0.000493284
0.000517531
0.000541031
0.000563404
0.000584334
0.000603586
0.00062101
0.00063654
0.000650181
0.000661998
0.000672095
0.000680599
0.000687632
0.000693297
0.000697639
0.000700559
0.000701815
0.000701271
0.000697883
0.000690338
0.00067662
0.000653968
0.000619073
0.000568661
0.000501255
0.000419419
0.000331311
0.00024822
0.000177933
0.000120094
6.9984e-05
2.8587e-05
3.18565e-06
5.74784e-07
5.14629e-06
1.17378e-05
1.94724e-05
2.77637e-05
3.61165e-05
4.41249e-05
5.15275e-05
5.82323e-05
6.42968e-05
6.98804e-05
7.51919e-05
8.04481e-05
8.58484e-05
9.15636e-05
9.77328e-05
0.000104466
0.000111845
0.000119928
0.000128748
0.000138311
0.000148601
0.000159571
0.000171157
0.000183274
0.000195829
0.000208736
0.00022193
0.000235383
0.000249118
0.000263214
0.000277805
0.000293065
0.000309196
0.000326428
0.000344925
0.000364716
0.000385798
0.000408117
0.000431485
0.000455615
0.000480147
0.000504679
0.000528797
0.000552106
0.000574254
0.000594958
0.000614008
0.000631279
0.00064672
0.000660347
0.000672225
0.000682452
0.00069114
0.000698398
0.000704309
0.00070891
0.000712148
0.000713731
0.000713594
0.00071082
0.000704195
0.000691812
0.000670947
0.000638155
0.000589739
0.00052328
0.000440261
0.000348252
0.000259708
0.000184413
0.00012359
7.20034e-05
2.94335e-05
3.27985e-06
6.0952e-07
5.45596e-06
1.24386e-05
2.06185e-05
2.93589e-05
3.81164e-05
4.64483e-05
5.40775e-05
6.09189e-05
6.70517e-05
7.26613e-05
7.79802e-05
8.32422e-05
8.86574e-05
9.44015e-05
0.000100615
0.000107408
0.000114861
0.00012303
0.000131949
0.000141626
0.000152045
0.000163167
0.000174932
0.000187261
0.000200074
0.000213291
0.000226856
0.000240747
0.000254987
0.000269651
0.000284861
0.000300775
0.000317573
0.000335456
0.000354557
0.000374881
0.000396398
0.000419031
0.000442585
0.000466772
0.000491242
0.000515611
0.000539488
0.000562508
0.000584352
0.000604766
0.000623571
0.000640663
0.000656007
0.000669626
0.000681582
0.000691965
0.00070087
0.000708385
0.000714571
0.000719448
0.000722971
0.000724878
0.000725062
0.000722783
0.000716922
0.000705695
0.000686476
0.000655763
0.000609546
0.000544545
0.000461069
0.000365746
0.000271833
0.00019125
0.000127099
7.39448e-05
3.02488e-05
3.37047e-06
6.46034e-07
5.78127e-06
1.31739e-05
2.18186e-05
3.10233e-05
4.01922e-05
4.88434e-05
5.66864e-05
6.36469e-05
6.98298e-05
7.54503e-05
8.0766e-05
8.60287e-05
9.14584e-05
9.72353e-05
0.000103501
0.000110364
0.000117904
0.000126178
0.000135217
0.000145033
0.000155611
0.000166919
0.0001789
0.000191486
0.000204602
0.000218177
0.000232161
0.000246533
0.000261314
0.000276572
0.000292413
0.000308976
0.000326417
0.000344905
0.000364541
0.00038531
0.000407159
0.000429991
0.000453605
0.000477722
0.000502004
0.00052609
0.000549618
0.000572255
0.000593716
0.00061378
0.000632297
0.000649183
0.000664419
0.000678031
0.000690081
0.000700644
0.000709796
0.0007176
0.000724093
0.000729269
0.000733067
0.000735279
0.000735729
0.000733836
0.000728585
0.000718325
0.000700569
0.000671843
0.000627921
0.000564796
0.000481561
0.000383614
0.000284548
0.000198468
0.000130639
7.58014e-05
3.10275e-05
3.45687e-06
6.84393e-07
6.12279e-06
1.39449e-05
2.30741e-05
3.27575e-05
4.23424e-05
5.13067e-05
5.93483e-05
6.64088e-05
7.26239e-05
7.82416e-05
8.35466e-05
8.88085e-05
9.42571e-05
0.000100076
0.000106407
0.000113358
0.000121006
0.000129408
0.000138596
0.000148582
0.000159356
0.000170888
0.00018313
0.000196019
0.000209486
0.000223468
0.000237916
0.00025281
0.000268164
0.000284035
0.000300512
0.000317711
0.000335762
0.0003548
0.000374898
0.000396021
0.000418096
0.00044101
0.000464561
0.000488481
0.000512453
0.000536141
0.000559215
0.000581379
0.000602382
0.000622037
0.00064022
0.000656872
0.000671984
0.000685588
0.000697738
0.000708499
0.000717924
0.000726049
0.000732878
0.000738378
0.000742462
0.000744954
0.000745633
0.000744034
0.000739252
0.000729766
0.000713264
0.000686375
0.00064475
0.000583813
0.000501452
0.00040165
0.000297781
0.000206085
0.000134223
7.75662e-05
3.17631e-05
3.53832e-06
7.24664e-07
6.48106e-06
1.47526e-05
2.43859e-05
3.45614e-05
4.4565e-05
5.38329e-05
6.20556e-05
6.91958e-05
7.54254e-05
8.10288e-05
8.6319e-05
9.15835e-05
9.70608e-05
0.000102937
0.000109354
0.000116416
0.000124201
0.000132762
0.000142134
0.000152329
0.000163341
0.000175144
0.000187695
0.000200937
0.000214806
0.000229242
0.000244199
0.000259651
0.000275606
0.000292104
0.000309214
0.000327028
0.00034565
0.000365179
0.00038566
0.000407041
0.000429235
0.000452114
0.000475482
0.000499084
0.000522627
0.000545806
0.000568327
0.000589929
0.0006104
0.000629585
0.000647389
0.000663773
0.00067874
0.000692326
0.000704579
0.000715549
0.000725266
0.000733736
0.00074093
0.000746779
0.000751168
0.000753919
0.000754796
0.000753419
0.000748984
0.000740086
0.000724614
0.000699364
0.00065996
0.000601413
0.000520473
0.000419616
0.000311436
0.000214076
0.000137864
7.92328e-05
3.24493e-05
3.61409e-06
7.66904e-07
6.85654e-06
1.55977e-05
2.57543e-05
3.64339e-05
4.68558e-05
5.6415e-05
6.47984e-05
7.19969e-05
7.82241e-05
8.38043e-05
8.90799e-05
9.43555e-05
9.98773e-05
0.000105833
0.000112362
0.000119567
0.000127524
0.000136284
0.000145882
0.000156332
0.000167631
0.000179757
0.00019267
0.000206318
0.000220642
0.000235581
0.000251088
0.000267133
0.00028371
0.000300843
0.000318578
0.000336981
0.000356126
0.000376082
0.000396864
0.000418409
0.000440613
0.000463344
0.00048641
0.000509577
0.000532578
0.000555143
0.000577014
0.00059797
0.000617836
0.000636491
0.000653867
0.000669945
0.000684741
0.000698292
0.00071064
0.00072182
0.000731838
0.00074067
0.00074825
0.000754472
0.000759184
0.000762187
0.000763231
0.000762023
0.000757834
0.000749347
0.000734678
0.000710836
0.000673513
0.000617449
0.000538383
0.00043726
0.000325378
0.000222402
0.000141576
8.07958e-05
3.30789e-05
3.68336e-06
8.11163e-07
7.24959e-06
1.64809e-05
2.71794e-05
3.83726e-05
4.92093e-05
5.90433e-05
6.75642e-05
7.47985e-05
8.10078e-05
8.65595e-05
9.18253e-05
9.71265e-05
0.000102715
0.000108779
0.000115455
0.000122842
0.000131013
0.000140019
0.000149894
0.000160653
0.000172295
0.0001848
0.000198133
0.000212244
0.000227075
0.000242566
0.000258665
0.000275333
0.00029255
0.00031032
0.000328665
0.000347626
0.000367244
0.000387558
0.000408558
0.000430169
0.000452279
0.00047475
0.000497403
0.000520023
0.000542375
0.000564225
0.000585355
0.000605584
0.000624774
0.000642838
0.000659735
0.000675466
0.000690056
0.000703547
0.000715974
0.000727354
0.000737672
0.000746871
0.000754849
0.000761458
0.000766506
0.000769761
0.000770952
0.000769858
0.000765837
0.000757602
0.000743514
0.00072083
0.000685394
0.000631808
0.000554973
0.000454319
0.000339457
0.000231034
0.00014537
8.22516e-05
3.36452e-05
3.74535e-06
8.57479e-07
7.66046e-06
1.74022e-05
2.86598e-05
4.03738e-05
5.16172e-05
6.17051e-05
7.03372e-05
7.75843e-05
8.37622e-05
8.92835e-05
9.45501e-05
9.98977e-05
0.000105583
0.000111791
0.000118655
0.000126271
0.000134708
0.000144014
0.000154223
0.00016535
0.000177397
0.000190344
0.000204158
0.000218791
0.000234185
0.000250276
0.000267006
0.000284325
0.000302195
0.000320601
0.000339538
0.000359018
0.000379056
0.000399658
0.000420794
0.000442376
0.000464289
0.000486394
0.000508526
0.000530495
0.000552099
0.000573141
0.000593445
0.00061287
0.000631316
0.000648729
0.000665094
0.000680431
0.000694778
0.000708175
0.000720652
0.000732212
0.000742814
0.000752371
0.000760745
0.000767744
0.000773133
0.000776639
0.00077796
0.000776937
0.000773009
0.000764887
0.000751171
0.000729388
0.000695607
0.000644414
0.000570065
0.000470533
0.00035349
0.00023992
0.000149248
8.35968e-05
3.41407e-05
3.79921e-06
9.05876e-07
8.08925e-06
1.83612e-05
3.01937e-05
4.24314e-05
5.40684e-05
6.43843e-05
7.30982e-05
8.03347e-05
8.64698e-05
9.1964e-05
9.72477e-05
0.000102669
0.000108487
0.000114883
0.000121985
0.000129883
0.000138643
0.00014831
0.000158917
0.000170479
0.000182996
0.000196452
0.000210812
0.000226029
0.000242042
0.000258781
0.00027618
0.000294174
0.000312709
0.000331744
0.000351251
0.000371212
0.000391613
0.000412434
0.000433623
0.000455086
0.000476704
0.000498344
0.000519858
0.000541081
0.000561845
0.000581995
0.000601395
0.000619945
0.000637582
0.000654286
0.000670067
0.000684962
0.000699018
0.00071228
0.000724769
0.000736473
0.000747329
0.00075722
0.000765969
0.000773346
0.000779068
0.000782816
0.000784247
0.000783257
0.000779355
0.000771224
0.000757687
0.000736552
0.000704166
0.00065521
0.000583501
0.000485649
0.000367272
0.000248989
0.000153209
8.48287e-05
3.45582e-05
3.84408e-06
9.56356e-07
8.53585e-06
1.93571e-05
3.17775e-05
4.45372e-05
5.65483e-05
6.70607e-05
7.58235e-05
8.3026e-05
8.91105e-05
9.45859e-05
9.99096e-05
0.000105439
0.000111433
0.000118067
0.000125463
0.000133703
0.000142849
0.000152945
0.000164018
0.000176085
0.000189144
0.000203177
0.000218151
0.000234014
0.000250701
0.000268135
0.000286238
0.00030493
0.000324137
0.000343794
0.000363846
0.000384248
0.000404957
0.000425928
0.000447093
0.000468351
0.000489585
0.000510671
0.000531478
0.000551871
0.000571717
0.0005909
0.000609328
0.000626941
0.000643712
0.000659652
0.000674796
0.000689198
0.000702915
0.000715991
0.000728442
0.00074024
0.000751302
0.000761482
0.000770569
0.00077829
0.000784318
0.000788284
0.000789796
0.000788805
0.000784863
0.000776611
0.000763079
0.000742352
0.000711086
0.000664163
0.000595144
0.000499424
0.000380574
0.000258144
0.000157239
8.59458e-05
3.48899e-05
3.87907e-06
1.0089e-06
8.99993e-06
2.03882e-05
3.3406e-05
4.668e-05
5.90384e-05
6.9709e-05
7.84851e-05
8.56312e-05
9.16611e-05
9.71323e-05
0.000102526
0.000108205
0.000114425
0.000121354
0.000129103
0.000137752
0.000147353
0.000157946
0.000169558
0.000182202
0.000195874
0.000210556
0.00022621
0.000242779
0.000260194
0.000278367
0.000297207
0.000316617
0.000336501
0.00035677
0.000377342
0.000398144
0.000419108
0.000440167
0.000461237
0.000482215
0.000502987
0.000523441
0.000543466
0.000562958
0.000581821
0.000599979
0.00061738
0.000634003
0.00064986
0.000664987
0.000679445
0.000693303
0.000706625
0.000719457
0.000731808
0.000743635
0.000754837
0.00076524
0.000774601
0.000782609
0.000788893
0.000793032
0.000794579
0.000793549
0.000789501
0.000781023
0.000767338
0.000746798
0.000716374
0.000671244
0.000604879
0.000511646
0.000393152
0.000267271
0.000161312
8.69463e-05
3.51255e-05
3.90274e-06
1.06348e-06
9.48084e-06
2.14519e-05
3.50721e-05
4.8845e-05
6.15151e-05
7.22993e-05
8.10501e-05
8.81193e-05
9.40959e-05
9.95843e-05
0.000105085
0.000110963
0.000117464
0.000124748
0.000132918
0.000142042
0.000152168
0.000163331
0.000175554
0.000188846
0.000203202
0.000218599
0.000234995
0.000252329
0.00027052
0.000289472
0.000309078
0.00032922
0.000349783
0.000370652
0.00039172
0.000412885
0.000434057
0.000455148
0.000476062
0.000496696
0.000516942
0.000536703
0.000555891
0.00057443
0.000592263
0.000609353
0.000625687
0.000641284
0.000656186
0.000670461
0.000684189
0.000697452
0.000710322
0.000722844
0.000735019
0.000746795
0.000758049
0.000768586
0.000778132
0.000786342
0.000792802
0.000797043
0.000798556
0.000797443
0.000793212
0.000784403
0.000770424
0.000749819
0.000719967
0.000676421
0.0006126
0.000522124
0.000404757
0.000276227
0.000165407
8.78302e-05
3.52397e-05
3.9131e-06
1.12e-06
9.97765e-06
2.25447e-05
3.67663e-05
5.10136e-05
6.39497e-05
7.47958e-05
8.34814e-05
9.04566e-05
9.63879e-05
0.000101923
0.000107575
0.000113706
0.00012055
0.000128254
0.000136912
0.00014658
0.000157301
0.000169103
0.000182006
0.000196013
0.000211117
0.00022729
0.000244484
0.00026263
0.000281639
0.000301401
0.000321792
0.000342678
0.000363919
0.000385375
0.000406913
0.000428409
0.000449749
0.000470827
0.000491539
0.000511782
0.000531457
0.000550485
0.000568799
0.000586356
0.000603134
0.000619134
0.000634382
0.00064893
0.000662855
0.000676247
0.000689206
0.000701825
0.000714182
0.000726319
0.000738234
0.000749859
0.000761056
0.00077161
0.000781223
0.000789516
0.000796041
0.000800282
0.000801666
0.000800412
0.000795904
0.000786571
0.000772092
0.000751227
0.000721665
0.000679397
0.00061821
0.00053068
0.000415127
0.00028484
0.000169487
8.86e-05
3.52659e-05
3.91334e-06
1.17836e-06
1.0489e-05
2.36615e-05
3.84761e-05
5.31621e-05
6.6308e-05
7.71579e-05
8.57384e-05
9.2608e-05
9.85105e-05
0.00010413
0.000109986
0.00011643
0.000123682
0.000131874
0.000141085
0.000151364
0.000162746
0.000175253
0.000188896
0.000203677
0.000219583
0.00023658
0.000254614
0.000273609
0.000293463
0.000314054
0.000335242
0.000356872
0.000378783
0.00040081
0.000422797
0.000444596
0.000466073
0.000487107
0.000507587
0.000527412
0.000546496
0.000564773
0.000582205
0.000598777
0.000614501
0.000629413
0.000643576
0.000657075
0.000670013
0.000682504
0.000694661
0.00070659
0.000718369
0.00073004
0.000741593
0.000752949
0.000763958
0.000774386
0.000783913
0.000792139
0.00079858
0.000802682
0.000803789
0.000802273
0.00079729
0.000787425
0.000772527
0.000751412
0.000721965
0.000680451
0.000621288
0.000537144
0.000424003
0.00029291
0.000173498
8.92526e-05
3.51829e-05
3.90073e-06
1.23843e-06
1.1013e-05
2.47959e-05
4.01855e-05
5.5262e-05
6.85497e-05
7.93402e-05
8.77784e-05
9.45395e-05
0.00010044
0.000106192
0.000112312
0.000119136
0.000126863
0.000135608
0.000145437
0.00015639
0.000168491
0.000181755
0.00019619
0.00021179
0.000228536
0.000246389
0.000265289
0.000285149
0.000305859
0.000327282
0.000349262
0.000371625
0.000394188
0.000416767
0.000439181
0.00046126
0.000482853
0.000503827
0.000524065
0.000543469
0.000561966
0.000579507
0.000596076
0.000611689
0.000626387
0.000640242
0.000653346
0.000665814
0.000677773
0.000689355
0.000700686
0.000711878
0.000723011
0.000734124
0.000745198
0.000756149
0.000766812
0.00077694
0.0007862
0.000794169
0.000800327
0.000804054
0.000804742
0.000802934
0.00079747
0.000787011
0.000771501
0.000749925
0.000720454
0.000679772
0.000622275
0.000541052
0.000431127
0.000300214
0.00017737
8.97843e-05
3.49756e-05
3.87439e-06
1.30001e-06
1.15474e-05
2.59396e-05
4.1875e-05
5.7279e-05
7.06293e-05
8.12946e-05
8.95602e-05
9.62218e-05
0.000102161
0.000108105
0.000114557
0.000121829
0.000130098
0.000139459
0.000149965
0.000161645
0.000174512
0.000188576
0.000203837
0.000220283
0.000237889
0.000256611
0.000276379
0.000297099
0.000318651
0.000340887
0.000363634
0.000386702
0.00040989
0.000432992
0.000455807
0.000478148
0.000499847
0.000520759
0.000540764
0.000559769
0.00057771
0.000594557
0.000610315
0.000625024
0.000638755
0.000651609
0.000663704
0.00067518
0.000686182
0.000696858
0.000707342
0.00071775
0.000728162
0.000738612
0.000749077
0.000759462
0.000769596
0.000779223
0.000787998
0.000795458
0.000801101
0.000804322
0.000804514
0.000802247
0.000796029
0.000784838
0.000768622
0.00074648
0.000716828
0.000676745
0.000621137
0.000542529
0.00043619
0.000306512
0.000181008
9.01912e-05
3.46479e-05
3.83447e-06
1.36289e-06
1.20893e-05
2.70821e-05
4.35204e-05
5.91731e-05
7.24971e-05
8.29731e-05
9.10473e-05
9.76351e-05
0.000103669
0.000109875
0.000116732
0.000124523
0.000133398
0.000143433
0.000154666
0.000167112
0.00018078
0.000195669
0.000211772
0.000229071
0.000247535
0.000267111
0.000287725
0.000309274
0.000331629
0.000354632
0.000378098
0.000401823
0.000425589
0.000449174
0.00047236
0.000494943
0.000516742
0.000537603
0.000557403
0.000576051
0.000593494
0.000609716
0.000624741
0.000638631
0.00065148
0.000663412
0.000674568
0.000685105
0.000695184
0.000704961
0.000714579
0.000724151
0.000733757
0.000743427
0.000753131
0.00076277
0.000772166
0.00078106
0.000789073
0.000795805
0.000800717
0.000803136
0.000802731
0.000799736
0.000792551
0.000780546
0.000763555
0.000740781
0.000710853
0.000671212
0.000617269
0.000541942
0.000438614
0.000311538
0.000184297
9.04415e-05
3.42022e-05
3.78137e-06
1.42679e-06
1.2635e-05
2.82106e-05
4.50926e-05
6.08991e-05
7.4101e-05
8.43313e-05
9.22139e-05
9.87742e-05
0.000104976
0.000111525
0.000118865
0.000127242
0.000136781
0.000147538
0.000159532
0.000172772
0.000187255
0.000202974
0.000219913
0.000238049
0.000257341
0.000277733
0.000299141
0.00032146
0.00034455
0.000368247
0.000392358
0.000416667
0.000440944
0.000464956
0.000488469
0.000511269
0.000533163
0.000553988
0.00057362
0.000591969
0.000608989
0.000624675
0.000639066
0.000652241
0.000664311
0.000675416
0.000685714
0.000695375
0.000704568
0.000713455
0.000722179
0.000730854
0.000739556
0.00074831
0.000757084
0.000765773
0.000774197
0.000782088
0.000789103
0.000794815
0.000798694
0.000800047
0.000798934
0.000794903
0.000786562
0.000773675
0.000755864
0.000732435
0.000702199
0.000662922
0.000610503
0.000538292
0.0004391
0.000314769
0.000187089
9.05406e-05
3.36467e-05
3.71583e-06
1.49141e-06
1.31798e-05
2.93091e-05
4.65576e-05
6.24071e-05
7.53902e-05
8.53348e-05
9.30513e-05
9.96548e-05
0.000106113
0.000113093
0.000120993
0.000130019
0.000140268
0.000151776
0.000164549
0.000178587
0.000193877
0.000210406
0.00022815
0.000247077
0.000267142
0.00028828
0.000310405
0.000333403
0.000357132
0.000381421
0.000406073
0.000430867
0.000455565
0.000479925
0.000503706
0.000526684
0.000548657
0.000569459
0.000588958
0.000607068
0.000623744
0.000638991
0.000652855
0.000665425
0.000676824
0.000687201
0.000696723
0.000705565
0.000713902
0.000721895
0.000729686
0.000737387
0.000745068
0.000752753
0.000760405
0.000767921
0.000775121
0.000781749
0.000787459
0.000791849
0.000794399
0.000794504
0.000792439
0.000787039
0.000777504
0.00076365
0.000745003
0.000720945
0.000690442
0.00065154
0.000600598
0.000531468
0.000436817
0.000316047
0.000189203
9.05327e-05
3.29911e-05
3.63852e-06
1.55635e-06
1.37183e-05
3.03578e-05
4.78755e-05
6.36449e-05
7.63196e-05
8.59652e-05
9.35742e-05
0.000100317
0.000107134
0.000114636
0.000123163
0.000132884
0.000143868
0.000156134
0.000169678
0.000184488
0.000200547
0.000217834
0.000236318
0.00025596
0.000276708
0.000298492
0.000321221
0.000344778
0.000369018
0.000393769
0.000418831
0.000443981
0.000468982
0.000493587
0.000517552
0.000540647
0.000562665
0.000583435
0.000602823
0.000620739
0.000637141
0.000652033
0.000665465
0.000677529
0.000688351
0.000698083
0.000706894
0.000714959
0.000722449
0.000729525
0.000736322
0.00074295
0.000749474
0.000755917
0.000762244
0.000768351
0.000774066
0.000779149
0.000783254
0.000786028
0.000786953
0.000785842
0.00078229
0.00077532
0.000764619
0.000749761
0.000730311
0.000705715
0.000675064
0.000636646
0.000587238
0.000521227
0.000431387
0.000315769
0.000190232
9.02854e-05
3.2235e-05
3.54939e-06
1.62117e-06
1.42432e-05
3.13326e-05
4.9001e-05
6.45606e-05
7.68567e-05
8.62274e-05
9.38255e-05
0.000100826
0.000108109
0.000116212
0.000125417
0.000135852
0.000147564
0.000160558
0.000174823
0.000190341
0.000207088
0.000225038
0.000244153
0.000264391
0.000285693
0.000307984
0.000331169
0.000355128
0.000379717
0.000404765
0.000430074
0.000455424
0.000480578
0.000505294
0.000529326
0.000552445
0.000574442
0.000595142
0.000614407
0.000632143
0.000648305
0.000662893
0.000675955
0.000687578
0.000697885
0.000707023
0.000715154
0.00072245
0.000729073
0.000735178
0.000740894
0.000746327
0.000751542
0.00075656
0.000761371
0.000765842
0.000769791
0.000773064
0.000775281
0.00077618
0.000775433
0.000772747
0.000767354
0.000758929
0.000747006
0.000731174
0.000711023
0.000686056
0.000655466
0.000617745
0.000570034
0.000507268
0.000422547
0.00031271
0.000190429
8.98032e-05
3.13813e-05
3.44813e-06
1.68524e-06
1.47451e-05
3.22035e-05
4.98839e-05
6.51072e-05
7.69884e-05
8.6168e-05
9.38763e-05
0.000101262
0.000109109
0.000117868
0.000127762
0.000138887
0.000151272
0.000164914
0.000179797
0.000195899
0.000213195
0.000231653
0.000251235
0.000271893
0.000293563
0.000316169
0.000339611
0.000363771
0.000388505
0.000413645
0.000438999
0.000464351
0.000489473
0.000514126
0.000538071
0.00056108
0.000582944
0.000603488
0.000622568
0.000640087
0.000655991
0.000670274
0.000682973
0.000694167
0.000703967
0.000712511
0.000719948
0.000726439
0.000732137
0.000737186
0.000741709
0.000745839
0.000749636
0.000753079
0.000756138
0.0007587
0.000760652
0.00076191
0.000761995
0.00076101
0.000758375
0.000753689
0.000746614
0.000736736
0.000723642
0.000706954
0.000686298
0.000661218
0.000630993
0.000594285
0.000548552
0.00048928
0.000410024
0.00030676
0.000189166
8.89973e-05
3.04126e-05
3.33332e-06
1.74773e-06
1.52112e-05
3.2933e-05
5.04694e-05
6.52486e-05
7.67767e-05
8.58728e-05
9.38226e-05
0.000101703
0.000110176
0.000119597
0.000130135
0.000141862
0.000154795
0.000168932
0.000184253
0.00020074
0.000218366
0.000237101
0.000256906
0.00027773
0.000299511
0.000322168
0.000345603
0.000369698
0.000394313
0.000419285
0.000444429
0.000469538
0.00049439
0.000518757
0.000542407
0.000565117
0.000586681
0.00060692
0.000625692
0.000642889
0.000658449
0.000672354
0.00068463
0.000695339
0.000704579
0.000712474
0.000719208
0.000724876
0.000729611
0.000733545
0.000736789
0.000739459
0.000741576
0.000743189
0.000744313
0.00074481
0.00074463
0.000743778
0.000741812
0.00073863
0.000733961
0.000727443
0.00071875
0.000707536
0.000693442
0.000676135
0.000655272
0.000630437
0.000600975
0.000565691
0.000522347
0.000466945
0.000393565
0.000297638
0.000186106
8.77601e-05
2.93265e-05
3.20416e-06
1.80727e-06
1.56232e-05
3.34732e-05
5.07004e-05
6.50137e-05
7.62201e-05
8.53692e-05
9.3719e-05
0.000102176
0.000111274
0.000121284
0.000132336
0.000144487
0.000157753
0.000172135
0.00018762
0.000204192
0.000221832
0.000240513
0.000260197
0.000280839
0.000302376
0.000324731
0.000347805
0.000371485
0.000395638
0.000420107
0.000444715
0.000469285
0.000493615
0.000517461
0.000540596
0.000562803
0.00058388
0.000603647
0.000621956
0.000638693
0.000653784
0.000667201
0.000678952
0.000689083
0.000697674
0.00070483
0.00071065
0.000715256
0.000718781
0.000721359
0.000723096
0.000724149
0.000724489
0.000724226
0.00072341
0.000721843
0.000719559
0.000716519
0.000712476
0.00070728
0.000700723
0.000692536
0.000682444
0.000670159
0.000655378
0.000637813
0.000617151
0.000593005
0.000564786
0.000531442
0.000490999
0.000439944
0.000372911
0.000285064
0.000180984
8.59497e-05
2.8117e-05
3.05948e-06
1.86154e-06
1.59536e-05
3.3762e-05
5.05464e-05
6.43565e-05
7.53568e-05
8.47413e-05
9.35773e-05
0.000102596
0.000112212
0.000122628
0.000133951
0.000146234
0.000159502
0.000173767
0.000189027
0.000205273
0.000222496
0.000240679
0.000259817
0.00027986
0.000300738
0.00032238
0.00034469
0.000367565
0.00039088
0.000414487
0.000438218
0.000461881
0.000485272
0.000508186
0.00053041
0.000551732
0.000571955
0.0005909
0.000608417
0.00062438
0.000638706
0.000651355
0.000662319
0.000671623
0.000679334
0.000685536
0.000690312
0.000693744
0.000695969
0.000697143
0.000697409
0.000696936
0.000695642
0.000693533
0.000690791
0.000687319
0.0006831
0.00067811
0.000672216
0.000665289
0.000657175
0.000647676
0.000636576
0.000623645
0.000608629
0.000591278
0.000571316
0.000548392
0.000521979
0.000491149
0.00045418
0.000408011
0.000347845
0.000268828
0.000173493
8.33873e-05
2.67709e-05
2.89741e-06
1.90651e-06
1.61608e-05
3.37192e-05
4.99536e-05
6.32476e-05
7.42241e-05
8.39541e-05
9.32462e-05
0.000102657
0.00011254
0.000123038
0.000134251
0.000146246
0.000159101
0.000172815
0.000187398
0.000202849
0.000219169
0.000236355
0.000254381
0.000273217
0.000292821
0.000313132
0.000334058
0.000355512
0.000377377
0.000399518
0.000421776
0.000443971
0.000465912
0.000487403
0.000508241
0.000528228
0.00054717
0.000564893
0.000581246
0.00059611
0.000609393
0.000621033
0.000631008
0.000639326
0.000646038
0.000651213
0.000654914
0.000657173
0.000658147
0.000658034
0.000657111
0.000655118
0.000652269
0.000648618
0.000644265
0.000639201
0.00063342
0.000626916
0.000619623
0.000611457
0.000602309
0.000592038
0.000580483
0.000567464
0.000552779
0.000536216
0.00051753
0.000496409
0.000472384
0.000444653
0.000411739
0.00037101
0.000318238
0.000248737
0.000163332
7.98432e-05
2.52807e-05
2.71541e-06
1.93529e-06
1.61791e-05
3.32983e-05
4.87608e-05
6.1666e-05
7.27231e-05
8.27475e-05
9.23074e-05
0.000101834
0.000111571
0.0001217
0.000132334
0.000143546
0.000155392
0.000167926
0.000181178
0.000195162
0.000209898
0.000225395
0.000241643
0.00025862
0.000276297
0.000294621
0.000313539
0.000332956
0.000352766
0.000372844
0.000393048
0.000413213
0.000433163
0.000452714
0.000471677
0.000489862
0.000507088
0.000523185
0.000538005
0.000551424
0.000563348
0.000573709
0.000582474
0.000589635
0.000595237
0.00059933
0.000601951
0.00060307
0.00060295
0.000601975
0.000599842
0.000596703
0.000592723
0.000587963
0.000582507
0.000576391
0.000569634
0.000562245
0.000554205
0.000545468
0.000535965
0.000525601
0.000514262
0.000501811
0.000488091
0.000472926
0.000456103
0.000437351
0.000416262
0.000392159
0.000363813
0.000329018
0.000284111
0.000224713
0.000150284
7.50417e-05
2.36124e-05
2.50852e-06
1.93691e-06
1.5956e-05
3.22687e-05
4.68758e-05
5.94289e-05
7.04556e-05
8.04606e-05
8.98541e-05
9.89522e-05
0.000107969
0.000117102
0.000126494
0.000136241
0.000146439
0.000157163
0.000168467
0.000180399
0.000192983
0.000206228
0.000220132
0.000234684
0.000249861
0.000265624
0.000281926
0.000298692
0.000315832
0.000333237
0.000350782
0.000368322
0.0003857
0.000402749
0.000419297
0.000435171
0.000450203
0.000464236
0.000477128
0.00048876
0.000499037
0.000507891
0.000515283
0.000521194
0.000525666
0.000528733
0.000530391
0.000530548
0.000529866
0.000528126
0.000525265
0.000521515
0.000516976
0.000511725
0.000505843
0.000499385
0.000492388
0.000484878
0.000476862
0.000468322
0.00045922
0.000449497
0.000439074
0.000427852
0.000415712
0.000402509
0.000388069
0.000372161
0.000354446
0.000334374
0.000310958
0.000282427
0.000245709
0.000196829
0.000134222
6.86799e-05
2.17062e-05
2.26948e-06
1.89302e-06
1.52978e-05
3.03882e-05
4.40206e-05
5.60145e-05
6.65312e-05
7.58723e-05
8.43789e-05
9.23e-05
9.98806e-05
0.00010735
0.000114891
0.000122662
0.000130752
0.000139241
0.000148188
0.000157645
0.000167644
0.000178201
0.000189322
0.000200999
0.000213218
0.00022595
0.000239157
0.000252782
0.000266752
0.000280977
0.000295352
0.000309757
0.00032406
0.000338116
0.000351778
0.000364896
0.000377323
0.000388921
0.000399562
0.000409139
0.000417565
0.000424773
0.000430726
0.000435401
0.000438827
0.000441048
0.000441949
0.000441676
0.000440675
0.000438608
0.000435634
0.000431883
0.000427448
0.000422407
0.000416837
0.000410794
0.000404327
0.000397466
0.000390233
0.000382627
0.000374633
0.000366215
0.000357323
0.000347886
0.000337817
0.000327006
0.000315314
0.000302557
0.000288468
0.000272623
0.000254274
0.000232078
0.000203598
0.000165371
0.000115148
6.05217e-05
1.94275e-05
1.98964e-06
1.76579e-06
1.39462e-05
2.73637e-05
3.96375e-05
5.03657e-05
5.94994e-05
6.72841e-05
7.40558e-05
8.01169e-05
8.57387e-05
9.11559e-05
9.65548e-05
0.000102086
0.000107846
0.000113911
0.000120334
0.000127161
0.000134421
0.000142133
0.000150303
0.000158926
0.000167992
0.000177483
0.000187368
0.000197606
0.000208142
0.000218908
0.000229822
0.000240793
0.000251717
0.00026248
0.000272965
0.000283052
0.000292623
0.000301566
0.000309776
0.000317164
0.000323657
0.000329197
0.00033375
0.000337295
0.000339841
0.000341453
0.000341938
0.0003416
0.000340634
0.000338769
0.000336205
0.000333019
0.000329288
0.000325076
0.000320452
0.000315462
0.000310158
0.000304564
0.000298707
0.000292597
0.000286229
0.000279585
0.000272635
0.000265332
0.000257616
0.000249409
0.000240607
0.000231077
0.000220624
0.000208943
0.000195513
0.000179393
0.000158806
0.000130949
9.32608e-05
5.04576e-05
1.65879e-05
1.66833e-06
1.50915e-06
1.16585e-05
2.27122e-05
3.27196e-05
4.10655e-05
4.78281e-05
5.33071e-05
5.7855e-05
6.17765e-05
6.53199e-05
6.86837e-05
7.20201e-05
7.54472e-05
7.90446e-05
8.28688e-05
8.69606e-05
9.13511e-05
9.60626e-05
0.000101108
0.000106492
0.000112214
0.000118266
0.000124633
0.000131296
0.000138228
0.000145391
0.00015274
0.000160218
0.000167762
0.0001753
0.000182753
0.000190039
0.000197071
0.000203765
0.000210041
0.000215821
0.000221041
0.000225644
0.000229586
0.00023284
0.000235387
0.000237223
0.000238407
0.000238779
0.00023856
0.000237908
0.000236599
0.00023478
0.000232509
0.000229845
0.000226831
0.00022352
0.000219948
0.000216155
0.000212158
0.000207984
0.000203643
0.000199138
0.00019446
0.000189594
0.000184512
0.000179177
0.000173536
0.000167525
0.000161054
0.000153996
0.000146155
0.000137202
0.000126545
0.000113039
9.46882e-05
6.90961e-05
3.85288e-05
1.29819e-05
1.33288e-06
1.09678e-06
8.26006e-06
1.5915e-05
2.24514e-05
2.75703e-05
3.15206e-05
3.45967e-05
3.7067e-05
3.91457e-05
4.0997e-05
4.27459e-05
4.44863e-05
4.62898e-05
4.82056e-05
5.02682e-05
5.25016e-05
5.49232e-05
5.75454e-05
6.03759e-05
6.34181e-05
6.66714e-05
7.01312e-05
7.37899e-05
7.76359e-05
8.16537e-05
8.58226e-05
9.01162e-05
9.45031e-05
9.89464e-05
0.000103404
0.00010783
0.000112175
0.000116389
0.000120419
0.000124218
0.000127737
0.000130935
0.000133777
0.000136233
0.000138283
0.000139916
0.00014112
0.000141934
0.000142273
0.000142204
0.000141903
0.000141225
0.000140193
0.000138884
0.00013733
0.000135556
0.000133595
0.000131469
0.000129202
0.000126809
0.000124307
0.000121705
0.000119006
0.000116209
0.000113306
0.000110282
0.000107119
0.000103787
0.000100251
9.64596e-05
9.23428e-05
8.77934e-05
8.26336e-05
7.65496e-05
6.89245e-05
5.8604e-05
4.38477e-05
2.51972e-05
8.66804e-06
9.4452e-07
5.91186e-07
4.02929e-06
7.51861e-06
1.03351e-05
1.24823e-05
1.41144e-05
1.53754e-05
1.63814e-05
1.72222e-05
1.79669e-05
1.86684e-05
1.93667e-05
2.00926e-05
2.0868e-05
2.17083e-05
2.26239e-05
2.36224e-05
2.47093e-05
2.58879e-05
2.71601e-05
2.85259e-05
2.99838e-05
3.15305e-05
3.31617e-05
3.48709e-05
3.66499e-05
3.84881e-05
4.03723e-05
4.22873e-05
4.42154e-05
4.61372e-05
4.80317e-05
4.98768e-05
5.16503e-05
5.33303e-05
5.48959e-05
5.63282e-05
5.76106e-05
5.87295e-05
5.96747e-05
6.04401e-05
6.10187e-05
6.14264e-05
6.16372e-05
6.16373e-05
6.15528e-05
6.13165e-05
6.09e-05
6.03608e-05
5.97122e-05
5.89595e-05
5.81212e-05
5.72061e-05
5.6226e-05
5.51888e-05
5.41013e-05
5.29685e-05
5.17928e-05
5.05739e-05
4.93092e-05
4.79935e-05
4.66186e-05
4.5173e-05
4.36417e-05
4.20039e-05
4.02305e-05
3.82781e-05
3.60755e-05
3.34998e-05
3.0309e-05
2.60415e-05
1.98681e-05
1.16842e-05
4.01828e-06
4.79845e-07
9.21787e-08
4.60207e-07
8.4405e-07
1.15267e-06
1.38871e-06
1.5686e-06
1.70815e-06
1.81961e-06
1.91263e-06
1.99473e-06
2.07178e-06
2.14824e-06
2.22759e-06
2.3123e-06
2.40414e-06
2.5043e-06
2.61366e-06
2.73283e-06
2.86223e-06
3.00206e-06
3.15235e-06
3.31295e-06
3.48354e-06
3.66364e-06
3.85256e-06
4.04942e-06
4.25306e-06
4.46206e-06
4.67474e-06
4.88918e-06
5.10322e-06
5.31453e-06
5.52067e-06
5.71915e-06
5.90752e-06
6.08343e-06
6.24473e-06
6.38953e-06
6.51626e-06
6.62375e-06
6.71127e-06
6.77796e-06
6.82552e-06
6.85149e-06
6.85305e-06
6.84511e-06
6.82116e-06
6.77618e-06
6.7173e-06
6.64627e-06
6.56416e-06
6.47234e-06
6.37184e-06
6.26393e-06
6.14954e-06
6.02946e-06
5.90427e-06
5.77427e-06
5.63947e-06
5.49962e-06
5.35418e-06
5.20228e-06
5.04271e-06
4.87383e-06
4.69344e-06
4.49842e-06
4.28421e-06
4.04332e-06
3.76301e-06
3.41824e-06
2.96094e-06
2.29921e-06
1.40331e-06
5.25177e-07
8.29956e-08
)
;

boundaryField
{
    movingWall
    {
        type            kqRWallFunction;
        value           nonuniform List<scalar> 
75
(
9.21787e-08
4.60207e-07
8.4405e-07
1.15267e-06
1.38871e-06
1.5686e-06
1.70815e-06
1.81961e-06
1.91263e-06
1.99473e-06
2.07178e-06
2.14824e-06
2.22759e-06
2.3123e-06
2.40414e-06
2.5043e-06
2.61366e-06
2.73283e-06
2.86223e-06
3.00206e-06
3.15235e-06
3.31295e-06
3.48354e-06
3.66364e-06
3.85256e-06
4.04942e-06
4.25306e-06
4.46206e-06
4.67474e-06
4.88918e-06
5.10322e-06
5.31453e-06
5.52067e-06
5.71915e-06
5.90752e-06
6.08343e-06
6.24473e-06
6.38953e-06
6.51626e-06
6.62375e-06
6.71127e-06
6.77796e-06
6.82552e-06
6.85149e-06
6.85305e-06
6.84511e-06
6.82116e-06
6.77618e-06
6.7173e-06
6.64627e-06
6.56416e-06
6.47234e-06
6.37184e-06
6.26393e-06
6.14954e-06
6.02946e-06
5.90427e-06
5.77427e-06
5.63947e-06
5.49962e-06
5.35418e-06
5.20228e-06
5.04271e-06
4.87383e-06
4.69344e-06
4.49842e-06
4.28421e-06
4.04332e-06
3.76301e-06
3.41824e-06
2.96094e-06
2.29921e-06
1.40331e-06
5.25177e-07
8.29956e-08
)
;
    }
    fixedWalls
    {
        type            kqRWallFunction;
        value           nonuniform List<scalar> 
225
(
3.84011e-10
2.90182e-09
6.1622e-09
1.00771e-08
1.45261e-08
1.94272e-08
2.47305e-08
3.04071e-08
3.64422e-08
4.28302e-08
4.95725e-08
5.6676e-08
6.41517e-08
7.20141e-08
8.02807e-08
8.89717e-08
9.81094e-08
1.07718e-07
1.17824e-07
1.28455e-07
1.39641e-07
1.51414e-07
1.63811e-07
1.76864e-07
1.90609e-07
2.05082e-07
2.20325e-07
2.36378e-07
2.53285e-07
2.71091e-07
2.89845e-07
3.09596e-07
3.30398e-07
3.52304e-07
3.75373e-07
3.99664e-07
4.25242e-07
4.5217e-07
4.80518e-07
5.10355e-07
5.41753e-07
5.74784e-07
6.0952e-07
6.46034e-07
6.84393e-07
7.24664e-07
7.66904e-07
8.11163e-07
8.57479e-07
9.05876e-07
9.56356e-07
1.0089e-06
1.06348e-06
1.12e-06
1.17836e-06
1.23843e-06
1.30001e-06
1.36289e-06
1.42679e-06
1.49141e-06
1.55635e-06
1.62117e-06
1.68524e-06
1.74773e-06
1.80727e-06
1.86154e-06
1.90651e-06
1.93529e-06
1.93691e-06
1.89302e-06
1.76579e-06
1.50915e-06
1.09678e-06
5.91186e-07
9.21787e-08
4.71708e-09
3.56185e-08
7.53715e-08
1.22446e-07
1.74835e-07
2.30991e-07
2.89797e-07
3.50467e-07
4.12488e-07
4.75625e-07
5.39639e-07
6.04478e-07
6.70202e-07
7.36951e-07
8.04911e-07
8.74292e-07
9.4531e-07
1.01817e-06
1.09304e-06
1.17007e-06
1.24936e-06
1.33099e-06
1.41499e-06
1.50134e-06
1.59002e-06
1.68095e-06
1.77406e-06
1.86922e-06
1.9663e-06
2.06513e-06
2.16551e-06
2.26721e-06
2.36997e-06
2.47347e-06
2.57738e-06
2.68132e-06
2.78486e-06
2.88757e-06
2.98895e-06
3.08849e-06
3.18565e-06
3.27985e-06
3.37047e-06
3.45687e-06
3.53832e-06
3.61409e-06
3.68336e-06
3.74535e-06
3.79921e-06
3.84408e-06
3.87907e-06
3.90274e-06
3.9131e-06
3.91334e-06
3.90073e-06
3.87439e-06
3.83447e-06
3.78137e-06
3.71583e-06
3.63852e-06
3.54939e-06
3.44813e-06
3.33332e-06
3.20416e-06
3.05948e-06
2.89741e-06
2.71541e-06
2.50852e-06
2.26948e-06
1.98964e-06
1.66833e-06
1.33288e-06
9.4452e-07
4.79845e-07
8.29956e-08
3.84011e-10
2.59587e-09
5.76747e-09
9.51744e-09
1.36559e-08
1.8058e-08
2.26338e-08
2.73206e-08
3.20791e-08
3.6893e-08
4.17678e-08
4.67301e-08
5.18257e-08
5.71188e-08
6.26897e-08
6.86329e-08
7.50561e-08
8.20775e-08
8.98251e-08
9.84349e-08
1.0805e-07
1.18819e-07
1.30896e-07
1.44437e-07
1.596e-07
1.76542e-07
1.95418e-07
2.16376e-07
2.39556e-07
2.65085e-07
2.93079e-07
3.23638e-07
3.56843e-07
3.92763e-07
4.31447e-07
4.72931e-07
5.17234e-07
5.64363e-07
6.14304e-07
6.67024e-07
7.22463e-07
7.80524e-07
8.41064e-07
9.03875e-07
9.68664e-07
1.03503e-06
1.10243e-06
1.17016e-06
1.23731e-06
1.30273e-06
1.365e-06
1.42243e-06
1.47297e-06
1.51412e-06
1.54206e-06
1.55467e-06
1.55527e-06
1.53554e-06
1.49428e-06
1.43131e-06
1.34726e-06
1.24401e-06
1.12484e-06
9.94356e-07
8.58039e-07
7.21709e-07
5.90833e-07
4.69903e-07
3.62015e-07
2.68709e-07
1.90101e-07
1.25265e-07
7.28525e-08
3.20247e-08
4.71708e-09
)
;
    }
    frontAndBack
    {
        type            empty;
    }
}


// ************************************************************************* //
