/*--------------------------------*- C++ -*----------------------------------*\
  =========                 |
  \\      /  F ield         | OpenFOAM: The Open Source CFD Toolbox
   \\    /   O peration     | Website:  https://openfoam.org
    \\  /    A nd           | Version:  12
     \\/     M anipulation  |
\*---------------------------------------------------------------------------*/
FoamFile
{
    format      ascii;
    class       volScalarField;
    location    "2.5";
    object      p;
}
// * * * * * * * * * * * * * * * * * * * * * * * * * * * * * * * * * * * * * //

dimensions      [0 2 -2 0 0 0 0];

internalField   nonuniform List<scalar> 
5625
(
-3.72631e-08
3.35171e-05
6.22292e-05
7.03569e-05
5.1366e-05
3.24334e-06
-7.35458e-05
-0.000177433
-0.000306446
-0.000458611
-0.00063218
-0.000825774
-0.00103845
-0.00126974
-0.00151965
-0.00178862
-0.00207761
-0.00238795
-0.0027214
-0.00308006
-0.00346637
-0.00388305
-0.00433305
-0.00481949
-0.00534557
-0.00591453
-0.00652943
-0.00719309
-0.00790784
-0.0086753
-0.0094961
-0.0103695
-0.011293
-0.012262
-0.0132687
-0.0143024
-0.015348
-0.016386
-0.0173916
-0.0183341
-0.0191768
-0.019877
-0.0203857
-0.0206487
-0.0206073
-0.0202002
-0.0193653
-0.0180431
-0.0161795
-0.0137302
-0.0106645
-0.00696937
-0.00267034
0.00219198
0.00757277
0.0133531
0.0193801
0.0254935
0.0315011
0.0371987
0.0423845
0.0468761
0.0505282
0.0532498
0.0550148
0.0558673
0.0559165
0.055324
0.0542847
0.0530049
0.0516826
0.0504958
0.0495924
0.0490957
0.0490055
-7.76909e-06
2.09587e-05
4.37711e-05
4.72621e-05
2.57244e-05
-2.3074e-05
-9.90706e-05
-0.000201089
-0.000327486
-0.000476537
-0.000646677
-0.000836646
-0.00104557
-0.00127299
-0.00151893
-0.00178376
-0.00206836
-0.00237399
-0.00270228
-0.00305522
-0.00343506
-0.00384439
-0.00428597
-0.00476273
-0.00527772
-0.00583393
-0.00643424
-0.00708127
-0.00777718
-0.00852345
-0.00932059
-0.0101678
-0.0110627
-0.0120006
-0.0129741
-0.0139728
-0.0149822
-0.0159834
-0.0169524
-0.0178597
-0.0186699
-0.0193416
-0.0198273
-0.0200744
-0.020026
-0.0196223
-0.0188029
-0.0175095
-0.0156892
-0.0132986
-0.0103072
-0.00670119
-0.00251049
0.00223391
0.00749688
0.0131373
0.0190252
0.0250024
0.0308819
0.0364656
0.0415579
0.0459821
0.0495981
0.0523179
0.0541168
0.0550373
0.0551846
0.0547137
0.0538108
0.0526723
0.0514843
0.0504141
0.0495958
0.0491435
0.0490616
-1.99226e-05
7.17672e-06
2.55044e-05
2.47583e-05
7.31174e-07
-4.87956e-05
-0.000124036
-0.00022415
-0.000347798
-0.000493505
-0.000659887
-0.000845807
-0.00105046
-0.00127341
-0.00151466
-0.00177455
-0.00205385
-0.00235374
-0.00267572
-0.00302161
-0.00339353
-0.00379385
-0.0042252
-0.00469029
-0.00519191
-0.00573288
-0.00631588
-0.00694336
-0.0076173
-0.00833908
-0.00910914
-0.00992674
-0.0107895
-0.0116931
-0.0126305
-0.0135918
-0.0145633
-0.0155269
-0.0164598
-0.0173338
-0.018115
-0.0187633
-0.0192332
-0.0194736
-0.0194292
-0.0190417
-0.018252
-0.0170027
-0.0152417
-0.0129255
-0.0100235
-0.00652148
-0.00245093
0.00217699
0.00731066
0.0128104
0.0185646
0.024414
0.0301769
0.0356604
0.0406738
0.0450447
0.0486361
0.0513622
0.0531984
0.0541862
0.0544272
0.0540715
0.0532978
0.0522935
0.0512353
0.050277
0.0495401
0.0491294
0.0490528
-3.29656e-05
-4.26235e-06
1.2391e-05
9.03155e-06
-1.67579e-05
-6.68789e-05
-0.00014158
-0.000240189
-0.000361562
-0.000504395
-0.00066744
-0.000849656
-0.00105029
-0.00126893
-0.00150554
-0.00176046
-0.00203435
-0.0023283
-0.0026437
-0.00298223
-0.00334591
-0.00373692
-0.0041577
-0.0046108
-0.00509887
-0.00562453
-0.00619035
-0.00679862
-0.00745128
-0.00814966
-0.00889427
-0.00968452
-0.0105183
-0.0113916
-0.0122981
-0.0132285
-0.01417
-0.0151056
-0.0160137
-0.0168675
-0.0176343
-0.0182757
-0.0187474
-0.0189997
-0.0189783
-0.0186256
-0.0178829
-0.0166931
-0.0150034
-0.0127696
-0.00995998
-0.0065599
-0.00259229
0.00193673
0.00695584
0.0123539
0.0180141
0.02378
0.0294734
0.0349039
0.0398825
0.0442375
0.0478321
0.0505797
0.0524548
0.0534972
0.0538072
0.053532
0.0528474
0.0519359
0.0509676
0.0500867
0.0494056
0.0490209
0.0489406
-4.39982e-05
-1.23361e-05
4.29673e-06
-5.54621e-07
-2.75654e-05
-7.81717e-05
-0.000152499
-0.000249918
-0.000369389
-0.000509719
-0.000669757
-0.000848531
-0.00104533
-0.00125975
-0.00149173
-0.00174158
-0.0020099
-0.00229767
-0.00260621
-0.00293707
-0.00329211
-0.00367343
-0.00408327
-0.00452405
-0.0049983
-0.00550853
-0.0060572
-0.00664657
-0.00727857
-0.00795462
-0.00867541
-0.00944062
-0.0102486
-0.0110959
-0.0119769
-0.0128833
-0.0138033
-0.0147212
-0.0156168
-0.0164644
-0.0172329
-0.0178852
-0.018378
-0.0186624
-0.0186845
-0.0183869
-0.0177105
-0.0165972
-0.0149929
-0.0128518
-0.0101398
-0.00684039
-0.00296699
0.0014669
0.00639477
0.011717
0.0173142
0.0230325
0.0286957
0.0341138
0.0390971
0.0434723
0.0470997
0.0498896
0.0518139
0.0529101
0.053277
0.0530615
0.0524386
0.051589
0.0506794
0.0498484
0.0492003
0.048825
0.0487284
-5.11541e-05
-1.62803e-05
1.02326e-06
-4.72344e-06
-3.26532e-05
-8.37016e-05
-0.00015779
-0.000254252
-0.000372088
-0.000510178
-0.000667432
-0.000842923
-0.00103597
-0.00124618
-0.00147347
-0.0017181
-0.00198063
-0.00226196
-0.00256328
-0.00288609
-0.00323208
-0.00360324
-0.0040017
-0.00442977
-0.00488988
-0.00538447
-0.00591596
-0.00648664
-0.00709854
-0.00775327
-0.00845184
-0.00919437
-0.00997981
-0.0108055
-0.0116669
-0.0125566
-0.0134642
-0.0143755
-0.0152715
-0.0161282
-0.0169156
-0.0175977
-0.018132
-0.0184699
-0.0185574
-0.0183364
-0.0177466
-0.0167282
-0.0152252
-0.0131889
-0.0105827
-0.0073869
-0.00360809
0.000736551
0.00558713
0.0108499
0.0164059
0.0221034
0.0277668
0.0332058
0.0382283
0.0426574
0.0463485
0.0492068
0.0511991
0.0523594
0.0527847
0.0526219
0.0520467
0.0512402
0.0503683
0.0495663
0.048933
0.0485517
0.0484255
-5.30997e-05
-1.53121e-05
2.81999e-06
-3.55149e-06
-3.2266e-05
-8.37784e-05
-0.000157768
-0.000253483
-0.000369921
-0.000505989
-0.000660649
-0.000832993
-0.00102236
-0.00122837
-0.0014509
-0.00169018
-0.00194672
-0.00222136
-0.00251517
-0.00282956
-0.00316614
-0.00352677
-0.00391352
-0.00432861
-0.00477438
-0.00525329
-0.00576778
-0.00632025
-0.00691293
-0.00754777
-0.00822623
-0.00894908
-0.00971607
-0.0105256
-0.0113741
-0.0122559
-0.0131618
-0.0140792
-0.0149906
-0.0158735
-0.0166991
-0.0174319
-0.0180298
-0.0184441
-0.0186199
-0.0184978
-0.0180156
-0.0171111
-0.0157253
-0.0138067
-0.0113154
-0.0082282
-0.00454616
-0.00028669
0.0044952
0.0097107
0.0152425
0.0209406
0.0266302
0.0321195
0.0372135
0.04173
0.045518
0.0484749
0.0505607
0.0518039
0.0522985
0.0521907
0.0516577
0.0508831
0.0500336
0.0492438
0.0486096
0.0482081
0.0480401
-4.88759e-05
-8.78224e-06
1.00101e-05
3.05813e-06
-2.64399e-05
-7.85012e-05
-0.000152554
-0.00024773
-0.000362991
-0.000497249
-0.000649483
-0.000818812
-0.00100459
-0.0012064
-0.00142413
-0.00165797
-0.00190836
-0.00217608
-0.00246214
-0.00276785
-0.00309474
-0.00344461
-0.00381944
-0.0042214
-0.00465286
-0.00511628
-0.00561424
-0.00614934
-0.00672416
-0.00734111
-0.00800229
-0.00870931
-0.00946297
-0.0102629
-0.011107
-0.0119911
-0.0129078
-0.013846
-0.01479
-0.0157183
-0.0166029
-0.0174091
-0.0180943
-0.018609
-0.0188968
-0.0188961
-0.0185423
-0.01777
-0.0165172
-0.014729
-0.0123618
-0.00938906
-0.00580674
-0.00163089
0.00308767
0.00826481
0.0137856
0.0195021
0.0252401
0.0308066
0.0360028
0.0406403
0.0445599
0.0476496
0.0498599
0.0512114
0.0517932
0.0517502
0.0512611
0.0505126
0.0496748
0.0488835
0.0482346
0.0478
0.0475797
-3.77974e-05
3.79912e-06
2.28528e-05
1.51839e-05
-1.52113e-05
-6.79656e-05
-0.000142264
-0.000237109
-0.000351407
-0.000484052
-0.000634024
-0.000800465
-0.000982713
-0.00118036
-0.00139327
-0.00162157
-0.0018657
-0.00212634
-0.00240447
-0.00270132
-0.00301835
-0.00335731
-0.00372014
-0.00410902
-0.00452636
-0.00497474
-0.00545696
-0.00597595
-0.00653474
-0.0071364
-0.00778388
-0.00847984
-0.00922636
-0.0100246
-0.0108741
-0.0117725
-0.0127141
-0.0136898
-0.014685
-0.0156795
-0.0166459
-0.0175491
-0.018346
-0.0189852
-0.0194084
-0.0195512
-0.0193457
-0.0187233
-0.0176185
-0.0159727
-0.0137389
-0.0108869
-0.00740833
-0.00331691
0.00134075
0.00648512
0.0120043
0.0177532
0.0235583
0.0292257
0.0345529
0.0393445
0.0434317
0.0466911
0.0490612
0.0505521
0.0512458
0.0512839
0.0508462
0.0501235
0.0492904
0.048487
0.0478118
0.0473326
0.0470514
-1.94084e-05
2.27782e-05
4.15393e-05
3.28794e-05
1.37962e-06
-5.22635e-05
-0.000127013
-0.000221736
-0.000335273
-0.000466492
-0.000614364
-0.00077803
-0.000956828
-0.00115034
-0.00135841
-0.00158114
-0.00181891
-0.00207238
-0.00234246
-0.00263032
-0.00293741
-0.00326542
-0.00361631
-0.00399232
-0.00439596
-0.00483003
-0.00529763
-0.00580215
-0.00634726
-0.00693687
-0.00757498
-0.00826556
-0.00901223
-0.00981785
-0.010684
-0.01161
-0.0125925
-0.0136236
-0.0146903
-0.0157731
-0.0168446
-0.0178691
-0.0188018
-0.0195893
-0.0201703
-0.0204772
-0.0204386
-0.0199823
-0.0190391
-0.0175471
-0.0154559
-0.0127317
-0.00936213
-0.00535812
-0.000761891
0.00435182
0.00987502
0.015666
0.0215531
0.0273419
0.0328263
0.037804
0.0420953
0.0455634
0.0481322
0.0497986
0.0506343
0.0507756
0.0504025
0.0497097
0.0488785
0.0480553
0.0473439
0.0468097
0.0464615
6.58585e-06
4.83949e-05
6.62082e-05
5.61803e-05
2.32944e-05
-3.1476e-05
-0.000106898
-0.000201711
-0.000314683
-0.000444651
-0.000590571
-0.000751576
-0.000927002
-0.00111642
-0.00131966
-0.00153679
-0.00176817
-0.0020144
-0.00227637
-0.00255521
-0.00285235
-0.00316949
-0.00350864
-0.00387216
-0.00426274
-0.00468349
-0.00513793
-0.00563007
-0.00616439
-0.00674582
-0.00737968
-0.00807148
-0.00882662
-0.00964997
-0.0105451
-0.0115137
-0.012554
-0.0136598
-0.0148192
-0.0160128
-0.017213
-0.0183826
-0.0194747
-0.0204329
-0.0211926
-0.0216824
-0.0218273
-0.0215515
-0.0207824
-0.0194548
-0.0175151
-0.0149262
-0.0116723
-0.0077608
-0.00322942
0.00185232
0.00738121
0.0132199
0.0191998
0.0251268
0.0307918
0.0359856
0.0405169
0.0442338
0.0470431
0.048925
0.0499377
0.0502097
0.0499192
0.0492652
0.0484366
0.0475883
0.0468328
0.0462353
0.0458143
4.03454e-05
8.07936e-05
9.69461e-05
8.51036e-05
5.04961e-05
-5.67228e-06
-8.20041e-05
-0.000177118
-0.000289716
-0.000418599
-0.000562707
-0.000721165
-0.000893303
-0.00107868
-0.00127711
-0.00148866
-0.00171363
-0.00195262
-0.00220647
-0.00247632
-0.0027636
-0.00307007
-0.00339784
-0.00374943
-0.00412781
-0.0045365
-0.0049796
-0.00546187
-0.0059888
-0.00656659
-0.00720208
-0.00790257
-0.00867552
-0.00952797
-0.0104658
-0.0114927
-0.0126088
-0.0138093
-0.0150829
-0.0164101
-0.0177621
-0.0190996
-0.020373
-0.0215225
-0.0224795
-0.0231689
-0.0235118
-0.023429
-0.0228449
-0.0216914
-0.019912
-0.0174666
-0.0143361
-0.0105243
-0.00606401
-0.00101884
0.00451357
0.0104015
0.0164805
0.0225582
0.0284237
0.0338609
0.0386668
0.0426728
0.0457661
0.0479068
0.049136
0.0495708
0.0493858
0.0487834
0.0479613
0.0470855
0.0462796
0.0456117
0.0451131
8.19398e-05
0.000120048
0.000133794
0.000119642
8.29383e-05
2.50789e-05
-5.24087e-05
-0.000148035
-0.000260443
-0.000388401
-0.000530832
-0.000686854
-0.00085579
-0.0010372
-0.00123087
-0.00143685
-0.00165545
-0.00188722
-0.00213302
-0.00239399
-0.00267161
-0.00296771
-0.00328458
-0.00362498
-0.00399225
-0.00439044
-0.00482435
-0.0052997
-0.00582318
-0.00640246
-0.00704617
-0.00776365
-0.00856462
-0.00945847
-0.0104534
-0.0115552
-0.0127657
-0.0140812
-0.0154905
-0.0169733
-0.018499
-0.0200258
-0.0215004
-0.0228592
-0.0240296
-0.0249326
-0.0254857
-0.0256066
-0.025217
-0.0242465
-0.0226361
-0.0203427
-0.0173446
-0.0136414
-0.00926079
-0.0042599
0.00127021
0.00720467
0.0133846
0.019621
0.0257023
0.0314065
0.0365191
0.0408535
0.044275
0.0467203
0.048209
0.0488434
0.0487912
0.0482573
0.0474489
0.0465455
0.0456844
0.0449406
0.0443599
0.000131357
0.000166163
0.000176746
0.000159763
0.000120564
6.07079e-05
-1.81879e-05
-0.000114536
-0.000226933
-0.000354118
-0.000495004
-0.0006487
-0.000814527
-0.000992037
-0.00118102
-0.0013815
-0.00159378
-0.00181842
-0.00205628
-0.00230854
-0.00257676
-0.00286293
-0.00316952
-0.00349964
-0.00385711
-0.00424661
-0.00467383
-0.00514562
-0.00567006
-0.00625656
-0.00691574
-0.00765922
-0.00849913
-0.00944737
-0.0105145
-0.0117083
-0.0130319
-0.0144824
-0.0160481
-0.0177073
-0.019427
-0.021162
-0.0228552
-0.0244388
-0.025836
-0.026964
-0.0277372
-0.0280705
-0.0278835
-0.027104
-0.025671
-0.0235382
-0.020682
-0.0170977
-0.0128078
-0.00786161
-0.00234304
0.00363106
0.00990908
0.016307
0.0226142
0.0286045
0.0340519
0.0387518
0.0425454
0.0453423
0.0471368
0.0480114
0.0481238
0.0476794
0.0468953
0.0459664
0.0450469
0.0442233
0.0435556
0.000188533
0.000219095
0.000225758
0.000205404
0.000163296
0.000101133
2.05754e-05
-7.66993e-05
-0.000189256
-0.000315816
-0.000455283
-0.000606763
-0.00076958
-0.000943279
-0.00112764
-0.00132271
-0.00152876
-0.00174639
-0.00197648
-0.00222028
-0.00247946
-0.00275621
-0.00305328
-0.0033742
-0.00372338
-0.00410627
-0.00452962
-0.00500156
-0.00553184
-0.00613177
-0.00681422
-0.00759326
-0.00848361
-0.0094997
-0.0106544
-0.0119572
-0.0134124
-0.0150171
-0.0167586
-0.0186134
-0.0205451
-0.0225049
-0.0244313
-0.0262521
-0.0278867
-0.0292485
-0.0302492
-0.0308017
-0.030824
-0.0302426
-0.0289951
-0.027031
-0.0243266
-0.0208732
-0.0166859
-0.0118069
-0.00631217
-0.000309217
0.00605921
0.0126159
0.0191536
0.0254431
0.0312485
0.0363472
0.0405547
0.0437507
0.0458992
0.0470583
0.0473712
0.0470414
0.0462955
0.0453459
0.0443664
0.04346
0.0427005
0.000253347
0.000278748
0.000280741
0.000256476
0.000211051
0.000146253
6.37889e-05
-3.461e-05
-0.000147491
-0.000273566
-0.000411737
-0.000561114
-0.00072102
-0.000891006
-0.00107086
-0.00126061
-0.00146056
-0.00167133
-0.00189386
-0.00212949
-0.00238007
-0.00264801
-0.00293643
-0.00324938
-0.00359195
-0.00397055
-0.00439311
-0.00486928
-0.00541063
-0.00603064
-0.00674459
-0.00756917
-0.00852178
-0.00961934
-0.0108768
-0.0123054
-0.0139098
-0.0156867
-0.017622
-0.0196892
-0.0218485
-0.0240467
-0.0262179
-0.0282855
-0.030165
-0.0317669
-0.0330004
-0.0337768
-0.0340135
-0.0336361
-0.0325799
-0.0307928
-0.028251
-0.0249421
-0.0208683
-0.0160709
-0.0106148
-0.00459735
0.00184919
0.00855647
0.0153224
0.0219176
0.0280979
0.0336233
0.0382832
0.0419243
0.0444764
0.0459672
0.0465205
0.0463344
0.0456443
0.0446813
0.0436425
0.0426504
0.0417942
0.000325642
0.000344986
0.00034157
0.00031286
0.000263717
0.000195934
0.000111343
1.16315e-05
-0.00010173
-0.000227454
-0.000364449
-0.000511833
-0.000668936
-0.000835313
-0.00101076
-0.00119531
-0.00138932
-0.00159341
-0.00180863
-0.00203645
-0.00227891
-0.00253873
-0.00281949
-0.00312581
-0.00346364
-0.00384045
-0.00426555
-0.00475028
-0.00530825
-0.00595528
-0.00670924
-0.00758957
-0.00861632
-0.00980889
-0.0111842
-0.0127543
-0.0145245
-0.0164901
-0.0186348
-0.0209289
-0.0233284
-0.0257757
-0.0282002
-0.0305211
-0.0326505
-0.0344961
-0.0359653
-0.0369686
-0.0374228
-0.0372519
-0.0363874
-0.0347902
-0.0324222
-0.029266
-0.0253202
-0.0206208
-0.0152204
-0.00920572
-0.00269766
0.00414626
0.0111317
0.0180316
0.024596
0.0305693
0.0357147
0.0398443
0.042849
0.0447209
0.0455581
0.0455492
0.0449361
0.0439699
0.0428739
0.0417934
0.0408364
0.00040522
0.000417628
0.00040808
0.000374401
0.000321133
0.000250052
0.000163112
6.19066e-05
-5.20835e-05
-0.000177584
-0.000313521
-0.000459022
-0.00061343
-0.00077631
-0.000947466
-0.00112697
-0.00131517
-0.0015128
-0.00172099
-0.00194138
-0.00217626
-0.00242872
-0.00270286
-0.00300403
-0.0033391
-0.00371678
-0.00414792
-0.00464576
-0.0052261
-0.00590728
-0.00670991
-0.00765618
-0.00876884
-0.0100695
-0.0115767
-0.0133034
-0.0152542
-0.0174229
-0.0197904
-0.0223231
-0.0249727
-0.0276766
-0.03036
-0.032938
-0.0353194
-0.0374098
-0.0391156
-0.0403465
-0.0410188
-0.0410541
-0.0403921
-0.0389909
-0.0368014
-0.0338057
-0.030004
-0.0254173
-0.0200903
-0.0140982
-0.00754895
-0.000587579
0.00660182
0.0137974
0.0207466
0.0271807
0.032838
0.0374947
0.0409994
0.0433026
0.0444704
0.0446759
0.0441649
0.0432086
0.0420596
0.0408886
0.0398267
0.000491847
0.000496455
0.000480063
0.000440897
0.000383094
0.000308465
0.000218938
0.000116069
1.3115e-06
-0.000124088
-0.000259078
-0.000402806
-0.000554629
-0.000714125
-0.000881117
-0.0010557
-0.00123829
-0.00142967
-0.00163112
-0.00184449
-0.00207236
-0.00231826
-0.0025869
-0.00288444
-0.00321883
-0.00360016
-0.00404097
-0.00455657
-0.00516514
-0.00588765
-0.00674753
-0.00776978
-0.00897967
-0.0104009
-0.0120532
-0.0139498
-0.0160943
-0.0184783
-0.0210793
-0.0238596
-0.026766
-0.0297313
-0.0326761
-0.035512
-0.0381451
-0.0404794
-0.0424203
-0.0438775
-0.0447666
-0.0450133
-0.0445622
-0.0433541
-0.0413476
-0.0385219
-0.0348739
-0.0304146
-0.0251793
-0.0192309
-0.0126638
-0.00560888
0.00176246
0.00923671
0.0165623
0.0234607
0.0296476
0.0348635
0.038912
0.0416964
0.0432436
0.0437045
0.0433245
0.0423942
0.0411982
0.0399356
0.0387649
0.000585249
0.000581204
0.000557267
0.000512109
0.000449396
0.000370963
0.000278635
0.000173943
5.82877e-05
-6.71257e-05
-0.000201277
-0.000343337
-0.000492683
-0.00064891
-0.000811861
-0.000981668
-0.0011588
-0.00134417
-0.00153918
-0.00174593
-0.00196737
-0.00220754
-0.00247181
-0.00276729
-0.00310313
-0.00349093
-0.0039451
-0.00448315
-0.00512577
-0.00589671
-0.00682222
-0.00793005
-0.00924788
-0.0108011
-0.0126104
-0.0146886
-0.0170378
-0.0196469
-0.0224896
-0.0255235
-0.0286906
-0.031919
-0.0351251
-0.0382173
-0.0410993
-0.043674
-0.0458466
-0.0475271
-0.0486327
-0.0490914
-0.0488426
-0.0478287
-0.0460111
-0.0433646
-0.03988
-0.035562
-0.0304363
-0.0245536
-0.0179941
-0.0108732
-0.00334771
0.00438049
0.0120647
0.0194208
0.0261452
0.0319442
0.0365747
0.0398881
0.0418644
0.0426249
0.0424087
0.0415239
0.0402887
0.0389342
0.0376512
0.000685114
0.000671568
0.0006394
0.000587763
0.00051979
0.000437288
0.000341972
0.000235312
0.000118639
-6.89486e-06
-0.000140309
-0.000280804
-0.000427776
-0.00058084
-0.000739868
-0.000905032
-0.00107688
-0.00125643
-0.00144529
-0.00164583
-0.00186142
-0.00209666
-0.00235771
-0.0026527
-0.00299211
-0.0033892
-0.00386038
-0.0044255
-0.00510788
-0.00593409
-0.00693321
-0.00813564
-0.00957121
-0.0112668
-0.0132434
-0.015513
-0.0180757
-0.0209172
-0.0240068
-0.0272976
-0.0307265
-0.034217
-0.0376817
-0.0410261
-0.0441521
-0.0469618
-0.0493604
-0.051259
-0.0525762
-0.0532406
-0.0531909
-0.0523726
-0.0507462
-0.0482836
-0.0449705
-0.0408059
-0.0358065
-0.0300111
-0.0234855
-0.0163292
-0.00868206
-0.000731576
0.00728446
0.0150812
0.0223401
0.0287362
0.0339796
0.0378659
0.0403209
0.0414274
0.0414113
0.0405947
0.0393306
0.0378847
0.0364867
0.000791097
0.000767188
0.000726121
0.000667536
0.000593964
0.00050715
0.000408675
0.000299916
0.000182117
5.63645e-05
-7.64073e-05
-0.00021543
-0.000360123
-0.000510123
-0.00066533
-0.000825966
-0.000992666
-0.00116658
-0.00134955
-0.00154426
-0.00175453
-0.00198561
-0.00224454
-0.00254057
-0.00288563
-0.00329475
-0.00378648
-0.00438313
-0.00511072
-0.00599865
-0.00707881
-0.00838405
-0.00994612
-0.0117929
-0.0139453
-0.0164142
-0.0191969
-0.0222754
-0.0256148
-0.0291629
-0.032852
-0.0366012
-0.0403196
-0.0439099
-0.0472729
-0.0503101
-0.0529273
-0.0550367
-0.0565582
-0.057422
-0.0575674
-0.0569421
-0.0555058
-0.0532286
-0.0500926
-0.0460911
-0.0412328
-0.0355452
-0.0290801
-0.0219202
-0.0141874
-0.00605214
0.00226081
0.0104708
0.0182498
0.025246
0.0311243
0.0356215
0.0386027
0.0401033
0.0403267
0.0396044
0.0383238
0.0367885
0.0352725
0.00090279
0.000867665
0.000817038
0.000751049
0.000671558
0.000580209
0.00047842
0.000367446
0.000248423
0.000122363
-9.85136e-06
-0.000147485
-0.000289981
-0.000436995
-0.00058846
-0.000744657
-0.000906313
-0.00107474
-0.00125203
-0.00144122
-0.00164665
-0.00187429
-0.00213212
-0.00243063
-0.0027833
-0.00320706
-0.0037227
-0.00435506
-0.00513293
-0.00608853
-0.00725642
-0.00867174
-0.0103678
-0.0123732
-0.0147082
-0.0173819
-0.0203887
-0.0237066
-0.0272958
-0.0310994
-0.0350448
-0.039047
-0.0430118
-0.04684
-0.0504311
-0.0536866
-0.0565131
-0.058824
-0.0605413
-0.0615965
-0.0619305
-0.0614927
-0.060243
-0.0581505
-0.0551942
-0.051363
-0.0466583
-0.0410971
-0.0347177
-0.0275863
-0.0198059
-0.0115276
-0.00295962
0.00562685
0.0139005
0.0214879
0.0280122
0.0331509
0.0367022
0.0386447
0.0391498
0.0385509
0.037269
0.0356478
0.0340106
0.00101974
0.000972544
0.00091169
0.000837861
0.000752153
0.000656068
0.000550829
0.000437536
0.000317204
0.000190759
5.90295e-05
-7.72841e-05
-0.000217643
-0.000361727
-0.000509498
-0.0006613
-0.00081797
-0.000980999
-0.00115274
-0.00133665
-0.00153764
-0.00176245
-0.00202009
-0.00232239
-0.00268447
-0.00312527
-0.0036679
-0.00433981
-0.00517255
-0.0062011
-0.00746257
-0.00899413
-0.0108304
-0.0130001
-0.0155225
-0.0184045
-0.0216372
-0.0251943
-0.0290312
-0.0330859
-0.0372815
-0.041529
-0.0457314
-0.0497877
-0.0535965
-0.0570596
-0.0600846
-0.0625864
-0.0644891
-0.0657261
-0.0662401
-0.0659824
-0.0649135
-0.0630023
-0.0602259
-0.0565693
-0.0520276
-0.0466088
-0.0403385
-0.0332665
-0.025477
-0.0171001
-0.00832418
0.0005939
0.00932588
0.0174838
0.0246537
0.0304552
0.0346149
0.037046
0.0378766
0.0374333
0.0361675
0.0344657
0.0327043
0.00114143
0.00108131
0.00100956
0.00092747
0.000835267
0.000734264
0.000625455
0.000509756
0.000388044
0.000261152
0.000129849
-5.19175e-06
-0.000143451
-0.000284623
-0.000428705
-0.000576105
-0.000727778
-0.000885414
-0.00105166
-0.00123044
-0.00142726
-0.00164971
-0.00190793
-0.00221514
-0.00258822
-0.00304818
-0.00362055
-0.00433538
-0.00522699
-0.00633302
-0.00769295
-0.00934571
-0.0113268
-0.0136648
-0.0163776
-0.0194693
-0.0229275
-0.0267214
-0.0308015
-0.0351011
-0.0395389
-0.0440224
-0.0484519
-0.052725
-0.0567398
-0.0603986
-0.06361
-0.0662909
-0.0683674
-0.0697749
-0.0704586
-0.0703718
-0.0694761
-0.0677407
-0.0651415
-0.061661
-0.057289
-0.0520254
-0.0458844
-0.0389007
-0.0311396
-0.0227093
-0.0137759
-0.00457755
0.0045672
0.0132632
0.0210663
0.0275411
0.0323402
0.0353035
0.0365041
0.0362512
0.0350217
0.0332457
0.0313582
0.00126731
0.00119336
0.00111005
0.00101931
0.000920348
0.000814268
0.000701787
0.000583611
0.000460463
0.000333076
0.000202164
6.83732e-05
-6.77874e-05
-0.000206025
-0.000346366
-0.000489287
-0.000635873
-0.000788027
-0.000948731
-0.00112238
-0.00131516
-0.00153557
-0.00179493
-0.00210796
-0.00249335
-0.00297427
-0.00357869
-0.00433929
-0.00529309
-0.00648028
-0.00794248
-0.00972013
-0.0118493
-0.0143579
-0.017262
-0.0205626
-0.0242439
-0.0282701
-0.0325871
-0.0371236
-0.041794
-0.0465026
-0.0511476
-0.0556252
-0.0598333
-0.0636749
-0.0670599
-0.069907
-0.0721446
-0.0737106
-0.0745525
-0.0746257
-0.0738939
-0.0723268
-0.0699
-0.0665942
-0.0623952
-0.0572963
-0.0513015
-0.0444316
-0.0367338
-0.0282945
-0.0192557
-0.00983265
-0.000328394
0.00886276
0.0172743
0.0244215
0.0298822
0.0334166
0.0350315
0.0350057
0.0338349
0.031993
0.0299783
0.00139672
0.00130805
0.00121251
0.00111272
0.00100677
0.000895468
0.000779234
0.000658529
0.000533906
0.000405998
0.000275466
0.000142935
8.91468e-06
-0.000126308
-0.000262789
-0.000401072
-0.00054238
-0.000688848
-0.000843814
-0.00101219
-0.00120089
-0.00141939
-0.00168022
-0.0019997
-0.00239839
-0.00290168
-0.00353998
-0.0043486
-0.00536716
-0.00663826
-0.00820543
-0.0101103
-0.0123892
-0.015069
-0.0181635
-0.0216705
-0.0255703
-0.0298227
-0.0343686
-0.0391322
-0.0440244
-0.0489463
-0.0537941
-0.0584631
-0.0628512
-0.066862
-0.0704071
-0.073407
-0.0757925
-0.0775041
-0.0784917
-0.0787134
-0.0781346
-0.0767267
-0.0744654
-0.0713304
-0.0673048
-0.0623765
-0.0565408
-0.0498063
-0.0422033
-0.0337968
-0.0247038
-0.015114
-0.00530915
0.00432516
0.0133091
0.0211158
0.0272499
0.0313881
0.0334596
0.0336991
0.0326118
0.0307138
0.0285716
0.00152895
0.00142461
0.00131619
0.00120697
0.00109381
0.000977174
0.000857125
0.000733857
0.000607744
0.000479312
0.000349179
0.000217961
8.61756e-05
-4.58865e-05
-0.000178302
-0.000311687
-0.000447409
-0.00058785
-0.000736731
-0.000899518
-0.0010839
-0.00130035
-0.00156275
-0.00188899
-0.00230162
-0.00282824
-0.00350172
-0.00435994
-0.00544504
-0.00680182
-0.00847551
-0.0105086
-0.0129373
-0.0157873
-0.0190696
-0.0227786
-0.0268908
-0.0313614
-0.0361268
-0.0411069
-0.0462088
-0.0513312
-0.0563686
-0.0612154
-0.0657697
-0.069936
-0.0736274
-0.0767665
-0.0792865
-0.0811304
-0.0822509
-0.0826086
-0.0821714
-0.0809122
-0.0788077
-0.0758374
-0.0719827
-0.0672273
-0.0615597
-0.0549777
-0.0474964
-0.0391605
-0.0300623
-0.0203636
-0.0103204
-0.000301958
0.00920786
0.0176497
0.0244579
0.0292248
0.0317919
0.0323354
0.0313583
0.0294159
0.0271472
0.0016632
0.00154222
0.00142024
0.00130123
0.00118066
0.0010586
0.000934698
0.000808855
0.000681259
0.000552333
0.000422658
0.000292856
0.000163466
3.47926e-05
-9.32555e-05
-0.000221365
-0.000351056
-0.000484971
-0.000627241
-0.000783919
-0.000963508
-0.00117755
-0.00144128
-0.00177429
-0.00220108
-0.0027515
-0.00346088
-0.0043696
-0.00552216
-0.0069654
-0.00874598
-0.010907
-0.0134842
-0.0165019
-0.0199677
-0.0238725
-0.0281896
-0.0328693
-0.0378435
-0.0430282
-0.0483272
-0.0536369
-0.0588501
-0.0638609
-0.0685675
-0.0728755
-0.0766995
-0.0799642
-0.0826052
-0.0845683
-0.0858087
-0.0862899
-0.0859821
-0.0848603
-0.0829027
-0.0800891
-0.0764001
-0.0718167
-0.066322
-0.0599049
-0.0525672
-0.0443349
-0.0352762
-0.0255244
-0.015306
-0.00496747
0.00501322
0.0140546
0.0215263
0.0269375
0.030035
0.0309205
0.0300821
0.0281086
0.0257153
0.00179857
0.00165994
0.00152373
0.00139459
0.00126643
0.00113886
0.00101109
0.000882691
0.000753649
0.000624296
0.000495187
0.000366965
0.000240207
0.000115247
-8.01706e-06
-0.000130339
-0.000253396
-0.000380109
-0.00051504
-0.000664865
-0.000838937
-0.00104992
-0.00131445
-0.00165383
-0.00209457
-0.00266878
-0.00341417
-0.00437355
-0.00559363
-0.00712311
-0.0090098
-0.0112971
-0.0140202
-0.0172015
-0.0208452
-0.0249381
-0.0294512
-0.0343297
-0.0395013
-0.0448781
-0.0503611
-0.0558443
-0.0612197
-0.0663806
-0.0712258
-0.0756619
-0.0796052
-0.0829824
-0.0857314
-0.0878007
-0.0891483
-0.0897404
-0.0895497
-0.0885535
-0.0867317
-0.0840653
-0.0805348
-0.0761195
-0.0707987
-0.0645541
-0.0573763
-0.0492749
-0.0402952
-0.0305422
-0.0202107
-0.00961828
0.000771709
0.0103677
0.0184804
0.0245415
0.0281983
0.0294626
0.0287925
0.0268027
0.0242882
0.00193406
0.00177673
0.00162561
0.00148599
0.00135008
0.00121697
0.00108535
0.00095443
0.000824017
0.000694347
0.000565969
0.000439567
0.000315772
0.000194958
7.70289e-05
-3.88387e-05
-0.000154485
-0.000273123
-0.000399768
-0.00054175
-0.000709311
-0.00091627
-0.00118072
-0.00152569
-0.00197973
-0.00257717
-0.00335807
-0.00436753
-0.00565435
-0.00726883
-0.00925975
-0.0116706
-0.0145355
-0.0178753
-0.02169
-0.0259619
-0.0306611
-0.0357274
-0.0410841
-0.0466401
-0.0522936
-0.0579368
-0.0634605
-0.068758
-0.0737285
-0.0782796
-0.0823293
-0.0858064
-0.088651
-0.0908143
-0.0922568
-0.0929474
-0.0928616
-0.091979
-0.0902816
-0.0877517
-0.0843705
-0.0801168
-0.0749673
-0.0688983
-0.0618915
-0.0539419
-0.0450745
-0.0353668
-0.0249807
-0.0142008
-0.00346736
0.00663043
0.0153508
0.0220569
0.0262948
0.0279722
0.0275007
0.0255112
0.0228799
0.00206854
0.00189144
0.00172469
0.00157427
0.0014305
0.00129182
0.00115638
0.00102303
0.000891365
0.000761546
0.000634135
0.000509878
0.000389482
0.000273379
0.000161483
5.29082e-05
-5.43564e-05
-0.000163829
-0.000281002
-0.000413889
-0.000573655
-0.000775315
-0.00103844
-0.00138783
-0.00185405
-0.00247362
-0.00328888
-0.00434713
-0.00569906
-0.00739638
-0.00948857
-0.0120189
-0.0150205
-0.0185128
-0.0224904
-0.0269309
-0.0318054
-0.0370478
-0.0425771
-0.0482991
-0.0541095
-0.0598991
-0.0655578
-0.0709788
-0.0760618
-0.0807156
-0.0848596
-0.0884247
-0.0913534
-0.093599
-0.0951248
-0.0959024
-0.0959096
-0.0951286
-0.0935437
-0.0911388
-0.0878965
-0.0837956
-0.0788116
-0.0729173
-0.066087
-0.0583041
-0.0495754
-0.0399528
-0.0295657
-0.0186626
-0.00765333
0.00288801
0.0121728
0.0195081
0.0243414
0.0264625
0.0262199
0.0242485
0.0215062
0.00220077
0.00200276
0.00181968
0.00165815
0.0015064
0.00136217
0.00122299
0.00108734
0.00095459
0.000824854
0.000698729
0.000577047
0.00046061
0.000349927
0.000244933
0.000144679
4.69789e-05
-5.20057e-05
-0.000158266
-0.000280528
-0.000430914
-0.000625667
-0.000885865
-0.00123809
-0.00171489
-0.00235498
-0.00320285
-0.00430788
-0.00572249
-0.00749958
-0.00968912
-0.012334
-0.0154661
-0.019104
-0.0232357
-0.0278327
-0.0328715
-0.0382781
-0.0439671
-0.0498418
-0.0557958
-0.0617186
-0.0674994
-0.0730313
-0.0782148
-0.0829596
-0.0871867
-0.0908289
-0.0938308
-0.0961482
-0.0977466
-0.0986001
-0.098689
-0.097998
-0.0965136
-0.0942219
-0.0911067
-0.0871483
-0.0823214
-0.0765968
-0.0699438
-0.0623364
-0.0537657
-0.0442609
-0.0339197
-0.0229533
-0.0117355
-0.0008117
0.00898578
0.0169237
0.0223583
0.0249494
0.0249655
0.0230314
0.020185
0.00232937
0.00210927
0.00190911
0.00173618
0.00157637
0.00142665
0.00128386
0.00114608
0.00101248
0.000883138
0.000758717
0.000640156
0.000528382
0.000423992
0.000326953
0.000236256
0.000149533
6.26077e-05
-3.1032e-05
-0.000140853
-0.000279964
-0.000465868
-0.000721167
-0.00107422
-0.00155957
-0.00221803
-0.00309619
-0.00424532
-0.00571942
-0.00757239
-0.00985445
-0.0126078
-0.0158633
-0.0196399
-0.0239165
-0.0286552
-0.0338474
-0.0394067
-0.0452424
-0.0512566
-0.0573412
-0.0633843
-0.0692748
-0.0749059
-0.0801785
-0.0850036
-0.0893036
-0.0930131
-0.0960785
-0.0984578
-0.100119
-0.101038
-0.101198
-0.100586
-0.0991904
-0.0969997
-0.0939996
-0.0901716
-0.0854913
-0.0799285
-0.073449
-0.0660199
-0.0576198
-0.0482576
-0.0380017
-0.0270261
-0.0156637
-0.00441841
0.00583146
0.0143354
0.0203695
0.023452
0.0237551
0.0218783
0.018936
0.00245282
0.00220937
0.00199138
0.00180677
0.00163886
0.00148374
0.00133751
0.00119783
0.0010637
0.00093516
0.000812973
0.000698221
0.000591971
0.000494931
0.000407106
0.000327428
0.000253337
0.000180304
0.00010127
6.00073e-06
-0.000119629
-0.000294408
-0.00054248
-0.000893978
-0.0013854
-0.00205959
-0.00296514
-0.0041551
-0.00568483
-0.00760903
-0.009978
-0.0128331
-0.0162039
-0.0201124
-0.0245233
-0.0293885
-0.0347229
-0.0404235
-0.046393
-0.0525338
-0.0587361
-0.0648874
-0.0708759
-0.0765951
-0.0819465
-0.0868421
-0.0912058
-0.0949735
-0.0980938
-0.100526
-0.102241
-0.103217
-0.103438
-0.102894
-0.101576
-0.0994743
-0.0965766
-0.0928663
-0.0883202
-0.0829083
-0.0765948
-0.0693418
-0.0611181
-0.0519155
-0.0417763
-0.0308382
-0.0193894
-0.00787857
0.00275182
0.0117768
0.0184023
0.0219921
0.0226088
0.02081
0.0177809
0.00256939
0.00230128
0.00206469
0.00186814
0.00169213
0.00153175
0.00138232
0.00124106
0.00110679
0.000979573
0.000860287
0.000750185
0.000650502
0.000562071
0.000484943
0.000417988
0.00035844
0.000301402
0.000239243
0.000160931
5.12974e-05
-0.000109758
-0.000347928
-0.00069511
-0.00118972
-0.00187656
-0.00280612
-0.00403306
-0.00561395
-0.00760409
-0.0100537
-0.0130029
-0.0164797
-0.0205107
-0.0250378
-0.0300364
-0.035491
-0.0413205
-0.0474107
-0.0536653
-0.0599732
-0.0662209
-0.0722965
-0.0780936
-0.0835144
-0.0884717
-0.0928907
-0.0967088
-0.0998762
-0.102354
-0.104115
-0.105139
-0.105412
-0.104927
-0.103675
-0.10165
-0.0988422
-0.0952361
-0.0908107
-0.0855368
-0.0793782
-0.0722943
-0.0642466
-0.0552134
-0.0452139
-0.0343519
-0.0228677
-0.0111392
-0.000207831
0.0092836
0.0164874
0.0205951
0.0215488
0.019849
0.0167436
0.0026772
0.00238303
0.00212704
0.00191833
0.00173426
0.00156882
0.00141651
0.00127406
0.00114017
0.00101492
0.000899355
0.000794923
0.000703051
0.000624709
0.00056
0.000507727
0.000464905
0.000426243
0.000383513
0.000324854
0.000234032
8.96058e-05
-0.000135666
-0.00047543
-0.000969972
-0.00166598
-0.00261571
-0.00387532
-0.00550239
-0.00755264
-0.0100759
-0.0131114
-0.0166838
-0.0208207
-0.025451
-0.0305923
-0.0361522
-0.0420914
-0.0482889
-0.0546449
-0.0610466
-0.0673798
-0.0735324
-0.079398
-0.0848795
-0.0898907
-0.0943577
-0.0982194
-0.101427
-0.103944
-0.105744
-0.106808
-0.107125
-0.106689
-0.105494
-0.103534
-0.100803
-0.0972873
-0.0929679
-0.0878174
-0.0818001
-0.0748742
-0.0669968
-0.0581353
-0.0482906
-0.0375353
-0.0260635
-0.0141722
-0.0029765
0.00689825
0.0146579
0.0192893
0.0206002
0.0190202
0.0158497
0.00277415
0.00245244
0.00217623
0.00195516
0.00176313
0.00159292
0.00143811
0.00129499
0.0011621
0.00103963
0.000928775
0.000831235
0.00074864
0.00068211
0.0006318
0.000596438
0.000572799
0.000555175
0.000534709
0.000498684
0.000429774
0.00030517
9.60822e-05
-0.000232856
-0.000723753
-0.0014251
-0.0023908
-0.00367835
-0.0053462
-0.00745033
-0.0100402
-0.0131537
-0.0168125
-0.0210289
-0.0257774
-0.0310398
-0.0366967
-0.0427302
-0.0490223
-0.0554679
-0.0619524
-0.0683609
-0.074581
-0.0805067
-0.0860412
-0.0910993
-0.0956079
-0.099507
-0.102749
-0.105299
-0.107132
-0.10823
-0.108583
-0.108188
-0.107039
-0.105134
-0.102467
-0.0990281
-0.0947995
-0.0897563
-0.0838645
-0.0770822
-0.0693642
-0.0606706
-0.0509873
-0.0403607
-0.028949
-0.0169958
-0.00544571
0.00467333
0.0129469
0.0181051
0.0197901
0.0183504
0.0151267
0.00285791
0.00250709
0.00220982
0.00197622
0.0017764
0.00160177
0.00144496
0.00130181
0.00117072
0.00105199
0.00094705
0.000857845
0.000786238
0.000733503
0.000699843
0.000683903
0.000682187
0.000688543
0.000693453
0.000683311
0.000639678
0.000538345
0.000348985
3.45381e-05
-0.000448867
-0.00115144
-0.00212861
-0.00343906
-0.005142
-0.00729349
-0.00994242
-0.0131259
-0.0168625
-0.0211477
-0.0260151
-0.0313633
-0.0371104
-0.0432311
-0.0496071
-0.0561314
-0.0626884
-0.0691626
-0.0754416
-0.0814195
-0.0870002
-0.092099
-0.0966436
-0.100575
-0.103847
-0.106425
-0.108285
-0.109411
-0.109794
-0.109431
-0.10832
-0.106459
-0.103845
-0.100468
-0.0963146
-0.0913619
-0.0855778
-0.078922
-0.0713482
-0.0628127
-0.0532895
-0.0428033
-0.0314859
-0.0195772
-0.00756836
0.00265774
0.0113854
0.0170747
0.0191486
0.0178685
0.0146041
0.00292588
0.00254429
0.00222509
0.00197885
0.00177147
0.0015929
0.00143473
0.00129232
0.00116399
0.00105018
0.000952576
0.000873399
0.000814757
0.000778079
0.000763609
0.000769889
0.000793122
0.000826676
0.000860337
0.000879574
0.000864827
0.000790436
0.000624556
0.000328478
-0.000143379
-0.000842844
-0.00182675
-0.00315487
-0.00488696
-0.00707912
-0.0097796
-0.0130245
-0.0168312
-0.0211924
-0.0261428
-0.0315598
-0.0373934
-0.043592
-0.0500414
-0.056634
-0.0632538
-0.0697849
-0.0761149
-0.0821381
-0.0877588
-0.0928928
-0.0974688
-0.101428
-0.104726
-0.107327
-0.10921
-0.110358
-0.110766
-0.110429
-0.109347
-0.10752
-0.104945
-0.101617
-0.0975237
-0.0926439
-0.0869487
-0.0803996
-0.0729516
-0.0645586
-0.0551873
-0.0448445
-0.0336419
-0.0218175
-0.00938038
0.000908964
0.0100112
0.0162332
0.0187082
0.0176054
0.0143132
0.0029752
0.00256104
0.00221903
0.00196009
0.00174549
0.00156357
0.00140483
0.00126412
0.00113973
0.00103224
0.000943641
0.000876459
0.000833049
0.000814986
0.000822543
0.000854139
0.000905629
0.000969867
0.0010359
0.00108824
0.0011062
0.0010626
0.000924118
0.000650437
0.000194332
-0.000497552
-0.00148334
-0.00282373
-0.00457893
-0.00680496
-0.0095494
-0.0128472
-0.0167158
-0.0211484
-0.0261552
-0.0316387
-0.0375469
-0.0438123
-0.0503249
-0.056976
-0.0636495
-0.0702294
-0.076603
-0.0826652
-0.0883205
-0.0934851
-0.0980882
-0.102072
-0.105391
-0.108013
-0.109914
-0.111081
-0.111507
-0.111189
-0.110129
-0.108326
-0.10578
-0.102488
-0.0984382
-0.0936134
-0.087987
-0.0815233
-0.0741793
-0.0659089
-0.0566744
-0.0464703
-0.03539
-0.02366
-0.011004
-0.000428989
0.00889243
0.01562
0.0185034
0.017594
0.0142867
0.00300267
0.00255403
0.0021883
0.00191667
0.00169533
0.0015108
0.00135244
0.00121461
0.00109555
0.00099605
0.000918425
0.000865504
0.0008399
0.000843323
0.000876051
0.00093636
0.0010197
0.00111836
0.00122061
0.00130996
0.00136462
0.00135581
0.00124875
0.00100159
0.000565526
-0.000114237
-0.00109699
-0.00244421
-0.00421645
-0.00646953
-0.00925031
-0.0125926
-0.016513
-0.0210046
-0.0260602
-0.0316021
-0.0375719
-0.0438932
-0.0504588
-0.0571592
-0.063878
-0.0704989
-0.0769097
-0.0830051
-0.0886901
-0.0938813
-0.098508
-0.102513
-0.105851
-0.10849
-0.110407
-0.111588
-0.112028
-0.111723
-0.110676
-0.108889
-0.106362
-0.103092
-0.0990701
-0.0942821
-0.0887038
-0.0823027
-0.0750384
-0.0668667
-0.0577482
-0.0476693
-0.0367002
-0.0250324
-0.0124961
-0.00131471
0.00811096
0.0152753
0.0185701
0.0178688
0.0145592
0.00300473
0.00251955
0.00212918
0.00184497
0.00161749
0.0014313
0.0012745
0.00114097
0.0010289
0.000939366
0.000874985
0.000838921
0.00083403
0.000862135
0.00092349
0.00101621
0.00113525
0.00127231
0.00141483
0.00154527
0.00164077
0.00167082
0.00159926
0.00138279
0.00097105
0.000307944
-0.000666872
-0.00201554
-0.0037988
-0.00607218
-0.00888178
-0.0122602
-0.0162226
-0.0207614
-0.0258598
-0.0314502
-0.0374696
-0.0438368
-0.050446
-0.0571869
-0.0639429
-0.070598
-0.0770397
-0.0831633
-0.0888737
-0.0940877
-0.0987351
-0.102758
-0.106113
-0.108766
-0.110696
-0.111888
-0.112337
-0.112041
-0.111002
-0.109221
-0.106701
-0.103441
-0.0994319
-0.0946624
-0.089111
-0.0827484
-0.0755377
-0.0674374
-0.0584091
-0.0484345
-0.0375595
-0.0259362
-0.0136599
-0.00179971
0.00768075
0.0152312
0.0189446
0.0184663
0.0151668
0.00297741
0.0024535
0.00203754
0.00174099
0.00150816
0.00132147
0.00116767
0.00104013
0.00093706
0.000859778
0.000811264
0.000795002
0.000814083
0.000870401
0.000964156
0.00109328
0.00125214
0.00143179
0.00161878
0.0017945
0.00193518
0.00200815
0.00197614
0.00179447
0.0014113
0.000769307
-0.000192782
-0.00153763
-0.00332604
-0.00561317
-0.00844426
-0.0118506
-0.015846
-0.0204218
-0.0255555
-0.0311845
-0.037243
-0.0436466
-0.0502904
-0.0570635
-0.0638495
-0.0705321
-0.0769993
-0.0831462
-0.0888782
-0.094112
-0.0987774
-0.102817
-0.106186
-0.108852
-0.110792
-0.111992
-0.112447
-0.112154
-0.111115
-0.109334
-0.106811
-0.103547
-0.0995364
-0.0947671
-0.0892211
-0.0828722
-0.075687
-0.0676281
-0.0586598
-0.0487624
-0.0379642
-0.0263969
-0.0143319
-0.00189204
0.00763139
0.0155235
0.0196654
0.0194248
0.0161473
0.00291629
0.00235127
0.00190879
0.00160028
0.00136313
0.00117737
0.00102831
0.000908809
0.000817081
0.000754726
0.000725081
0.000731948
0.000778627
0.000867031
0.000997265
0.0011671
0.00137013
0.00159673
0.00183254
0.00205779
0.00224817
0.00236805
0.0023795
0.00223668
0.0018862
0.00126961
0.00032486
-0.00101111
-0.00279906
-0.00509364
-0.00793919
-0.0113658
-0.0153857
-0.0199893
-0.02515
-0.0308083
-0.0368962
-0.0433274
-0.0499974
-0.0567951
-0.063604
-0.0703082
-0.0767956
-0.0829617
-0.0887117
-0.0939625
-0.0986437
-0.102698
-0.10608
-0.108756
-0.110705
-0.11191
-0.112367
-0.112073
-0.111029
-0.109239
-0.106705
-0.103425
-0.0993968
-0.0946095
-0.089047
-0.0826861
-0.0754973
-0.0674474
-0.058505
-0.0486518
-0.037907
-0.0263965
-0.0144696
-0.00165237
0.008069
0.0162122
0.0207753
0.0207848
0.0175402
0.00281643
0.00220773
0.00173781
0.00141791
0.00117775
0.000994695
0.000852495
0.000743464
0.000665834
0.000621495
0.000614138
0.000647862
0.000726151
0.000850856
0.00102195
0.00123707
0.00148884
0.00176694
0.00205598
0.00233489
0.00257924
0.00275033
0.00280907
0.00270899
0.00239513
0.00180803
0.00088497
-0.00043735
-0.00221953
-0.00451561
-0.00736899
-0.0108085
-0.014845
-0.0194677
-0.0246475
-0.0303264
-0.0364349
-0.0428853
-0.0495736
-0.0563886
-0.063214
-0.0699341
-0.0764371
-0.0826183
-0.0883832
-0.0936486
-0.0983436
-0.102411
-0.105804
-0.10849
-0.110445
-0.111654
-0.11211
-0.11181
-0.110756
-0.10895
-0.106394
-0.103087
-0.0990264
-0.0942028
-0.0886019
-0.0822029
-0.07498
-0.0669048
-0.0579509
-0.0481037
-0.0373804
-0.0259029
-0.0140139
-0.001104
0.00900543
0.0173818
0.022322
0.022588
0.0193865
0.00267226
0.00201712
0.00151887
0.00118843
0.000946906
0.000768745
0.000635969
0.000540304
0.000479997
0.000457225
0.000476024
0.000540761
0.000655065
0.000820625
0.00103723
0.00130251
0.00160779
0.00194203
0.00228883
0.00262542
0.00292491
0.00315378
0.00326406
0.00321048
0.00293695
0.00238312
0.00148579
0.000181542
-0.00158993
-0.003882
-0.00673704
-0.0101827
-0.0142283
-0.0188624
-0.0240534
-0.0297449
-0.0358657
-0.0423275
-0.0490268
-0.0558523
-0.0626883
-0.0694191
-0.0759331
-0.0821259
-0.0879028
-0.0931804
-0.0978876
-0.101966
-0.105369
-0.108063
-0.110023
-0.111234
-0.111686
-0.111377
-0.110308
-0.108478
-0.105891
-0.102546
-0.0984387
-0.0935609
-0.0878994
-0.0814357
-0.0741474
-0.0660107
-0.057005
-0.0471212
-0.0363797
-0.0248952
-0.0129523
-0.000133807
0.0104338
0.019049
0.0243478
0.0248779
0.0217291
0.00247756
0.00177297
0.00124556
0.000905751
0.00066499
0.000494415
0.000374159
0.000295295
0.000256065
0.000258925
0.00030823
0.000408581
0.000563714
0.000775002
0.00104201
0.0013626
0.00172631
0.00212145
0.00253077
0.00293112
0.00328776
0.00357601
0.00374323
0.00373978
0.00350995
0.00299284
0.0021249
0.000842727
-0.000913566
-0.00319657
-0.00604762
-0.00949309
-0.0135412
-0.0181792
-0.0233745
-0.0290708
-0.0351964
-0.0416624
-0.0483658
-0.0551957
-0.0620365
-0.0687731
-0.075294
-0.0814951
-0.0872813
-0.0925691
-0.0972868
-0.101375
-0.104788
-0.107489
-0.109453
-0.110662
-0.111109
-0.110787
-0.109697
-0.107838
-0.105212
-0.101816
-0.0976475
-0.0926974
-0.0869531
-0.0803979
-0.0730122
-0.0647765
-0.0556763
-0.0457096
-0.0349028
-0.0233598
-0.0112907
0.00130713
0.0124273
0.0212481
0.0268959
0.0277002
0.024613
0.00222527
0.00146799
0.000910699
0.000563149
0.000325834
0.000166169
6.21708e-05
4.17239e-06
-9.62199e-06
2.34986e-05
0.000108177
0.000249203
0.00045039
0.000712576
0.00103505
0.0014164
0.00184357
0.00230431
0.00278012
0.00324552
0.0036718
0.00401974
0.00424549
0.00429502
0.00411185
0.00363451
0.00279918
0.00154264
-0.000194481
-0.0024639
-0.00530587
-0.00874554
-0.0127899
-0.0174254
-0.0226182
-0.0283125
-0.0344359
-0.0408994
-0.0476006
-0.0544289
-0.0612693
-0.0680072
-0.0745313
-0.0807373
-0.0865304
-0.0918264
-0.0965532
-0.100651
-0.104072
-0.106778
-0.108745
-0.109952
-0.11039
-0.110053
-0.108937
-0.107042
-0.104367
-0.100911
-0.0966667
-0.0916264
-0.0857773
-0.0791034
-0.0715874
-0.063214
-0.0539746
-0.0438753
-0.0329507
-0.0212955
-0.00908134
0.00330111
0.0150665
0.0240242
0.030011
0.031103
0.0280867
0.0019074
0.00109392
0.000506226
0.000153139
-7.73115e-05
-0.000221959
-0.00030519
-0.000337521
-0.000320839
-0.000252211
-0.000126748
6.04821e-05
0.000313365
0.000631877
0.00101498
0.00146284
0.00195855
0.00248961
0.00303661
0.00357277
0.0040706
0.00448255
0.0047687
0.00487372
0.00473979
0.00430481
0.00350488
0.00227702
0.000562532
-0.00168936
-0.00451775
-0.00794659
-0.0119817
-0.0166088
-0.0217931
-0.027479
-0.0335938
-0.0400487
-0.0467419
-0.0535632
-0.0603985
-0.0671333
-0.0736568
-0.0798649
-0.0856624
-0.0909648
-0.0956993
-0.099805
-0.103233
-0.105945
-0.107912
-0.109116
-0.109543
-0.109186
-0.10804
-0.106104
-0.103373
-0.0998438
-0.0955103
-0.090362
-0.0843859
-0.0775661
-0.0698867
-0.0613358
-0.0519107
-0.041626
-0.0305262
-0.0187064
-0.00634584
0.0059513
0.0183514
0.0274292
0.033748
0.0351388
0.0322017
0.00151484
0.000641403
2.30441e-05
-0.000332588
-0.000551814
-0.000676366
-0.000733382
-0.000734384
-0.000681412
-0.000571357
-0.000399127
-0.000159692
0.000150962
0.000531429
0.000980222
0.00150078
0.00207015
0.00267605
0.00329899
0.00391228
0.00447957
0.00496036
0.00530994
0.00547281
0.00539029
0.00499984
0.00423758
0.00304094
0.001352
-0.00087899
-0.00368994
-0.00710357
-0.0111246
-0.015738
-0.0209084
-0.0265802
-0.0326808
-0.0391215
-0.0458013
-0.0526107
-0.0594363
-0.0661641
-0.0726836
-0.0788909
-0.0846905
-0.0899975
-0.0947382
-0.0988508
-0.102285
-0.105001
-0.106969
-0.108167
-0.108581
-0.108202
-0.107021
-0.105036
-0.102241
-0.0986292
-0.0941924
-0.0889187
-0.0827935
-0.0758004
-0.0679242
-0.0591553
-0.0494965
-0.0389706
-0.0276333
-0.0155887
-0.00304009
0.00936238
0.0221944
0.0315095
0.0381858
0.0398657
0.0370136
0.00103714
9.97382e-05
-0.000549112
-0.000903249
-0.00110568
-0.00120384
-0.00122807
-0.00119107
-0.00109512
-0.000936989
-0.000711425
-0.000413302
-3.82863e-05
0.000409881
0.000928859
0.00152913
0.00217716
0.00286192
0.0035643
0.00425556
0.00489786
0.00545045
0.00586596
0.00608868
0.00605931
0.00571509
0.00499228
0.00382887
0.00216782
-3.94996e-05
-0.00282976
-0.00622445
-0.0102273
-0.0148224
-0.0199741
-0.0256268
-0.0317079
-0.0381294
-0.044791
-0.051584
-0.0583957
-0.0651127
-0.0716251
-0.0778288
-0.0836282
-0.0889379
-0.0936834
-0.0978017
-0.101241
-0.10396
-0.105927
-0.107118
-0.107517
-0.107112
-0.105893
-0.103853
-0.100986
-0.0972808
-0.0927273
-0.0873108
-0.0810148
-0.0738212
-0.0657144
-0.0566866
-0.0467447
-0.0359196
-0.0242785
-0.0119396
0.000869209
0.0135537
0.0266132
0.0363238
0.0433691
0.045342
0.0425827
0.000462227
-0.000543345
-0.00122187
-0.00156906
-0.00174755
-0.00181151
-0.001795
-0.00171214
-0.00156556
-0.00135192
-0.00106586
-0.000702073
-0.000255448
0.000266098
0.000858844
0.00154642
0.00227788
0.00304534
0.00383067
0.00460278
0.00532339
0.00594982
0.00643311
0.00671719
0.00674227
0.00644548
0.00576341
0.00463471
0.00300334
0.000821872
-0.00194507
-0.00531775
-0.00929887
-0.0138718
-0.0190006
-0.0246298
-0.030687
-0.0370848
-0.0437238
-0.0504962
-0.0572901
-0.0639929
-0.0704949
-0.0766924
-0.0824895
-0.0878001
-0.0925488
-0.0966715
-0.100115
-0.102836
-0.104801
-0.105983
-0.106365
-0.10593
-0.104669
-0.102569
-0.0996209
-0.0958125
-0.091129
-0.085553
-0.0790646
-0.0716436
-0.0632728
-0.0539449
-0.0436697
-0.0324853
-0.0204703
-0.00776003
0.00539858
0.0185029
0.031692
0.0419229
0.0493516
0.0516322
0.0489767
-0.000224009
-0.00130201
-0.00200843
-0.0023413
-0.00248669
-0.00250672
-0.00243987
-0.00230193
-0.00209594
-0.00181853
-0.00146421
-0.00102743
-0.000501738
9.82742e-05
0.000770816
0.00154908
0.00236791
0.00322401
0.00409589
0.00495192
0.00575299
0.00645484
0.00700725
0.00735373
0.00743406
0.00718545
0.0065449
0.00545187
0.00385142
0.00169742
-0.00104418
-0.0043924
-0.00834892
-0.0128965
-0.0179988
-0.0236007
-0.0296301
-0.0360003
-0.0426127
-0.0493607
-0.0561333
-0.0628186
-0.0693074
-0.075496
-0.0812884
-0.086598
-0.0913484
-0.0954741
-0.0989201
-0.101642
-0.103603
-0.104775
-0.105137
-0.10467
-0.103361
-0.101196
-0.09816
-0.0942382
-0.0894119
-0.0836597
-0.0769581
-0.0692832
-0.0606154
-0.0509462
-0.0402872
-0.0286821
-0.0162205
-0.00305488
0.0105549
0.0241922
0.0374979
0.0483688
0.0561963
0.058808
0.0562729
-0.00103819
-0.00219273
-0.00292381
-0.0032324
-0.00333288
-0.00329689
-0.00316808
-0.00296422
-0.00268884
-0.00233851
-0.00190763
-0.00139068
-0.000781097
-9.88569e-05
0.000669452
0.00153523
0.00244593
0.00339561
0.00435739
0.00529982
0.006183
0.00696142
0.0075838
0.00799319
0.00812911
0.00792893
0.0073302
0.00627333
0.00470454
0.00257907
-0.000135723
-0.00345762
-0.00738728
-0.0119069
-0.0169798
-0.0225511
-0.0285493
-0.0348884
-0.0414709
-0.0481911
-0.0549391
-0.0616037
-0.0680764
-0.0742536
-0.0800391
-0.0853456
-0.0900958
-0.0942229
-0.0976702
-0.100391
-0.102346
-0.103506
-0.103846
-0.103344
-0.101983
-0.0997467
-0.096616
-0.0925714
-0.08759
-0.0816459
-0.0747108
-0.0667564
-0.0577593
-0.0477083
-0.036615
-0.0245272
-0.0115439
0.00216596
0.0163313
0.0305771
0.0441138
0.0557377
0.0639744
0.0669495
0.064561
-0.00200019
-0.00323478
-0.00398513
-0.00425598
-0.00429631
-0.00418921
-0.00398443
-0.00370196
-0.00334582
-0.00291247
-0.00239623
-0.00179207
-0.00109508
-0.000321352
0.000557821
0.00150909
0.00251531
0.00355807
0.0046126
0.0056432
0.00660955
0.00746515
0.00815777
0.00863007
0.00882142
0.00866945
0.0081124
0.00709168
0.00555482
0.00345849
0.000771447
-0.00252279
-0.00642389
-0.0109135
-0.0159546
-0.0214927
-0.0274568
-0.0337618
-0.0403113
-0.0470007
-0.053721
-0.0603622
-0.066816
-0.0729792
-0.0787554
-0.0840567
-0.0888048
-0.0929314
-0.0963782
-0.0990961
-0.101044
-0.10219
-0.102504
-0.101964
-0.100548
-0.0982345
-0.0950017
-0.0908252
-0.0856772
-0.0795262
-0.0723384
-0.0640801
-0.0547226
-0.0442505
-0.0326734
-0.0200407
-0.00645915
0.00788726
0.0227119
0.0376319
0.0516052
0.0641039
0.0727586
0.0761449
0.0739463
-0.00313404
-0.00445091
-0.00521195
-0.00542679
-0.00538731
-0.00519034
-0.00489266
-0.00451675
-0.00406699
-0.00353959
-0.00292865
-0.00222921
-0.0014354
-0.000554184
0.000427475
0.00147003
0.00257179
0.00371162
0.00485937
0.00597886
0.00702872
0.00796142
0.00872393
0.00925857
0.00950465
0.00940021
0.00888424
0.00789928
0.00639419
0.00432714
0.00166836
-0.00159735
-0.00546868
-0.00992662
-0.0149342
-0.0204369
-0.0263645
-0.0326329
-0.0391466
-0.0458024
-0.0524924
-0.0591072
-0.0655395
-0.0716862
-0.0774506
-0.0827443
-0.0874881
-0.0916122
-0.0950564
-0.0977696
-0.0997085
-0.100837
-0.101124
-0.100542
-0.0990661
-0.0966709
-0.0933296
-0.0890129
-0.0836873
-0.0773155
-0.0698573
-0.0612723
-0.0515251
-0.0405943
-0.0284853
-0.0152466
-0.000989489
0.0140895
0.0296858
0.0453687
0.0600051
0.0735027
0.0826182
0.0864915
0.0845547
-0.00446937
-0.0058682
-0.00662658
-0.00676066
-0.00661599
-0.0063058
-0.00589487
-0.00540826
-0.00485046
-0.00421704
-0.00350132
-0.00269608
-0.00178979
-0.00080518
0.000266709
0.00141359
0.00261678
0.00385433
0.00509557
0.00630386
0.00743669
0.00844561
0.00927694
0.00987269
0.0101723
0.0101142
0.00963827
0.00868824
0.0072144
0.00517642
0.00254603
-0.000690686
-0.00453142
-0.00895659
-0.0139291
-0.0193947
-0.0252839
-0.0315134
-0.037989
-0.0446087
-0.0512657
-0.0578516
-0.0642597
-0.0703872
-0.0761373
-0.081421
-0.086158
-0.0902772
-0.0937166
-0.0964227
-0.0983499
-0.0994589
-0.0997155
-0.0990887
-0.0975491
-0.0950673
-0.0916116
-0.087147
-0.0816342
-0.0750292
-0.0672844
-0.058352
-0.0481883
-0.036764
-0.0240777
-0.0101735
0.00483608
0.0207459
0.0372328
0.0538125
0.0693906
0.0838651
0.0936409
0.0981021
0.0965378
-0.00604322
-0.00751914
-0.00825447
-0.00827422
-0.00799165
-0.00753927
-0.0069907
-0.00637348
-0.0056916
-0.00493918
-0.00410688
-0.00318274
-0.00217088
-0.00108683
9.29365e-05
0.00134575
0.00265074
0.00398575
0.00531988
0.00661579
0.00783004
0.00891338
0.0098116
0.0104665
0.0108177
0.0108043
0.0103669
0.00945066
0.00800719
0.00599776
0.00339557
0.000188023
-0.00362162
-0.00801319
-0.0129494
-0.0183766
-0.0242256
-0.0304144
-0.0368498
-0.0434311
-0.0500526
-0.0566071
-0.0629884
-0.0690939
-0.074827
-0.080098
-0.0848256
-0.0889374
-0.0923694
-0.0950659
-0.0969788
-0.0980657
-0.0982889
-0.097614
-0.0960073
-0.0934345
-0.089859
-0.08524
-0.0795317
-0.0726827
-0.0646377
-0.0553398
-0.0447359
-0.0327868
-0.0194812
-0.00485566
0.0109814
0.0278214
0.0453264
0.0629733
0.0797732
0.0952111
0.106047
0.111129
0.110079
-0.00790288
-0.00944308
-0.0101245
-0.00998442
-0.00952188
-0.00889158
-0.00817639
-0.00740581
-0.006582
-0.00569592
-0.00473372
-0.00369384
-0.0025768
-0.00137529
-8.59064e-05
0.00127076
0.00267619
0.00410715
0.00553217
0.00691322
0.00820611
0.00936097
0.0103232
0.0110345
0.0114348
0.0114636
0.0110629
0.0101788
0.00876449
0.0067828
0.00420839
0.00102994
-0.00274833
-0.00710572
-0.0120049
-0.0173923
-0.0231998
-0.0293461
-0.0357393
-0.0422801
-0.0488638
-0.0553843
-0.0617361
-0.067817
-0.0735302
-0.0787856
-0.083501
-0.0876025
-0.0910243
-0.0937085
-0.0956043
-0.0966663
-0.0968536
-0.0961276
-0.0944504
-0.091783
-0.0880834
-0.0833047
-0.0773941
-0.0702926
-0.0619363
-0.0522583
-0.0411945
-0.0286937
-0.0147321
0.000666029
0.0174017
0.0352698
0.0539257
0.072825
0.0910777
0.107618
0.119913
0.12575
0.125401
-0.0101098
-0.0116881
-0.012269
-0.0119077
-0.0112113
-0.0103594
-0.00944348
-0.00849351
-0.00750763
-0.00647203
-0.00537879
-0.00421837
-0.00297866
-0.00166079
-0.000264197
0.00119461
0.00269796
0.00422171
0.00573395
0.00719612
0.00856346
0.00978566
0.0108078
0.0115718
0.0120177
0.0120859
0.0117193
0.0108653
0.00947867
0.00752366
0.0049764
0.00182682
-0.00191995
-0.00624271
-0.011104
-0.0164507
-0.0222153
-0.0283175
-0.0346668
-0.0411649
-0.0477086
-0.0541926
-0.0605122
-0.0665656
-0.072256
-0.0774928
-0.0821929
-0.0862811
-0.0896898
-0.0923589
-0.0942348
-0.0952693
-0.0954179
-0.0946381
-0.0928877
-0.0901229
-0.0862959
-0.0813536
-0.0752361
-0.0678763
-0.059201
-0.0491323
-0.0375938
-0.0245203
-0.00987227
0.00634278
0.0240421
0.0430325
0.0629736
0.0833156
0.103224
0.121169
0.135282
0.142116
0.142768
-0.0127455
-0.0143136
-0.0147237
-0.0140583
-0.0130601
-0.0119337
-0.0107767
-0.00961712
-0.00844728
-0.00725497
-0.00602163
-0.00472729
-0.0033648
-0.00193293
-0.000431328
0.00112656
0.00272346
0.00433491
0.00592883
0.00746635
0.00890234
0.0101862
0.011263
0.0120747
0.0125619
0.0126658
0.0123301
0.0115038
0.010143
0.00821331
0.00569241
0.00257133
-0.00114391
-0.00543164
-0.0102544
-0.0155594
-0.0212798
-0.0273365
-0.0336401
-0.0400935
-0.0465948
-0.0530397
-0.0593243
-0.0653474
-0.0710119
-0.0762271
-0.0809089
-0.0849807
-0.0883732
-0.0910243
-0.0928777
-0.0938822
-0.0939897
-0.0931541
-0.0913286
-0.0884644
-0.0845082
-0.0794005
-0.0730738
-0.0654531
-0.0564548
-0.0459896
-0.0339676
-0.0203075
-0.00495068
0.0121169
0.0308361
0.0510362
0.0723942
0.0943691
0.116143
0.135931
0.152298
0.160428
0.162492
-0.0159204
-0.0173931
-0.0175267
-0.0164466
-0.0150611
-0.0135963
-0.0121494
-0.0107465
-0.00938037
-0.00801876
-0.0066307
-0.00520075
-0.00371711
-0.00217455
-0.000572047
0.00107937
0.00276312
0.00445496
0.00612292
0.00772805
0.00922512
0.0105635
0.0116882
0.0125415
0.0130646
0.0131994
0.012891
0.0120893
0.0107519
0.00884606
0.00635052
0.0032575
-0.000426232
-0.00467859
-0.00946209
-0.0147244
-0.0203994
-0.0264091
-0.0326651
-0.0390718
-0.0455285
-0.0519318
-0.0581789
-0.0641686
-0.0698044
-0.0749948
-0.0796552
-0.0837076
-0.0870811
-0.0897115
-0.0915399
-0.0925122
-0.092577
-0.0916841
-0.0897825
-0.0868185
-0.0827329
-0.07746
-0.070925
-0.063044
-0.0537233
-0.0428616
-0.0303542
-0.0161018
-2.38159e-05
0.0179208
0.0377044
0.059191
0.0820917
0.105891
0.12978
0.151917
0.170997
0.180815
0.184949
-0.0197861
-0.0210143
-0.0207202
-0.0190762
-0.0171955
-0.0153127
-0.013519
-0.0118545
-0.0102745
-0.00872255
-0.00717649
-0.00561184
-0.00401061
-0.00236327
-0.000667133
0.00106927
0.0028305
0.00459293
0.006325
0.00798793
0.00953659
0.0109204
0.0120847
0.0129722
0.0135247
0.0136851
0.0133993
0.0126186
0.0113021
0.0094181
0.00694675
0.00388119
0.000228885
-0.00398776
-0.00873135
-0.01395
-0.0195784
-0.0255395
-0.0317463
-0.0381043
-0.0445142
-0.0508736
-0.0570804
-0.0630342
-0.0686382
-0.0738011
-0.0784371
-0.0824674
-0.0858193
-0.0884266
-0.0902282
-0.0911668
-0.0911878
-0.0902373
-0.0882599
-0.0851969
-0.080984
-0.0755488
-0.0688094
-0.060673
-0.0510358
-0.0397838
-0.026797
-0.0119565
0.00484351
0.023676
0.0445538
0.0673891
0.0919473
0.117763
0.144065
0.169113
0.191368
0.203441
0.21065
-0.024551
-0.0252767
-0.0243527
-0.0219415
-0.0194223
-0.0170217
-0.0148576
-0.0129023
-0.0110719
-0.00932445
-0.00762099
-0.00592611
-0.00421479
-0.00247251
-0.00069376
0.00111573
0.00294208
0.00476263
0.00654646
0.00825521
0.00984403
0.0112627
0.0124569
0.0133698
0.0139441
0.0141235
0.013855
0.0130913
0.0117924
0.00992811
0.00747953
0.00444071
0.000819668
-0.003361
-0.00806404
-0.0132381
-0.0188187
-0.0247299
-0.0308858
-0.0371934
-0.0435544
-0.0498678
-0.0560321
-0.0619474
-0.0675173
-0.07265
-0.0772593
-0.0812652
-0.0845935
-0.0871762
-0.0889496
-0.089854
-0.0898313
-0.0888239
-0.0867724
-0.0836136
-0.0792777
-0.0736862
-0.0667498
-0.0583676
-0.0484253
-0.0367966
-0.0233452
-0.00793158
0.00957784
0.029293
0.0512763
0.0755028
0.101816
0.129834
0.15888
0.187429
0.213455
0.229117
0.240291
-0.0305095
-0.0303109
-0.028469
-0.02501
-0.0216686
-0.0186979
-0.0161095
-0.0138103
-0.0117153
-0.0097723
-0.00791765
-0.006103
-0.00429476
-0.0024723
-0.00062628
0.00124068
0.00311655
0.00497993
0.00680073
0.00854119
0.0101569
0.0115981
0.0128111
0.0137396
0.0143271
0.0145182
0.0142612
0.0135097
0.012225
0.0103779
0.00795044
0.00493747
0.00134738
-0.00279714
-0.00745914
-0.0125878
-0.0181197
-0.0239797
-0.0300836
-0.0363393
-0.0426499
-0.0489156
-0.0550355
-0.0609106
-0.0664445
-0.0715453
-0.0761262
-0.0801061
-0.0834097
-0.085967
-0.0877121
-0.0885828
-0.0885178
-0.0874562
-0.0853342
-0.0820849
-0.0776331
-0.0718943
-0.0647728
-0.0561592
-0.0459296
-0.0339452
-0.0200538
-0.00409403
0.0140974
0.0346719
0.0577497
0.0833843
0.111523
0.141911
0.174034
0.206613
0.237335
0.258145
0.274431
-0.0380948
-0.0362826
-0.0330999
-0.0282093
-0.0239086
-0.0202495
-0.017164
-0.0144849
-0.0121313
-0.0100032
-0.00801309
-0.00609764
-0.00421278
-0.00233078
-0.000437794
0.00146691
0.00337336
0.00526149
0.00710218
0.00885835
0.0104862
0.0119364
0.013156
0.0140894
0.0146808
0.014876
0.014624
0.0138797
0.0126053
0.0107727
0.00836463
0.00537644
0.0018168
-0.00229167
-0.00691238
-0.0119953
-0.0174778
-0.0232861
-0.029337
-0.0355401
-0.0417996
-0.0480165
-0.0540913
-0.0599252
-0.0654223
-0.0704904
-0.0750423
-0.078996
-0.0822749
-0.0848074
-0.0865255
-0.0873646
-0.0872605
-0.0861489
-0.0839624
-0.0806303
-0.0760726
-0.0701995
-0.0629088
-0.0540837
-0.0435911
-0.0312803
-0.0169833
-0.000516989
0.018313
0.0397029
0.0638384
0.0908666
0.120867
0.153756
0.189255
0.226359
0.262984
0.29044
0.313901
-0.0479661
-0.0433789
-0.0382095
-0.0314443
-0.0260194
-0.0215454
-0.0178806
-0.0148282
-0.012234
-0.0099462
-0.00784989
-0.00586352
-0.00393106
-0.00201703
-0.000102748
0.00181578
0.00373059
0.0056229
0.00746449
0.00921894
0.010843
0.0122881
0.0135015
0.0144288
0.0150148
0.0152061
0.0149528
0.0142106
0.0129428
0.0111218
0.00873116
0.00576646
0.00223649
-0.00183637
-0.00641604
-0.0114533
-0.0168865
-0.0226432
-0.0286415
-0.0347921
-0.0410006
-0.0471693
-0.0531992
-0.0589924
-0.0644532
-0.0694894
-0.0740131
-0.0779418
-0.0811977
-0.0837077
-0.0854018
-0.0862134
-0.0860753
-0.0849202
-0.0826773
-0.0792731
-0.0746231
-0.0686322
-0.0611929
-0.0521817
-0.0414569
-0.0288569
-0.0141989
0.00272152
0.02213
0.0442695
0.069397
0.0977666
0.129618
0.165091
0.204227
0.246406
0.29029
0.326393
0.359909
-0.0611401
-0.0518764
-0.0435463
-0.034632
-0.0277658
-0.0223722
-0.0181099
-0.0147184
-0.011927
-0.00952737
-0.00737159
-0.00535748
-0.00341637
-0.00150515
0.000399335
0.00230388
0.00420208
0.00607615
0.00789849
0.00963318
0.0112374
0.0126631
0.0138582
0.0147686
0.0153402
0.0155203
0.0152598
0.0145151
0.0132503
0.0114383
0.00906314
0.0061205
0.00261909
-0.0014191
-0.00595866
-0.0109512
-0.0163363
-0.0220427
-0.0279898
-0.0340896
-0.0402491
-0.0463714
-0.0523587
-0.0581135
-0.0635404
-0.0685471
-0.0730455
-0.0769526
-0.080189
-0.0826808
-0.084356
-0.0851462
-0.0849816
-0.083792
-0.0815035
-0.0780409
-0.0733152
-0.0672271
-0.0596642
-0.0504973
-0.0395775
-0.0267334
-0.0117687
0.00554107
0.0254514
0.0482525
0.0742752
0.103891
0.137523
0.175593
0.218568
0.26639
0.318951
0.366221
0.414087
-0.079142
-0.0620763
-0.0491074
-0.03741
-0.0288631
-0.0224535
-0.0176694
-0.0140198
-0.0111141
-0.00867962
-0.00653191
-0.00454775
-0.00264697
-0.000780236
0.00107886
0.00293878
0.00479386
0.00662661
0.0084096
0.010107
0.0116763
0.0130695
0.0142352
0.0151197
0.0156693
0.0158321
0.0155595
0.0148087
0.013544
0.0117389
0.0093775
0.00645543
0.00298112
-0.00102397
-0.00552524
-0.0104753
-0.0158148
-0.0214738
-0.0273729
-0.0334257
-0.03954
-0.0456202
-0.0515693
-0.0572903
-0.062688
-0.0676702
-0.0721486
-0.0760394
-0.0792623
-0.0817425
-0.083406
-0.0841836
-0.0840024
-0.0827899
-0.0804689
-0.0769646
-0.0721832
-0.0660219
-0.0583646
-0.0490774
-0.0380052
-0.0249688
-0.00975991
0.00786322
0.028184
0.0515368
0.0783263
0.109044
0.14432
0.184904
0.231813
0.285792
0.348365
0.409854
0.478585
-0.104471
-0.0736199
-0.0545228
-0.0393179
-0.0288784
-0.021513
-0.0163579
-0.012603
-0.00971674
-0.00735804
-0.00530721
-0.00342404
-0.00162065
0.000155358
0.00193119
0.00371515
0.00550098
0.00727055
0.00899582
0.0106406
0.0121622
0.0135125
0.0146402
0.015492
0.0160145
0.016156
0.0158685
0.0151094
0.0138433
0.0120438
0.00969482
0.00679185
0.0033428
-0.000631565
-0.0050975
-0.0100087
-0.0153069
-0.0209235
-0.0267804
-0.0327922
-0.0388679
-0.044913
-0.050831
-0.0565256
-0.0619018
-0.0668673
-0.0713336
-0.0752162
-0.0784341
-0.0809117
-0.0825733
-0.0833498
-0.0831649
-0.081943
-0.0796045
-0.0760779
-0.0712638
-0.0650565
-0.0573373
-0.0479688
-0.0367915
-0.0236198
-0.0082362
0.0096156
0.0302426
0.0540185
0.0814154
0.113043
0.149739
0.192628
0.243397
0.303908
0.377796
0.457061
0.556204
-0.141685
-0.0864468
-0.0585411
-0.0394485
-0.02711
-0.0191628
-0.0139615
-0.0103579
-0.00768545
-0.00554692
-0.00370042
-0.00199893
-0.00035438
0.00128339
0.00293874
0.0046173
0.00631043
0.00799811
0.00965085
0.0112314
0.0126963
0.0139971
0.0150822
0.0158982
0.0163917
0.0165112
0.0162086
0.0154413
0.014174
0.01238
0.0100429
0.00715768
0.00373166
-0.000215243
-0.00465024
-0.00952807
-0.0147917
-0.0203736
-0.0261968
-0.032177
-0.0382242
-0.0442446
-0.0501425
-0.0558217
-0.0611875
-0.0661476
-0.070613
-0.0744989
-0.0777234
-0.0802103
-0.0818823
-0.0826739
-0.0825009
-0.0812836
-0.078945
-0.0754192
-0.070598
-0.0643748
-0.0566295
-0.0472223
-0.0359908
-0.0227453
-0.00726173
0.0107268
0.0315451
0.0555984
0.0834141
0.115704
0.153498
0.198302
0.252563
0.31966
0.406134
0.508593
0.652289
-0.200835
-0.0986228
-0.0583183
-0.0360377
-0.0226705
-0.0149162
-0.010243
-0.0071802
-0.00498143
-0.00323969
-0.00172017
-0.000287477
0.00113498
0.00258774
0.0040876
0.00563437
0.007215
0.00880614
0.0103758
0.0118851
0.0132891
0.0145384
0.0155808
0.0163624
0.0168293
0.0169297
0.0166153
0.015843
0.014577
0.0127903
0.0104656
0.0075974
0.00419195
0.000268291
-0.0041418
-0.00899412
-0.0142327
-0.019791
-0.025593
-0.0315555
-0.0375889
-0.0436
-0.0494936
-0.0551736
-0.0605453
-0.0655162
-0.0699969
-0.073902
-0.0771491
-0.0796614
-0.081363
-0.0821915
-0.0820447
-0.0808417
-0.0785319
-0.0750351
-0.0702365
-0.0640314
-0.0562997
-0.0469006
-0.0356707
-0.022418
-0.00691543
0.01111
0.031994
0.0561615
0.0841772
0.116825
0.15528
0.201368
0.258258
0.331163
0.430563
0.564179
0.783871
-0.308891
-0.105698
-0.0490179
-0.02698
-0.0148372
-0.00852154
-0.00515132
-0.00309772
-0.0016582
-0.000493997
0.000579797
0.00166313
0.00280736
0.00403529
0.0053512
0.00674598
0.00820017
0.00968573
0.0111674
0.0126034
0.0139473
0.0151481
0.0161524
0.0169053
0.0173522
0.0174403
0.0171206
0.0163493
0.0150897
0.0133136
0.0110031
0.00815144
0.00476391
0.000858458
-0.0035342
-0.00837087
-0.0135965
-0.0191455
-0.0249425
-0.0309046
-0.036943
-0.0429646
-0.048874
-0.0545754
-0.0599736
-0.0649758
-0.0694919
-0.0734359
-0.0767247
-0.0792824
-0.081047
-0.081917
-0.0818051
-0.0806474
-0.0784024
-0.0749591
-0.0702137
-0.0640624
-0.0563855
-0.0470427
-0.035871
-0.0226788
-0.00723891
0.0107228
0.0315448
0.055659
0.0836444
0.116316
0.154919
0.201461
0.259586
0.336218
0.445961
0.619277
0.97639
-0.470391
-0.105768
-0.0343426
-0.0160912
-0.00630958
-0.00194561
-0.000127829
0.000811645
0.00145466
0.00203527
0.00267142
0.00341933
0.00430128
0.00532062
0.00646839
0.00772635
0.00906856
0.0104624
0.0118691
0.0132446
0.0145402
0.0157037
0.0166803
0.0174139
0.0178491
0.0179322
0.017613
0.0168469
0.0155961
0.0138316
0.0115343
0.00869646
0.00532236
0.00142897
-0.0029539
-0.00778387
-0.0130066
-0.018557
-0.0243602
-0.0303336
-0.0363885
-0.0424316
-0.0483676
-0.0541002
-0.059534
-0.0645756
-0.0691345
-0.0731236
-0.0764571
-0.0790769
-0.0809209
-0.0818055
-0.0817385
-0.0806508
-0.0784669
-0.0750831
-0.0704003
-0.064315
-0.056708
-0.0474403
-0.03635
-0.0232473
-0.00790658
0.00994429
0.0306418
0.0546154
0.0824423
0.114938
0.153356
0.199752
0.257935
0.33594
0.451744
0.660655
1.20155
)
;

boundaryField
{
    movingWall
    {
        type            zeroGradient;
    }
    fixedWalls
    {
        type            zeroGradient;
    }
    frontAndBack
    {
        type            empty;
    }
}


// ************************************************************************* //
