/*--------------------------------*- C++ -*----------------------------------*\
  =========                 |
  \\      /  F ield         | OpenFOAM: The Open Source CFD Toolbox
   \\    /   O peration     | Website:  https://openfoam.org
    \\  /    A nd           | Version:  12
     \\/     M anipulation  |
\*---------------------------------------------------------------------------*/
FoamFile
{
    format      ascii;
    class       volScalarField;
    location    "2.5";
    object      nut;
}
// * * * * * * * * * * * * * * * * * * * * * * * * * * * * * * * * * * * * * //

dimensions      [0 2 -1 0 0 0 0];

internalField   nonuniform List<scalar> 
5625
(
2.30968e-16
6.97815e-15
1.47876e-14
2.41045e-14
3.45934e-14
4.60005e-14
5.81402e-14
7.08691e-14
8.40692e-14
9.76383e-14
1.11485e-13
1.25524e-13
1.39677e-13
1.5387e-13
1.68032e-13
1.82095e-13
1.95994e-13
2.09666e-13
2.23053e-13
2.36096e-13
2.48742e-13
2.60937e-13
2.72632e-13
2.83781e-13
2.94339e-13
3.04264e-13
3.13519e-13
3.22067e-13
3.29876e-13
3.36918e-13
3.43165e-13
3.48595e-13
3.53188e-13
3.56928e-13
3.59801e-13
3.61798e-13
3.62913e-13
3.63143e-13
3.62488e-13
3.60951e-13
3.58541e-13
3.55266e-13
3.51141e-13
3.46182e-13
3.40409e-13
3.33845e-13
3.26516e-13
3.18451e-13
3.0968e-13
3.00239e-13
2.90164e-13
2.79494e-13
2.68272e-13
2.56542e-13
2.4435e-13
2.31745e-13
2.18779e-13
2.05504e-13
1.91976e-13
1.78252e-13
1.64392e-13
1.50457e-13
1.36513e-13
1.22627e-13
1.08869e-13
9.53139e-14
8.20428e-14
6.91426e-14
5.6711e-14
4.48612e-14
3.37315e-14
2.35012e-14
1.44162e-14
6.80243e-15
2.25142e-16
1.56226e-15
2.28198e-13
1.21868e-12
2.8494e-12
4.79001e-12
6.88566e-12
9.08101e-12
1.13523e-11
1.36845e-11
1.6065e-11
1.84817e-11
2.09229e-11
2.33771e-11
2.58328e-11
2.8279e-11
3.0705e-11
3.31001e-11
3.54543e-11
3.77575e-11
4.00004e-11
4.21737e-11
4.42688e-11
4.62773e-11
4.81912e-11
5.00032e-11
5.17063e-11
5.32939e-11
5.476e-11
5.60992e-11
5.73064e-11
5.83772e-11
5.93078e-11
6.00948e-11
6.07354e-11
6.12274e-11
6.15692e-11
6.17597e-11
6.17984e-11
6.16854e-11
6.14213e-11
6.10073e-11
6.04453e-11
5.97375e-11
5.88868e-11
5.78965e-11
5.67707e-11
5.55136e-11
5.41301e-11
5.26257e-11
5.10061e-11
4.92775e-11
4.74467e-11
4.55207e-11
4.3507e-11
4.14135e-11
3.92482e-11
3.70199e-11
3.47373e-11
3.24095e-11
3.00461e-11
2.76567e-11
2.52514e-11
2.28404e-11
2.04341e-11
1.80434e-11
1.5679e-11
1.33521e-11
1.10741e-11
8.85686e-12
6.71478e-12
4.67065e-12
2.77819e-12
1.18814e-12
2.22461e-13
1.52285e-15
3.4734e-15
5.71401e-13
3.9032e-12
1.16679e-11
2.35791e-11
3.84035e-11
5.50292e-11
7.27372e-11
9.1108e-11
1.09893e-10
1.28932e-10
1.48107e-10
1.67321e-10
1.86489e-10
2.05531e-10
2.2437e-10
2.4293e-10
2.6114e-10
2.7893e-10
2.9623e-10
3.12974e-10
3.29099e-10
3.44545e-10
3.59252e-10
3.73167e-10
3.86236e-10
3.98414e-10
4.09654e-10
4.19916e-10
4.29163e-10
4.37362e-10
4.44484e-10
4.50505e-10
4.55404e-10
4.59164e-10
4.61774e-10
4.63226e-10
4.63516e-10
4.62646e-10
4.6062e-10
4.57447e-10
4.53141e-10
4.47719e-10
4.41204e-10
4.3362e-10
4.24996e-10
4.15367e-10
4.04768e-10
3.93238e-10
3.80823e-10
3.67567e-10
3.5352e-10
3.38735e-10
3.23267e-10
3.07172e-10
2.90511e-10
2.73345e-10
2.55738e-10
2.37756e-10
2.19465e-10
2.00934e-10
1.82234e-10
1.63436e-10
1.44617e-10
1.25857e-10
1.07246e-10
8.8896e-11
7.09606e-11
5.36789e-11
3.74575e-11
2.29959e-11
1.13778e-11
3.80545e-12
5.56984e-13
3.38531e-15
5.74596e-15
9.68853e-13
7.06811e-12
2.32391e-11
5.1978e-11
9.27563e-11
1.43284e-10
2.00918e-10
2.63402e-10
3.29047e-10
3.96649e-10
4.6535e-10
5.34523e-10
6.03683e-10
6.72436e-10
7.40446e-10
8.07411e-10
8.73055e-10
9.37121e-10
9.99363e-10
1.05955e-09
1.11746e-09
1.17288e-09
1.2256e-09
1.27546e-09
1.32225e-09
1.36582e-09
1.40602e-09
1.4427e-09
1.47574e-09
1.50502e-09
1.53045e-09
1.55194e-09
1.56941e-09
1.58282e-09
1.59213e-09
1.5973e-09
1.59833e-09
1.59523e-09
1.588e-09
1.57668e-09
1.56132e-09
1.54199e-09
1.51875e-09
1.49169e-09
1.46092e-09
1.42656e-09
1.38872e-09
1.34754e-09
1.30318e-09
1.2558e-09
1.20556e-09
1.15264e-09
1.09724e-09
1.03954e-09
9.79762e-10
9.18108e-10
8.54805e-10
7.90083e-10
7.24188e-10
6.57378e-10
5.89936e-10
5.22179e-10
4.54479e-10
3.87296e-10
3.2123e-10
2.57107e-10
1.9609e-10
1.39822e-10
9.04985e-11
5.07004e-11
2.26609e-11
6.88991e-12
9.44155e-13
5.59856e-15
8.27852e-15
1.40766e-12
1.05164e-11
3.5954e-11
8.44577e-11
1.588e-10
2.57909e-10
3.78273e-10
5.1547e-10
6.65199e-10
8.23757e-10
9.88148e-10
1.15601e-09
1.32548e-09
1.49509e-09
1.66362e-09
1.83006e-09
1.99353e-09
2.15326e-09
2.30855e-09
2.45877e-09
2.60331e-09
2.74164e-09
2.87323e-09
2.99761e-09
3.11435e-09
3.22301e-09
3.32324e-09
3.41468e-09
3.49702e-09
3.56999e-09
3.63334e-09
3.68688e-09
3.73043e-09
3.76386e-09
3.78706e-09
3.79999e-09
3.80262e-09
3.79495e-09
3.77704e-09
3.74896e-09
3.71084e-09
3.66282e-09
3.60509e-09
3.53786e-09
3.46139e-09
3.37595e-09
3.28186e-09
3.17944e-09
3.06907e-09
2.95113e-09
2.82605e-09
2.69426e-09
2.55625e-09
2.41251e-09
2.26356e-09
2.10998e-09
1.95237e-09
1.79138e-09
1.62776e-09
1.46231e-09
1.296e-09
1.12999e-09
9.65676e-10
8.04859e-10
6.49815e-10
5.0345e-10
3.69367e-10
2.51763e-10
1.54958e-10
8.23773e-11
3.50508e-11
1.02473e-11
1.37113e-12
8.06214e-15
1.10072e-14
1.87865e-12
1.41861e-11
4.94043e-11
1.18989e-10
2.30338e-10
3.85755e-10
5.83095e-10
8.17283e-10
1.08187e-09
1.37021e-09
1.67614e-09
1.99428e-09
2.32005e-09
2.64966e-09
2.97992e-09
3.30816e-09
3.63211e-09
3.9498e-09
4.25952e-09
4.55973e-09
4.84908e-09
5.12631e-09
5.39029e-09
5.63998e-09
5.87442e-09
6.09276e-09
6.2942e-09
6.47803e-09
6.64361e-09
6.79038e-09
6.91785e-09
7.02561e-09
7.11331e-09
7.18069e-09
7.22755e-09
7.25377e-09
7.25931e-09
7.2442e-09
7.20851e-09
7.15242e-09
7.07617e-09
6.98005e-09
6.86445e-09
6.72979e-09
6.57658e-09
6.40538e-09
6.21682e-09
6.01158e-09
5.79042e-09
5.55413e-09
5.3036e-09
5.03977e-09
4.76365e-09
4.47633e-09
4.179e-09
3.87298e-09
3.5597e-09
3.24079e-09
2.91811e-09
2.59383e-09
2.27049e-09
1.95114e-09
1.63945e-09
1.33985e-09
1.05758e-09
7.98657e-10
5.69566e-10
3.76611e-10
2.24743e-10
1.16021e-10
4.8139e-11
1.38144e-11
1.82861e-12
1.07117e-14
1.38853e-14
2.37447e-12
1.80307e-11
6.34135e-11
1.54852e-10
3.04869e-10
5.20277e-10
8.01999e-10
1.14612e-09
1.54551e-09
1.99134e-09
2.47436e-09
2.98564e-09
3.51702e-09
4.06128e-09
4.6121e-09
5.16405e-09
5.71238e-09
6.25302e-09
6.78237e-09
7.29728e-09
7.79495e-09
8.27289e-09
8.72883e-09
9.16076e-09
9.56685e-09
9.94545e-09
1.02951e-08
1.06144e-08
1.09022e-08
1.11575e-08
1.13794e-08
1.15671e-08
1.172e-08
1.18377e-08
1.19197e-08
1.19659e-08
1.19762e-08
1.19506e-08
1.18892e-08
1.17924e-08
1.16606e-08
1.14943e-08
1.12942e-08
1.10611e-08
1.07958e-08
1.04994e-08
1.0173e-08
9.81785e-09
9.43534e-09
9.02697e-09
8.59437e-09
8.13936e-09
7.66388e-09
7.17012e-09
6.66044e-09
6.13752e-09
5.60434e-09
5.06432e-09
4.52135e-09
3.97997e-09
3.44544e-09
2.92386e-09
2.42226e-09
1.94861e-09
1.51162e-09
1.12036e-09
7.83453e-10
5.0786e-10
2.97342e-10
1.50896e-10
6.17408e-11
1.75423e-11
2.30898e-12
1.3499e-14
1.68754e-14
2.88904e-12
2.20089e-11
7.78491e-11
1.91667e-10
3.8126e-10
6.58425e-10
1.02808e-09
1.48877e-09
2.03406e-09
2.65414e-09
3.33743e-09
4.07177e-09
4.84522e-09
5.64661e-09
6.46576e-09
7.2935e-09
8.12173e-09
8.94326e-09
9.75173e-09
1.05415e-08
1.13076e-08
1.20455e-08
1.27513e-08
1.34214e-08
1.40525e-08
1.46418e-08
1.51868e-08
1.56852e-08
1.61349e-08
1.65342e-08
1.68816e-08
1.71758e-08
1.74158e-08
1.76008e-08
1.77301e-08
1.78034e-08
1.78205e-08
1.77816e-08
1.76868e-08
1.75366e-08
1.73317e-08
1.7073e-08
1.67614e-08
1.63984e-08
1.59854e-08
1.55241e-08
1.50163e-08
1.44642e-08
1.38701e-08
1.32365e-08
1.25663e-08
1.18627e-08
1.11289e-08
1.0369e-08
9.58712e-09
8.78807e-09
7.97725e-09
7.16075e-09
6.34547e-09
5.53929e-09
4.75107e-09
3.99076e-09
3.2693e-09
2.59837e-09
1.98992e-09
1.4553e-09
1.00405e-09
6.42383e-10
3.71571e-10
1.86593e-10
7.57118e-11
2.13867e-11
2.80574e-12
1.63843e-14
1.9946e-14
3.41713e-12
2.60841e-11
9.25926e-11
2.29144e-10
4.58828e-10
7.98566e-10
1.25768e-09
1.83791e-09
2.53447e-09
3.3376e-09
4.23431e-09
5.20981e-09
6.24875e-09
7.336e-09
8.4572e-09
9.59902e-09
1.07493e-08
1.1897e-08
1.30323e-08
1.41463e-08
1.5231e-08
1.62792e-08
1.72847e-08
1.82417e-08
1.9145e-08
1.99901e-08
2.07728e-08
2.14897e-08
2.21374e-08
2.27133e-08
2.32149e-08
2.36402e-08
2.39876e-08
2.42558e-08
2.44438e-08
2.45512e-08
2.45775e-08
2.45229e-08
2.43877e-08
2.41726e-08
2.38787e-08
2.35071e-08
2.30597e-08
2.25382e-08
2.19451e-08
2.12829e-08
2.05544e-08
1.97631e-08
1.89126e-08
1.80068e-08
1.70504e-08
1.60483e-08
1.5006e-08
1.39297e-08
1.28262e-08
1.17032e-08
1.05692e-08
9.43376e-09
8.30757e-09
7.20249e-09
6.13154e-09
5.10883e-09
4.14922e-09
3.26782e-09
2.47914e-09
1.79589e-09
1.22749e-09
7.78413e-10
4.46666e-10
2.22785e-10
8.99185e-11
2.53066e-11
3.31315e-12
1.93333e-14
2.30701e-14
3.95416e-12
3.02229e-11
1.07535e-10
2.67028e-10
5.37041e-10
9.39614e-10
1.4886e-09
2.18926e-09
3.03901e-09
4.02886e-09
5.1451e-09
6.37103e-09
7.68835e-09
9.07828e-09
1.05223e-08
1.20029e-08
1.35034e-08
1.50087e-08
1.65047e-08
1.79788e-08
1.94195e-08
2.08163e-08
2.21599e-08
2.34419e-08
2.46547e-08
2.57916e-08
2.68465e-08
2.7814e-08
2.86895e-08
2.94688e-08
3.01485e-08
3.07255e-08
3.11975e-08
3.15624e-08
3.1819e-08
3.19663e-08
3.20039e-08
3.19318e-08
3.17505e-08
3.1461e-08
3.10647e-08
3.05635e-08
2.99597e-08
2.92562e-08
2.84562e-08
2.75635e-08
2.65824e-08
2.55177e-08
2.43747e-08
2.31595e-08
2.18786e-08
2.05395e-08
1.91502e-08
1.77198e-08
1.62583e-08
1.47769e-08
1.32879e-08
1.18048e-08
1.03425e-08
8.91733e-09
7.54652e-09
6.24833e-09
5.04126e-09
3.94335e-09
2.97098e-09
2.13743e-09
1.45129e-09
9.14693e-10
5.22003e-10
2.59171e-10
1.04233e-10
2.92639e-11
3.82598e-12
2.23149e-14
2.62237e-14
4.49609e-12
3.43955e-11
1.22575e-10
3.05083e-10
6.15436e-10
1.08071e-09
1.71927e-09
2.54e-09
3.54278e-09
4.71976e-09
6.05708e-09
7.53661e-09
9.13761e-09
1.0838e-08
1.26154e-08
1.4448e-08
1.63149e-08
1.81963e-08
2.0074e-08
2.19311e-08
2.37522e-08
2.55232e-08
2.72313e-08
2.88649e-08
3.04136e-08
3.1868e-08
3.32199e-08
3.44616e-08
3.55867e-08
3.65896e-08
3.74651e-08
3.82093e-08
3.88187e-08
3.92907e-08
3.96232e-08
3.9815e-08
3.98653e-08
3.97745e-08
3.95428e-08
3.91715e-08
3.86628e-08
3.80191e-08
3.72437e-08
3.63403e-08
3.53135e-08
3.41685e-08
3.29112e-08
3.15481e-08
3.00868e-08
2.85354e-08
2.69032e-08
2.52003e-08
2.3438e-08
2.16285e-08
1.97857e-08
1.79245e-08
1.60613e-08
1.42141e-08
1.24022e-08
1.06462e-08
8.96771e-09
7.38886e-09
5.93142e-09
4.61583e-09
3.45978e-09
2.4766e-09
1.67356e-09
1.05016e-09
5.97002e-10
2.95457e-10
1.18534e-10
3.32225e-11
4.33937e-12
2.53006e-14
2.93856e-14
5.0393e-12
3.8575e-11
1.37622e-10
3.43092e-10
6.9359e-10
1.22111e-09
1.94843e-09
2.88803e-09
4.04232e-09
5.40482e-09
6.96177e-09
8.69401e-09
1.05787e-08
1.25908e-08
1.47045e-08
1.68937e-08
1.91334e-08
2.13993e-08
2.36688e-08
2.59207e-08
2.81353e-08
3.02947e-08
3.23822e-08
3.43831e-08
3.62835e-08
3.80713e-08
3.97355e-08
4.12663e-08
4.2655e-08
4.38941e-08
4.49771e-08
4.58986e-08
4.66538e-08
4.72394e-08
4.76526e-08
4.78917e-08
4.79557e-08
4.78448e-08
4.75595e-08
4.71016e-08
4.64736e-08
4.56787e-08
4.47213e-08
4.36062e-08
4.23395e-08
4.09278e-08
3.93791e-08
3.77019e-08
3.5906e-08
3.40022e-08
3.20027e-08
2.99206e-08
2.77705e-08
2.55686e-08
2.33323e-08
2.10809e-08
1.88351e-08
1.66173e-08
1.44512e-08
1.23618e-08
1.03748e-08
8.51588e-09
6.80965e-09
5.27857e-09
3.94124e-09
2.8107e-09
1.89264e-09
1.18382e-09
6.71106e-10
3.31363e-10
1.32703e-10
3.71482e-11
4.84877e-12
2.82637e-14
3.25368e-14
5.58057e-12
4.27371e-11
1.52592e-10
3.80855e-10
7.71114e-10
1.36015e-09
2.17501e-09
3.23165e-09
4.53501e-09
6.08e-09
7.85316e-09
9.83448e-09
1.19993e-08
1.432e-08
1.67673e-08
1.93116e-08
2.19233e-08
2.45742e-08
2.72371e-08
2.98864e-08
3.24983e-08
3.50508e-08
3.75234e-08
3.98976e-08
4.21564e-08
4.42845e-08
4.6268e-08
4.80946e-08
4.97535e-08
5.1235e-08
5.2531e-08
5.36344e-08
5.45395e-08
5.52417e-08
5.57377e-08
5.60251e-08
5.61027e-08
5.59708e-08
5.56298e-08
5.5082e-08
5.43305e-08
5.33795e-08
5.22342e-08
5.0901e-08
4.93873e-08
4.77016e-08
4.58538e-08
4.38548e-08
4.17169e-08
3.94536e-08
3.70801e-08
3.46129e-08
3.20702e-08
2.94719e-08
2.68396e-08
2.41967e-08
2.15682e-08
1.89811e-08
1.64633e-08
1.4044e-08
1.17527e-08
9.61829e-09
7.66809e-09
5.92615e-09
4.41172e-09
3.13733e-09
2.10699e-09
1.31474e-09
7.4377e-10
3.6661e-10
1.46625e-10
4.10084e-11
5.34986e-12
3.11787e-14
3.56606e-14
6.11703e-12
4.68602e-11
1.67409e-10
4.1819e-10
8.47657e-10
1.49722e-09
2.39804e-09
3.56941e-09
5.01869e-09
6.74218e-09
8.72672e-09
1.09516e-08
1.33906e-08
1.60136e-08
1.87882e-08
2.16812e-08
2.46591e-08
2.76895e-08
3.07409e-08
3.37835e-08
3.67893e-08
3.9732e-08
4.25875e-08
4.53335e-08
4.79496e-08
5.04173e-08
5.27199e-08
5.48424e-08
5.67715e-08
5.84957e-08
6.00047e-08
6.12902e-08
6.23451e-08
6.31637e-08
6.37419e-08
6.40769e-08
6.41671e-08
6.40129e-08
6.36147e-08
6.29753e-08
6.20985e-08
6.09894e-08
5.96543e-08
5.81011e-08
5.63386e-08
5.43774e-08
5.22293e-08
4.99078e-08
4.74275e-08
4.48052e-08
4.20589e-08
3.92087e-08
3.62763e-08
3.32856e-08
3.0262e-08
2.72333e-08
2.42288e-08
2.12796e-08
1.84178e-08
1.56766e-08
1.30891e-08
1.06871e-08
8.50015e-09
6.55388e-09
4.86793e-09
3.45423e-09
2.31513e-09
1.44198e-09
8.1446e-10
4.00931e-10
1.60191e-10
4.47716e-11
5.83849e-12
3.40215e-14
3.87422e-14
6.64616e-12
5.09253e-11
1.82007e-10
4.54937e-10
9.229e-10
1.63179e-09
2.61667e-09
3.90006e-09
5.49157e-09
7.38881e-09
9.57893e-09
1.20406e-08
1.4746e-08
1.76627e-08
2.07556e-08
2.39878e-08
2.73223e-08
3.07224e-08
3.41527e-08
3.75792e-08
4.09698e-08
4.42942e-08
4.75244e-08
5.06346e-08
5.36008e-08
5.64014e-08
5.90168e-08
6.14294e-08
6.36235e-08
6.55854e-08
6.73032e-08
6.87667e-08
6.99677e-08
7.08995e-08
7.15571e-08
7.19372e-08
7.2038e-08
7.18599e-08
7.14033e-08
7.06717e-08
6.96695e-08
6.84027e-08
6.6879e-08
6.51073e-08
6.30986e-08
6.0865e-08
5.84207e-08
5.57814e-08
5.29647e-08
4.99899e-08
4.68783e-08
4.36535e-08
4.03407e-08
3.69674e-08
3.35634e-08
3.01601e-08
2.67912e-08
2.34917e-08
2.02979e-08
1.72464e-08
1.43736e-08
1.17142e-08
9.29991e-09
7.15741e-09
5.30677e-09
3.75925e-09
2.51561e-09
1.56463e-09
8.82654e-10
4.34062e-10
1.73294e-10
4.84076e-11
6.31068e-12
3.67688e-14
4.17689e-14
7.16578e-12
5.49157e-11
1.96327e-10
4.90953e-10
9.96568e-10
1.76337e-09
2.83018e-09
4.22251e-09
5.95212e-09
8.01779e-09
1.04069e-08
1.30976e-08
1.60604e-08
1.92609e-08
2.26609e-08
2.62206e-08
2.98992e-08
3.36563e-08
3.74524e-08
4.12496e-08
4.50116e-08
4.87046e-08
5.22967e-08
5.57585e-08
5.90627e-08
6.21847e-08
6.51019e-08
6.77942e-08
7.02435e-08
7.2434e-08
7.43521e-08
7.59862e-08
7.73265e-08
7.83656e-08
7.90976e-08
7.95187e-08
7.9627e-08
7.94228e-08
7.89068e-08
7.8083e-08
7.69565e-08
7.55344e-08
7.38253e-08
7.184e-08
6.95907e-08
6.70918e-08
6.43594e-08
6.14117e-08
5.82688e-08
5.4953e-08
5.14888e-08
4.79027e-08
4.42237e-08
4.04828e-08
3.67136e-08
3.29515e-08
2.92339e-08
2.55997e-08
2.20889e-08
1.87415e-08
1.5597e-08
1.26926e-08
1.00619e-08
7.73262e-09
5.7252e-09
4.05027e-09
2.707e-09
1.6818e-09
9.47838e-10
4.65746e-10
1.85829e-10
5.1887e-11
6.7626e-12
3.93981e-14
4.473e-14
7.67407e-12
5.88176e-11
2.10322e-10
5.2612e-10
1.06842e-09
1.89156e-09
3.03793e-09
4.53586e-09
6.39907e-09
8.62741e-09
1.12085e-08
1.41196e-08
1.733e-08
2.0803e-08
2.44978e-08
2.83715e-08
3.23799e-08
3.64787e-08
4.06249e-08
4.47766e-08
4.88938e-08
5.29389e-08
5.68764e-08
6.06735e-08
6.42998e-08
6.77276e-08
7.09317e-08
7.38893e-08
7.65803e-08
7.89869e-08
8.10937e-08
8.28876e-08
8.43578e-08
8.54958e-08
8.62952e-08
8.67518e-08
8.68634e-08
8.66303e-08
8.60538e-08
8.51381e-08
8.38892e-08
8.23152e-08
8.0426e-08
7.82336e-08
7.57522e-08
7.29978e-08
6.99887e-08
6.67454e-08
6.32906e-08
5.96493e-08
5.58488e-08
5.1919e-08
4.78919e-08
4.38023e-08
3.9687e-08
3.55853e-08
3.1538e-08
2.75877e-08
2.37777e-08
2.01513e-08
1.67507e-08
1.36154e-08
1.07807e-08
8.27549e-09
6.1203e-09
4.32519e-09
2.8879e-09
1.79261e-09
1.00951e-09
4.95736e-10
1.97697e-10
5.51816e-11
7.19052e-12
4.18879e-14
4.76166e-14
8.16951e-12
6.26196e-11
2.23949e-10
5.60339e-10
1.13828e-09
2.01605e-09
3.23942e-09
4.83937e-09
6.8314e-09
9.21632e-09
1.19818e-08
1.51043e-08
1.85517e-08
2.22852e-08
2.62616e-08
3.04346e-08
3.47568e-08
3.91807e-08
4.36592e-08
4.81471e-08
5.26006e-08
5.69786e-08
6.12423e-08
6.53555e-08
6.92848e-08
7.29998e-08
7.64726e-08
7.96782e-08
8.25942e-08
8.52012e-08
8.74821e-08
8.94225e-08
9.10107e-08
9.22373e-08
9.30953e-08
9.35801e-08
9.36897e-08
9.34243e-08
9.27855e-08
9.17783e-08
9.04094e-08
8.86879e-08
8.66249e-08
8.42339e-08
8.15305e-08
7.85328e-08
7.52609e-08
7.17377e-08
6.7988e-08
6.40397e-08
5.99227e-08
5.56698e-08
5.13162e-08
4.68998e-08
4.24607e-08
3.80414e-08
3.36862e-08
2.9441e-08
2.53521e-08
2.14656e-08
1.78264e-08
1.44761e-08
1.14513e-08
8.78213e-09
6.48918e-09
4.58198e-09
3.05695e-09
1.89619e-09
1.06718e-09
5.23786e-10
2.088e-10
5.82639e-11
7.59087e-12
4.42171e-14
5.04221e-14
8.65095e-12
6.63127e-11
2.3718e-10
5.93536e-10
1.20598e-09
2.13657e-09
3.43426e-09
5.13248e-09
7.24838e-09
9.78351e-09
1.27255e-08
1.60501e-08
1.97235e-08
2.37051e-08
2.79487e-08
3.24055e-08
3.70248e-08
4.17555e-08
4.65474e-08
5.13513e-08
5.61205e-08
6.08102e-08
6.53785e-08
6.97861e-08
7.3997e-08
7.79778e-08
8.16985e-08
8.51318e-08
8.82536e-08
9.10427e-08
9.34807e-08
9.55521e-08
9.72441e-08
9.85469e-08
9.94528e-08
9.99574e-08
1.00058e-07
9.97561e-08
9.9053e-08
9.79545e-08
9.64681e-08
9.46039e-08
9.23743e-08
8.97941e-08
8.68805e-08
8.36533e-08
8.01346e-08
7.63491e-08
7.23242e-08
6.80899e-08
6.36788e-08
5.91262e-08
5.44703e-08
4.97517e-08
4.50136e-08
4.03015e-08
3.56627e-08
3.11459e-08
2.68004e-08
2.26748e-08
1.88162e-08
1.52681e-08
1.20687e-08
9.24868e-09
6.82899e-09
4.81861e-09
3.21278e-09
1.9917e-09
1.12037e-09
5.49661e-10
2.19042e-10
6.11073e-11
7.96017e-12
4.63657e-14
5.31416e-14
9.11757e-12
6.9891e-11
2.49992e-10
6.25657e-10
1.27143e-09
2.25295e-09
3.6222e-09
5.41484e-09
7.64949e-09
1.03284e-08
1.34388e-08
1.69558e-08
2.08441e-08
2.50606e-08
2.95571e-08
3.42815e-08
3.91801e-08
4.41987e-08
4.92836e-08
5.43824e-08
5.9445e-08
6.44236e-08
6.92731e-08
7.39515e-08
7.84202e-08
8.26434e-08
8.65888e-08
9.02275e-08
9.35334e-08
9.6484e-08
9.90598e-08
1.01244e-07
1.03024e-07
1.04389e-07
1.0533e-07
1.05845e-07
1.05929e-07
1.05585e-07
1.04815e-07
1.03624e-07
1.02023e-07
1.00021e-07
9.76326e-08
9.48735e-08
9.17625e-08
8.83209e-08
8.45728e-08
8.05447e-08
7.62659e-08
7.17687e-08
6.7088e-08
6.22615e-08
5.73297e-08
5.2336e-08
4.73261e-08
4.23482e-08
3.74522e-08
3.26894e-08
2.81115e-08
2.37695e-08
1.97124e-08
1.59854e-08
1.26279e-08
9.67138e-09
7.13695e-09
5.03313e-09
3.35408e-09
2.07833e-09
1.16862e-09
5.73132e-10
2.28332e-10
6.36862e-11
8.29509e-12
4.8314e-14
5.57724e-14
9.56891e-12
7.33507e-11
2.62372e-10
6.56675e-10
1.33457e-09
2.36512e-09
3.8031e-09
5.68627e-09
8.03454e-09
1.08506e-08
1.41215e-08
1.78212e-08
2.19128e-08
2.63512e-08
3.10855e-08
3.6061e-08
4.12208e-08
4.65075e-08
5.18643e-08
5.72357e-08
6.25683e-08
6.78115e-08
7.29173e-08
7.78413e-08
8.25422e-08
8.69824e-08
9.11275e-08
9.49468e-08
9.84131e-08
1.01503e-07
1.04195e-07
1.06473e-07
1.08322e-07
1.09732e-07
1.10696e-07
1.11208e-07
1.11267e-07
1.10875e-07
1.10034e-07
1.08751e-07
1.07037e-07
1.04902e-07
1.02363e-07
9.94355e-08
9.61406e-08
9.25009e-08
8.8542e-08
8.42922e-08
7.97827e-08
7.50475e-08
7.01236e-08
6.50508e-08
5.98717e-08
5.4632e-08
4.93795e-08
4.41648e-08
3.904e-08
3.40586e-08
2.92745e-08
2.47405e-08
2.05073e-08
1.66217e-08
1.31241e-08
1.00466e-08
7.41034e-09
5.22361e-09
3.47957e-09
2.15527e-09
1.21147e-09
5.93978e-10
2.36582e-10
6.59761e-11
8.59242e-12
5.00435e-14
5.83137e-14
1.00048e-11
7.6691e-11
2.74319e-10
6.86584e-10
1.3954e-09
2.47306e-09
3.97697e-09
5.94681e-09
8.40356e-09
1.13502e-08
1.47735e-08
1.86462e-08
2.29297e-08
2.75767e-08
3.25339e-08
3.77435e-08
4.3146e-08
4.86807e-08
5.42876e-08
5.99084e-08
6.54867e-08
7.0969e-08
7.6305e-08
8.14477e-08
8.63539e-08
9.09837e-08
9.53015e-08
9.9275e-08
1.02876e-07
1.0608e-07
1.08865e-07
1.11214e-07
1.13113e-07
1.14552e-07
1.15522e-07
1.16019e-07
1.16043e-07
1.15594e-07
1.14678e-07
1.13302e-07
1.11476e-07
1.09214e-07
1.06531e-07
1.03447e-07
9.99822e-08
9.61614e-08
9.20113e-08
8.7562e-08
8.28462e-08
7.78994e-08
7.27604e-08
6.74707e-08
6.20748e-08
5.66199e-08
5.11561e-08
4.57355e-08
4.04122e-08
3.52415e-08
3.02789e-08
2.55789e-08
2.11938e-08
1.71712e-08
1.35526e-08
1.03706e-08
7.64651e-09
5.38818e-09
3.58799e-09
2.22175e-09
1.2485e-09
6.11988e-10
2.43708e-10
6.79534e-11
8.84911e-12
5.15364e-14
6.07667e-14
1.04255e-11
7.99137e-11
2.85838e-10
7.15402e-10
1.45396e-09
2.57686e-09
4.14396e-09
6.19667e-09
8.7569e-09
1.18278e-08
1.53955e-08
1.94316e-08
2.38956e-08
2.87381e-08
3.3903e-08
3.933e-08
4.49562e-08
5.07183e-08
5.65531e-08
6.23995e-08
6.81982e-08
7.38933e-08
7.94321e-08
8.47654e-08
8.98481e-08
9.46389e-08
9.91007e-08
1.032e-07
1.06908e-07
1.10199e-07
1.13053e-07
1.1545e-07
1.17377e-07
1.18824e-07
1.19783e-07
1.20251e-07
1.20227e-07
1.19714e-07
1.18717e-07
1.17246e-07
1.1531e-07
1.12925e-07
1.10107e-07
1.06877e-07
1.03257e-07
9.92726e-08
9.4952e-08
9.03264e-08
8.54298e-08
8.02992e-08
7.49747e-08
6.9499e-08
6.39183e-08
5.8281e-08
5.26387e-08
4.70449e-08
4.15552e-08
3.62262e-08
3.11146e-08
2.62764e-08
2.17647e-08
1.76282e-08
1.3909e-08
1.06401e-08
7.84294e-09
5.52505e-09
3.67818e-09
2.27704e-09
1.27929e-09
6.26959e-10
2.4963e-10
6.9596e-11
9.06226e-12
5.27758e-14
6.31343e-14
1.08316e-11
8.30227e-11
2.96946e-10
7.4317e-10
1.51034e-09
2.67668e-09
4.30434e-09
6.43627e-09
9.09516e-09
1.22841e-08
1.59886e-08
2.01787e-08
2.48121e-08
2.9837e-08
3.51947e-08
4.0822e-08
4.66532e-08
5.26217e-08
5.86618e-08
6.47093e-08
7.07026e-08
7.65831e-08
8.22961e-08
8.77906e-08
9.30199e-08
9.79414e-08
1.02517e-07
1.06712e-07
1.10498e-07
1.13849e-07
1.16743e-07
1.19162e-07
1.21094e-07
1.22528e-07
1.23458e-07
1.23881e-07
1.23797e-07
1.2321e-07
1.22126e-07
1.20556e-07
1.18511e-07
1.16007e-07
1.13062e-07
1.09698e-07
1.05937e-07
1.01807e-07
9.73373e-08
9.25594e-08
8.75087e-08
8.22233e-08
7.6744e-08
7.1115e-08
6.53829e-08
5.95976e-08
5.38113e-08
4.80787e-08
4.24562e-08
3.70014e-08
3.1772e-08
2.68246e-08
2.22132e-08
1.79871e-08
1.41889e-08
1.08517e-08
7.99719e-09
5.63254e-09
3.74899e-09
2.32044e-09
1.30345e-09
6.38704e-10
2.54273e-10
7.08831e-11
9.22919e-12
5.37462e-14
6.54216e-14
1.12237e-11
8.60248e-11
3.07666e-10
7.69951e-10
1.56466e-09
2.77275e-09
4.4585e-09
6.66622e-09
9.41918e-09
1.27203e-08
1.65542e-08
2.08892e-08
2.56812e-08
3.08758e-08
3.64115e-08
4.22223e-08
4.82394e-08
5.43934e-08
6.06157e-08
6.68395e-08
7.30006e-08
7.90384e-08
8.48961e-08
9.05213e-08
9.58658e-08
1.00886e-07
1.05543e-07
1.09803e-07
1.13636e-07
1.17016e-07
1.19921e-07
1.22337e-07
1.24248e-07
1.25647e-07
1.26527e-07
1.26887e-07
1.26729e-07
1.26057e-07
1.2488e-07
1.23207e-07
1.21053e-07
1.18434e-07
1.1537e-07
1.11883e-07
1.07997e-07
1.0374e-07
9.91424e-08
9.42371e-08
8.90599e-08
8.36496e-08
7.80478e-08
7.2299e-08
6.64506e-08
6.0553e-08
5.46588e-08
4.88233e-08
4.31032e-08
3.75568e-08
3.2242e-08
2.7216e-08
2.25331e-08
1.82429e-08
1.43882e-08
1.10024e-08
8.10701e-09
5.70906e-09
3.79939e-09
2.35133e-09
1.32064e-09
6.47048e-10
2.57569e-10
7.17957e-11
9.34744e-12
5.44332e-14
6.7635e-14
1.16032e-11
8.89286e-11
3.1803e-10
7.95827e-10
1.6171e-09
2.8654e-09
4.60696e-09
6.88728e-09
9.73007e-09
1.31379e-08
1.70941e-08
2.15655e-08
2.65056e-08
3.18574e-08
3.75566e-08
4.35341e-08
4.97183e-08
5.60367e-08
6.24179e-08
6.87925e-08
7.50942e-08
8.12602e-08
8.72322e-08
9.29563e-08
9.83834e-08
1.03469e-07
1.08175e-07
1.12466e-07
1.16313e-07
1.1969e-07
1.22577e-07
1.24959e-07
1.26824e-07
1.28162e-07
1.28971e-07
1.29251e-07
1.29004e-07
1.28235e-07
1.26956e-07
1.25177e-07
1.22913e-07
1.20183e-07
1.17008e-07
1.13409e-07
1.09413e-07
1.05048e-07
1.00345e-07
9.53377e-08
9.00625e-08
8.45583e-08
7.88671e-08
7.30335e-08
6.7105e-08
6.11321e-08
5.51674e-08
4.92662e-08
4.34852e-08
3.78826e-08
3.25163e-08
2.74435e-08
2.27184e-08
1.83908e-08
1.45033e-08
1.10894e-08
8.17036e-09
5.75317e-09
3.82843e-09
2.3691e-09
1.33051e-09
6.51837e-10
2.59456e-10
7.23169e-11
9.41482e-12
5.48241e-14
6.97826e-14
1.19713e-11
9.17451e-11
3.28079e-10
8.209e-10
1.66788e-09
2.95501e-09
4.75033e-09
7.10041e-09
1.00291e-08
1.35385e-08
1.76105e-08
2.22102e-08
2.72883e-08
3.27854e-08
3.86339e-08
4.47617e-08
5.1094e-08
5.75555e-08
6.4072e-08
7.05717e-08
7.69859e-08
8.32503e-08
8.93051e-08
9.50953e-08
1.00571e-07
1.05688e-07
1.10407e-07
1.14695e-07
1.18521e-07
1.21862e-07
1.247e-07
1.27018e-07
1.28807e-07
1.3006e-07
1.30775e-07
1.30955e-07
1.30602e-07
1.29725e-07
1.28334e-07
1.26444e-07
1.24071e-07
1.21233e-07
1.17953e-07
1.14255e-07
1.10164e-07
1.0571e-07
1.00925e-07
9.58422e-08
9.04981e-08
8.49319e-08
7.91854e-08
7.33029e-08
6.73317e-08
6.13216e-08
5.53251e-08
4.93966e-08
4.35926e-08
3.79704e-08
3.25876e-08
2.75009e-08
2.27642e-08
1.84267e-08
1.4531e-08
1.11102e-08
8.18541e-09
5.76362e-09
3.83528e-09
2.37327e-09
1.33281e-09
6.52936e-10
2.59881e-10
7.24324e-11
9.42949e-12
5.49084e-14
7.18737e-14
1.23297e-11
9.44867e-11
3.37858e-10
8.45288e-10
1.71723e-09
3.04201e-09
4.88934e-09
7.30666e-09
1.03179e-08
1.39242e-08
1.81061e-08
2.28263e-08
2.80331e-08
3.36637e-08
3.96477e-08
4.59094e-08
5.2371e-08
5.89543e-08
6.55822e-08
7.21806e-08
7.86789e-08
8.5011e-08
9.1116e-08
9.69383e-08
1.02428e-07
1.0754e-07
1.12237e-07
1.16484e-07
1.20254e-07
1.23525e-07
1.26279e-07
1.28502e-07
1.30186e-07
1.31326e-07
1.31925e-07
1.31983e-07
1.31508e-07
1.30509e-07
1.28999e-07
1.26992e-07
1.24508e-07
1.21566e-07
1.18189e-07
1.14402e-07
1.10233e-07
1.0571e-07
1.00866e-07
9.57345e-08
9.03515e-08
8.4756e-08
7.8989e-08
7.30945e-08
6.71188e-08
6.11109e-08
5.51221e-08
4.92059e-08
4.34176e-08
3.78135e-08
3.24503e-08
2.73835e-08
2.26664e-08
1.83475e-08
1.44687e-08
1.10628e-08
8.1508e-09
5.73946e-09
3.81932e-09
2.36346e-09
1.32732e-09
6.50244e-10
2.58807e-10
7.21313e-11
9.39005e-12
5.46777e-14
7.39188e-14
1.26802e-11
9.71676e-11
3.47418e-10
8.69122e-10
1.76543e-09
3.12689e-09
5.02477e-09
7.50721e-09
1.05979e-08
1.42971e-08
1.85834e-08
2.34171e-08
2.87435e-08
3.44966e-08
4.06024e-08
4.6982e-08
5.35541e-08
6.02376e-08
6.69528e-08
7.3623e-08
8.01761e-08
8.65444e-08
9.26663e-08
9.84856e-08
1.03952e-07
1.09023e-07
1.13659e-07
1.17829e-07
1.21506e-07
1.24671e-07
1.27306e-07
1.29402e-07
1.3095e-07
1.31951e-07
1.32407e-07
1.32324e-07
1.31708e-07
1.30573e-07
1.28933e-07
1.26805e-07
1.24209e-07
1.21166e-07
1.17701e-07
1.13838e-07
1.09607e-07
1.05036e-07
1.00157e-07
9.50033e-08
8.96117e-08
8.40199e-08
7.8268e-08
7.23989e-08
6.64577e-08
6.04917e-08
5.45508e-08
4.8687e-08
4.29539e-08
3.74063e-08
3.20993e-08
2.70871e-08
2.24215e-08
1.81502e-08
1.43142e-08
1.09456e-08
8.06525e-09
5.67978e-09
3.77997e-09
2.3393e-09
1.31384e-09
6.43672e-10
2.56198e-10
7.14044e-11
9.29532e-12
5.41255e-14
7.5929e-14
1.30248e-11
9.98028e-11
3.56815e-10
8.92542e-10
1.81276e-09
3.21018e-09
5.15746e-09
7.7033e-09
1.08711e-08
1.46595e-08
1.90453e-08
2.39859e-08
2.94234e-08
3.52882e-08
4.15026e-08
4.79841e-08
5.46479e-08
6.14099e-08
6.81877e-08
7.49025e-08
8.14802e-08
8.78524e-08
9.39566e-08
9.97368e-08
1.05144e-07
1.10134e-07
1.14671e-07
1.18725e-07
1.22271e-07
1.25292e-07
1.27774e-07
1.29708e-07
1.31088e-07
1.31923e-07
1.32212e-07
1.31965e-07
1.31192e-07
1.29908e-07
1.28129e-07
1.25875e-07
1.23167e-07
1.20027e-07
1.16481e-07
1.12555e-07
1.08278e-07
1.03678e-07
9.87883e-08
9.36412e-08
8.82719e-08
8.27175e-08
7.70167e-08
7.12109e-08
6.53433e-08
5.94594e-08
5.36071e-08
4.78363e-08
4.21983e-08
3.67459e-08
3.15321e-08
2.66093e-08
2.20277e-08
1.78333e-08
1.40662e-08
1.07577e-08
7.9281e-09
5.58415e-09
3.71694e-09
2.30064e-09
1.29229e-09
6.33178e-10
2.52038e-10
7.02475e-11
9.14482e-12
5.32489e-14
7.79158e-14
1.33653e-11
1.02408e-10
3.66104e-10
9.15693e-10
1.85953e-09
3.29241e-09
5.28828e-09
7.89621e-09
1.1139e-08
1.50137e-08
1.94947e-08
2.45362e-08
3.00767e-08
3.60427e-08
4.23527e-08
4.89201e-08
5.56566e-08
6.24751e-08
6.92904e-08
7.60217e-08
8.25934e-08
8.89362e-08
9.49874e-08
1.00691e-07
1.06e-07
1.1087e-07
1.15268e-07
1.19167e-07
1.22543e-07
1.25383e-07
1.27675e-07
1.29411e-07
1.30596e-07
1.31235e-07
1.31333e-07
1.30901e-07
1.29953e-07
1.28507e-07
1.26581e-07
1.24196e-07
1.21376e-07
1.18144e-07
1.14526e-07
1.10549e-07
1.06243e-07
1.01636e-07
9.67602e-08
9.16475e-08
8.63317e-08
8.08485e-08
7.5235e-08
6.95304e-08
6.37758e-08
5.80144e-08
5.22913e-08
4.66539e-08
4.11509e-08
3.58324e-08
3.07489e-08
2.59503e-08
2.14849e-08
1.73969e-08
1.37247e-08
1.0499e-08
7.73933e-09
5.45254e-09
3.63022e-09
2.24747e-09
1.26267e-09
6.18765e-10
2.4633e-10
6.86618e-11
8.9387e-12
5.2049e-14
7.98907e-14
1.37038e-11
1.04998e-10
3.75344e-10
9.38722e-10
1.90605e-09
3.37411e-09
5.41808e-09
8.08721e-09
1.14034e-08
1.53619e-08
1.99342e-08
2.5071e-08
3.07068e-08
3.67639e-08
4.31563e-08
4.97937e-08
5.65839e-08
6.34363e-08
7.02634e-08
7.69824e-08
8.35165e-08
8.97957e-08
9.57579e-08
1.01347e-07
1.06517e-07
1.11228e-07
1.15448e-07
1.1915e-07
1.22318e-07
1.24938e-07
1.27004e-07
1.28509e-07
1.29469e-07
1.29884e-07
1.29766e-07
1.29129e-07
1.2799e-07
1.2637e-07
1.24288e-07
1.21769e-07
1.18837e-07
1.15518e-07
1.11837e-07
1.07825e-07
1.03507e-07
9.89153e-08
9.40786e-08
8.90287e-08
8.37978e-08
7.84197e-08
7.29294e-08
6.73638e-08
6.17612e-08
5.61619e-08
5.06082e-08
4.51441e-08
3.98154e-08
3.46689e-08
2.97522e-08
2.51123e-08
2.07949e-08
1.68422e-08
1.32908e-08
1.01702e-08
7.49948e-09
5.28535e-09
3.52007e-09
2.17995e-09
1.22508e-09
6.00484e-10
2.39095e-10
6.66532e-11
8.67775e-12
5.05307e-14
8.18649e-14
1.40423e-11
1.07589e-10
3.84588e-10
9.61769e-10
1.95259e-09
3.45581e-09
5.54769e-09
8.27748e-09
1.1666e-08
1.57062e-08
2.03663e-08
2.55931e-08
3.13168e-08
3.74548e-08
4.39167e-08
5.06077e-08
5.7432e-08
6.42953e-08
7.1108e-08
7.77852e-08
8.42492e-08
9.04301e-08
9.62655e-08
1.01702e-07
1.06694e-07
1.11204e-07
1.15204e-07
1.18671e-07
1.2159e-07
1.23954e-07
1.25754e-07
1.27001e-07
1.27703e-07
1.27868e-07
1.27511e-07
1.2665e-07
1.25306e-07
1.235e-07
1.21257e-07
1.18602e-07
1.1556e-07
1.12161e-07
1.08429e-07
1.04395e-07
1.00086e-07
9.55304e-08
9.07585e-08
8.57999e-08
8.06851e-08
7.54457e-08
7.01141e-08
6.47245e-08
5.9312e-08
5.39137e-08
4.85684e-08
4.33165e-08
3.82001e-08
3.32627e-08
2.85481e-08
2.41001e-08
1.99617e-08
1.61724e-08
1.2767e-08
9.7733e-09
7.20989e-09
5.0835e-09
3.38711e-09
2.09848e-09
1.17973e-09
5.78441e-10
2.30377e-10
6.42341e-11
8.36364e-12
4.87034e-14
8.38484e-14
1.43824e-11
1.10193e-10
3.93888e-10
9.84962e-10
1.99943e-09
3.53797e-09
5.67783e-09
8.46809e-09
1.19281e-08
1.60482e-08
2.0793e-08
2.61048e-08
3.19089e-08
3.81176e-08
4.46357e-08
5.13637e-08
5.82017e-08
6.50525e-08
7.18235e-08
7.84287e-08
8.47894e-08
9.08358e-08
9.65068e-08
1.01751e-07
1.06524e-07
1.10793e-07
1.14533e-07
1.17724e-07
1.20357e-07
1.22424e-07
1.23929e-07
1.24886e-07
1.25302e-07
1.25192e-07
1.24575e-07
1.23474e-07
1.2191e-07
1.19911e-07
1.17502e-07
1.14711e-07
1.11565e-07
1.08093e-07
1.04323e-07
1.00284e-07
9.6002e-08
9.15065e-08
8.68254e-08
8.19866e-08
7.70188e-08
7.19508e-08
6.68125e-08
6.16346e-08
5.64489e-08
5.12888e-08
4.61891e-08
4.11864e-08
3.63187e-08
3.16253e-08
2.71464e-08
2.29222e-08
1.8992e-08
1.53929e-08
1.21572e-08
9.31126e-09
6.87278e-09
4.84853e-09
3.23235e-09
2.00366e-09
1.12697e-09
5.52807e-10
2.20243e-10
6.14238e-11
7.99889e-12
4.65822e-14
8.58497e-14
1.47257e-11
1.12824e-10
4.03287e-10
1.00841e-09
2.04678e-09
3.62098e-09
5.80912e-09
8.65988e-09
1.21908e-08
1.63893e-08
2.12157e-08
2.66075e-08
3.24844e-08
3.87534e-08
4.53139e-08
5.20615e-08
5.88924e-08
6.57061e-08
7.24075e-08
7.89093e-08
8.51327e-08
9.10083e-08
9.64767e-08
1.01488e-07
1.06003e-07
1.09991e-07
1.1343e-07
1.16307e-07
1.18615e-07
1.20349e-07
1.21532e-07
1.22167e-07
1.22272e-07
1.21865e-07
1.20971e-07
1.19614e-07
1.17823e-07
1.15624e-07
1.13048e-07
1.10124e-07
1.06881e-07
1.03348e-07
9.95537e-08
9.55262e-08
9.12929e-08
8.68808e-08
8.23164e-08
7.76257e-08
7.2835e-08
6.79703e-08
6.30582e-08
5.81259e-08
5.32015e-08
4.83144e-08
4.34951e-08
3.87759e-08
3.41904e-08
2.97737e-08
2.55616e-08
2.15903e-08
1.78956e-08
1.45113e-08
1.14675e-08
8.78858e-09
6.49137e-09
4.58266e-09
3.05723e-09
1.89638e-09
1.0673e-09
5.23824e-10
2.0879e-10
5.82492e-11
7.58702e-12
4.41875e-14
8.78753e-14
1.50733e-11
1.15489e-10
4.12817e-10
1.0322e-09
2.09483e-09
3.70514e-09
5.942e-09
8.85344e-09
1.24549e-08
1.67303e-08
2.16352e-08
2.71017e-08
3.30435e-08
3.93618e-08
4.59501e-08
5.26993e-08
5.95013e-08
6.62522e-08
7.28552e-08
7.92218e-08
8.52732e-08
9.09413e-08
9.61686e-08
1.00909e-07
1.05125e-07
1.08792e-07
1.11892e-07
1.14419e-07
1.1636e-07
1.1774e-07
1.18567e-07
1.18855e-07
1.18626e-07
1.17904e-07
1.16718e-07
1.15097e-07
1.13071e-07
1.10673e-07
1.07932e-07
1.04881e-07
1.01551e-07
9.79698e-08
9.41675e-08
9.01716e-08
8.60085e-08
8.17038e-08
7.72821e-08
7.27673e-08
6.81826e-08
6.35512e-08
5.88962e-08
5.4241e-08
4.96096e-08
4.5027e-08
4.05196e-08
3.61147e-08
3.18415e-08
2.77304e-08
2.38127e-08
2.01205e-08
1.66853e-08
1.35381e-08
1.07059e-08
8.21125e-09
6.06998e-09
4.28887e-09
2.86372e-09
1.77784e-09
1.00138e-09
4.91812e-10
1.96145e-10
5.47456e-11
7.13266e-12
4.15462e-14
8.9929e-14
1.54258e-11
1.18195e-10
4.22499e-10
1.05639e-09
2.14366e-09
3.79061e-09
6.07668e-09
9.04902e-09
1.27205e-08
1.70711e-08
2.20511e-08
2.75866e-08
3.35848e-08
3.99405e-08
4.65413e-08
5.3273e-08
6.00232e-08
6.66851e-08
7.31599e-08
7.93585e-08
8.5203e-08
9.06267e-08
9.5575e-08
1.00005e-07
1.03885e-07
1.07193e-07
1.0992e-07
1.12052e-07
1.13607e-07
1.14601e-07
1.15046e-07
1.14965e-07
1.14385e-07
1.13335e-07
1.11848e-07
1.09957e-07
1.07697e-07
1.05101e-07
1.02203e-07
9.90356e-08
9.56306e-08
9.20182e-08
8.82268e-08
8.42835e-08
8.02135e-08
7.60407e-08
7.17875e-08
6.74751e-08
6.3124e-08
5.87538e-08
5.43839e-08
5.00338e-08
4.57233e-08
4.1473e-08
3.73044e-08
3.32403e-08
2.93051e-08
2.55241e-08
2.19242e-08
1.85331e-08
1.5378e-08
1.24864e-08
9.88256e-09
7.58692e-09
5.61415e-09
3.97098e-09
2.65429e-09
1.64955e-09
9.30025e-10
4.57174e-10
1.82467e-10
5.09572e-11
6.64153e-12
3.86918e-14
9.20113e-14
1.57834e-11
1.20941e-10
4.32335e-10
1.08097e-09
2.19329e-09
3.87737e-09
6.21311e-09
9.24642e-09
1.29873e-08
1.7411e-08
2.24622e-08
2.80601e-08
3.41053e-08
4.04856e-08
4.70825e-08
5.37763e-08
6.04508e-08
6.69963e-08
7.33125e-08
7.93103e-08
8.49127e-08
9.00557e-08
9.46878e-08
9.87706e-08
1.02277e-07
1.05193e-07
1.07505e-07
1.0922e-07
1.10364e-07
1.10946e-07
1.10989e-07
1.10523e-07
1.0958e-07
1.08194e-07
1.06403e-07
1.04244e-07
1.01753e-07
9.8968e-08
9.59239e-08
9.26549e-08
8.91931e-08
8.55686e-08
8.18094e-08
7.79415e-08
7.39885e-08
6.99722e-08
6.59126e-08
6.1828e-08
5.77355e-08
5.36514e-08
4.95912e-08
4.55702e-08
4.1604e-08
3.77085e-08
3.39007e-08
3.01985e-08
2.66213e-08
2.31897e-08
1.99259e-08
1.68528e-08
1.39938e-08
1.13724e-08
9.01004e-09
6.92496e-09
5.13061e-09
3.63363e-09
2.43197e-09
1.51333e-09
8.54265e-10
4.20398e-10
1.67948e-10
4.69372e-11
6.12054e-12
3.56644e-14
9.41188e-14
1.61455e-11
1.23724e-10
4.42311e-10
1.10591e-09
2.24362e-09
3.96523e-09
6.35089e-09
9.44496e-09
1.3254e-08
1.77482e-08
2.28658e-08
2.85188e-08
3.46003e-08
4.09911e-08
4.75663e-08
5.4201e-08
6.07748e-08
6.71758e-08
7.33025e-08
7.90664e-08
8.43922e-08
8.9219e-08
9.34995e-08
9.72002e-08
1.00302e-07
1.02788e-07
1.04654e-07
1.05939e-07
1.06644e-07
1.06795e-07
1.06423e-07
1.05562e-07
1.04251e-07
1.02529e-07
1.00438e-07
9.80169e-08
9.53073e-08
9.23476e-08
8.91747e-08
8.58234e-08
8.23261e-08
7.87124e-08
7.50094e-08
7.12413e-08
6.74299e-08
6.35946e-08
5.97525e-08
5.59189e-08
5.21075e-08
4.83308e-08
4.46005e-08
4.09277e-08
3.73237e-08
3.37999e-08
3.03685e-08
2.70429e-08
2.38375e-08
2.07683e-08
1.78526e-08
1.5109e-08
1.25568e-08
1.02151e-08
8.10308e-09
6.23643e-09
4.62735e-09
3.28232e-09
2.20034e-09
1.37135e-09
7.75286e-10
3.82057e-10
1.52813e-10
4.27475e-11
5.5777e-12
3.25105e-14
9.62436e-14
1.65107e-11
1.26534e-10
4.52389e-10
1.1311e-09
2.29443e-09
4.05376e-09
6.48927e-09
9.64339e-09
1.35188e-08
1.80799e-08
2.3258e-08
2.89574e-08
3.50633e-08
4.14491e-08
4.79835e-08
5.45363e-08
6.09837e-08
6.72115e-08
7.31178e-08
7.86152e-08
8.36311e-08
8.81081e-08
9.20041e-08
9.52932e-08
9.79565e-08
9.99757e-08
1.01397e-07
1.02221e-07
1.02471e-07
1.02181e-07
1.01387e-07
1.00129e-07
9.8453e-08
9.64019e-08
9.40207e-08
9.13536e-08
8.84429e-08
8.53291e-08
8.20503e-08
7.86413e-08
7.51341e-08
7.15574e-08
6.79367e-08
6.42942e-08
6.06494e-08
5.70188e-08
5.34166e-08
4.98546e-08
4.63431e-08
4.28909e-08
3.95055e-08
3.61943e-08
3.2964e-08
2.98219e-08
2.67758e-08
2.38343e-08
2.10074e-08
1.83065e-08
1.57442e-08
1.33349e-08
1.10938e-08
9.03625e-09
7.17849e-09
5.53395e-09
4.11347e-09
2.92332e-09
1.96347e-09
1.22608e-09
6.94444e-10
3.42803e-10
1.37316e-10
3.84582e-11
5.02205e-12
2.92827e-14
9.83731e-14
1.68769e-11
1.29353e-10
4.62506e-10
1.15639e-09
2.34537e-09
4.14229e-09
6.62708e-09
9.83984e-09
1.37788e-08
1.84021e-08
2.36335e-08
2.93691e-08
3.54859e-08
4.18497e-08
4.83228e-08
5.47702e-08
6.10646e-08
6.70904e-08
7.2746e-08
7.79456e-08
8.262e-08
8.67165e-08
9.02004e-08
9.30472e-08
9.52335e-08
9.67938e-08
9.77402e-08
9.80907e-08
9.78788e-08
9.71438e-08
9.59291e-08
9.42825e-08
9.22524e-08
8.98874e-08
8.72361e-08
8.43449e-08
8.12583e-08
7.80178e-08
7.46616e-08
7.12243e-08
6.77368e-08
6.42262e-08
6.07158e-08
5.72255e-08
5.37719e-08
5.03685e-08
4.70261e-08
4.37531e-08
4.05561e-08
3.74401e-08
3.44091e-08
3.14661e-08
2.86143e-08
2.58567e-08
2.31968e-08
2.06392e-08
1.81896e-08
1.5855e-08
1.36441e-08
1.15668e-08
9.63472e-09
7.85974e-09
6.25477e-09
4.83142e-09
3.59903e-09
2.56356e-09
1.72588e-09
1.08025e-09
6.13234e-10
3.03353e-10
1.21739e-10
3.41461e-11
4.46351e-12
2.60383e-14
1.00489e-13
1.72409e-11
1.32157e-10
4.72573e-10
1.18154e-09
2.39592e-09
4.22987e-09
6.7627e-09
1.00318e-08
1.40303e-08
1.87098e-08
2.39857e-08
2.97455e-08
3.5858e-08
4.21813e-08
4.85715e-08
5.4889e-08
6.10038e-08
6.67993e-08
7.2175e-08
7.70475e-08
8.13519e-08
8.50424e-08
8.8087e-08
9.0457e-08
9.21696e-08
9.32514e-08
9.3712e-08
9.3585e-08
9.29116e-08
9.17374e-08
9.01141e-08
8.8094e-08
8.57304e-08
8.30759e-08
8.01819e-08
7.70971e-08
7.38669e-08
7.05332e-08
6.71338e-08
6.3702e-08
6.02671e-08
5.68538e-08
5.3483e-08
5.01716e-08
4.69328e-08
4.37768e-08
4.0711e-08
3.77401e-08
3.48672e-08
3.20936e-08
2.94197e-08
2.68449e-08
2.43686e-08
2.19901e-08
1.97094e-08
1.75273e-08
1.54455e-08
1.34674e-08
1.15978e-08
9.84301e-09
8.21098e-09
6.71063e-09
5.3515e-09
4.14358e-09
3.09468e-09
2.2104e-09
1.49236e-09
9.36753e-10
5.3325e-10
2.6447e-10
1.06377e-10
2.98929e-11
3.91256e-12
2.2838e-14
1.02569e-13
1.75988e-11
1.34915e-10
4.82472e-10
1.20624e-09
2.44544e-09
4.31526e-09
6.89408e-09
1.0216e-08
1.42688e-08
1.89966e-08
2.43064e-08
3.00769e-08
3.61682e-08
4.24311e-08
4.87159e-08
5.48788e-08
6.07877e-08
6.63258e-08
7.13943e-08
7.59135e-08
7.98243e-08
8.30859e-08
8.56625e-08
8.75476e-08
8.87861e-08
8.93761e-08
8.93504e-08
8.87509e-08
8.76253e-08
8.60286e-08
8.40175e-08
8.16495e-08
7.8982e-08
7.60711e-08
7.29703e-08
6.97296e-08
6.63948e-08
6.30071e-08
5.96031e-08
5.62142e-08
5.28672e-08
4.95839e-08
4.63821e-08
4.32751e-08
4.02727e-08
3.73814e-08
3.46048e-08
3.19444e-08
2.93995e-08
2.69681e-08
2.4647e-08
2.24327e-08
2.03211e-08
1.83086e-08
1.63918e-08
1.45682e-08
1.28367e-08
1.11971e-08
9.65117e-09
8.20194e-09
6.85423e-09
5.61416e-09
4.48848e-09
3.48535e-09
2.61126e-09
1.87134e-09
1.2678e-09
7.98562e-10
4.56122e-10
2.26935e-10
9.15366e-11
2.57818e-11
3.37989e-12
1.97438e-14
1.04584e-13
1.79456e-11
1.37588e-10
4.92059e-10
1.23011e-09
2.49311e-09
4.39697e-09
7.01872e-09
1.03888e-08
1.44888e-08
1.92554e-08
2.45866e-08
3.03522e-08
3.6404e-08
4.25857e-08
4.8742e-08
5.47257e-08
6.04034e-08
6.5659e-08
7.03962e-08
7.45402e-08
7.8039e-08
8.08507e-08
8.29364e-08
8.43585e-08
8.51059e-08
8.52073e-08
8.47044e-08
8.36458e-08
8.20896e-08
8.00966e-08
7.77283e-08
7.50472e-08
7.21144e-08
6.89886e-08
6.57244e-08
6.23722e-08
5.89772e-08
5.55793e-08
5.22127e-08
4.89064e-08
4.56836e-08
4.2563e-08
3.95582e-08
3.66791e-08
3.39313e-08
3.13178e-08
2.88385e-08
2.64911e-08
2.42719e-08
2.21756e-08
2.01961e-08
1.8327e-08
1.65617e-08
1.48939e-08
1.33176e-08
1.1828e-08
1.04213e-08
9.0948e-09
7.84752e-09
6.68002e-09
5.59444e-09
4.59444e-09
3.6847e-09
2.87105e-09
2.15921e-09
1.55364e-09
1.05697e-09
6.68567e-10
3.83443e-10
1.91512e-10
7.75147e-11
2.18942e-11
2.87594e-12
1.68158e-14
1.06499e-13
1.82754e-11
1.4013e-10
5.01161e-10
1.25269e-09
2.53797e-09
4.47322e-09
7.1337e-09
1.05456e-08
1.46843e-08
1.94781e-08
2.48164e-08
3.056e-08
3.65526e-08
4.26314e-08
4.86362e-08
5.44173e-08
5.98406e-08
6.47915e-08
6.91776e-08
7.29329e-08
7.60005e-08
7.83349e-08
7.99647e-08
8.09058e-08
8.11694e-08
8.07956e-08
7.98325e-08
7.83413e-08
7.63859e-08
7.40318e-08
7.13463e-08
6.8396e-08
6.52447e-08
6.19525e-08
5.85745e-08
5.51604e-08
5.17538e-08
4.83922e-08
4.51068e-08
4.1923e-08
3.88602e-08
3.59329e-08
3.31508e-08
3.05192e-08
2.80401e-08
2.57123e-08
2.35322e-08
2.14944e-08
1.95919e-08
1.78168e-08
1.61605e-08
1.46142e-08
1.31694e-08
1.18178e-08
1.05517e-08
9.36437e-09
8.25014e-09
7.2046e-09
6.22479e-09
5.30924e-09
4.45808e-09
3.67295e-09
2.95685e-09
2.31351e-09
1.74791e-09
1.26385e-09
8.64175e-10
5.49409e-10
3.16674e-10
1.58906e-10
6.45868e-11
1.83056e-11
2.41038e-12
1.411e-14
1.08277e-13
1.85816e-11
1.42488e-10
5.09582e-10
1.27348e-09
2.57893e-09
4.54204e-09
7.23578e-09
1.06817e-08
1.48485e-08
1.96562e-08
2.49855e-08
3.06885e-08
3.66015e-08
4.25556e-08
4.83867e-08
5.39433e-08
5.90917e-08
6.37203e-08
6.7746e-08
7.10935e-08
7.37133e-08
7.55876e-08
7.67636e-08
7.72316e-08
7.7028e-08
7.6199e-08
7.48074e-08
7.29196e-08
7.06044e-08
6.79338e-08
6.49798e-08
6.18117e-08
5.84952e-08
5.50907e-08
5.16528e-08
4.82294e-08
4.48616e-08
4.15835e-08
3.84225e-08
3.53996e-08
3.25299e-08
2.98231e-08
2.72845e-08
2.49152e-08
2.27129e-08
2.06727e-08
1.87877e-08
1.70493e-08
1.5448e-08
1.39734e-08
1.26152e-08
1.1363e-08
1.02067e-08
9.13676e-09
8.14449e-09
7.22206e-09
6.36273e-09
5.56095e-09
4.81252e-09
4.11463e-09
3.46596e-09
2.86666e-09
2.31821e-09
1.82309e-09
1.38498e-09
1.00734e-09
6.92999e-10
4.43296e-10
2.57049e-10
1.29715e-10
5.29881e-11
1.50805e-11
1.9915e-12
1.16741e-14
1.09876e-13
1.88568e-11
1.44604e-10
5.17108e-10
1.29192e-09
2.61481e-09
4.60128e-09
7.32151e-09
1.0792e-08
1.49746e-08
1.97811e-08
2.50837e-08
3.07265e-08
3.65389e-08
4.23471e-08
4.79839e-08
5.32969e-08
5.8155e-08
6.24539e-08
6.60987e-08
6.90371e-08
7.12006e-08
7.26501e-08
7.33706e-08
7.33859e-08
7.27377e-08
7.14904e-08
6.97102e-08
6.74688e-08
6.48425e-08
6.19082e-08
5.87409e-08
5.54121e-08
5.1988e-08
4.85286e-08
4.50865e-08
4.17071e-08
3.84277e-08
3.52783e-08
3.22817e-08
2.94541e-08
2.68055e-08
2.43409e-08
2.20608e-08
1.99618e-08
1.80379e-08
1.62804e-08
1.46794e-08
1.32237e-08
1.19016e-08
1.07011e-08
9.61035e-09
8.61804e-09
7.71334e-09
6.8862e-09
6.12745e-09
5.42892e-09
4.78348e-09
4.18514e-09
3.62913e-09
3.11193e-09
2.63133e-09
2.18645e-09
1.77771e-09
1.40665e-09
1.07563e-09
7.87876e-10
5.45987e-10
3.51831e-10
2.05478e-10
1.04389e-10
4.28976e-11
1.22684e-11
1.62569e-12
9.54521e-15
1.11251e-13
1.90935e-11
1.46418e-10
5.23512e-10
1.3074e-09
2.64436e-09
4.6487e-09
7.38733e-09
1.08714e-08
1.50558e-08
1.98444e-08
2.51013e-08
3.06637e-08
3.63549e-08
4.19972e-08
4.74214e-08
5.24783e-08
5.70392e-08
6.09892e-08
6.42565e-08
6.67687e-08
6.85218e-08
6.9546e-08
6.98334e-08
6.94208e-08
6.8371e-08
6.67481e-08
6.46254e-08
6.20824e-08
5.92007e-08
5.60607e-08
5.27399e-08
4.93105e-08
4.58384e-08
4.23816e-08
3.89901e-08
3.57053e-08
3.25603e-08
2.95802e-08
2.67825e-08
2.4178e-08
2.17717e-08
1.95635e-08
1.75491e-08
1.5721e-08
1.40694e-08
1.25826e-08
1.12478e-08
1.00518e-08
8.98135e-09
8.02331e-09
7.16517e-09
6.39514e-09
5.70231e-09
5.07671e-09
4.50938e-09
3.9924e-09
3.51887e-09
3.08295e-09
2.67985e-09
2.30588e-09
1.95848e-09
1.6362e-09
1.33874e-09
1.06688e-09
8.22192e-10
6.07206e-10
4.24413e-10
2.75863e-10
1.62471e-10
8.31906e-11
3.44236e-11
9.9002e-12
1.31695e-12
7.74653e-15
1.12358e-13
1.92838e-11
1.47868e-10
5.28564e-10
1.31934e-09
2.66635e-09
4.68211e-09
7.42977e-09
1.0915e-08
1.50856e-08
1.98384e-08
2.50301e-08
3.04916e-08
3.60417e-08
4.15004e-08
4.67023e-08
5.14925e-08
5.57373e-08
5.93426e-08
6.22343e-08
6.43321e-08
6.57057e-08
6.63194e-08
6.6202e-08
6.54096e-08
6.40016e-08
6.20514e-08
5.96403e-08
5.68535e-08
5.37765e-08
5.04922e-08
4.70794e-08
4.36098e-08
4.01476e-08
3.67482e-08
3.34576e-08
3.03128e-08
2.73417e-08
2.45639e-08
2.19913e-08
1.96293e-08
1.74774e-08
1.55308e-08
1.37807e-08
1.22157e-08
1.08226e-08
9.58712e-09
8.49443e-09
7.52981e-09
6.67899e-09
5.92844e-09
5.26551e-09
4.67858e-09
4.15718e-09
3.69196e-09
3.27468e-09
2.89814e-09
2.55615e-09
2.24344e-09
1.95566e-09
1.68938e-09
1.44205e-09
1.21205e-09
9.9871e-10
8.02248e-10
6.23757e-10
4.64933e-10
3.2816e-10
2.15413e-10
1.2809e-10
6.61726e-11
2.75949e-11
7.9854e-12
1.06665e-12
6.28613e-15
1.13155e-13
1.94203e-11
1.48895e-10
5.32043e-10
1.32717e-09
2.6796e-09
4.69943e-09
7.44564e-09
1.09183e-08
1.50586e-08
1.97568e-08
2.48633e-08
3.02049e-08
3.55995e-08
4.08654e-08
4.58268e-08
5.03339e-08
5.42679e-08
5.75348e-08
6.00462e-08
6.17871e-08
6.27805e-08
6.30197e-08
6.25479e-08
6.14182e-08
5.97019e-08
5.74801e-08
5.48397e-08
5.18701e-08
4.86596e-08
4.52927e-08
4.18478e-08
3.83953e-08
3.49966e-08
3.17032e-08
2.85567e-08
2.55888e-08
2.28218e-08
2.02695e-08
1.79382e-08
1.58277e-08
1.39325e-08
1.2243e-08
1.07464e-08
9.42814e-09
8.27219e-09
7.26224e-09
6.38209e-09
5.6162e-09
4.95001e-09
4.37023e-09
3.86473e-09
3.42236e-09
3.03357e-09
2.69004e-09
2.3846e-09
2.11111e-09
1.86435e-09
1.63991e-09
1.43412e-09
1.24406e-09
1.06748e-09
9.02866e-10
7.49388e-10
6.06973e-10
4.76275e-10
3.58591e-10
2.55742e-10
1.6968e-10
1.01953e-10
5.31788e-11
2.23605e-11
6.51214e-12
8.73422e-13
5.15656e-15
1.136e-13
1.9496e-11
1.49445e-10
5.33749e-10
1.33037e-09
2.68308e-09
4.6989e-09
7.43224e-09
1.08776e-08
1.49704e-08
1.95958e-08
2.46018e-08
2.98102e-08
3.50316e-08
4.00804e-08
4.4791e-08
4.90195e-08
5.26478e-08
5.55868e-08
5.77341e-08
5.91452e-08
5.97981e-08
5.97101e-08
5.8926e-08
5.75109e-08
5.55429e-08
5.3109e-08
5.03004e-08
4.72097e-08
4.39266e-08
4.05358e-08
3.71142e-08
3.37299e-08
3.04406e-08
2.72932e-08
2.43242e-08
2.15595e-08
1.90158e-08
1.6701e-08
1.46158e-08
1.27548e-08
1.11078e-08
9.66113e-09
8.39864e-09
7.30294e-09
6.35615e-09
5.54074e-09
4.83985e-09
4.23757e-09
3.71965e-09
3.27343e-09
2.88769e-09
2.55282e-09
2.26077e-09
2.00438e-09
1.77755e-09
1.57544e-09
1.39383e-09
1.22919e-09
1.07857e-09
9.39601e-10
8.10439e-10
6.89753e-10
5.7673e-10
4.71095e-10
3.73134e-10
2.83812e-10
2.04533e-10
1.37165e-10
8.32862e-11
4.38651e-11
1.85963e-11
5.44892e-12
7.33432e-13
4.33619e-15
1.13663e-13
1.95052e-11
1.49471e-10
5.33517e-10
1.32853e-09
2.67603e-09
4.67956e-09
7.38914e-09
1.07943e-08
1.48254e-08
1.93623e-08
2.42455e-08
2.92945e-08
3.43227e-08
3.91502e-08
4.3612e-08
4.75656e-08
5.08958e-08
5.35049e-08
5.53449e-08
5.64582e-08
5.68118e-08
5.64388e-08
5.53943e-08
5.37499e-08
5.15893e-08
4.90036e-08
4.60876e-08
4.29351e-08
3.96363e-08
3.62746e-08
3.29247e-08
2.96512e-08
2.65073e-08
2.35351e-08
2.07655e-08
1.82186e-08
1.59054e-08
1.38283e-08
1.19827e-08
1.03585e-08
8.9415e-09
7.71462e-09
6.65917e-09
5.75587e-09
4.98539e-09
4.32945e-09
3.77099e-09
3.29544e-09
2.8897e-09
2.54302e-09
2.24588e-09
1.98992e-09
1.76745e-09
1.57238e-09
1.3998e-09
1.2454e-09
1.10589e-09
9.78607e-10
8.61477e-10
7.52852e-10
6.51474e-10
5.56446e-10
4.67224e-10
3.83642e-10
3.05949e-10
2.3466e-10
1.70779e-10
1.15702e-10
7.09873e-11
3.77412e-11
1.61227e-11
4.74897e-12
6.40895e-13
3.79222e-15
1.13334e-13
1.94474e-11
1.48979e-10
5.31405e-10
1.32194e-09
2.65921e-09
4.64248e-09
7.31644e-09
1.0665e-08
1.46135e-08
1.90383e-08
2.37797e-08
2.86583e-08
3.34876e-08
3.80877e-08
4.22957e-08
4.59769e-08
4.90276e-08
5.13433e-08
5.29247e-08
5.3766e-08
5.38627e-08
5.32554e-08
5.20054e-08
5.01894e-08
4.78953e-08
4.52171e-08
4.22511e-08
3.90915e-08
3.58275e-08
3.25402e-08
2.93011e-08
2.61706e-08
2.31973e-08
2.04178e-08
1.78574e-08
1.5531e-08
1.3444e-08
1.15936e-08
9.97092e-09
8.56177e-09
7.3487e-09
6.31201e-09
5.43095e-09
4.68484e-09
4.05491e-09
3.52454e-09
3.07864e-09
2.70285e-09
2.38481e-09
2.11355e-09
1.88052e-09
1.67802e-09
1.5002e-09
1.34246e-09
1.20112e-09
1.07323e-09
9.56458e-10
8.48958e-10
7.49284e-10
6.56304e-10
5.69158e-10
4.87227e-10
4.10129e-10
3.37736e-10
2.70205e-10
2.08068e-10
1.522e-10
1.03735e-10
6.40979e-11
3.43287e-11
1.47544e-11
4.36237e-12
5.89391e-13
3.48716e-15
1.12561e-13
1.93118e-11
1.47866e-10
5.26942e-10
1.30908e-09
2.62895e-09
4.58109e-09
7.2053e-09
1.04812e-08
1.43307e-08
1.8628e-08
2.32128e-08
2.79061e-08
3.25246e-08
3.68945e-08
4.08612e-08
4.42944e-08
4.70912e-08
4.91417e-08
5.04938e-08
5.11044e-08
5.09922e-08
5.02033e-08
4.88034e-08
4.6873e-08
4.45025e-08
4.17874e-08
3.88239e-08
3.57053e-08
3.25185e-08
2.93417e-08
2.62424e-08
2.32764e-08
2.04872e-08
1.79065e-08
1.55542e-08
1.34402e-08
1.1565e-08
9.92161e-09
8.49725e-09
7.27475e-09
6.23418e-09
5.35414e-09
4.6142e-09
3.9952e-09
3.47859e-09
3.04729e-09
2.68538e-09
2.3795e-09
2.11861e-09
1.89345e-09
1.69626e-09
1.52225e-09
1.36746e-09
1.22852e-09
1.10268e-09
9.87749e-10
8.81996e-10
7.8405e-10
6.92833e-10
6.075e-10
5.274e-10
4.52056e-10
3.81167e-10
3.14619e-10
2.52527e-10
1.95282e-10
1.43593e-10
9.84678e-11
6.12014e-11
3.29624e-11
1.42317e-11
4.21879e-12
5.70154e-13
3.37153e-15
1.11343e-13
1.90993e-11
1.46152e-10
5.20295e-10
1.2907e-09
2.58749e-09
4.49983e-09
7.0624e-09
1.02507e-08
1.39848e-08
1.81386e-08
2.2554e-08
2.70556e-08
3.14648e-08
3.56123e-08
3.93471e-08
4.25444e-08
4.50977e-08
4.69326e-08
4.80816e-08
4.85067e-08
4.82352e-08
4.73174e-08
4.58222e-08
4.38321e-08
4.14385e-08
3.87366e-08
3.58216e-08
3.27842e-08
2.97085e-08
2.66687e-08
2.3728e-08
2.09376e-08
1.8336e-08
1.59502e-08
1.37954e-08
1.18771e-08
1.0192e-08
8.72969e-09
7.4747e-09
6.40788e-09
5.50812e-09
4.75451e-09
4.12644e-09
3.60334e-09
3.16644e-09
2.79872e-09
2.48715e-09
2.22121e-09
1.99204e-09
1.79244e-09
1.61676e-09
1.46019e-09
1.31901e-09
1.19044e-09
1.07237e-09
9.63166e-10
8.61608e-10
7.66751e-10
6.77868e-10
5.94398e-10
5.1591e-10
4.42085e-10
3.72722e-10
3.0775e-10
2.47267e-10
1.91591e-10
1.41314e-10
9.73367e-11
6.07971e-11
3.29242e-11
1.4282e-11
4.2458e-12
5.74137e-13
3.39425e-15
1.097e-13
1.88133e-11
1.43867e-10
5.11566e-10
1.26706e-09
2.53539e-09
4.40029e-09
6.89161e-09
9.98159e-09
1.35889e-08
1.75887e-08
2.18258e-08
2.6129e-08
3.03253e-08
3.42514e-08
3.77631e-08
4.07421e-08
4.30804e-08
4.47369e-08
4.5718e-08
4.60019e-08
4.56195e-08
4.46235e-08
4.30845e-08
4.10852e-08
3.87165e-08
3.60718e-08
3.32438e-08
3.03201e-08
2.73806e-08
2.44953e-08
2.17231e-08
1.91104e-08
1.66915e-08
1.44888e-08
1.25141e-08
1.0769e-08
9.24749e-09
7.93693e-09
6.8201e-09
5.87713e-09
5.08663e-09
4.4266e-09
3.87591e-09
3.41583e-09
3.02995e-09
2.70439e-09
2.4271e-09
2.18815e-09
1.97956e-09
1.79505e-09
1.62973e-09
1.4798e-09
1.3424e-09
1.21537e-09
1.09717e-09
9.86655e-10
8.82999e-10
7.85597e-10
6.93995e-10
6.07843e-10
5.26863e-10
4.50843e-10
3.79637e-10
3.1319e-10
2.51575e-10
1.95044e-10
1.44099e-10
9.95414e-11
6.24004e-11
3.39433e-11
1.47848e-11
4.40719e-12
5.96339e-13
3.5249e-15
1.07656e-13
1.84581e-11
1.41045e-10
5.00891e-10
1.23852e-09
2.4734e-09
4.28363e-09
6.69445e-09
9.67544e-09
1.31451e-08
1.69808e-08
2.10317e-08
2.51326e-08
2.9117e-08
3.28288e-08
3.61309e-08
3.89121e-08
4.10653e-08
4.25747e-08
4.34264e-08
4.36121e-08
4.31645e-08
4.21376e-08
4.06017e-08
3.86386e-08
3.63365e-08
3.37863e-08
3.10767e-08
2.82912e-08
2.55053e-08
2.27847e-08
2.01835e-08
1.7744e-08
1.54967e-08
1.34606e-08
1.16442e-08
1.0047e-08
8.66087e-09
7.47221e-09
6.46351e-09
5.61361e-09
4.90094e-09
4.30559e-09
3.80838e-09
3.39159e-09
3.03989e-09
2.74026e-09
2.48189e-09
2.25598e-09
2.05556e-09
1.87519e-09
1.71069e-09
1.55897e-09
1.4178e-09
1.28561e-09
1.1613e-09
1.04412e-09
9.33593e-10
8.29399e-10
7.31305e-10
6.39125e-10
5.52694e-10
4.71861e-10
3.96499e-10
3.26535e-10
2.61992e-10
2.03048e-10
1.50112e-10
1.03886e-10
6.53124e-11
3.56609e-11
1.55932e-11
4.66141e-12
6.31344e-13
3.7322e-15
1.0525e-13
1.80403e-11
1.37738e-10
4.88477e-10
1.20566e-09
2.40281e-09
4.15229e-09
6.47502e-09
9.33856e-09
1.26622e-08
1.63266e-08
2.01864e-08
2.40835e-08
2.78593e-08
3.13655e-08
3.44729e-08
3.70769e-08
3.90743e-08
4.04661e-08
4.1225e-08
4.13522e-08
4.08815e-08
3.98662e-08
3.83751e-08
3.64872e-08
3.42874e-08
3.18621e-08
2.92955e-08
2.66663e-08
2.40453e-08
2.14934e-08
1.90607e-08
1.67858e-08
1.46958e-08
1.28072e-08
1.11265e-08
9.65202e-09
8.37641e-09
7.28287e-09
6.35201e-09
5.5658e-09
4.90666e-09
4.35486e-09
3.89141e-09
3.49992e-09
3.16621e-09
2.87835e-09
2.62651e-09
2.40277e-09
2.20093e-09
2.0162e-09
1.84506e-09
1.68495e-09
1.5341e-09
1.39136e-09
1.25606e-09
1.12781e-09
1.00647e-09
8.91949e-10
7.84229e-10
6.83267e-10
5.88989e-10
5.01279e-10
4.19997e-10
3.45021e-10
2.76292e-10
2.13887e-10
1.58101e-10
1.09526e-10
6.90201e-11
3.78041e-11
1.65915e-11
4.97481e-12
6.74686e-13
3.99006e-15
1.02534e-13
1.75692e-11
1.34021e-10
4.74607e-10
1.16923e-09
2.32525e-09
4.00934e-09
6.23837e-09
8.97848e-09
1.21504e-08
1.56392e-08
1.9306e-08
2.30006e-08
2.65729e-08
2.98834e-08
3.28108e-08
3.52576e-08
3.71267e-08
3.84277e-08
3.91268e-08
3.92312e-08
3.87742e-08
3.78075e-08
3.63967e-08
3.4617e-08
3.25484e-08
3.02722e-08
2.78673e-08
2.54071e-08
2.29573e-08
2.05746e-08
1.8305e-08
1.61839e-08
1.42361e-08
1.24764e-08
1.09121e-08
9.53715e-09
8.33812e-09
7.30731e-09
6.43194e-09
5.69348e-09
5.07066e-09
4.54457e-09
4.0985e-09
3.71759e-09
3.38886e-09
3.10136e-09
2.84607e-09
2.61576e-09
2.40479e-09
2.20892e-09
2.02503e-09
1.851e-09
1.68545e-09
1.5276e-09
1.37712e-09
1.23396e-09
1.09826e-09
9.70216e-10
8.50002e-10
7.37735e-10
6.33428e-10
5.36995e-10
4.48266e-10
3.67036e-10
2.93131e-10
2.26491e-10
1.67264e-10
1.15905e-10
7.31622e-11
4.01769e-11
1.76933e-11
5.32147e-12
7.22834e-13
4.27759e-15
9.95767e-14
1.70566e-11
1.29989e-10
4.59637e-10
1.13018e-09
2.24273e-09
3.85838e-09
5.99032e-09
8.6037e-09
1.16214e-08
1.49333e-08
1.84079e-08
2.19033e-08
2.52789e-08
2.84041e-08
3.11661e-08
3.34737e-08
3.52388e-08
3.64726e-08
3.71404e-08
3.72522e-08
3.68398e-08
3.59521e-08
3.46506e-08
3.30053e-08
3.10907e-08
2.89821e-08
2.67524e-08
2.44696e-08
2.21943e-08
1.99789e-08
1.78659e-08
1.58879e-08
1.40696e-08
1.24204e-08
1.094e-08
9.63348e-09
8.50034e-09
7.52528e-09
6.6905e-09
5.97846e-09
5.37228e-09
4.85538e-09
4.4124e-09
4.02962e-09
3.695e-09
3.39838e-09
3.13133e-09
2.88716e-09
2.66063e-09
2.44787e-09
2.24608e-09
2.05344e-09
1.86886e-09
1.69187e-09
1.52244e-09
1.36084e-09
1.2075e-09
1.06287e-09
9.27396e-10
8.01356e-10
6.84883e-10
5.77928e-10
4.80287e-10
3.91654e-10
3.11704e-10
2.40194e-10
1.77085e-10
1.22649e-10
7.74926e-11
4.26382e-11
1.88338e-11
5.68108e-12
7.72944e-13
4.57776e-15
9.64599e-14
1.65167e-11
1.25755e-10
4.43991e-10
1.0896e-09
2.15754e-09
3.70352e-09
5.73733e-09
8.22353e-09
1.10874e-08
1.42243e-08
1.751e-08
2.08117e-08
2.39983e-08
2.69487e-08
2.95585e-08
3.17435e-08
3.34247e-08
3.46104e-08
3.52698e-08
3.54127e-08
3.5069e-08
3.42836e-08
3.31131e-08
3.16216e-08
2.98773e-08
2.79491e-08
2.59037e-08
2.38032e-08
2.17034e-08
1.96522e-08
1.7692e-08
1.58475e-08
1.41327e-08
1.257e-08
1.11732e-08
9.93769e-09
8.85389e-09
7.91117e-09
7.09648e-09
6.39499e-09
5.79146e-09
5.27081e-09
4.81896e-09
4.424e-09
4.07434e-09
3.76071e-09
3.47478e-09
3.21052e-09
2.96293e-09
2.72835e-09
2.50424e-09
2.28895e-09
2.08162e-09
1.88199e-09
1.6903e-09
1.50709e-09
1.33308e-09
1.16903e-09
1.01563e-09
8.73412e-10
7.42657e-10
6.23391e-10
5.1539e-10
4.18242e-10
3.3144e-10
2.54514e-10
1.8718e-10
1.29477e-10
8.18231e-11
4.50766e-11
1.99597e-11
6.0364e-12
8.22538e-13
4.87557e-15
9.32812e-14
1.59666e-11
1.21451e-10
4.28159e-10
1.04876e-09
2.07225e-09
3.54925e-09
5.48641e-09
7.84787e-09
1.05615e-08
1.35279e-08
1.66305e-08
1.97456e-08
2.27516e-08
2.55368e-08
2.80055e-08
3.00816e-08
3.1694e-08
3.28453e-08
3.35121e-08
3.37024e-08
3.34432e-08
3.27751e-08
3.17491e-08
3.04232e-08
2.88589e-08
2.71185e-08
2.52611e-08
2.33464e-08
2.14301e-08
1.95471e-08
1.77189e-08
1.59875e-08
1.43838e-08
1.29163e-08
1.15886e-08
1.04017e-08
9.35094e-09
8.42791e-09
7.62157e-09
6.91899e-09
6.30642e-09
5.77245e-09
5.30338e-09
4.88773e-09
4.51533e-09
4.17741e-09
3.86657e-09
3.57738e-09
3.30401e-09
3.04352e-09
2.79345e-09
2.55226e-09
2.31919e-09
2.09415e-09
1.87754e-09
1.67015e-09
1.47296e-09
1.28705e-09
1.1134e-09
9.52828e-10
8.05829e-10
6.72563e-10
5.52831e-10
4.46129e-10
3.51755e-10
2.68966e-10
1.97174e-10
1.3612e-10
8.59769e-11
4.73885e-11
2.10214e-11
6.37094e-12
8.69201e-13
5.15629e-15
9.01513e-14
1.54253e-11
1.17229e-10
4.12693e-10
1.00906e-09
1.98968e-09
3.40039e-09
5.24486e-09
7.4868e-09
1.00565e-08
1.28595e-08
1.57865e-08
1.87228e-08
2.15562e-08
2.41845e-08
2.65203e-08
2.84948e-08
3.00469e-08
3.11707e-08
3.18522e-08
3.20964e-08
3.19274e-08
3.13816e-08
3.05043e-08
2.93456e-08
2.79635e-08
2.64185e-08
2.47717e-08
2.30585e-08
2.13011e-08
1.95549e-08
1.78704e-08
1.62682e-08
1.47658e-08
1.33773e-08
1.21099e-08
1.09654e-08
9.94126e-09
9.03117e-09
8.2259e-09
7.51497e-09
6.88856e-09
6.33429e-09
5.84118e-09
5.39898e-09
4.99848e-09
4.63161e-09
4.2915e-09
3.97272e-09
3.67078e-09
3.38146e-09
3.10296e-09
2.83375e-09
2.57309e-09
2.32095e-09
2.07785e-09
1.84473e-09
1.62282e-09
1.41345e-09
1.21795e-09
1.03741e-09
8.7265e-10
7.24023e-10
5.91432e-10
4.7433e-10
3.71835e-10
2.82907e-10
2.06588e-10
1.42249e-10
8.97506e-11
4.94609e-11
2.1966e-11
6.66726e-12
9.10355e-13
5.40405e-15
8.71906e-14
1.49139e-11
1.13253e-10
3.98196e-10
9.71975e-10
1.91276e-09
3.26183e-09
5.01988e-09
7.14984e-09
9.5838e-09
1.22319e-08
1.49914e-08
1.77558e-08
2.04221e-08
2.28971e-08
2.51021e-08
2.69752e-08
2.84654e-08
2.95578e-08
3.02494e-08
3.05415e-08
3.04534e-08
3.00228e-08
2.9295e-08
2.83241e-08
2.7152e-08
2.58157e-08
2.43375e-08
2.2769e-08
2.11762e-08
1.95937e-08
1.80482e-08
1.65648e-08
1.51622e-08
1.38539e-08
1.26477e-08
1.15466e-08
1.05497e-08
9.6527e-09
8.84846e-09
8.13002e-09
7.48758e-09
6.91161e-09
6.39276e-09
5.92214e-09
5.49163e-09
5.09398e-09
4.72292e-09
4.3732e-09
4.04111e-09
3.72219e-09
3.4147e-09
3.11716e-09
2.82881e-09
2.54962e-09
2.28013e-09
2.02139e-09
1.77474e-09
1.54178e-09
1.32408e-09
1.12309e-09
9.39941e-10
7.75297e-10
6.2925e-10
5.01308e-10
3.90468e-10
2.95403e-10
2.14745e-10
1.47416e-10
9.28802e-11
5.11621e-11
2.27357e-11
6.90605e-12
9.43077e-13
5.60028e-15
8.4521e-14
1.44539e-11
1.09694e-10
3.85278e-10
9.39015e-10
1.84431e-09
3.13803e-09
4.8175e-09
6.84418e-09
9.15104e-09
1.16516e-08
1.42488e-08
1.68435e-08
1.93414e-08
2.1658e-08
2.3723e-08
2.54816e-08
2.68923e-08
2.79323e-08
2.86146e-08
2.89455e-08
2.89564e-08
2.86639e-08
2.80965e-08
2.72868e-08
2.6261e-08
2.50513e-08
2.37251e-08
2.23357e-08
2.09131e-08
1.9486e-08
1.8082e-08
1.67239e-08
1.54291e-08
1.42102e-08
1.30749e-08
1.20273e-08
1.10675e-08
1.01929e-08
9.39911e-09
8.6799e-09
8.02809e-09
7.4361e-09
6.89628e-09
6.40126e-09
5.94413e-09
5.51863e-09
5.11925e-09
4.74124e-09
4.38098e-09
4.03482e-09
3.70079e-09
3.37743e-09
3.06397e-09
2.76035e-09
2.46707e-09
2.18518e-09
1.9161e-09
1.66153e-09
1.42328e-09
1.20311e-09
1.00248e-09
8.22399e-10
6.63267e-10
5.2477e-10
4.05906e-10
3.05135e-10
2.20691e-10
1.50983e-10
9.49878e-11
5.22207e-11
2.31813e-11
7.04141e-12
9.61118e-13
5.70911e-15
8.22477e-14
1.40639e-11
1.06702e-10
3.74477e-10
9.11407e-10
1.78644e-09
3.03172e-09
4.64033e-09
6.57087e-09
8.7556e-09
1.11099e-08
1.35411e-08
1.59568e-08
1.82706e-08
2.04053e-08
2.23019e-08
2.39193e-08
2.52363e-08
2.6236e-08
2.69146e-08
2.72763e-08
2.7328e-08
2.70984e-08
2.66112e-08
2.58761e-08
2.49524e-08
2.39036e-08
2.27581e-08
2.15422e-08
2.02885e-08
1.90245e-08
1.77741e-08
1.65566e-08
1.5387e-08
1.42765e-08
1.32322e-08
1.22581e-08
1.13553e-08
1.05225e-08
9.75662e-09
9.05363e-09
8.40796e-09
7.81401e-09
7.26595e-09
6.75797e-09
6.28453e-09
5.84053e-09
5.42137e-09
5.02302e-09
4.64206e-09
4.27566e-09
3.92182e-09
3.57915e-09
3.24693e-09
2.92508e-09
2.61405e-09
2.31476e-09
2.02862e-09
1.75739e-09
1.503e-09
1.26743e-09
1.05243e-09
8.59395e-10
6.89081e-10
5.41488e-10
4.15779e-10
3.10365e-10
2.23164e-10
1.52085e-10
9.53029e-11
5.22733e-11
2.32464e-11
7.06412e-12
9.63663e-13
5.72549e-15
8.04226e-14
1.3754e-11
1.0436e-10
3.66054e-10
8.89554e-10
1.73918e-09
2.94123e-09
4.48268e-09
6.31698e-09
8.37341e-09
1.05674e-08
1.28089e-08
1.50133e-08
1.71085e-08
1.90405e-08
2.07584e-08
2.22207e-08
2.33986e-08
2.4278e-08
2.48578e-08
2.51503e-08
2.51664e-08
2.49291e-08
2.44654e-08
2.38346e-08
2.30621e-08
2.21709e-08
2.11928e-08
2.01557e-08
1.90848e-08
1.80024e-08
1.6927e-08
1.5874e-08
1.48555e-08
1.38804e-08
1.29547e-08
1.20819e-08
1.12636e-08
1.04992e-08
9.78726e-09
9.12492e-09
8.50873e-09
7.93478e-09
7.39892e-09
6.89695e-09
6.42482e-09
5.97869e-09
5.55505e-09
5.15071e-09
4.76279e-09
4.38892e-09
4.02731e-09
3.67679e-09
3.33682e-09
3.00754e-09
2.68911e-09
2.38227e-09
2.08834e-09
1.80904e-09
1.54635e-09
1.30235e-09
1.07904e-09
8.78095e-10
7.00671e-10
5.47165e-10
4.17081e-10
3.08993e-10
2.20665e-10
1.4937e-10
9.35209e-11
5.14823e-11
2.28997e-11
6.9595e-12
9.47992e-13
5.63054e-15
7.89784e-14
1.35137e-11
1.02584e-10
3.59594e-10
8.71858e-10
1.69775e-09
2.85516e-09
4.32158e-09
6.04203e-09
7.93996e-09
9.93335e-09
1.19461e-08
1.39053e-08
1.57427e-08
1.74026e-08
1.88441e-08
2.00408e-08
2.0976e-08
2.16425e-08
2.20511e-08
2.22192e-08
2.21715e-08
2.19415e-08
2.15523e-08
2.10247e-08
2.03853e-08
1.96576e-08
1.88641e-08
1.8025e-08
1.71585e-08
1.62809e-08
1.54052e-08
1.45427e-08
1.37022e-08
1.28903e-08
1.21116e-08
1.13691e-08
1.06644e-08
9.99769e-09
9.36848e-09
8.77535e-09
8.21638e-09
7.68922e-09
7.19133e-09
6.72001e-09
6.27262e-09
5.84664e-09
5.43989e-09
5.05032e-09
4.67516e-09
4.3123e-09
3.96038e-09
3.61849e-09
3.28613e-09
2.96313e-09
2.65028e-09
2.34867e-09
2.05966e-09
1.78489e-09
1.52616e-09
1.28538e-09
1.06441e-09
8.64916e-10
6.88164e-10
5.34842e-10
4.04871e-10
2.97317e-10
2.10451e-10
1.42091e-10
8.90836e-11
4.91919e-11
2.19483e-11
6.68005e-12
9.08372e-13
5.39242e-15
7.76184e-14
1.32921e-11
1.00949e-10
3.53244e-10
8.5248e-10
1.64753e-09
2.74297e-09
4.10194e-09
5.65999e-09
7.34398e-09
9.07351e-09
1.07738e-08
1.23783e-08
1.38371e-08
1.51127e-08
1.61801e-08
1.70322e-08
1.76708e-08
1.81058e-08
1.83456e-08
1.84114e-08
1.83269e-08
1.8111e-08
1.77944e-08
1.7388e-08
1.69048e-08
1.6361e-08
1.5771e-08
1.51474e-08
1.45012e-08
1.38431e-08
1.31824e-08
1.25254e-08
1.18801e-08
1.12503e-08
1.06392e-08
1.00492e-08
9.48177e-09
8.93784e-09
8.41756e-09
7.92061e-09
7.44627e-09
6.99348e-09
6.56099e-09
6.14734e-09
5.75096e-09
5.37016e-09
5.00306e-09
4.64793e-09
4.30415e-09
3.97117e-09
3.64832e-09
3.33504e-09
3.03098e-09
2.73606e-09
2.45053e-09
2.17499e-09
1.91038e-09
1.65795e-09
1.41927e-09
1.19611e-09
9.90391e-10
8.03963e-10
6.38409e-10
4.94781e-10
3.73343e-10
2.73387e-10
1.93173e-10
1.3009e-10
8.15102e-11
4.52454e-11
2.02985e-11
6.20054e-12
8.41661e-13
4.99228e-15
7.56565e-14
1.29672e-11
9.83918e-11
3.42429e-10
8.17684e-10
1.55651e-09
2.54347e-09
3.72697e-09
5.03667e-09
6.39723e-09
7.73637e-09
8.9974e-09
1.01376e-08
1.1133e-08
1.19735e-08
1.26589e-08
1.31911e-08
1.35771e-08
1.38278e-08
1.39593e-08
1.39835e-08
1.39121e-08
1.3755e-08
1.35233e-08
1.32357e-08
1.28986e-08
1.2522e-08
1.21164e-08
1.16899e-08
1.12508e-08
1.08039e-08
1.0352e-08
9.89845e-09
9.44857e-09
9.00378e-09
8.56645e-09
8.13846e-09
7.72124e-09
7.31582e-09
6.92285e-09
6.54266e-09
6.17533e-09
5.82069e-09
5.47839e-09
5.14791e-09
4.8286e-09
4.51967e-09
4.22012e-09
3.92879e-09
3.64564e-09
3.37043e-09
3.10293e-09
2.84292e-09
2.59027e-09
2.34495e-09
2.10713e-09
1.87716e-09
1.65565e-09
1.44344e-09
1.24163e-09
1.05158e-09
8.74826e-10
7.12993e-10
5.67651e-10
4.40108e-10
3.31181e-10
2.40967e-10
1.68672e-10
1.12578e-10
7.02755e-11
3.92519e-11
1.77963e-11
5.48731e-12
7.44806e-13
4.4148e-15
7.18249e-14
1.23063e-11
9.28125e-11
3.18122e-10
7.41645e-10
1.36916e-09
2.1621e-09
3.06151e-09
3.99932e-09
4.91687e-09
5.77094e-09
6.53611e-09
7.20311e-09
7.76956e-09
8.23784e-09
8.61349e-09
8.90353e-09
9.11614e-09
9.25899e-09
9.33704e-09
9.35685e-09
9.3243e-09
9.24462e-09
9.1231e-09
8.96702e-09
8.78505e-09
8.57336e-09
8.34122e-09
8.09244e-09
7.83008e-09
7.55637e-09
7.27618e-09
6.99276e-09
6.70742e-09
6.42203e-09
6.13817e-09
5.85715e-09
5.58005e-09
5.30772e-09
5.04081e-09
4.77979e-09
4.52497e-09
4.27653e-09
4.03453e-09
3.79892e-09
3.56959e-09
3.34642e-09
3.12934e-09
2.91854e-09
2.71367e-09
2.51446e-09
2.32069e-09
2.1322e-09
1.94888e-09
1.77068e-09
1.59765e-09
1.42992e-09
1.26777e-09
1.11165e-09
9.62195e-10
8.20242e-10
6.86848e-10
5.63245e-10
4.50768e-10
3.50724e-10
2.64197e-10
1.91819e-10
1.33546e-10
8.85051e-11
5.50211e-11
3.09392e-11
1.43259e-11
4.51403e-12
6.16803e-13
3.65867e-15
6.41258e-14
1.09282e-11
8.06674e-11
2.65624e-10
5.86825e-10
1.02028e-09
1.5231e-09
2.04469e-09
2.54758e-09
3.00829e-09
3.41633e-09
3.77071e-09
4.07336e-09
4.32786e-09
4.53817e-09
4.7082e-09
4.84167e-09
4.94204e-09
5.01253e-09
5.0564e-09
5.07521e-09
5.07051e-09
5.04401e-09
4.99745e-09
4.93381e-09
4.85796e-09
4.76441e-09
4.65872e-09
4.54218e-09
4.41597e-09
4.2836e-09
4.14533e-09
4.00264e-09
3.85672e-09
3.70866e-09
3.5594e-09
3.40977e-09
3.26047e-09
3.11213e-09
2.96526e-09
2.82031e-09
2.67761e-09
2.53746e-09
2.40008e-09
2.2656e-09
2.13415e-09
2.0058e-09
1.88065e-09
1.75879e-09
1.64009e-09
1.52447e-09
1.41185e-09
1.30215e-09
1.19529e-09
1.09124e-09
9.89963e-10
8.91484e-10
7.95871e-10
7.03269e-10
6.13926e-10
5.2822e-10
4.46677e-10
3.69993e-10
2.99017e-10
2.34701e-10
1.77999e-10
1.29705e-10
9.02583e-11
5.95561e-11
3.68544e-11
2.08403e-11
9.9616e-12
3.28691e-12
4.61356e-13
2.75026e-15
5.00026e-14
8.31343e-12
5.71969e-11
1.695e-10
3.34088e-10
5.25788e-10
7.2006e-10
9.02415e-10
1.06664e-09
1.21145e-09
1.33753e-09
1.44629e-09
1.53961e-09
1.61907e-09
1.68596e-09
1.74135e-09
1.78613e-09
1.82109e-09
1.84694e-09
1.86433e-09
1.87376e-09
1.87566e-09
1.87043e-09
1.85836e-09
1.84167e-09
1.81984e-09
1.79181e-09
1.7585e-09
1.72186e-09
1.68172e-09
1.63856e-09
1.59282e-09
1.54495e-09
1.49535e-09
1.44441e-09
1.39246e-09
1.33982e-09
1.28676e-09
1.23353e-09
1.18035e-09
1.12741e-09
1.07488e-09
1.02289e-09
9.71556e-10
9.20969e-10
8.71179e-10
8.22236e-10
7.74201e-10
7.27129e-10
6.81055e-10
6.35992e-10
5.91943e-10
5.48899e-10
5.06842e-10
4.65754e-10
4.25613e-10
3.86403e-10
3.48119e-10
3.10772e-10
2.74406e-10
2.39107e-10
2.05025e-10
1.72389e-10
1.41521e-10
1.12843e-10
8.68508e-11
6.40645e-11
4.49317e-11
2.97055e-11
1.8327e-11
1.03727e-11
5.14166e-12
1.86913e-12
2.85846e-13
1.74256e-15
2.81331e-14
4.10484e-12
2.16689e-11
4.90931e-11
7.95276e-11
1.0864e-10
1.35007e-10
1.58481e-10
1.79305e-10
1.97798e-10
2.14259e-10
2.28888e-10
2.41821e-10
2.53177e-10
2.63054e-10
2.71528e-10
2.78667e-10
2.84528e-10
2.89171e-10
2.9265e-10
2.95015e-10
2.9631e-10
2.96568e-10
2.95788e-10
2.94442e-10
2.92202e-10
2.88908e-10
2.85002e-10
2.80435e-10
2.7527e-10
2.69571e-10
2.63398e-10
2.56814e-10
2.49874e-10
2.42634e-10
2.35145e-10
2.27456e-10
2.19611e-10
2.11651e-10
2.03612e-10
1.95528e-10
1.8743e-10
1.79343e-10
1.71289e-10
1.63281e-10
1.55298e-10
1.47351e-10
1.39475e-10
1.31695e-10
1.24031e-10
1.16492e-10
1.09086e-10
1.01815e-10
9.46802e-11
8.76785e-11
8.08062e-11
7.4058e-11
6.74284e-11
6.09123e-11
5.45071e-11
4.82146e-11
4.2045e-11
3.60209e-11
3.01831e-11
2.45966e-11
1.93538e-11
1.45738e-11
1.0391e-11
6.9298e-12
4.26603e-12
2.38873e-12
1.18418e-12
4.73018e-13
9.75116e-14
7.32474e-16
4.60374e-15
1.36821e-13
2.83101e-13
4.374e-13
5.89287e-13
7.3307e-13
8.66581e-13
9.89536e-13
1.1024e-12
1.20582e-12
1.30043e-12
1.38675e-12
1.46516e-12
1.53588e-12
1.59913e-12
1.65504e-12
1.70377e-12
1.74545e-12
1.78023e-12
1.80828e-12
1.82981e-12
1.84497e-12
1.85391e-12
1.85662e-12
1.85466e-12
1.84803e-12
1.83541e-12
1.8181e-12
1.79641e-12
1.7707e-12
1.74129e-12
1.70854e-12
1.67278e-12
1.63435e-12
1.59358e-12
1.55079e-12
1.50626e-12
1.4603e-12
1.41315e-12
1.36507e-12
1.31628e-12
1.26699e-12
1.21739e-12
1.16766e-12
1.11797e-12
1.06867e-12
1.0198e-12
9.71286e-13
9.23169e-13
8.75514e-13
8.28379e-13
7.81812e-13
7.35843e-13
6.90487e-13
6.4574e-13
6.01586e-13
5.57994e-13
5.14922e-13
4.7232e-13
4.30135e-13
3.88323e-13
3.46864e-13
3.05785e-13
2.65196e-13
2.25328e-13
1.86586e-13
1.49585e-13
1.15163e-13
8.43188e-14
5.80517e-14
3.71006e-14
2.16597e-14
1.12252e-14
4.69174e-15
1.54728e-16
)
;

boundaryField
{
    movingWall
    {
        type            nutkWallFunction;
        Cmu             0.09;
        kappa           0.41;
        E               9.8;
        value           uniform 0;
    }
    fixedWalls
    {
        type            nutkWallFunction;
        Cmu             0.09;
        kappa           0.41;
        E               9.8;
        value           uniform 0;
    }
    frontAndBack
    {
        type            empty;
    }
}


// ************************************************************************* //
