/*--------------------------------*- C++ -*----------------------------------*\
  =========                 |
  \\      /  F ield         | OpenFOAM: The Open Source CFD Toolbox
   \\    /   O peration     | Website:  https://openfoam.org
    \\  /    A nd           | Version:  12
     \\/     M anipulation  |
\*---------------------------------------------------------------------------*/
FoamFile
{
    format      ascii;
    class       volScalarField;
    location    "7.5";
    object      epsilon;
}
// * * * * * * * * * * * * * * * * * * * * * * * * * * * * * * * * * * * * * //

dimensions      [0 2 -3 0 0 0 0];

internalField   nonuniform List<scalar> 
5625
(
9.99201e-13
2.498e-13
2.498e-13
2.498e-13
2.498e-13
2.498e-13
2.498e-13
2.498e-13
2.498e-13
2.76849e-13
3.19586e-13
3.62699e-13
4.05779e-13
4.48651e-13
4.91181e-13
5.33232e-13
5.74661e-13
6.15317e-13
6.55051e-13
6.93711e-13
7.31151e-13
7.67227e-13
8.018e-13
8.3474e-13
8.65921e-13
8.95225e-13
9.22541e-13
9.47768e-13
9.70812e-13
9.91588e-13
1.01002e-12
1.02604e-12
1.0396e-12
1.05063e-12
1.05912e-12
1.06502e-12
1.06832e-12
1.06902e-12
1.0671e-12
1.06259e-12
1.0555e-12
1.04587e-12
1.03372e-12
1.01912e-12
1.00211e-12
9.82774e-13
9.61172e-13
9.37393e-13
9.11528e-13
8.83675e-13
8.5394e-13
8.22437e-13
7.89284e-13
7.54607e-13
7.18536e-13
6.81208e-13
6.42761e-13
6.03338e-13
5.63084e-13
5.2214e-13
4.80648e-13
4.3874e-13
3.96542e-13
3.54178e-13
3.11829e-13
2.69969e-13
2.498e-13
2.498e-13
2.498e-13
2.498e-13
2.498e-13
2.498e-13
2.498e-13
2.498e-13
9.99201e-13
9.99201e-13
2.10818e-13
9.57851e-14
8.06269e-14
8.58714e-14
9.48927e-14
1.04397e-13
1.14069e-13
1.24882e-13
1.39438e-13
1.57135e-13
1.76195e-13
1.95826e-13
2.15651e-13
2.35464e-13
2.55133e-13
2.74556e-13
2.93646e-13
3.12321e-13
3.30505e-13
3.48125e-13
3.6511e-13
3.81395e-13
3.96914e-13
4.11609e-13
4.25423e-13
4.38302e-13
4.50199e-13
4.61068e-13
4.70869e-13
4.79566e-13
4.87126e-13
4.93524e-13
4.98735e-13
5.02743e-13
5.05532e-13
5.07095e-13
5.07427e-13
5.06529e-13
5.04405e-13
5.01065e-13
4.96523e-13
4.90797e-13
4.83912e-13
4.75893e-13
4.66773e-13
4.56586e-13
4.45373e-13
4.33177e-13
4.20044e-13
4.06026e-13
3.91176e-13
3.75552e-13
3.59213e-13
3.42224e-13
3.24648e-13
3.06556e-13
2.88018e-13
2.69108e-13
2.49904e-13
2.30491e-13
2.10969e-13
1.91472e-13
1.72215e-13
1.53608e-13
1.36528e-13
1.22952e-13
1.12557e-13
1.03065e-13
9.36444e-14
8.46929e-14
7.96169e-14
9.55301e-14
2.10782e-13
9.99201e-13
9.99201e-13
2.11535e-13
1.07126e-13
8.22894e-14
7.68658e-14
7.86454e-14
8.36959e-14
9.06074e-14
9.89973e-14
1.08897e-13
1.20101e-13
1.32221e-13
1.44922e-13
1.57957e-13
1.71147e-13
1.84361e-13
1.97496e-13
2.10468e-13
2.23203e-13
2.35638e-13
2.47712e-13
2.59371e-13
2.70564e-13
2.81243e-13
2.91365e-13
3.00886e-13
3.0977e-13
3.17981e-13
3.25487e-13
3.32258e-13
3.38269e-13
3.43497e-13
3.47922e-13
3.51528e-13
3.54302e-13
3.56235e-13
3.57319e-13
3.57552e-13
3.56934e-13
3.55467e-13
3.5316e-13
3.50021e-13
3.46063e-13
3.41304e-13
3.35761e-13
3.29458e-13
3.22419e-13
3.14673e-13
3.06251e-13
2.97187e-13
2.87516e-13
2.77279e-13
2.66516e-13
2.55274e-13
2.43599e-13
2.31541e-13
2.19155e-13
2.06498e-13
1.93635e-13
1.80636e-13
1.67584e-13
1.54582e-13
1.41762e-13
1.29304e-13
1.1746e-13
1.06564e-13
9.69863e-14
8.88352e-14
8.208e-14
7.71232e-14
7.53933e-14
8.08431e-14
1.0576e-13
2.11264e-13
9.99201e-13
9.99201e-13
2.32617e-13
1.34843e-13
1.03646e-13
9.14607e-14
8.75531e-14
8.80919e-14
9.13702e-14
9.65448e-14
1.03155e-13
1.10877e-13
1.19435e-13
1.28599e-13
1.38179e-13
1.4802e-13
1.57999e-13
1.68014e-13
1.77978e-13
1.87819e-13
1.97473e-13
2.06882e-13
2.15996e-13
2.24768e-13
2.33155e-13
2.41117e-13
2.48618e-13
2.55625e-13
2.62109e-13
2.6804e-13
2.73395e-13
2.78152e-13
2.82291e-13
2.85796e-13
2.88653e-13
2.90851e-13
2.92382e-13
2.9324e-13
2.93423e-13
2.92931e-13
2.91766e-13
2.89932e-13
2.8744e-13
2.84299e-13
2.80522e-13
2.76126e-13
2.71129e-13
2.65552e-13
2.59419e-13
2.52756e-13
2.45592e-13
2.37958e-13
2.29888e-13
2.21419e-13
2.1259e-13
2.03444e-13
1.94028e-13
1.84393e-13
1.74594e-13
1.64695e-13
1.54768e-13
1.44897e-13
1.35183e-13
1.25747e-13
1.16743e-13
1.08354e-13
1.00805e-13
9.43543e-14
8.93055e-14
8.61026e-14
8.55731e-14
8.93942e-14
1.0133e-13
1.31941e-13
2.28352e-13
9.99201e-13
9.99201e-13
2.91293e-13
1.75277e-13
1.33526e-13
1.14365e-13
1.053e-13
1.01782e-13
1.01717e-13
1.03991e-13
1.07944e-13
1.13142e-13
1.19273e-13
1.261e-13
1.33435e-13
1.41125e-13
1.49045e-13
1.57092e-13
1.65176e-13
1.73223e-13
1.81168e-13
1.88951e-13
1.96522e-13
2.03834e-13
2.10846e-13
2.17518e-13
2.23817e-13
2.29712e-13
2.35173e-13
2.40175e-13
2.44695e-13
2.48712e-13
2.5221e-13
2.55172e-13
2.57587e-13
2.59444e-13
2.60735e-13
2.61455e-13
2.61601e-13
2.61175e-13
2.60177e-13
2.58612e-13
2.56488e-13
2.53814e-13
2.50602e-13
2.46867e-13
2.42626e-13
2.37897e-13
2.32703e-13
2.27068e-13
2.21019e-13
2.14584e-13
2.07797e-13
2.00692e-13
1.93308e-13
1.85687e-13
1.77875e-13
1.69923e-13
1.61889e-13
1.53838e-13
1.45843e-13
1.37992e-13
1.30387e-13
1.2315e-13
1.16429e-13
1.10407e-13
1.05316e-13
1.01455e-13
9.92458e-14
9.93316e-14
1.02803e-13
1.11714e-13
1.30543e-13
1.71633e-13
2.86418e-13
9.99201e-13
9.99201e-13
3.43178e-13
2.1477e-13
1.64638e-13
1.39753e-13
1.26435e-13
1.19546e-13
1.16679e-13
1.16532e-13
1.1832e-13
1.21532e-13
1.25812e-13
1.30897e-13
1.36584e-13
1.42713e-13
1.49154e-13
1.55797e-13
1.62552e-13
1.69339e-13
1.76091e-13
1.82747e-13
1.89254e-13
1.95566e-13
2.0164e-13
2.07436e-13
2.12922e-13
2.18065e-13
2.22838e-13
2.27215e-13
2.31175e-13
2.34696e-13
2.37763e-13
2.4036e-13
2.42475e-13
2.44098e-13
2.45223e-13
2.45843e-13
2.45957e-13
2.45564e-13
2.44666e-13
2.43267e-13
2.41375e-13
2.38999e-13
2.36149e-13
2.32841e-13
2.2909e-13
2.24914e-13
2.20335e-13
2.15377e-13
2.10066e-13
2.0443e-13
1.98502e-13
1.92317e-13
1.85913e-13
1.79334e-13
1.72626e-13
1.65843e-13
1.59044e-13
1.52296e-13
1.45677e-13
1.39277e-13
1.33203e-13
1.27582e-13
1.22572e-13
1.18369e-13
1.1523e-13
1.13503e-13
1.13687e-13
1.1655e-13
1.23371e-13
1.36517e-13
1.61055e-13
2.10545e-13
3.3793e-13
9.99201e-13
9.99201e-13
3.87649e-13
2.51212e-13
1.94784e-13
1.65446e-13
1.48772e-13
1.39195e-13
1.34072e-13
1.31964e-13
1.32001e-13
1.33619e-13
1.36427e-13
1.40141e-13
1.44544e-13
1.49467e-13
1.54772e-13
1.60345e-13
1.6609e-13
1.71927e-13
1.77784e-13
1.83599e-13
1.89317e-13
1.94889e-13
2.00272e-13
2.05427e-13
2.10317e-13
2.14913e-13
2.19184e-13
2.23107e-13
2.26658e-13
2.29818e-13
2.32569e-13
2.34897e-13
2.3679e-13
2.38239e-13
2.39235e-13
2.39774e-13
2.39853e-13
2.39473e-13
2.38634e-13
2.37342e-13
2.35602e-13
2.33425e-13
2.30822e-13
2.27806e-13
2.24393e-13
2.20602e-13
2.16454e-13
2.11972e-13
2.07184e-13
2.02119e-13
1.96808e-13
1.91289e-13
1.856e-13
1.79785e-13
1.73894e-13
1.67982e-13
1.62109e-13
1.56347e-13
1.50776e-13
1.45491e-13
1.40602e-13
1.36246e-13
1.32586e-13
1.29837e-13
1.28276e-13
1.28286e-13
1.30423e-13
1.35539e-13
1.45053e-13
1.61571e-13
1.90598e-13
2.46461e-13
3.82127e-13
9.99201e-13
9.99201e-13
4.25676e-13
2.84497e-13
2.23574e-13
1.90888e-13
1.71611e-13
1.59899e-13
1.52952e-13
1.49239e-13
1.47837e-13
1.48145e-13
1.49748e-13
1.52346e-13
1.5571e-13
1.59662e-13
1.64058e-13
1.6878e-13
1.73728e-13
1.78816e-13
1.83972e-13
1.89131e-13
1.94235e-13
1.99234e-13
2.04084e-13
2.08744e-13
2.13177e-13
2.17352e-13
2.21238e-13
2.24812e-13
2.28049e-13
2.3093e-13
2.33436e-13
2.35555e-13
2.37273e-13
2.3858e-13
2.3947e-13
2.39937e-13
2.39978e-13
2.39594e-13
2.38787e-13
2.37561e-13
2.35922e-13
2.3388e-13
2.31446e-13
2.28635e-13
2.25462e-13
2.21947e-13
2.18111e-13
2.13978e-13
2.09575e-13
2.04933e-13
2.00084e-13
1.95067e-13
1.89921e-13
1.84692e-13
1.79431e-13
1.74195e-13
1.69048e-13
1.64063e-13
1.59324e-13
1.54929e-13
1.50995e-13
1.47662e-13
1.45105e-13
1.43548e-13
1.43285e-13
1.44724e-13
1.48458e-13
1.55395e-13
1.67052e-13
1.86201e-13
2.18644e-13
2.79155e-13
4.19912e-13
9.99201e-13
9.99201e-13
4.59274e-13
3.16139e-13
2.52084e-13
2.16723e-13
1.95224e-13
1.81633e-13
1.73066e-13
1.67931e-13
1.65263e-13
1.64431e-13
1.64997e-13
1.66646e-13
1.69135e-13
1.72278e-13
1.75924e-13
1.79948e-13
1.84245e-13
1.88728e-13
1.93318e-13
1.9795e-13
2.02563e-13
2.07106e-13
2.11531e-13
2.15798e-13
2.19868e-13
2.23709e-13
2.2729e-13
2.30585e-13
2.33571e-13
2.36228e-13
2.38537e-13
2.40484e-13
2.42056e-13
2.43244e-13
2.44039e-13
2.44438e-13
2.44437e-13
2.44037e-13
2.43239e-13
2.42048e-13
2.40471e-13
2.38518e-13
2.362e-13
2.33533e-13
2.30531e-13
2.27215e-13
2.23608e-13
2.19733e-13
2.1562e-13
2.11298e-13
2.06802e-13
2.02171e-13
1.97447e-13
1.92677e-13
1.87914e-13
1.83217e-13
1.78652e-13
1.74296e-13
1.70237e-13
1.66576e-13
1.63436e-13
1.60963e-13
1.59341e-13
1.58804e-13
1.59662e-13
1.62343e-13
1.67466e-13
1.7598e-13
1.89459e-13
2.10765e-13
2.45833e-13
3.09531e-13
4.52667e-13
9.99201e-13
1.07187e-12
5.08288e-13
3.5441e-13
2.84286e-13
2.44943e-13
2.20578e-13
2.04795e-13
1.94473e-13
1.87884e-13
1.83978e-13
1.82071e-13
1.81688e-13
1.82487e-13
1.84209e-13
1.86654e-13
1.89659e-13
1.93095e-13
1.96849e-13
2.00829e-13
2.04954e-13
2.09154e-13
2.13367e-13
2.17538e-13
2.21619e-13
2.25566e-13
2.29342e-13
2.32912e-13
2.36244e-13
2.39312e-13
2.42092e-13
2.44563e-13
2.46707e-13
2.48508e-13
2.49954e-13
2.51036e-13
2.51744e-13
2.52075e-13
2.52027e-13
2.51598e-13
2.50792e-13
2.49613e-13
2.48069e-13
2.46169e-13
2.43926e-13
2.41354e-13
2.38471e-13
2.35297e-13
2.31855e-13
2.28171e-13
2.24273e-13
2.20193e-13
2.15968e-13
2.11637e-13
2.07243e-13
2.02837e-13
1.98473e-13
1.94213e-13
1.90125e-13
1.8629e-13
1.828e-13
1.79762e-13
1.77305e-13
1.75584e-13
1.74795e-13
1.75186e-13
1.77089e-13
1.80962e-13
1.87466e-13
1.97614e-13
2.13072e-13
2.36841e-13
2.75074e-13
3.42957e-13
4.91465e-13
1.03488e-12
1.22767e-12
5.79364e-13
4.02049e-13
3.21317e-13
2.76002e-13
2.47811e-13
2.29351e-13
2.17032e-13
2.08881e-13
2.03707e-13
2.0074e-13
1.99452e-13
1.99462e-13
2.00488e-13
2.02312e-13
2.04759e-13
2.07687e-13
2.10979e-13
2.14535e-13
2.1827e-13
2.22111e-13
2.25992e-13
2.29856e-13
2.33654e-13
2.37339e-13
2.40872e-13
2.44217e-13
2.47344e-13
2.50222e-13
2.52829e-13
2.55142e-13
2.57144e-13
2.58817e-13
2.60151e-13
2.61134e-13
2.61759e-13
2.62021e-13
2.61919e-13
2.61451e-13
2.60621e-13
2.59433e-13
2.57897e-13
2.56021e-13
2.53818e-13
2.51305e-13
2.48498e-13
2.4542e-13
2.42093e-13
2.38544e-13
2.34804e-13
2.30905e-13
2.26886e-13
2.22786e-13
2.18652e-13
2.14535e-13
2.10493e-13
2.06589e-13
2.02897e-13
1.995e-13
1.96497e-13
1.94e-13
1.92148e-13
1.91107e-13
1.91088e-13
1.92362e-13
1.95295e-13
2.00392e-13
2.08393e-13
2.20441e-13
2.38431e-13
2.65813e-13
3.097e-13
3.87718e-13
5.58867e-13
1.18441e-12
1.37914e-12
6.50554e-13
4.50803e-13
3.59558e-13
3.08135e-13
2.75962e-13
2.54706e-13
2.40319e-13
2.30574e-13
2.2413e-13
2.20124e-13
2.17967e-13
2.17237e-13
2.17624e-13
2.18886e-13
2.20836e-13
2.2332e-13
2.26212e-13
2.29406e-13
2.32812e-13
2.3635e-13
2.39953e-13
2.43562e-13
2.47123e-13
2.5059e-13
2.5392e-13
2.57078e-13
2.60031e-13
2.62748e-13
2.65206e-13
2.67382e-13
2.69258e-13
2.70817e-13
2.72046e-13
2.72935e-13
2.73478e-13
2.73668e-13
2.73504e-13
2.72986e-13
2.72118e-13
2.70904e-13
2.69352e-13
2.67475e-13
2.65284e-13
2.62797e-13
2.60032e-13
2.5701e-13
2.53756e-13
2.50299e-13
2.46669e-13
2.42901e-13
2.39033e-13
2.35109e-13
2.31176e-13
2.27288e-13
2.23504e-13
2.19893e-13
2.16531e-13
2.13507e-13
2.10924e-13
2.08905e-13
2.07595e-13
2.07177e-13
2.0788e-13
2.10002e-13
2.13945e-13
2.20272e-13
2.29812e-13
2.43847e-13
2.64515e-13
2.95704e-13
3.45422e-13
4.33453e-13
6.25886e-13
1.32721e-12
1.52841e-12
7.20884e-13
4.99267e-13
3.97812e-13
3.40439e-13
3.04364e-13
2.80358e-13
2.63934e-13
2.52624e-13
2.44944e-13
2.39937e-13
2.36953e-13
2.3553e-13
2.35326e-13
2.36079e-13
2.37584e-13
2.39676e-13
2.42219e-13
2.451e-13
2.48223e-13
2.51505e-13
2.54874e-13
2.58267e-13
2.6163e-13
2.64912e-13
2.68072e-13
2.7107e-13
2.73874e-13
2.76452e-13
2.78779e-13
2.80833e-13
2.82594e-13
2.84046e-13
2.85176e-13
2.85974e-13
2.86432e-13
2.86545e-13
2.86312e-13
2.85733e-13
2.84812e-13
2.83554e-13
2.81969e-13
2.80068e-13
2.77864e-13
2.75374e-13
2.72619e-13
2.69621e-13
2.66405e-13
2.63e-13
2.5944e-13
2.55759e-13
2.51998e-13
2.48202e-13
2.44421e-13
2.40711e-13
2.37134e-13
2.33762e-13
2.30675e-13
2.27968e-13
2.2575e-13
2.24152e-13
2.23332e-13
2.23486e-13
2.24861e-13
2.27785e-13
2.32698e-13
2.4022e-13
2.51264e-13
2.67248e-13
2.90534e-13
3.25417e-13
3.80737e-13
4.78328e-13
6.91129e-13
1.46576e-12
1.67564e-12
7.9027e-13
5.47156e-13
4.35709e-13
3.72533e-13
3.32662e-13
3.05986e-13
2.87589e-13
2.74769e-13
2.65901e-13
2.59941e-13
2.56178e-13
2.54107e-13
2.53358e-13
2.53646e-13
2.54751e-13
2.56494e-13
2.58731e-13
2.61341e-13
2.64221e-13
2.67283e-13
2.70452e-13
2.73663e-13
2.76856e-13
2.79982e-13
2.82995e-13
2.85855e-13
2.88528e-13
2.90983e-13
2.93193e-13
2.95134e-13
2.96788e-13
2.98138e-13
2.99171e-13
2.99875e-13
3.00245e-13
3.00275e-13
2.99965e-13
2.99313e-13
2.98326e-13
2.97008e-13
2.9537e-13
2.93423e-13
2.91183e-13
2.88666e-13
2.85893e-13
2.82889e-13
2.79679e-13
2.76294e-13
2.72767e-13
2.69136e-13
2.65444e-13
2.61736e-13
2.58064e-13
2.54488e-13
2.51072e-13
2.47892e-13
2.45033e-13
2.42595e-13
2.40693e-13
2.39467e-13
2.39085e-13
2.39759e-13
2.41757e-13
2.4543e-13
2.51258e-13
2.59915e-13
2.72394e-13
2.90243e-13
3.16034e-13
3.54453e-13
4.15141e-13
5.21918e-13
7.54391e-13
1.60008e-12
1.82049e-12
8.58536e-13
5.943e-13
4.73059e-13
4.04216e-13
3.60652e-13
3.31387e-13
3.11085e-13
2.96814e-13
2.86812e-13
2.79947e-13
2.7545e-13
2.72776e-13
2.71523e-13
2.71388e-13
2.72131e-13
2.73563e-13
2.75529e-13
2.77901e-13
2.8057e-13
2.83443e-13
2.8644e-13
2.89493e-13
2.92541e-13
2.95531e-13
2.98416e-13
3.01154e-13
3.03711e-13
3.06053e-13
3.08154e-13
3.0999e-13
3.1154e-13
3.12789e-13
3.13723e-13
3.14332e-13
3.14608e-13
3.14547e-13
3.14148e-13
3.13412e-13
3.12344e-13
3.10951e-13
3.09241e-13
3.0723e-13
3.04931e-13
3.02363e-13
2.99548e-13
2.9651e-13
2.93278e-13
2.89882e-13
2.86358e-13
2.82744e-13
2.79085e-13
2.75428e-13
2.71829e-13
2.68348e-13
2.65054e-13
2.62025e-13
2.59351e-13
2.57137e-13
2.55506e-13
2.54605e-13
2.54615e-13
2.5576e-13
2.58327e-13
2.62694e-13
2.69376e-13
2.79098e-13
2.92933e-13
3.12548e-13
3.40722e-13
3.82512e-13
4.48336e-13
5.63931e-13
8.15334e-13
1.72948e-12
1.96251e-12
9.25472e-13
6.40541e-13
5.0972e-13
4.35346e-13
3.88189e-13
3.56415e-13
3.34275e-13
3.18612e-13
3.07527e-13
2.99804e-13
2.94617e-13
2.91379e-13
2.89661e-13
2.89137e-13
2.89553e-13
2.90706e-13
2.92432e-13
2.94594e-13
2.97077e-13
2.99785e-13
3.02633e-13
3.05549e-13
3.0847e-13
3.11339e-13
3.14109e-13
3.16737e-13
3.19186e-13
3.21423e-13
3.23419e-13
3.25152e-13
3.26599e-13
3.27746e-13
3.28577e-13
3.29084e-13
3.29258e-13
3.29097e-13
3.28598e-13
3.27765e-13
3.26601e-13
3.25115e-13
3.23317e-13
3.2122e-13
3.18842e-13
3.16201e-13
3.1332e-13
3.10224e-13
3.06943e-13
3.03509e-13
2.99958e-13
2.96332e-13
2.92675e-13
2.89038e-13
2.85478e-13
2.82057e-13
2.78848e-13
2.75933e-13
2.73406e-13
2.71377e-13
2.69975e-13
2.69357e-13
2.69712e-13
2.71278e-13
2.74362e-13
2.79366e-13
2.86839e-13
2.97555e-13
3.1266e-13
3.33939e-13
3.64365e-13
4.09354e-13
4.80062e-13
6.04065e-13
8.7354e-13
1.85308e-12
2.10125e-12
9.90873e-13
6.85734e-13
5.45569e-13
4.6581e-13
4.15164e-13
3.80961e-13
3.5705e-13
3.40049e-13
3.27931e-13
3.19394e-13
3.13555e-13
3.0979e-13
3.07641e-13
3.0676e-13
3.06877e-13
3.07778e-13
3.09288e-13
3.11264e-13
3.13583e-13
3.16145e-13
3.18861e-13
3.21654e-13
3.2446e-13
3.2722e-13
3.29885e-13
3.32409e-13
3.34755e-13
3.36889e-13
3.38782e-13
3.4041e-13
3.41752e-13
3.4279e-13
3.43513e-13
3.43909e-13
3.43972e-13
3.43699e-13
3.43088e-13
3.42142e-13
3.40867e-13
3.39272e-13
3.37366e-13
3.35166e-13
3.32687e-13
3.29952e-13
3.26981e-13
3.23804e-13
3.2045e-13
3.16952e-13
3.13348e-13
3.09682e-13
3.05999e-13
3.02352e-13
2.98799e-13
2.95408e-13
2.92252e-13
2.89417e-13
2.87001e-13
2.8512e-13
2.83908e-13
2.83531e-13
2.84187e-13
2.86129e-13
2.89679e-13
2.95262e-13
3.0346e-13
3.15095e-13
3.31382e-13
3.54216e-13
3.86754e-13
4.34753e-13
5.10069e-13
6.42013e-13
9.28571e-13
1.96993e-12
2.23635e-12
1.05456e-12
7.29757e-13
5.80504e-13
4.95517e-13
4.41489e-13
4.04939e-13
3.7932e-13
3.61036e-13
3.47932e-13
3.38621e-13
3.32167e-13
3.27908e-13
3.25357e-13
3.24146e-13
3.23989e-13
3.2466e-13
3.25975e-13
3.27782e-13
3.29955e-13
3.32385e-13
3.3498e-13
3.37662e-13
3.40362e-13
3.43019e-13
3.45583e-13
3.48006e-13
3.5025e-13
3.5228e-13
3.54067e-13
3.55586e-13
3.56816e-13
3.57739e-13
3.58343e-13
3.58618e-13
3.58557e-13
3.58158e-13
3.5742e-13
3.56347e-13
3.54943e-13
3.5322e-13
3.51189e-13
3.48864e-13
3.46265e-13
3.43413e-13
3.40332e-13
3.3705e-13
3.33599e-13
3.30013e-13
3.26332e-13
3.22599e-13
3.18864e-13
3.1518e-13
3.11608e-13
3.08216e-13
3.05083e-13
3.02296e-13
2.99959e-13
2.98191e-13
2.97133e-13
2.96957e-13
2.97873e-13
3.00143e-13
3.04107e-13
3.10213e-13
3.1907e-13
3.31547e-13
3.48922e-13
3.73194e-13
4.07695e-13
4.58496e-13
5.38109e-13
6.77467e-13
9.79983e-13
2.07911e-12
2.36752e-12
1.1164e-12
7.72511e-13
6.14447e-13
5.24396e-13
4.67098e-13
4.28283e-13
4.0102e-13
3.81506e-13
3.67458e-13
3.57412e-13
3.50377e-13
3.45652e-13
3.42725e-13
3.41207e-13
3.40797e-13
3.41257e-13
3.42393e-13
3.44046e-13
3.46083e-13
3.48391e-13
3.50875e-13
3.53451e-13
3.5605e-13
3.58607e-13
3.6107e-13
3.63391e-13
3.6553e-13
3.67452e-13
3.69127e-13
3.70528e-13
3.71636e-13
3.72433e-13
3.72907e-13
3.73047e-13
3.72848e-13
3.72307e-13
3.71425e-13
3.70206e-13
3.68656e-13
3.66786e-13
3.64608e-13
3.62139e-13
3.59399e-13
3.56408e-13
3.53194e-13
3.49785e-13
3.46214e-13
3.42517e-13
3.38734e-13
3.34911e-13
3.31098e-13
3.27352e-13
3.23734e-13
3.20315e-13
3.17177e-13
3.14409e-13
3.1212e-13
3.10432e-13
3.09493e-13
3.09481e-13
3.10614e-13
3.13168e-13
3.17495e-13
3.24064e-13
3.33513e-13
3.4675e-13
3.65115e-13
3.90701e-13
4.27e-13
4.80375e-13
5.63941e-13
7.10126e-13
1.02734e-12
2.17968e-12
2.49455e-12
1.17629e-12
8.13929e-13
6.47341e-13
5.52395e-13
4.9194e-13
4.50943e-13
4.22101e-13
4.01408e-13
3.86458e-13
3.75711e-13
3.68125e-13
3.6296e-13
3.5968e-13
3.57874e-13
3.57229e-13
3.57492e-13
3.58462e-13
3.59971e-13
3.61881e-13
3.64074e-13
3.6645e-13
3.68924e-13
3.71421e-13
3.73877e-13
3.76236e-13
3.78451e-13
3.80478e-13
3.82283e-13
3.83835e-13
3.85109e-13
3.86082e-13
3.86739e-13
3.87067e-13
3.87055e-13
3.86701e-13
3.86e-13
3.84955e-13
3.83569e-13
3.81852e-13
3.79814e-13
3.77469e-13
3.74834e-13
3.7193e-13
3.6878e-13
3.6541e-13
3.61851e-13
3.58138e-13
3.54306e-13
3.50399e-13
3.46462e-13
3.42548e-13
3.38715e-13
3.35026e-13
3.31555e-13
3.28384e-13
3.25609e-13
3.23337e-13
3.21699e-13
3.20845e-13
3.2096e-13
3.2227e-13
3.25062e-13
3.297e-13
3.36673e-13
3.46644e-13
3.60556e-13
3.79806e-13
4.06572e-13
4.44491e-13
5.0019e-13
5.87333e-13
7.39697e-13
1.07023e-12
2.27075e-12
2.61731e-12
1.23418e-12
8.5397e-13
6.79152e-13
5.79483e-13
5.15988e-13
4.7289e-13
4.42531e-13
4.20707e-13
4.04896e-13
3.93481e-13
3.8537e-13
3.79789e-13
3.76175e-13
3.74099e-13
3.73231e-13
3.73309e-13
3.74121e-13
3.75494e-13
3.77281e-13
3.79362e-13
3.81632e-13
3.84002e-13
3.86395e-13
3.88744e-13
3.90994e-13
3.93092e-13
3.94998e-13
3.96675e-13
3.98091e-13
3.99221e-13
4.00044e-13
4.00543e-13
4.00706e-13
4.00524e-13
3.99993e-13
3.99111e-13
3.97881e-13
3.96308e-13
3.94401e-13
3.92172e-13
3.89636e-13
3.86812e-13
3.83721e-13
3.80388e-13
3.76839e-13
3.73108e-13
3.69229e-13
3.6524e-13
3.61185e-13
3.57112e-13
3.53074e-13
3.49131e-13
3.45347e-13
3.41799e-13
3.38571e-13
3.3576e-13
3.33479e-13
3.31859e-13
3.31057e-13
3.31264e-13
3.32711e-13
3.35694e-13
3.40591e-13
3.47906e-13
3.58325e-13
3.72824e-13
3.92847e-13
4.2065e-13
4.59998e-13
5.17752e-13
6.08061e-13
7.65902e-13
1.10823e-12
2.35146e-12
2.73579e-12
1.29006e-12
8.92626e-13
7.09871e-13
6.05652e-13
5.39228e-13
4.94111e-13
4.62295e-13
4.39386e-13
4.2275e-13
4.10698e-13
4.02087e-13
3.96111e-13
3.92179e-13
3.89846e-13
3.88767e-13
3.88668e-13
3.89329e-13
3.90569e-13
3.92236e-13
3.94204e-13
3.96365e-13
3.98627e-13
4.00909e-13
4.03144e-13
4.05273e-13
4.07244e-13
4.09014e-13
4.10547e-13
4.1181e-13
4.12778e-13
4.13431e-13
4.13751e-13
4.13727e-13
4.13352e-13
4.12621e-13
4.11534e-13
4.10094e-13
4.08308e-13
4.06187e-13
4.03742e-13
4.00991e-13
3.97953e-13
3.9465e-13
3.91109e-13
3.87358e-13
3.8343e-13
3.79362e-13
3.75193e-13
3.70968e-13
3.66736e-13
3.62551e-13
3.58474e-13
3.54573e-13
3.50924e-13
3.47613e-13
3.44741e-13
3.42423e-13
3.40792e-13
3.4001e-13
3.40272e-13
3.41816e-13
3.44944e-13
3.50047e-13
3.5764e-13
3.6843e-13
3.83422e-13
4.04101e-13
4.32789e-13
4.7336e-13
5.3288e-13
6.25913e-13
7.88471e-13
1.14096e-12
2.42099e-12
2.85005e-12
1.34395e-12
9.29917e-13
7.39513e-13
6.30911e-13
5.61668e-13
5.14609e-13
4.81393e-13
4.57443e-13
4.40017e-13
4.27354e-13
4.18265e-13
4.11911e-13
4.07676e-13
4.05097e-13
4.03816e-13
4.03546e-13
4.0406e-13
4.05168e-13
4.06714e-13
4.08566e-13
4.10613e-13
4.12758e-13
4.1492e-13
4.17029e-13
4.19024e-13
4.20852e-13
4.22469e-13
4.23839e-13
4.24928e-13
4.25713e-13
4.26171e-13
4.26288e-13
4.26052e-13
4.25457e-13
4.24499e-13
4.2318e-13
4.21503e-13
4.19476e-13
4.17112e-13
4.14424e-13
4.1143e-13
4.0815e-13
4.04609e-13
4.00834e-13
3.96856e-13
3.92707e-13
3.88425e-13
3.84052e-13
3.79633e-13
3.75219e-13
3.70864e-13
3.66632e-13
3.6259e-13
3.58817e-13
3.554e-13
3.52442e-13
3.50059e-13
3.48389e-13
3.47595e-13
3.47875e-13
3.49475e-13
3.52702e-13
3.57954e-13
3.6576e-13
3.76843e-13
3.92228e-13
4.13439e-13
4.4285e-13
4.84427e-13
5.45405e-13
6.40691e-13
8.07153e-13
1.16806e-12
2.47856e-12
2.96025e-12
1.39593e-12
9.65891e-13
7.68114e-13
6.55289e-13
5.83332e-13
5.34402e-13
4.9984e-13
4.7489e-13
4.56704e-13
4.43456e-13
4.33909e-13
4.27192e-13
4.22666e-13
4.1985e-13
4.18372e-13
4.17935e-13
4.18303e-13
4.19278e-13
4.20699e-13
4.2243e-13
4.24354e-13
4.26374e-13
4.28403e-13
4.30371e-13
4.32214e-13
4.33881e-13
4.35324e-13
4.36508e-13
4.374e-13
4.37974e-13
4.38211e-13
4.38097e-13
4.37619e-13
4.36774e-13
4.35559e-13
4.33976e-13
4.3203e-13
4.29732e-13
4.27094e-13
4.24132e-13
4.20865e-13
4.17315e-13
4.13507e-13
4.09471e-13
4.05237e-13
4.0084e-13
3.9632e-13
3.91719e-13
3.87082e-13
3.82462e-13
3.77915e-13
3.73504e-13
3.69298e-13
3.65378e-13
3.61832e-13
3.58762e-13
3.56288e-13
3.54549e-13
3.53711e-13
3.53975e-13
3.55589e-13
3.58867e-13
3.64213e-13
3.72163e-13
3.83455e-13
3.99132e-13
4.20744e-13
4.50707e-13
4.93061e-13
5.55169e-13
6.52208e-13
8.21715e-13
1.18919e-12
2.52344e-12
3.06663e-12
1.44611e-12
1.00063e-12
7.95734e-13
6.78834e-13
6.04258e-13
5.53526e-13
5.17665e-13
4.91752e-13
4.72835e-13
4.59022e-13
4.49034e-13
4.41967e-13
4.37161e-13
4.34115e-13
4.32444e-13
4.31843e-13
4.32063e-13
4.32903e-13
4.34194e-13
4.35795e-13
4.37587e-13
4.39467e-13
4.41349e-13
4.43157e-13
4.4483e-13
4.46312e-13
4.47557e-13
4.48528e-13
4.49194e-13
4.49528e-13
4.49514e-13
4.49135e-13
4.48383e-13
4.47253e-13
4.45746e-13
4.43864e-13
4.41616e-13
4.39011e-13
4.36065e-13
4.32795e-13
4.29222e-13
4.25369e-13
4.21264e-13
4.16936e-13
4.12418e-13
4.07746e-13
4.0296e-13
3.98104e-13
3.93226e-13
3.88376e-13
3.83613e-13
3.79e-13
3.74609e-13
3.70518e-13
3.66819e-13
3.63613e-13
3.61022e-13
3.59186e-13
3.58271e-13
3.58482e-13
3.60069e-13
3.63349e-13
3.6873e-13
3.76756e-13
3.88171e-13
4.04033e-13
4.25909e-13
4.56247e-13
4.99136e-13
5.6203e-13
6.60298e-13
8.31943e-13
1.20404e-12
2.555e-12
3.16951e-12
1.49465e-12
1.03422e-12
8.22451e-13
7.01611e-13
6.24503e-13
5.72027e-13
5.34911e-13
5.08066e-13
4.88443e-13
4.74085e-13
4.63671e-13
4.56265e-13
4.51186e-13
4.47916e-13
4.46056e-13
4.4529e-13
4.45361e-13
4.4606e-13
4.47213e-13
4.48675e-13
4.50321e-13
4.52047e-13
4.53763e-13
4.55393e-13
4.56871e-13
4.58142e-13
4.59162e-13
4.59891e-13
4.60297e-13
4.60359e-13
4.60056e-13
4.59376e-13
4.58312e-13
4.5686e-13
4.55022e-13
4.52803e-13
4.50212e-13
4.47263e-13
4.43971e-13
4.40356e-13
4.36441e-13
4.3225e-13
4.27813e-13
4.23161e-13
4.18328e-13
4.13351e-13
4.08272e-13
4.03135e-13
3.97988e-13
3.92884e-13
3.87881e-13
3.83044e-13
3.78444e-13
3.7416e-13
3.70283e-13
3.66918e-13
3.64183e-13
3.6222e-13
3.61198e-13
3.61319e-13
3.62837e-13
3.66069e-13
3.71427e-13
3.79456e-13
3.90906e-13
4.06842e-13
4.28842e-13
4.59369e-13
5.02541e-13
5.65864e-13
6.64812e-13
8.3765e-13
1.21233e-12
2.57263e-12
3.26928e-12
1.54172e-12
1.0668e-12
8.48361e-13
7.23699e-13
6.44134e-13
5.89966e-13
5.51631e-13
5.23883e-13
5.03574e-13
4.88687e-13
4.77859e-13
4.70124e-13
4.64778e-13
4.61288e-13
4.59241e-13
4.58309e-13
4.58228e-13
4.58781e-13
4.59789e-13
4.61099e-13
4.62586e-13
4.6414e-13
4.65669e-13
4.67096e-13
4.68353e-13
4.69386e-13
4.70147e-13
4.70599e-13
4.70711e-13
4.70461e-13
4.69831e-13
4.6881e-13
4.67391e-13
4.65573e-13
4.63361e-13
4.60761e-13
4.57785e-13
4.54449e-13
4.50769e-13
4.46769e-13
4.42472e-13
4.37905e-13
4.331e-13
4.28089e-13
4.22907e-13
4.17594e-13
4.12191e-13
4.06745e-13
4.01303e-13
3.95919e-13
3.90653e-13
3.85568e-13
3.80735e-13
3.76236e-13
3.72159e-13
3.68608e-13
3.65704e-13
3.63587e-13
3.62425e-13
3.62422e-13
3.63828e-13
3.66963e-13
3.72236e-13
3.80196e-13
3.91591e-13
4.07487e-13
4.29464e-13
4.59989e-13
5.03184e-13
5.66565e-13
6.65625e-13
8.38678e-13
1.21383e-12
2.57586e-12
3.36639e-12
1.58753e-12
1.09852e-12
8.73577e-13
7.45191e-13
6.63231e-13
6.07413e-13
5.67891e-13
5.39261e-13
5.18283e-13
5.02881e-13
4.91649e-13
4.83593e-13
4.77987e-13
4.7428e-13
4.72046e-13
4.70948e-13
4.70711e-13
4.71111e-13
4.71963e-13
4.7311e-13
4.7442e-13
4.75783e-13
4.77103e-13
4.78301e-13
4.79308e-13
4.80069e-13
4.80536e-13
4.80673e-13
4.80451e-13
4.79846e-13
4.78844e-13
4.77434e-13
4.75614e-13
4.73384e-13
4.70749e-13
4.67721e-13
4.64312e-13
4.60541e-13
4.56429e-13
4.51998e-13
4.47276e-13
4.42293e-13
4.3708e-13
4.31672e-13
4.26107e-13
4.20424e-13
4.14667e-13
4.08881e-13
4.03117e-13
3.97428e-13
3.91873e-13
3.86517e-13
3.81429e-13
3.76691e-13
3.72391e-13
3.68632e-13
3.65534e-13
3.63235e-13
3.61903e-13
3.61739e-13
3.62992e-13
3.6598e-13
3.7111e-13
3.78926e-13
3.90175e-13
4.05916e-13
4.27721e-13
4.58049e-13
5.01e-13
5.64058e-13
6.62647e-13
8.34909e-13
1.20838e-12
2.56431e-12
3.46134e-12
1.63232e-12
1.12952e-12
8.98221e-13
7.66189e-13
6.81882e-13
6.24447e-13
5.8376e-13
5.54266e-13
5.32634e-13
5.16727e-13
5.05101e-13
4.96731e-13
4.9087e-13
4.86949e-13
4.8453e-13
4.83264e-13
4.82867e-13
4.83107e-13
4.83792e-13
4.84761e-13
4.85878e-13
4.87028e-13
4.88113e-13
4.89053e-13
4.89777e-13
4.90229e-13
4.90364e-13
4.90144e-13
4.89541e-13
4.88534e-13
4.8711e-13
4.85262e-13
4.82988e-13
4.80292e-13
4.77183e-13
4.73673e-13
4.6978e-13
4.65523e-13
4.60927e-13
4.56018e-13
4.50826e-13
4.45381e-13
4.39718e-13
4.33874e-13
4.27887e-13
4.21799e-13
4.15655e-13
4.095e-13
4.03386e-13
3.97366e-13
3.91498e-13
3.85846e-13
3.80482e-13
3.75483e-13
3.70939e-13
3.66949e-13
3.63632e-13
3.61125e-13
3.59592e-13
3.59231e-13
3.6029e-13
3.63081e-13
3.68006e-13
3.75605e-13
3.86614e-13
4.02082e-13
4.23565e-13
4.53494e-13
4.9593e-13
5.58277e-13
6.558e-13
8.26246e-13
1.19583e-12
2.53768e-12
3.55466e-12
1.67635e-12
1.15998e-12
9.22427e-13
7.86803e-13
7.00184e-13
6.41154e-13
5.99318e-13
5.68972e-13
5.46696e-13
5.30294e-13
5.1828e-13
5.09603e-13
5.03492e-13
4.99362e-13
4.96758e-13
4.95323e-13
4.94762e-13
4.94834e-13
4.95342e-13
4.96118e-13
4.97022e-13
4.97936e-13
4.98759e-13
4.99408e-13
4.99813e-13
4.99917e-13
4.99675e-13
4.99051e-13
4.98017e-13
4.96556e-13
4.94655e-13
4.92312e-13
4.89526e-13
4.86306e-13
4.82664e-13
4.78615e-13
4.7418e-13
4.69383e-13
4.6425e-13
4.58811e-13
4.53097e-13
4.47143e-13
4.40986e-13
4.34664e-13
4.28217e-13
4.21689e-13
4.15125e-13
4.0857e-13
4.02077e-13
3.95699e-13
3.89494e-13
3.83525e-13
3.77862e-13
3.72581e-13
3.67771e-13
3.63528e-13
3.59969e-13
3.57227e-13
3.55464e-13
3.54874e-13
3.55699e-13
3.58244e-13
3.62906e-13
3.70213e-13
3.80891e-13
3.95969e-13
4.16979e-13
4.4631e-13
4.87956e-13
5.49201e-13
6.45059e-13
8.12654e-13
1.17612e-12
2.49585e-12
3.64691e-12
1.71986e-12
1.19008e-12
9.46331e-13
8.07147e-13
7.18233e-13
6.5762e-13
6.14645e-13
5.83456e-13
5.60543e-13
5.43652e-13
5.31259e-13
5.22282e-13
5.15926e-13
5.1159e-13
5.08805e-13
5.07199e-13
5.06471e-13
5.06369e-13
5.06688e-13
5.07256e-13
5.07927e-13
5.08579e-13
5.09109e-13
5.09432e-13
5.09478e-13
5.09189e-13
5.08522e-13
5.0744e-13
5.0592e-13
5.03945e-13
5.01507e-13
4.98606e-13
4.95246e-13
4.91439e-13
4.872e-13
4.82549e-13
4.77511e-13
4.72113e-13
4.66385e-13
4.60359e-13
4.54072e-13
4.47561e-13
4.40863e-13
4.34021e-13
4.27075e-13
4.20069e-13
4.1305e-13
4.06066e-13
3.99166e-13
3.92405e-13
3.85839e-13
3.79532e-13
3.7355e-13
3.67969e-13
3.62873e-13
3.58358e-13
3.54536e-13
3.51536e-13
3.49517e-13
3.48666e-13
3.49218e-13
3.51472e-13
3.55814e-13
3.62759e-13
3.73015e-13
3.87588e-13
4.07974e-13
4.36508e-13
4.77092e-13
5.36845e-13
6.30439e-13
7.94151e-13
1.14928e-12
2.43888e-12
3.73864e-12
1.76312e-12
1.21999e-12
9.70068e-13
8.27333e-13
7.36128e-13
6.73935e-13
6.29823e-13
5.97795e-13
5.7425e-13
5.56878e-13
5.44112e-13
5.34842e-13
5.28249e-13
5.23713e-13
5.20751e-13
5.18975e-13
5.18076e-13
5.17793e-13
5.17912e-13
5.18254e-13
5.18669e-13
5.19032e-13
5.19234e-13
5.19193e-13
5.18836e-13
5.18105e-13
5.16958e-13
5.1536e-13
5.13292e-13
5.10739e-13
5.07697e-13
5.0417e-13
5.00166e-13
4.95702e-13
4.90797e-13
4.85477e-13
4.79769e-13
4.73706e-13
4.67321e-13
4.60653e-13
4.53738e-13
4.46617e-13
4.39332e-13
4.31924e-13
4.24438e-13
4.16919e-13
4.09414e-13
4.0197e-13
3.94637e-13
3.8747e-13
3.80524e-13
3.73859e-13
3.67541e-13
3.61642e-13
3.56245e-13
3.51442e-13
3.47339e-13
3.44062e-13
3.41762e-13
3.40623e-13
3.40868e-13
3.42788e-13
3.46755e-13
3.53269e-13
3.63017e-13
3.76973e-13
3.96589e-13
4.2413e-13
4.63386e-13
5.21263e-13
6.12003e-13
7.70816e-13
1.11543e-12
2.36699e-12
3.83037e-12
1.80637e-12
1.24987e-12
9.93767e-13
8.47469e-13
7.53963e-13
6.90183e-13
6.44932e-13
6.12064e-13
5.87892e-13
5.70045e-13
5.56915e-13
5.47361e-13
5.40539e-13
5.35812e-13
5.32676e-13
5.30735e-13
5.29662e-13
5.29191e-13
5.29098e-13
5.29196e-13
5.29331e-13
5.29372e-13
5.29213e-13
5.28763e-13
5.27952e-13
5.26724e-13
5.25036e-13
5.22858e-13
5.20172e-13
5.1697e-13
5.1325e-13
5.09021e-13
5.04298e-13
4.99101e-13
4.93457e-13
4.87394e-13
4.80946e-13
4.74151e-13
4.67047e-13
4.59675e-13
4.52076e-13
4.44294e-13
4.36373e-13
4.28357e-13
4.20293e-13
4.12226e-13
4.04203e-13
3.96273e-13
3.88485e-13
3.80892e-13
3.73547e-13
3.66509e-13
3.59842e-13
3.53615e-13
3.47904e-13
3.428e-13
3.38402e-13
3.34832e-13
3.32232e-13
3.30781e-13
3.30689e-13
3.32236e-13
3.3578e-13
3.418e-13
3.50957e-13
3.6419e-13
3.82895e-13
4.09257e-13
4.46924e-13
5.02554e-13
5.89868e-13
7.42796e-13
1.07477e-12
2.28064e-12
3.92258e-12
1.84983e-12
1.27989e-12
1.01754e-12
8.67651e-13
7.71822e-13
7.06441e-13
6.60044e-13
6.26337e-13
6.01541e-13
5.83226e-13
5.69742e-13
5.59915e-13
5.52876e-13
5.47966e-13
5.44666e-13
5.42562e-13
5.41315e-13
5.40648e-13
5.40329e-13
5.40164e-13
5.39992e-13
5.39679e-13
5.39113e-13
5.38206e-13
5.36885e-13
5.35097e-13
5.32801e-13
5.2997e-13
5.26591e-13
5.22659e-13
5.1818e-13
5.13168e-13
5.07643e-13
5.01633e-13
4.95169e-13
4.88286e-13
4.81026e-13
4.73429e-13
4.65539e-13
4.57401e-13
4.49062e-13
4.40567e-13
4.31965e-13
4.23301e-13
4.14622e-13
4.05976e-13
3.9741e-13
3.88972e-13
3.80711e-13
3.72676e-13
3.64921e-13
3.57501e-13
3.50477e-13
3.43913e-13
3.37884e-13
3.32471e-13
3.27771e-13
3.23897e-13
3.20985e-13
3.19201e-13
3.18749e-13
3.1989e-13
3.22967e-13
3.28436e-13
3.36927e-13
3.49338e-13
3.67002e-13
3.92007e-13
4.27841e-13
4.8087e-13
5.64214e-13
7.10315e-13
1.02763e-12
2.1805e-12
4.01567e-12
1.8937e-12
1.31016e-12
1.0415e-12
8.87962e-13
7.89779e-13
7.22778e-13
6.75224e-13
6.40675e-13
6.1526e-13
5.96487e-13
5.82662e-13
5.72576e-13
5.65335e-13
5.60255e-13
5.56799e-13
5.54537e-13
5.53116e-13
5.52247e-13
5.51687e-13
5.51236e-13
5.50725e-13
5.50017e-13
5.48998e-13
5.47577e-13
5.45683e-13
5.43264e-13
5.40284e-13
5.36719e-13
5.32562e-13
5.27813e-13
5.22486e-13
5.16601e-13
5.10185e-13
5.03274e-13
4.95906e-13
4.88124e-13
4.79973e-13
4.71503e-13
4.62761e-13
4.53798e-13
4.44664e-13
4.35408e-13
4.26082e-13
4.16733e-13
4.0741e-13
3.9816e-13
3.8903e-13
3.80068e-13
3.71322e-13
3.62839e-13
3.54669e-13
3.46865e-13
3.39483e-13
3.32584e-13
3.26235e-13
3.20515e-13
3.15512e-13
3.11331e-13
3.08099e-13
3.05972e-13
3.05142e-13
3.05852e-13
3.08426e-13
3.13296e-13
3.21055e-13
3.32555e-13
3.49058e-13
3.72543e-13
4.06318e-13
4.56418e-13
5.35285e-13
6.73684e-13
9.74457e-13
2.06754e-12
4.10995e-12
1.93811e-12
1.34077e-12
1.06571e-12
9.08464e-13
8.07888e-13
7.39244e-13
6.90524e-13
6.55132e-13
6.29105e-13
6.09887e-13
5.95736e-13
5.85409e-13
5.77983e-13
5.72748e-13
5.69148e-13
5.66734e-13
5.65138e-13
5.64058e-13
5.6324e-13
5.62476e-13
5.6159e-13
5.60441e-13
5.58912e-13
5.56913e-13
5.54373e-13
5.51244e-13
5.47493e-13
5.43104e-13
5.38073e-13
5.32412e-13
5.26139e-13
5.19284e-13
5.11883e-13
5.03979e-13
4.95619e-13
4.86853e-13
4.77736e-13
4.6832e-13
4.58661e-13
4.48815e-13
4.38836e-13
4.28777e-13
4.1869e-13
4.08627e-13
3.98636e-13
3.88765e-13
3.79061e-13
3.6957e-13
3.60336e-13
3.51407e-13
3.42827e-13
3.34646e-13
3.26915e-13
3.1969e-13
3.13034e-13
3.07015e-13
3.01717e-13
2.97235e-13
2.93685e-13
2.91211e-13
2.89995e-13
2.90258e-13
2.92303e-13
2.96534e-13
3.03507e-13
3.14019e-13
3.29256e-13
3.51077e-13
3.82588e-13
4.29464e-13
5.03396e-13
6.333e-13
9.15827e-13
1.94296e-12
4.20561e-12
1.98315e-12
1.3718e-12
1.09021e-12
9.29192e-13
8.26182e-13
7.55873e-13
7.05978e-13
6.69747e-13
6.43118e-13
6.23471e-13
6.09015e-13
5.98469e-13
5.90877e-13
5.85506e-13
5.81775e-13
5.79214e-13
5.77441e-13
5.76138e-13
5.75041e-13
5.7393e-13
5.72626e-13
5.70981e-13
5.68877e-13
5.66225e-13
5.62956e-13
5.59026e-13
5.54407e-13
5.49091e-13
5.43084e-13
5.36403e-13
5.29079e-13
5.2115e-13
5.12663e-13
5.0367e-13
4.94227e-13
4.84394e-13
4.74232e-13
4.63803e-13
4.53167e-13
4.42386e-13
4.31518e-13
4.2062e-13
4.09747e-13
3.9895e-13
3.8828e-13
3.77783e-13
3.67505e-13
3.5749e-13
3.47781e-13
3.38418e-13
3.29446e-13
3.20908e-13
3.12849e-13
3.0532e-13
2.98376e-13
2.92079e-13
2.86504e-13
2.81736e-13
2.77881e-13
2.75068e-13
2.73468e-13
2.73278e-13
2.74779e-13
2.78344e-13
2.84489e-13
2.93953e-13
3.07837e-13
3.27869e-13
3.56943e-13
4.00336e-13
4.68935e-13
5.89653e-13
8.5245e-13
1.80829e-12
4.30266e-12
2.02882e-12
1.40323e-12
1.11501e-12
9.50152e-13
8.4467e-13
7.72676e-13
7.21602e-13
6.84538e-13
6.57324e-13
6.37269e-13
6.22533e-13
6.11793e-13
6.0406e-13
5.98571e-13
5.94721e-13
5.92019e-13
5.90064e-13
5.88521e-13
5.87116e-13
5.85619e-13
5.83843e-13
5.81637e-13
5.78883e-13
5.7549e-13
5.71396e-13
5.66561e-13
5.60966e-13
5.5461e-13
5.4751e-13
5.39695e-13
5.31206e-13
5.22094e-13
5.12416e-13
5.02235e-13
4.91619e-13
4.80636e-13
4.69357e-13
4.5785e-13
4.46185e-13
4.34426e-13
4.22636e-13
4.10876e-13
3.99203e-13
3.87668e-13
3.76321e-13
3.65208e-13
3.54372e-13
3.43855e-13
3.33695e-13
3.23929e-13
3.14596e-13
3.05734e-13
2.97382e-13
2.89583e-13
2.82386e-13
2.75844e-13
2.70023e-13
2.64997e-13
2.60861e-13
2.5773e-13
2.55755e-13
2.55122e-13
2.56077e-13
2.58965e-13
2.64256e-13
2.72627e-13
2.85092e-13
3.03238e-13
3.29729e-13
3.69428e-13
4.32361e-13
5.43319e-13
7.85161e-13
1.6653e-12
4.40093e-12
2.07505e-12
1.43502e-12
1.14006e-12
9.7131e-13
8.63327e-13
7.89638e-13
7.37388e-13
6.99506e-13
6.71728e-13
6.51293e-13
6.36306e-13
6.25401e-13
6.17552e-13
6.11965e-13
6.08008e-13
6.05166e-13
6.03018e-13
6.01213e-13
5.99463e-13
5.97529e-13
5.95216e-13
5.92371e-13
5.88876e-13
5.84643e-13
5.79614e-13
5.73757e-13
5.67063e-13
5.59544e-13
5.51226e-13
5.42153e-13
5.32379e-13
5.21968e-13
5.10993e-13
4.99526e-13
4.87648e-13
4.75438e-13
4.62976e-13
4.50339e-13
4.37601e-13
4.24835e-13
4.12106e-13
3.99478e-13
3.87006e-13
3.74745e-13
3.62743e-13
3.51042e-13
3.39683e-13
3.28704e-13
3.18137e-13
3.08015e-13
2.9837e-13
2.89234e-13
2.80639e-13
2.72621e-13
2.65219e-13
2.58479e-13
2.52455e-13
2.47213e-13
2.42833e-13
2.39417e-13
2.37096e-13
2.36042e-13
2.36467e-13
2.38682e-13
2.43112e-13
2.5037e-13
2.61373e-13
2.77564e-13
3.01364e-13
3.37199e-13
3.94202e-13
4.94951e-13
7.14892e-13
1.51598e-12
4.50007e-12
2.12167e-12
1.46705e-12
1.16528e-12
9.92596e-13
8.82095e-13
8.06712e-13
7.533e-13
7.14623e-13
6.86312e-13
6.65531e-13
6.50327e-13
6.39287e-13
6.31349e-13
6.25682e-13
6.21626e-13
6.1864e-13
6.16281e-13
6.14181e-13
6.12038e-13
6.09603e-13
6.06675e-13
6.03099e-13
5.98757e-13
5.93568e-13
5.87479e-13
5.8047e-13
5.72543e-13
5.63723e-13
5.54054e-13
5.43592e-13
5.32409e-13
5.20586e-13
5.08206e-13
4.9536e-13
4.82139e-13
4.68634e-13
4.54935e-13
4.41128e-13
4.27294e-13
4.13509e-13
3.99843e-13
3.86359e-13
3.73115e-13
3.60162e-13
3.47547e-13
3.35309e-13
3.23483e-13
3.12102e-13
3.01193e-13
2.90781e-13
2.80893e-13
2.71551e-13
2.6278e-13
2.54608e-13
2.47065e-13
2.40188e-13
2.34021e-13
2.28617e-13
2.24045e-13
2.20391e-13
2.17768e-13
2.16332e-13
2.1626e-13
2.17831e-13
2.21422e-13
2.27577e-13
2.37113e-13
2.51318e-13
2.72362e-13
3.04213e-13
3.55079e-13
4.45263e-13
6.42607e-13
1.36234e-12
4.59946e-12
2.16838e-12
1.49912e-12
1.19051e-12
1.01389e-12
9.0088e-13
8.23821e-13
7.69275e-13
7.29837e-13
7.0103e-13
6.79942e-13
6.64558e-13
6.53417e-13
6.45414e-13
6.39682e-13
6.35529e-13
6.32386e-13
6.29788e-13
6.27349e-13
6.24751e-13
6.21736e-13
6.18099e-13
6.13683e-13
6.08373e-13
6.02095e-13
5.94808e-13
5.86502e-13
5.77197e-13
5.66932e-13
5.5577e-13
5.43787e-13
5.31074e-13
5.17723e-13
5.03839e-13
4.89528e-13
4.74895e-13
4.60044e-13
4.45074e-13
4.30078e-13
4.15144e-13
4.00352e-13
3.85774e-13
3.71474e-13
3.57508e-13
3.43925e-13
3.30765e-13
3.18065e-13
3.05853e-13
2.94154e-13
2.82988e-13
2.72375e-13
2.62329e-13
2.52867e-13
2.44004e-13
2.3576e-13
2.28155e-13
2.21216e-13
2.14976e-13
2.09479e-13
2.0478e-13
2.00951e-13
1.98087e-13
1.96321e-13
1.95815e-13
1.96799e-13
1.99608e-13
2.04717e-13
2.12841e-13
2.25109e-13
2.43419e-13
2.7126e-13
3.15859e-13
3.95154e-13
5.69224e-13
1.20592e-12
4.69827e-12
2.2148e-12
1.53096e-12
1.21556e-12
1.03503e-12
9.19546e-13
8.40851e-13
7.85214e-13
7.45063e-13
7.15808e-13
6.94456e-13
6.78932e-13
6.67722e-13
6.59675e-13
6.53887e-13
6.49629e-13
6.46307e-13
6.43428e-13
6.40589e-13
6.37458e-13
6.33768e-13
6.2931e-13
6.23928e-13
6.17513e-13
6.09999e-13
6.0136e-13
5.91604e-13
5.80766e-13
5.68907e-13
5.56111e-13
5.42479e-13
5.28113e-13
5.13132e-13
4.97659e-13
4.81816e-13
4.65722e-13
4.49495e-13
4.33242e-13
4.17065e-13
4.01057e-13
3.853e-13
3.69867e-13
3.5482e-13
3.40212e-13
3.26086e-13
3.12479e-13
2.99419e-13
2.86926e-13
2.75016e-13
2.63703e-13
2.52994e-13
2.42896e-13
2.33417e-13
2.24561e-13
2.16339e-13
2.08762e-13
2.01847e-13
1.95617e-13
1.90105e-13
1.85353e-13
1.81422e-13
1.78392e-13
1.76372e-13
1.75511e-13
1.75999e-13
1.78131e-13
1.82322e-13
1.89195e-13
1.99731e-13
2.15575e-13
2.39731e-13
2.78393e-13
3.46912e-13
4.96846e-13
1.04597e-12
4.79539e-12
2.26041e-12
1.56224e-12
1.24016e-12
1.05581e-12
9.37918e-13
8.57653e-13
8.00989e-13
7.60183e-13
7.30535e-13
7.08969e-13
6.93345e-13
6.82094e-13
6.74017e-13
6.68171e-13
6.6379e-13
6.6025e-13
6.57035e-13
6.53719e-13
6.4996e-13
6.45481e-13
6.40072e-13
6.33582e-13
6.25909e-13
6.17001e-13
6.0685e-13
5.95481e-13
5.82954e-13
5.69353e-13
5.54794e-13
5.39386e-13
5.23263e-13
5.06567e-13
4.89441e-13
4.72023e-13
4.54448e-13
4.36846e-13
4.19333e-13
4.02018e-13
3.84996e-13
3.6835e-13
3.52152e-13
3.36461e-13
3.21324e-13
3.06777e-13
2.92848e-13
2.79555e-13
2.66912e-13
2.54922e-13
2.43588e-13
2.32908e-13
2.22879e-13
2.13497e-13
2.04758e-13
1.96662e-13
1.8921e-13
1.82411e-13
1.76278e-13
1.70832e-13
1.66108e-13
1.62154e-13
1.59034e-13
1.56843e-13
1.55721e-13
1.55821e-13
1.57414e-13
1.60872e-13
1.66764e-13
1.75991e-13
1.9008e-13
2.11857e-13
2.47229e-13
3.11041e-13
4.54048e-13
9.99201e-13
4.88947e-12
2.30457e-12
1.59252e-12
1.26399e-12
1.07596e-12
9.55781e-13
8.74042e-13
8.16435e-13
7.75049e-13
7.4507e-13
7.2334e-13
7.07653e-13
6.96382e-13
6.88281e-13
6.82362e-13
6.77825e-13
6.74013e-13
6.70386e-13
6.66499e-13
6.61997e-13
6.56599e-13
6.50096e-13
6.42341e-13
6.33247e-13
6.2278e-13
6.1095e-13
5.9781e-13
5.83443e-13
5.67975e-13
5.51522e-13
5.34235e-13
5.16277e-13
4.97811e-13
4.78999e-13
4.59999e-13
4.40962e-13
4.22025e-13
4.03315e-13
3.84945e-13
3.6701e-13
3.49593e-13
3.3276e-13
3.16564e-13
3.01043e-13
2.86226e-13
2.72129e-13
2.58759e-13
2.46116e-13
2.34194e-13
2.22983e-13
2.12469e-13
2.02638e-13
1.93476e-13
1.84968e-13
1.77103e-13
1.69876e-13
1.63283e-13
1.57331e-13
1.52031e-13
1.47409e-13
1.43501e-13
1.40365e-13
1.38079e-13
1.3677e-13
1.36577e-13
1.37741e-13
1.40609e-13
1.45713e-13
1.53901e-13
1.66631e-13
1.86628e-13
2.1966e-13
2.80496e-13
4.21316e-13
9.99201e-13
4.97891e-12
2.34655e-12
1.62131e-12
1.28667e-12
1.09519e-12
9.7288e-13
8.89799e-13
8.31355e-13
7.89475e-13
7.59234e-13
7.3739e-13
7.21671e-13
7.10392e-13
7.02259e-13
6.96239e-13
6.91494e-13
6.87338e-13
6.83204e-13
6.78634e-13
6.73259e-13
6.66798e-13
6.59043e-13
6.4986e-13
6.3918e-13
6.26988e-13
6.13321e-13
5.9826e-13
5.81937e-13
5.64472e-13
5.4603e-13
5.26798e-13
5.06962e-13
4.8671e-13
4.66226e-13
4.45684e-13
4.25249e-13
4.05068e-13
3.85273e-13
3.65978e-13
3.47277e-13
3.29247e-13
3.11948e-13
2.95423e-13
2.79699e-13
2.64792e-13
2.50705e-13
2.37431e-13
2.24956e-13
2.13263e-13
2.02326e-13
1.9212e-13
1.82619e-13
1.73797e-13
1.65631e-13
1.58099e-13
1.51186e-13
1.44882e-13
1.39184e-13
1.34096e-13
1.29635e-13
1.25831e-13
1.2273e-13
1.204e-13
1.18952e-13
1.18517e-13
1.19304e-13
1.21634e-13
1.25991e-13
1.33162e-13
1.44498e-13
1.62549e-13
1.92785e-13
2.49544e-13
3.85775e-13
9.99201e-13
5.06191e-12
2.3855e-12
1.64804e-12
1.30777e-12
1.11314e-12
9.88928e-13
9.04671e-13
8.4552e-13
8.03244e-13
7.72813e-13
7.50903e-13
7.35174e-13
7.23888e-13
7.15697e-13
7.09528e-13
7.04507e-13
6.99915e-13
6.95165e-13
6.89782e-13
6.83392e-13
6.75712e-13
6.66545e-13
6.55772e-13
6.43344e-13
6.29275e-13
6.13631e-13
5.96551e-13
5.78146e-13
5.58601e-13
5.38124e-13
5.16925e-13
4.95219e-13
4.7322e-13
4.51131e-13
4.29144e-13
4.07433e-13
3.86153e-13
3.65438e-13
3.45399e-13
3.26125e-13
3.07686e-13
2.90129e-13
2.73484e-13
2.57765e-13
2.42971e-13
2.29089e-13
2.16098e-13
2.03969e-13
1.92667e-13
1.82156e-13
1.72396e-13
1.63349e-13
1.54979e-13
1.47252e-13
1.40139e-13
1.33616e-13
1.27665e-13
1.22275e-13
1.17446e-13
1.13188e-13
1.0952e-13
1.06483e-13
1.04134e-13
1.02564e-13
1.01903e-13
1.02319e-13
1.04102e-13
1.07682e-13
1.1376e-13
1.23552e-13
1.39373e-13
1.66285e-13
2.17935e-13
3.47344e-13
9.99201e-13
5.13649e-12
2.42051e-12
1.6721e-12
1.32683e-12
1.12945e-12
1.00361e-12
9.1838e-13
8.58673e-13
8.16111e-13
7.85562e-13
7.63627e-13
7.47901e-13
7.3659e-13
7.28301e-13
7.21917e-13
7.1653e-13
7.11394e-13
7.05902e-13
6.99568e-13
6.92012e-13
6.82959e-13
6.72224e-13
6.59709e-13
6.45392e-13
6.2932e-13
6.11627e-13
5.92407e-13
5.71861e-13
5.50217e-13
5.27709e-13
5.04581e-13
4.81077e-13
4.57434e-13
4.33874e-13
4.10602e-13
3.87799e-13
3.65625e-13
3.4421e-13
3.2366e-13
3.04053e-13
2.85447e-13
2.67873e-13
2.51345e-13
2.35858e-13
2.21394e-13
2.07922e-13
1.95404e-13
1.83793e-13
1.7304e-13
1.63094e-13
1.53903e-13
1.45418e-13
1.37591e-13
1.30381e-13
1.2375e-13
1.17667e-13
1.12109e-13
1.0706e-13
1.02513e-13
9.84722e-14
9.49527e-14
9.19853e-14
8.96191e-14
8.79278e-14
8.70362e-14
8.70715e-14
8.82893e-14
9.10604e-14
9.59907e-14
1.04141e-13
1.17561e-13
1.40822e-13
1.86636e-13
3.07147e-13
9.99201e-13
5.2006e-12
2.45061e-12
1.69285e-12
1.34337e-12
1.14372e-12
1.01659e-12
9.30627e-13
8.70535e-13
8.27804e-13
7.97211e-13
7.75283e-13
7.59557e-13
7.48189e-13
7.39741e-13
7.33058e-13
7.272e-13
7.21398e-13
7.15029e-13
7.07598e-13
6.9873e-13
6.88158e-13
6.75717e-13
6.61336e-13
6.45037e-13
6.26919e-13
6.07055e-13
5.85666e-13
5.62992e-13
5.39288e-13
5.14826e-13
4.89881e-13
4.64723e-13
4.39612e-13
4.14785e-13
3.90456e-13
3.6681e-13
3.44004e-13
3.22162e-13
3.01377e-13
2.81715e-13
2.63214e-13
2.45887e-13
2.29727e-13
2.14709e-13
2.00795e-13
1.87934e-13
1.76068e-13
1.65135e-13
1.55071e-13
1.45808e-13
1.37286e-13
1.29442e-13
1.22222e-13
1.15577e-13
1.09462e-13
1.03843e-13
9.86899e-14
9.39842e-14
8.97154e-14
8.58833e-14
8.24995e-14
7.95887e-14
7.71923e-14
7.53729e-14
7.42323e-14
7.3892e-14
7.45501e-14
7.65251e-14
8.03272e-14
8.6857e-14
9.78797e-14
1.17413e-13
1.57003e-13
2.668e-13
9.99201e-13
5.25211e-12
2.47483e-12
1.70963e-12
1.35688e-12
1.15555e-12
1.02752e-12
9.41102e-13
8.80816e-13
8.38038e-13
8.07467e-13
7.85568e-13
7.69826e-13
7.58351e-13
7.49665e-13
7.42582e-13
7.36135e-13
7.29537e-13
7.22153e-13
7.13488e-13
7.03173e-13
6.9096e-13
6.76708e-13
6.6041e-13
6.42092e-13
6.21814e-13
5.99803e-13
5.763e-13
5.51579e-13
5.25934e-13
4.99672e-13
4.731e-13
4.46512e-13
4.20184e-13
3.94364e-13
3.69271e-13
3.45088e-13
3.21962e-13
3.00007e-13
2.79298e-13
2.59882e-13
2.41774e-13
2.24966e-13
2.09427e-13
1.95109e-13
1.81952e-13
1.69884e-13
1.58829e-13
1.48709e-13
1.39442e-13
1.30952e-13
1.23163e-13
1.16008e-13
1.09425e-13
1.0336e-13
9.7764e-14
9.25986e-14
8.7833e-14
8.34457e-14
7.94248e-14
7.57689e-14
7.24874e-14
6.96023e-14
6.71503e-14
6.51867e-14
6.37914e-14
6.30935e-14
6.32353e-14
6.44949e-14
6.73012e-14
7.24113e-14
8.13167e-14
9.74618e-14
1.31034e-13
2.28993e-13
9.99201e-13
5.28901e-12
2.49222e-12
1.72182e-12
1.3669e-12
1.16455e-12
1.03606e-12
9.49495e-13
8.89217e-13
8.46519e-13
8.16032e-13
7.94173e-13
7.78381e-13
7.66732e-13
7.57716e-13
7.50121e-13
7.4296e-13
7.35434e-13
7.26904e-13
7.16881e-13
7.05008e-13
6.91076e-13
6.75018e-13
6.56748e-13
6.36329e-13
6.13972e-13
5.89906e-13
5.64414e-13
5.37809e-13
5.10426e-13
4.82604e-13
4.54676e-13
4.26956e-13
3.99731e-13
3.73254e-13
3.47743e-13
3.23371e-13
3.00273e-13
2.78543e-13
2.58236e-13
2.39373e-13
2.21945e-13
2.05918e-13
1.91236e-13
1.77826e-13
1.65605e-13
1.54483e-13
1.44364e-13
1.35154e-13
1.2676e-13
1.19093e-13
1.1207e-13
1.05611e-13
9.96588e-14
9.41547e-14
8.90483e-14
8.42986e-14
7.98742e-14
7.5754e-14
7.19268e-14
6.83918e-14
6.51592e-14
6.22514e-14
5.97045e-14
5.75717e-14
5.59277e-14
5.48867e-14
5.45877e-14
5.527e-14
5.73315e-14
6.14675e-14
6.90697e-14
8.34308e-14
1.14643e-13
2.12329e-13
9.99201e-13
5.30944e-12
2.50193e-12
1.72883e-12
1.37297e-12
1.17035e-12
1.0419e-12
9.55507e-13
8.95452e-13
8.52957e-13
8.2261e-13
8.00788e-13
7.84902e-13
7.73e-13
7.6355e-13
7.55323e-13
7.47323e-13
7.38747e-13
7.2896e-13
7.17497e-13
7.04066e-13
6.8844e-13
6.7046e-13
6.50193e-13
6.27799e-13
6.03486e-13
5.7753e-13
5.50256e-13
5.22017e-13
4.93182e-13
4.64118e-13
4.35177e-13
4.06687e-13
3.7894e-13
3.52188e-13
3.26638e-13
3.0245e-13
2.79739e-13
2.58575e-13
2.38987e-13
2.2097e-13
2.04486e-13
1.89473e-13
1.75849e-13
1.63518e-13
1.52374e-13
1.42308e-13
1.33206e-13
1.24961e-13
1.17474e-13
1.10651e-13
1.04407e-13
9.86672e-14
9.336e-14
8.84137e-14
8.37731e-14
7.9397e-14
7.52561e-14
7.13319e-14
6.76167e-14
6.41131e-14
6.08352e-14
5.7809e-14
5.50748e-14
5.26907e-14
5.07403e-14
4.93307e-14
4.86301e-14
4.88343e-14
5.03389e-14
5.38255e-14
6.06789e-14
7.4266e-14
1.05332e-13
2.10847e-13
9.99201e-13
5.3119e-12
2.50325e-12
1.73019e-12
1.37471e-12
1.17262e-12
1.04473e-12
9.58863e-13
8.99249e-13
8.57081e-13
8.2692e-13
8.05122e-13
7.89084e-13
7.76839e-13
7.66848e-13
7.57872e-13
7.48917e-13
7.39205e-13
7.28152e-13
7.15274e-13
7.00198e-13
6.82748e-13
6.6293e-13
6.40829e-13
6.16621e-13
5.9056e-13
5.62967e-13
5.34204e-13
5.04661e-13
4.74733e-13
4.44809e-13
4.15254e-13
3.86402e-13
3.58542e-13
3.31916e-13
3.06717e-13
2.83083e-13
2.61105e-13
2.40826e-13
2.22245e-13
2.05328e-13
1.90009e-13
1.76197e-13
1.63786e-13
1.52655e-13
1.42679e-13
1.3374e-13
1.25722e-13
1.1852e-13
1.12006e-13
1.06064e-13
1.00595e-13
9.55094e-14
9.07224e-14
8.61894e-14
8.18726e-14
7.77401e-14
7.37683e-14
6.99433e-14
6.62612e-14
6.27282e-14
5.9361e-14
5.61877e-14
5.32488e-14
5.05988e-14
4.83081e-14
4.64933e-14
4.53341e-14
4.50454e-14
4.60068e-14
4.89017e-14
5.509e-14
6.79277e-14
9.85352e-14
2.1005e-13
9.99201e-13
5.29602e-12
2.49598e-12
1.72575e-12
1.372e-12
1.1712e-12
1.04435e-12
9.59323e-13
9.00359e-13
8.58632e-13
8.28695e-13
8.06903e-13
7.90649e-13
7.77974e-13
7.67351e-13
7.57576e-13
7.47673e-13
7.36827e-13
7.24389e-13
7.09917e-13
6.93176e-13
6.74061e-13
6.52571e-13
6.28826e-13
6.03044e-13
5.75523e-13
5.46621e-13
5.16735e-13
4.8628e-13
4.55675e-13
4.25319e-13
3.95582e-13
3.66795e-13
3.39237e-13
3.13134e-13
2.88657e-13
2.6592e-13
2.44984e-13
2.25863e-13
2.08527e-13
1.92911e-13
1.78922e-13
1.66442e-13
1.55345e-13
1.45501e-13
1.36784e-13
1.29037e-13
1.22109e-13
1.15848e-13
1.1014e-13
1.04893e-13
1.00017e-13
9.54348e-14
9.10855e-14
8.69102e-14
8.28641e-14
7.89157e-14
7.50448e-14
7.1242e-14
6.75084e-14
6.38558e-14
6.03067e-14
5.68958e-14
5.36715e-14
5.06992e-14
4.80674e-14
4.58888e-14
4.43249e-14
4.36185e-14
4.41069e-14
4.64654e-14
5.20578e-14
6.42358e-14
9.43267e-14
2.0957e-13
9.99201e-13
5.25919e-12
2.47898e-12
1.7148e-12
1.36436e-12
1.16585e-12
1.0407e-12
9.56895e-13
8.98769e-13
8.57564e-13
8.27873e-13
8.06077e-13
7.8959e-13
7.76465e-13
7.65175e-13
7.54492e-13
7.43421e-13
7.31219e-13
7.17336e-13
7.01394e-13
6.83159e-13
6.62544e-13
6.39591e-13
6.14464e-13
5.8742e-13
5.58793e-13
5.28973e-13
4.98383e-13
4.67456e-13
4.3662e-13
4.06278e-13
3.76797e-13
3.48495e-13
3.21633e-13
2.96418e-13
2.72992e-13
2.51443e-13
2.31801e-13
2.1405e-13
1.98133e-13
1.83957e-13
1.71404e-13
1.60338e-13
1.50617e-13
1.42076e-13
1.34534e-13
1.27848e-13
1.21878e-13
1.16498e-13
1.11585e-13
1.07029e-13
1.02735e-13
9.8627e-14
9.46411e-14
9.07278e-14
8.68497e-14
8.29816e-14
7.91099e-14
7.52314e-14
7.13536e-14
6.74941e-14
6.36813e-14
5.99556e-14
5.63713e-14
5.29992e-14
4.99325e-14
4.7294e-14
4.52522e-14
4.40864e-14
4.41137e-14
4.604e-14
5.12106e-14
6.29731e-14
9.27379e-14
2.09403e-13
9.99201e-13
5.20154e-12
2.45226e-12
1.69724e-12
1.35158e-12
1.1562e-12
1.03328e-12
9.51127e-13
8.94164e-13
8.53689e-13
8.24337e-13
8.02527e-13
7.85706e-13
7.71961e-13
7.59805e-13
7.48066e-13
7.35829e-13
7.2238e-13
7.07189e-13
6.89904e-13
6.70336e-13
6.48439e-13
6.24299e-13
5.98114e-13
5.70176e-13
5.4085e-13
5.10546e-13
4.79701e-13
4.48757e-13
4.18143e-13
3.88254e-13
3.59445e-13
3.32013e-13
3.062e-13
2.82183e-13
2.60079e-13
2.39943e-13
2.21779e-13
2.05542e-13
1.91148e-13
1.7848e-13
1.67398e-13
1.57746e-13
1.4935e-13
1.4204e-13
1.35654e-13
1.30029e-13
1.25014e-13
1.20472e-13
1.16276e-13
1.1232e-13
1.08513e-13
1.04779e-13
1.01057e-13
9.73057e-14
9.34935e-14
8.96037e-14
8.56304e-14
8.15786e-14
7.74636e-14
7.331e-14
6.91528e-14
6.50381e-14
6.10257e-14
5.71928e-14
5.36392e-14
5.04974e-14
4.79477e-14
4.62763e-14
4.5844e-14
4.73435e-14
5.21621e-14
6.36739e-14
9.32923e-14
2.09491e-13
9.99201e-13
5.12396e-12
2.4162e-12
1.67334e-12
1.33388e-12
1.14244e-12
1.02224e-12
9.41989e-13
8.86304e-13
8.46598e-13
8.1758e-13
7.95733e-13
7.7856e-13
7.64201e-13
7.51221e-13
7.38498e-13
7.25157e-13
7.1053e-13
6.94137e-13
6.75673e-13
6.54992e-13
6.32089e-13
6.07087e-13
5.80215e-13
5.51793e-13
5.22201e-13
4.91863e-13
4.61219e-13
4.30708e-13
4.00748e-13
3.71719e-13
3.43954e-13
3.17728e-13
2.93254e-13
2.70683e-13
2.501e-13
2.31536e-13
2.14967e-13
2.00323e-13
1.87499e-13
1.76357e-13
1.66737e-13
1.58466e-13
1.51375e-13
1.45281e-13
1.40006e-13
1.35383e-13
1.31255e-13
1.2748e-13
1.23932e-13
1.205e-13
1.17094e-13
1.1364e-13
1.10086e-13
1.06394e-13
1.02542e-13
9.85201e-14
9.43342e-14
8.99998e-14
8.55425e-14
8.09968e-14
7.64058e-14
7.18225e-14
6.73124e-14
6.2958e-14
5.88654e-14
5.5175e-14
5.2079e-14
4.98679e-14
4.8966e-14
5.00508e-14
5.45687e-14
6.59367e-14
9.55091e-14
2.09779e-13
9.99201e-13
5.0276e-12
2.37135e-12
1.64343e-12
1.31148e-12
1.12471e-12
1.00769e-12
9.29626e-13
8.7539e-13
8.36539e-13
8.07888e-13
7.86003e-13
7.68461e-13
7.53472e-13
7.39664e-13
7.25977e-13
7.11591e-13
6.95894e-13
6.7846e-13
6.59031e-13
6.37506e-13
6.13916e-13
5.88415e-13
5.61258e-13
5.32777e-13
5.03362e-13
4.73435e-13
4.43431e-13
4.13772e-13
3.84858e-13
3.57045e-13
3.3064e-13
3.0589e-13
2.82979e-13
2.6203e-13
2.43104e-13
2.26205e-13
2.11288e-13
1.98268e-13
1.87012e-13
1.7736e-13
1.69164e-13
1.62255e-13
1.56433e-13
1.5151e-13
1.47304e-13
1.43638e-13
1.40352e-13
1.37297e-13
1.34344e-13
1.3138e-13
1.28313e-13
1.2507e-13
1.21597e-13
1.17865e-13
1.13862e-13
1.0959e-13
1.05065e-13
1.00318e-13
9.53901e-14
9.03288e-14
8.51899e-14
8.00366e-14
7.49418e-14
6.99932e-14
6.53014e-14
6.10125e-14
5.73276e-14
5.4538e-14
5.31399e-14
5.37882e-14
5.80003e-14
6.92419e-14
9.87566e-14
2.10193e-13
9.99201e-13
4.91425e-12
2.31853e-12
1.60805e-12
1.28473e-12
1.10328e-12
9.89813e-13
9.14166e-13
8.61511e-13
8.23584e-13
7.95331e-13
7.73418e-13
7.55514e-13
7.39909e-13
7.25311e-13
7.10728e-13
6.95408e-13
6.78801e-13
6.60535e-13
6.40402e-13
6.18341e-13
5.94415e-13
5.68802e-13
5.41769e-13
5.13656e-13
4.84848e-13
4.55754e-13
4.26791e-13
3.98359e-13
3.70829e-13
3.44529e-13
3.19735e-13
2.96664e-13
2.75473e-13
2.56259e-13
2.39061e-13
2.23865e-13
2.10603e-13
1.99147e-13
1.89393e-13
1.81221e-13
1.74441e-13
1.68851e-13
1.64258e-13
1.60472e-13
1.57303e-13
1.54572e-13
1.5211e-13
1.49763e-13
1.47392e-13
1.44878e-13
1.42123e-13
1.39052e-13
1.35611e-13
1.31769e-13
1.27516e-13
1.2287e-13
1.17865e-13
1.1255e-13
1.06986e-13
1.01244e-13
9.5398e-14
8.95286e-14
8.37216e-14
7.80727e-14
7.26964e-14
6.77409e-14
6.34107e-14
6.00051e-14
5.80665e-14
5.82332e-14
6.20944e-14
7.31611e-14
1.0253e-13
2.10672e-13
9.99201e-13
4.78639e-12
2.25888e-12
1.56793e-12
1.25418e-12
1.07853e-12
9.68898e-13
8.95828e-13
8.44842e-13
8.07888e-13
7.80058e-13
7.5814e-13
7.39905e-13
7.23738e-13
7.08431e-13
6.93072e-13
6.76983e-13
6.59675e-13
6.40835e-13
6.20299e-13
5.98042e-13
5.74153e-13
5.48824e-13
5.22327e-13
4.94994e-13
4.67196e-13
4.3932e-13
4.11756e-13
3.84872e-13
3.59007e-13
3.34454e-13
3.11459e-13
2.90209e-13
2.70837e-13
2.53415e-13
2.37964e-13
2.24418e-13
2.12717e-13
2.02824e-13
1.94604e-13
1.87865e-13
1.82427e-13
1.78103e-13
1.74701e-13
1.72025e-13
1.69883e-13
1.68089e-13
1.66467e-13
1.64852e-13
1.63094e-13
1.61061e-13
1.58643e-13
1.55752e-13
1.52325e-13
1.48328e-13
1.43755e-13
1.38629e-13
1.33001e-13
1.26942e-13
1.2054e-13
1.13898e-13
1.07122e-13
1.00322e-13
9.36079e-14
8.70916e-14
8.08959e-14
7.51705e-14
7.01182e-14
6.60387e-14
6.34835e-14
6.31262e-14
6.65708e-14
7.73784e-14
1.06478e-13
2.11175e-13
9.99201e-13
4.6472e-12
2.19387e-12
1.52403e-12
1.22051e-12
1.05098e-12
9.45349e-13
8.74932e-13
8.25651e-13
7.89688e-13
7.62303e-13
7.40415e-13
7.2191e-13
7.05274e-13
6.89392e-13
6.73434e-13
6.56795e-13
6.39051e-13
6.1994e-13
5.99342e-13
5.77258e-13
5.53796e-13
5.29152e-13
5.03591e-13
4.7743e-13
4.51015e-13
4.24704e-13
3.98849e-13
3.73784e-13
3.4981e-13
3.27187e-13
3.06126e-13
2.8679e-13
2.6929e-13
2.53636e-13
2.39811e-13
2.27883e-13
2.17824e-13
2.09476e-13
2.02686e-13
1.973e-13
1.93146e-13
1.90042e-13
1.87798e-13
1.86218e-13
1.85106e-13
1.8427e-13
1.83525e-13
1.82696e-13
1.81615e-13
1.80134e-13
1.78121e-13
1.75467e-13
1.72094e-13
1.67951e-13
1.63024e-13
1.57339e-13
1.50955e-13
1.43966e-13
1.36493e-13
1.2868e-13
1.2068e-13
1.1265e-13
1.04741e-13
9.70986e-14
8.98662e-14
8.32004e-14
7.73002e-14
7.24565e-14
6.92011e-14
6.82666e-14
7.12199e-14
8.16713e-14
1.10374e-13
2.11675e-13
9.99201e-13
4.50057e-12
2.1253e-12
1.47754e-12
1.18459e-12
1.02131e-12
9.19687e-13
8.51905e-13
8.04301e-13
7.69315e-13
7.42388e-13
7.20583e-13
7.01904e-13
6.84943e-13
6.68677e-13
6.52359e-13
6.35453e-13
6.17597e-13
5.98573e-13
5.78296e-13
5.56787e-13
5.3416e-13
5.10608e-13
4.86381e-13
4.61768e-13
4.37085e-13
4.12651e-13
3.88781e-13
3.65767e-13
3.43872e-13
3.23323e-13
3.04301e-13
2.86883e-13
2.71109e-13
2.57153e-13
2.45094e-13
2.34864e-13
2.2634e-13
2.19423e-13
2.13985e-13
2.09879e-13
2.06943e-13
2.05001e-13
2.03874e-13
2.03378e-13
2.03288e-13
2.03424e-13
2.03584e-13
2.03598e-13
2.03269e-13
2.02428e-13
2.00917e-13
1.98597e-13
1.95359e-13
1.91126e-13
1.85865e-13
1.79586e-13
1.7235e-13
1.64265e-13
1.55483e-13
1.46196e-13
1.36615e-13
1.26966e-13
1.17467e-13
1.08323e-13
9.97219e-14
9.18434e-14
8.48892e-14
7.91359e-14
7.50742e-14
7.34934e-14
7.58783e-14
8.58772e-14
1.14066e-13
2.12156e-13
9.99201e-13
4.35104e-12
2.05528e-12
1.42984e-12
1.14745e-12
9.90299e-13
8.92557e-13
8.27281e-13
7.81261e-13
7.47207e-13
7.20753e-13
6.99106e-13
6.80395e-13
6.63314e-13
6.46928e-13
6.30566e-13
6.13757e-13
5.96186e-13
5.77675e-13
5.58159e-13
5.37671e-13
5.16323e-13
4.94293e-13
4.71805e-13
4.49119e-13
4.2651e-13
4.04256e-13
3.82627e-13
3.61892e-13
3.42225e-13
3.23754e-13
3.06604e-13
2.9103e-13
2.77205e-13
2.6516e-13
2.5484e-13
2.46178e-13
2.39111e-13
2.33548e-13
2.29375e-13
2.26457e-13
2.24653e-13
2.23819e-13
2.2372e-13
2.24206e-13
2.25088e-13
2.26169e-13
2.27249e-13
2.28126e-13
2.28559e-13
2.28425e-13
2.27498e-13
2.25606e-13
2.22602e-13
2.1837e-13
2.12838e-13
2.05986e-13
1.97857e-13
1.88557e-13
1.78259e-13
1.67195e-13
1.55647e-13
1.43922e-13
1.32336e-13
1.21188e-13
1.10746e-13
1.01247e-13
9.2915e-14
8.60198e-14
8.09942e-14
7.8675e-14
8.04103e-14
8.98682e-14
1.17452e-13
2.12613e-13
9.99201e-13
4.20378e-12
1.98621e-12
1.38253e-12
1.11027e-12
9.58887e-13
8.64719e-13
8.01716e-13
7.57125e-13
7.23939e-13
6.97984e-13
6.76618e-13
6.58086e-13
6.41176e-13
6.25033e-13
6.09051e-13
5.92805e-13
5.76021e-13
5.58542e-13
5.40315e-13
5.2137e-13
5.01807e-13
4.81783e-13
4.61486e-13
4.41137e-13
4.20993e-13
4.01241e-13
3.82038e-13
3.63495e-13
3.45905e-13
3.29554e-13
3.14654e-13
3.01302e-13
2.8954e-13
2.79324e-13
2.70655e-13
2.63505e-13
2.57818e-13
2.53516e-13
2.50498e-13
2.48658e-13
2.47874e-13
2.47942e-13
2.48736e-13
2.50083e-13
2.518e-13
2.53695e-13
2.55566e-13
2.57206e-13
2.58384e-13
2.58877e-13
2.58527e-13
2.57086e-13
2.54364e-13
2.50197e-13
2.44463e-13
2.37092e-13
2.28083e-13
2.17514e-13
2.05555e-13
1.92464e-13
1.78578e-13
1.643e-13
1.50061e-13
1.36295e-13
1.23396e-13
1.11708e-13
1.01521e-13
9.31221e-14
8.6899e-14
8.37049e-14
8.47002e-14
9.35367e-14
1.2044e-13
2.13038e-13
9.99201e-13
4.06443e-12
1.92068e-12
1.33731e-12
1.07433e-12
9.28092e-13
8.37038e-13
7.75982e-13
7.32632e-13
7.00261e-13
6.74888e-13
6.54013e-13
6.35984e-13
6.19671e-13
6.04282e-13
5.89253e-13
5.74194e-13
5.58849e-13
5.4307e-13
5.26796e-13
5.1004e-13
4.92886e-13
4.75494e-13
4.57927e-13
4.40288e-13
4.22641e-13
4.05263e-13
3.88472e-13
3.72559e-13
3.57687e-13
3.44012e-13
3.31635e-13
3.20553e-13
3.10798e-13
3.024e-13
2.95364e-13
2.8967e-13
2.85273e-13
2.8211e-13
2.80099e-13
2.79158e-13
2.79131e-13
2.79905e-13
2.81338e-13
2.83272e-13
2.85539e-13
2.87957e-13
2.9033e-13
2.92451e-13
2.94104e-13
2.95018e-13
2.95042e-13
2.93897e-13
2.91352e-13
2.87195e-13
2.81244e-13
2.73366e-13
2.63493e-13
2.51647e-13
2.37957e-13
2.2267e-13
2.06154e-13
1.88888e-13
1.71428e-13
1.54367e-13
1.38279e-13
1.23675e-13
1.10978e-13
1.00547e-13
9.27687e-14
8.84912e-14
8.86538e-14
9.68165e-14
1.22907e-13
2.12811e-13
9.99201e-13
3.93868e-12
1.86129e-12
1.2959e-12
1.0409e-12
8.9896e-13
8.10436e-13
7.50966e-13
7.08696e-13
6.77171e-13
6.52593e-13
6.32584e-13
6.15578e-13
6.00504e-13
5.86603e-13
5.73339e-13
5.60327e-13
5.47307e-13
5.34146e-13
5.20746e-13
5.07003e-13
4.92858e-13
4.78207e-13
4.63368e-13
4.48579e-13
4.34098e-13
4.20083e-13
4.06689e-13
3.94117e-13
3.82432e-13
3.71656e-13
3.61846e-13
3.53078e-13
3.454e-13
3.3884e-13
3.33404e-13
3.2908e-13
3.25836e-13
3.23622e-13
3.22375e-13
3.22011e-13
3.22428e-13
3.2352e-13
3.25162e-13
3.27217e-13
3.29534e-13
3.31949e-13
3.34282e-13
3.36337e-13
3.37905e-13
3.38742e-13
3.38648e-13
3.37354e-13
3.34606e-13
3.30152e-13
3.23759e-13
3.15226e-13
3.04407e-13
2.91241e-13
2.75779e-13
2.5821e-13
2.38883e-13
2.18308e-13
1.9714e-13
1.76133e-13
1.56076e-13
1.37712e-13
1.21682e-13
1.08502e-13
9.86296e-14
9.29029e-14
9.22014e-14
9.99732e-14
1.26202e-13
2.17323e-13
9.99201e-13
3.83144e-12
1.81026e-12
1.25971e-12
1.01105e-12
8.72414e-13
7.85818e-13
7.27646e-13
6.86446e-13
6.56014e-13
6.32706e-13
6.14242e-13
5.99111e-13
5.86263e-13
5.7495e-13
5.64663e-13
5.54927e-13
5.45334e-13
5.35517e-13
5.25324e-13
5.14876e-13
5.04269e-13
4.9368e-13
4.83121e-13
4.72706e-13
4.62614e-13
4.52929e-13
4.43665e-13
4.34829e-13
4.26517e-13
4.18812e-13
4.11781e-13
4.05478e-13
3.99943e-13
3.95203e-13
3.91268e-13
3.88134e-13
3.85782e-13
3.84178e-13
3.83277e-13
3.83015e-13
3.83314e-13
3.84094e-13
3.85255e-13
3.86683e-13
3.88251e-13
3.89819e-13
3.91232e-13
3.92319e-13
3.92891e-13
3.92741e-13
3.9165e-13
3.89368e-13
3.85643e-13
3.80207e-13
3.72792e-13
3.63146e-13
3.51052e-13
3.36355e-13
3.19003e-13
2.99081e-13
2.76856e-13
2.52801e-13
2.27603e-13
2.02138e-13
1.77402e-13
1.54415e-13
1.34115e-13
1.17276e-13
1.04523e-13
9.67126e-14
9.47392e-14
1.01701e-13
1.27692e-13
2.19225e-13
9.99201e-13
3.74515e-12
1.76857e-12
1.22932e-12
9.85278e-13
8.49005e-13
7.63927e-13
7.07056e-13
6.67289e-13
6.38631e-13
6.17557e-13
6.01838e-13
5.90006e-13
5.8093e-13
5.73642e-13
5.67284e-13
5.61499e-13
5.56122e-13
5.51036e-13
5.46135e-13
5.41273e-13
5.36439e-13
5.31719e-13
5.27054e-13
5.22381e-13
5.17648e-13
5.12881e-13
5.08153e-13
5.03514e-13
4.99019e-13
4.94721e-13
4.90669e-13
4.86904e-13
4.83463e-13
4.80372e-13
4.77649e-13
4.75301e-13
4.73327e-13
4.71714e-13
4.70437e-13
4.69463e-13
4.68743e-13
4.68223e-13
4.67834e-13
4.67494e-13
4.67111e-13
4.66578e-13
4.65775e-13
4.64566e-13
4.62797e-13
4.60296e-13
4.5687e-13
4.52306e-13
4.46366e-13
4.38797e-13
4.29329e-13
4.17684e-13
4.03597e-13
3.86839e-13
3.67251e-13
3.44793e-13
3.19595e-13
2.92014e-13
2.62677e-13
2.32486e-13
2.02582e-13
1.74248e-13
1.4877e-13
1.27288e-13
1.10717e-13
1.0002e-13
9.62353e-14
1.02095e-13
1.27441e-13
2.1847e-13
9.99201e-13
3.6767e-12
1.73458e-12
1.20359e-12
9.62866e-13
8.28539e-13
7.45163e-13
6.90269e-13
6.53039e-13
6.27628e-13
6.10608e-13
5.99526e-13
5.92493e-13
5.8836e-13
5.86515e-13
5.86424e-13
5.87619e-13
5.89676e-13
5.92339e-13
5.9547e-13
5.98733e-13
6.01888e-13
6.04715e-13
6.07135e-13
6.09118e-13
6.1063e-13
6.11657e-13
6.12203e-13
6.12286e-13
6.11941e-13
6.11184e-13
6.10059e-13
6.08608e-13
6.06871e-13
6.04876e-13
6.02659e-13
6.00252e-13
5.97678e-13
5.94956e-13
5.92094e-13
5.89093e-13
5.85945e-13
5.82632e-13
5.79127e-13
5.75391e-13
5.71375e-13
5.67015e-13
5.62236e-13
5.5695e-13
5.51048e-13
5.44407e-13
5.3688e-13
5.28299e-13
5.18472e-13
5.07179e-13
4.94176e-13
4.79198e-13
4.61969e-13
4.42219e-13
4.19712e-13
3.9429e-13
3.6593e-13
3.34818e-13
3.01419e-13
2.6654e-13
2.31336e-13
1.97263e-13
1.6593e-13
1.38914e-13
1.17565e-13
1.03079e-13
9.67974e-14
1.01029e-13
1.2509e-13
2.14304e-13
9.99201e-13
3.6123e-12
1.70171e-12
1.17826e-12
9.41085e-13
8.09617e-13
7.29418e-13
6.78478e-13
6.46219e-13
6.26669e-13
6.15812e-13
6.11562e-13
6.12391e-13
6.17296e-13
6.25289e-13
6.35662e-13
6.47847e-13
6.61125e-13
6.7491e-13
6.88647e-13
7.02057e-13
7.14874e-13
7.26868e-13
7.37867e-13
7.4775e-13
7.56428e-13
7.6384e-13
7.69958e-13
7.74777e-13
7.78311e-13
7.80591e-13
7.81662e-13
7.81581e-13
7.80475e-13
7.78269e-13
7.75105e-13
7.71053e-13
7.66179e-13
7.60545e-13
7.54207e-13
7.47218e-13
7.39618e-13
7.31444e-13
7.2272e-13
7.1346e-13
7.03668e-13
6.93337e-13
6.82443e-13
6.70951e-13
6.5881e-13
6.45952e-13
6.32289e-13
6.17711e-13
6.02083e-13
5.85239e-13
5.66983e-13
5.47087e-13
5.25298e-13
5.01342e-13
4.74948e-13
4.45878e-13
4.13981e-13
3.79263e-13
3.41976e-13
3.02719e-13
2.6251e-13
2.22801e-13
1.85405e-13
1.52293e-13
1.25354e-13
1.06206e-13
9.67823e-14
9.91186e-14
1.22584e-13
2.13816e-13
9.99201e-13
3.52008e-12
1.65522e-12
1.14422e-12
9.14289e-13
7.89342e-13
7.16245e-13
6.73512e-13
6.50357e-13
6.4076e-13
6.41207e-13
6.49672e-13
6.64398e-13
6.84114e-13
7.07514e-13
7.33368e-13
7.60569e-13
7.88359e-13
8.1605e-13
8.43045e-13
8.68867e-13
8.93126e-13
9.1551e-13
9.35782e-13
9.53773e-13
9.69376e-13
9.82526e-13
9.93203e-13
1.00143e-12
1.00724e-12
1.01072e-12
1.01196e-12
1.01113e-12
1.00831e-12
1.00346e-12
9.96857e-13
9.88611e-13
9.78855e-13
9.67716e-13
9.55315e-13
9.41765e-13
9.27174e-13
9.11639e-13
8.95245e-13
8.7807e-13
8.60177e-13
8.41617e-13
8.22425e-13
8.02625e-13
7.82222e-13
7.61204e-13
7.39543e-13
7.17184e-13
6.94051e-13
6.70033e-13
6.44988e-13
6.18741e-13
5.91078e-13
5.61755e-13
5.30503e-13
4.97058e-13
4.61186e-13
4.22753e-13
3.81804e-13
3.38674e-13
2.94113e-13
2.49383e-13
2.06276e-13
1.67009e-13
1.33957e-13
1.09381e-13
9.58329e-14
9.56608e-14
1.18408e-13
2.13485e-13
9.99201e-13
3.34111e-12
1.56877e-12
1.08613e-12
8.73835e-13
7.64315e-13
7.0699e-13
6.80969e-13
6.74961e-13
6.83934e-13
7.04439e-13
7.3402e-13
7.7049e-13
8.11655e-13
8.55819e-13
9.01557e-13
9.47594e-13
9.92869e-13
1.03652e-12
1.07784e-12
1.1163e-12
1.15146e-12
1.18302e-12
1.21077e-12
1.23459e-12
1.25444e-12
1.27033e-12
1.28232e-12
1.29051e-12
1.29505e-12
1.29606e-12
1.29398e-12
1.2887e-12
1.28038e-12
1.26938e-12
1.25589e-12
1.24014e-12
1.22233e-12
1.20267e-12
1.18134e-12
1.15853e-12
1.1344e-12
1.10913e-12
1.08285e-12
1.0557e-12
1.0278e-12
9.99244e-13
9.70128e-13
9.40524e-13
9.10489e-13
8.80056e-13
8.49241e-13
8.18034e-13
7.86399e-13
7.54274e-13
7.21562e-13
6.88135e-13
6.53823e-13
6.18424e-13
5.817e-13
5.43395e-13
5.03252e-13
4.61065e-13
4.16736e-13
3.70379e-13
3.22449e-13
2.73885e-13
2.26232e-13
1.8166e-13
1.42812e-13
1.12496e-13
9.37665e-14
9.02641e-14
1.11784e-13
2.1297e-13
9.99201e-13
2.98246e-12
1.40275e-12
9.83206e-13
8.11263e-13
7.36443e-13
7.12501e-13
7.17161e-13
7.42864e-13
7.83854e-13
8.36276e-13
8.96821e-13
9.62347e-13
1.03045e-12
1.09908e-12
1.16653e-12
1.23142e-12
1.29272e-12
1.34964e-12
1.40159e-12
1.44821e-12
1.48924e-12
1.52457e-12
1.55415e-12
1.57805e-12
1.59641e-12
1.60941e-12
1.61723e-12
1.62011e-12
1.61848e-12
1.61268e-12
1.60241e-12
1.58839e-12
1.57088e-12
1.5502e-12
1.52664e-12
1.50048e-12
1.47201e-12
1.4415e-12
1.40918e-12
1.37531e-12
1.34009e-12
1.30374e-12
1.26645e-12
1.22838e-12
1.1897e-12
1.15054e-12
1.11104e-12
1.07128e-12
1.03137e-12
9.91348e-13
9.51263e-13
9.11127e-13
8.70935e-13
8.30652e-13
7.90217e-13
7.4954e-13
7.08494e-13
6.66918e-13
6.2462e-13
5.81375e-13
5.36947e-13
4.91114e-13
4.43714e-13
3.94726e-13
3.44377e-13
2.93291e-13
2.42656e-13
1.94363e-13
1.51006e-13
1.15643e-13
9.15385e-14
8.29433e-14
1.01661e-13
2.12104e-13
9.99201e-13
2.32535e-12
1.11198e-12
8.20388e-13
7.34026e-13
7.30185e-13
7.66116e-13
8.27896e-13
9.06565e-13
9.95925e-13
1.0912e-12
1.18881e-12
1.28599e-12
1.38031e-12
1.47002e-12
1.55387e-12
1.63103e-12
1.70096e-12
1.76333e-12
1.81803e-12
1.86503e-12
1.90445e-12
1.93643e-12
1.96118e-12
1.97898e-12
1.99019e-12
1.99514e-12
1.9942e-12
1.98838e-12
1.97654e-12
1.95984e-12
1.93863e-12
1.91329e-12
1.88419e-12
1.85169e-12
1.81615e-12
1.77789e-12
1.73726e-12
1.69455e-12
1.65005e-12
1.60405e-12
1.55679e-12
1.50851e-12
1.45943e-12
1.40975e-12
1.35966e-12
1.30933e-12
1.25892e-12
1.20853e-12
1.15826e-12
1.10817e-12
1.05831e-12
1.00872e-12
9.59391e-13
9.1033e-13
8.61502e-13
8.12849e-13
7.64286e-13
7.15698e-13
6.66941e-13
6.17843e-13
5.68214e-13
5.17861e-13
4.66626e-13
4.1444e-13
3.6141e-13
3.07954e-13
2.5499e-13
2.04161e-13
1.58031e-13
1.19674e-13
9.14124e-14
7.75363e-14
9.10579e-14
2.11223e-13
9.99201e-13
1.3089e-12
6.92798e-13
6.39296e-13
7.21545e-13
8.47013e-13
9.94716e-13
1.15184e-12
1.31057e-12
1.46605e-12
1.61509e-12
1.75552e-12
1.88629e-12
2.00692e-12
2.11714e-12
2.21681e-12
2.3059e-12
2.3845e-12
2.45275e-12
2.51087e-12
2.5591e-12
2.59774e-12
2.62707e-12
2.64737e-12
2.65895e-12
2.66242e-12
2.65917e-12
2.64884e-12
2.63063e-12
2.60596e-12
2.57531e-12
2.53913e-12
2.49791e-12
2.4521e-12
2.40217e-12
2.34858e-12
2.29177e-12
2.23215e-12
2.17013e-12
2.10608e-12
2.04037e-12
1.97332e-12
1.90524e-12
1.83641e-12
1.76709e-12
1.69755e-12
1.62816e-12
1.55909e-12
1.49039e-12
1.42211e-12
1.35432e-12
1.28708e-12
1.22045e-12
1.15448e-12
1.08918e-12
1.02454e-12
9.60547e-13
8.97136e-13
8.3423e-13
7.71727e-13
7.09505e-13
6.47434e-13
5.85389e-13
5.23282e-13
4.61109e-13
3.99016e-13
3.37415e-13
2.77167e-13
2.20057e-13
1.70343e-13
1.344e-13
1.06964e-13
8.93511e-14
1.02237e-13
2.13972e-13
9.99201e-13
9.99201e-13
4.02443e-13
8.20656e-13
1.27059e-12
1.71246e-12
2.13046e-12
2.51851e-12
2.87584e-12
3.20381e-12
3.50431e-12
3.77919e-12
4.02994e-12
4.25764e-12
4.46299e-12
4.64655e-12
4.80877e-12
4.95005e-12
5.07077e-12
5.1714e-12
5.25246e-12
5.31446e-12
5.35793e-12
5.38329e-12
5.39044e-12
5.38427e-12
5.36424e-12
5.32683e-12
5.27576e-12
5.21199e-12
5.13649e-12
5.05027e-12
4.95433e-12
4.84968e-12
4.73729e-12
4.61812e-12
4.4931e-12
4.3631e-12
4.22894e-12
4.0914e-12
3.9512e-12
3.80901e-12
3.66543e-12
3.52101e-12
3.37625e-12
3.23168e-12
3.08834e-12
2.94627e-12
2.80532e-12
2.66558e-12
2.52726e-12
2.39051e-12
2.25548e-12
2.12225e-12
1.99086e-12
1.86131e-12
1.73354e-12
1.60746e-12
1.48295e-12
1.35987e-12
1.23804e-12
1.11735e-12
9.97732e-13
8.79243e-13
7.62175e-13
6.47156e-13
5.35268e-13
4.28102e-13
3.2751e-13
2.498e-13
2.498e-13
2.498e-13
2.498e-13
2.498e-13
2.498e-13
9.99201e-13
)
;

boundaryField
{
    movingWall
    {
        type            epsilonWallFunction;
        value           nonuniform List<scalar> 
75
(
9.99201e-13
4.02443e-13
8.20656e-13
1.27059e-12
1.71246e-12
2.13046e-12
2.51851e-12
2.87584e-12
3.20381e-12
3.50431e-12
3.77919e-12
4.02994e-12
4.25764e-12
4.46299e-12
4.64655e-12
4.80877e-12
4.95005e-12
5.07077e-12
5.1714e-12
5.25246e-12
5.31446e-12
5.35793e-12
5.38329e-12
5.39044e-12
5.38427e-12
5.36424e-12
5.32683e-12
5.27576e-12
5.21199e-12
5.13649e-12
5.05027e-12
4.95433e-12
4.84968e-12
4.73729e-12
4.61812e-12
4.4931e-12
4.3631e-12
4.22894e-12
4.0914e-12
3.9512e-12
3.80901e-12
3.66543e-12
3.52101e-12
3.37625e-12
3.23168e-12
3.08834e-12
2.94627e-12
2.80532e-12
2.66558e-12
2.52726e-12
2.39051e-12
2.25548e-12
2.12225e-12
1.99086e-12
1.86131e-12
1.73354e-12
1.60746e-12
1.48295e-12
1.35987e-12
1.23804e-12
1.11735e-12
9.97732e-13
8.79243e-13
7.62175e-13
6.47156e-13
5.35268e-13
4.28102e-13
3.2751e-13
2.498e-13
2.498e-13
2.498e-13
2.498e-13
2.498e-13
2.498e-13
9.99201e-13
)
;
    }
    fixedWalls
    {
        type            epsilonWallFunction;
        value           nonuniform List<scalar> 
225
(
9.99201e-13
9.99201e-13
9.99201e-13
9.99201e-13
9.99201e-13
9.99201e-13
9.99201e-13
9.99201e-13
9.99201e-13
1.07187e-12
1.22767e-12
1.37914e-12
1.52841e-12
1.67564e-12
1.82049e-12
1.96251e-12
2.10125e-12
2.23635e-12
2.36752e-12
2.49455e-12
2.61731e-12
2.73579e-12
2.85005e-12
2.96025e-12
3.06663e-12
3.16951e-12
3.26928e-12
3.36639e-12
3.46134e-12
3.55466e-12
3.64691e-12
3.73864e-12
3.83037e-12
3.92258e-12
4.01567e-12
4.10995e-12
4.20561e-12
4.30266e-12
4.40093e-12
4.50007e-12
4.59946e-12
4.69827e-12
4.79539e-12
4.88947e-12
4.97891e-12
5.06191e-12
5.13649e-12
5.2006e-12
5.25211e-12
5.28901e-12
5.30944e-12
5.3119e-12
5.29602e-12
5.25919e-12
5.20154e-12
5.12396e-12
5.0276e-12
4.91425e-12
4.78639e-12
4.6472e-12
4.50057e-12
4.35104e-12
4.20378e-12
4.06443e-12
3.93868e-12
3.83144e-12
3.74515e-12
3.6767e-12
3.6123e-12
3.52008e-12
3.34111e-12
2.98246e-12
2.32535e-12
1.3089e-12
9.99201e-13
9.99201e-13
9.99201e-13
9.99201e-13
9.99201e-13
9.99201e-13
9.99201e-13
9.99201e-13
9.99201e-13
9.99201e-13
1.03488e-12
1.18441e-12
1.32721e-12
1.46576e-12
1.60008e-12
1.72948e-12
1.85308e-12
1.96993e-12
2.07911e-12
2.17968e-12
2.27075e-12
2.35146e-12
2.42099e-12
2.47856e-12
2.52344e-12
2.555e-12
2.57263e-12
2.57586e-12
2.56431e-12
2.53768e-12
2.49585e-12
2.43888e-12
2.36699e-12
2.28064e-12
2.1805e-12
2.06754e-12
1.94296e-12
1.80829e-12
1.6653e-12
1.51598e-12
1.36234e-12
1.20592e-12
1.04597e-12
9.99201e-13
9.99201e-13
9.99201e-13
9.99201e-13
9.99201e-13
9.99201e-13
9.99201e-13
9.99201e-13
9.99201e-13
9.99201e-13
9.99201e-13
9.99201e-13
9.99201e-13
9.99201e-13
9.99201e-13
9.99201e-13
9.99201e-13
9.99201e-13
9.99201e-13
9.99201e-13
9.99201e-13
9.99201e-13
9.99201e-13
9.99201e-13
9.99201e-13
9.99201e-13
9.99201e-13
9.99201e-13
9.99201e-13
9.99201e-13
9.99201e-13
9.99201e-13
9.99201e-13
9.99201e-13
2.498e-13
2.498e-13
2.498e-13
2.498e-13
2.498e-13
2.498e-13
2.498e-13
2.498e-13
2.76849e-13
3.19586e-13
3.62699e-13
4.05779e-13
4.48651e-13
4.91181e-13
5.33232e-13
5.74661e-13
6.15317e-13
6.55051e-13
6.93711e-13
7.31151e-13
7.67227e-13
8.018e-13
8.3474e-13
8.65921e-13
8.95225e-13
9.22541e-13
9.47768e-13
9.70812e-13
9.91588e-13
1.01002e-12
1.02604e-12
1.0396e-12
1.05063e-12
1.05912e-12
1.06502e-12
1.06832e-12
1.06902e-12
1.0671e-12
1.06259e-12
1.0555e-12
1.04587e-12
1.03372e-12
1.01912e-12
1.00211e-12
9.82774e-13
9.61172e-13
9.37393e-13
9.11528e-13
8.83675e-13
8.5394e-13
8.22437e-13
7.89284e-13
7.54607e-13
7.18536e-13
6.81208e-13
6.42761e-13
6.03338e-13
5.63084e-13
5.2214e-13
4.80648e-13
4.3874e-13
3.96542e-13
3.54178e-13
3.11829e-13
2.69969e-13
2.498e-13
2.498e-13
2.498e-13
2.498e-13
2.498e-13
2.498e-13
2.498e-13
2.498e-13
9.99201e-13
)
;
    }
    frontAndBack
    {
        type            empty;
    }
}


// ************************************************************************* //
