/*--------------------------------*- C++ -*----------------------------------*\
  =========                 |
  \\      /  F ield         | OpenFOAM: The Open Source CFD Toolbox
   \\    /   O peration     | Website:  https://openfoam.org
    \\  /    A nd           | Version:  12
     \\/     M anipulation  |
\*---------------------------------------------------------------------------*/
FoamFile
{
    format      ascii;
    class       volScalarField;
    location    "10";
    object      p;
}
// * * * * * * * * * * * * * * * * * * * * * * * * * * * * * * * * * * * * * //

dimensions      [0 2 -2 0 0 0 0];

internalField   nonuniform List<scalar> 
5625
(
1.65907e-11
6.05481e-08
9.62187e-07
2.79723e-06
5.34243e-06
8.3856e-06
1.1751e-05
1.52799e-05
1.88327e-05
2.22854e-05
2.55306e-05
2.84764e-05
3.10454e-05
3.31735e-05
3.48081e-05
3.59079e-05
3.64412e-05
3.63852e-05
3.57257e-05
3.44555e-05
3.25745e-05
3.00889e-05
2.70104e-05
2.33559e-05
1.9147e-05
1.44096e-05
9.17336e-06
3.4712e-06
-2.66089e-06
-9.1843e-06
-1.60582e-05
-2.324e-05
-3.06853e-05
-3.83485e-05
-4.61834e-05
-5.41426e-05
-6.21788e-05
-7.02445e-05
-7.8292e-05
-8.62744e-05
-9.41452e-05
-0.000101859
-0.000109371
-0.000116639
-0.000123619
-0.000130274
-0.000136563
-0.000142452
-0.000147907
-0.000152897
-0.000157394
-0.000161372
-0.000164811
-0.000167692
-0.000170002
-0.000171731
-0.000172875
-0.000173435
-0.000173419
-0.00017284
-0.00017172
-0.000170087
-0.000167982
-0.000165451
-0.000162557
-0.000159371
-0.000155982
-0.000152493
-0.000149024
-0.000145708
-0.000142706
-0.000140189
-0.000138366
-0.000137462
-0.000137392
-3.1247e-06
-2.69335e-06
-1.67192e-06
-2.80399e-08
2.11335e-06
4.61039e-06
7.33694e-06
1.01774e-05
1.30251e-05
1.57836e-05
1.83667e-05
2.0699e-05
2.27154e-05
2.43606e-05
2.55884e-05
2.63616e-05
2.66509e-05
2.64346e-05
2.56982e-05
2.44337e-05
2.2639e-05
2.03177e-05
1.74786e-05
1.41351e-05
1.03051e-05
6.01007e-06
1.27536e-06
-3.8707e-06
-9.39696e-06
-1.52698e-05
-2.14534e-05
-2.79103e-05
-3.46013e-05
-4.14863e-05
-4.85239e-05
-5.56724e-05
-6.28895e-05
-7.01329e-05
-7.73603e-05
-8.45298e-05
-9.16001e-05
-9.85305e-05
-0.000105282
-0.000111815
-0.000118094
-0.000124083
-0.000129748
-0.000135058
-0.000139984
-0.000144499
-0.000148579
-0.000152203
-0.000155353
-0.000158014
-0.000160176
-0.000161831
-0.00016298
-0.000163623
-0.000163769
-0.000163433
-0.000162635
-0.000161402
-0.000159768
-0.000157779
-0.000155484
-0.000152947
-0.000150238
-0.00014744
-0.000144646
-0.00014196
-0.000139495
-0.000137374
-0.000135739
-0.000134714
-0.000134271
-9.21938e-06
-8.07279e-06
-6.46234e-06
-4.5369e-06
-2.35509e-06
1.65121e-08
2.49965e-06
5.01523e-06
7.4879e-06
9.84728e-06
1.20287e-05
1.39739e-05
1.5631e-05
1.69554e-05
1.79088e-05
1.84597e-05
1.85831e-05
1.82602e-05
1.74778e-05
1.62285e-05
1.45101e-05
1.23251e-05
9.68078e-06
6.58851e-06
3.06361e-06
-8.75129e-07
-5.20561e-06
-9.90289e-06
-1.49394e-05
-2.02853e-05
-2.59089e-05
-3.17766e-05
-3.78534e-05
-4.41035e-05
-5.04898e-05
-5.69749e-05
-6.35209e-05
-7.00898e-05
-7.66436e-05
-8.31449e-05
-8.95565e-05
-9.58421e-05
-0.000101966
-0.000107895
-0.000113595
-0.000119036
-0.000124186
-0.00012902
-0.00013351
-0.000137633
-0.000141369
-0.000144699
-0.000147608
-0.000150084
-0.000152117
-0.000153704
-0.000154842
-0.000155534
-0.00015579
-0.00015562
-0.000155043
-0.000154083
-0.000152767
-0.000151133
-0.000149222
-0.000147081
-0.000144767
-0.000142341
-0.000139868
-0.000137423
-0.000135081
-0.00013292
-0.000131002
-0.000129385
-0.000128226
-1.71262e-05
-1.50939e-05
-1.26357e-05
-1.01255e-05
-7.56802e-06
-4.97072e-06
-2.37838e-06
1.54771e-07
2.57618e-06
4.83593e-06
6.88706e-06
8.6861e-06
1.01939e-05
1.13758e-05
1.22021e-05
1.2648e-05
1.26939e-05
1.23247e-05
1.15305e-05
1.03059e-05
8.64975e-06
6.56536e-06
4.05992e-06
1.14427e-06
-2.16721e-06
-5.85707e-06
-9.90486e-06
-1.42876e-05
-1.89799e-05
-2.39544e-05
-2.91818e-05
-3.46314e-05
-4.0271e-05
-4.60678e-05
-5.19878e-05
-5.79967e-05
-6.40597e-05
-7.01421e-05
-7.62093e-05
-8.22268e-05
-8.81609e-05
-9.39785e-05
-9.96473e-05
-0.000105136
-0.000110415
-0.000115456
-0.000120232
-0.000124717
-0.000128889
-0.000132726
-0.000136209
-0.000139322
-0.000142051
-0.000144385
-0.000146315
-0.000147837
-0.000148948
-0.000149652
-0.000149953
-0.000149861
-0.00014939
-0.000148558
-0.000147388
-0.000145907
-0.000144145
-0.00014214
-0.00013993
-0.00013756
-0.000135076
-0.000132527
-0.000129964
-0.000127431
-0.000124931
-0.000122468
-0.000120423
-2.56198e-05
-2.26585e-05
-1.92601e-05
-1.60294e-05
-1.29319e-05
-9.92751e-06
-7.03679e-06
-4.29651e-06
-1.74232e-06
5.91859e-07
2.67338e-06
4.47136e-06
5.95751e-06
7.10659e-06
7.89688e-06
8.31028e-06
8.3326e-06
7.95346e-06
7.16645e-06
5.96891e-06
4.36201e-06
2.3504e-06
-5.7762e-08
-2.85117e-06
-6.0154e-06
-9.53333e-06
-1.33852e-05
-1.75489e-05
-2.20004e-05
-2.67136e-05
-3.16609e-05
-3.68135e-05
-4.21411e-05
-4.76129e-05
-5.31971e-05
-5.88617e-05
-6.45744e-05
-7.03029e-05
-7.60148e-05
-8.16784e-05
-8.72623e-05
-9.27359e-05
-9.80695e-05
-0.000103234
-0.000108202
-0.000112948
-0.000117446
-0.000121673
-0.000125608
-0.000129232
-0.000132525
-0.000135474
-0.000138064
-0.000140285
-0.000142129
-0.000143589
-0.000144664
-0.000145352
-0.000145657
-0.000145585
-0.000145146
-0.000144352
-0.000143218
-0.000141763
-0.00014001
-0.000137983
-0.00013571
-0.000133218
-0.000130538
-0.000127702
-0.000124743
-0.000121679
-0.000118465
-0.000115066
-0.000112093
-3.38752e-05
-3.00015e-05
-2.56488e-05
-2.1642e-05
-1.79185e-05
-1.44012e-05
-1.10943e-05
-8.02325e-06
-5.21211e-06
-2.68305e-06
-4.57824e-07
1.44267e-06
2.99907e-06
4.19419e-06
5.01333e-06
5.44462e-06
5.47915e-06
5.11119e-06
4.33813e-06
3.16061e-06
1.58236e-06
-3.8978e-07
-2.74605e-06
-5.47387e-06
-8.55806e-06
-1.19809e-05
-1.57225e-05
-1.9761e-05
-2.40724e-05
-2.86314e-05
-3.34112e-05
-3.83837e-05
-4.352e-05
-4.87904e-05
-5.41647e-05
-5.96123e-05
-6.51023e-05
-7.06042e-05
-7.60875e-05
-8.1522e-05
-8.68783e-05
-9.21273e-05
-9.72412e-05
-0.000102193
-0.000106956
-0.000111507
-0.000115821
-0.000119878
-0.000123655
-0.000127136
-0.000130302
-0.000133138
-0.000135632
-0.000137773
-0.00013955
-0.000140958
-0.000141991
-0.000142647
-0.000142927
-0.000142833
-0.000142369
-0.000141543
-0.000140364
-0.000138844
-0.000136997
-0.000134837
-0.000132381
-0.000129647
-0.000126653
-0.000123417
-0.00011996
-0.000116284
-0.000112305
-0.000107959
-0.000104077
-4.13156e-05
-3.65663e-05
-3.12776e-05
-2.64808e-05
-2.20924e-05
-1.80064e-05
-1.42161e-05
-1.07406e-05
-7.59605e-06
-4.79652e-06
-2.35574e-06
-2.86973e-07
1.39753e-06
2.6872e-06
3.57337e-06
4.0497e-06
4.11217e-06
3.75949e-06
2.99292e-06
1.81653e-06
2.36994e-07
-1.73627e-06
-4.09141e-06
-6.81399e-06
-9.8874e-06
-1.32928e-05
-1.70093e-05
-2.10145e-05
-2.52841e-05
-2.97925e-05
-3.4513e-05
-3.94177e-05
-4.44782e-05
-4.96652e-05
-5.49493e-05
-6.03005e-05
-6.56891e-05
-7.10853e-05
-7.64598e-05
-8.17835e-05
-8.70281e-05
-9.21657e-05
-9.71696e-05
-0.000102014
-0.000106673
-0.000111125
-0.000115345
-0.000119314
-0.00012301
-0.000126417
-0.000129516
-0.000132294
-0.000134735
-0.000136829
-0.000138565
-0.000139935
-0.000140932
-0.000141552
-0.000141791
-0.000141648
-0.000141124
-0.000140221
-0.000138944
-0.000137296
-0.000135286
-0.000132921
-0.000130209
-0.000127158
-0.000123777
-0.000120078
-0.000116073
-0.00011175
-0.000106997
-0.000101726
-9.69748e-05
-4.75239e-05
-4.1935e-05
-3.57365e-05
-3.0154e-05
-2.50873e-05
-2.0407e-05
-1.60994e-05
-1.21797e-05
-8.65975e-06
-5.54783e-06
-2.85191e-06
-5.79575e-07
1.26253e-06
2.6692e-06
3.63689e-06
4.16404e-06
4.25117e-06
3.9011e-06
3.11893e-06
1.91218e-06
2.90716e-07
-1.73325e-06
-4.1453e-06
-6.92879e-06
-1.00651e-05
-1.35337e-05
-1.73124e-05
-2.13773e-05
-2.57033e-05
-3.02639e-05
-3.50318e-05
-3.99789e-05
-4.50763e-05
-5.02947e-05
-5.56046e-05
-6.09765e-05
-6.63807e-05
-7.17878e-05
-7.71691e-05
-8.2496e-05
-8.77406e-05
-9.28758e-05
-9.78755e-05
-0.000102714
-0.000107367
-0.000111812
-0.000116026
-0.000119989
-0.00012368
-0.000127082
-0.000130177
-0.00013295
-0.000135387
-0.000137474
-0.0001392
-0.000140555
-0.00014153
-0.000142119
-0.000142315
-0.000142114
-0.000141512
-0.000140508
-0.0001391
-0.00013729
-0.000135077
-0.000132464
-0.000129451
-0.000126042
-0.000122238
-0.000118044
-0.000113468
-0.00010849
-0.000102973
-9.68102e-05
-9.12321e-05
-5.2179e-05
-4.57775e-05
-3.86914e-05
-3.23326e-05
-2.65868e-05
-2.13039e-05
-1.64653e-05
-1.20851e-05
-8.17198e-06
-4.73068e-06
-1.76493e-06
7.21959e-07
2.7278e-06
4.25172e-06
5.29461e-06
5.85909e-06
5.94983e-06
5.57353e-06
4.73906e-06
3.45741e-06
1.74177e-06
-3.92628e-07
-2.92846e-06
-5.84654e-06
-9.12581e-06
-1.27436e-05
-1.66757e-05
-2.08966e-05
-2.53796e-05
-3.00968e-05
-3.50199e-05
-4.01196e-05
-4.53662e-05
-5.073e-05
-5.61808e-05
-6.16886e-05
-6.72237e-05
-7.27565e-05
-7.8258e-05
-8.36999e-05
-8.90543e-05
-9.42942e-05
-9.93935e-05
-0.000104327
-0.00010907
-0.000113601
-0.000117896
-0.000121934
-0.000125697
-0.000129165
-0.00013232
-0.000135147
-0.00013763
-0.000139754
-0.000141508
-0.00014288
-0.000143858
-0.000144433
-0.000144597
-0.000144342
-0.000143661
-0.000142548
-0.000141
-0.00013901
-0.000136576
-0.000133695
-0.000130363
-0.000126576
-0.000122332
-0.000117632
-0.000112482
-0.000106853
-0.000100588
-9.35653e-05
-8.71957e-05
-5.501e-05
-4.78109e-05
-3.98513e-05
-3.27248e-05
-2.6304e-05
-2.04198e-05
-1.505e-05
-1.02084e-05
-5.9022e-06
-2.13347e-06
1.09718e-06
3.7898e-06
5.9458e-06
7.56804e-06
8.66124e-06
9.23185e-06
9.28843e-06
8.84137e-06
7.90331e-06
6.48875e-06
4.61437e-06
2.29863e-06
-4.37968e-07
-3.57336e-06
-7.08365e-06
-1.09437e-05
-1.51267e-05
-1.96051e-05
-2.43501e-05
-2.93321e-05
-3.45209e-05
-3.9886e-05
-4.53962e-05
-5.10206e-05
-5.67281e-05
-6.24878e-05
-6.82693e-05
-7.40424e-05
-7.97776e-05
-8.54461e-05
-9.10196e-05
-9.64709e-05
-0.000101774
-0.000106902
-0.000111833
-0.000116541
-0.000121005
-0.000125203
-0.000129116
-0.000132723
-0.000136007
-0.000138949
-0.000141535
-0.000143749
-0.000145576
-0.000147002
-0.000148016
-0.000148606
-0.000148759
-0.000148467
-0.000147719
-0.000146506
-0.00014482
-0.000142653
-0.000139997
-0.000136844
-0.000133188
-0.000129021
-0.000124337
-0.000119133
-0.000113412
-0.000107144
-0.00010015
-9.22918e-05
-8.51576e-05
-5.57638e-05
-4.77708e-05
-3.89423e-05
-3.10533e-05
-2.39636e-05
-1.74851e-05
-1.15929e-05
-6.30086e-06
-1.61536e-06
2.46362e-06
5.93795e-06
8.8105e-06
1.10858e-05
1.27701e-05
1.38716e-05
1.44005e-05
1.43689e-05
1.37911e-05
1.26833e-05
1.10639e-05
8.95308e-06
6.37286e-06
3.34713e-06
-9.87379e-08
-3.93774e-06
-8.14171e-06
-1.26812e-05
-1.75258e-05
-2.26442e-05
-2.80048e-05
-3.35751e-05
-3.93226e-05
-4.52144e-05
-5.12181e-05
-5.73011e-05
-6.34313e-05
-6.95768e-05
-7.57068e-05
-8.17906e-05
-8.77987e-05
-9.37022e-05
-9.94732e-05
-0.000105085
-0.000110511
-0.000115726
-0.000120707
-0.000125431
-0.000129875
-0.000134019
-0.000137842
-0.000141326
-0.000144452
-0.000147203
-0.000149562
-0.000151514
-0.000153043
-0.000154134
-0.000154775
-0.000154951
-0.000154649
-0.000153858
-0.000152565
-0.000150758
-0.000148426
-0.000145559
-0.000142145
-0.000138173
-0.000133634
-0.000128518
-0.000122819
-0.00011654
-0.000109646
-0.000101937
-9.32639e-05
-8.53832e-05
-5.41805e-05
-4.53875e-05
-3.56872e-05
-2.7038e-05
-1.92864e-05
-1.22254e-05
-5.82676e-06
-1.05061e-07
4.93419e-06
9.29284e-06
1.29749e-05
1.59861e-05
1.83338e-05
2.00274e-05
2.10787e-05
2.15015e-05
2.13116e-05
2.05272e-05
1.91684e-05
1.72575e-05
1.48184e-05
1.18772e-05
8.46132e-06
4.59988e-06
3.23291e-07
-4.33679e-06
-9.34777e-06
-1.46762e-05
-2.02879e-05
-2.61484e-05
-3.22228e-05
-3.84762e-05
-4.48736e-05
-5.13805e-05
-5.79626e-05
-6.45859e-05
-7.12173e-05
-7.78243e-05
-8.43752e-05
-9.08393e-05
-9.71866e-05
-0.000103388
-0.000109417
-0.000115245
-0.000120847
-0.000126198
-0.000131275
-0.000136055
-0.000140516
-0.000144637
-0.000148398
-0.00015178
-0.000154764
-0.000157332
-0.000159467
-0.000161152
-0.000162371
-0.000163108
-0.000163348
-0.000163074
-0.000162273
-0.000160929
-0.000159028
-0.000156556
-0.000153499
-0.000149842
-0.000145573
-0.000140678
-0.000135144
-0.000128965
-0.000122142
-0.000114634
-0.000106224
-9.67482e-05
-8.81315e-05
-4.99753e-05
-4.03696e-05
-2.9789e-05
-2.03803e-05
-1.19761e-05
-4.34898e-06
2.53247e-06
8.65353e-06
1.40095e-05
1.86042e-05
2.2444e-05
2.55373e-05
2.78945e-05
2.95285e-05
3.04544e-05
3.069e-05
3.02551e-05
2.9172e-05
2.74648e-05
2.51601e-05
2.2286e-05
1.88727e-05
1.49518e-05
1.05564e-05
5.72081e-06
4.8054e-07
-5.12828e-06
-1.10686e-05
-1.73031e-05
-2.37941e-05
-3.05038e-05
-3.73946e-05
-4.44289e-05
-5.15698e-05
-5.87807e-05
-6.60259e-05
-7.32703e-05
-8.04797e-05
-8.7621e-05
-9.46619e-05
-0.000101571
-0.000108319
-0.000114877
-0.000121216
-0.000127311
-0.000133134
-0.000138663
-0.000143873
-0.000148741
-0.000153246
-0.000157366
-0.000161082
-0.000164372
-0.000167219
-0.000169603
-0.000171506
-0.00017291
-0.000173796
-0.000174149
-0.000173949
-0.000173179
-0.000171824
-0.000169864
-0.000167284
-0.000164066
-0.000160194
-0.000155652
-0.000150423
-0.000144491
-0.000137849
-0.000130496
-0.000122388
-0.000113288
-0.000103017
-9.36694e-05
-4.28231e-05
-3.23883e-05
-2.09169e-05
-1.07508e-05
-1.70698e-06
6.46323e-06
1.37954e-05
2.0275e-05
2.58985e-05
3.06721e-05
3.46047e-05
3.77079e-05
3.99954e-05
4.14838e-05
4.21922e-05
4.21423e-05
4.13585e-05
3.98673e-05
3.76975e-05
3.48802e-05
3.14483e-05
2.74363e-05
2.28805e-05
1.78185e-05
1.22889e-05
6.33132e-06
-1.39683e-08
-6.70604e-06
-1.37039e-05
-2.09663e-05
-2.84522e-05
-3.61208e-05
-4.39318e-05
-5.18453e-05
-5.98225e-05
-6.78252e-05
-7.58163e-05
-8.37597e-05
-9.16204e-05
-9.93646e-05
-0.00010696
-0.000114374
-0.000121579
-0.000128543
-0.00013524
-0.000141644
-0.000147727
-0.000153467
-0.000158838
-0.000163819
-0.000168386
-0.000172519
-0.000176197
-0.000179399
-0.000182104
-0.000184293
-0.000185946
-0.000187044
-0.000187566
-0.000187494
-0.000186807
-0.000185486
-0.000183512
-0.000180864
-0.000177523
-0.00017347
-0.000168686
-0.00016315
-0.000156845
-0.000149761
-0.000141897
-0.000133202
-0.00012342
-0.00011236
-0.000102281
-3.23464e-05
-2.10661e-05
-8.69538e-06
2.22181e-06
1.18852e-05
2.05666e-05
2.83066e-05
3.50913e-05
4.09193e-05
4.57992e-05
4.97437e-05
5.27676e-05
5.48887e-05
5.61275e-05
5.65078e-05
5.60558e-05
5.48007e-05
5.2774e-05
5.00096e-05
4.65435e-05
4.24138e-05
3.76601e-05
3.23237e-05
2.6447e-05
2.00735e-05
1.32475e-05
6.01374e-06
-1.58259e-06
-9.49633e-06
-1.76824e-05
-2.6096e-05
-3.46929e-05
-4.34297e-05
-5.22634e-05
-6.11525e-05
-7.00562e-05
-7.89351e-05
-8.77509e-05
-9.64667e-05
-0.000105047
-0.000113457
-0.000121665
-0.000129639
-0.000137349
-0.000144765
-0.00015186
-0.000158608
-0.000164982
-0.000170958
-0.000176513
-0.000181622
-0.000186263
-0.000190415
-0.000194054
-0.000197161
-0.000199712
-0.000201687
-0.000203065
-0.000203823
-0.000203941
-0.000203396
-0.000202166
-0.000200228
-0.000197562
-0.000194143
-0.00018995
-0.000184961
-0.000179152
-0.000172504
-0.000165004
-0.000156648
-0.000147383
-0.00013693
-0.000125084
-0.000114274
-1.81044e-05
-5.96651e-06
7.30563e-06
1.89589e-05
2.92113e-05
3.83597e-05
4.64506e-05
5.34717e-05
5.94243e-05
6.43208e-05
6.81777e-05
7.10142e-05
7.28525e-05
7.37181e-05
7.36398e-05
7.26492e-05
7.07808e-05
6.80716e-05
6.45612e-05
6.02913e-05
5.53056e-05
4.96494e-05
4.33694e-05
3.65135e-05
2.91306e-05
2.127e-05
1.29815e-05
4.31482e-06
-4.6802e-06
-1.39543e-05
-2.34587e-05
-3.31454e-05
-4.29673e-05
-5.28785e-05
-6.28341e-05
-7.27908e-05
-8.27066e-05
-9.25409e-05
-0.000102255
-0.000111811
-0.000121173
-0.000130307
-0.00013918
-0.00014776
-0.000156017
-0.000163923
-0.00017145
-0.00017857
-0.00018526
-0.000191492
-0.000197244
-0.000202491
-0.000207211
-0.000211379
-0.000214974
-0.000217972
-0.00022035
-0.000222085
-0.000223154
-0.000223532
-0.000223196
-0.00022212
-0.000220281
-0.000217652
-0.000214209
-0.000209925
-0.000204777
-0.000198737
-0.000191782
-0.000183896
-0.000175075
-0.000165259
-0.000154149
-0.000141523
-0.000129983
4.16547e-07
1.34152e-05
2.75788e-05
3.99395e-05
5.07354e-05
6.02899e-05
6.8657e-05
7.58269e-05
8.18046e-05
8.66071e-05
9.02558e-05
9.2775e-05
9.41926e-05
9.45395e-05
9.38503e-05
9.21627e-05
8.95174e-05
8.59577e-05
8.15294e-05
7.62806e-05
7.02612e-05
6.35227e-05
5.6118e-05
4.81011e-05
3.95264e-05
3.0449e-05
2.09241e-05
1.10065e-05
7.50908e-07
-9.78875e-06
-2.05593e-05
-3.15088e-05
-4.25862e-05
-5.37423e-05
-6.4929e-05
-7.61e-05
-8.72106e-05
-9.8218e-05
-0.000109081
-0.00011976
-0.000130218
-0.000140418
-0.000150326
-0.000159909
-0.000169137
-0.000177979
-0.000186407
-0.000194392
-0.000201909
-0.000208931
-0.000215434
-0.000221392
-0.000226782
-0.000231578
-0.000235757
-0.000239294
-0.000242164
-0.000244343
-0.000245805
-0.000246524
-0.000246474
-0.000245626
-0.000243954
-0.00024143
-0.000238024
-0.000233708
-0.000228454
-0.000222231
-0.000215013
-0.00020678
-0.000197527
-0.000187186
-0.000175437
-0.000162042
-0.000149776
2.38121e-05
3.76599e-05
5.26867e-05
6.5707e-05
7.69803e-05
8.68586e-05
9.54047e-05
0.000102613
0.000108492
0.000113066
0.000116361
0.000118409
0.000119243
0.000118902
0.000117425
0.000114859
0.00011125
0.000106649
0.000101109
9.46843e-05
8.74327e-05
7.94122e-05
7.06826e-05
6.13041e-05
5.13376e-05
4.08444e-05
2.98853e-05
1.85209e-05
6.81111e-06
-5.18527e-06
-1.74105e-05
-2.98081e-05
-4.23233e-05
-5.49031e-05
-6.74959e-05
-8.00523e-05
-9.25251e-05
-0.000104869
-0.000117042
-0.000129
-0.000140705
-0.000152119
-0.000163207
-0.000173935
-0.000184269
-0.000194181
-0.000203639
-0.000212616
-0.000221084
-0.000229016
-0.000236386
-0.000243169
-0.000249339
-0.000254871
-0.000259738
-0.000263916
-0.000267378
-0.000270097
-0.000272045
-0.000273195
-0.000273516
-0.00027298
-0.000271555
-0.000269211
-0.000265914
-0.000261634
-0.000256336
-0.000249989
-0.000242559
-0.000234026
-0.00022438
-0.000213547
-0.000201185
-0.000187037
-0.000174055
5.27677e-05
6.74318e-05
8.32681e-05
9.68743e-05
0.000108532
0.000118625
0.000127226
0.000134333
0.000139963
0.000144145
0.000146915
0.00014831
0.000148371
0.000147144
0.000144678
0.000141025
0.000136241
0.000130384
0.000123514
0.000115695
0.000106992
9.74688e-05
8.71939e-05
7.62345e-05
6.46582e-05
5.25328e-05
3.99255e-05
2.69028e-05
1.353e-05
-1.28537e-07
-1.40104e-05
-2.80545e-05
-4.22022e-05
-5.63965e-05
-7.05827e-05
-8.47066e-05
-9.87175e-05
-0.000112571
-0.000126222
-0.000139625
-0.000152739
-0.000165525
-0.000177946
-0.000189967
-0.000201555
-0.000212678
-0.000223306
-0.000233409
-0.00024296
-0.000251932
-0.000260296
-0.000268027
-0.000275098
-0.000281483
-0.000287155
-0.000292086
-0.000296249
-0.000299615
-0.000302154
-0.000303835
-0.000304627
-0.000304497
-0.00030341
-0.000301333
-0.000298229
-0.000294062
-0.000288795
-0.000282391
-0.000274812
-0.000266035
-0.000256044
-0.000244761
-0.000231818
-0.000216943
-0.000203261
8.80664e-05
0.000103485
0.000120043
0.000134128
0.000146046
0.000156211
0.000164707
0.000171542
0.000176739
0.000180336
0.000182376
0.000182905
0.000181974
0.000179636
0.00017595
0.000170977
0.00016478
0.000157428
0.000148988
0.000139533
0.000129135
0.000117869
0.000105809
9.30308e-05
7.96088e-05
6.56181e-05
5.11324e-05
3.62245e-05
2.09658e-05
5.42608e-06
-1.03272e-05
-2.62282e-05
-4.22138e-05
-5.8223e-05
-7.41978e-05
-9.0084e-05
-0.000105828
-0.000121377
-0.000136685
-0.000151707
-0.000166399
-0.000180722
-0.000194638
-0.000208111
-0.000221108
-0.000233595
-0.000245542
-0.000256918
-0.000267696
-0.000277846
-0.000287343
-0.000296157
-0.000304262
-0.000311631
-0.000318235
-0.000324045
-0.000329032
-0.000333165
-0.000336413
-0.000338741
-0.000340115
-0.0003405
-0.000339857
-0.000338148
-0.000335333
-0.000331372
-0.000326222
-0.000319842
-0.000312189
-0.000303235
-0.00029296
-0.000281279
-0.000267799
-0.000252232
-0.000237873
0.000130594
0.000146668
0.000163817
0.000178231
0.000190242
0.000200296
0.000208493
0.000214846
0.000219388
0.000222169
0.000223241
0.000222659
0.000220485
0.000216781
0.000211616
0.000205061
0.000197189
0.000188076
0.000177802
0.000166447
0.000154092
0.000140822
0.000126718
0.000111865
9.63441e-05
8.02387e-05
6.36292e-05
4.6595e-05
2.92136e-05
1.15603e-05
-6.29197e-06
-2.42727e-05
-4.23143e-05
-6.0352e-05
-7.83238e-05
-9.61712e-05
-0.000113839
-0.000131274
-0.000148431
-0.000165263
-0.000181719
-0.000197756
-0.000213341
-0.000228437
-0.000243008
-0.000257023
-0.000270449
-0.000283256
-0.000295416
-0.0003069
-0.000317679
-0.000327726
-0.000337012
-0.00034551
-0.000353189
-0.00036002
-0.00036597
-0.000371008
-0.000375098
-0.000378205
-0.000380291
-0.000381316
-0.000381239
-0.000380017
-0.000377605
-0.000373958
-0.000369029
-0.000362769
-0.000355133
-0.000346084
-0.0003356
-0.000323585
-0.000309626
-0.000293413
-0.000278412
0.00018134
0.000197923
0.000215477
0.000230019
0.000241908
0.000251622
0.000259275
0.000264893
0.000268519
0.000270214
0.000270042
0.000268069
0.000264367
0.000259011
0.000252079
0.000243652
0.000233815
0.000222654
0.000210258
0.000196718
0.000182125
0.00016657
0.000150147
0.000132946
0.000115059
9.65748e-05
7.75825e-05
5.81677e-05
3.84142e-05
1.84031e-05
-1.78717e-06
-2.20817e-05
-4.24083e-05
-6.26985e-05
-8.28872e-05
-0.000102913
-0.000122717
-0.000142245
-0.000161444
-0.000180267
-0.000198674
-0.000216619
-0.00023406
-0.00025096
-0.000267287
-0.000283006
-0.000298085
-0.000312496
-0.000326208
-0.000339193
-0.000351422
-0.000362867
-0.000373499
-0.000383289
-0.000392205
-0.000400216
-0.000407288
-0.000413387
-0.000418476
-0.000422514
-0.000425461
-0.000427274
-0.000427906
-0.000427309
-0.000425435
-0.000422231
-0.000417645
-0.000411623
-0.000404111
-0.000395068
-0.000384467
-0.000372201
-0.000357834
-0.000341039
-0.000325442
0.000241401
0.000258286
0.00027599
0.000290397
0.000301891
0.000310979
0.000317794
0.000322374
0.000324776
0.000325072
0.00032334
0.000319659
0.000314112
0.000306785
0.000297769
0.000287155
0.00027504
0.00026152
0.000246695
0.000230666
0.000213534
0.000195399
0.000176365
0.00015653
0.000135995
0.000114857
9.32111e-05
7.11503e-05
4.8765e-05
2.61419e-05
3.3646e-06
-1.9487e-05
-4.23366e-05
-6.51122e-05
-8.77453e-05
-0.000110172
-0.000132332
-0.000154168
-0.000175625
-0.000196652
-0.000217208
-0.000237254
-0.000256747
-0.000275647
-0.00029392
-0.000311534
-0.000328457
-0.000344659
-0.000360111
-0.000374783
-0.000388648
-0.000401677
-0.000413839
-0.000425105
-0.000435441
-0.000444816
-0.000453193
-0.000460534
-0.0004668
-0.000471947
-0.000475931
-0.000478703
-0.000480212
-0.000480406
-0.000479228
-0.000476621
-0.000472525
-0.00046688
-0.000459625
-0.00045071
-0.000440103
-0.000427687
-0.000413003
-0.000395707
-0.000379576
0.000311968
0.000328874
0.000346393
0.000360327
0.000371082
0.000379196
0.000384819
0.000388004
0.000388824
0.000387365
0.000383717
0.000377974
0.00037023
0.000360585
0.00034914
0.000336
0.000321272
0.000305064
0.000287485
0.000268647
0.000248662
0.00022764
0.000205692
0.000182927
0.000159452
0.000135374
0.000110795
8.58145e-05
6.05292e-05
3.50316e-05
9.41049e-06
-1.62495e-05
-4.18683e-05
-6.737e-05
-9.26834e-05
-0.000117742
-0.000142483
-0.000166848
-0.000190783
-0.000214238
-0.000237167
-0.000259528
-0.000281281
-0.00030239
-0.000322818
-0.000342534
-0.000361507
-0.000379708
-0.000397107
-0.000413675
-0.000429384
-0.000444205
-0.000458108
-0.00047106
-0.000483028
-0.000493977
-0.000503869
-0.000512663
-0.000520315
-0.000526779
-0.000532005
-0.000535939
-0.000538525
-0.000539703
-0.000539411
-0.000537583
-0.000534154
-0.000529053
-0.000522211
-0.000513572
-0.000503095
-0.000490653
-0.000475764
-0.000458065
-0.000441477
0.000394321
0.000410878
0.000427777
0.00044081
0.000450406
0.000457126
0.000461137
0.000462513
0.000461341
0.000457722
0.000451762
0.000443566
0.000433244
0.000420906
0.000406667
0.000390642
0.000372949
0.000353708
0.000333039
0.000311063
0.000287901
0.000263675
0.000238504
0.000212505
0.000185794
0.000158485
0.000130688
0.000102509
7.405e-05
4.54102e-05
1.66827e-05
-1.20433e-05
-4.06839e-05
-6.91601e-05
-9.73981e-05
-0.000125329
-0.000152888
-0.000180018
-0.000206662
-0.000232771
-0.000258299
-0.000283203
-0.000307444
-0.000330987
-0.000353798
-0.000375844
-0.000397096
-0.000417525
-0.000437103
-0.000455801
-0.00047359
-0.000490442
-0.000506324
-0.000521204
-0.000535047
-0.000547815
-0.000559467
-0.00056996
-0.000579245
-0.00058727
-0.00059398
-0.000599317
-0.000603216
-0.00060561
-0.000606429
-0.0006056
-0.000603046
-0.000598689
-0.000592451
-0.000584265
-0.000574081
-0.000561763
-0.000546802
-0.000528822
-0.000511871
0.000489797
0.000505528
0.000521256
0.000532861
0.000540788
0.000545613
0.000547525
0.000546615
0.000542988
0.000536761
0.000528053
0.000516985
0.000503676
0.00048825
0.000470832
0.00045155
0.000430531
0.000407905
0.000383803
0.000358356
0.000331693
0.000303945
0.00027524
0.000245704
0.00021546
0.000184629
0.000153329
0.000121671
8.97648e-05
5.77134e-05
2.56151e-05
-6.43706e-06
-3.83557e-05
-7.00589e-05
-0.000101471
-0.00013252
-0.000163143
-0.000193279
-0.000222874
-0.000251877
-0.000280244
-0.000307932
-0.000334905
-0.000361127
-0.000386565
-0.000411191
-0.000434974
-0.000457888
-0.000479904
-0.000500995
-0.000521132
-0.000540286
-0.000558424
-0.000575512
-0.000591513
-0.000606386
-0.000620088
-0.000632569
-0.000643776
-0.000653653
-0.000662137
-0.000669162
-0.000674656
-0.000678544
-0.000680745
-0.000681176
-0.000679751
-0.000676379
-0.000670971
-0.000663451
-0.000653757
-0.000641741
-0.000626871
-0.000608755
-0.000591554
0.000599761
0.000614065
0.000627934
0.000637467
0.000643115
0.000645461
0.000644711
0.000640978
0.000634382
0.000625056
0.000613133
0.000598744
0.000582021
0.000563099
0.000542111
0.000519195
0.000494488
0.000468128
0.000440254
0.000411006
0.000380523
0.000348942
0.000316399
0.000283028
0.00024896
0.000214323
0.00017924
0.000143829
0.000108206
7.24766e-05
3.67454e-05
1.10842e-06
-3.43439e-05
-6.95272e-05
-0.000104364
-0.000138783
-0.000172717
-0.000206109
-0.000238903
-0.000271051
-0.000302509
-0.000333236
-0.000363198
-0.000392361
-0.000420696
-0.000448173
-0.000474766
-0.000500448
-0.000525194
-0.000548977
-0.000571767
-0.000593534
-0.000614247
-0.000633868
-0.000652357
-0.000669671
-0.000685761
-0.000700573
-0.000714049
-0.000726124
-0.000736727
-0.000745783
-0.000753212
-0.000758926
-0.000762834
-0.000764841
-0.000764848
-0.000762751
-0.000758449
-0.000751851
-0.000742885
-0.000731386
-0.000716802
-0.000698725
-0.000681407
0.000725549
0.000737678
0.000748847
0.000755533
0.000758187
0.000757377
0.000753328
0.000746172
0.000736047
0.000723097
0.000707465
0.000689292
0.00066872
0.000645889
0.000620941
0.000594024
0.000565275
0.000534842
0.000502871
0.000469509
0.0004349
0.00039919
0.000362521
0.000325033
0.000286864
0.000248149
0.000209015
0.000169588
0.000129986
9.03231e-05
5.07046e-05
1.12307e-05
-2.80056e-05
-6.69184e-05
-0.000105429
-0.000143465
-0.000180961
-0.000217859
-0.000254106
-0.000289656
-0.000324466
-0.000358499
-0.000391723
-0.000424107
-0.000455624
-0.000486249
-0.000515957
-0.000544724
-0.000572526
-0.000599335
-0.000625125
-0.000649864
-0.000673518
-0.000696049
-0.000717413
-0.000737562
-0.000756442
-0.000773993
-0.000790147
-0.000804832
-0.000817968
-0.000829468
-0.000839238
-0.00084718
-0.000853188
-0.000857153
-0.000858959
-0.000858489
-0.000855624
-0.000850259
-0.000842306
-0.000831584
-0.00081752
-0.00079969
-0.000782417
0.000868398
0.000877437
0.000884887
0.000887808
0.000886636
0.000881903
0.000873846
0.000862613
0.000848356
0.000831229
0.000811381
0.000788958
0.000764105
0.000736966
0.000707682
0.000676408
0.000643289
0.00060847
0.000572102
0.000534336
0.000495323
0.000455211
0.000414151
0.000372286
0.000329762
0.000286716
0.000243283
0.000199594
0.000155771
0.000111931
6.81847e-05
2.46344e-05
-1.86249e-05
-6.15062e-05
-0.00010393
-0.000145825
-0.000187128
-0.00022778
-0.000267733
-0.000306943
-0.00034537
-0.000382983
-0.000419751
-0.00045565
-0.000490656
-0.000524746
-0.000557901
-0.000590099
-0.000621317
-0.00065153
-0.000680712
-0.00070883
-0.000735848
-0.000761725
-0.000786414
-0.000809861
-0.000832003
-0.000852774
-0.000872096
-0.000889884
-0.000906048
-0.000920485
-0.000933089
-0.000943744
-0.000952327
-0.000958709
-0.00096276
-0.000964341
-0.000963316
-0.000959559
-0.000952965
-0.000943333
-0.000930069
-0.000912735
-0.000895697
0.00102931
0.00103415
0.00103667
0.00103477
0.00102883
0.00101932
0.00100648
0.000990466
0.00097145
0.000949581
0.000925009
0.000897878
0.000868331
0.000836507
0.00080255
0.0007666
0.000728811
0.000689327
0.000648298
0.000605876
0.000562213
0.000517463
0.000471778
0.000425307
0.0003782
0.000330599
0.000282645
0.000234471
0.000186206
0.00013797
8.98765e-05
4.20299e-05
-5.47284e-06
-5.25441e-05
-9.91052e-05
-0.000145086
-0.000190425
-0.000235068
-0.00027897
-0.00032209
-0.000364397
-0.000405861
-0.00044646
-0.000486174
-0.000524985
-0.000562877
-0.000599832
-0.000635835
-0.000670864
-0.000704898
-0.00073791
-0.000769868
-0.000800732
-0.000830458
-0.000858994
-0.000886277
-0.000912238
-0.000936797
-0.000959865
-0.000981345
-0.00100113
-0.00101909
-0.00103512
-0.00104908
-0.00106081
-0.00107016
-0.001077
-0.00108114
-0.00108244
-0.00108075
-0.00107593
-0.00106777
-0.00105564
-0.0010391
-0.00102252
0.00120898
0.00120833
0.00120453
0.00119658
0.00118479
0.00116955
0.00115108
0.00112956
0.00110513
0.00107796
0.00104817
0.00101591
0.000981286
0.000944443
0.00090551
0.000864621
0.000821916
0.000777536
0.000731628
0.000684341
0.000635827
0.000586241
0.000535737
0.000484467
0.000432585
0.000380238
0.000327571
0.000274723
0.000221824
0.000169001
0.000116368
6.40328e-05
1.20943e-05
-3.93604e-05
-9.02546e-05
-0.000140521
-0.000190101
-0.000238947
-0.000287017
-0.000334279
-0.000380707
-0.000426281
-0.000470986
-0.00051481
-0.000557743
-0.000599776
-0.000640898
-0.000681099
-0.000720362
-0.000758669
-0.000795994
-0.000832303
-0.000867556
-0.000901702
-0.000934683
-0.000966427
-0.000996853
-0.00102587
-0.00105337
-0.00107923
-0.00110334
-0.00112555
-0.00114572
-0.00116367
-0.00117923
-0.00119223
-0.0012025
-0.00120984
-0.00121406
-0.00121497
-0.00121244
-0.0012062
-0.00119562
-0.00118023
-0.00116438
0.00140765
0.00139998
0.00138819
0.00137278
0.00135397
0.00133198
0.001307
0.00127921
0.00124875
0.00121573
0.00118027
0.00114248
0.00110247
0.00106033
0.00101618
0.000970142
0.000922332
0.000872883
0.000821933
0.000769625
0.000716108
0.000661534
0.000606059
0.000549838
0.000493028
0.00043578
0.000378245
0.000320565
0.000262878
0.000205311
0.000147983
9.10054e-05
3.44776e-05
-2.15128e-05
-7.68936e-05
-0.000131602
-0.000185586
-0.000238802
-0.000291218
-0.00034281
-0.000393564
-0.000443469
-0.000492523
-0.000540723
-0.000588072
-0.000634572
-0.00068022
-0.000725015
-0.000768947
-0.000812
-0.000854153
-0.00089537
-0.00093561
-0.000974816
-0.00101292
-0.00104984
-0.00108548
-0.00111973
-0.00115246
-0.00118354
-0.0012128
-0.0012401
-0.00126523
-0.00128802
-0.00130825
-0.00132573
-0.00134022
-0.0013515
-0.00135935
-0.00136355
-0.00136391
-0.00136016
-0.00135161
-0.0013378
-0.00132301
0.0016247
0.00160825
0.00158663
0.00156223
0.00153511
0.00150529
0.00147291
0.0014381
0.00140098
0.00136163
0.0013201
0.00127648
0.00123081
0.00118317
0.00113364
0.00108231
0.00102927
0.000974641
0.000918543
0.000861109
0.000802483
0.000742813
0.000682256
0.00062097
0.000559114
0.000496848
0.000434325
0.000371695
0.000309102
0.000246677
0.000184541
0.000122808
6.15878e-05
9.70656e-07
-5.89897e-05
-0.000118235
-0.000176718
-0.000234404
-0.000291272
-0.000347312
-0.000402523
-0.000456911
-0.000510489
-0.000563271
-0.000615275
-0.000666518
-0.000717013
-0.000766769
-0.000815787
-0.000864058
-0.000911565
-0.000958274
-0.00100414
-0.0010491
-0.00109307
-0.00113597
-0.00117767
-0.00121804
-0.00125694
-0.00129418
-0.0013296
-0.00136298
-0.0013941
-0.00142273
-0.00144863
-0.00147155
-0.00149122
-0.00150736
-0.00151971
-0.00152801
-0.00153202
-0.00153142
-0.00152552
-0.00151382
-0.00150048
0.00185866
0.00183145
0.00179791
0.00176283
0.00172605
0.00168728
0.00164658
0.00160404
0.0015597
0.00151358
0.00146567
0.00141596
0.00136447
0.0013112
0.0012562
0.0011995
0.00114117
0.00108131
0.00102
0.000957383
0.000893579
0.000828739
0.000763018
0.000696579
0.000629587
0.000562208
0.000494607
0.00042694
0.000359362
0.000292013
0.000225003
0.000158416
9.24547e-05
2.72413e-05
-3.73044e-05
-0.000101102
-0.00016409
-0.000226244
-0.000287563
-0.000348055
-0.000407739
-0.000466644
-0.000524804
-0.000582259
-0.000639049
-0.000695213
-0.000750784
-0.00080579
-0.000860248
-0.000914161
-0.000967519
-0.00102029
-0.00107243
-0.00112387
-0.00117452
-0.00122427
-0.00127297
-0.00132047
-0.00136659
-0.00141111
-0.00145382
-0.00149446
-0.00153276
-0.00156845
-0.00160121
-0.00163074
-0.00165673
-0.00167884
-0.00169675
-0.00171014
-0.00171871
-0.0017221
-0.00171958
-0.00171063
-0.00169923
0.00210672
0.00206655
0.00201883
0.00197125
0.00192339
0.00187456
0.00182466
0.00177372
0.00172168
0.00166844
0.0016139
0.00155796
0.00150055
0.00144161
0.0013811
0.00131902
0.0012554
0.00119028
0.00112374
0.00105589
0.00098685
0.00091677
0.000845807
0.000774129
0.000701912
0.000629335
0.000556574
0.000483805
0.0004112
0.00033892
0.000267028
0.000195362
0.000124646
5.50963e-05
-1.39047e-05
-8.21688e-05
-0.000149546
-0.000216028
-0.000281641
-0.000346422
-0.000410419
-0.000473692
-0.000536307
-0.000598338
-0.00065986
-0.000720943
-0.000781652
-0.000842043
-0.000902157
-0.000962018
-0.00102163
-0.00108097
-0.00113999
-0.00119862
-0.00125676
-0.00131427
-0.00137099
-0.00142673
-0.00148125
-0.00153431
-0.00158562
-0.00163488
-0.00168176
-0.0017259
-0.00176695
-0.00180451
-0.00183821
-0.00186762
-0.00189236
-0.00191204
-0.00192629
-0.00193468
-0.00193646
-0.00193107
-0.00192222
0.00236449
0.00230896
0.00224462
0.00218266
0.00212228
0.00206228
0.00200237
0.00194244
0.00188229
0.00182168
0.00176037
0.00169813
0.00163479
0.00157018
0.00150419
0.00143674
0.00136781
0.00129741
0.00122559
0.00115245
0.00107808
0.00100266
0.000926323
0.000849271
0.00077169
0.000693778
0.000615733
0.000537748
0.000460009
0.000382686
0.000305915
0.0002298
0.000154538
8.02177e-05
6.8454e-06
-6.55616e-05
-0.000136981
-0.000207428
-0.000276948
-0.000345609
-0.000413497
-0.000480713
-0.000547371
-0.000613591
-0.000679497
-0.000745207
-0.000810834
-0.000876476
-0.000942211
-0.0010081
-0.00107416
-0.0011404
-0.00120678
-0.00127321
-0.0013396
-0.00140577
-0.00147154
-0.00153667
-0.00160088
-0.00166386
-0.00172525
-0.00178469
-0.00184176
-0.00189602
-0.00194701
-0.00199427
-0.00203732
-0.00207564
-0.00210876
-0.0021362
-0.00215751
-0.00217216
-0.00217935
-0.00217852
-0.00217299
0.00262556
0.00255213
0.00246862
0.00239036
0.00231605
0.00224385
0.00217319
0.00210378
0.00203521
0.00196707
0.00189892
0.00183039
0.00176113
0.00169088
0.00161941
0.00154659
0.00147231
0.00139655
0.00131933
0.00124071
0.00116083
0.00107982
0.000997871
0.000915186
0.000831986
0.000748496
0.000664948
0.000581568
0.00049857
0.000416153
0.000334492
0.00025374
0.000174032
9.54601e-05
1.80763e-05
-5.8102e-05
-0.000133088
-0.00020693
-0.000279707
-0.000351531
-0.000422542
-0.0004929
-0.000562782
-0.000632378
-0.000701882
-0.000771483
-0.000841363
-0.000911685
-0.000982589
-0.00105418
-0.00112654
-0.00119969
-0.00127361
-0.00134824
-0.00142344
-0.00149906
-0.00157484
-0.00165051
-0.00172573
-0.0018001
-0.0018732
-0.00194455
-0.00201363
-0.0020799
-0.0021428
-0.00220172
-0.00225607
-0.00230523
-0.0023486
-0.00238557
-0.00241558
-0.00243802
-0.00245204
-0.00245703
-0.00245577
0.00288115
0.00278721
0.00268193
0.00258547
0.0024959
0.00241056
0.00232853
0.00224925
0.00217207
0.00209631
0.0020213
0.00194648
0.00187131
0.0017954
0.0017184
0.00164008
0.00156027
0.00147889
0.00139594
0.00131149
0.00122566
0.00113861
0.00105055
0.000961736
0.000872416
0.000782871
0.000693381
0.000604222
0.000515654
0.000427925
0.000341254
0.000255828
0.000171797
8.92681e-05
8.3038e-06
-7.10813e-05
-0.00014892
-0.000225293
-0.000300327
-0.00037419
-0.000447091
-0.00051927
-0.000590994
-0.000662549
-0.000734229
-0.000806328
-0.00087913
-0.000952898
-0.00102786
-0.00110422
-0.00118212
-0.00126163
-0.00134279
-0.00142555
-0.00150979
-0.00159532
-0.00168186
-0.00176907
-0.00185655
-0.0019438
-0.0020303
-0.00211543
-0.00219855
-0.00227898
-0.00235599
-0.00242886
-0.00249681
-0.00255909
-0.00261493
-0.00266359
-0.00270435
-0.00273645
-0.00275901
-0.00277138
-0.00277563
0.00311973
0.00300267
0.0028731
0.00275664
0.0026506
0.00255132
0.00245741
0.00236798
0.00228205
0.00219861
0.00211673
0.00203556
0.00195441
0.00187267
0.00178989
0.00170571
0.0016199
0.00153236
0.00144304
0.00135201
0.00125942
0.00116545
0.00107039
0.000974509
0.00087815
0.000781657
0.000685384
0.000589684
0.000494894
0.000401332
0.000309275
0.000218961
0.000130597
4.43358e-05
-3.97653e-05
-0.000121683
-0.000201461
-0.000279211
-0.000355113
-0.000429407
-0.000502389
-0.000574406
-0.000645845
-0.000717124
-0.000788681
-0.000860957
-0.000934388
-0.00100939
-0.00108633
-0.00116554
-0.00124727
-0.00133173
-0.001419
-0.00150909
-0.0016019
-0.00169725
-0.00179484
-0.00189424
-0.00199498
-0.00209645
-0.00219798
-0.00229881
-0.00239813
-0.00249506
-0.00258871
-0.00267812
-0.00276234
-0.00284041
-0.00291137
-0.00297428
-0.00302823
-0.00307232
-0.00310558
-0.0031273
-0.0031386
0.00332668
0.00318403
0.00302781
0.00288974
0.00276619
0.00265233
0.00254617
0.00244639
0.00235159
0.00226039
0.0021715
0.0020838
0.00199634
0.00190833
0.00181916
0.00172838
0.00163569
0.00154092
0.00144404
0.00134512
0.00124434
0.00114197
0.00103832
0.000933786
0.000828789
0.00072378
0.000619223
0.00051558
0.000413301
0.000312812
0.000214492
0.000118641
2.54632e-05
-6.44512e-05
-0.000151343
-0.000235124
-0.000315809
-0.000393533
-0.000468529
-0.000541119
-0.000611705
-0.00068077
-0.000748858
-0.000816567
-0.00088453
-0.000953402
-0.00102383
-0.00109646
-0.00117187
-0.00125059
-0.00133308
-0.00141968
-0.00151064
-0.00160605
-0.0017059
-0.00181001
-0.00191808
-0.00202963
-0.00214409
-0.00226071
-0.00237866
-0.00249699
-0.00261467
-0.00273059
-0.00284359
-0.00295246
-0.00305599
-0.00315296
-0.00324215
-0.00332238
-0.00339249
-0.00345137
-0.00349797
-0.00353155
-0.00355188
0.00348408
0.00331363
0.00312871
0.0029677
0.00282585
0.00269694
0.00257825
0.00246794
0.00236413
0.00226494
0.0021687
0.00207396
0.0019795
0.00188432
0.00178765
0.00168892
0.00158776
0.00148398
0.00137755
0.00126858
0.0011573
0.00104406
0.000929293
0.0008135
0.000697244
0.000581121
0.000465753
0.000351763
0.000239764
0.000130338
2.40285e-05
-7.8645e-05
-0.000177229
-0.000271782
-0.000361715
-0.00044699
-0.000527661
-0.000603879
-0.000675917
-0.000744183
-0.000809203
-0.000871622
-0.000932186
-0.00099173
-0.00105115
-0.00111139
-0.00117342
-0.00123818
-0.00130658
-0.00137947
-0.00145758
-0.00154154
-0.00163182
-0.0017287
-0.00183231
-0.00194256
-0.00205915
-0.0021816
-0.00230921
-0.00244113
-0.0025763
-0.00271353
-0.00285152
-0.00298885
-0.00312404
-0.00325553
-0.00338177
-0.00350118
-0.00361223
-0.0037134
-0.00380321
-0.00388028
-0.00394348
-0.00399198
-0.00402385
0.00357062
0.00337062
0.00315541
0.0029705
0.00280981
0.00266555
0.00253414
0.0024131
0.00229995
0.00219229
0.00208801
0.00198526
0.00188254
0.00177862
0.00167255
0.00156366
0.00145152
0.00133592
0.00121684
0.00109447
0.00096911
0.000841236
0.000711419
0.00058033
0.000448716
0.000317376
0.000187149
5.88854e-05
-6.65698e-05
-0.000188399
-0.000305831
-0.00041816
-0.000524767
-0.000625184
-0.000719032
-0.00080607
-0.000886251
-0.000959687
-0.00102667
-0.00108767
-0.00114334
-0.00119452
-0.00124219
-0.00128748
-0.00133164
-0.001376
-0.00142195
-0.00147088
-0.00152416
-0.00158311
-0.00164891
-0.0017226
-0.00180502
-0.0018968
-0.0019983
-0.00210963
-0.00223059
-0.00236072
-0.00249925
-0.00264517
-0.00279722
-0.00295392
-0.00311359
-0.00327443
-0.00343452
-0.00359188
-0.00374447
-0.00389029
-0.00402732
-0.00415364
-0.00426733
-0.00436667
-0.00445044
-0.0045177
-0.00456421
0.00356178
0.00333107
0.00308461
0.0028753
0.00269555
0.0025358
0.00239148
0.00225936
0.0021363
0.0020193
0.00190572
0.00179333
0.00168029
0.00156514
0.00144677
0.00132438
0.00119749
0.0010659
0.000929623
0.000788921
0.000644237
0.000496186
0.000345533
0.000193166
4.00789e-05
-0.000112655
-0.000263907
-0.000412511
-0.000557297
-0.000697114
-0.000830855
-0.000957491
-0.0010761
-0.00118587
-0.00128621
-0.00137663
-0.00145693
-0.00152709
-0.00158736
-0.00163824
-0.00168049
-0.00171513
-0.00174341
-0.00176683
-0.00178706
-0.00180593
-0.0018254
-0.00184748
-0.0018742
-0.00190752
-0.0019493
-0.00200121
-0.0020647
-0.00214093
-0.00223072
-0.00233451
-0.00245236
-0.00258391
-0.00272843
-0.00288477
-0.00305142
-0.00322657
-0.00340812
-0.00359376
-0.00378101
-0.0039673
-0.00414998
-0.00432643
-0.00449406
-0.00465032
-0.00479275
-0.00491922
-0.00502836
-0.0051191
-0.00518413
0.00343024
0.00316848
0.00289059
0.00265691
0.0024582
0.00228296
0.00212547
0.00198171
0.00184775
0.00171994
0.0015951
0.00147057
0.00134416
0.00121415
0.00107927
0.00093861
0.000791651
0.000638189
0.000478315
0.000312389
0.000141008
-3.50159e-05
-0.000214681
-0.00039682
-0.000580125
-0.000763168
-0.000944433
-0.00112234
-0.00129527
-0.00146162
-0.0016198
-0.00176831
-0.00190577
-0.00203093
-0.00214274
-0.0022404
-0.00232333
-0.00239131
-0.00244442
-0.0024831
-0.00250815
-0.00252073
-0.00252239
-0.002515
-0.00250073
-0.00248206
-0.00246166
-0.00244234
-0.00242703
-0.00241861
-0.0024199
-0.00243351
-0.00246182
-0.00250681
-0.00257006
-0.00265264
-0.00275508
-0.00287735
-0.00301884
-0.00317838
-0.00335425
-0.00354428
-0.00374585
-0.00395603
-0.00417163
-0.00438927
-0.00460552
-0.00481691
-0.00502005
-0.00521164
-0.00538847
-0.0055477
-0.00568788
-0.00580785
-0.00589623
0.00314667
0.0028545
0.00254592
0.00228854
0.00207129
0.00188062
0.0017096
0.00155327
0.00140689
0.00126611
0.00112716
0.000986923
0.00084286
0.000692999
0.000535875
0.000370494
0.000196285
1.30666e-05
-0.000178993
-0.000379406
-0.000587391
-0.000801902
-0.00102165
-0.00124513
-0.00147064
-0.0016963
-0.00192011
-0.00213995
-0.00235361
-0.00255886
-0.0027535
-0.00293535
-0.00310235
-0.00325263
-0.00338448
-0.00349653
-0.00358774
-0.00365738
-0.00370521
-0.00373145
-0.00373681
-0.00372252
-0.00369034
-0.00364252
-0.00358181
-0.00351137
-0.00343476
-0.00335582
-0.00327862
-0.00320729
-0.00314596
-0.00309862
-0.00306896
-0.00306026
-0.00307528
-0.00311614
-0.00318423
-0.00328017
-0.00340374
-0.00355393
-0.00372893
-0.00392621
-0.0041426
-0.00437441
-0.00461754
-0.00486762
-0.0051201
-0.00537043
-0.00561412
-0.00584681
-0.00606428
-0.00626289
-0.00644088
-0.00659687
-0.00671446
0.00268088
0.00236007
0.00202263
0.00174286
0.00150782
0.00130184
0.0011167
0.000946453
0.000785497
0.000628735
0.00047181
0.000311122
0.000143777
-3.24658e-05
-0.000219252
-0.000417685
-0.000628374
-0.000851479
-0.00108675
-0.00133355
-0.00159091
-0.00185749
-0.0021317
-0.0024116
-0.00269504
-0.00297959
-0.00326265
-0.00354139
-0.00381289
-0.00407412
-0.004322
-0.0045535
-0.00476565
-0.00495565
-0.00512093
-0.00525924
-0.00536873
-0.00544797
-0.00549613
-0.00551295
-0.00549885
-0.00545493
-0.00538305
-0.00528575
-0.0051663
-0.00502862
-0.00487726
-0.00471726
-0.00455411
-0.00439352
-0.00424137
-0.00410349
-0.00398546
-0.00389244
-0.003829
-0.00379889
-0.00380497
-0.00384901
-0.00393166
-0.00405242
-0.00420961
-0.0044005
-0.00462139
-0.00486772
-0.00513429
-0.00541543
-0.00570518
-0.0059975
-0.00628642
-0.00656612
-0.00683102
-0.00707641
-0.00730003
-0.00750024
-0.00765398
0.00200335
0.00165692
0.00129358
0.000993448
0.000741673
0.000520514
0.000320426
0.000134432
-4.39552e-05
-0.00022058
-0.000400408
-0.000587518
-0.000785173
-0.000995887
-0.0012215
-0.00146322
-0.00172172
-0.00199714
-0.00228916
-0.00259699
-0.00291943
-0.00325489
-0.00360136
-0.00395649
-0.00431756
-0.00468151
-0.00504499
-0.00540438
-0.00575583
-0.00609529
-0.00641865
-0.00672171
-0.00700033
-0.0072505
-0.00746843
-0.00765068
-0.00779422
-0.00789662
-0.00795603
-0.00797141
-0.00794254
-0.00787014
-0.0077559
-0.00760248
-0.00741353
-0.00719367
-0.00694842
-0.00668415
-0.00640794
-0.00612741
-0.0058506
-0.00558573
-0.00534093
-0.00512397
-0.00494201
-0.0048013
-0.00470698
-0.00466278
-0.00467093
-0.00473206
-0.00484513
-0.00500753
-0.00521515
-0.00546258
-0.00574336
-0.00605022
-0.00637539
-0.00671084
-0.00704862
-0.00738093
-0.0077003
-0.00800048
-0.00827865
-0.00853268
-0.00873085
0.00108708
0.000719353
0.000334271
1.6505e-05
-0.000250626
-0.000486822
-0.000702939
-0.000906977
-0.00110631
-0.00130751
-0.00151616
-0.00173681
-0.00197309
-0.0022278
-0.00250297
-0.00279998
-0.00311954
-0.00346182
-0.00382641
-0.0042124
-0.0046184
-0.00504248
-0.00548227
-0.0059349
-0.00639705
-0.00686493
-0.00733436
-0.00780074
-0.00825913
-0.00870432
-0.00913084
-0.00953314
-0.00990557
-0.0102426
-0.0105389
-0.0107894
-0.0109895
-0.0111353
-0.0112236
-0.0112521
-0.0112194
-0.0111256
-0.0109718
-0.0107605
-0.0104955
-0.0101817
-0.00982557
-0.00943468
-0.00901778
-0.00858457
-0.00814555
-0.00771187
-0.00729487
-0.00690574
-0.00655522
-0.00625311
-0.00600793
-0.00582652
-0.00571378
-0.00567243
-0.00570291
-0.00580337
-0.00596973
-0.00619593
-0.00647419
-0.0067954
-0.0071495
-0.00752597
-0.00791416
-0.00830359
-0.00868422
-0.00904766
-0.0093902
-0.00970891
-0.00996131
-9.03425e-05
-0.000473748
-0.000875252
-0.00120722
-0.00148801
-0.00173906
-0.00197246
-0.0021972
-0.00242151
-0.00265266
-0.00289682
-0.003159
-0.00344321
-0.00375253
-0.00408923
-0.00445482
-0.00485014
-0.00527538
-0.0057301
-0.0062133
-0.00672336
-0.00725808
-0.00781467
-0.00838974
-0.00897931
-0.00957881
-0.0101831
-0.0107865
-0.0113828
-0.0119655
-0.0125275
-0.0130617
-0.0135606
-0.0140169
-0.0144233
-0.0147728
-0.0150589
-0.0152756
-0.0154179
-0.0154817
-0.0154641
-0.0153637
-0.0151811
-0.0149181
-0.0145776
-0.0141642
-0.0136851
-0.0131497
-0.0125682
-0.011952
-0.0113136
-0.0106676
-0.0100291
-0.00941349
-0.00883616
-0.00831169
-0.00785337
-0.00747259
-0.00717842
-0.00697712
-0.00687194
-0.0068629
-0.00694683
-0.00711756
-0.00736622
-0.00768177
-0.0080515
-0.0084617
-0.00889829
-0.00934721
-0.00979489
-0.01023
-0.0106474
-0.0110431
-0.0113609
-0.00154461
-0.00193689
-0.00234841
-0.00269048
-0.00298289
-0.00324848
-0.00350046
-0.00374873
-0.00400229
-0.0042691
-0.00455584
-0.00486798
-0.00520988
-0.00558494
-0.00599565
-0.00644373
-0.00693013
-0.00745512
-0.00801828
-0.00861851
-0.00925402
-0.00992235
-0.0106203
-0.0113439
-0.0120886
-0.0128488
-0.0136185
-0.0143908
-0.0151581
-0.0159123
-0.0166448
-0.0173464
-0.018008
-0.0186199
-0.0191727
-0.0196571
-0.0200642
-0.0203859
-0.0206146
-0.0207438
-0.020768
-0.0206836
-0.0204907
-0.0201915
-0.0197862
-0.0192769
-0.0186722
-0.0179844
-0.0172243
-0.0164027
-0.015533
-0.0146357
-0.0137289
-0.0128321
-0.0119664
-0.0111524
-0.0104097
-0.00975615
-0.00920668
-0.0087731
-0.00846337
-0.00828117
-0.00822574
-0.00829194
-0.00847057
-0.00874888
-0.00911136
-0.00954058
-0.0100181
-0.0105252
-0.0110436
-0.011558
-0.0120611
-0.0125471
-0.0129427
-0.00328268
-0.00367606
-0.00409027
-0.00443774
-0.00473931
-0.00501887
-0.00529053
-0.00556501
-0.00585199
-0.00616
-0.00649622
-0.00686653
-0.00727565
-0.00772725
-0.00822409
-0.0087681
-0.0093604
-0.0100014
-0.0106906
-0.011427
-0.0122085
-0.0130326
-0.0138955
-0.0147928
-0.0157192
-0.0166683
-0.0176328
-0.0186048
-0.0195751
-0.0205341
-0.0214712
-0.0223756
-0.0232356
-0.0240395
-0.0247754
-0.0254317
-0.0259967
-0.0264595
-0.0268097
-0.0270377
-0.0271347
-0.0270923
-0.0269084
-0.0265923
-0.0261562
-0.0256008
-0.0249125
-0.0240903
-0.0231431
-0.0220851
-0.0209506
-0.0197703
-0.0185566
-0.0173306
-0.0161187
-0.0149488
-0.0138482
-0.0128423
-0.0119544
-0.011204
-0.0106063
-0.0101711
-0.00990248
-0.00979826
-0.00985042
-0.0100455
-0.0103654
-0.0107888
-0.011292
-0.0118505
-0.0124399
-0.0130393
-0.0136384
-0.0142288
-0.0147159
-0.00530123
-0.00568721
-0.0060961
-0.00644371
-0.00675157
-0.00704409
-0.00733606
-0.00763887
-0.00796279
-0.00831682
-0.00870855
-0.00914423
-0.00962888
-0.0101665
-0.0107601
-0.0114117
-0.0121228
-0.0128938
-0.0137245
-0.0146135
-0.0155589
-0.0165577
-0.017606
-0.0186986
-0.0198295
-0.0209914
-0.0221761
-0.0233742
-0.0245751
-0.0257675
-0.0269391
-0.0280768
-0.0291672
-0.0301961
-0.0311495
-0.0320132
-0.0327735
-0.0334171
-0.0339318
-0.0343063
-0.0345316
-0.0346001
-0.0345003
-0.0342169
-0.0337411
-0.0330844
-0.0322702
-0.031313
-0.0302297
-0.0290204
-0.0276666
-0.0261852
-0.024626
-0.023031
-0.0214252
-0.0198423
-0.0183167
-0.0168822
-0.0155717
-0.0144146
-0.0134362
-0.0126554
-0.0120843
-0.0117269
-0.011579
-0.0116282
-0.0118553
-0.0122351
-0.0127384
-0.0133338
-0.0139891
-0.0146762
-0.0153804
-0.0160893
-0.0166825
-0.00758556
-0.00795535
-0.00835052
-0.00869262
-0.00900337
-0.00930718
-0.00961928
-0.00995157
-0.0103147
-0.0107181
-0.0111697
-0.0116761
-0.0122424
-0.012873
-0.0135711
-0.0143391
-0.0151785
-0.0160898
-0.017073
-0.0181266
-0.0192487
-0.020436
-0.021684
-0.0229872
-0.0243387
-0.0257304
-0.0271529
-0.0285955
-0.0300461
-0.0314918
-0.0329184
-0.0343108
-0.0356535
-0.0369301
-0.0381242
-0.0392193
-0.0401991
-0.0410478
-0.0417505
-0.0422933
-0.0426643
-0.0428533
-0.0428514
-0.0426489
-0.042239
-0.0416179
-0.0407886
-0.0397507
-0.0385005
-0.0370543
-0.0354545
-0.0337258
-0.0318816
-0.0299272
-0.0279118
-0.0258873
-0.0238942
-0.0219744
-0.0201705
-0.0185241
-0.0170732
-0.0158496
-0.0148773
-0.0141706
-0.0137331
-0.0135572
-0.0136247
-0.0139084
-0.0143737
-0.0149814
-0.0156902
-0.0164631
-0.0172789
-0.0181199
-0.0188338
-0.0101095
-0.0104544
-0.0108275
-0.0111581
-0.0114678
-0.0117804
-0.0121113
-0.0124727
-0.0128756
-0.0133297
-0.013843
-0.0144223
-0.0150733
-0.0158002
-0.0166067
-0.0174952
-0.0184674
-0.019524
-0.0206649
-0.0218889
-0.0231935
-0.0245754
-0.0260297
-0.0275502
-0.0291294
-0.0307581
-0.0324259
-0.0341207
-0.0358291
-0.0375365
-0.039227
-0.0408837
-0.042489
-0.0440246
-0.045472
-0.0468125
-0.0480276
-0.0490993
-0.0500104
-0.0507443
-0.051286
-0.0516218
-0.0517396
-0.0516293
-0.051283
-0.0506943
-0.0498554
-0.0487714
-0.0474548
-0.0459269
-0.0441986
-0.0422504
-0.0401071
-0.0378256
-0.0354509
-0.033011
-0.0305521
-0.0281266
-0.0257887
-0.0235936
-0.0215941
-0.0198384
-0.018367
-0.0172094
-0.0163824
-0.0158879
-0.0157135
-0.0158326
-0.0162073
-0.016791
-0.0175319
-0.018382
-0.0193122
-0.020297
-0.0211461
-0.0128362
-0.0131482
-0.013491
-0.0138042
-0.0141083
-0.0144262
-0.0147731
-0.0151614
-0.0156022
-0.0161053
-0.0166789
-0.01733
-0.0180642
-0.0188862
-0.0197997
-0.0208072
-0.0219107
-0.0231109
-0.0244076
-0.0257996
-0.0272844
-0.0288582
-0.0305156
-0.0322501
-0.0340531
-0.0359148
-0.0378234
-0.0397659
-0.0417273
-0.0436916
-0.0456412
-0.0475577
-0.0494218
-0.0512134
-0.0529123
-0.0544982
-0.0559509
-0.0572508
-0.0583788
-0.0593169
-0.0600482
-0.0605571
-0.0608295
-0.0608529
-0.0606167
-0.0601122
-0.0593327
-0.0582754
-0.0569411
-0.0553341
-0.0534644
-0.0513626
-0.0490488
-0.0465409
-0.0438598
-0.0410476
-0.0381553
-0.0352402
-0.032365
-0.0295961
-0.0270016
-0.0246473
-0.0225934
-0.0208896
-0.0195716
-0.0186577
-0.018147
-0.0180192
-0.0182365
-0.0187465
-0.0194872
-0.0203982
-0.0214401
-0.0225776
-0.0235751
-0.0157196
-0.0159916
-0.0162971
-0.0165869
-0.0168804
-0.017199
-0.0175574
-0.0179681
-0.0184421
-0.0189892
-0.0196178
-0.0203348
-0.0211462
-0.0220565
-0.0230696
-0.0241883
-0.0254145
-0.026749
-0.0281915
-0.0297409
-0.0313942
-0.0331474
-0.0349949
-0.0369291
-0.0389411
-0.04102
-0.043153
-0.0453259
-0.0475225
-0.0497253
-0.0519156
-0.0540734
-0.0561779
-0.0582078
-0.0601414
-0.0619573
-0.0636339
-0.0651506
-0.0664873
-0.067625
-0.0685457
-0.0692329
-0.0696713
-0.0698472
-0.0697485
-0.0693651
-0.0686888
-0.0677138
-0.066437
-0.0648583
-0.0629818
-0.0608184
-0.0583827
-0.0556937
-0.0527772
-0.049669
-0.046415
-0.0430709
-0.0397019
-0.0363816
-0.0331899
-0.0302093
-0.0275206
-0.0251971
-0.023299
-0.0218679
-0.0209224
-0.0204558
-0.0204364
-0.0208105
-0.0215072
-0.0224533
-0.023598
-0.024893
-0.0260498
-0.0187071
-0.0189338
-0.0191961
-0.0194571
-0.0197346
-0.0200481
-0.0204117
-0.0208377
-0.0213371
-0.0219195
-0.0225933
-0.0233656
-0.0242423
-0.0252282
-0.0263272
-0.0275422
-0.0288751
-0.0303268
-0.0318971
-0.0335844
-0.0353857
-0.0372967
-0.0393111
-0.0414211
-0.0436167
-0.0458863
-0.0482163
-0.0505911
-0.0529937
-0.0554053
-0.057806
-0.0601745
-0.0624889
-0.064727
-0.0668659
-0.0688834
-0.0707572
-0.0724661
-0.0739894
-0.0753078
-0.0764031
-0.0772582
-0.0778578
-0.0781876
-0.0782348
-0.0779883
-0.0774384
-0.0765769
-0.075398
-0.0738979
-0.0720758
-0.0699345
-0.0674809
-0.0647272
-0.0616925
-0.0584045
-0.0549017
-0.0512341
-0.047464
-0.0436665
-0.039928
-0.0363437
-0.033013
-0.0300335
-0.0274936
-0.0254643
-0.023992
-0.0230928
-0.02275
-0.0229151
-0.0235128
-0.0244587
-0.0256894
-0.0271417
-0.0284659
-0.021743
-0.0219211
-0.0221359
-0.0223634
-0.0226194
-0.022921
-0.0232818
-0.0237134
-0.0242268
-0.0248317
-0.0255363
-0.0263479
-0.0272725
-0.028315
-0.0294795
-0.030769
-0.0321855
-0.0337299
-0.0354018
-0.0371998
-0.0391205
-0.0411592
-0.0433094
-0.0455625
-0.047908
-0.0503335
-0.0528244
-0.0553645
-0.0579355
-0.0605177
-0.0630901
-0.0656307
-0.0681164
-0.0705242
-0.0728308
-0.0750131
-0.0770487
-0.0789159
-0.0805943
-0.0820645
-0.0833084
-0.0843096
-0.0850529
-0.0855245
-0.0857117
-0.0856033
-0.0851891
-0.0844599
-0.0834079
-0.0820263
-0.0803103
-0.0782572
-0.0758672
-0.0731447
-0.0700998
-0.0667505
-0.0631245
-0.0592615
-0.0552154
-0.0510558
-0.0468685
-0.0427541
-0.0388253
-0.0352007
-0.0319969
-0.0293183
-0.0272462
-0.0258289
-0.0250753
-0.0249519
-0.0253865
-0.0262871
-0.0275793
-0.0291825
-0.0306787
-0.0247715
-0.0249001
-0.0250655
-0.025256
-0.025485
-0.0257672
-0.0261151
-0.0265401
-0.0270529
-0.0276631
-0.0283793
-0.0292088
-0.0301579
-0.0312319
-0.0324351
-0.0337707
-0.0352409
-0.0368466
-0.0385876
-0.0404623
-0.0424672
-0.0445973
-0.0468458
-0.0492035
-0.0516594
-0.0542005
-0.0568114
-0.059475
-0.0621723
-0.0648828
-0.0675845
-0.0702547
-0.0728697
-0.0754057
-0.077839
-0.0801462
-0.0823047
-0.0842929
-0.0860905
-0.0876786
-0.0890397
-0.090158
-0.0910191
-0.09161
-0.091919
-0.0919355
-0.0916495
-0.0910521
-0.0901347
-0.0888891
-0.087308
-0.0853849
-0.0831148
-0.0804954
-0.0775282
-0.0742207
-0.0705886
-0.0666586
-0.0624718
-0.0580861
-0.0535789
-0.0490482
-0.0446111
-0.0404002
-0.0365561
-0.033216
-0.0305005
-0.0284979
-0.0272538
-0.0267616
-0.0269626
-0.0277647
-0.0290858
-0.0308275
-0.0324959
-0.0277411
-0.0278221
-0.0279387
-0.0280901
-0.0282871
-0.0285417
-0.0288651
-0.0292686
-0.0297626
-0.0303569
-0.0310604
-0.0318811
-0.0328257
-0.0339001
-0.0351091
-0.0364564
-0.0379445
-0.0395746
-0.0413468
-0.0432592
-0.0453086
-0.0474897
-0.0497952
-0.0522159
-0.0547402
-0.0573544
-0.0600426
-0.0627871
-0.0655681
-0.0683644
-0.0711534
-0.0739116
-0.0766149
-0.079239
-0.0817598
-0.0841537
-0.086398
-0.0884713
-0.0903536
-0.0920262
-0.0934726
-0.0946776
-0.0956278
-0.0963112
-0.0967174
-0.0968366
-0.0966601
-0.0961795
-0.0953868
-0.0942735
-0.0928315
-0.0910522
-0.0889275
-0.08645
-0.0836144
-0.0804192
-0.0768688
-0.0729767
-0.0687686
-0.0642872
-0.0595953
-0.0547798
-0.0499529
-0.0452512
-0.0408307
-0.0368576
-0.0334899
-0.0308604
-0.0290606
-0.0281241
-0.0280184
-0.0286624
-0.0299724
-0.0318341
-0.0336709
-0.0306073
-0.0306456
-0.0307169
-0.0308292
-0.0309899
-0.0312082
-0.0314942
-0.0318585
-0.032312
-0.0328648
-0.0335266
-0.0343063
-0.0352117
-0.0362498
-0.0374263
-0.0387459
-0.0402114
-0.0418245
-0.0435861
-0.0454945
-0.0475464
-0.0497363
-0.052057
-0.0544987
-0.0570497
-0.0596957
-0.0624204
-0.0652054
-0.0680304
-0.0708736
-0.0737119
-0.0765211
-0.0792767
-0.0819539
-0.0845284
-0.0869764
-0.089275
-0.0914028
-0.0933401
-0.0950687
-0.0965723
-0.0978366
-0.0988489
-0.0995984
-0.100075
-0.100272
-0.10018
-0.0997918
-0.0991012
-0.0981003
-0.0967809
-0.0951342
-0.0931503
-0.0908194
-0.0881316
-0.0850788
-0.0816564
-0.077866
-0.0737191
-0.0692416
-0.0644787
-0.0595002
-0.0544051
-0.0493225
-0.0444124
-0.0398665
-0.0358745
-0.0326038
-0.0302006
-0.028752
-0.0282669
-0.028688
-0.0299403
-0.0318974
-0.0338952
-0.0333388
-0.0333441
-0.0333767
-0.0334503
-0.0335707
-0.0337438
-0.0339777
-0.0342827
-0.0346701
-0.0351511
-0.0357366
-0.0364374
-0.0372633
-0.0382229
-0.0393235
-0.0405714
-0.041971
-0.0435237
-0.0452306
-0.0470919
-0.049104
-0.0512614
-0.0535568
-0.0559802
-0.0585194
-0.0611599
-0.0638849
-0.0666754
-0.0695106
-0.0723681
-0.0752244
-0.0780547
-0.0808339
-0.0835371
-0.0861392
-0.0886164
-0.0909455
-0.0931051
-0.0950753
-0.0968381
-0.0983776
-0.0996796
-0.100732
-0.101525
-0.102049
-0.102298
-0.102263
-0.101941
-0.101323
-0.100404
-0.0991764
-0.0976318
-0.0957605
-0.0935513
-0.0909923
-0.0880713
-0.0847778
-0.0811045
-0.0770512
-0.0726287
-0.0678645
-0.0628093
-0.0575434
-0.0521792
-0.0468606
-0.0417919
-0.0372421
-0.0333483
-0.0303091
-0.0282868
-0.0273491
-0.0274777
-0.028619
-0.0306413
-0.032789
-0.0359078
-0.0358936
-0.035902
-0.0359445
-0.0360201
-0.0361342
-0.0362965
-0.036518
-0.036811
-0.0371867
-0.0376573
-0.0382365
-0.0389377
-0.0397722
-0.04075
-0.041879
-0.0431653
-0.0446128
-0.0462228
-0.0479955
-0.0499277
-0.0520145
-0.0542481
-0.0566187
-0.0591134
-0.0617174
-0.0644133
-0.0671817
-0.0700011
-0.0728487
-0.0757
-0.0785301
-0.0813133
-0.0840239
-0.0866366
-0.089127
-0.0914716
-0.0936487
-0.095638
-0.0974215
-0.098983
-0.100308
-0.101386
-0.102205
-0.102757
-0.103036
-0.103036
-0.10275
-0.102174
-0.101302
-0.100127
-0.098642
-0.0968377
-0.094703
-0.0922254
-0.0893909
-0.0861854
-0.0825965
-0.0786157
-0.0742423
-0.0694888
-0.0643878
-0.0590003
-0.0534213
-0.0477729
-0.0422025
-0.0370763
-0.0326307
-0.0289496
-0.0262948
-0.024827
-0.0245865
-0.0255554
-0.0276064
-0.02989
-0.0383158
-0.0382998
-0.0382983
-0.0383177
-0.0383553
-0.0384126
-0.0384937
-0.0386041
-0.0387562
-0.0389728
-0.0392755
-0.0396806
-0.0402044
-0.0408619
-0.0416661
-0.0426275
-0.0437543
-0.045052
-0.0465234
-0.0481689
-0.0499859
-0.0519693
-0.0541114
-0.0564016
-0.0588268
-0.0613715
-0.0640177
-0.0667452
-0.069532
-0.0723543
-0.0751873
-0.0780052
-0.0807816
-0.0834904
-0.0861055
-0.0886019
-0.0909557
-0.0931444
-0.0951473
-0.0969456
-0.0985228
-0.0998642
-0.100958
-0.101792
-0.10236
-0.102652
-0.102664
-0.10239
-0.101825
-0.100963
-0.0997983
-0.0983237
-0.0965304
-0.0944077
-0.0919432
-0.0891223
-0.0859298
-0.0823503
-0.0783704
-0.0739824
-0.0691879
-0.0640049
-0.0584765
-0.0526804
-0.0467294
-0.0407542
-0.0349447
-0.0298798
-0.025593
-0.0222565
-0.0201733
-0.0194745
-0.0201983
-0.0222339
-0.0246361
-0.0405762
-0.0405862
-0.0406017
-0.0406115
-0.0406044
-0.0405773
-0.040537
-0.0404982
-0.0404773
-0.0404937
-0.0405738
-0.0407468
-0.0410363
-0.0414618
-0.04204
-0.0427851
-0.0437075
-0.0448148
-0.0461109
-0.0475966
-0.0492697
-0.0511248
-0.0531536
-0.0553449
-0.0576849
-0.060157
-0.0627424
-0.06542
-0.0681668
-0.0709584
-0.0737689
-0.0765717
-0.0793397
-0.082046
-0.0846637
-0.0871671
-0.0895313
-0.091733
-0.0937508
-0.095565
-0.097158
-0.0985143
-0.0996206
-0.100465
-0.101039
-0.101333
-0.101342
-0.101056
-0.100473
-0.099585
-0.0983862
-0.0968689
-0.0950241
-0.0928408
-0.0903065
-0.0874065
-0.0841248
-0.080445
-0.0763514
-0.0718321
-0.0668826
-0.0615111
-0.0557469
-0.0496507
-0.043322
-0.0368914
-0.0305125
-0.0246261
-0.0196201
-0.0155426
-0.0127506
-0.0114879
-0.0118762
-0.0138408
-0.0163399
-0.04273
-0.0428004
-0.042859
-0.0428654
-0.0428017
-0.0426627
-0.0424569
-0.042207
-0.041944
-0.0417007
-0.0415078
-0.0413971
-0.0413985
-0.0415393
-0.0418425
-0.0423266
-0.0430054
-0.0438883
-0.0449803
-0.0462825
-0.0477925
-0.0495042
-0.0514084
-0.0534928
-0.0557421
-0.0581387
-0.0606625
-0.0632911
-0.0660004
-0.0687648
-0.0715574
-0.0743507
-0.0771167
-0.0798272
-0.0824547
-0.0849724
-0.0873545
-0.0895767
-0.0916162
-0.0934522
-0.0950658
-0.0964402
-0.0975604
-0.0984135
-0.0989881
-0.0992741
-0.0992628
-0.0989475
-0.0983191
-0.0973702
-0.0960929
-0.0944779
-0.0925148
-0.0901916
-0.0874945
-0.0844078
-0.0809147
-0.0769976
-0.07264
-0.0678279
-0.0625536
-0.0568206
-0.0506494
-0.044088
-0.0372241
-0.0301941
-0.0231733
-0.0163393
-0.0103735
-0.00544107
-0.00179239
0.000175988
0.000240165
-0.00158072
-0.00414862
-0.0448545
-0.0450412
-0.0451865
-0.0451976
-0.0450547
-0.0447626
-0.0443413
-0.0438225
-0.0432476
-0.0426624
-0.0421118
-0.0416386
-0.0412831
-0.0410803
-0.0410591
-0.0412417
-0.0416445
-0.042278
-0.0431475
-0.0442537
-0.0455931
-0.0471582
-0.0489381
-0.0509188
-0.0530832
-0.055412
-0.0578832
-0.0604731
-0.063156
-0.065905
-0.068692
-0.0714881
-0.0742644
-0.0769917
-0.0796413
-0.0821853
-0.0845967
-0.08685
-0.088921
-0.0907875
-0.0924289
-0.0938266
-0.0949636
-0.0958248
-0.0963967
-0.0966668
-0.0966238
-0.0962572
-0.0955563
-0.0945107
-0.0931092
-0.0913397
-0.0891886
-0.0866411
-0.0836806
-0.0802888
-0.0764465
-0.0721343
-0.0673338
-0.0620296
-0.0562126
-0.0498838
-0.0430605
-0.0357847
-0.0281347
-0.0202395
-0.0122873
-0.00451691
0.00276283
0.00886588
0.0136168
0.0165304
0.0172121
0.0156292
0.0130278
-0.0471033
-0.0474902
-0.047781
-0.0477996
-0.0475375
-0.0470202
-0.0462856
-0.0453872
-0.0443884
-0.0433554
-0.0423519
-0.0414359
-0.0406576
-0.0400591
-0.0396738
-0.0395265
-0.0396345
-0.0400081
-0.0406516
-0.0415639
-0.0427392
-0.0441679
-0.0458365
-0.0477284
-0.0498243
-0.0521025
-0.0545391
-0.0571083
-0.0597828
-0.0625342
-0.0653328
-0.0681487
-0.0709514
-0.0737108
-0.076397
-0.0789808
-0.0814339
-0.0837295
-0.0858419
-0.0877471
-0.0894226
-0.0908476
-0.0920029
-0.0928708
-0.0934346
-0.0936789
-0.0935891
-0.0931507
-0.0923493
-0.0911703
-0.0895979
-0.0876153
-0.0852044
-0.0823451
-0.0790159
-0.0751936
-0.0708544
-0.0659743
-0.0605313
-0.0545068
-0.0478893
-0.0406783
-0.0328898
-0.0245639
-0.0157761
-0.0066511
0.0026192
0.011764
0.0204451
0.0280515
0.0343335
0.0387466
0.0403669
0.0391839
0.036607
-0.0497786
-0.0504784
-0.0509748
-0.0509638
-0.0504707
-0.0495756
-0.0483616
-0.0469225
-0.0453549
-0.0437512
-0.0421955
-0.0407589
-0.0395001
-0.0384659
-0.0376916
-0.0372025
-0.0370145
-0.0371352
-0.0375659
-0.0383022
-0.0393348
-0.0406505
-0.0422324
-0.0440607
-0.0461131
-0.0483653
-0.050791
-0.0533623
-0.0560501
-0.0588241
-0.0616534
-0.0645064
-0.0673517
-0.0701576
-0.0728932
-0.075528
-0.0780325
-0.0803783
-0.0825382
-0.0844863
-0.086198
-0.0876503
-0.0888211
-0.0896899
-0.0902366
-0.090442
-0.0902875
-0.0897538
-0.0888219
-0.0874713
-0.0856806
-0.0834266
-0.0806843
-0.0774264
-0.0736238
-0.0692453
-0.0642592
-0.0586337
-0.0523388
-0.0453493
-0.0376474
-0.0292276
-0.0201022
-0.0103085
8.09989e-05
0.0109448
0.0220928
0.0332363
0.0439522
0.0537706
0.0618141
0.0678647
0.0712138
0.0709113
0.0685468
-0.0535851
-0.0547247
-0.0554382
-0.0552447
-0.0542747
-0.0527228
-0.050743
-0.0485062
-0.0461562
-0.0438132
-0.0415856
-0.0395522
-0.0377713
-0.0362861
-0.035127
-0.0343137
-0.0338562
-0.0337554
-0.0340063
-0.0346003
-0.0355243
-0.0367609
-0.0382889
-0.0400846
-0.0421226
-0.0443759
-0.0468156
-0.0494117
-0.0521331
-0.0549478
-0.0578235
-0.0607272
-0.0636262
-0.0664877
-0.0692797
-0.0719706
-0.0745294
-0.0769265
-0.079133
-0.0811211
-0.0828643
-0.084337
-0.0855144
-0.0863726
-0.0868881
-0.0870374
-0.0867972
-0.086143
-0.0850498
-0.0834909
-0.0814374
-0.0788584
-0.07572
-0.0719855
-0.0676153
-0.0625673
-0.0567979
-0.0502626
-0.0429188
-0.0347279
-0.0256594
-0.0156954
-0.00483666
0.00688997
0.0194213
0.0326445
0.0463769
0.0603365
0.0741065
0.0870961
0.0985338
0.107313
0.112702
0.113953
0.112211
-0.0601355
-0.0617379
-0.0624559
-0.0616019
-0.0595638
-0.0567915
-0.0535701
-0.0501832
-0.0468668
-0.0436933
-0.0407188
-0.0380208
-0.0356645
-0.0336924
-0.03213
-0.030991
-0.0302813
-0.0299947
-0.0301123
-0.0306123
-0.0314745
-0.0326757
-0.0341879
-0.0359832
-0.0380339
-0.0403112
-0.0427845
-0.0454218
-0.0481901
-0.0510561
-0.0539857
-0.0569451
-0.0599003
-0.0628177
-0.0656642
-0.068407
-0.0710144
-0.0734552
-0.0756992
-0.0777169
-0.0794798
-0.0809598
-0.0821295
-0.0829616
-0.0834288
-0.0835034
-0.083157
-0.0823597
-0.08108
-0.0792837
-0.0769343
-0.0739916
-0.0704118
-0.0661466
-0.0611438
-0.0553472
-0.0486973
-0.0411321
-0.0325896
-0.0230099
-0.012339
-0.000533985
0.0124312
0.0265577
0.0418118
0.0581116
0.0753071
0.0931486
0.111238
0.128963
0.145451
0.159399
0.169154
0.173364
0.172972
-0.0731668
-0.0747291
-0.0745373
-0.0718835
-0.0677901
-0.0630295
-0.0579997
-0.0529429
-0.0481019
-0.0437017
-0.0397743
-0.0363277
-0.0333754
-0.030928
-0.0289868
-0.0275453
-0.0265911
-0.0261114
-0.0260913
-0.0265055
-0.0273231
-0.0285169
-0.0300483
-0.0318735
-0.0339612
-0.0362818
-0.0388033
-0.0414921
-0.044314
-0.0472342
-0.050218
-0.0532304
-0.0562368
-0.059203
-0.0620951
-0.0648797
-0.0675241
-0.0699963
-0.0722649
-0.0742989
-0.0760679
-0.0775417
-0.0786904
-0.0794835
-0.0798903
-0.0798787
-0.0794157
-0.0784661
-0.0769917
-0.074951
-0.0722993
-0.0689875
-0.064961
-0.0601594
-0.0545167
-0.0479604
-0.0404122
-0.0317882
-0.0220004
-0.010958
0.0014292
0.0152473
0.030573
0.0474665
0.0659629
0.0860594
0.107697
0.130728
0.154868
0.179591
0.203943
0.226164
0.243388
0.253172
0.256748
-0.102139
-0.101082
-0.0966076
-0.0886424
-0.0791954
-0.0701769
-0.0622128
-0.0551899
-0.0488889
-0.0432436
-0.0383087
-0.0340904
-0.0305663
-0.0277058
-0.0254698
-0.0238212
-0.0227296
-0.0221678
-0.0221101
-0.0225182
-0.0233345
-0.0245104
-0.0260266
-0.0278633
-0.0299845
-0.0323506
-0.0349236
-0.0376663
-0.0405425
-0.043516
-0.0465509
-0.0496118
-0.0526636
-0.0556717
-0.0586019
-0.0614205
-0.0640944
-0.0665907
-0.0688773
-0.0709221
-0.0726933
-0.074159
-0.0752871
-0.0760447
-0.0763979
-0.076311
-0.0757462
-0.0746637
-0.0730201
-0.0707687
-0.0678591
-0.0642324
-0.0598238
-0.0545622
-0.0483685
-0.0411547
-0.0328233
-0.0232666
-0.0123664
5.9085e-06
0.0139895
0.0297329
0.0473932
0.0671331
0.0891177
0.113508
0.140448
0.170045
0.20231
0.237039
0.273443
0.309403
0.340829
0.363056
0.375344
-0.182053
-0.156275
-0.127281
-0.103659
-0.0862726
-0.072631
-0.06141
-0.0521247
-0.0444231
-0.037989
-0.0326292
-0.0282155
-0.0246544
-0.021872
-0.01977
-0.0182618
-0.0173108
-0.0168825
-0.0169346
-0.0174321
-0.0183542
-0.0196703
-0.0213378
-0.0233174
-0.0255706
-0.0280591
-0.0307456
-0.033594
-0.0365683
-0.0396332
-0.0427535
-0.0458944
-0.0490213
-0.0521002
-0.0550972
-0.0579788
-0.0607121
-0.063264
-0.065602
-0.0676936
-0.0695062
-0.0710069
-0.0721624
-0.0729386
-0.0733009
-0.0732137
-0.0726416
-0.0715192
-0.0697915
-0.0674369
-0.064405
-0.0606223
-0.0560149
-0.0505051
-0.044006
-0.0364187
-0.0276311
-0.0175165
-0.00593075
0.00729059
0.0223365
0.0394261
0.0588153
0.0808073
0.105765
0.134128
0.166432
0.203332
0.245588
0.293952
0.348748
0.409146
0.472997
0.536828
0.588914
-0.463175
-0.300632
-0.192593
-0.135155
-0.10049
-0.0765321
-0.0591852
-0.0464633
-0.0369562
-0.029684
-0.0240373
-0.0196427
-0.0162547
-0.0136953
-0.0118691
-0.0107175
-0.0101596
-0.0101239
-0.0105551
-0.0114097
-0.0126527
-0.0142506
-0.0161679
-0.01837
-0.020823
-0.0234934
-0.0263473
-0.029351
-0.0324707
-0.0356728
-0.0389236
-0.0421895
-0.0454372
-0.0486334
-0.0517449
-0.0547389
-0.0575827
-0.0602435
-0.0626889
-0.064886
-0.066802
-0.0684033
-0.0696554
-0.0705223
-0.070967
-0.0709498
-0.0704895
-0.0694844
-0.0678048
-0.0655042
-0.062538
-0.0588068
-0.0542347
-0.0487458
-0.0422519
-0.0346503
-0.0258231
-0.015635
-0.00392885
0.00948075
0.0248156
0.0423467
0.0624137
0.0854535
0.112046
0.142983
0.179381
0.222844
0.275708
0.341294
0.423902
0.528047
0.658828
0.827595
1.02813
)
;

boundaryField
{
    movingWall
    {
        type            zeroGradient;
    }
    fixedWalls
    {
        type            zeroGradient;
    }
    frontAndBack
    {
        type            empty;
    }
}


// ************************************************************************* //
