/*--------------------------------*- C++ -*----------------------------------*\
  =========                 |
  \\      /  F ield         | OpenFOAM: The Open Source CFD Toolbox
   \\    /   O peration     | Website:  https://openfoam.org
    \\  /    A nd           | Version:  12
     \\/     M anipulation  |
\*---------------------------------------------------------------------------*/
FoamFile
{
    format      ascii;
    class       volScalarField;
    location    "1";
    object      k;
}
// * * * * * * * * * * * * * * * * * * * * * * * * * * * * * * * * * * * * * //

dimensions      [0 2 -2 0 0 0 0];

internalField   nonuniform List<scalar> 
5625
(
1.37389e-09
9.27105e-09
2.0416e-08
3.32492e-08
4.68638e-08
6.05658e-08
7.37805e-08
8.60314e-08
9.69394e-08
1.06228e-07
1.13726e-07
1.19369e-07
1.23195e-07
1.25329e-07
1.25995e-07
1.2546e-07
1.24024e-07
1.22004e-07
1.19721e-07
1.17473e-07
1.15528e-07
1.14109e-07
1.13401e-07
1.135e-07
1.14494e-07
1.16417e-07
1.19267e-07
1.23013e-07
1.27602e-07
1.32969e-07
1.3904e-07
1.45742e-07
1.53007e-07
1.60769e-07
1.68975e-07
1.77578e-07
1.86537e-07
1.95818e-07
2.05388e-07
2.15216e-07
2.25265e-07
2.35493e-07
2.45847e-07
2.56262e-07
2.66655e-07
2.76921e-07
2.86936e-07
2.96547e-07
3.05574e-07
3.13807e-07
3.21005e-07
3.26898e-07
3.31179e-07
3.3338e-07
3.33657e-07
3.31515e-07
3.26627e-07
3.18808e-07
3.07965e-07
2.94111e-07
2.7738e-07
2.58038e-07
2.36483e-07
2.13228e-07
1.8887e-07
1.64053e-07
1.39416e-07
1.1555e-07
9.29515e-08
7.20081e-08
5.29929e-08
3.60981e-08
2.15113e-08
9.59072e-09
1.4155e-09
1.03777e-08
8.25405e-08
1.83131e-07
2.98741e-07
4.21322e-07
5.44658e-07
6.63589e-07
7.73831e-07
8.71976e-07
9.55533e-07
1.02297e-06
1.07371e-06
1.10809e-06
1.12725e-06
1.13319e-06
1.12834e-06
1.11539e-06
1.0972e-06
1.07665e-06
1.05643e-06
1.03894e-06
1.0262e-06
1.01987e-06
1.0208e-06
1.02979e-06
1.04714e-06
1.07283e-06
1.10658e-06
1.14791e-06
1.19622e-06
1.25087e-06
1.31119e-06
1.37655e-06
1.44639e-06
1.52022e-06
1.5976e-06
1.67819e-06
1.76167e-06
1.84776e-06
1.93616e-06
2.02655e-06
2.11855e-06
2.21169e-06
2.30538e-06
2.39888e-06
2.49125e-06
2.58137e-06
2.66786e-06
2.74911e-06
2.82322e-06
2.88804e-06
2.94114e-06
2.97976e-06
2.99955e-06
3.00199e-06
2.9826e-06
2.93849e-06
2.868e-06
2.7703e-06
2.64552e-06
2.49488e-06
2.32077e-06
2.12676e-06
1.91749e-06
1.69832e-06
1.47505e-06
1.25343e-06
1.03875e-06
8.35495e-07
6.4713e-07
4.76105e-07
3.24127e-07
1.92842e-07
8.53387e-08
1.06894e-08
2.20025e-08
1.88095e-07
4.20088e-07
6.8675e-07
9.69444e-07
1.25383e-06
1.52799e-06
1.78207e-06
2.0082e-06
2.20065e-06
2.3559e-06
2.47262e-06
2.55164e-06
2.59555e-06
2.60904e-06
2.59775e-06
2.56784e-06
2.52596e-06
2.47873e-06
2.43237e-06
2.39241e-06
2.36348e-06
2.34945e-06
2.35214e-06
2.37345e-06
2.41404e-06
2.47386e-06
2.55222e-06
2.64804e-06
2.75992e-06
2.88636e-06
3.02583e-06
3.17689e-06
3.33824e-06
3.50875e-06
3.68745e-06
3.87352e-06
4.06625e-06
4.26497e-06
4.46901e-06
4.67764e-06
4.88996e-06
5.10489e-06
5.32104e-06
5.53669e-06
5.74968e-06
5.95739e-06
6.15665e-06
6.34372e-06
6.51423e-06
6.66322e-06
6.78507e-06
6.87353e-06
6.91796e-06
6.92322e-06
6.878e-06
6.77567e-06
6.61247e-06
6.38655e-06
6.0982e-06
5.75022e-06
5.34816e-06
4.90029e-06
4.41728e-06
3.91157e-06
3.39652e-06
2.88543e-06
2.39051e-06
1.92208e-06
1.4881e-06
1.09417e-06
7.44169e-07
4.41818e-07
1.94258e-07
2.26317e-08
3.59108e-08
3.14589e-07
7.06043e-07
1.15662e-06
1.6344e-06
2.11499e-06
2.57821e-06
3.00735e-06
3.38913e-06
3.71385e-06
3.97558e-06
4.17213e-06
4.30493e-06
4.37837e-06
4.40054e-06
4.381e-06
4.33019e-06
4.25938e-06
4.17978e-06
4.10192e-06
4.0351e-06
3.98714e-06
3.96461e-06
3.97035e-06
4.00766e-06
4.07759e-06
4.17999e-06
4.3137e-06
4.47682e-06
4.66699e-06
4.88165e-06
5.11823e-06
5.3743e-06
5.64767e-06
5.93642e-06
6.23894e-06
6.55384e-06
6.87993e-06
7.21607e-06
7.56114e-06
7.91386e-06
8.27273e-06
8.63586e-06
9.00091e-06
9.36494e-06
9.7243e-06
1.00745e-05
1.04103e-05
1.07253e-05
1.10121e-05
1.12625e-05
1.1467e-05
1.16151e-05
1.16879e-05
1.16961e-05
1.16189e-05
1.1445e-05
1.11684e-05
1.07858e-05
1.02978e-05
9.70892e-06
9.02865e-06
8.27091e-06
7.4538e-06
6.59843e-06
5.72752e-06
4.86364e-06
4.02749e-06
3.23654e-06
2.5042e-06
1.83983e-06
1.24984e-06
7.40464e-07
3.23987e-07
3.68263e-08
5.16484e-08
4.56955e-07
1.02916e-06
1.689e-06
2.38906e-06
3.09326e-06
3.77187e-06
4.40031e-06
4.95907e-06
5.43394e-06
5.81626e-06
6.1029e-06
6.29603e-06
6.4021e-06
6.43328e-06
6.40365e-06
6.32855e-06
6.22458e-06
6.10823e-06
5.99491e-06
5.89824e-06
5.82964e-06
5.79872e-06
5.80938e-06
5.86642e-06
5.97135e-06
6.12384e-06
6.32212e-06
6.56335e-06
6.84403e-06
7.16039e-06
7.50865e-06
7.88524e-06
8.28695e-06
8.71101e-06
9.15503e-06
9.61699e-06
1.00951e-05
1.05877e-05
1.10932e-05
1.16095e-05
1.21346e-05
1.26654e-05
1.31987e-05
1.37301e-05
1.42542e-05
1.47645e-05
1.52533e-05
1.57114e-05
1.61281e-05
1.64915e-05
1.6788e-05
1.7002e-05
1.71055e-05
1.71167e-05
1.70028e-05
1.67478e-05
1.63425e-05
1.57824e-05
1.50678e-05
1.42053e-05
1.32084e-05
1.20977e-05
1.08996e-05
9.64537e-06
8.36854e-06
7.10247e-06
5.87777e-06
4.72016e-06
3.64924e-06
2.67858e-06
1.81735e-06
1.07459e-06
4.68505e-07
5.27201e-08
6.88924e-08
6.1239e-07
1.38268e-06
2.2726e-06
3.21742e-06
4.16794e-06
5.08375e-06
5.93148e-06
6.68469e-06
7.32418e-06
7.8383e-06
8.22293e-06
8.48117e-06
8.62172e-06
8.66157e-06
8.61985e-06
8.5173e-06
8.37653e-06
8.21984e-06
8.06805e-06
7.93953e-06
7.84964e-06
7.81126e-06
7.82921e-06
7.91005e-06
8.05565e-06
8.26541e-06
8.53681e-06
8.86591e-06
9.24794e-06
9.67774e-06
1.01502e-05
1.06604e-05
1.12041e-05
1.17776e-05
1.23775e-05
1.30011e-05
1.36461e-05
1.431e-05
1.49906e-05
1.56852e-05
1.63908e-05
1.71034e-05
1.78185e-05
1.85302e-05
1.92312e-05
1.99131e-05
2.05654e-05
2.11762e-05
2.17313e-05
2.22149e-05
2.26094e-05
2.28933e-05
2.30288e-05
2.30435e-05
2.28905e-05
2.25481e-05
2.20041e-05
2.12517e-05
2.02909e-05
1.91301e-05
1.77871e-05
1.62893e-05
1.46727e-05
1.29797e-05
1.1256e-05
9.54729e-06
7.89537e-06
6.33525e-06
4.89348e-06
3.58818e-06
2.43143e-06
1.43521e-06
6.24072e-07
6.98926e-08
8.74286e-08
7.79135e-07
1.76232e-06
2.90009e-06
4.10894e-06
5.32531e-06
6.49703e-06
7.5811e-06
8.54352e-06
9.35968e-06
1.00147e-05
1.05035e-05
1.08302e-05
1.10061e-05
1.10537e-05
1.09976e-05
1.08646e-05
1.06837e-05
1.04836e-05
1.02911e-05
1.01295e-05
1.00185e-05
9.97426e-06
1.00025e-05
1.01116e-05
1.03036e-05
1.05777e-05
1.09303e-05
1.13564e-05
1.18496e-05
1.24032e-05
1.30107e-05
1.36658e-05
1.43629e-05
1.50972e-05
1.58646e-05
1.66613e-05
1.74842e-05
1.83304e-05
1.91967e-05
2.00796e-05
2.09751e-05
2.18783e-05
2.27831e-05
2.36823e-05
2.45669e-05
2.54261e-05
2.62471e-05
2.70151e-05
2.77126e-05
2.832e-05
2.88155e-05
2.91718e-05
2.93407e-05
2.936e-05
2.91676e-05
2.8735e-05
2.80466e-05
2.70929e-05
2.58728e-05
2.43963e-05
2.26854e-05
2.07746e-05
1.87099e-05
1.65459e-05
1.4342e-05
1.21574e-05
1.00463e-05
8.05422e-06
6.21526e-06
4.55252e-06
3.08109e-06
1.81595e-06
7.8803e-07
8.80379e-08
1.07112e-07
9.5599e-07
2.16514e-06
3.5664e-06
5.05627e-06
6.55567e-06
7.99972e-06
9.33501e-06
1.05194e-05
1.15224e-05
1.23257e-05
1.29234e-05
1.33209e-05
1.3532e-05
1.35859e-05
1.35129e-05
1.33463e-05
1.31223e-05
1.28763e-05
1.26413e-05
1.24461e-05
1.2315e-05
1.22669e-05
1.23089e-05
1.24509e-05
1.26954e-05
1.30407e-05
1.34823e-05
1.40137e-05
1.46269e-05
1.53135e-05
1.60653e-05
1.68746e-05
1.77343e-05
1.86385e-05
1.95818e-05
2.05598e-05
2.15684e-05
2.26037e-05
2.36619e-05
2.47384e-05
2.58284e-05
2.69258e-05
2.80232e-05
2.91119e-05
3.01812e-05
3.12184e-05
3.22085e-05
3.31339e-05
3.39741e-05
3.47059e-05
3.53033e-05
3.57332e-05
3.59371e-05
3.59627e-05
3.57322e-05
3.52094e-05
3.43747e-05
3.32153e-05
3.17287e-05
2.99257e-05
2.78321e-05
2.54898e-05
2.29552e-05
2.0296e-05
1.75859e-05
1.48989e-05
1.2303e-05
9.85502e-06
7.59756e-06
5.55911e-06
3.75792e-06
2.21195e-06
9.58362e-07
1.06918e-07
1.27842e-07
1.14209e-06
2.58907e-06
4.26793e-06
6.05406e-06
7.8519e-06
9.58294e-06
1.11826e-05
1.26e-05
1.37985e-05
1.47563e-05
1.54664e-05
1.59358e-05
1.61813e-05
1.62396e-05
1.61469e-05
1.59436e-05
1.56735e-05
1.53794e-05
1.51007e-05
1.48717e-05
1.47221e-05
1.46728e-05
1.47324e-05
1.49124e-05
1.52152e-05
1.56384e-05
1.61763e-05
1.68206e-05
1.75615e-05
1.83889e-05
1.92927e-05
2.02634e-05
2.12926e-05
2.23729e-05
2.34979e-05
2.46621e-05
2.58603e-05
2.70879e-05
2.83399e-05
2.96111e-05
3.08955e-05
3.21859e-05
3.34738e-05
3.47492e-05
3.6e-05
3.72117e-05
3.83674e-05
3.9447e-05
4.04273e-05
4.12816e-05
4.19799e-05
4.24837e-05
4.27238e-05
4.27574e-05
4.24911e-05
4.18796e-05
4.08992e-05
3.95333e-05
3.77775e-05
3.56426e-05
3.31585e-05
3.03739e-05
2.73557e-05
2.41848e-05
2.09502e-05
1.77416e-05
1.46414e-05
1.17191e-05
9.0264e-06
6.5979e-06
4.45523e-06
2.61937e-06
1.13346e-06
1.26346e-07
1.49542e-07
1.3368e-06
3.03258e-06
5.00199e-06
7.09833e-06
9.20862e-06
1.12399e-05
1.31157e-05
1.47759e-05
1.61773e-05
1.72944e-05
1.81194e-05
1.8661e-05
1.89392e-05
1.89994e-05
1.88839e-05
1.86408e-05
1.83219e-05
1.79777e-05
1.76544e-05
1.73922e-05
1.72261e-05
1.71784e-05
1.72597e-05
1.74828e-05
1.78497e-05
1.83572e-05
1.8998e-05
1.97618e-05
2.06371e-05
2.16116e-05
2.26731e-05
2.38104e-05
2.50136e-05
2.62737e-05
2.7583e-05
2.89349e-05
3.03233e-05
3.17424e-05
3.31864e-05
3.46492e-05
3.61237e-05
3.7602e-05
3.90745e-05
4.05302e-05
4.19556e-05
4.33351e-05
4.465e-05
4.58782e-05
4.69939e-05
4.79672e-05
4.87638e-05
4.93403e-05
4.96167e-05
4.96594e-05
4.93589e-05
4.86605e-05
4.75361e-05
4.59653e-05
4.3941e-05
4.14742e-05
3.85978e-05
3.53673e-05
3.18597e-05
2.81692e-05
2.44e-05
2.06576e-05
1.70402e-05
1.36302e-05
1.049e-05
7.66058e-06
5.16759e-06
3.03511e-06
1.31202e-06
1.46173e-07
1.72156e-07
1.53962e-06
3.49452e-06
5.76656e-06
8.18603e-06
1.06217e-05
1.29654e-05
1.5128e-05
1.70396e-05
1.86501e-05
1.99304e-05
2.08717e-05
2.14848e-05
2.17934e-05
2.18527e-05
2.17109e-05
2.14247e-05
2.10543e-05
2.06583e-05
2.029e-05
1.99954e-05
1.98153e-05
1.97721e-05
1.98794e-05
2.01505e-05
2.05871e-05
2.11847e-05
2.19342e-05
2.28233e-05
2.38382e-05
2.49642e-05
2.61874e-05
2.74945e-05
2.88736e-05
3.03144e-05
3.18079e-05
3.33461e-05
3.49219e-05
3.65286e-05
3.81594e-05
3.98073e-05
4.14646e-05
4.31225e-05
4.47708e-05
4.63975e-05
4.79886e-05
4.95272e-05
5.09931e-05
5.23627e-05
5.36075e-05
5.46944e-05
5.55853e-05
5.62313e-05
5.65423e-05
5.65939e-05
5.62593e-05
5.54748e-05
5.42082e-05
5.2435e-05
5.01457e-05
4.7351e-05
4.40864e-05
4.04134e-05
3.64187e-05
3.22086e-05
2.79024e-05
2.36216e-05
1.94801e-05
1.55745e-05
1.19783e-05
8.74028e-06
5.89056e-06
3.45665e-06
1.49296e-06
1.66278e-07
1.95639e-07
1.75017e-06
3.97399e-06
6.56007e-06
9.31481e-06
1.20879e-05
1.47552e-05
1.72142e-05
1.93849e-05
2.12098e-05
2.2656e-05
2.37143e-05
2.43975e-05
2.47334e-05
2.47884e-05
2.46168e-05
2.4284e-05
2.38595e-05
2.34102e-05
2.29967e-05
2.26706e-05
2.24793e-05
2.24437e-05
2.25813e-05
2.29053e-05
2.34167e-05
2.41094e-05
2.49725e-05
2.59913e-05
2.71496e-05
2.84303e-05
2.98171e-05
3.12949e-05
3.28498e-05
3.44698e-05
3.61447e-05
3.78651e-05
3.96229e-05
4.14104e-05
4.32202e-05
4.50444e-05
4.68748e-05
4.87021e-05
5.05156e-05
5.23029e-05
5.40492e-05
5.5737e-05
5.7345e-05
5.88476e-05
6.02141e-05
6.14082e-05
6.23875e-05
6.30972e-05
6.34387e-05
6.34967e-05
6.31257e-05
6.22541e-05
6.08463e-05
5.8874e-05
5.63251e-05
5.32099e-05
4.95662e-05
4.54606e-05
4.09879e-05
3.6266e-05
3.1428e-05
2.66109e-05
2.19444e-05
1.75399e-05
1.34829e-05
9.83133e-06
6.62052e-06
3.88193e-06
1.67542e-06
1.86562e-07
2.19957e-07
1.96815e-06
4.47028e-06
7.3813e-06
1.04828e-05
1.36047e-05
1.66059e-05
1.93703e-05
2.18067e-05
2.38504e-05
2.54645e-05
2.66396e-05
2.73904e-05
2.77501e-05
2.77972e-05
2.75916e-05
2.72087e-05
2.67276e-05
2.62236e-05
2.57647e-05
2.54085e-05
2.52089e-05
2.51841e-05
2.5356e-05
2.57374e-05
2.63281e-05
2.71204e-05
2.8101e-05
2.92528e-05
3.05567e-05
3.19934e-05
3.35441e-05
3.51915e-05
3.69198e-05
3.87156e-05
4.05668e-05
4.24632e-05
4.43955e-05
4.63554e-05
4.83345e-05
5.03247e-05
5.23173e-05
5.43028e-05
5.62704e-05
5.82073e-05
6.00984e-05
6.19255e-05
6.36661e-05
6.52929e-05
6.67728e-05
6.8066e-05
6.91261e-05
6.98907e-05
7.02559e-05
7.03158e-05
6.9903e-05
6.89415e-05
6.73921e-05
6.52238e-05
6.24221e-05
5.89968e-05
5.49872e-05
5.04639e-05
4.55288e-05
4.03094e-05
3.49511e-05
2.96058e-05
2.44187e-05
1.95161e-05
1.4997e-05
1.09291e-05
7.35458e-06
4.3093e-06
1.85869e-06
2.06946e-07
2.45082e-07
2.19333e-06
4.98284e-06
8.22929e-06
1.16886e-05
1.517e-05
1.8515e-05
2.15927e-05
2.43008e-05
2.65668e-05
2.835e-05
2.96407e-05
3.0456e-05
3.08354e-05
3.08703e-05
3.06265e-05
3.019e-05
2.96496e-05
2.90897e-05
2.85856e-05
2.82008e-05
2.79959e-05
2.79846e-05
2.81949e-05
2.86377e-05
2.93117e-05
3.02071e-05
3.1308e-05
3.25947e-05
3.40453e-05
3.56378e-05
3.73509e-05
3.91651e-05
4.10629e-05
4.30289e-05
4.505e-05
4.71147e-05
4.92127e-05
5.13352e-05
5.34733e-05
5.56187e-05
5.77626e-05
5.98953e-05
6.20062e-05
6.40823e-05
6.61084e-05
6.80652e-05
6.99292e-05
7.16712e-05
7.32552e-05
7.46383e-05
7.57696e-05
7.65774e-05
7.69569e-05
7.7012e-05
7.65489e-05
7.54926e-05
7.38004e-05
7.14388e-05
6.83918e-05
6.46686e-05
6.03093e-05
5.53874e-05
5.00099e-05
4.43124e-05
3.8451e-05
3.25906e-05
2.68914e-05
2.14952e-05
1.6515e-05
1.20301e-05
8.09051e-06
4.7375e-06
2.04222e-06
2.27367e-07
2.70993e-07
2.4255e-06
5.51122e-06
9.10325e-06
1.2931e-05
1.67822e-05
2.04801e-05
2.38786e-05
2.68636e-05
2.93547e-05
3.13071e-05
3.27115e-05
3.35875e-05
3.3982e-05
3.40001e-05
3.37134e-05
3.32196e-05
3.26175e-05
3.20005e-05
3.14515e-05
3.10397e-05
3.08324e-05
3.08376e-05
3.10898e-05
3.15975e-05
3.23581e-05
3.33592e-05
3.45823e-05
3.60047e-05
3.76016e-05
3.93483e-05
4.1221e-05
4.3198e-05
4.52598e-05
4.73896e-05
4.95729e-05
5.17972e-05
5.40518e-05
5.63269e-05
5.86139e-05
6.09041e-05
6.31889e-05
6.5459e-05
6.77036e-05
6.99099e-05
7.20619e-05
7.41399e-05
7.61186e-05
7.79665e-05
7.9645e-05
8.11074e-05
8.2299e-05
8.31359e-05
8.35181e-05
8.35599e-05
8.30355e-05
8.18779e-05
8.00402e-05
7.74876e-05
7.42031e-05
7.0195e-05
6.55038e-05
6.02047e-05
5.44082e-05
4.82555e-05
4.19116e-05
3.55529e-05
2.93536e-05
2.34709e-05
1.80329e-05
1.31318e-05
8.8267e-06
5.16561e-06
2.22561e-06
2.47781e-07
2.9767e-07
2.6645e-06
6.05505e-06
1.00025e-05
1.4209e-05
1.84398e-05
2.24993e-05
2.62255e-05
2.94919e-05
3.22099e-05
3.43311e-05
3.58466e-05
3.67784e-05
3.71835e-05
3.71794e-05
3.68452e-05
3.62902e-05
3.56239e-05
3.49488e-05
3.43553e-05
3.39183e-05
3.37113e-05
3.37357e-05
3.4033e-05
3.46088e-05
3.54584e-05
3.65671e-05
3.79132e-05
3.9471e-05
4.12127e-05
4.31109e-05
4.51393e-05
4.72739e-05
4.94936e-05
5.17801e-05
5.41176e-05
5.64929e-05
5.88948e-05
6.13134e-05
6.37399e-05
6.61658e-05
6.85829e-05
7.09821e-05
7.33526e-05
7.56816e-05
7.79524e-05
8.0144e-05
8.22293e-05
8.41743e-05
8.59371e-05
8.74675e-05
8.87072e-05
8.95581e-05
8.99308e-05
8.99479e-05
8.93501e-05
8.80832e-05
8.60967e-05
8.33545e-05
7.98394e-05
7.55592e-05
7.0554e-05
6.48997e-05
5.87085e-05
5.21255e-05
4.5322e-05
3.84841e-05
3.1799e-05
2.54391e-05
1.9548e-05
1.42323e-05
9.56212e-06
5.59301e-06
2.40859e-06
2.68156e-07
3.25099e-07
2.91021e-06
6.61401e-06
1.09266e-05
1.55217e-05
2.01417e-05
2.4571e-05
2.86311e-05
3.21828e-05
3.51291e-05
3.74176e-05
3.90408e-05
4.0023e-05
4.04336e-05
4.04014e-05
4.00148e-05
3.9395e-05
3.86621e-05
3.7928e-05
3.72906e-05
3.68302e-05
3.66259e-05
3.66725e-05
3.70176e-05
3.76639e-05
3.86045e-05
3.98216e-05
4.12907e-05
4.29826e-05
4.48669e-05
4.6913e-05
4.90924e-05
5.13791e-05
5.37501e-05
5.61859e-05
5.867e-05
6.11883e-05
6.37294e-05
6.62834e-05
6.88417e-05
7.13963e-05
7.39391e-05
7.64612e-05
7.89522e-05
8.13984e-05
8.37825e-05
8.60816e-05
8.82665e-05
9.03e-05
9.21371e-05
9.37239e-05
9.49985e-05
9.5848e-05
9.62021e-05
9.61785e-05
9.54956e-05
9.41106e-05
9.19709e-05
8.90393e-05
8.52991e-05
8.07579e-05
7.54551e-05
6.94664e-05
6.29042e-05
5.59156e-05
4.8676e-05
4.13794e-05
3.42241e-05
2.73973e-05
2.10589e-05
1.5331e-05
1.02963e-05
6.0194e-06
2.59099e-06
2.88474e-07
3.53266e-07
3.1625e-06
7.18784e-06
1.1875e-05
1.68686e-05
2.18868e-05
2.66937e-05
3.10936e-05
3.49337e-05
3.81087e-05
4.05627e-05
4.22893e-05
4.33158e-05
4.37263e-05
4.36601e-05
4.32161e-05
4.25276e-05
4.17259e-05
4.09321e-05
4.02511e-05
3.977e-05
3.95693e-05
3.96422e-05
4.00371e-05
4.07558e-05
4.17885e-05
4.31144e-05
4.47056e-05
4.65299e-05
4.85537e-05
5.07437e-05
5.30692e-05
5.55021e-05
5.80182e-05
6.05967e-05
6.32203e-05
6.58747e-05
6.85484e-05
7.12317e-05
7.39164e-05
7.65947e-05
7.92591e-05
8.19008e-05
8.45089e-05
8.70693e-05
8.9563e-05
9.19652e-05
9.42437e-05
9.63584e-05
9.82604e-05
9.98922e-05
0.000101189
0.000102022
0.000102353
0.000102269
0.00010149
9.99775e-05
9.76792e-05
9.45569e-05
9.0595e-05
8.5801e-05
8.02139e-05
7.39085e-05
6.69965e-05
5.96251e-05
5.19721e-05
4.42368e-05
3.66273e-05
2.93446e-05
2.25651e-05
1.64276e-05
1.10291e-05
6.44473e-06
2.77277e-06
3.08729e-07
3.82161e-07
3.42128e-06
7.7763e-06
1.28474e-05
1.82488e-05
2.36742e-05
2.88661e-05
3.36109e-05
3.77422e-05
4.11456e-05
4.37622e-05
4.55874e-05
4.66516e-05
4.70558e-05
4.69496e-05
4.64431e-05
4.56822e-05
4.48095e-05
4.39554e-05
4.32317e-05
4.27325e-05
4.25372e-05
4.26385e-05
4.30854e-05
4.38781e-05
4.50037e-05
4.64381e-05
4.81502e-05
5.01045e-05
5.22643e-05
5.45941e-05
5.70608e-05
5.96347e-05
6.22901e-05
6.50055e-05
6.77631e-05
7.05485e-05
7.33503e-05
7.61591e-05
7.8967e-05
8.17671e-05
8.45517e-05
8.7312e-05
9.00367e-05
9.27103e-05
9.5312e-05
9.78145e-05
0.000100182
0.000102372
0.000104331
0.000105998
0.000107305
0.00010811
0.000108411
0.000108251
0.000107365
0.000105716
0.000103253
9.99361e-05
9.57527e-05
9.07102e-05
8.48476e-05
7.82385e-05
7.09935e-05
6.32587e-05
5.52124e-05
4.70573e-05
3.90092e-05
3.12815e-05
2.40672e-05
1.75228e-05
1.1761e-05
6.86919e-06
2.95398e-06
3.28925e-07
4.11773e-07
3.68644e-06
8.37918e-06
1.38433e-05
1.96619e-05
2.55031e-05
3.1087e-05
3.61814e-05
4.06057e-05
4.42367e-05
4.70123e-05
4.89307e-05
5.00251e-05
5.04169e-05
5.02644e-05
4.96902e-05
4.88534e-05
4.79079e-05
4.69932e-05
4.62277e-05
4.57128e-05
4.55248e-05
4.56567e-05
4.61575e-05
4.70254e-05
4.82441e-05
4.97865e-05
5.16177e-05
5.36994e-05
5.5992e-05
5.84576e-05
6.10611e-05
6.37713e-05
6.65615e-05
6.94095e-05
7.22973e-05
7.52107e-05
7.81383e-05
8.10713e-05
8.40025e-05
8.69248e-05
8.9831e-05
9.27119e-05
9.55549e-05
9.83432e-05
0.000101054
0.000103656
0.000106111
0.000108372
0.000110381
0.000112076
0.000113384
0.000114151
0.000114416
0.000114167
0.000113164
0.00011137
0.000108734
0.000105218
0.00010081
9.55181e-05
8.93827e-05
8.24769e-05
7.49099e-05
6.68261e-05
5.84028e-05
4.98442e-05
4.13717e-05
3.32095e-05
2.55665e-05
1.86175e-05
1.24928e-05
7.29315e-06
3.13474e-06
3.49077e-07
4.42091e-07
3.95791e-06
8.99629e-06
1.48623e-05
2.11072e-05
2.73724e-05
3.3355e-05
3.88032e-05
4.35219e-05
4.73789e-05
5.03093e-05
5.23145e-05
5.34313e-05
5.38043e-05
5.35991e-05
5.29523e-05
5.20363e-05
5.10164e-05
5.00411e-05
4.92352e-05
4.87072e-05
4.8528e-05
4.86927e-05
4.92492e-05
5.01931e-05
5.15051e-05
5.31544e-05
5.51032e-05
5.73097e-05
5.97321e-05
6.233e-05
6.50667e-05
6.79097e-05
7.08317e-05
7.38099e-05
7.68262e-05
7.98668e-05
8.29206e-05
8.59794e-05
8.90363e-05
9.20845e-05
9.51164e-05
9.81221e-05
0.000101088
0.000103994
0.000106816
0.000109519
0.000112062
0.000114392
0.00011645
0.000118167
0.00011947
0.000120193
0.000120416
0.00012007
0.000118943
0.000116995
0.000114178
0.000110454
0.000105813
0.000100266
9.38541e-05
8.66511e-05
7.87658e-05
7.03409e-05
6.1552e-05
5.26028e-05
4.37181e-05
3.51309e-05
2.70647e-05
1.97132e-05
1.32253e-05
7.71713e-06
3.31524e-06
3.69203e-07
4.73109e-07
4.2356e-06
9.62741e-06
1.59043e-05
2.25843e-05
2.92816e-05
3.56689e-05
4.14746e-05
4.64884e-05
5.05691e-05
5.36493e-05
5.57345e-05
5.68654e-05
5.7213e-05
5.69488e-05
5.62246e-05
5.52263e-05
5.41309e-05
5.30955e-05
5.22507e-05
5.17124e-05
5.15439e-05
5.17435e-05
5.23572e-05
5.3378e-05
5.47832e-05
5.65386e-05
5.86032e-05
6.09325e-05
6.34821e-05
6.62097e-05
6.90772e-05
7.20511e-05
7.51034e-05
7.82113e-05
8.13569e-05
8.45264e-05
8.77095e-05
9.08984e-05
9.40862e-05
9.72663e-05
0.000100431
0.000103568
0.000106663
0.000109694
0.000112632
0.000115441
0.000118073
0.000120474
0.00012258
0.000124319
0.000125613
0.000126289
0.000126469
0.00012602
0.000124761
0.000122653
0.000119645
0.000115702
0.000110817
0.000105003
9.83031e-05
9.07945e-05
8.25864e-05
7.38208e-05
6.46714e-05
5.53401e-05
4.60526e-05
3.70483e-05
2.85639e-05
2.08114e-05
1.39597e-05
8.14174e-06
3.49572e-06
3.89328e-07
5.04815e-07
4.51943e-06
1.02724e-05
1.69687e-05
2.40926e-05
3.12295e-05
3.80275e-05
4.41938e-05
4.95026e-05
5.3804e-05
5.70286e-05
5.91859e-05
6.03225e-05
6.06382e-05
6.03088e-05
5.95027e-05
5.84197e-05
5.72481e-05
5.61533e-05
5.52717e-05
5.4726e-05
5.45701e-05
5.48069e-05
5.54795e-05
5.6578e-05
5.80764e-05
5.99373e-05
6.21164e-05
6.45669e-05
6.7242e-05
7.00978e-05
7.30951e-05
7.61995e-05
7.93829e-05
8.26222e-05
8.59e-05
8.92028e-05
9.25208e-05
9.58465e-05
9.91732e-05
0.000102494
0.0001058
0.000109078
0.000112311
0.000115475
0.000118537
0.000121456
0.000124183
0.000126659
0.000128817
0.000130581
0.000131865
0.000132496
0.000132633
0.000132079
0.000130685
0.000128409
0.000125202
0.000121028
0.000115882
0.000109782
0.000102777
9.49456e-05
8.64011e-05
7.72868e-05
6.77746e-05
5.80642e-05
4.83799e-05
3.89648e-05
3.00662e-05
2.19139e-05
1.46972e-05
8.56765e-06
3.67642e-06
4.09481e-07
5.37201e-07
4.80932e-06
1.0931e-05
1.80553e-05
2.56315e-05
3.32155e-05
4.04293e-05
4.69588e-05
5.25621e-05
5.70805e-05
6.04433e-05
6.26642e-05
6.37978e-05
6.40753e-05
6.36747e-05
6.27826e-05
6.16129e-05
6.0365e-05
5.92125e-05
5.82965e-05
5.77466e-05
5.76055e-05
5.78819e-05
5.86152e-05
5.97924e-05
6.13843e-05
6.33503e-05
6.56433e-05
6.82141e-05
7.10141e-05
7.39981e-05
7.71256e-05
8.03622e-05
8.36792e-05
8.7054e-05
9.04693e-05
9.39122e-05
9.73732e-05
0.000100845
0.000104321
0.000107793
0.000111251
0.000114681
0.000118063
0.000121369
0.000124564
0.000127604
0.000130434
0.000132993
0.000135209
0.000137007
0.00013828
0.000138874
0.00013897
0.000138312
0.000136782
0.000134333
0.000130917
0.000126496
0.000121071
0.000114663
0.000107326
9.91468e-05
9.02433e-05
8.07628e-05
7.08776e-05
6.07847e-05
5.07054e-05
4.08834e-05
3.15737e-05
2.30221e-05
1.54388e-05
8.99551e-06
3.85759e-06
4.29687e-07
5.70259e-07
5.10519e-06
1.1603e-05
1.91637e-05
2.72004e-05
3.52385e-05
4.28731e-05
4.97675e-05
5.56639e-05
6.03951e-05
6.38898e-05
6.61645e-05
6.72869e-05
6.75199e-05
6.70425e-05
6.60608e-05
6.48031e-05
6.34796e-05
6.22715e-05
6.13243e-05
6.07738e-05
6.065e-05
6.09689e-05
6.17648e-05
6.30221e-05
6.47082e-05
6.67795e-05
6.91866e-05
7.18779e-05
7.48034e-05
7.79168e-05
8.11769e-05
8.4549e-05
8.80044e-05
9.15209e-05
9.50813e-05
9.86733e-05
0.000102288
0.000105917
0.000109553
0.00011319
0.000116813
0.000120408
0.000123951
0.000127412
0.000130751
0.000133922
0.000136865
0.000139517
0.000141802
0.000143642
0.000144913
0.000145479
0.000145538
0.000144782
0.000143117
0.000140492
0.000136857
0.000132176
0.00012645
0.000119706
0.000112006
0.000103444
9.41494e-05
8.42757e-05
7.39982e-05
6.35123e-05
5.30349e-05
4.28071e-05
3.30882e-05
2.41374e-05
1.61856e-05
9.42592e-06
4.03948e-06
4.49972e-07
6.03978e-07
5.40694e-06
1.22883e-05
2.02935e-05
2.87987e-05
3.72975e-05
4.53572e-05
5.26179e-05
5.88053e-05
6.37441e-05
6.73636e-05
6.96824e-05
7.07854e-05
7.09679e-05
7.04084e-05
6.93345e-05
6.79883e-05
6.65907e-05
6.53299e-05
6.43553e-05
6.38085e-05
6.37048e-05
6.40693e-05
6.49305e-05
6.62697e-05
6.80513e-05
7.0229e-05
7.27511e-05
7.55643e-05
7.86172e-05
8.18628e-05
8.52596e-05
8.87725e-05
9.23731e-05
9.60394e-05
9.97547e-05
0.000103507
0.000107286
0.000111086
0.000114898
0.000118712
0.000122515
0.000126288
0.000130006
0.000133634
0.000137131
0.000140445
0.000143515
0.000146272
0.000148639
0.000150534
0.000151815
0.000152365
0.000152394
0.000151547
0.000149752
0.00014695
0.000143088
0.000138131
0.000132082
0.000124971
0.00011687
0.000107886
9.81587e-05
8.7855e-05
7.71565e-05
6.6259e-05
5.53748e-05
4.47391e-05
3.46112e-05
2.52609e-05
1.69385e-05
9.85941e-06
4.22228e-06
4.70359e-07
6.38348e-07
5.71449e-06
1.29866e-05
2.14444e-05
3.04256e-05
3.93914e-05
4.788e-05
5.55076e-05
6.19833e-05
6.71239e-05
7.08602e-05
7.32137e-05
7.42893e-05
7.44153e-05
7.37692e-05
7.26012e-05
7.1167e-05
6.96978e-05
6.83881e-05
6.73907e-05
6.68525e-05
6.67723e-05
6.71863e-05
6.81159e-05
6.95394e-05
7.14185e-05
7.37046e-05
7.63437e-05
7.92814e-05
8.24652e-05
8.58475e-05
8.93866e-05
9.30475e-05
9.6802e-05
0.000100628
0.00010451
0.000108435
0.000112393
0.000116378
0.000120379
0.000124386
0.000128384
0.00013235
0.000136258
0.000140068
0.000143737
0.000147208
0.000150418
0.000153295
0.000155758
0.000157722
0.000159032
0.000159579
0.000159586
0.00015866
0.00015674
0.000153762
0.000149669
0.000144423
0.000138027
0.000130517
0.000121975
0.000112521
0.000102313
9.15326e-05
8.03747e-05
6.90384e-05
5.77319e-05
4.66821e-05
3.6144e-05
2.63933e-05
1.7698e-05
1.02964e-05
4.40615e-06
4.90863e-07
6.7336e-07
6.02775e-06
1.36977e-05
2.26158e-05
3.20806e-05
4.15192e-05
5.04398e-05
5.84341e-05
6.51945e-05
7.05303e-05
7.43751e-05
7.67534e-05
7.77951e-05
7.78586e-05
7.71222e-05
7.58591e-05
7.43386e-05
7.28014e-05
7.14478e-05
7.0433e-05
6.99091e-05
6.98566e-05
7.03246e-05
7.13263e-05
7.28375e-05
7.4817e-05
7.72143e-05
7.99738e-05
8.30398e-05
8.63594e-05
8.98845e-05
9.35733e-05
9.7391e-05
0.00010131
0.000105308
0.000109368
0.00011348
0.000117633
0.000121817
0.000126024
0.00013024
0.000134447
0.000138622
0.000142734
0.000146741
0.000150596
0.00015424
0.000157605
0.000160617
0.000163192
0.000165241
0.0001666
0.00016716
0.000167153
0.000166162
0.000164128
0.000160978
0.000156651
0.000151104
0.00014434
0.0001364
0.000127374
0.000117399
0.000106654
9.53427e-05
8.3677e-05
7.18655e-05
6.01139e-05
4.86393e-05
3.76874e-05
2.75349e-05
1.84644e-05
1.0737e-05
4.59117e-06
5.11493e-07
7.09003e-07
6.34661e-06
1.44213e-05
2.38074e-05
3.37627e-05
4.36795e-05
5.30348e-05
6.13949e-05
6.84355e-05
7.39595e-05
7.79037e-05
8.02966e-05
8.13001e-05
8.12942e-05
8.0465e-05
7.91073e-05
7.75034e-05
7.5903e-05
7.45114e-05
7.3486e-05
7.29828e-05
7.29629e-05
7.34904e-05
7.45689e-05
7.61718e-05
7.82558e-05
8.07683e-05
8.36527e-05
8.68524e-05
9.0314e-05
9.39894e-05
9.78368e-05
0.000101822
0.000105916
0.000110098
0.000114353
0.000118666
0.000123028
0.000127428
0.000131856
0.000136296
0.000140729
0.000145128
0.000149459
0.000153678
0.000157733
0.000161564
0.0001651
0.000168263
0.000170966
0.000173116
0.000174546
0.000175136
0.000175127
0.000174086
0.000171949
0.000168635
0.000164075
0.00015822
0.000151071
0.000142671
0.000133118
0.000122569
0.000111226
9.93209e-05
8.70898e-05
7.47569e-05
6.25294e-05
5.06138e-05
3.9242e-05
2.86856e-05
1.92376e-05
1.11813e-05
4.77736e-06
5.32252e-07
7.45265e-07
6.67097e-06
1.51573e-05
2.50186e-05
3.54712e-05
4.5871e-05
5.56628e-05
6.43871e-05
7.17029e-05
7.74071e-05
8.14415e-05
8.38393e-05
8.48007e-05
8.47188e-05
8.3796e-05
8.23455e-05
8.06625e-05
7.9005e-05
7.75828e-05
7.65551e-05
7.60797e-05
7.60985e-05
7.66918e-05
7.78528e-05
7.95526e-05
8.1746e-05
8.4379e-05
8.7394e-05
9.0734e-05
9.43453e-05
9.81799e-05
0.000102196
0.00010636
0.000110643
0.000115023
0.000119485
0.000124015
0.000128602
0.000133235
0.000137899
0.000142579
0.000147252
0.000151889
0.000156453
0.000160898
0.000165168
0.000169201
0.000172922
0.00017625
0.000179097
0.000181366
0.000182887
0.000183525
0.000183525
0.000182452
0.000180226
0.000176759
0.00017197
0.000165805
0.000158257
0.000149371
0.000139253
0.000128077
0.000116073
0.000103504
9.06412e-05
7.77312e-05
6.49883e-05
5.26092e-05
4.08082e-05
2.98448e-05
2.00172e-05
1.16292e-05
4.96465e-06
5.53129e-07
7.82135e-07
7.00073e-06
1.59052e-05
2.6249e-05
3.72053e-05
4.80923e-05
5.83218e-05
6.74079e-05
7.49929e-05
8.08689e-05
8.49841e-05
8.73776e-05
8.82923e-05
8.81304e-05
8.71141e-05
8.55741e-05
8.38181e-05
8.21112e-05
8.06668e-05
7.96471e-05
7.92065e-05
7.92726e-05
7.99386e-05
8.11887e-05
8.29917e-05
8.53008e-05
8.80608e-05
9.12135e-05
9.47015e-05
9.84715e-05
0.000102475
0.000106672
0.000111026
0.000115512
0.000120105
0.00012479
0.000129552
0.000134379
0.000139259
0.000144175
0.000149109
0.000154036
0.000158924
0.000163734
0.000168417
0.000172916
0.000177162
0.000181082
0.00018459
0.000187595
0.000189997
0.000191631
0.000192334
0.000192354
0.000191267
0.000188969
0.000185361
0.000180353
0.00017388
0.000165926
0.000156535
0.000145817
0.000133964
0.000121234
0.000107929
9.43609e-05
8.08087e-05
6.75017e-05
5.46298e-05
4.23863e-05
3.10117e-05
2.08024e-05
1.20802e-05
5.15287e-06
5.74108e-07
8.19601e-07
7.33578e-06
1.6665e-05
2.74981e-05
3.89638e-05
5.03418e-05
6.10094e-05
7.04539e-05
7.83015e-05
8.43404e-05
8.8527e-05
9.09077e-05
9.17715e-05
9.15271e-05
9.04191e-05
8.87948e-05
8.69734e-05
8.52265e-05
8.37695e-05
8.27711e-05
8.23704e-05
8.24971e-05
8.32428e-05
8.45897e-05
8.65034e-05
8.89356e-05
9.18303e-05
9.51288e-05
9.87741e-05
0.000102713
0.000106897
0.000111286
0.000115845
0.000120546
0.000125366
0.000130289
0.000135299
0.000140381
0.000145521
0.000150702
0.000155903
0.000161096
0.000166248
0.000171315
0.000176247
0.000180984
0.000185455
0.000189584
0.000193284
0.000196459
0.000199008
0.000200772
0.000201557
0.00020161
0.000200526
0.000198173
0.00019444
0.000189227
0.000182454
0.000174095
0.000164185
0.000152841
0.000140266
0.000126748
0.000112633
9.82792e-05
8.40113e-05
7.00823e-05
5.66804e-05
4.39765e-05
3.21849e-05
2.15922e-05
1.25337e-05
5.34178e-06
5.95161e-07
8.57651e-07
7.67599e-06
1.74362e-05
2.87651e-05
4.07459e-05
5.26178e-05
6.37231e-05
7.35219e-05
8.16246e-05
8.78172e-05
9.20657e-05
9.44257e-05
9.52351e-05
9.49076e-05
9.37114e-05
9.20098e-05
9.01326e-05
8.8357e-05
8.68996e-05
8.59368e-05
8.55835e-05
8.57817e-05
8.66176e-05
8.80705e-05
9.01038e-05
9.26677e-05
9.5706e-05
9.91599e-05
0.000102972
0.000107091
0.000111467
0.000116061
0.000120838
0.000125769
0.000130831
0.000136005
0.000141276
0.000146627
0.000152041
0.0001575
0.000162978
0.000168448
0.000173872
0.000179205
0.000184394
0.000189376
0.00019408
0.000198427
0.000202327
0.000205682
0.000208387
0.000210296
0.000211179
0.000211275
0.000210211
0.00020782
0.000203981
0.00019858
0.000191521
0.000182763
0.000172333
0.000160343
0.000147009
0.000132647
0.000117648
0.000102426
8.7362e-05
7.27439e-05
5.87669e-05
4.55795e-05
3.33629e-05
2.2385e-05
1.2989e-05
5.53103e-06
6.16247e-07
8.9627e-07
8.02125e-06
1.82185e-05
3.00497e-05
4.25504e-05
5.49186e-05
6.64603e-05
7.66082e-05
8.4958e-05
9.12944e-05
9.55953e-05
9.79276e-05
9.86805e-05
9.82713e-05
9.69924e-05
9.52227e-05
9.33014e-05
9.15103e-05
9.00666e-05
8.91545e-05
8.88581e-05
8.91412e-05
9.00785e-05
9.1648e-05
9.38108e-05
9.65165e-05
9.97085e-05
0.000103328
0.000107319
0.000111629
0.00011621
0.000121022
0.000126029
0.000131204
0.000136521
0.000141961
0.000147506
0.000153137
0.000158836
0.000164582
0.000170347
0.000176101
0.000181803
0.000187407
0.000192858
0.000198091
0.000203033
0.000207602
0.000211707
0.000215248
0.000218116
0.000220178
0.000221171
0.000221321
0.000220292
0.000217881
0.000213956
0.000208386
0.00020106
0.000191919
0.000180975
0.000168332
0.000154212
0.000138958
0.000123005
0.000106832
9.08845e-05
7.5502e-05
6.08961e-05
4.71962e-05
3.45443e-05
2.31791e-05
1.34449e-05
5.72018e-06
6.37318e-07
9.35447e-07
8.37142e-06
1.90117e-05
3.1351e-05
4.43762e-05
5.72422e-05
6.92181e-05
7.97091e-05
8.8297e-05
9.47672e-05
9.91113e-05
0.00010141
0.000102106
0.000101618
0.000100264
9.84377e-05
9.64865e-05
9.46955e-05
9.32816e-05
9.24363e-05
9.22085e-05
9.25909e-05
9.36428e-05
9.53407e-05
9.76445e-05
0.000100503
0.00010386
0.000107657
0.000111838
0.000116352
0.00012115
0.000126193
0.000131445
0.000136876
0.000142461
0.000148178
0.000154008
0.00015993
0.000165923
0.000171962
0.00017802
0.000184062
0.000190046
0.000195924
0.000201638
0.000207122
0.000212302
0.000217093
0.000221404
0.000225133
0.000228168
0.000230385
0.0002315
0.000231712
0.000230729
0.000228314
0.000224322
0.000218607
0.000211039
0.000201536
0.000190093
0.0001768
0.000161881
0.000145697
0.000128728
0.000111523
9.46025e-05
7.83728e-05
6.30759e-05
4.88278e-05
3.5727e-05
2.39724e-05
1.39001e-05
5.90869e-06
6.58312e-07
9.75166e-07
8.72639e-06
1.98154e-05
3.26683e-05
4.62219e-05
5.95865e-05
7.19933e-05
8.28204e-05
9.16369e-05
9.82309e-05
0.000102609
0.00010487
0.000105509
0.000104948
0.000103529
0.00010166
9.96957e-05
9.79226e-05
9.65569e-05
9.57962e-05
9.56505e-05
9.61483e-05
9.73292e-05
9.9169e-05
0.000101627
0.000104651
0.000108185
0.000112172
0.000116556
0.000121285
0.000126314
0.0001316
0.000137109
0.000142808
0.000148672
0.000154677
0.000160801
0.000167021
0.000173313
0.000179651
0.000186004
0.000192336
0.000198602
0.000204752
0.000210727
0.000216459
0.000221872
0.000226883
0.000231396
0.000235311
0.000238512
0.000240877
0.000242123
0.000242403
0.000241475
0.00023907
0.00023503
0.000229193
0.000221409
0.000211573
0.000199655
0.000185729
0.00017001
0.000152871
0.000134836
0.000116522
9.85387e-05
8.13733e-05
6.5315e-05
5.04761e-05
3.69094e-05
2.47626e-05
1.43531e-05
6.09591e-06
6.79158e-07
1.01541e-06
9.08601e-06
2.06293e-05
3.40011e-05
4.80862e-05
6.19491e-05
7.47825e-05
8.59377e-05
9.49726e-05
0.000101681
0.000106083
0.000108304
0.000108889
0.000108263
0.000106792
0.000104897
0.000102938
0.000101203
9.99065e-05
9.92488e-05
9.92018e-05
9.98325e-05
0.000101159
0.000103155
0.000105781
0.000108984
0.000112709
0.000116898
0.000121498
0.000126456
0.000131727
0.000137269
0.000143046
0.000149024
0.000155177
0.000161477
0.000167903
0.000174426
0.000181021
0.000187659
0.000194307
0.000200926
0.00020747
0.000213886
0.000220115
0.000226087
0.000231726
0.000236947
0.000241655
0.000245746
0.000249108
0.000251615
0.000252991
0.000253343
0.000252473
0.000250088
0.000246017
0.000240081
0.000232111
0.000221975
0.000209616
0.000195084
0.000178578
0.000160476
0.000141337
0.000121848
0.000102714
8.45204e-05
6.76231e-05
5.21437e-05
3.80897e-05
2.5547e-05
1.48022e-05
6.28111e-06
6.99773e-07
1.05618e-06
9.45014e-06
2.14529e-05
3.53483e-05
4.99675e-05
6.43276e-05
7.75821e-05
8.90563e-05
9.82987e-05
0.000105111
0.000109528
0.000111709
0.000112244
0.000111564
0.000110058
0.000108156
0.000106224
0.000104549
0.000103346
0.000102809
0.000102882
0.000103664
0.000105153
0.000107323
0.000110132
0.000113528
0.000117458
0.000121864
0.000126692
0.000131892
0.000137418
0.000143226
0.000149281
0.000155548
0.000161996
0.000168599
0.000175329
0.000182158
0.000189056
0.000195992
0.00020293
0.00020983
0.000216644
0.000223318
0.000229789
0.00023599
0.000241841
0.000247259
0.000252147
0.000256404
0.000259914
0.000262553
0.000264053
0.000264476
0.000263665
0.000261307
0.000257217
0.000251203
0.000243076
0.000232676
0.000219917
0.000204817
0.000187551
0.000168495
0.00014823
0.000127511
0.000107144
8.78302e-05
7.00102e-05
5.38334e-05
3.92662e-05
2.63228e-05
1.52454e-05
6.46346e-06
7.20063e-07
1.09744e-06
9.81863e-06
2.22858e-05
3.67092e-05
5.18641e-05
6.67192e-05
8.0388e-05
9.21708e-05
0.000101609
0.000108516
0.000112941
0.000115084
0.000115576
0.000114855
0.000113331
0.000111445
0.000109564
0.000107973
0.000106897
0.000106489
0.000106714
0.000107665
0.000109335
0.000111696
0.000114705
0.000118311
0.00012246
0.000127096
0.000132166
0.00013762
0.000143411
0.000149497
0.000155839
0.000162401
0.000169151
0.000176059
0.000183095
0.000190229
0.000197426
0.000204655
0.000211877
0.000219048
0.00022612
0.000233037
0.000239736
0.000246147
0.000252194
0.000257791
0.000262842
0.000267246
0.000270888
0.000273642
0.000275255
0.000275745
0.000274987
0.000272656
0.000268558
0.000262485
0.000254228
0.000243601
0.000230486
0.000214865
0.000196882
0.000176895
0.000155502
0.000133514
0.000111844
9.13171e-05
7.24867e-05
5.55489e-05
4.04376e-05
2.70872e-05
1.56807e-05
6.64202e-06
7.39923e-07
1.13918e-06
1.01913e-05
2.31277e-05
3.80828e-05
5.37743e-05
6.91207e-05
8.31958e-05
9.52757e-05
0.000104898
0.000111889
0.000116318
0.000118426
0.000118884
0.000118138
0.000116619
0.000114773
0.000112971
0.000111493
0.000110573
0.000110311
0.000110715
0.000111858
0.00011373
0.0001163
0.000119527
0.000123359
0.000127742
0.000132623
0.000137948
0.000143667
0.000149735
0.000156106
0.000162742
0.000169605
0.000176659
0.000183873
0.000191215
0.000198649
0.00020614
0.000213652
0.000221145
0.000228574
0.000235888
0.00024303
0.000249937
0.00025654
0.00026276
0.000268513
0.000273705
0.000278233
0.000281985
0.000284835
0.000286544
0.000287091
0.000286375
0.000284068
0.000279965
0.000273845
0.000265483
0.000254667
0.000241243
0.000225155
0.000206508
0.000185632
0.000163127
0.000139851
0.000116817
9.49932e-05
7.50623e-05
5.7294e-05
4.16024e-05
2.78369e-05
1.61055e-05
6.81575e-06
7.59236e-07
1.18138e-06
1.0568e-05
2.3978e-05
3.9468e-05
5.5696e-05
7.15289e-05
8.60005e-05
9.83648e-05
0.000108158
0.000115223
0.000119654
0.000121733
0.000122168
0.000121418
0.000119928
0.000118152
0.000116458
0.000115124
0.000114389
0.000114296
0.000114907
0.000116266
0.000118361
0.000121161
0.000124624
0.000128699
0.000133332
0.000138471
0.000144064
0.00015006
0.000156413
0.000163077
0.000170012
0.000177178
0.000184538
0.000192056
0.000199698
0.000207425
0.0002152
0.000222983
0.000230733
0.000238402
0.000245938
0.000253285
0.000260377
0.000267145
0.000273513
0.000279396
0.000284701
0.000289327
0.000293163
0.000296083
0.000297865
0.000298455
0.000297766
0.000295472
0.000291362
0.000285204
0.000276757
0.000265784
0.000252099
0.000235603
0.000216355
0.000194648
0.000171066
0.000146502
0.000122065
9.88663e-05
7.7746e-05
5.90728e-05
4.27596e-05
2.85688e-05
1.65175e-05
6.98352e-06
7.77874e-07
1.22404e-06
1.09486e-05
2.48362e-05
4.08635e-05
5.76268e-05
7.39398e-05
8.87967e-05
0.000101431
0.000111382
0.000118513
0.000122945
0.000125005
0.000125431
0.000124699
0.000123267
0.000121593
0.00012004
0.000118885
0.000118359
0.000118466
0.000119312
0.000120912
0.000123253
0.000126304
0.000130022
0.000134357
0.000139256
0.000144668
0.00015054
0.000156822
0.000163468
0.000170431
0.000177668
0.000185138
0.000192801
0.000200618
0.000208553
0.000216563
0.000224608
0.000232647
0.000240635
0.000248523
0.000256259
0.000263784
0.000271034
0.00027794
0.000284426
0.000290408
0.000295796
0.00030049
0.000304379
0.000307341
0.000309165
0.000309781
0.000309096
0.0003068
0.000302675
0.00029648
0.000287961
0.000276861
0.000262959
0.000246115
0.000226338
0.000203869
0.000179267
0.000153439
0.000127576
0.00010294
8.05448e-05
6.08894e-05
4.39083e-05
2.92796e-05
1.69137e-05
7.1441e-06
7.95699e-07
1.26711e-06
1.13328e-05
2.57018e-05
4.22682e-05
5.95641e-05
7.63492e-05
9.15785e-05
0.000104468
0.000114562
0.00012175
0.000126186
0.000128239
0.000128672
0.000127986
0.000126645
0.000125106
0.000123729
0.000122798
0.000122492
0.000122846
0.000123951
0.000125817
0.000128428
0.000131752
0.000135744
0.000140357
0.000145537
0.000151235
0.000157397
0.000163975
0.00017092
0.000178185
0.000185725
0.000193497
0.000201458
0.000209567
0.000217783
0.000226063
0.000234362
0.000242638
0.000250842
0.000258926
0.000266835
0.00027451
0.000281888
0.0002889
0.000295472
0.00030152
0.000306956
0.000311682
0.00031559
0.00031856
0.000320395
0.00032101
0.000320304
0.000317984
0.000313829
0.000307592
0.000299009
0.000287803
0.000273725
0.000256593
0.000236361
0.000213214
0.000187665
0.000160619
0.000133331
0.00010721
8.34633e-05
6.27475e-05
4.50476e-05
2.99657e-05
1.72914e-05
7.29614e-06
8.12559e-07
1.31059e-06
1.17204e-05
2.6574e-05
4.36804e-05
6.15051e-05
7.87523e-05
9.43389e-05
0.000107467
0.000117689
0.000124927
0.000129372
0.000131434
0.000131896
0.000131285
0.00013007
0.000128704
0.000127542
0.000126874
0.000126814
0.00012745
0.000128844
0.000131003
0.000133908
0.000137526
0.000141812
0.00014672
0.000152196
0.000158192
0.000164654
0.000171534
0.000178782
0.00018635
0.000194192
0.000202261
0.000210513
0.000218903
0.000227388
0.00023592
0.000244455
0.000252945
0.000261341
0.000269593
0.000277646
0.000285441
0.000292914
0.000299998
0.000306619
0.000312697
0.000318144
0.000322865
0.000326755
0.000329695
0.000331504
0.000332087
0.000331329
0.000328958
0.000324752
0.000318461
0.000309812
0.000298516
0.000284297
0.000266933
0.000246323
0.000222588
0.000196183
0.000167986
0.0001393
0.000111669
8.6503e-05
6.46495e-05
4.61768e-05
3.06239e-05
1.76473e-05
7.43821e-06
8.28292e-07
1.35445e-06
1.21112e-05
2.74521e-05
4.50984e-05
6.34463e-05
8.11437e-05
9.70707e-05
0.000110418
0.000120755
0.000128036
0.000132499
0.00013459
0.000135103
0.000134603
0.000133551
0.000132399
0.000131497
0.000131116
0.000131345
0.000132297
0.00013401
0.000136488
0.000139711
0.000143644
0.000148244
0.000153462
0.000159248
0.000165552
0.000172323
0.00017951
0.000187063
0.000194934
0.000203073
0.000211432
0.000219964
0.000228622
0.000237358
0.000246125
0.000254872
0.000263552
0.000272113
0.000280504
0.00028867
0.00029655
0.000304084
0.000311203
0.000317835
0.000323903
0.000329322
0.000333998
0.000337828
0.000340699
0.000342441
0.000342956
0.000342111
0.000339657
0.000335373
0.000329008
0.000320286
0.000308908
0.000294575
0.000277029
0.000256117
0.00023189
0.00020473
0.000175473
0.000145442
0.000116297
8.96608e-05
6.65967e-05
4.7295e-05
3.12504e-05
1.79782e-05
7.56877e-06
8.42727e-07
1.39866e-06
1.25048e-05
2.83352e-05
4.65201e-05
6.53839e-05
8.3517e-05
9.97651e-05
0.000113313
0.00012375
0.000131069
0.00013556
0.000137704
0.000138297
0.000137945
0.000137099
0.000136202
0.000135612
0.000135537
0.000136103
0.000137401
0.000139463
0.000142286
0.000145851
0.00015012
0.00015505
0.000160594
0.000166702
0.000173324
0.000180408
0.000187905
0.000195763
0.000203932
0.000212362
0.000221001
0.0002298
0.000238709
0.000247678
0.000256656
0.000265591
0.000274434
0.000283131
0.000291629
0.000299873
0.000307804
0.000315361
0.000322477
0.000329081
0.000335099
0.000340447
0.000345036
0.000348764
0.000351521
0.000353153
0.000353559
0.000352589
0.000350015
0.00034562
0.000339156
0.000330346
0.000318885
0.000304458
0.000286775
0.000265632
0.000241009
0.000213208
0.000183
0.000151701
0.000121067
9.29276e-05
6.85886e-05
4.84011e-05
3.18418e-05
1.82807e-05
7.68619e-06
8.55678e-07
1.44318e-06
1.2901e-05
2.92223e-05
4.79432e-05
6.73132e-05
8.58652e-05
0.000102413
0.00011614
0.000126663
0.000134017
0.000138549
0.000140776
0.000141481
0.000141318
0.000140722
0.00014013
0.000139882
0.000140159
0.000141099
0.000142776
0.000145213
0.000148408
0.000152336
0.00015696
0.000162237
0.000168119
0.000174558
0.000181503
0.000188905
0.000196711
0.000204871
0.000213331
0.000222041
0.000230947
0.000239997
0.000249137
0.000258317
0.000267482
0.000276579
0.000285555
0.000294356
0.000302928
0.000311216
0.000319161
0.000326702
0.000333774
0.00034031
0.000346235
0.00035147
0.000355926
0.000359507
0.000362104
0.000363583
0.000363832
0.000362699
0.000359964
0.00035542
0.000348827
0.000339908
0.000328357
0.000313847
0.000296064
0.000274755
0.000249832
0.00022151
0.000190477
0.000158014
0.000125942
9.62883e-05
7.06227e-05
4.94934e-05
3.23945e-05
1.85512e-05
7.78877e-06
8.66954e-07
1.48798e-06
1.32993e-05
3.01121e-05
4.93648e-05
6.92289e-05
8.81799e-05
0.000105003
0.000118887
0.000129482
0.000136871
0.00014146
0.000143802
0.000144663
0.000144728
0.000144428
0.000144194
0.000144316
0.000144992
0.000146342
0.000148427
0.000151268
0.000154857
0.000159168
0.000164162
0.000169798
0.000176029
0.000182805
0.000190078
0.000197796
0.000205908
0.000214362
0.000223104
0.00023208
0.000241236
0.000250517
0.000259868
0.000269233
0.000278558
0.000287787
0.000296864
0.000305736
0.000314348
0.000322643
0.000330563
0.000338049
0.000345037
0.000351462
0.000357251
0.000362328
0.000366607
0.000369995
0.000372387
0.000373663
0.000373705
0.000372371
0.000369429
0.000364696
0.000357938
0.000348885
0.00033723
0.000322643
0.000304787
0.000283372
0.000258242
0.000229522
0.000197802
0.000164303
0.000130876
9.97218e-05
7.2693e-05
5.05696e-05
3.29049e-05
1.87861e-05
7.87473e-06
8.76353e-07
1.53301e-06
1.36992e-05
3.10032e-05
5.07815e-05
7.11249e-05
9.04517e-05
0.000107523
0.000121542
0.000132197
0.000139624
0.000144282
0.000146774
0.000147851
0.000148182
0.000148231
0.000148387
0.00014893
0.000150044
0.000151835
0.000154358
0.000157626
0.000161629
0.000166338
0.000171716
0.00017772
0.000184304
0.00019142
0.000199018
0.000207049
0.000215459
0.000224195
0.000233204
0.00024243
0.000251816
0.000261305
0.00027084
0.000280364
0.000289819
0.000299148
0.000308294
0.000317202
0.000325817
0.000334081
0.000341938
0.000349329
0.000356192
0.000362463
0.000368073
0.000372946
0.000377002
0.000380151
0.000382292
0.000383311
0.000383103
0.000381524
0.000378329
0.000373365
0.000366405
0.000357187
0.000345411
0.000330744
0.000312838
0.000291369
0.00026612
0.000237125
0.000204867
0.000170478
0.000135809
0.000103199
7.47882e-05
5.16261e-05
3.33691e-05
1.89818e-05
7.94223e-06
8.83661e-07
1.57822e-06
1.41001e-05
3.18938e-05
5.21892e-05
7.29937e-05
9.26695e-05
0.00010996
0.000124089
0.000134793
0.000142265
0.000147014
0.000149692
0.000151034
0.000151692
0.000152131
0.000152723
0.000153728
0.000155314
0.000157577
0.000160562
0.000164277
0.000168709
0.000173828
0.000179597
0.000185973
0.000192911
0.000200363
0.000208281
0.000216613
0.000225308
0.000234312
0.000243568
0.000253021
0.000262613
0.000272283
0.000281974
0.000291625
0.000301178
0.000310573
0.000319753
0.000328662
0.000337242
0.000345437
0.000353191
0.000360447
0.000367143
0.000373218
0.000378604
0.00038323
0.000387017
0.00038988
0.000391722
0.000392436
0.00039194
0.00039006
0.000386566
0.00038133
0.000374131
0.000364719
0.000352801
0.000338049
0.000320109
0.00029863
0.000273345
0.000244197
0.000211554
0.000176442
0.000140673
0.000106683
7.6893e-05
5.26584e-05
3.37837e-05
1.91346e-05
7.98893e-06
8.88608e-07
1.62352e-06
1.45013e-05
3.27816e-05
5.3583e-05
7.48264e-05
9.48205e-05
0.000112298
0.000126512
0.000137257
0.000144787
0.000149657
0.000152559
0.000154215
0.000155251
0.00015613
0.000157202
0.000158708
0.000160798
0.000163558
0.000167024
0.0001712
0.00017607
0.000181604
0.000187765
0.000194511
0.000201797
0.000209576
0.0002178
0.000226418
0.000235379
0.000244627
0.000254107
0.00026376
0.000273528
0.000283348
0.000293162
0.000302907
0.000312522
0.000321948
0.000331124
0.000339995
0.000348502
0.000356589
0.000364201
0.00037128
0.000377769
0.000383605
0.000388725
0.000393059
0.000396533
0.000399064
0.000400561
0.000400924
0.000400103
0.000397864
0.000394032
0.000388484
0.000381011
0.000371373
0.000359293
0.00034445
0.000326488
0.000305041
0.000279794
0.000250613
0.000217744
0.000182088
0.000145385
0.000110128
7.89879e-05
5.36609e-05
3.4145e-05
1.92397e-05
8.01056e-06
8.90837e-07
1.66884e-06
1.49018e-05
3.36638e-05
5.49568e-05
7.66126e-05
9.68896e-05
0.000114519
0.000128794
0.000139574
0.000147177
0.000152206
0.000155374
0.000157392
0.000158861
0.000160229
0.000161823
0.000163862
0.000166483
0.000169757
0.000173717
0.00017836
0.00018367
0.000189617
0.000196163
0.000203268
0.000210887
0.000218976
0.000227486
0.000236367
0.000245567
0.000255031
0.000264703
0.000274523
0.000284432
0.000294367
0.000304266
0.000314066
0.000323706
0.000333122
0.000342256
0.000351049
0.000359444
0.000367384
0.000374813
0.000381676
0.000387916
0.000393472
0.000398284
0.000402284
0.000405401
0.000407556
0.000408666
0.000408642
0.000407452
0.000404803
0.000400597
0.000394701
0.000386921
0.000377032
0.000364772
0.000349831
0.00033186
0.000310481
0.000285346
0.000256245
0.00022331
0.000187302
0.000149856
0.000113476
8.10479e-05
5.46249e-05
3.44495e-05
1.92886e-05
8.01095e-06
8.90586e-07
1.71406e-06
1.53005e-05
3.45371e-05
5.63031e-05
7.83395e-05
9.88593e-05
0.000116602
0.000130915
0.000141729
0.000149427
0.000154653
0.000158136
0.000160567
0.000162521
0.000164423
0.000166574
0.000169174
0.000172342
0.000176143
0.000180599
0.000185708
0.00019145
0.000197797
0.000204712
0.000212155
0.000220085
0.000228456
0.000237222
0.000246333
0.000255737
0.000265381
0.000275206
0.000285154
0.000295163
0.00030517
0.000315112
0.000324926
0.000334546
0.000343912
0.000352962
0.000361636
0.000369877
0.000377629
0.000384837
0.000391443
0.000397394
0.000402631
0.000407094
0.00041072
0.00041344
0.00041518
0.000415859
0.00041544
0.000413811
0.000410717
0.000406107
0.000399835
0.000391722
0.000381562
0.000369108
0.000354069
0.000336102
0.000314828
0.000289874
0.000260965
0.000228122
0.000191963
0.000153985
0.000116662
8.30414e-05
5.55389e-05
3.46945e-05
1.92932e-05
7.98563e-06
8.87442e-07
1.75903e-06
1.56959e-05
3.53969e-05
5.76127e-05
7.99918e-05
0.000100709
0.000118526
0.000132854
0.000143705
0.000151525
0.000156993
0.000160841
0.000163738
0.000166225
0.000168699
0.000171436
0.000174613
0.000178338
0.000182664
0.00018761
0.00019317
0.000199326
0.000206049
0.000213305
0.000221056
0.000229261
0.000237877
0.000246858
0.000256157
0.000265721
0.000275498
0.00028543
0.000295457
0.000305517
0.000315549
0.000325486
0.000335264
0.00034482
0.000354089
0.000363009
0.000371522
0.000379568
0.000387091
0.000394035
0.000400347
0.000405971
0.000410851
0.000414928
0.000418143
0.000420429
0.000421718
0.000421941
0.000421102
0.000418977
0.000415425
0.000410384
0.000403714
0.000395252
0.000384809
0.000372156
0.000357017
0.000339076
0.000317953
0.00029325
0.000264643
0.000232049
0.000195946
0.000157663
0.000119608
8.49292e-05
5.63886e-05
3.48752e-05
1.92405e-05
7.93248e-06
8.81181e-07
1.80358e-06
1.60859e-05
3.62377e-05
5.88741e-05
8.15512e-05
0.000102415
0.000120264
0.000134588
0.000145485
0.000153461
0.000159219
0.000163484
0.000166896
0.000169957
0.000173034
0.000176374
0.000180136
0.000184414
0.000189252
0.000194666
0.000200651
0.000207188
0.00021425
0.000221805
0.000229819
0.000238251
0.000247062
0.000256207
0.000265639
0.000275309
0.000285163
0.000295144
0.000305193
0.00031525
0.000325249
0.000335126
0.000344817
0.000354255
0.000363378
0.000372121
0.000380426
0.000388233
0.000395485
0.000402127
0.000408106
0.000413366
0.000417854
0.000421512
0.000424283
0.000426105
0.000426913
0.000426682
0.000425373
0.000422725
0.000418703
0.000413206
0.000406109
0.00039727
0.000386519
0.000373652
0.000358422
0.000340521
0.000319594
0.000295239
0.000267095
0.000234957
0.000199121
0.000160779
0.000122228
8.6664e-05
5.71564e-05
3.49764e-05
1.91274e-05
7.8499e-06
8.7162e-07
1.84744e-06
1.64681e-05
3.70523e-05
6.00729e-05
8.29952e-05
0.00010395
0.000121788
0.000136094
0.000147051
0.000155221
0.000161321
0.000166055
0.000170025
0.000173693
0.00017739
0.000181338
0.000185677
0.000190486
0.000195808
0.000201655
0.000208022
0.000214891
0.00022224
0.000230038
0.000238255
0.000246853
0.000255795
0.000265038
0.000274538
0.000284245
0.000294109
0.000304073
0.000314079
0.000324065
0.000333969
0.000343725
0.000353268
0.000362532
0.000371454
0.000379969
0.000388018
0.00039554
0.000402479
0.00040878
0.000414389
0.000419252
0.000423316
0.000426526
0.000428826
0.000430161
0.000430473
0.000429797
0.000427955
0.000424791
0.000420281
0.000414333
0.000406837
0.000397665
0.000386662
0.000373643
0.000358374
0.000340568
0.000319864
0.000295856
0.000268153
0.000236595
0.000201324
0.00016321
0.000124428
8.81899e-05
5.7822e-05
3.50074e-05
1.89536e-05
7.73671e-06
8.58618e-07
1.89031e-06
1.6839e-05
3.78313e-05
6.11908e-05
8.42966e-05
0.000105279
0.000123066
0.000137343
0.000148383
0.000156791
0.000163283
0.000168532
0.000173095
0.000177389
0.000181709
0.000186251
0.000191139
0.000196444
0.000202202
0.000208427
0.000215114
0.00022225
0.000229816
0.000237785
0.000246129
0.000254817
0.000263811
0.000273073
0.000282561
0.000292227
0.000302021
0.000311891
0.000321777
0.00033162
0.000341356
0.000350921
0.000360251
0.000369279
0.00037794
0.000386173
0.000393914
0.000401106
0.000407689
0.00041361
0.000418815
0.000423251
0.000426864
0.000429603
0.000431414
0.000432245
0.000432082
0.000430934
0.000428543
0.00042489
0.000419916
0.000413539
0.000405665
0.00039618
0.000384951
0.000371811
0.000356549
0.000338899
0.000318519
0.000295008
0.000267953
0.000237039
0.000202336
0.000164772
0.000126105
8.94419e-05
5.83588e-05
3.49638e-05
1.87177e-05
7.59184e-06
8.42055e-07
1.93175e-06
1.71943e-05
3.85627e-05
6.22052e-05
8.54222e-05
0.000106367
0.000124061
0.000138307
0.000149458
0.000158149
0.000165081
0.000170882
0.000176056
0.000180976
0.000185901
0.000191003
0.000196392
0.000202132
0.000208259
0.000214786
0.000221713
0.000229032
0.000236726
0.000244776
0.000253156
0.000261839
0.000270793
0.000279981
0.000289364
0.000298897
0.000308533
0.000318219
0.0003279
0.000337516
0.000347005
0.000356304
0.000365348
0.000374071
0.000382411
0.000390303
0.000397685
0.000404497
0.000410684
0.000416187
0.000420957
0.00042494
0.000428083
0.000430335
0.000431647
0.00043198
0.000431389
0.000429716
0.000426812
0.000422686
0.000417275
0.000410505
0.000402295
0.000392546
0.000381145
0.000367945
0.000352757
0.000335336
0.000315363
0.000292446
0.000266161
0.000236148
0.000202354
0.000165385
0.000127075
9.03261e-05
5.87146e-05
3.4826e-05
1.84176e-05
7.41436e-06
8.21833e-07
1.9712e-06
1.75282e-05
3.92308e-05
6.3087e-05
8.63318e-05
0.000107167
0.000124732
0.00013895
0.000150246
0.000159265
0.000166674
0.000173046
0.00017883
0.000184352
0.000189837
0.000195439
0.000201256
0.000207348
0.000213752
0.000220484
0.00022755
0.000234946
0.000242662
0.000250684
0.000258992
0.000267563
0.000276369
0.000285376
0.000294549
0.000303847
0.000313222
0.000322628
0.000332009
0.000341308
0.000350464
0.000359414
0.000368097
0.000376443
0.000384395
0.000391886
0.000398855
0.000405242
0.000410991
0.00041605
0.000420378
0.000423905
0.000426577
0.000428344
0.00042916
0.000429025
0.000427975
0.00042576
0.000422387
0.000417831
0.000412031
0.000404925
0.000396442
0.000386502
0.000375006
0.000361829
0.000346803
0.000329704
0.000310237
0.000288026
0.000262643
0.000233693
0.000201027
0.000165083
0.000127366
9.07277e-05
5.8857e-05
3.45888e-05
1.80527e-05
7.20373e-06
7.97892e-07
2.0079e-06
1.78327e-05
3.98149e-05
6.37996e-05
8.69766e-05
0.000107627
0.000125031
0.000139231
0.000150705
0.000160088
0.000167993
0.000174932
0.000181294
0.000187363
0.000193335
0.000199346
0.000205489
0.000211823
0.000218388
0.000225205
0.000232287
0.000239637
0.000247252
0.000255122
0.000263235
0.000271572
0.000280109
0.000288818
0.000297667
0.000306616
0.000315623
0.000324644
0.000333625
0.00034251
0.000351241
0.000359758
0.000367999
0.00037592
0.00038344
0.000390492
0.000397014
0.000402949
0.000408239
0.00041283
0.000416659
0.00041968
0.000421841
0.000423097
0.000423411
0.00042287
0.000421335
0.000418666
0.000414892
0.000409971
0.000403855
0.000396492
0.000387825
0.000377787
0.000366297
0.000353247
0.000338491
0.000321829
0.000302987
0.000281608
0.000257269
0.000229553
0.000198228
0.000163578
0.000126874
9.07352e-05
5.88044e-05
3.42435e-05
1.76223e-05
6.95983e-06
7.70221e-07
2.04083e-06
1.80975e-05
4.0288e-05
6.42969e-05
8.7297e-05
0.000107686
0.000124918
0.000139111
0.000150775
0.000160537
0.00016893
0.000176396
0.00018327
0.000189794
0.000196143
0.000202442
0.000208779
0.000215218
0.000221803
0.000228565
0.000235522
0.000242684
0.000250057
0.00025764
0.000265422
0.000273394
0.000281535
0.000289821
0.000298224
0.00030671
0.000315252
0.000323803
0.000332303
0.0003407
0.000348937
0.000356955
0.000364695
0.000372088
0.000379073
0.000385588
0.000391577
0.000396982
0.000401747
0.000405819
0.00040914
0.000411665
0.000413341
0.000414121
0.000414016
0.0004131
0.000411117
0.000408077
0.000403975
0.000398774
0.000392436
0.000384918
0.000376177
0.000366159
0.000354797
0.000342001
0.000327645
0.000311551
0.000293467
0.000273062
0.000249921
0.000223616
0.000193849
0.000160762
0.000125396
9.01119e-05
5.84377e-05
3.37686e-05
1.71254e-05
6.68297e-06
7.38861e-07
2.0686e-06
1.83085e-05
4.06148e-05
6.45208e-05
8.72323e-05
0.000107324
0.000124347
0.000138536
0.000150404
0.000160492
0.000169317
0.000177227
0.000184499
0.000191346
0.000197925
0.000204355
0.000210727
0.00021711
0.000223555
0.000230102
0.000236777
0.0002436
0.000250584
0.000257735
0.000265064
0.000272559
0.000280195
0.000287954
0.000295812
0.000303739
0.000311695
0.000319636
0.000327516
0.00033529
0.000342905
0.000350304
0.000357428
0.000364215
0.000370607
0.000376549
0.000381978
0.000386838
0.000391074
0.000394633
0.00039746
0.000399507
0.00040072
0.000401056
0.000400627
0.000399326
0.000396987
0.000393664
0.000389329
0.000383953
0.000377506
0.000369958
0.000361275
0.000351414
0.000340322
0.000327925
0.000314115
0.000298735
0.00028156
0.000262278
0.000240497
0.000215782
0.000187789
0.000156534
0.000122835
8.87754e-05
5.77025e-05
3.31426e-05
1.65609e-05
6.37418e-06
7.03922e-07
2.08934e-06
1.84469e-05
4.07491e-05
6.44137e-05
8.67304e-05
0.000106391
0.000123155
0.000137335
0.000149405
0.000159812
0.000168945
0.000177132
0.000184633
0.000191626
0.000198251
0.000204626
0.000210848
0.000216999
0.000223146
0.000229329
0.00023558
0.000241928
0.000248394
0.00025499
0.000261716
0.000268568
0.000275537
0.000282611
0.000289771
0.000296991
0.000304234
0.000311462
0.000318641
0.000325719
0.000332646
0.000339367
0.000345826
0.000351965
0.000357726
0.000363054
0.000367892
0.000372186
0.000375881
0.000378927
0.000381273
0.000382864
0.000383647
0.000383618
0.000382912
0.000381276
0.000378693
0.000375186
0.00037073
0.000365302
0.000358881
0.000351443
0.000342965
0.000333415
0.000322751
0.000310911
0.000297805
0.000283295
0.000267182
0.000249181
0.000228923
0.000205978
0.00017997
0.000150808
0.000119101
8.66405e-05
5.65353e-05
3.23403e-05
1.59272e-05
6.03511e-06
6.65574e-07
2.10053e-06
1.84876e-05
4.06436e-05
6.38984e-05
8.56164e-05
0.000104763
0.000121241
0.000135362
0.000147534
0.000158138
0.000167469
0.00017579
0.00018332
0.000190241
0.000196699
0.000202819
0.000208702
0.000214433
0.000220079
0.000225699
0.000231335
0.000237026
0.000242799
0.000248673
0.000254655
0.000260746
0.000266951
0.000273252
0.000279632
0.000286067
0.000292526
0.000298975
0.000305378
0.00031169
0.000317863
0.000323847
0.00032959
0.000335034
0.000340127
0.000344816
0.000349045
0.000352764
0.000355922
0.000358471
0.000360361
0.000361535
0.000361933
0.000361657
0.00036069
0.00035882
0.000356105
0.00035253
0.00034808
0.000342737
0.000336487
0.000329313
0.000321199
0.000312121
0.000302047
0.000290928
0.000278687
0.000265208
0.000250312
0.000233747
0.000215169
0.000194166
0.00017034
0.000143518
0.000114114
8.36243e-05
5.4868e-05
3.13309e-05
1.52217e-05
5.66777e-06
6.24027e-07
2.09896e-06
1.84045e-05
4.02223e-05
6.28087e-05
8.37765e-05
0.000102318
0.000118426
0.000132377
0.00014449
0.000155058
0.000164332
0.000172535
0.000179853
0.000186463
0.000192519
0.000198153
0.000203478
0.000208589
0.000213563
0.000218469
0.000223367
0.000228293
0.000233278
0.000238345
0.000243504
0.000248763
0.000254123
0.000259574
0.000265103
0.000270687
0.000276301
0.000281912
0.000287486
0.000292983
0.00029836
0.00030357
0.000308563
0.000313289
0.000317696
0.000321735
0.000325356
0.000328509
0.00033115
0.000333232
0.000334707
0.000335515
0.000335608
0.000335161
0.000333995
0.000332018
0.00032928
0.000325763
0.000321452
0.000316337
0.000310408
0.000303653
0.000296062
0.000287618
0.000278296
0.000268056
0.000256837
0.000244539
0.000231008
0.00021602
0.000199266
0.000180356
0.000158891
0.000134628
0.000107815
7.96533e-05
5.26325e-05
3.00768e-05
1.4438e-05
5.27436e-06
5.79509e-07
2.07973e-06
1.81443e-05
3.93525e-05
6.10307e-05
8.10662e-05
9.88634e-05
0.000114451
0.00012803
0.00013983
0.000150073
0.000158975
0.000166738
0.000173551
0.000179591
0.000185018
0.000189974
0.000194579
0.000198934
0.000203125
0.000207224
0.000211292
0.000215373
0.0002195
0.000223697
0.000227981
0.000232358
0.000236831
0.000241395
0.000246037
0.000250739
0.000255477
0.000260224
0.000264947
0.000269611
0.000274176
0.000278599
0.000282837
0.000286842
0.000290568
0.000293969
0.000296999
0.000299614
0.000301773
0.000303434
0.00030455
0.000305049
0.000304954
0.000304379
0.000303109
0.000301144
0.0002985
0.000295165
0.000291128
0.00028638
0.000280915
0.000274727
0.000267807
0.000260146
0.000251723
0.000242508
0.000232449
0.000221464
0.000209423
0.000196133
0.00018132
0.000164628
0.000145667
0.000124149
0.000100175
7.46707e-05
4.97644e-05
2.8535e-05
1.35666e-05
4.85764e-06
5.32249e-07
2.03498e-06
1.76393e-05
3.79343e-05
5.84128e-05
7.72919e-05
9.41397e-05
0.000108954
0.000121852
0.000132992
0.000142558
0.000150749
0.000157767
0.000163807
0.000169051
0.000173663
0.00017779
0.000181554
0.000185062
0.000188399
0.000191639
0.000194841
0.000198052
0.000201305
0.000204626
0.00020803
0.000211526
0.000215117
0.0002188
0.000222563
0.000226391
0.000230264
0.000234156
0.00023804
0.000241884
0.000245652
0.000249307
0.000252809
0.000256116
0.000259189
0.000261984
0.000264461
0.000266582
0.000268309
0.000269606
0.000270428
0.000270692
0.000270501
0.000269861
0.000268595
0.000266745
0.000264306
0.000261269
0.000257624
0.000253367
0.000248493
0.000242998
0.000236877
0.000230123
0.00022272
0.000214646
0.000205858
0.000196289
0.000185832
0.000174325
0.000161532
0.000147139
0.00013078
0.000112142
9.12072e-05
6.86443e-05
4.62084e-05
2.66593e-05
1.2593e-05
4.41932e-06
4.82346e-07
1.95687e-06
1.68287e-05
3.58338e-05
5.47741e-05
7.22155e-05
8.78015e-05
0.000101472
0.000113281
0.000123353
0.000131866
0.000139021
0.000145027
0.000150083
0.000154371
0.000158056
0.00016128
0.000164162
0.000166805
0.000169292
0.000171693
0.000174062
0.000176443
0.000178868
0.000181362
0.000183939
0.000186607
0.000189369
0.000192222
0.000195158
0.000198163
0.000201219
0.000204305
0.000207397
0.000210467
0.000213484
0.000216415
0.000219228
0.000221885
0.000224352
0.000226592
0.00022857
0.000230253
0.000231608
0.000232604
0.000233202
0.000233312
0.00023309
0.000232458
0.000231295
0.000229647
0.000227504
0.000224859
0.000221703
0.000218033
0.000213846
0.000209139
0.000203909
0.000198151
0.000191852
0.000184995
0.000177548
0.000169456
0.000160635
0.000150952
0.000140212
0.000128147
0.000114428
9.87405e-05
8.09772e-05
6.15778e-05
4.19269e-05
2.44041e-05
1.14992e-05
3.95729e-06
4.29658e-07
1.83523e-06
1.56292e-05
3.29022e-05
4.99179e-05
6.55475e-05
7.94386e-05
9.14967e-05
0.000101761
0.000110365
0.000117499
0.000123374
0.000128197
0.000132161
0.000135441
0.000138187
0.00014053
0.000142581
0.000144428
0.000146148
0.000147801
0.000149435
0.000151089
0.00015279
0.00015456
0.000156411
0.00015835
0.000160379
0.000162497
0.000164695
0.000166963
0.000169286
0.000171646
0.000174022
0.000176391
0.000178728
0.000181005
0.000183195
0.000185268
0.000187193
0.000188941
0.000190483
0.00019179
0.000192836
0.000193594
0.000194034
0.000194062
0.000193856
0.000193298
0.00019231
0.000190929
0.000189147
0.000186956
0.000184351
0.000181328
0.000177884
0.000174018
0.000169727
0.000165007
0.000159849
0.00015424
0.000148156
0.000141554
0.00013437
0.000126499
0.000117788
0.000108017
9.69066e-05
8.41621e-05
6.96192e-05
5.3525e-05
3.69097e-05
2.17313e-05
1.02622e-05
3.4707e-06
3.74057e-07
1.65804e-06
1.39539e-05
2.90029e-05
4.3653e-05
5.69867e-05
6.86716e-05
7.86383e-05
8.69638e-05
9.38116e-05
9.93807e-05
0.000103875
0.000107485
0.000110383
0.000112719
0.000114624
0.000116205
0.000117555
0.000118749
0.000119849
0.000120902
0.000121951
0.000123023
0.000124144
0.000125329
0.000126589
0.00012793
0.000129352
0.000130854
0.00013243
0.000134072
0.000135766
0.0001375
0.000139256
0.000141016
0.000142759
0.000144466
0.000146112
0.000147674
0.00014913
0.000150454
0.000151623
0.000152615
0.000153408
0.000153982
0.000154314
0.000154321
0.000154156
0.000153717
0.000152943
0.000151863
0.000150471
0.00014876
0.000146727
0.000144366
0.000141676
0.000138657
0.000135304
0.000131616
0.000127586
0.000123205
0.000118453
0.000113302
0.000107703
0.000101579
9.48142e-05
8.72392e-05
7.86295e-05
6.87305e-05
5.73567e-05
4.46071e-05
3.11888e-05
1.86195e-05
8.85458e-06
2.95695e-06
3.15365e-07
1.41381e-06
1.1733e-05
2.40497e-05
3.58433e-05
4.63652e-05
5.53922e-05
6.29383e-05
6.91303e-05
7.41417e-05
7.81543e-05
8.134e-05
8.38536e-05
8.58307e-05
8.73878e-05
8.8624e-05
8.96226e-05
9.04529e-05
9.1172e-05
9.1826e-05
9.24525e-05
9.30809e-05
9.37345e-05
9.44304e-05
9.51811e-05
9.59943e-05
9.68745e-05
9.78226e-05
9.8837e-05
9.99132e-05
0.000101045
0.000102223
0.000103437
0.000104674
0.000105921
0.000107163
0.000108384
0.000109567
0.000110694
0.000111748
0.000112711
0.000113565
0.000114293
0.000114878
0.000115307
0.000115561
0.000115575
0.000115466
0.000115161
0.000114606
0.000113827
0.000112818
0.000111574
0.000110092
0.000108366
0.000106397
0.000104183
0.000101722
9.90118e-05
9.60482e-05
9.28242e-05
8.93275e-05
8.55378e-05
8.14214e-05
7.69252e-05
7.19672e-05
6.6426e-05
6.01349e-05
5.2893e-05
4.45262e-05
3.50375e-05
2.48611e-05
1.5081e-05
7.25364e-06
2.41034e-06
2.53501e-07
1.09897e-06
8.96628e-06
1.80882e-05
2.65843e-05
3.39567e-05
4.0151e-05
4.52538e-05
4.93977e-05
5.27241e-05
5.53668e-05
5.74468e-05
5.90709e-05
6.03313e-05
6.13073e-05
6.20662e-05
6.26648e-05
6.31502e-05
6.35617e-05
6.39309e-05
6.42835e-05
6.464e-05
6.50163e-05
6.54244e-05
6.58728e-05
6.63672e-05
6.69106e-05
6.75038e-05
6.81458e-05
6.88336e-05
6.95629e-05
7.03278e-05
7.1121e-05
7.19343e-05
7.27583e-05
7.35828e-05
7.43969e-05
7.51892e-05
7.59476e-05
7.66601e-05
7.73143e-05
7.78982e-05
7.83997e-05
7.88076e-05
7.91111e-05
7.92991e-05
7.93267e-05
7.92671e-05
7.9085e-05
7.87283e-05
7.82199e-05
7.75555e-05
7.67316e-05
7.57455e-05
7.4593e-05
7.32739e-05
7.1787e-05
7.01311e-05
6.83046e-05
6.63049e-05
6.41275e-05
6.17647e-05
5.92037e-05
5.64233e-05
5.33897e-05
5.00501e-05
4.63254e-05
4.21039e-05
3.72448e-05
3.16109e-05
2.51608e-05
1.81238e-05
1.11882e-05
5.46246e-06
1.82048e-06
1.89212e-07
7.29363e-07
5.79843e-06
1.14598e-05
1.65479e-05
2.08719e-05
2.44716e-05
2.74302e-05
2.98341e-05
3.17659e-05
3.33016e-05
3.45095e-05
3.54503e-05
3.6177e-05
3.67353e-05
3.71645e-05
3.7498e-05
3.77637e-05
3.79848e-05
3.81804e-05
3.83659e-05
3.85535e-05
3.8753e-05
3.89716e-05
3.92147e-05
3.94856e-05
3.97865e-05
4.01179e-05
4.04793e-05
4.08692e-05
4.1285e-05
4.17234e-05
4.21802e-05
4.26506e-05
4.31291e-05
4.36098e-05
4.40862e-05
4.45517e-05
4.49991e-05
4.54212e-05
4.58108e-05
4.61606e-05
4.64634e-05
4.67126e-05
4.69015e-05
4.70237e-05
4.70533e-05
4.70275e-05
4.69363e-05
4.67399e-05
4.6454e-05
4.6076e-05
4.5604e-05
4.50358e-05
4.4369e-05
4.36033e-05
4.27381e-05
4.17725e-05
4.07056e-05
3.95361e-05
3.82613e-05
3.68772e-05
3.53767e-05
3.37482e-05
3.19729e-05
3.00216e-05
2.78497e-05
2.53934e-05
2.25693e-05
1.92902e-05
1.55119e-05
1.13333e-05
7.12132e-06
3.53603e-06
1.18381e-06
1.26623e-07
3.66828e-07
2.63223e-06
5.09493e-06
7.2648e-06
9.10725e-06
1.06481e-05
1.19228e-05
1.29649e-05
1.38064e-05
1.44779e-05
1.50076e-05
1.54208e-05
1.574e-05
1.59849e-05
1.61726e-05
1.63175e-05
1.6432e-05
1.65262e-05
1.66085e-05
1.66858e-05
1.67635e-05
1.6846e-05
1.69366e-05
1.70377e-05
1.71508e-05
1.7277e-05
1.74165e-05
1.75693e-05
1.77346e-05
1.79115e-05
1.80986e-05
1.8294e-05
1.84958e-05
1.87015e-05
1.89088e-05
1.91147e-05
1.93163e-05
1.95107e-05
1.96947e-05
1.98651e-05
2.00188e-05
2.01526e-05
2.02637e-05
2.0349e-05
2.04059e-05
2.04233e-05
2.04154e-05
2.03808e-05
2.03015e-05
2.01822e-05
2.00229e-05
1.98228e-05
1.9581e-05
1.92963e-05
1.89687e-05
1.85977e-05
1.81832e-05
1.77246e-05
1.72215e-05
1.66727e-05
1.60766e-05
1.54303e-05
1.47291e-05
1.39652e-05
1.31266e-05
1.21947e-05
1.11429e-05
9.93553e-06
8.53369e-06
6.91336e-06
5.10582e-06
3.2537e-06
1.63746e-06
5.46788e-07
6.34487e-08
5.2992e-08
2.96853e-07
5.67571e-07
8.06211e-07
1.00971e-06
1.18061e-06
1.32254e-06
1.43892e-06
1.53311e-06
1.60839e-06
1.66785e-06
1.71427e-06
1.75015e-06
1.77768e-06
1.79877e-06
1.81503e-06
1.82784e-06
1.83833e-06
1.84747e-06
1.85601e-06
1.86457e-06
1.87364e-06
1.88359e-06
1.89469e-06
1.90713e-06
1.92102e-06
1.93639e-06
1.95324e-06
1.97149e-06
1.99105e-06
2.01174e-06
2.03338e-06
2.05573e-06
2.07856e-06
2.10156e-06
2.12443e-06
2.14685e-06
2.16848e-06
2.18898e-06
2.20799e-06
2.22515e-06
2.24013e-06
2.25259e-06
2.26222e-06
2.26869e-06
2.27082e-06
2.27005e-06
2.26641e-06
2.25782e-06
2.24475e-06
2.22734e-06
2.20541e-06
2.17885e-06
2.14753e-06
2.11144e-06
2.07054e-06
2.02479e-06
1.97415e-06
1.91855e-06
1.8579e-06
1.79199e-06
1.72053e-06
1.64299e-06
1.55854e-06
1.46587e-06
1.36298e-06
1.24694e-06
1.11385e-06
9.59386e-07
7.80709e-07
5.80822e-07
3.74735e-07
1.92742e-07
6.72722e-08
9.75888e-09
)
;

boundaryField
{
    movingWall
    {
        type            kqRWallFunction;
        value           nonuniform List<scalar> 
75
(
5.2992e-08
2.96853e-07
5.67571e-07
8.06211e-07
1.00971e-06
1.18061e-06
1.32254e-06
1.43892e-06
1.53311e-06
1.60839e-06
1.66785e-06
1.71427e-06
1.75015e-06
1.77768e-06
1.79877e-06
1.81503e-06
1.82784e-06
1.83833e-06
1.84747e-06
1.85601e-06
1.86457e-06
1.87364e-06
1.88359e-06
1.89469e-06
1.90713e-06
1.92102e-06
1.93639e-06
1.95324e-06
1.97149e-06
1.99105e-06
2.01174e-06
2.03338e-06
2.05573e-06
2.07856e-06
2.10156e-06
2.12443e-06
2.14685e-06
2.16848e-06
2.18898e-06
2.20799e-06
2.22515e-06
2.24013e-06
2.25259e-06
2.26222e-06
2.26869e-06
2.27082e-06
2.27005e-06
2.26641e-06
2.25782e-06
2.24475e-06
2.22734e-06
2.20541e-06
2.17885e-06
2.14753e-06
2.11144e-06
2.07054e-06
2.02479e-06
1.97415e-06
1.91855e-06
1.8579e-06
1.79199e-06
1.72053e-06
1.64299e-06
1.55854e-06
1.46587e-06
1.36298e-06
1.24694e-06
1.11385e-06
9.59386e-07
7.80709e-07
5.80822e-07
3.74735e-07
1.92742e-07
6.72722e-08
9.75888e-09
)
;
    }
    fixedWalls
    {
        type            kqRWallFunction;
        value           nonuniform List<scalar> 
225
(
1.37389e-09
1.03777e-08
2.20025e-08
3.59108e-08
5.16484e-08
6.88924e-08
8.74286e-08
1.07112e-07
1.27842e-07
1.49542e-07
1.72156e-07
1.95639e-07
2.19957e-07
2.45082e-07
2.70993e-07
2.9767e-07
3.25099e-07
3.53266e-07
3.82161e-07
4.11773e-07
4.42091e-07
4.73109e-07
5.04815e-07
5.37201e-07
5.70259e-07
6.03978e-07
6.38348e-07
6.7336e-07
7.09003e-07
7.45265e-07
7.82135e-07
8.19601e-07
8.57651e-07
8.9627e-07
9.35447e-07
9.75166e-07
1.01541e-06
1.05618e-06
1.09744e-06
1.13918e-06
1.18138e-06
1.22404e-06
1.26711e-06
1.31059e-06
1.35445e-06
1.39866e-06
1.44318e-06
1.48798e-06
1.53301e-06
1.57822e-06
1.62352e-06
1.66884e-06
1.71406e-06
1.75903e-06
1.80358e-06
1.84744e-06
1.89031e-06
1.93175e-06
1.9712e-06
2.0079e-06
2.04083e-06
2.0686e-06
2.08934e-06
2.10053e-06
2.09896e-06
2.07973e-06
2.03498e-06
1.95687e-06
1.83523e-06
1.65804e-06
1.41381e-06
1.09897e-06
7.29363e-07
3.66828e-07
5.2992e-08
1.4155e-09
1.06894e-08
2.26317e-08
3.68263e-08
5.27201e-08
6.98926e-08
8.80379e-08
1.06918e-07
1.26346e-07
1.46173e-07
1.66278e-07
1.86562e-07
2.06946e-07
2.27367e-07
2.47781e-07
2.68156e-07
2.88474e-07
3.08729e-07
3.28925e-07
3.49077e-07
3.69203e-07
3.89328e-07
4.09481e-07
4.29687e-07
4.49972e-07
4.70359e-07
4.90863e-07
5.11493e-07
5.32252e-07
5.53129e-07
5.74108e-07
5.95161e-07
6.16247e-07
6.37318e-07
6.58312e-07
6.79158e-07
6.99773e-07
7.20063e-07
7.39923e-07
7.59236e-07
7.77874e-07
7.95699e-07
8.12559e-07
8.28292e-07
8.42727e-07
8.55678e-07
8.66954e-07
8.76353e-07
8.83661e-07
8.88608e-07
8.90837e-07
8.90586e-07
8.87442e-07
8.81181e-07
8.7162e-07
8.58618e-07
8.42055e-07
8.21833e-07
7.97892e-07
7.70221e-07
7.38861e-07
7.03922e-07
6.65574e-07
6.24027e-07
5.79509e-07
5.32249e-07
4.82346e-07
4.29658e-07
3.74057e-07
3.15365e-07
2.53501e-07
1.89212e-07
1.26623e-07
6.34487e-08
9.75888e-09
1.37389e-09
9.27105e-09
2.0416e-08
3.32492e-08
4.68638e-08
6.05658e-08
7.37805e-08
8.60314e-08
9.69394e-08
1.06228e-07
1.13726e-07
1.19369e-07
1.23195e-07
1.25329e-07
1.25995e-07
1.2546e-07
1.24024e-07
1.22004e-07
1.19721e-07
1.17473e-07
1.15528e-07
1.14109e-07
1.13401e-07
1.135e-07
1.14494e-07
1.16417e-07
1.19267e-07
1.23013e-07
1.27602e-07
1.32969e-07
1.3904e-07
1.45742e-07
1.53007e-07
1.60769e-07
1.68975e-07
1.77578e-07
1.86537e-07
1.95818e-07
2.05388e-07
2.15216e-07
2.25265e-07
2.35493e-07
2.45847e-07
2.56262e-07
2.66655e-07
2.76921e-07
2.86936e-07
2.96547e-07
3.05574e-07
3.13807e-07
3.21005e-07
3.26898e-07
3.31179e-07
3.3338e-07
3.33657e-07
3.31515e-07
3.26627e-07
3.18808e-07
3.07965e-07
2.94111e-07
2.7738e-07
2.58038e-07
2.36483e-07
2.13228e-07
1.8887e-07
1.64053e-07
1.39416e-07
1.1555e-07
9.29515e-08
7.20081e-08
5.29929e-08
3.60981e-08
2.15113e-08
9.59072e-09
1.4155e-09
)
;
    }
    frontAndBack
    {
        type            empty;
    }
}


// ************************************************************************* //
