/*--------------------------------*- C++ -*----------------------------------*\
  =========                 |
  \\      /  F ield         | OpenFOAM: The Open Source CFD Toolbox
   \\    /   O peration     | Website:  https://openfoam.org
    \\  /    A nd           | Version:  12
     \\/     M anipulation  |
\*---------------------------------------------------------------------------*/
FoamFile
{
    format      ascii;
    class       volScalarField;
    location    "6.5";
    object      p;
}
// * * * * * * * * * * * * * * * * * * * * * * * * * * * * * * * * * * * * * //

dimensions      [0 2 -2 0 0 0 0];

internalField   nonuniform List<scalar> 
5625
(
2.277e-09
-8.76126e-06
-8.74104e-05
-0.00023737
-0.000440179
-0.000679744
-0.000942915
-0.00122009
-0.00150484
-0.00179344
-0.0020842
-0.00237695
-0.00267256
-0.00297249
-0.00327854
-0.00359255
-0.00391625
-0.00425115
-0.00459841
-0.00495883
-0.00533274
-0.00572004
-0.00612011
-0.00653178
-0.00695324
-0.00738202
-0.00781481
-0.00824745
-0.00867468
-0.00909009
-0.00948586
-0.00985265
-0.0101793
-0.0104529
-0.010658
-0.0107774
-0.0107908
-0.010676
-0.0104077
-0.00995848
-0.0092984
-0.00839573
-0.00721729
-0.00572935
-0.00389856
-0.00169331
0.000914694
0.00394859
0.00742419
0.0113479
0.0157149
0.0204989
0.0256639
0.0311671
0.0369224
0.042837
0.0488003
0.0546861
0.0603578
0.0656752
0.0705022
0.074716
0.0782156
0.0809313
0.0828306
0.0839231
0.0842615
0.0839389
0.0830833
0.0818508
0.0804172
0.0789715
0.0777123
0.0768535
0.0765124
-1.20087e-05
-2.09983e-05
-9.5132e-05
-0.000235356
-0.000425226
-0.00065081
-0.000900354
-0.001165
-0.00143865
-0.00171757
-0.00199994
-0.00228532
-0.00257429
-0.00286799
-0.00316791
-0.00347561
-0.0037926
-0.00412013
-0.00445921
-0.00481044
-0.00517406
-0.00554984
-0.00593706
-0.00633446
-0.00674018
-0.00715169
-0.00756568
-0.00797795
-0.0083833
-0.00877535
-0.00914642
-0.00948729
-0.00978709
-0.010033
-0.0102103
-0.0103019
-0.0102884
-0.0101479
-0.00985621
-0.00938663
-0.00871033
-0.00779668
-0.00661372
-0.00512898
-0.00331045
-0.00112781
0.00144601
0.00443302
0.00784816
0.0116972
0.0159754
0.0206547
0.0257041
0.0310823
0.0366992
0.0424705
0.0482887
0.0540318
0.0595686
0.0647645
0.0694889
0.0736244
0.077075
0.0797743
0.0816923
0.0828388
0.0832649
0.0830601
0.0823469
0.0812737
0.0800066
0.0787219
0.0776015
0.0768394
0.076539
-1.33914e-05
-2.29206e-05
-9.31649e-05
-0.000224328
-0.000401499
-0.000612924
-0.000848253
-0.00109952
-0.00136101
-0.00162912
-0.0019019
-0.00217872
-0.00245984
-0.0027461
-0.00303869
-0.00333887
-0.00364788
-0.00396675
-0.00429626
-0.00463687
-0.00498866
-0.00535126
-0.00572386
-0.00610513
-0.00649315
-0.00688533
-0.00727837
-0.00766809
-0.00804934
-0.00841585
-0.00876009
-0.00907306
-0.00934418
-0.00956104
-0.00970928
-0.00977243
-0.00973177
-0.00956623
-0.00925245
-0.00876476
-0.00807546
-0.0071551
-0.005973
-0.004498
-0.00269936
-0.000548002
0.00198202
0.00491181
0.00825565
0.012019
0.016197
0.0207611
0.0256888
0.0309313
0.0364037
0.0420275
0.0476983
0.0532985
0.0587019
0.0637791
0.0684049
0.0724666
0.0758724
0.078559
0.0804981
0.0817
0.0822141
0.0821265
0.0815542
0.0806381
0.079534
0.0784053
0.077415
0.0767353
0.0764517
4.03948e-06
-7.47761e-06
-7.599e-05
-0.000201266
-0.000369256
-0.000569785
-0.000793556
-0.00103347
-0.00128426
-0.0015425
-0.00180627
-0.00207479
-0.00234814
-0.00262695
-0.00291215
-0.00320477
-0.00350582
-0.00381614
-0.00413633
-0.00446669
-0.00480718
-0.00515732
-0.00551623
-0.00588251
-0.0062542
-0.00662872
-0.00700277
-0.00737225
-0.0077321
-0.00807619
-0.00839719
-0.00868637
-0.00893346
-0.00912649
-0.00925158
-0.00929284
-0.00923221
-0.00904941
-0.0087219
-0.00822494
-0.00753181
-0.00661407
-0.00544207
-0.00398563
-0.00221494
-0.000101709
0.0023794
0.00524911
0.00852159
0.0122025
0.0162869
0.0207504
0.0255722
0.0306969
0.0360523
0.0415591
0.0471158
0.0526087
0.057915
0.0629087
0.0674677
0.0714821
0.0748622
0.0775465
0.0795072
0.0807545
0.0813365
0.081337
0.080869
0.0800678
0.0790812
0.0780614
0.0771567
0.0765189
0.0762186
4.0679e-05
2.45817e-05
-4.48265e-05
-0.000167042
-0.000328848
-0.000521082
-0.000735561
-0.000965842
-0.00120716
-0.00145634
-0.00171156
-0.00197201
-0.00223766
-0.00250897
-0.0027867
-0.0030717
-0.00336477
-0.0036666
-0.00397763
-0.00429803
-0.00462764
-0.00496592
-0.00531189
-0.00566413
-0.00602068
-0.00637897
-0.00673577
-0.00708705
-0.00742791
-0.00775241
-0.00805346
-0.00832265
-0.00855009
-0.00872425
-0.0088318
-0.00885743
-0.00878378
-0.00859132
-0.00825831
-0.00776086
-0.00707311
-0.00616747
-0.00501508
-0.00358649
-0.00185244
0.000214943
0.00264085
0.00544612
0.00864536
0.0122449
0.016241
0.0206131
0.0253378
0.0303633
0.0356229
0.0410372
0.0465078
0.0519235
0.0571637
0.0621044
0.0666249
0.0706163
0.0739894
0.0766828
0.0786686
0.0799561
0.0805923
0.0806592
0.0802672
0.0795472
0.078641
0.0776918
0.0768358
0.0762059
0.0758613
9.55499e-05
7.18405e-05
-1.19144e-06
-0.000122764
-0.000280706
-0.000466745
-0.00067362
-0.000895569
-0.00112833
-0.00136905
-0.00161605
-0.00186856
-0.00212651
-0.00239026
-0.00266041
-0.00293767
-0.0032227
-0.00351602
-0.00381795
-0.00412855
-0.00444755
-0.00477434
-0.00510793
-0.00544685
-0.00578916
-0.00613236
-0.0064733
-0.00680809
-0.007132
-0.00743935
-0.00772332
-0.00797589
-0.00818759
-0.00834741
-0.00844256
-0.00845842
-0.00837831
-0.00818345
-0.00785288
-0.00736352
-0.00669026
-0.00580621
-0.00468315
-0.00329207
-0.001604
0.000408883
0.00277201
0.00550678
0.00862868
0.0121453
0.0160542
0.0203386
0.0249737
0.0299123
0.0350907
0.0404306
0.0458362
0.0511981
0.056397
0.0613096
0.0658156
0.0698056
0.0731896
0.075905
0.0779226
0.0792505
0.0799343
0.0800545
0.0797195
0.0790571
0.0782043
0.0772971
0.076462
0.0758133
0.0754037
0.000167535
0.000133196
5.38753e-05
-6.92869e-05
-0.000225436
-0.000407109
-0.000607877
-0.00082266
-0.00104772
-0.00128055
-0.00151967
-0.00176442
-0.00201472
-0.00227088
-0.0025334
-0.00280288
-0.00307984
-0.00336469
-0.00365764
-0.00395863
-0.00426733
-0.00458308
-0.00490486
-0.00523122
-0.00556026
-0.00588956
-0.00621609
-0.00653615
-0.00684524
-0.00713795
-0.00740786
-0.00764732
-0.00784737
-0.00799756
-0.00808573
-0.00809792
-0.0080182
-0.00782853
-0.00750872
-0.00703641
-0.00638717
-0.00553469
-0.00445116
-0.00310781
-0.00147568
0.000473363
0.00276534
0.00542259
0.00846191
0.0118925
0.015714
0.0199124
0.0244638
0.0293244
0.0344333
0.0397141
0.0450727
0.0504011
0.0555807
0.0604881
0.0650021
0.0690117
0.072425
0.075177
0.0772363
0.0786087
0.0793384
0.0795041
0.0792127
0.07859
0.0777691
0.0768806
0.0760433
0.0753548
0.0748647
0.000255287
0.000207509
0.0001194
-7.44235e-06
-0.000163706
-0.000342685
-0.000538737
-0.000747458
-0.000965641
-0.00119116
-0.0014228
-0.00166002
-0.0019028
-0.00215143
-0.00240636
-0.0026681
-0.00293706
-0.00321356
-0.00349771
-0.00378938
-0.00408819
-0.00439344
-0.00470409
-0.00501876
-0.0053356
-0.00565232
-0.00596607
-0.00627335
-0.00656994
-0.0068508
-0.00710988
-0.00734005
-0.00753288
-0.00767852
-0.0077655
-0.00778058
-0.00770856
-0.00753217
-0.00723194
-0.00678619
-0.00617105
-0.00536065
-0.00432742
-0.00304258
-0.00147689
0.000398379
0.0026102
0.00518222
0.00813292
0.0114735
0.0152058
0.0193191
0.0237909
0.0285804
0.0336298
0.0388645
0.0441921
0.0495054
0.054686
0.0596097
0.0641535
0.068204
0.071666
0.0744712
0.0765846
0.0780093
0.078787
0.0789947
0.0787381
0.0781412
0.0773349
0.0764458
0.0755871
0.0748419
0.0742598
0.000357247
0.000293484
0.000194303
6.18611e-05
-9.62564e-05
-0.00027406
-0.000466676
-0.000670367
-0.000882473
-0.00110128
-0.00132585
-0.00155583
-0.00179128
-0.00203252
-0.00227998
-0.00253408
-0.0027952
-0.00306356
-0.00333918
-0.0036219
-0.00391129
-0.00420665
-0.00450697
-0.00481091
-0.00511675
-0.00542236
-0.00572507
-0.00602169
-0.00630831
-0.00658029
-0.00683206
-0.00705701
-0.00724734
-0.00739386
-0.00748583
-0.00751074
-0.00745416
-0.00729958
-0.00702821
-0.00661898
-0.00604849
-0.00529115
-0.00431943
-0.00310433
-0.00161606
0.000175004
0.00229711
0.00477555
0.00763081
0.0108765
0.0145169
0.0185445
0.0229389
0.0276627
0.0326606
0.0378601
0.0431704
0.0484849
0.0536851
0.0586454
0.0632403
0.0673529
0.070884
0.0737605
0.0759432
0.077431
0.0782626
0.078513
0.0782863
0.0777056
0.0769005
0.075995
0.0750992
0.0742844
0.0736023
0.000471711
0.000389737
0.000277418
0.000137636
-2.39009e-05
-0.000201901
-0.000392244
-0.000591864
-0.000798652
-0.00101133
-0.00122927
-0.00145234
-0.00168072
-0.00191478
-0.00215494
-0.00240161
-0.00265511
-0.00291559
-0.00318304
-0.00345725
-0.00373778
-0.00402395
-0.00431479
-0.00460907
-0.00490522
-0.00520128
-0.00549486
-0.00578307
-0.00606242
-0.00632869
-0.00657687
-0.00680094
-0.00699378
-0.0071469
-0.00725033
-0.00729236
-0.00725933
-0.00713544
-0.00690258
-0.0065402
-0.00602526
-0.00533229
-0.00443363
-0.00329984
-0.00190031
-0.000204252
0.00181814
0.00419411
0.00694644
0.0100913
0.0136361
0.0175761
0.0218941
0.0265554
0.0315079
0.036681
0.0419856
0.0473158
0.0525524
0.0575681
0.0622346
0.0664306
0.0700518
0.0730195
0.0752888
0.0768536
0.0777485
0.0780457
0.077848
0.0772776
0.0764639
0.0755299
0.0745844
0.0736903
0.0729028
0.000596953
0.00049479
0.000367505
0.000218824
5.24647e-05
-0.000126962
-0.000316089
-0.00051252
-0.000714715
-0.000921843
-0.00113362
-0.00135015
-0.00157176
-0.0017989
-0.00203202
-0.00227153
-0.00251769
-0.00277064
-0.00303034
-0.00329656
-0.00356886
-0.00384661
-0.00412892
-0.0044147
-0.00470254
-0.00499074
-0.00527721
-0.00555942
-0.00583433
-0.00609826
-0.00634677
-0.00657452
-0.0067751
-0.00694081
-0.00706247
-0.00712919
-0.00712808
-0.00704406
-0.00685963
-0.00655468
-0.00610641
-0.00548933
-0.00467548
-0.00363473
-0.00233547
-0.000745447
0.00116694
0.00343113
0.00607248
0.00911005
0.0125542
0.0164039
0.0206445
0.0252451
0.0301562
0.0353097
0.0406182
0.0459763
0.0512645
0.0563533
0.061111
0.0654116
0.0691445
0.0722245
0.0745998
0.076258
0.0772286
0.0775804
0.0774141
0.0768518
0.0760229
0.0750513
0.0740466
0.0730656
0.0721695
0.000731217
0.000607129
0.000463263
0.000304297
0.000131867
-5.00879e-05
-0.000238954
-0.000433011
-0.000631298
-0.000833451
-0.00103954
-0.00124994
-0.00146513
-0.00168568
-0.00191208
-0.00214474
-0.00238394
-0.00262978
-0.00288221
-0.00314101
-0.00340578
-0.00367595
-0.00395076
-0.00422926
-0.00451029
-0.0047924
-0.00507388
-0.00535262
-0.00562609
-0.00589119
-0.00614413
-0.0063803
-0.00659406
-0.00677855
-0.00692543
-0.00702462
-0.00706401
-0.00702923
-0.00690331
-0.0066665
-0.00629612
-0.00576653
-0.00504926
-0.00411332
-0.00292586
-0.00145299
0.000338938
0.00248178
0.00500366
0.0079267
0.0112646
0.0150197
0.019181
0.0237207
0.0285927
0.0337315
0.0390513
0.0444479
0.0498009
0.0549791
0.0598468
0.0642727
0.0681395
0.071354
0.0738564
0.0756268
0.0766884
0.0771054
0.0769763
0.0764227
0.0755752
0.0745597
0.0734885
0.0724151
0.0714085
0.000872744
0.000725205
0.000563338
0.000392858
0.000213253
2.7791e-05
-0.000161675
-0.00035411
-0.000549139
-0.000746881
-0.000947782
-0.00115247
-0.00136165
-0.00157599
-0.00179604
-0.00202225
-0.0022549
-0.0024941
-0.00273981
-0.00299183
-0.00324983
-0.00351333
-0.00378172
-0.00405424
-0.00433001
-0.0046079
-0.00488661
-0.00516453
-0.00543966
-0.00570957
-0.00597117
-0.00622065
-0.00645319
-0.00666281
-0.00684202
-0.00698158
-0.00707018
-0.00709406
-0.00703676
-0.00687879
-0.00659748
-0.00616687
-0.00555783
-0.00473835
-0.00367411
-0.00232943
-0.000668415
0.00134337
0.00373697
0.00653777
0.00976291
0.0134185
0.0174968
0.021974
0.0268074
0.0319342
0.037271
0.0427144
0.0481439
0.0534262
0.0584217
0.0629932
0.067016
0.0703881
0.0730402
0.0749437
0.076114
0.0766097
0.0765264
0.0759852
0.0751184
0.0740551
0.0729122
0.0717422
0.070624
0.00101977
0.000847438
0.000666318
0.000483245
0.000295493
0.000105656
-8.51832e-05
-0.000276686
-0.000469075
-0.000662957
-0.000859168
-0.00105863
-0.00126223
-0.00147077
-0.0016849
-0.00190511
-0.00213168
-0.00236477
-0.00260435
-0.00285028
-0.00310231
-0.00336009
-0.00362319
-0.0038911
-0.00416322
-0.00443883
-0.00471707
-0.00499686
-0.00527685
-0.00555529
-0.00582989
-0.00609765
-0.00635466
-0.00659582
-0.00681454
-0.00700244
-0.00714892
-0.00724086
-0.00726219
-0.00719362
-0.00701234
-0.00669195
-0.00620251
-0.00551082
-0.00458097
-0.00337528
-0.00185552
1.54808e-05
0.00227182
0.00494221
0.00804744
0.0115974
0.0155882
0.0199998
0.0247933
0.029909
0.0352662
0.0407629
0.0462785
0.0516779
0.0568177
0.0615545
0.0657554
0.0693086
0.0721345
0.0741937
0.0754926
0.0760831
0.0760569
0.0755343
0.0746498
0.0735371
0.0723192
0.0710495
0.0698187
0.00117054
0.000972216
0.000770743
0.000574131
0.000377379
0.000182402
-1.05031e-05
-0.000201706
-0.000392037
-0.000582603
-0.000774632
-0.000969339
-0.00116783
-0.00137105
-0.00157973
-0.00179442
-0.00201544
-0.00224298
-0.00247707
-0.00271763
-0.00296454
-0.00321759
-0.00347657
-0.00374125
-0.00401138
-0.00428667
-0.00456677
-0.0048512
-0.00513928
-0.00543004
-0.005722
-0.00601307
-0.00630025
-0.00657936
-0.00684475
-0.00708884
-0.00730177
-0.00747097
-0.00758073
-0.0076118
-0.00754117
-0.00734186
-0.00698296
-0.00642995
-0.00564522
-0.00458898
-0.00322055
-0.00149996
0.000610024
0.00314156
0.00611916
0.00955659
0.013454
0.0177954
0.022546
0.0276498
0.0330288
0.0385831
0.0441925
0.0497203
0.0550193
0.05994
0.0643407
0.0680991
0.0711234
0.0733626
0.0748122
0.075516
0.0755606
0.0750653
0.0741673
0.0730053
0.0717104
0.0703388
0.0689943
0.00132327
0.00109789
0.000875096
0.000664119
0.000457627
0.000256839
6.12492e-05
-0.000130233
-0.000319055
-0.000506833
-0.000695192
-0.00088565
-0.00107953
-0.00127792
-0.00148165
-0.00169134
-0.00190736
-0.00212995
-0.0023592
-0.00259515
-0.00283779
-0.00308712
-0.00334317
-0.00360602
-0.00387583
-0.00415278
-0.00443709
-0.00472892
-0.00502835
-0.00533519
-0.00564888
-0.00596824
-0.00629123
-0.00661464
-0.00693371
-0.00724169
-0.00752941
-0.00778479
-0.00799238
-0.00813292
-0.00818306
-0.0081151
-0.00789711
-0.00749311
-0.00686368
-0.00596688
-0.00475949
-0.0031987
-0.00124411
0.0011399
0.00398169
0.00729903
0.0110962
0.0153614
0.0200646
0.0251535
0.0305538
0.0361679
0.0418765
0.047542
0.0530136
0.0581355
0.062757
0.0667443
0.0699926
0.0724373
0.0740616
0.0748992
0.0750307
0.0745739
0.0736684
0.0724594
0.0710869
0.0696118
0.068152
0.00147619
0.0012228
0.000977811
0.000751749
0.000534873
0.000327689
0.000128866
-6.34241e-05
-0.000251256
-0.000436758
-0.000621958
-0.000808676
-0.000998453
-0.00119253
-0.00139184
-0.00159707
-0.00180866
-0.00202691
-0.002252
-0.00248409
-0.00272333
-0.00296993
-0.00322423
-0.00348666
-0.0037578
-0.00403838
-0.00432922
-0.0046312
-0.00494517
-0.00527182
-0.00561152
-0.00596406
-0.00632838
-0.00670225
-0.00708179
-0.00746107
-0.00783156
-0.00818161
-0.00849596
-0.00875522
-0.00893561
-0.00900864
-0.00894121
-0.00869584
-0.00823124
-0.00750324
-0.00646611
-0.00507417
-0.00328389
-0.00105615
0.00164132
0.00483041
0.00851949
0.0127014
0.017351
0.0224205
0.0278394
0.0335132
0.0393242
0.0451344
0.0507899
0.0561287
0.060991
0.0652307
0.0687288
0.0714056
0.07323
0.0742242
0.0744612
0.0740561
0.0731514
0.0718989
0.0704494
0.0688695
0.0672927
0.0016275
0.0013452
0.00107727
0.000835492
0.000607678
0.000393589
0.000191048
-2.53037e-06
-0.000189857
-0.000373578
-0.000556123
-0.000739614
-0.000925807
-0.00111609
-0.00131152
-0.00151283
-0.00172057
-0.00193509
-0.00215669
-0.00238566
-0.00262234
-0.00286721
-0.0031209
-0.00338426
-0.00365835
-0.00394447
-0.00424411
-0.0045589
-0.00489054
-0.00524063
-0.00561049
-0.00600092
-0.00641189
-0.00684211
-0.00728862
-0.00774622
-0.00820701
-0.00865968
-0.00908908
-0.00947564
-0.00979501
-0.0100179
-0.0101098
-0.0100319
-0.00974086
-0.00919034
-0.00833208
-0.00711761
-0.00550027
-0.00343756
-0.000893081
0.00215921
0.00573166
0.00982192
0.0144106
0.0194542
0.024887
0.0306183
0.0365326
0.0424921
0.0483405
0.0539101
0.0590315
0.0635463
0.0673199
0.0702561
0.0723076
0.073483
0.073846
0.0735083
0.0726145
0.071324
0.0697989
0.0681134
0.0664171
0.00177536
0.00146336
0.00117178
0.000913752
0.000674523
0.000453093
0.000246406
5.11049e-05
-0.000136169
-0.000318581
-0.000498963
-0.000679732
-0.000862857
-0.00104988
-0.00124195
-0.0014399
-0.00164434
-0.00185572
-0.00207447
-0.00230103
-0.00253596
-0.00278002
-0.0030342
-0.00329978
-0.00357837
-0.00387186
-0.00418247
-0.00451263
-0.00486492
-0.00524189
-0.00564588
-0.00607871
-0.00654135
-0.00703349
-0.00755302
-0.0080955
-0.00865354
-0.00921615
-0.00976819
-0.0102898
-0.0107561
-0.0111366
-0.011396
-0.0114933
-0.0113837
-0.0110186
-0.0103471
-0.00931811
-0.007882
-0.0059929
-0.0036101
-0.000703491
0.0027426
0.00673256
0.0112516
0.0162615
0.0217017
0.0274859
0.0335019
0.0396128
0.0456605
0.0514723
0.0568696
0.0616808
0.0657553
0.0689786
0.0712853
0.0726682
0.0731801
0.0729274
0.0720565
0.0707348
0.0691368
0.0673448
0.0655264
0.00191792
0.00157546
0.00125962
0.000984861
0.000733812
0.000504667
0.000293462
9.60481e-05
-9.15915e-05
-0.000273141
-0.000451831
-0.000630368
-0.000810927
-0.000995191
-0.00118442
-0.00137952
-0.00158119
-0.00179
-0.00200649
-0.00223129
-0.00246521
-0.00270932
-0.00296501
-0.00323402
-0.00351853
-0.00382111
-0.00414473
-0.00449266
-0.0048684
-0.00527551
-0.00571733
-0.00619674
-0.00671572
-0.00727491
-0.00787306
-0.00850639
-0.00916799
-0.00984712
-0.0105286
-0.0111921
-0.0118122
-0.0123575
-0.0127911
-0.0130707
-0.0131494
-0.0129765
-0.0124989
-0.0116628
-0.0104156
-0.00870807
-0.00649544
-0.0037442
-0.000435163
0.00344644
0.00788593
0.0128527
0.0182919
0.0241223
0.0302358
0.0364975
0.0427484
0.0488111
0.0544986
0.059626
0.0640259
0.0675639
0.0701548
0.0717731
0.0724584
0.0723105
0.0714767
0.0701321
0.0684646
0.0665657
0.0646222
0.00205328
0.00167965
0.00133898
0.00104708
0.000783868
0.000546693
0.00033065
0.000130777
-5.76082e-05
-0.000238712
-0.000416153
-0.000592921
-0.000771389
-0.000953373
-0.00114023
-0.00133296
-0.00153235
-0.00173907
-0.00195382
-0.00217745
-0.00241102
-0.00265594
-0.00291403
-0.00318756
-0.0034793
-0.00379253
-0.00413101
-0.00449891
-0.00490068
-0.0053409
-0.00582396
-0.00635377
-0.00693335
-0.00756425
-0.00824603
-0.00897554
-0.00974629
-0.0105477
-0.0113644
-0.0121759
-0.0129557
-0.0136716
-0.0142852
-0.0147529
-0.0150258
-0.0150513
-0.0147738
-0.014137
-0.0130853
-0.0115655
-0.00953123
-0.00694634
-0.00378171
-2.01512e-05
0.00432852
0.00924151
0.0146696
0.0205376
0.0267421
0.033151
0.0396057
0.0459254
0.0519147
0.057376
0.0621241
0.0660041
0.0689085
0.0707915
0.0716768
0.0716555
0.0708747
0.0695171
0.0677845
0.0657786
0.0637066
0.00217949
0.00177401
0.00140801
0.0010986
0.000822935
0.000577468
0.000356317
0.000153684
-3.57868e-05
-0.000216821
-0.000393421
-0.000568846
-0.000745654
-0.000925788
-0.0011107
-0.00130147
-0.00149898
-0.00170403
-0.00191749
-0.00214041
-0.00237417
-0.00262054
-0.0028818
-0.00316077
-0.00346087
-0.00378612
-0.00414112
-0.00453095
-0.00496107
-0.00543705
-0.00596439
-0.00654803
-0.00719197
-0.00789868
-0.00866847
-0.00949878
-0.0103835
-0.0113121
-0.012269
-0.0132333
-0.0141777
-0.0150689
-0.0158674
-0.0165279
-0.0169998
-0.0172284
-0.0171562
-0.0167243
-0.0158741
-0.0145496
-0.0127034
-0.0102919
-0.00727907
-0.00365006
0.000597275
0.00544503
0.0108507
0.0167456
0.023032
0.029582
0.0362382
0.0428174
0.0491171
0.0549272
0.0600448
0.064293
0.0675404
0.0697182
0.0708315
0.0709607
0.0702508
0.0688915
0.0670994
0.0649865
0.0627827
0.00229457
0.00185659
0.00146476
0.00113754
0.000849176
0.000595205
0.000368724
0.000163077
-2.77735e-05
-0.00020907
-0.000385188
-0.000559644
-0.000735167
-0.000913817
-0.00109713
-0.00128628
-0.00148223
-0.00168592
-0.0018984
-0.00212097
-0.00235531
-0.00260362
-0.00286865
-0.00315381
-0.0034632
-0.00380163
-0.00417455
-0.004588
-0.00504844
-0.00556252
-0.00613676
-0.00677717
-0.00748872
-0.00827474
-0.00913625
-0.0100712
-0.0110738
-0.0121335
-0.0132346
-0.0143555
-0.0154683
-0.0165386
-0.0175255
-0.0183823
-0.0190568
-0.0194924
-0.0196297
-0.0194074
-0.0187647
-0.0176436
-0.0159911
-0.0137587
-0.0109093
-0.0074216
-0.00328674
0.00148366
0.00685441
0.0127639
0.0191211
0.0258032
0.0326554
0.0394933
0.0461085
0.0522792
0.0577849
0.062426
0.0660454
0.0685488
0.0699198
0.0702251
0.0696057
0.0682578
0.0664125
0.0641934
0.0618542
0.00239647
0.00192535
0.00150723
0.00116192
0.000860668
0.00059803
0.000366046
0.000157183
-3.52889e-05
-0.000217124
-0.000393059
-0.000566853
-0.000741392
-0.00091884
-0.00110081
-0.00128856
-0.00148315
-0.00168566
-0.00189734
-0.00211976
-0.00235493
-0.00260548
-0.00287469
-0.00316658
-0.00348597
-0.00383847
-0.00423045
-0.0046689
-0.00516132
-0.0057154
-0.00633874
-0.00703837
-0.00782019
-0.00868836
-0.00964458
-0.0106872
-0.0118108
-0.0130046
-0.0142528
-0.0155332
-0.0168169
-0.0180687
-0.0192464
-0.0203019
-0.0211814
-0.0218267
-0.0221763
-0.0221672
-0.0217361
-0.0208222
-0.0193689
-0.0173242
-0.0146475
-0.0113108
-0.00729967
-0.00261908
0.0027034
0.00861393
0.0150287
0.0218312
0.0288707
0.035963
0.0428952
0.0494348
0.0553443
0.0604009
0.0644203
0.0672802
0.0689396
0.0694483
0.0689411
0.0676191
0.0657283
0.063404
0.060926
0.00248309
0.0019782
0.00153334
0.0011697
0.000855405
0.000583984
0.000346378
0.000134151
-6.01243e-05
-0.000242708
-0.000418686
-0.000592044
-0.000765807
-0.000942232
-0.001123
-0.00130945
-0.00150274
-0.00170411
-0.001915
-0.00213729
-0.00237334
-0.00262624
-0.00289982
-0.00319874
-0.00352859
-0.0038958
-0.00430765
-0.00477214
-0.0052978
-0.00589338
-0.00656754
-0.00732828
-0.00818244
-0.00913495
-0.0101881
-0.0113407
-0.0125873
-0.0139174
-0.0153145
-0.016756
-0.0182122
-0.0196468
-0.0210165
-0.0222718
-0.0233575
-0.0242138
-0.0247776
-0.0249839
-0.0247672
-0.0240641
-0.0228149
-0.0209646
-0.0184681
-0.0152917
-0.0114153
-0.0068369
-0.00157643
0.00432044
0.0107781
0.0176871
0.0249021
0.0322408
0.0394874
0.0464004
0.0527258
0.0582179
0.0626636
0.0659106
0.0678898
0.0686308
0.0682591
0.0669792
0.0650517
0.062624
0.060004
0.00255226
0.00201295
0.00154094
0.00115874
0.000831296
0.000551022
0.000307729
9.20523e-05
-0.000104137
-0.000287601
-0.000463759
-0.000636804
-0.000809889
-0.000985345
-0.00116492
-0.00135001
-0.0015419
-0.00174198
-0.00195193
-0.0021739
-0.00241067
-0.0026658
-0.0029437
-0.00324971
-0.00359019
-0.00397243
-0.00440465
-0.00489587
-0.00545563
-0.00609377
-0.00681995
-0.00764316
-0.0085711
-0.00960943
-0.010761
-0.0120249
-0.0133959
-0.0148632
-0.0164102
-0.0180133
-0.0196424
-0.02126
-0.0228216
-0.0242767
-0.0255686
-0.0266361
-0.0274145
-0.0278371
-0.0278365
-0.0273468
-0.0263055
-0.0246546
-0.0223446
-0.0193368
-0.0156052
-0.0111411
-0.00595643
-8.84616e-05
0.00639586
0.0133954
0.0207714
0.028345
0.0358996
0.0431861
0.0499357
0.0558798
0.0607762
0.0644398
0.0667707
0.067774
0.067563
0.066343
0.0643887
0.0618601
0.0590952
0.00260177
0.00202737
0.00152778
0.00112684
0.000786155
0.000497011
0.000248026
2.88866e-05
-0.000169246
-0.000353628
-0.000529996
-0.000702736
-0.000875106
-0.0010495
-0.00122772
-0.00141123
-0.00160143
-0.00179988
-0.0020085
-0.00222976
-0.00246686
-0.00272385
-0.00300576
-0.00331864
-0.00366963
-0.00406691
-0.00451967
-0.0050379
-0.00563223
-0.00631351
-0.00709241
-0.00797887
-0.00898139
-0.0101063
-0.011357
-0.0127327
-0.0142285
-0.0158332
-0.0175298
-0.0192942
-0.0210954
-0.0228949
-0.0246474
-0.0263009
-0.0277977
-0.0290753
-0.0300676
-0.0307061
-0.0309219
-0.0306468
-0.0298157
-0.0283677
-0.0262494
-0.0234173
-0.0198396
-0.015501
-0.0104056
-0.00458195
0.00191214
0.00898463
0.0165045
0.0242984
0.0321504
0.0398062
0.0469838
0.0533928
0.0587613
0.0628698
0.0655838
0.0668805
0.0668567
0.0657161
0.0637464
0.0611202
0.0582078
0.00262929
0.00201913
0.00149153
0.00107166
0.000717707
0.000419728
0.000165116
-5.74183e-05
-0.000257428
-0.000442655
-0.000619139
-0.000791439
-0.000962902
-0.00113597
-0.00131249
-0.001494
-0.00168202
-0.00187828
-0.00208495
-0.00230486
-0.00254164
-0.00279988
-0.00308521
-0.00340444
-0.00376551
-0.00417752
-0.0046506
-0.00519578
-0.00582469
-0.00654922
-0.00738103
-0.00833094
-0.00940824
-0.0106199
-0.0119696
-0.0134569
-0.0150768
-0.0168181
-0.0186632
-0.0205875
-0.0225589
-0.0245384
-0.0264794
-0.0283289
-0.0300282
-0.0315135
-0.0327174
-0.0335703
-0.0340013
-0.0339405
-0.0333204
-0.0320774
-0.0301545
-0.0275035
-0.0240875
-0.0198845
-0.014891
-0.00912691
-0.00264037
0.00448625
0.012131
0.0201274
0.0282626
0.0362791
0.043884
0.0507664
0.056625
0.0612044
0.0643324
0.065954
0.0661454
0.0651053
0.0631329
0.0604133
0.0573515
0.00263247
0.00198581
0.00142975
0.000990802
0.000623578
0.00031686
5.67626e-05
-0.000169003
-0.000370712
-0.000556582
-0.000732943
-0.000904506
-0.00107469
-0.00124598
-0.00142025
-0.00159912
-0.00178423
-0.00197749
-0.00218136
-0.00239902
-0.00263456
-0.00289312
-0.00318102
-0.00350578
-0.00387619
-0.00430226
-0.0047951
-0.00536675
-0.00602985
-0.00679729
-0.00768167
-0.00869467
-0.00984629
-0.011144
-0.0125921
-0.0141899
-0.0159327
-0.0178088
-0.0198003
-0.0218819
-0.0240208
-0.026177
-0.0283032
-0.0303452
-0.0322433
-0.0339327
-0.035345
-0.036409
-0.0370527
-0.0372045
-0.0367946
-0.0357571
-0.0340315
-0.0315656
-0.0283175
-0.0242588
-0.0193788
-0.0136886
-0.00722675
-6.53589e-05
0.00768362
0.0158623
0.0242628
0.0326273
0.040654
0.0480137
0.0543766
0.0594501
0.0630216
0.0649999
0.0654354
0.0645183
0.0625574
0.0597496
0.0565371
0.00260882
0.0019249
0.00133991
0.000881741
0.000501291
0.000185998
-7.93522e-05
-0.000308075
-0.000511174
-0.000697337
-0.000873167
-0.00104351
-0.00121185
-0.00138068
-0.00155193
-0.00172727
-0.00190848
-0.00209767
-0.00229761
-0.00251184
-0.00274495
-0.00300265
-0.00329193
-0.0036211
-0.00399979
-0.00443893
-0.00495061
-0.00554785
-0.00624431
-0.00705385
-0.00798997
-0.00906515
-0.0102901
-0.0116727
-0.0132176
-0.014924
-0.0167875
-0.0187959
-0.0209308
-0.0231664
-0.0254691
-0.027798
-0.0301048
-0.0323347
-0.0344269
-0.0363157
-0.0379315
-0.0392024
-0.0400549
-0.040416
-0.040214
-0.0393806
-0.0378526
-0.0355739
-0.032498
-0.0285907
-0.0238342
-0.0182311
-0.0118105
-0.00463379
0.00319796
0.0115367
0.0201818
0.0288772
0.0373156
0.0451518
0.0520284
0.057616
0.0616587
0.0640248
0.0647345
0.0639644
0.0620303
0.0591408
0.0557768
0.00255581
0.00183376
0.00121936
0.000741844
0.00034826
2.46345e-05
-0.00024563
-0.000476907
-0.000680935
-0.000866867
-0.00104156
-0.00120999
-0.00137568
-0.00154114
-0.00170832
-0.00187899
-0.00205504
-0.00223883
-0.00243342
-0.00264277
-0.00287195
-0.0031273
-0.00341649
-0.00374863
-0.00413422
-0.0045851
-0.00511433
-0.00573593
-0.00646453
-0.00731491
-0.00830146
-0.00943739
-0.010734
-0.0121997
-0.0138393
-0.0156518
-0.017633
-0.0197704
-0.022045
-0.0244303
-0.0268921
-0.0293886
-0.0318708
-0.0342829
-0.0365634
-0.0386457
-0.0404594
-0.0419314
-0.0429875
-0.043553
-0.0435549
-0.0429228
-0.0415908
-0.0394996
-0.0365983
-0.0328475
-0.0282227
-0.0227185
-0.0163544
-0.00918119
-0.00128843
0.00718694
0.0160533
0.0250592
0.0338946
0.0422012
0.0495966
0.0557143
0.0602533
0.0630377
0.0640518
0.0634538
0.0615636
0.0585997
0.0550844
0.00247076
0.00170968
0.00106532
0.000568351
0.000161783
-0.00016984
-0.000444559
-0.000677835
-0.000882155
-0.00106713
-0.00123988
-0.00140546
-0.00156744
-0.00172834
-0.00189015
-0.0020547
-0.00222406
-0.00240081
-0.00258833
-0.00279103
-0.0030145
-0.00326571
-0.00355306
-0.00388643
-0.00427721
-0.00473818
-0.00528334
-0.00592769
-0.00668681
-0.00757638
-0.00861157
-0.00980633
-0.0111725
-0.0127189
-0.0144505
-0.0163657
-0.0184612
-0.0207234
-0.0231333
-0.0256633
-0.0282788
-0.030937
-0.0335883
-0.0361761
-0.0386381
-0.040907
-0.0429117
-0.0445781
-0.0458311
-0.046595
-0.0467952
-0.0463598
-0.0452205
-0.043315
-0.0405888
-0.0369975
-0.0325105
-0.0271149
-0.0208211
-0.013669
-0.00573663
0.00285127
0.0119138
0.0212067
0.0304204
0.0391867
0.0471007
0.0537603
0.0588176
0.0620492
0.0633981
0.0629987
0.0611705
0.0581408
0.0544751
0.00235092
0.00154977
0.000874888
0.000358369
-6.0968e-05
-0.000400145
-0.000678712
-0.000913258
-0.00111703
-0.0013001
-0.00146983
-0.00163137
-0.0017883
-0.00194317
-0.00209799
-0.00225469
-0.00241549
-0.00258325
-0.00276171
-0.0029557
-0.00317138
-0.00341637
-0.0036998
-0.00403237
-0.00442635
-0.00489544
-0.0054546
-0.00611976
-0.00690741
-0.0078341
-0.00891577
-0.010167
-0.0116001
-0.0132242
-0.0150447
-0.0170586
-0.0192643
-0.0216467
-0.0241866
-0.0268557
-0.0296186
-0.032432
-0.0352454
-0.0380016
-0.0406375
-0.0430852
-0.0452728
-0.0471258
-0.0485679
-0.0495227
-0.0499144
-0.0496694
-0.0487177
-0.0469944
-0.0444415
-0.0410105
-0.0366652
-0.0313857
-0.0251737
-0.0180588
-0.0101071
-0.00143055
0.00780213
0.0173563
0.0269257
0.0361364
0.0445639
0.0517725
0.0573665
0.0610723
0.0627862
0.0626124
0.0608658
0.0577801
0.0539659
0.00219339
0.00135103
0.000644997
0.000108855
-0.000322957
-0.000669116
-0.000950756
-0.00118563
-0.00138779
-0.00156775
-0.0017331
-0.0018891
-0.00203935
-0.00218639
-0.00233229
-0.00247907
-0.00262915
-0.00278567
-0.00295273
-0.00313567
-0.00334118
-0.00357757
-0.00385473
-0.0041842
-0.0045791
-0.00505407
-0.00562498
-0.00630869
-0.00712258
-0.00808399
-0.00920956
-0.0105145
-0.0120114
-0.0137099
-0.0156158
-0.0177238
-0.0200349
-0.0225322
-0.0251964
-0.0279983
-0.0309019
-0.0338632
-0.036831
-0.0397475
-0.042549
-0.0451668
-0.0475287
-0.0495592
-0.0511817
-0.0523187
-0.0528935
-0.0528313
-0.0520605
-0.0505138
-0.0481306
-0.0448584
-0.0406563
-0.0354979
-0.0293769
-0.022313
-0.0143604
-0.00561819
0.00375847
0.0135465
0.0234465
0.033082
0.042013
0.049773
0.055918
0.0601223
0.0622306
0.0623101
0.0606659
0.0575353
0.0535752
0.00199515
0.00111029
0.000372409
-0.000183401
-0.000627296
-0.000979712
-0.00126345
-0.00149749
-0.00169667
-0.00187202
-0.00203134
-0.00217998
-0.00232157
-0.00245865
-0.00259335
-0.00272782
-0.00286468
-0.00300737
-0.00316042
-0.00332965
-0.00352232
-0.00374748
-0.00401577
-0.00433955
-0.00473284
-0.00521117
-0.00579134
-0.00649108
-0.00732861
-0.00832202
-0.0094886
-0.010844
-0.0124014
-0.0141705
-0.016158
-0.0183545
-0.0207663
-0.0233727
-0.026155
-0.0290829
-0.0321199
-0.0352213
-0.0383352
-0.0414033
-0.0443613
-0.0471401
-0.0496665
-0.051865
-0.053658
-0.0549675
-0.055716
-0.0558276
-0.0552292
-0.0538519
-0.0516326
-0.0485156
-0.0444556
-0.0394207
-0.0333971
-0.0263953
-0.0184582
-0.0096715
-0.000176339
0.00981768
0.0200208
0.0300581
0.039478
0.0477871
0.0544929
0.0592172
0.0617481
0.062109
0.0605892
0.0574257
0.0533234
0.00175299
0.000824185
5.36958e-05
-0.000521791
-0.000977263
-0.00133503
-0.00161965
-0.0018514
-0.00204597
-0.00221487
-0.00236615
-0.00250526
-0.00263583
-0.00276046
-0.00288134
-0.00300075
-0.00312156
-0.00324753
-0.00338363
-0.00353622
-0.00371312
-0.00392414
-0.00418069
-0.00449599
-0.00488491
-0.00536387
-0.00595056
-0.00666357
-0.00752189
-0.00854432
-0.00974874
-0.0111513
-0.0127653
-0.0146011
-0.0166666
-0.0189446
-0.0214519
-0.0241616
-0.0270554
-0.0301021
-0.0332647
-0.0364979
-0.0397493
-0.0429599
-0.0460648
-0.0489945
-0.0516754
-0.0540313
-0.0559843
-0.0574557
-0.0583673
-0.0586424
-0.0582068
-0.0569901
-0.054927
-0.0519593
-0.048038
-0.0431261
-0.0372034
-0.0302718
-0.0223635
-0.0135513
-0.00396149
0.00621098
0.0166886
0.027102
0.0369922
0.0458435
0.0531151
0.0583774
0.0613577
0.0620281
0.0606554
0.0574725
0.0532326
0.00146354
0.000489153
-0.00031479
-0.000909916
-0.00137632
-0.0017383
-0.00202231
-0.00225
-0.00243795
-0.0025982
-0.00273905
-0.00286606
-0.00298289
-0.0030922
-0.00319625
-0.00329751
-0.00339909
-0.00350513
-0.00362107
-0.00375381
-0.00391174
-0.0041055
-0.00434724
-0.00465103
-0.00503262
-0.0055093
-0.0060996
-0.00682292
-0.00769899
-0.00874725
-0.00998609
-0.011432
-0.0130987
-0.0149967
-0.0171364
-0.0194891
-0.0220867
-0.0248929
-0.0278915
-0.0310494
-0.0343295
-0.0376859
-0.0410657
-0.0444091
-0.0476511
-0.0507213
-0.053546
-0.0560483
-0.05815
-0.0597719
-0.0608353
-0.0612626
-0.0609788
-0.0599122
-0.057996
-0.0551697
-0.0513811
-0.0465892
-0.0407678
-0.0339113
-0.0260419
-0.0172199
-0.00755702
0.00276767
0.0134911
0.0242529
0.0345915
0.0439742
0.0518118
0.0576262
0.0610807
0.0620885
0.0608866
0.0576988
0.0533267
0.00112322
0.000101385
-0.000736948
-0.00135161
-0.00182811
-0.00219292
-0.00247451
-0.002696
-0.00287493
-0.0030239
-0.0031515
-0.00326341
-0.00336337
-0.00345408
-0.00353792
-0.00361756
-0.00369642
-0.00377901
-0.0038713
-0.00398073
-0.00411627
-0.00428942
-0.0045131
-0.00480221
-0.00517336
-0.00564467
-0.00623551
-0.00696604
-0.00785666
-0.0089274
-0.0101971
-0.0116825
-0.0133975
-0.0153522
-0.017557
-0.0199889
-0.0226674
-0.0255619
-0.028658
-0.0319194
-0.0353086
-0.0387793
-0.042278
-0.0457446
-0.0491132
-0.0523134
-0.0552707
-0.0579081
-0.0601467
-0.0619072
-0.0631101
-0.0636774
-0.0635334
-0.0626053
-0.0608251
-0.0581303
-0.0544662
-0.0497883
-0.0440656
-0.0372857
-0.0294616
-0.0206421
-0.0109245
-0.000471602
0.0104699
0.0215517
0.0323141
0.0422141
0.0506128
0.0569895
0.060941
0.0623134
0.0613068
0.0581296
0.0536317
0.000728207
-0.000343205
-0.00121696
-0.00185097
-0.00233654
-0.00270247
-0.00297943
-0.00319214
-0.00335919
-0.00349379
-0.00360487
-0.00369824
-0.00377774
-0.00384615
-0.00390601
-0.00396022
-0.00401252
-0.00406784
-0.00413273
-0.00421521
-0.0043247
-0.00447373
-0.00467594
-0.00494707
-0.00530455
-0.00576732
-0.00635554
-0.00709006
-0.00799194
-0.0090817
-0.0103786
-0.0118995
-0.0136584
-0.0156644
-0.0179213
-0.0204407
-0.0231896
-0.0261661
-0.0293509
-0.0327074
-0.0361973
-0.0397734
-0.0433815
-0.0469612
-0.050446
-0.0537651
-0.0568437
-0.0596044
-0.061968
-0.0638545
-0.0651843
-0.0658788
-0.0658616
-0.0650592
-0.0634025
-0.0608276
-0.0572778
-0.0527055
-0.0470758
-0.0403702
-0.0325942
-0.0237855
-0.0140278
-0.00346753
0.00766602
0.0190398
0.0302
0.0406009
0.0495511
0.0564958
0.0609647
0.0627284
0.061942
0.0587919
0.0541754
0.000274383
-0.000849026
-0.00175934
-0.00241241
-0.00290573
-0.0032707
-0.00354037
-0.00374123
-0.00389302
-0.00400965
-0.0041004
-0.00417129
-0.00422628
-0.00426828
-0.0043
-0.0043246
-0.00434619
-0.00437016
-0.00440368
-0.00445537
-0.00453498
-0.00465625
-0.00483347
-0.00508322
-0.00542373
-0.00587474
-0.00645711
-0.00719238
-0.00810217
-0.00920745
-0.0105277
-0.0120802
-0.0138785
-0.0159309
-0.0182404
-0.0208324
-0.0236469
-0.0267001
-0.0299663
-0.0334102
-0.0369921
-0.0406644
-0.0443724
-0.0480551
-0.0516456
-0.0550726
-0.0582611
-0.0611331
-0.0636092
-0.0656091
-0.0670527
-0.0678609
-0.0679569
-0.0672666
-0.0657199
-0.0632517
-0.0598038
-0.0553264
-0.0497808
-0.0431442
-0.0354147
-0.0266208
-0.0168334
-0.0061828
0.00511984
0.0167588
0.0282904
0.0391751
0.0486623
0.0561763
0.0611808
0.0633615
0.0628205
0.059715
0.054988
-0.000242689
-0.00142086
-0.00236899
-0.00304066
-0.0035401
-0.00390156
-0.00416076
-0.00434611
-0.00447868
-0.00457314
-0.00463921
-0.00468317
-0.00470912
-0.00472014
-0.00471917
-0.00470965
-0.00469609
-0.00468435
-0.00468234
-0.00469928
-0.00474502
-0.00483479
-0.00498345
-0.00520839
-0.00552861
-0.00596459
-0.0065379
-0.00727068
-0.00818503
-0.00930233
-0.0106423
-0.0122223
-0.014056
-0.0161521
-0.018514
-0.0211567
-0.0240374
-0.0271613
-0.030502
-0.0340252
-0.0376906
-0.0414501
-0.0452484
-0.0490239
-0.0527096
-0.0562335
-0.0595203
-0.0624917
-0.0650679
-0.0671683
-0.0687123
-0.0696205
-0.0698156
-0.0692229
-0.0677715
-0.0653957
-0.0620357
-0.0576399
-0.0521672
-0.0455905
-0.0379023
-0.0291228
-0.0193112
-0.00858273
0.00286982
0.0147497
0.0266274
0.0379805
0.0479829
0.0560637
0.0616206
0.064243
0.0639729
0.0609303
0.0561015
-0.000827835
-0.00206394
-0.00305124
-0.00374086
-0.00424439
-0.00459924
-0.00484413
-0.00500967
-0.00511838
-0.00518583
-0.00522228
-0.00523428
-0.00522616
-0.0052012
-0.00516258
-0.0051141
-0.00506067
-0.00500865
-0.00496682
-0.00494498
-0.00495271
-0.0050072
-0.00512372
-0.00532042
-0.00561706
-0.00603481
-0.00659588
-0.00732295
-0.00823858
-0.00936445
-0.0107205
-0.012324
-0.0141888
-0.0163238
-0.0187323
-0.0214208
-0.024361
-0.0275483
-0.0309563
-0.034551
-0.0382916
-0.0421293
-0.0460084
-0.0498668
-0.0536371
-0.057247
-0.0606207
-0.0636795
-0.0663434
-0.0685313
-0.0701622
-0.0711565
-0.0714361
-0.070926
-0.0695547
-0.0672556
-0.063968
-0.0596388
-0.0542249
-0.047696
-0.0400399
-0.0312698
-0.0214347
-0.0106358
0.000952041
0.013052
0.0252538
0.0370659
0.0475497
0.0561917
0.0623177
0.0654059
0.0654323
0.0624718
0.0575506
-0.00148634
-0.00278399
-0.00381195
-0.00451861
-0.00502367
-0.00536815
-0.00559417
-0.00573481
-0.00581427
-0.00584917
-0.00585037
-0.0058248
-0.00577706
-0.00571067
-0.0056291
-0.00553651
-0.00543825
-0.00534117
-0.00525511
-0.0051905
-0.00515593
-0.00517138
-0.00525222
-0.00541733
-0.00568717
-0.00608357
-0.00662932
-0.00734759
-0.0082613
-0.00939237
-0.0107609
-0.0123841
-0.0142757
-0.0164445
-0.0188935
-0.0216248
-0.0246173
-0.0278609
-0.031329
-0.0349874
-0.0387948
-0.0427018
-0.0466524
-0.0505839
-0.0544285
-0.0581136
-0.0615628
-0.0646974
-0.0674366
-0.069699
-0.0714035
-0.0724696
-0.0728191
-0.0723763
-0.0710692
-0.0688303
-0.0655984
-0.061319
-0.0559475
-0.0494513
-0.0418145
-0.0330443
-0.0231812
-0.0123139
-0.000600392
0.0117028
0.0242087
0.0364764
0.0474084
0.0565962
0.0633085
0.066886
0.0672343
0.0643756
0.059372
-0.00222403
-0.00358738
-0.00465757
-0.00538002
-0.00588342
-0.00621298
-0.00641466
-0.00652442
-0.00656839
-0.00656439
-0.00652402
-0.00645466
-0.00636122
-0.00624751
-0.00611732
-0.0059752
-0.00582694
-0.00567981
-0.0055451
-0.00543395
-0.00535257
-0.00532529
-0.00536704
-0.00549731
-0.00573727
-0.00610934
-0.00663683
-0.00734333
-0.00825207
-0.00938515
-0.0107627
-0.0124018
-0.014316
-0.0165138
-0.018998
-0.0217679
-0.0248062
-0.0280993
-0.0316204
-0.035335
-0.039201
-0.0431688
-0.0471817
-0.0511767
-0.0550856
-0.0588352
-0.062349
-0.0655476
-0.06835
-0.0706743
-0.0724389
-0.0735629
-0.0739674
-0.0735763
-0.072317
-0.0701214
-0.0669272
-0.0626795
-0.0573322
-0.0508509
-0.0432169
-0.034433
-0.0245324
-0.013593
-0.00175767
0.0107363
0.023524
0.0362144
0.0476479
0.0573217
0.0646311
0.0687218
0.0694173
0.0666807
0.061605
-0.00304739
-0.00448119
-0.00559529
-0.00633179
-0.00682957
-0.00713865
-0.0073095
-0.00738137
-0.00738263
-0.00733253
-0.00724351
-0.00712348
-0.00697772
-0.00681037
-0.00662558
-0.00642827
-0.00622464
-0.00602222
-0.00583453
-0.00567372
-0.00554052
-0.00546693
-0.00546639
-0.00555876
-0.00576593
-0.00611088
-0.00661736
-0.00730934
-0.00821026
-0.0093423
-0.0107255
-0.012377
-0.0143099
-0.0165323
-0.0190466
-0.0218505
-0.0249284
-0.0282647
-0.0318319
-0.0355952
-0.039512
-0.0435322
-0.0475985
-0.0516478
-0.055611
-0.0594149
-0.0629824
-0.0662337
-0.0690874
-0.0714612
-0.0732727
-0.0744406
-0.0748856
-0.0745306
-0.0733024
-0.0711324
-0.0679576
-0.0637221
-0.058379
-0.0518925
-0.0442419
-0.0354264
-0.0254739
-0.014453
-0.00249329
0.0101862
0.0232389
0.0362709
0.0483527
0.0584215
0.0663239
0.0709538
0.0720224
0.0694288
0.0642916
-0.00396369
-0.00547336
-0.00663311
-0.00738133
-0.00786853
-0.00815041
-0.00828267
-0.00830844
-0.0082587
-0.00815432
-0.00800875
-0.0078305
-0.00762528
-0.00739757
-0.00715189
-0.00689356
-0.00662903
-0.00636583
-0.00612141
-0.00590797
-0.00571766
-0.00559437
-0.00554868
-0.00560032
-0.00577202
-0.00608728
-0.00657026
-0.00724518
-0.00813564
-0.00926386
-0.0106498
-0.0123103
-0.014258
-0.0165009
-0.0190407
-0.0218737
-0.0249856
-0.0283587
-0.0319655
-0.0357704
-0.0397305
-0.0437949
-0.0479062
-0.0520005
-0.0560087
-0.0598569
-0.0634676
-0.0667607
-0.0696541
-0.0720651
-0.0739106
-0.0751089
-0.0755796
-0.0752452
-0.0740316
-0.0718695
-0.0686949
-0.0644514
-0.0590911
-0.0525773
-0.0448877
-0.0360194
-0.0259956
-0.014878
-0.00278455
0.0100826
0.0233924
0.0367073
0.0495439
0.0599415
0.068425
0.0736252
0.075094
0.0726646
0.0674767
-0.00498113
-0.00657289
-0.00778001
-0.00853683
-0.00900725
-0.00925375
-0.00933822
-0.00930831
-0.00919803
-0.00903015
-0.00881926
-0.00857455
-0.00830218
-0.00800702
-0.00769394
-0.00736865
-0.00703775
-0.00670904
-0.0064054
-0.00613105
-0.00588242
-0.00570611
-0.0056125
-0.00562084
-0.00575468
-0.00603797
-0.00649521
-0.00715081
-0.00802846
-0.00915031
-0.0105361
-0.0122025
-0.0141617
-0.0164211
-0.0189819
-0.0218395
-0.0249799
-0.0283841
-0.0320241
-0.0358639
-0.0398598
-0.0439607
-0.0481087
-0.0522395
-0.0562834
-0.0601662
-0.0638101
-0.0671343
-0.0700563
-0.0724925
-0.0743596
-0.0755748
-0.076057
-0.0757278
-0.0745123
-0.0723401
-0.0691465
-0.0648741
-0.0594742
-0.0529094
-0.0451564
-0.0362103
-0.0260916
-0.0148563
-0.00261302
0.010451
0.0240184
0.0376075
0.0511543
0.0619755
0.0709888
0.0767836
0.0786797
0.0764361
0.0712083
-0.00610908
-0.00779002
-0.00904618
-0.00980738
-0.0102533
-0.0104545
-0.0104802
-0.0103834
-0.0102017
-0.00995994
-0.00967403
-0.0093539
-0.0090062
-0.00863616
-0.00824899
-0.00785078
-0.00744869
-0.00705344
-0.00668308
-0.00633456
-0.00603327
-0.00580164
-0.00565675
-0.0056194
-0.00571329
-0.00596267
-0.00639227
-0.00702661
-0.00788939
-0.00900262
-0.0103858
-0.0120552
-0.0140227
-0.0162949
-0.0188727
-0.0217505
-0.0249143
-0.0283441
-0.0320112
-0.0358793
-0.0399041
-0.0440341
-0.0482109
-0.0523697
-0.0564406
-0.0603489
-0.0640162
-0.0673612
-0.0703009
-0.0727511
-0.0746275
-0.0758466
-0.0763264
-0.0759874
-0.0747536
-0.0725535
-0.0693215
-0.064999
-0.0595365
-0.0528959
-0.0450528
-0.0360015
-0.0257602
-0.0143809
-0.00196494
0.0113131
0.0251518
0.039062
0.0530987
0.0645952
0.0740989
0.0804816
0.0828304
0.080795
0.0755378
-0.00735833
-0.0091365
-0.0104432
-0.0112032
-0.0116148
-0.0117586
-0.0117126
-0.011536
-0.0112703
-0.010943
-0.0105714
-0.0101662
-0.00973454
-0.00928189
-0.00881381
-0.00833675
-0.00785865
-0.00739123
-0.00694792
-0.00652732
-0.00616785
-0.00587838
-0.00568016
-0.00559526
-0.00564752
-0.00586141
-0.00626182
-0.00687331
-0.00771949
-0.00882218
-0.0102006
-0.0118705
-0.0138433
-0.0161251
-0.018716
-0.0216098
-0.0247922
-0.0282423
-0.0319309
-0.0358211
-0.0398682
-0.0440202
-0.0482182
-0.0523971
-0.0564866
-0.0604114
-0.0640928
-0.0674488
-0.0703958
-0.0728489
-0.074723
-0.0759334
-0.0763972
-0.0760338
-0.0747658
-0.0725204
-0.0692307
-0.0648369
-0.0592884
-0.0525462
-0.0445852
-0.0353988
-0.0250038
-0.0134496
-0.000831606
0.0126856
0.0268214
0.0411204
0.0554325
0.0678211
0.0777975
0.0847677
0.0875997
0.0857967
0.0805209
-0.00874143
-0.010626
-0.0119842
-0.0127355
-0.0131007
-0.0131725
-0.0130393
-0.0127676
-0.0124038
-0.011978
-0.0115091
-0.0110085
-0.0104837
-0.00994047
-0.00938458
-0.00882272
-0.00826315
-0.00771713
-0.00719757
-0.00670966
-0.00628466
-0.00593478
-0.00568169
-0.00554784
-0.00555723
-0.00573449
-0.00610457
-0.006692
-0.00752021
-0.00861077
-0.00998251
-0.0116507
-0.0136262
-0.0159145
-0.0185151
-0.021421
-0.0246176
-0.0280831
-0.0317878
-0.0356943
-0.0397573
-0.0439245
-0.0481366
-0.052328
-0.056428
-0.0603609
-0.0640474
-0.0674051
-0.0703495
-0.0727949
-0.0746553
-0.0758451
-0.0762799
-0.0758779
-0.0745602
-0.0722524
-0.0688862
-0.0644001
-0.0587422
-0.0518723
-0.0437646
-0.0344115
-0.0238291
-0.0120646
0.000790381
0.0145795
0.0290428
0.0437628
0.058282
0.0716925
0.082116
0.0896898
0.093045
0.0915018
0.0862181
-0.0102731
-0.0122743
-0.0136845
-0.0144172
-0.0147207
-0.0147025
-0.0144637
-0.0140794
-0.0136013
-0.0130627
-0.0124837
-0.0118767
-0.0112493
-0.0106074
-0.00995688
-0.00930446
-0.00865852
-0.00802998
-0.00743196
-0.006874
-0.00638124
-0.00596946
-0.00566042
-0.00547673
-0.00544249
-0.00558244
-0.00592148
-0.00648404
-0.00729331
-0.00837051
-0.00973404
-0.0113986
-0.0133745
-0.0156666
-0.0182737
-0.0211882
-0.0243947
-0.027871
-0.0315867
-0.035504
-0.039577
-0.043753
-0.0479723
-0.0521691
-0.056272
-0.0602049
-0.0638881
-0.0672384
-0.0701707
-0.0725984
-0.0744344
-0.075592
-0.0759854
-0.0755311
-0.0741488
-0.0717623
-0.0683012
-0.0637023
-0.057912
-0.0508884
-0.0426046
-0.0330522
-0.0222463
-0.010233
0.00289918
0.0169999
0.0318246
0.0469761
0.0617925
0.0761748
0.087115
0.0953098
0.0992302
0.0979764
0.0926957
-0.011971
-0.0141001
-0.0155617
-0.0162624
-0.016485
-0.0163551
-0.015989
-0.0154718
-0.0148611
-0.0141936
-0.0134909
-0.0127657
-0.0120259
-0.0112773
-0.0105255
-0.00977718
-0.00904059
-0.00832647
-0.00764793
-0.00701689
-0.00645539
-0.00598099
-0.00561546
-0.00538159
-0.00530351
-0.00540596
-0.00571374
-0.00625106
-0.00704082
-0.00810381
-0.00945794
-0.0111174
-0.0130917
-0.0153852
-0.0179959
-0.0209155
-0.0241282
-0.027611
-0.031333
-0.0352558
-0.0393332
-0.043512
-0.0477321
-0.0519273
-0.0560258
-0.0599512
-0.0636229
-0.0669573
-0.0698685
-0.0722689
-0.0740704
-0.0751847
-0.0755249
-0.0750056
-0.0735446
-0.0710636
-0.0674901
-0.0627587
-0.0568135
-0.0496108
-0.0411218
-0.0313368
-0.0202701
-0.00796652
0.0054876
0.0199466
0.0351763
0.050794
0.0660756
0.0812036
0.0928344
0.101718
0.106228
0.105293
0.100027
-0.0138561
-0.0161257
-0.0176361
-0.0182874
-0.0184048
-0.0181366
-0.0176174
-0.0169437
-0.01618
-0.015366
-0.0145248
-0.0136693
-0.0128072
-0.0119439
-0.0110845
-0.0102353
-0.0094044
-0.00860216
-0.00784151
-0.00713566
-0.00650496
-0.00596779
-0.0055459
-0.00526213
-0.00514059
-0.0052059
-0.00548268
-0.00599485
-0.00676494
-0.00781326
-0.00915718
-0.0108102
-0.0127813
-0.0150741
-0.0176859
-0.0206076
-0.023823
-0.0273083
-0.0310321
-0.0349555
-0.039032
-0.0432079
-0.0474227
-0.0516098
-0.0556971
-0.0596075
-0.0632602
-0.0665707
-0.0694522
-0.0718163
-0.0735735
-0.0746345
-0.0749102
-0.0743138
-0.0727608
-0.0701706
-0.0664681
-0.0615855
-0.0554641
-0.0480575
-0.0393349
-0.0292845
-0.0179189
-0.00528173
0.00854267
0.0234125
0.039101
0.0552381
0.0711324
0.0868479
0.0993311
0.108963
0.114112
0.113533
0.108295
-0.0159541
-0.0183773
-0.0199317
-0.0205102
-0.0204917
-0.0200531
-0.0193503
-0.0184931
-0.017553
-0.0165734
-0.015578
-0.0145796
-0.0135853
-0.0125996
-0.0116268
-0.0106725
-0.00974428
-0.00885209
-0.00800846
-0.00722721
-0.00652753
-0.00592817
-0.00545074
-0.00511804
-0.00495403
-0.00498314
-0.00522971
-0.0057173
-0.00646799
-0.00750159
-0.00883485
-0.0104806
-0.0124472
-0.0147374
-0.017348
-0.0202691
-0.0234838
-0.0269679
-0.0306894
-0.0346089
-0.0386795
-0.042847
-0.0470507
-0.0512237
-0.0552932
-0.059182
-0.0628084
-0.0660873
-0.0689312
-0.0712505
-0.0729546
-0.0739524
-0.0741534
-0.0734686
-0.0718112
-0.0690982
-0.0652515
-0.0602002
-0.0538826
-0.0462491
-0.0372655
-0.0269175
-0.0152153
-0.00220029
0.0120454
0.0273837
0.0435934
0.0603192
0.0769484
0.0931731
0.106679
0.1171
0.122962
0.122786
0.117593
-0.0182966
-0.0208869
-0.0224764
-0.022951
-0.0227581
-0.0221097
-0.0211874
-0.0201155
-0.0189734
-0.0178072
-0.0166411
-0.0154871
-0.0143508
-0.0132354
-0.0121441
-0.0110813
-0.0100538
-0.0090707
-0.00814412
-0.00728792
-0.00652033
-0.00586018
-0.00532882
-0.00494888
-0.00474406
-0.00473851
-0.00495621
-0.0054203
-0.00615233
-0.00717154
-0.00849404
-0.010132
-0.012093
-0.0143792
-0.0169865
-0.0199045
-0.0231157
-0.0265951
-0.0303105
-0.0342218
-0.0382817
-0.0424359
-0.0466231
-0.0507761
-0.0548218
-0.0586825
-0.0622758
-0.0655161
-0.0683149
-0.0705815
-0.072224
-0.0731499
-0.0732667
-0.0724833
-0.0707104
-0.0678621
-0.0638573
-0.0586216
-0.0520895
-0.0442076
-0.0349377
-0.0242616
-0.012186
0.00125097
0.0159705
0.0318383
0.0486394
0.0660336
0.0834768
0.100252
0.114968
0.126194
0.132867
0.133153
0.128029
-0.0209231
-0.023693
-0.0253031
-0.0256323
-0.0252163
-0.0243104
-0.0231263
-0.0218044
-0.0204315
-0.0190565
-0.0177026
-0.0163799
-0.0150923
-0.0138409
-0.0126269
-0.0114533
-0.0103255
-0.00925174
-0.00824327
-0.00731365
-0.00648021
-0.00576159
-0.00517876
-0.00475404
-0.00451079
-0.00447276
-0.0046635
-0.00510565
-0.00582021
-0.00682578
-0.00813781
-0.00976778
-0.0117225
-0.0140034
-0.0166057
-0.0195185
-0.0227234
-0.026195
-0.0299006
-0.0337996
-0.0378446
-0.0419806
-0.0461463
-0.050274
-0.0542902
-0.0581167
-0.0616707
-0.0648658
-0.0676126
-0.0698193
-0.0713927
-0.0722386
-0.0722627
-0.0713715
-0.0694731
-0.0664786
-0.0623035
-0.0568695
-0.0501068
-0.0419574
-0.0323782
-0.021346
-0.00886222
0.0050397
0.0202858
0.036747
0.0542151
0.072362
0.0906743
0.108166
0.124254
0.13631
0.143926
0.144752
0.139731
-0.0238835
-0.0268428
-0.0284506
-0.0285792
-0.0278785
-0.0266574
-0.025162
-0.0235498
-0.0219148
-0.020307
-0.0187478
-0.0172441
-0.0157967
-0.0144038
-0.0130642
-0.0117787
-0.010551
-0.00938811
-0.00830003
-0.00729971
-0.00640357
-0.00562981
-0.00499887
-0.00453265
-0.00425406
-0.00418639
-0.00435267
-0.00477498
-0.0054737
-0.00646679
-0.00776899
-0.00939106
-0.0113391
-0.0136137
-0.0162097
-0.0191151
-0.0223113
-0.0257723
-0.0294648
-0.033348
-0.0373739
-0.0414874
-0.0456268
-0.049724
-0.0537055
-0.0574923
-0.0610012
-0.064145
-0.0668335
-0.0689739
-0.0704713
-0.0712302
-0.0711541
-0.0701471
-0.0681148
-0.0649649
-0.0606092
-0.0549652
-0.0479584
-0.0395251
-0.0296166
-0.0182032
-0.00527954
0.00912786
0.0249521
0.0420717
0.0602869
0.0792797
0.0985439
0.117021
0.134466
0.147542
0.156261
0.157719
0.152851
-0.0272419
-0.0303942
-0.0319645
-0.0318191
-0.0307559
-0.0291496
-0.0272856
-0.0253378
-0.0234061
-0.021541
-0.0197593
-0.0180628
-0.0164482
-0.01491
-0.0134434
-0.0120466
-0.010721
-0.00947187
-0.00830784
-0.00724087
-0.00628634
-0.00546181
-0.00478709
-0.00428352
-0.00397346
-0.00387965
-0.00402455
-0.00442962
-0.00511461
-0.00609677
-0.00739012
-0.00900472
-0.0109459
-0.0132137
-0.015802
-0.0186985
-0.0218838
-0.0253315
-0.0290078
-0.0328717
-0.0368748
-0.0409617
-0.0450705
-0.0491328
-0.0530746
-0.0568167
-0.0602753
-0.0633624
-0.0659871
-0.0680553
-0.0694709
-0.0701366
-0.069954
-0.0688249
-0.0666517
-0.063339
-0.0587946
-0.0529315
-0.0456697
-0.0369397
-0.0266856
-0.0148698
-0.00147848
0.0134713
0.0299227
0.0477651
0.0668108
0.0867537
0.107096
0.126841
0.145558
0.160008
0.169999
0.172214
0.167574
-0.0310813
-0.0344191
-0.0358989
-0.0353814
-0.0338575
-0.0317822
-0.0294829
-0.0271478
-0.0248834
-0.022737
-0.0207158
-0.0188161
-0.0170288
-0.0153432
-0.0137503
-0.0122446
-0.0108249
-0.00949421
-0.00825943
-0.00713128
-0.00612394
-0.00525416
-0.00454098
-0.00400508
-0.00366819
-0.00355242
-0.00367961
-0.00407056
-0.00474434
-0.0057175
-0.00700335
-0.00861122
-0.0105457
-0.0128062
-0.0153859
-0.018272
-0.0214445
-0.0248766
-0.028534
-0.0323755
-0.0363524
-0.040409
-0.0444832
-0.0485064
-0.0524042
-0.0560971
-0.0595006
-0.0625264
-0.0650824
-0.0670736
-0.0684026
-0.0689703
-0.0686763
-0.0674198
-0.0651007
-0.06162
-0.0568813
-0.0507926
-0.0432685
-0.0342325
-0.0236207
-0.0113862
0.00249547
0.0180196
0.0351429
0.0537699
0.0737299
0.094735
0.116305
0.137552
0.157602
0.173802
0.185276
0.188417
0.184125
-0.0355113
-0.0390069
-0.0403174
-0.0392961
-0.0371888
-0.0345441
-0.0317316
-0.0289499
-0.0263204
-0.0238703
-0.0215922
-0.0194806
-0.0175175
-0.015685
-0.0139688
-0.0123591
-0.0108513
-0.00944551
-0.0081469
-0.00696455
-0.00591133
-0.00500299
-0.0042577
-0.00369537
-0.00333705
-0.00320417
-0.00331788
-0.00369831
-0.00436383
-0.00533029
-0.00661029
-0.00821244
-0.0101407
-0.0123937
-0.0149641
-0.0178386
-0.0209966
-0.0244109
-0.0280471
-0.0318634
-0.035811
-0.0398341
-0.0438702
-0.0478505
-0.0517006
-0.0553404
-0.058685
-0.0616455
-0.064129
-0.0660393
-0.0672779
-0.0677439
-0.067335
-0.0659481
-0.0634799
-0.0598281
-0.0548921
-0.0485749
-0.0407847
-0.0314377
-0.0204611
-0.00779709
0.00659163
0.0227156
0.0405492
0.0600176
0.0809739
0.103156
0.126115
0.149054
0.170674
0.189002
0.202201
0.206531
0.202789
-0.0406778
-0.0442691
-0.045293
-0.0435912
-0.0407523
-0.0374159
-0.0339988
-0.0307254
-0.0276909
-0.0249049
-0.0223579
-0.0200293
-0.0178905
-0.015915
-0.0140816
-0.0123753
-0.0107875
-0.00931545
-0.00796179
-0.00673386
-0.00564309
-0.00470407
-0.00393404
-0.00335208
-0.00297847
-0.00283393
-0.00293892
-0.00331288
-0.00397347
-0.00493586
-0.00621194
-0.00780965
-0.00973227
-0.0119779
-0.0145386
-0.0174004
-0.0205426
-0.0239375
-0.0275502
-0.0313389
-0.0352546
-0.0392412
-0.0432363
-0.0471708
-0.0509699
-0.0545534
-0.0578361
-0.0607282
-0.0631361
-0.064963
-0.0661086
-0.0664708
-0.0659453
-0.0644266
-0.0618085
-0.0579853
-0.052852
-0.0463065
-0.0382505
-0.0285923
-0.0172491
-0.00415119
0.010754
0.0274954
0.0460697
0.0664289
0.0884575
0.111932
0.136443
0.161255
0.184833
0.205651
0.220787
0.226782
0.223928
-0.0467782
-0.0503457
-0.0509014
-0.0482975
-0.0445387
-0.0403634
-0.0362569
-0.0324241
-0.0289498
-0.0258028
-0.0229776
-0.0204314
-0.0181214
-0.0160105
-0.0140695
-0.0122773
-0.0106206
-0.0090933
-0.00769536
-0.00643216
-0.00531357
-0.00435297
-0.00356656
-0.00297257
-0.00259049
-0.00244032
-0.00254181
-0.00291373
-0.00357304
-0.00453425
-0.0058086
-0.00740337
-0.00932126
-0.0115597
-0.0141105
-0.0169591
-0.0200843
-0.0234582
-0.0270458
-0.0308049
-0.0346865
-0.0386344
-0.042586
-0.0464722
-0.050218
-0.0537429
-0.0569613
-0.0597831
-0.0621138
-0.0638556
-0.0649074
-0.0651653
-0.0645233
-0.0628735
-0.0601071
-0.0561148
-0.0507875
-0.0440177
-0.0357006
-0.0257361
-0.0140309
-0.000501527
0.0149215
0.0322886
0.0516238
0.0729124
0.0960806
0.120955
0.147183
0.174084
0.200113
0.223813
0.241515
0.249535
0.24801
-0.0540837
-0.0574116
-0.057226
-0.0534451
-0.0485104
-0.0433171
-0.0384565
-0.0340084
-0.0300335
-0.0265161
-0.0234109
-0.0206524
-0.0181811
-0.0159476
-0.0139128
-0.0120489
-0.0103374
-0.00876826
-0.00733887
-0.00605243
-0.00491716
-0.00394519
-0.00315169
-0.00255401
-0.00217087
-0.00202156
-0.00212516
-0.00249975
-0.00316169
-0.00412483
-0.0053998
-0.00699332
-0.00890753
-0.0111394
-0.0136802
-0.0165151
-0.0196226
-0.0229744
-0.0265355
-0.0302636
-0.0341094
-0.038017
-0.0419234
-0.0457596
-0.0494506
-0.0529155
-0.0560686
-0.0588191
-0.0610722
-0.0627291
-0.0636876
-0.0638426
-0.0630862
-0.0613084
-0.0583978
-0.0542419
-0.0487273
-0.0417414
-0.0331726
-0.0229121
-0.0108556
0.00309484
0.0190278
0.0370183
0.0571221
0.0793655
0.103727
0.130099
0.158208
0.187456
0.216452
0.243461
0.264687
0.275179
0.275628
-0.062972
-0.0656719
-0.0643716
-0.0590497
-0.0526081
-0.0463082
-0.0405164
-0.035384
-0.0308845
-0.0269911
-0.023612
-0.0206545
-0.0180391
-0.0157012
-0.0135914
-0.0116739
-0.00992472
-0.00833001
-0.00688409
-0.00558808
-0.00444858
-0.00347648
-0.00268597
-0.00209355
-0.00171721
-0.00157558
-0.00168711
-0.0020693
-0.00273789
-0.00370618
-0.00498427
-0.00657834
-0.00849009
-0.0107161
-0.0132471
-0.0160681
-0.0191574
-0.0224866
-0.0260203
-0.0297164
-0.0335255
-0.0373917
-0.0412521
-0.0450377
-0.0486732
-0.0520779
-0.0551657
-0.0578456
-0.0600221
-0.0615958
-0.0624635
-0.062519
-0.0616527
-0.0597524
-0.0567048
-0.0523938
-0.0467023
-0.0395125
-0.0307063
-0.020166
-0.00777599
0.00657714
0.0230023
0.0416018
0.0624677
0.0856748
0.111265
0.139216
0.16936
0.201225
0.233645
0.264457
0.290172
0.304115
0.307531
-0.0739773
-0.0753803
-0.0724382
-0.0650892
-0.0567967
-0.0491888
-0.0423599
-0.0364566
-0.0314284
-0.0271662
-0.0235311
-0.020398
-0.0176636
-0.0152466
-0.0130858
-0.0111371
-0.00937097
-0.00776938
-0.00632385
-0.00503346
-0.00390331
-0.00294316
-0.00216628
-0.00158847
-0.00122705
-0.00110009
-0.00122548
-0.00162019
-0.00229948
-0.00327617
-0.00455987
-0.00615638
-0.00806697
-0.0102879
-0.0128097
-0.015617
-0.018688
-0.0219942
-0.0255003
-0.0291641
-0.0329363
-0.036761
-0.0405754
-0.0443106
-0.0478915
-0.0512371
-0.0542611
-0.0568724
-0.0589752
-0.0604693
-0.0612507
-0.0612124
-0.060243
-0.0582285
-0.0550538
-0.0505998
-0.0447456
-0.0373685
-0.0283441
-0.0175461
-0.00484721
0.00988155
0.0267706
0.0459516
0.067557
0.0917166
0.118548
0.148132
0.180441
0.215183
0.251439
0.286819
0.318221
0.33671
0.344662
-0.087842
-0.0868814
-0.0815477
-0.071431
-0.0610466
-0.0517867
-0.0438302
-0.0371315
-0.03158
-0.0269731
-0.0231153
-0.0198425
-0.0170243
-0.0145609
-0.0123789
-0.0104258
-0.00866652
-0.00707919
-0.00565272
-0.0043844
-0.00327804
-0.00234245
-0.00159019
-0.00103646
-0.000698105
-0.000592709
-0.000737751
-0.00114979
-0.00184369
-0.00283188
-0.00412364
-0.00572442
-0.00763521
-0.00985199
-0.0123652
-0.0151593
-0.0182124
-0.021496
-0.0249748
-0.0286067
-0.0323426
-0.0361267
-0.0398964
-0.0435829
-0.047111
-0.0504
-0.0533635
-0.0559101
-0.0579438
-0.0593639
-0.0600658
-0.0599418
-0.0588789
-0.0567614
-0.0534727
-0.0488911
-0.0428923
-0.0353489
-0.0261305
-0.0151027
-0.00212667
0.0129421
0.0302559
0.0499772
0.0722816
0.0973599
0.125417
0.156654
0.191221
0.229061
0.269564
0.310498
0.348886
0.373214
0.388278
-0.105632
-0.100575
-0.0918182
-0.0779971
-0.0650645
-0.0539826
-0.0447691
-0.0372833
-0.0312424
-0.0263395
-0.0223117
-0.0189497
-0.0160936
-0.0136247
-0.0114571
-0.00953069
-0.00780505
-0.00625516
-0.00486779
-0.00363881
-0.00257111
-0.00167286
-0.000956146
-0.000435801
-0.000128351
-5.10932e-05
-0.000221228
-0.000655044
-0.00136714
-0.0023697
-0.00367174
-0.00527853
-0.00719088
-0.00940462
-0.0119101
-0.0146918
-0.0177278
-0.0209896
-0.0244423
-0.0280437
-0.0317449
-0.0354904
-0.0392179
-0.0428586
-0.0463376
-0.0495742
-0.0524822
-0.05497
-0.0569413
-0.0582954
-0.0589271
-0.0587281
-0.0575839
-0.0553773
-0.0519911
-0.0473009
-0.0411792
-0.0334948
-0.0241115
-0.0128874
0.000327179
0.0156919
0.0333807
0.053587
0.076531
0.102469
0.1317
0.164569
0.201434
0.242543
0.287712
0.335259
0.382091
0.414795
0.440242
-0.128927
-0.116967
-0.103079
-0.0846808
-0.0686014
-0.0554846
-0.0449942
-0.0367676
-0.0303114
-0.0251931
-0.021071
-0.0176868
-0.0148504
-0.0124247
-0.0103127
-0.00844751
-0.00678469
-0.00529682
-0.00396929
-0.00279719
-0.00178294
-0.000934479
-0.000263758
0.000214491
0.000483818
0.000527011
0.000326965
-0.000132504
-0.000865885
-0.00188524
-0.00319951
-0.00481385
-0.00672904
-0.00894089
-0.0114398
-0.0142102
-0.0172304
-0.0204722
-0.0239005
-0.0274737
-0.0311431
-0.0348533
-0.0385424
-0.0421419
-0.0455772
-0.0487676
-0.051627
-0.054064
-0.0559822
-0.0572806
-0.0578537
-0.0575934
-0.056383
-0.0541042
-0.05064
-0.0458635
-0.0396446
-0.0318484
-0.0223339
-0.0109522
0.00245605
0.0180648
0.0360685
0.0566905
0.0801955
0.106906
0.137223
0.171646
0.210778
0.255244
0.305449
0.36058
0.417704
0.462383
0.502545
-0.160024
-0.136736
-0.115183
-0.0909365
-0.0713163
-0.0559716
-0.0442749
-0.0354266
-0.028684
-0.0234689
-0.019354
-0.0160316
-0.0132834
-0.0109567
-0.00894575
-0.00717885
-0.00560926
-0.00420844
-0.00296138
-0.00186316
-0.000916401
-0.000129277
0.000485999
0.000914458
0.00113946
0.00114362
0.000909742
0.000421548
-0.00033551
-0.00137354
-0.00270154
-0.00432471
-0.00624391
-0.00845506
-0.0109487
-0.0137094
-0.0167158
-0.0199397
-0.0233466
-0.026895
-0.0305366
-0.0342164
-0.0378727
-0.0414374
-0.044836
-0.0479884
-0.0508085
-0.053205
-0.0550815
-0.0563372
-0.0568662
-0.0565612
-0.0553024
-0.0529709
-0.0494516
-0.0446145
-0.0383271
-0.030452
-0.020844
-0.00934805
0.00420367
0.0199977
0.0382469
0.0592025
0.0831711
0.11054
0.141812
0.17765
0.218926
0.266712
0.322154
0.385583
0.455289
0.515965
0.57791
-0.20232
-0.160207
-0.127736
-0.0962954
-0.072589
-0.0550672
-0.0423595
-0.0331067
-0.026273
-0.0211215
-0.0171407
-0.0139791
-0.0113966
-0.00922934
-0.007367
-0.00573618
-0.00428994
-0.00300028
-0.00185306
-0.000844291
2.2502e-05
0.000738325
0.00129026
0.00166273
0.00183859
0.00180007
0.0015296
0.00101063
0.00022837
-0.000829513
-0.00217221
-0.00380515
-0.00572938
-0.00794106
-0.010431
-0.013184
-0.0161791
-0.0193884
-0.0227777
-0.0263059
-0.0299251
-0.0335807
-0.0372115
-0.0407495
-0.0441209
-0.0472456
-0.0500378
-0.0524065
-0.0542554
-0.0554836
-0.0559856
-0.0556554
-0.054369
-0.0520066
-0.0484577
-0.0435883
-0.0372644
-0.0293462
-0.0196853
-0.00812198
0.00551867
0.0214336
0.0398516
0.0610476
0.0853654
0.113251
0.145304
0.182347
0.225535
0.276438
0.337102
0.409389
0.494043
0.575737
0.670054
-0.260937
-0.187384
-0.139575
-0.0998271
-0.0716895
-0.0523257
-0.0390011
-0.0296851
-0.0230268
-0.0181387
-0.0144396
-0.0115482
-0.00921277
-0.00726654
-0.00559966
-0.00414091
-0.00284584
-0.00168897
-0.000658419
0.000247827
0.00102457
0.00166139
0.0021442
0.00245644
0.00258015
0.00249687
0.00218846
0.00163788
0.000829899
-0.000248202
-0.00160598
-0.00324922
-0.00517932
-0.00739281
-0.00988082
-0.0126287
-0.0156156
-0.0188143
-0.0221909
-0.0257048
-0.0293085
-0.0329479
-0.0365621
-0.0400837
-0.0434391
-0.0465486
-0.0493267
-0.0516825
-0.0535202
-0.0547386
-0.0552328
-0.0549006
-0.0536095
-0.0512394
-0.0476891
-0.0428181
-0.0364914
-0.028568
-0.0188971
-0.00731564
0.00635672
0.0223248
0.0408293
0.062164
0.0867026
0.11494
0.147556
0.185522
0.230261
0.283865
0.349423
0.430816
0.532421
0.641349
0.783729
-0.344591
-0.217489
-0.148715
-0.0997301
-0.0676463
-0.0472238
-0.0339538
-0.0250636
-0.0189204
-0.0145298
-0.0112751
-0.00876839
-0.00676197
-0.00509629
-0.00366876
-0.00241472
-0.00129528
-0.000289532
0.00061066
0.00140426
0.0020836
0.00263625
0.00304646
0.00329633
0.00336675
0.00323832
0.00289209
0.00231032
0.00147715
0.000379285
-0.000993356
-0.00264706
-0.00458374
-0.00680039
-0.00928864
-0.0120343
-0.0150171
-0.0182102
-0.0215803
-0.0250873
-0.0286841
-0.0323171
-0.0359258
-0.0394434
-0.0427964
-0.0459057
-0.048686
-0.0510468
-0.0528923
-0.0541208
-0.0546301
-0.0543245
-0.0530501
-0.0506981
-0.0471781
-0.0423389
-0.0360456
-0.028157
-0.0185211
-0.00697265
0.00667179
0.022622
0.0411263
0.0624909
0.0871091
0.115509
0.148431
0.186956
0.232731
0.288329
0.357929
0.447873
0.567575
0.71186
0.928662
-0.476791
-0.24708
-0.149211
-0.0927422
-0.0589388
-0.0390453
-0.0268883
-0.0190933
-0.0138864
-0.0102642
-0.00763288
-0.0056324
-0.00403961
-0.00271451
-0.00156963
-0.000551831
0.00036893
0.00120674
0.00196444
0.00263685
0.003213
0.00367783
0.00401344
0.00420018
0.00421751
0.00404476
0.00366195
0.00305038
0.00219336
0.00107683
-0.00031001
-0.00197413
-0.00391809
-0.00613953
-0.0086307
-0.011378
-0.0143618
-0.0175558
-0.0209273
-0.0244367
-0.0280375
-0.0316766
-0.0352939
-0.0388229
-0.0421909
-0.0453187
-0.0481216
-0.0505092
-0.0523858
-0.0536488
-0.0542066
-0.0539562
-0.0527143
-0.0504188
-0.0469669
-0.0421974
-0.0359783
-0.0281692
-0.0186178
-0.00715841
0.00639327
0.0222485
0.0406584
0.0619333
0.086474
0.114822
0.147744
0.186374
0.232485
0.288974
0.360913
0.457152
0.593766
0.786303
1.13326
-0.712798
-0.269457
-0.132749
-0.075556
-0.0444068
-0.027396
-0.0176981
-0.0117672
-0.00794684
-0.00536841
-0.00353622
-0.00215835
-0.00105866
-0.000129706
0.000693063
0.00144635
0.00214816
0.00280365
0.00340888
0.00395347
0.00442236
0.00479728
0.00505774
0.00518194
0.00514754
0.00493239
0.00451516
0.003876
0.00299715
0.00186357
0.000463558
-0.00121073
-0.00316268
-0.00539073
-0.00788789
-0.0106413
-0.013632
-0.0168345
-0.0202166
-0.0237393
-0.0273568
-0.0310163
-0.0346584
-0.038217
-0.0416196
-0.0447875
-0.0476362
-0.0500754
-0.052009
-0.053337
-0.0539866
-0.053797
-0.0526232
-0.0504322
-0.0470835
-0.0424232
-0.0363213
-0.0286383
-0.0192228
-0.00791019
0.00548243
0.0211644
0.0393838
0.0604468
0.0847483
0.11282
0.145416
0.183652
0.229286
0.285264
0.356997
0.455081
0.602617
0.856303
1.45279
-1.05505
-0.277506
-0.107028
-0.0552939
-0.0287706
-0.0156031
-0.00877758
-0.0048556
-0.00245434
-0.000906261
0.000157649
0.000948706
0.00159082
0.00215681
0.00268765
0.00320354
0.00371063
0.0042054
0.00467743
0.00511135
0.00548829
0.00578692
0.00598431
0.00605666
0.00597994
0.00573056
0.00528593
0.00462508
0.00372924
0.00258243
0.00117204
-0.000510604
-0.00246968
-0.00470438
-0.00720847
-0.00996979
-0.01297
-0.0161843
-0.0195809
-0.0231216
-0.0267609
-0.0304466
-0.0341195
-0.037714
-0.0411578
-0.0443727
-0.047274
-0.0497717
-0.0517679
-0.053178
-0.0539161
-0.0537787
-0.0527053
-0.0506204
-0.0473776
-0.0428321
-0.0368538
-0.0293041
-0.0200325
-0.00887648
0.00434449
0.019836
0.0378407
0.0586565
0.082665
0.110377
0.142512
0.180127
0.224883
0.279569
0.349472
0.446148
0.597634
0.904156
1.85613
)
;

boundaryField
{
    movingWall
    {
        type            zeroGradient;
    }
    fixedWalls
    {
        type            zeroGradient;
    }
    frontAndBack
    {
        type            empty;
    }
}


// ************************************************************************* //
