/*--------------------------------*- C++ -*----------------------------------*\
  =========                 |
  \\      /  F ield         | OpenFOAM: The Open Source CFD Toolbox
   \\    /   O peration     | Website:  https://openfoam.org
    \\  /    A nd           | Version:  12
     \\/     M anipulation  |
\*---------------------------------------------------------------------------*/
FoamFile
{
    format      ascii;
    class       volScalarField;
    location    "3.5";
    object      k;
}
// * * * * * * * * * * * * * * * * * * * * * * * * * * * * * * * * * * * * * //

dimensions      [0 2 -2 0 0 0 0];

internalField   nonuniform List<scalar> 
5625
(
6.28807e-11
4.74965e-10
1.00684e-09
1.64183e-09
2.35722e-09
3.13587e-09
3.96528e-09
4.83583e-09
5.73963e-09
6.66985e-09
7.6204e-09
8.58566e-09
9.56038e-09
1.05396e-08
1.15186e-08
1.24928e-08
1.34578e-08
1.44094e-08
1.53437e-08
1.62566e-08
1.71444e-08
1.80035e-08
1.88305e-08
1.96221e-08
2.03751e-08
2.10867e-08
2.17539e-08
2.23743e-08
2.29454e-08
2.3465e-08
2.39312e-08
2.4342e-08
2.46959e-08
2.49914e-08
2.52275e-08
2.54031e-08
2.55174e-08
2.55701e-08
2.55608e-08
2.54895e-08
2.53562e-08
2.51614e-08
2.49056e-08
2.45898e-08
2.4215e-08
2.37825e-08
2.32939e-08
2.2751e-08
2.21556e-08
2.151e-08
2.08166e-08
2.00781e-08
1.92973e-08
1.84772e-08
1.7621e-08
1.67322e-08
1.58145e-08
1.48715e-08
1.39074e-08
1.29263e-08
1.19327e-08
1.09311e-08
9.92631e-09
8.92343e-09
7.92777e-09
6.945e-09
5.9812e-09
5.04298e-09
4.13772e-09
3.27397e-09
2.46208e-09
1.71541e-09
1.0522e-09
4.96412e-10
6.5719e-11
4.25094e-10
3.78379e-09
8.62448e-09
1.44147e-08
2.09043e-08
2.79431e-08
3.54258e-08
4.32708e-08
5.14098e-08
5.97831e-08
6.83368e-08
7.7021e-08
8.57891e-08
9.45965e-08
1.03401e-07
1.12162e-07
1.2084e-07
1.29397e-07
1.37798e-07
1.46007e-07
1.5399e-07
1.61715e-07
1.69151e-07
1.76268e-07
1.8304e-07
1.89438e-07
1.95438e-07
2.01016e-07
2.06152e-07
2.10825e-07
2.15017e-07
2.18712e-07
2.21895e-07
2.24554e-07
2.26678e-07
2.28258e-07
2.29288e-07
2.29763e-07
2.2968e-07
2.2904e-07
2.27841e-07
2.2609e-07
2.23791e-07
2.20952e-07
2.17582e-07
2.13694e-07
2.09301e-07
2.0442e-07
1.99067e-07
1.93263e-07
1.87029e-07
1.80389e-07
1.73368e-07
1.65994e-07
1.58295e-07
1.50303e-07
1.4205e-07
1.3357e-07
1.249e-07
1.16077e-07
1.07139e-07
9.81297e-08
8.90908e-08
8.00678e-08
7.11083e-08
6.22628e-08
5.35853e-08
4.51343e-08
3.69746e-08
2.91801e-08
2.1839e-08
1.50641e-08
9.01491e-09
3.9555e-09
4.44385e-10
9.44734e-10
8.47245e-09
1.94378e-08
3.26456e-08
4.7509e-08
6.36664e-08
8.08639e-08
9.89054e-08
1.17629e-07
1.36895e-07
1.56577e-07
1.7656e-07
1.96736e-07
2.17002e-07
2.37262e-07
2.57421e-07
2.7739e-07
2.97081e-07
3.16412e-07
3.353e-07
3.5367e-07
3.71447e-07
3.88559e-07
4.04939e-07
4.20523e-07
4.35248e-07
4.49058e-07
4.619e-07
4.73723e-07
4.84482e-07
4.94135e-07
5.02644e-07
5.09977e-07
5.16103e-07
5.20999e-07
5.24645e-07
5.27025e-07
5.28128e-07
5.27948e-07
5.26486e-07
5.2374e-07
5.1972e-07
5.1444e-07
5.07917e-07
5.00173e-07
4.91235e-07
4.81134e-07
4.69908e-07
4.57596e-07
4.44244e-07
4.29901e-07
4.14623e-07
3.98468e-07
3.81497e-07
3.63779e-07
3.45384e-07
3.26387e-07
3.06867e-07
2.86906e-07
2.66592e-07
2.46015e-07
2.2527e-07
2.04456e-07
1.83678e-07
1.63047e-07
1.42677e-07
1.22696e-07
1.0324e-07
8.44603e-08
6.65328e-08
4.96688e-08
3.41405e-08
2.03322e-08
8.86325e-09
9.88314e-10
1.56113e-09
1.40234e-08
3.22407e-08
5.42594e-08
7.9107e-08
1.06174e-07
1.35025e-07
1.65322e-07
1.96786e-07
2.29177e-07
2.62278e-07
2.95892e-07
3.29837e-07
3.63939e-07
3.98031e-07
4.31958e-07
4.65566e-07
4.98709e-07
5.31246e-07
5.63043e-07
5.93967e-07
6.23895e-07
6.52707e-07
6.80287e-07
7.06528e-07
7.31327e-07
7.54587e-07
7.76219e-07
7.96138e-07
8.14266e-07
8.30535e-07
8.4488e-07
8.57245e-07
8.67581e-07
8.75847e-07
8.82009e-07
8.86041e-07
8.87923e-07
8.87647e-07
8.85212e-07
8.80615e-07
8.73873e-07
8.65008e-07
8.54049e-07
8.41033e-07
8.26004e-07
8.09017e-07
7.90132e-07
7.69416e-07
7.46947e-07
7.22809e-07
6.97091e-07
6.69894e-07
6.41322e-07
6.11488e-07
5.80512e-07
5.48519e-07
5.15644e-07
4.82025e-07
4.4781e-07
4.13151e-07
3.7821e-07
3.43154e-07
3.08161e-07
2.73419e-07
2.39125e-07
2.05494e-07
1.72761e-07
1.41189e-07
1.11079e-07
8.27961e-08
5.68076e-08
3.37619e-08
1.46867e-08
1.63498e-09
2.2452e-09
2.01805e-08
4.64392e-08
7.82352e-08
1.14179e-07
1.53391e-07
1.95238e-07
2.39225e-07
2.84941e-07
3.32029e-07
3.80171e-07
4.29077e-07
4.78477e-07
5.28115e-07
5.7775e-07
6.27149e-07
6.76092e-07
7.24363e-07
7.71758e-07
8.18078e-07
8.63133e-07
9.0674e-07
9.48725e-07
9.88921e-07
1.02717e-06
1.06332e-06
1.09724e-06
1.12878e-06
1.15783e-06
1.18428e-06
1.20802e-06
1.22897e-06
1.24702e-06
1.26213e-06
1.27422e-06
1.28325e-06
1.28917e-06
1.29197e-06
1.29161e-06
1.28812e-06
1.28147e-06
1.27169e-06
1.25882e-06
1.24289e-06
1.22397e-06
1.2021e-06
1.17738e-06
1.14989e-06
1.11973e-06
1.08701e-06
1.05185e-06
1.01438e-06
9.74757e-07
9.33121e-07
8.89643e-07
8.44495e-07
7.97864e-07
7.49942e-07
7.00936e-07
6.5106e-07
6.00539e-07
5.49608e-07
4.98516e-07
4.47523e-07
3.96905e-07
3.46956e-07
2.97994e-07
2.50364e-07
2.04456e-07
1.60717e-07
1.19682e-07
8.20319e-08
4.87031e-08
2.11668e-08
2.35494e-09
2.97802e-09
2.67749e-08
6.16436e-08
1.0391e-07
1.51741e-07
2.03976e-07
2.59773e-07
3.18469e-07
3.79512e-07
4.42423e-07
5.06773e-07
5.72168e-07
6.38244e-07
7.04657e-07
7.7108e-07
8.37203e-07
9.02725e-07
9.67359e-07
1.03083e-06
1.09287e-06
1.15322e-06
1.21165e-06
1.26791e-06
1.32178e-06
1.37305e-06
1.42151e-06
1.46699e-06
1.5093e-06
1.54828e-06
1.58377e-06
1.61564e-06
1.64377e-06
1.66803e-06
1.68835e-06
1.70463e-06
1.7168e-06
1.72482e-06
1.72865e-06
1.72826e-06
1.72366e-06
1.71483e-06
1.70181e-06
1.68464e-06
1.66337e-06
1.63808e-06
1.60884e-06
1.57577e-06
1.53898e-06
1.49861e-06
1.45479e-06
1.4077e-06
1.35752e-06
1.30443e-06
1.24864e-06
1.19037e-06
1.12986e-06
1.06736e-06
1.00313e-06
9.37441e-07
8.70588e-07
8.02873e-07
7.34616e-07
6.66151e-07
5.97833e-07
5.30033e-07
4.63152e-07
3.9762e-07
3.33905e-07
2.72534e-07
2.14108e-07
1.59345e-07
1.0915e-07
6.47663e-08
2.81344e-08
3.12925e-09
3.74523e-09
3.36779e-08
7.75579e-08
1.30781e-07
1.91055e-07
2.56926e-07
3.27336e-07
4.01452e-07
4.78574e-07
5.58094e-07
6.39467e-07
7.22193e-07
8.05808e-07
8.89873e-07
9.73973e-07
1.05771e-06
1.14071e-06
1.22259e-06
1.30302e-06
1.38165e-06
1.45815e-06
1.53222e-06
1.60356e-06
1.67189e-06
1.73692e-06
1.79842e-06
1.85614e-06
1.90985e-06
1.95934e-06
2.00443e-06
2.04493e-06
2.0807e-06
2.11157e-06
2.13744e-06
2.1582e-06
2.17376e-06
2.18405e-06
2.18903e-06
2.18866e-06
2.18295e-06
2.17188e-06
2.15548e-06
2.13382e-06
2.10696e-06
2.07498e-06
2.038e-06
1.99614e-06
1.94956e-06
1.89842e-06
1.84291e-06
1.78323e-06
1.71961e-06
1.6523e-06
1.58156e-06
1.50766e-06
1.43092e-06
1.35164e-06
1.27016e-06
1.18684e-06
1.10204e-06
1.01615e-06
9.29582e-07
8.42763e-07
7.56146e-07
6.70209e-07
5.85463e-07
5.02458e-07
4.21794e-07
3.44137e-07
2.70253e-07
2.01049e-07
1.37664e-07
8.16567e-08
3.54617e-08
3.94361e-09
4.53508e-09
4.07841e-08
9.39393e-08
1.58439e-07
2.31519e-07
3.11425e-07
3.96881e-07
4.86877e-07
5.80565e-07
6.77207e-07
7.76137e-07
8.76746e-07
9.78467e-07
1.08076e-06
1.18313e-06
1.28508e-06
1.38614e-06
1.48588e-06
1.58386e-06
1.67967e-06
1.77291e-06
1.8632e-06
1.95018e-06
2.0335e-06
2.11283e-06
2.18786e-06
2.25829e-06
2.32386e-06
2.3843e-06
2.43938e-06
2.48889e-06
2.53262e-06
2.57041e-06
2.60211e-06
2.62758e-06
2.64671e-06
2.65943e-06
2.66566e-06
2.66538e-06
2.6586e-06
2.64526e-06
2.62543e-06
2.59917e-06
2.56656e-06
2.52771e-06
2.48274e-06
2.43182e-06
2.37512e-06
2.31284e-06
2.24522e-06
2.17251e-06
2.09498e-06
2.01292e-06
1.92667e-06
1.83657e-06
1.74297e-06
1.64628e-06
1.54691e-06
1.44527e-06
1.34184e-06
1.23709e-06
1.13152e-06
1.02566e-06
9.20062e-07
8.15319e-07
7.12057e-07
6.1095e-07
5.12731e-07
4.18216e-07
3.28335e-07
2.4419e-07
1.67161e-07
9.91303e-08
4.30425e-08
4.78621e-09
5.33752e-09
4.80032e-08
1.1058e-07
1.86533e-07
2.72619e-07
3.6678e-07
4.67518e-07
5.73646e-07
6.84168e-07
7.98211e-07
9.14991e-07
1.03379e-06
1.15393e-06
1.27479e-06
1.39575e-06
1.51625e-06
1.63573e-06
1.75366e-06
1.86954e-06
1.98288e-06
2.0932e-06
2.20005e-06
2.30301e-06
2.40166e-06
2.49561e-06
2.58449e-06
2.66795e-06
2.74566e-06
2.81733e-06
2.88268e-06
2.94143e-06
2.99337e-06
3.03829e-06
3.07601e-06
3.10636e-06
3.12922e-06
3.14449e-06
3.15209e-06
3.15198e-06
3.14417e-06
3.12859e-06
3.10533e-06
3.07444e-06
3.03603e-06
2.99021e-06
2.93714e-06
2.877e-06
2.81e-06
2.73638e-06
2.65642e-06
2.5704e-06
2.47866e-06
2.38155e-06
2.27945e-06
2.17277e-06
2.06195e-06
1.94746e-06
1.82977e-06
1.70941e-06
1.58692e-06
1.46287e-06
1.33786e-06
1.21252e-06
1.08751e-06
9.63541e-07
8.41352e-07
7.21746e-07
6.05593e-07
4.93859e-07
3.87642e-07
2.88241e-07
1.9728e-07
1.16973e-07
5.0784e-08
5.6467e-09
6.14379e-09
5.52565e-08
1.27298e-07
2.14757e-07
3.13906e-07
4.22384e-07
5.3847e-07
6.60802e-07
7.88233e-07
9.19759e-07
1.05448e-06
1.19155e-06
1.33022e-06
1.46973e-06
1.6094e-06
1.74857e-06
1.88658e-06
2.02284e-06
2.15675e-06
2.28774e-06
2.41528e-06
2.53884e-06
2.65791e-06
2.77203e-06
2.88074e-06
2.98361e-06
3.08024e-06
3.17026e-06
3.2533e-06
3.32904e-06
3.39719e-06
3.45747e-06
3.50964e-06
3.5535e-06
3.58885e-06
3.61555e-06
3.63347e-06
3.64253e-06
3.64267e-06
3.63391e-06
3.61616e-06
3.5895e-06
3.55402e-06
3.50982e-06
3.45703e-06
3.39584e-06
3.32646e-06
3.24911e-06
3.16409e-06
3.0717e-06
2.97228e-06
2.86622e-06
2.75392e-06
2.63583e-06
2.51243e-06
2.38421e-06
2.25172e-06
2.11553e-06
1.97624e-06
1.83449e-06
1.69093e-06
1.54628e-06
1.40125e-06
1.25663e-06
1.11324e-06
9.71924e-07
8.33631e-07
6.99365e-07
5.70241e-07
4.47528e-07
3.32722e-07
2.27694e-07
1.34992e-07
5.8602e-08
6.51571e-09
6.9462e-09
6.24748e-08
1.43935e-07
2.42841e-07
3.54987e-07
4.77706e-07
6.0906e-07
7.47508e-07
8.91757e-07
1.04067e-06
1.19323e-06
1.3485e-06
1.50558e-06
1.66367e-06
1.82196e-06
1.9797e-06
2.13617e-06
2.29068e-06
2.44255e-06
2.59114e-06
2.73583e-06
2.87604e-06
3.0112e-06
3.14076e-06
3.2642e-06
3.38106e-06
3.49085e-06
3.59316e-06
3.68758e-06
3.77375e-06
3.85131e-06
3.91997e-06
3.97944e-06
4.02949e-06
4.06991e-06
4.10051e-06
4.12116e-06
4.13175e-06
4.13222e-06
4.12259e-06
4.10274e-06
4.07279e-06
4.03279e-06
3.98288e-06
3.92322e-06
3.85399e-06
3.77542e-06
3.68781e-06
3.59144e-06
3.48668e-06
3.37392e-06
3.25359e-06
3.12614e-06
2.99209e-06
2.85198e-06
2.70638e-06
2.55592e-06
2.40124e-06
2.24303e-06
2.08202e-06
1.91896e-06
1.75466e-06
1.58995e-06
1.42572e-06
1.26289e-06
1.10246e-06
9.45482e-07
7.93106e-07
6.46598e-07
5.07394e-07
3.7719e-07
2.581e-07
1.53006e-07
6.6418e-08
7.38452e-09
7.73804e-09
6.95978e-08
1.60352e-07
2.70551e-07
3.95517e-07
5.32282e-07
6.78692e-07
8.33032e-07
9.93863e-07
1.15992e-06
1.33007e-06
1.50326e-06
1.67851e-06
1.8549e-06
2.03155e-06
2.20761e-06
2.38227e-06
2.55477e-06
2.72436e-06
2.89031e-06
3.05193e-06
3.20858e-06
3.3596e-06
3.50441e-06
3.64241e-06
3.77308e-06
3.89589e-06
4.01036e-06
4.11605e-06
4.21254e-06
4.29944e-06
4.37641e-06
4.44315e-06
4.49937e-06
4.54484e-06
4.57936e-06
4.60277e-06
4.61494e-06
4.61581e-06
4.60539e-06
4.58356e-06
4.5504e-06
4.50603e-06
4.45055e-06
4.38415e-06
4.30704e-06
4.21947e-06
4.12175e-06
4.01423e-06
3.89729e-06
3.77137e-06
3.63695e-06
3.49455e-06
3.34474e-06
3.18812e-06
3.02534e-06
2.8571e-06
2.68413e-06
2.5072e-06
2.32712e-06
2.14476e-06
1.961e-06
1.7768e-06
1.59315e-06
1.41108e-06
1.23172e-06
1.05624e-06
8.85931e-07
7.22208e-07
5.66676e-07
4.21223e-07
2.88209e-07
1.70844e-07
7.41581e-08
8.2449e-09
8.51353e-09
7.65737e-08
1.76428e-07
2.97685e-07
4.35201e-07
5.85714e-07
7.46856e-07
9.16744e-07
1.09379e-06
1.27662e-06
1.46397e-06
1.65468e-06
1.84769e-06
2.04197e-06
2.23655e-06
2.43051e-06
2.62296e-06
2.81304e-06
2.99993e-06
3.18284e-06
3.36101e-06
3.53371e-06
3.70024e-06
3.85994e-06
4.01218e-06
4.15634e-06
4.29188e-06
4.41825e-06
4.53497e-06
4.64156e-06
4.73762e-06
4.82275e-06
4.89661e-06
4.9589e-06
5.00936e-06
5.04775e-06
5.07391e-06
5.08768e-06
5.08899e-06
5.07786e-06
5.05414e-06
5.01793e-06
4.96932e-06
4.90846e-06
4.83553e-06
4.75076e-06
4.65443e-06
4.54688e-06
4.42848e-06
4.29966e-06
4.16089e-06
4.01272e-06
3.8557e-06
3.69047e-06
3.5177e-06
3.33811e-06
3.15246e-06
2.96157e-06
2.76629e-06
2.56753e-06
2.36624e-06
2.16341e-06
1.96009e-06
1.75739e-06
1.55645e-06
1.35852e-06
1.16489e-06
9.76991e-07
7.96381e-07
6.24831e-07
4.6442e-07
3.17746e-07
1.88344e-07
8.17513e-08
9.08896e-09
9.26789e-09
8.33591e-08
1.92065e-07
3.24075e-07
4.73792e-07
6.37668e-07
8.13126e-07
9.98117e-07
1.19092e-06
1.39002e-06
1.59406e-06
1.80178e-06
2.01201e-06
2.22363e-06
2.4356e-06
2.6469e-06
2.85657e-06
3.06368e-06
3.26732e-06
3.46665e-06
3.66082e-06
3.84906e-06
4.03059e-06
4.2047e-06
4.37069e-06
4.52792e-06
4.67576e-06
4.81364e-06
4.94101e-06
5.05739e-06
5.16229e-06
5.25532e-06
5.33608e-06
5.40425e-06
5.45954e-06
5.5017e-06
5.53053e-06
5.54589e-06
5.54765e-06
5.53586e-06
5.51035e-06
5.47121e-06
5.41855e-06
5.35251e-06
5.2733e-06
5.18116e-06
5.07639e-06
4.95934e-06
4.83044e-06
4.69014e-06
4.53896e-06
4.37748e-06
4.20632e-06
4.02616e-06
3.83774e-06
3.64185e-06
3.43932e-06
3.23105e-06
3.01797e-06
2.80107e-06
2.5814e-06
2.36006e-06
2.13817e-06
1.91697e-06
1.6977e-06
1.48172e-06
1.27046e-06
1.06547e-06
8.68451e-07
6.81336e-07
5.06392e-07
3.46445e-07
2.05348e-07
8.91291e-08
9.90908e-09
9.9973e-09
8.99199e-08
2.07183e-07
3.49587e-07
5.11094e-07
6.87879e-07
8.77161e-07
1.07673e-06
1.28473e-06
1.49953e-06
1.71966e-06
1.94376e-06
2.17057e-06
2.39889e-06
2.62758e-06
2.85555e-06
3.08177e-06
3.30522e-06
3.52493e-06
3.74e-06
3.94951e-06
4.15262e-06
4.34851e-06
4.5364e-06
4.71554e-06
4.88525e-06
5.04484e-06
5.1937e-06
5.33124e-06
5.45693e-06
5.57028e-06
5.67082e-06
5.75816e-06
5.83193e-06
5.89181e-06
5.93755e-06
5.96893e-06
5.98577e-06
5.98796e-06
5.97554e-06
5.94831e-06
5.90637e-06
5.84983e-06
5.77885e-06
5.69363e-06
5.59444e-06
5.48159e-06
5.35548e-06
5.21653e-06
5.06524e-06
4.90217e-06
4.72795e-06
4.54323e-06
4.34877e-06
4.14535e-06
3.93382e-06
3.71509e-06
3.49013e-06
3.25996e-06
3.02564e-06
2.78832e-06
2.54917e-06
2.30944e-06
2.07044e-06
1.83355e-06
1.60022e-06
1.372e-06
1.15057e-06
9.37769e-07
7.35684e-07
5.4676e-07
3.74049e-07
2.21701e-07
9.6225e-08
1.06979e-08
1.0699e-08
9.62311e-08
2.21724e-07
3.74123e-07
5.46964e-07
7.36153e-07
9.38713e-07
1.15228e-06
1.37486e-06
1.6047e-06
1.84024e-06
2.08003e-06
2.32269e-06
2.56696e-06
2.81162e-06
3.05549e-06
3.29747e-06
3.53647e-06
3.77147e-06
4.00148e-06
4.22554e-06
4.44274e-06
4.65222e-06
4.85313e-06
5.04469e-06
5.22615e-06
5.39681e-06
5.55599e-06
5.70309e-06
5.83752e-06
5.95876e-06
6.06633e-06
6.1598e-06
6.23878e-06
6.30293e-06
6.35198e-06
6.38568e-06
6.40386e-06
6.40639e-06
6.39331e-06
6.36439e-06
6.31976e-06
6.25951e-06
6.18382e-06
6.09289e-06
5.987e-06
5.8665e-06
5.73178e-06
5.5833e-06
5.4216e-06
5.24727e-06
5.06096e-06
4.8634e-06
4.65537e-06
4.43772e-06
4.21136e-06
3.97726e-06
3.73646e-06
3.49005e-06
3.23919e-06
2.98509e-06
2.72902e-06
2.47233e-06
2.21642e-06
1.96277e-06
1.71293e-06
1.46858e-06
1.23151e-06
1.0037e-06
7.87378e-07
5.85157e-07
4.00303e-07
2.37256e-07
1.02974e-07
1.14481e-08
1.13713e-08
1.02278e-07
2.35655e-07
3.97624e-07
5.81315e-07
7.82372e-07
9.97627e-07
1.22456e-06
1.46106e-06
1.70526e-06
1.95549e-06
2.21019e-06
2.46793e-06
2.72734e-06
2.98713e-06
3.24605e-06
3.50292e-06
3.7566e-06
4.00599e-06
4.25005e-06
4.48776e-06
4.71815e-06
4.94032e-06
5.15338e-06
5.35649e-06
5.54886e-06
5.72976e-06
5.89848e-06
6.05437e-06
6.19683e-06
6.32531e-06
6.43929e-06
6.53832e-06
6.622e-06
6.68998e-06
6.74196e-06
6.77768e-06
6.79696e-06
6.79966e-06
6.78584e-06
6.75523e-06
6.70797e-06
6.64416e-06
6.56397e-06
6.46763e-06
6.35542e-06
6.2277e-06
6.08489e-06
5.92747e-06
5.756e-06
5.5711e-06
5.37347e-06
5.16387e-06
4.94313e-06
4.71215e-06
4.47188e-06
4.22338e-06
3.96773e-06
3.7061e-06
3.43972e-06
3.16988e-06
2.89794e-06
2.62532e-06
2.35353e-06
2.08414e-06
1.8188e-06
1.5593e-06
1.30755e-06
1.06563e-06
8.35932e-07
6.2122e-07
4.2496e-07
2.51864e-07
1.09312e-07
1.21526e-08
1.20136e-08
1.08055e-07
2.48963e-07
4.20072e-07
6.14117e-07
8.26494e-07
1.05385e-06
1.29352e-06
1.54325e-06
1.80109e-06
2.06524e-06
2.33408e-06
2.60607e-06
2.87977e-06
3.1538e-06
3.42686e-06
3.69769e-06
3.96508e-06
4.22789e-06
4.48501e-06
4.73537e-06
4.97796e-06
5.21181e-06
5.43601e-06
5.64968e-06
5.852e-06
6.04218e-06
6.21951e-06
6.38331e-06
6.53294e-06
6.66784e-06
6.78748e-06
6.89139e-06
6.97914e-06
7.05038e-06
7.10479e-06
7.14212e-06
7.16217e-06
7.16479e-06
7.15006e-06
7.11769e-06
7.06781e-06
7.00054e-06
6.91606e-06
6.81459e-06
6.69643e-06
6.56195e-06
6.41159e-06
6.24585e-06
6.06531e-06
5.87063e-06
5.66252e-06
5.44178e-06
5.20929e-06
4.96598e-06
4.71287e-06
4.45106e-06
4.18168e-06
3.90599e-06
3.62526e-06
3.34087e-06
3.05425e-06
2.76691e-06
2.48043e-06
2.19647e-06
1.91679e-06
1.64327e-06
1.37792e-06
1.12295e-06
8.80869e-07
6.54595e-07
4.47779e-07
2.65382e-07
1.15177e-07
1.28046e-08
1.26267e-08
1.13568e-07
2.61661e-07
4.41487e-07
6.45402e-07
8.68559e-07
1.10742e-06
1.35919e-06
1.62149e-06
1.89223e-06
2.16956e-06
2.45173e-06
2.73713e-06
3.02423e-06
3.3116e-06
3.59785e-06
3.88165e-06
4.16175e-06
4.43693e-06
4.70604e-06
4.96796e-06
5.22164e-06
5.46608e-06
5.7003e-06
5.92342e-06
6.13457e-06
6.33296e-06
6.51784e-06
6.6885e-06
6.84431e-06
6.98468e-06
7.10908e-06
7.21701e-06
7.30806e-06
7.38186e-06
7.43808e-06
7.47648e-06
7.49685e-06
7.49905e-06
7.48315e-06
7.44886e-06
7.3963e-06
7.32563e-06
7.23701e-06
7.13067e-06
7.00692e-06
6.86615e-06
6.70881e-06
6.5354e-06
6.34654e-06
6.1429e-06
5.92522e-06
5.69434e-06
5.45115e-06
5.19664e-06
4.93187e-06
4.65796e-06
4.37613e-06
4.08766e-06
3.79391e-06
3.49631e-06
3.19636e-06
2.89563e-06
2.5958e-06
2.29861e-06
2.00589e-06
1.71962e-06
1.4419e-06
1.17507e-06
9.21721e-07
6.84936e-07
4.68522e-07
2.77669e-07
1.20508e-07
1.33972e-08
1.32123e-08
1.18834e-07
2.73789e-07
4.61934e-07
6.75262e-07
9.0869e-07
1.15851e-06
1.42177e-06
1.69598e-06
1.97895e-06
2.2687e-06
2.56341e-06
2.86139e-06
3.16102e-06
3.4608e-06
3.75926e-06
4.05502e-06
4.34677e-06
4.63323e-06
4.9132e-06
5.18552e-06
5.4491e-06
5.7029e-06
5.94593e-06
6.17726e-06
6.39602e-06
6.60138e-06
6.79259e-06
6.96894e-06
7.12978e-06
7.27452e-06
7.40261e-06
7.51358e-06
7.607e-06
7.6825e-06
7.73978e-06
7.77857e-06
7.79868e-06
7.79998e-06
7.78256e-06
7.74608e-06
7.69072e-06
7.61663e-06
7.52396e-06
7.41297e-06
7.28398e-06
7.13737e-06
6.9736e-06
6.79321e-06
6.59682e-06
6.3851e-06
6.15883e-06
5.91887e-06
5.66613e-06
5.40164e-06
5.12648e-06
4.84182e-06
4.54893e-06
4.24911e-06
3.9438e-06
3.63446e-06
3.32266e-06
3.01005e-06
2.69836e-06
2.3894e-06
2.08509e-06
1.78749e-06
1.49878e-06
1.22139e-06
9.58034e-07
7.11902e-07
4.86957e-07
2.88589e-07
1.25246e-07
1.39237e-08
1.37735e-08
1.2388e-07
2.85408e-07
4.81518e-07
7.03852e-07
9.47095e-07
1.20736e-06
1.48157e-06
1.76709e-06
2.06163e-06
2.36311e-06
2.66962e-06
2.97938e-06
3.29068e-06
3.60195e-06
3.91166e-06
4.21835e-06
4.52066e-06
4.81727e-06
5.10691e-06
5.38841e-06
5.66062e-06
5.92248e-06
6.17297e-06
6.41116e-06
6.63616e-06
6.84713e-06
7.04332e-06
7.22402e-06
7.38857e-06
7.5364e-06
7.66697e-06
7.77981e-06
7.87451e-06
7.95071e-06
8.00812e-06
8.04648e-06
8.06562e-06
8.06542e-06
8.04598e-06
8.00695e-06
7.94856e-06
7.87094e-06
7.77426e-06
7.65879e-06
7.52485e-06
7.37283e-06
7.20321e-06
7.01652e-06
6.81339e-06
6.59452e-06
6.3607e-06
6.11278e-06
5.85173e-06
5.57856e-06
5.2944e-06
5.00045e-06
4.69799e-06
4.38839e-06
4.0731e-06
3.75364e-06
3.43164e-06
3.10878e-06
2.78686e-06
2.46775e-06
2.15344e-06
1.84605e-06
1.54786e-06
1.26136e-06
9.89364e-07
7.35166e-07
5.02859e-07
2.98007e-07
1.29331e-07
1.43779e-08
1.43146e-08
1.28745e-07
2.96608e-07
5.00391e-07
7.31389e-07
9.84061e-07
1.25435e-06
1.53903e-06
1.83534e-06
2.14088e-06
2.45347e-06
2.77109e-06
3.09186e-06
3.41403e-06
3.7359e-06
4.0559e-06
4.37251e-06
4.68429e-06
4.98988e-06
5.28797e-06
5.57735e-06
5.85684e-06
6.12537e-06
6.3819e-06
6.62548e-06
6.85522e-06
7.07029e-06
7.26995e-06
7.45349e-06
7.62028e-06
7.76976e-06
7.90141e-06
8.01479e-06
8.10951e-06
8.18522e-06
8.24167e-06
8.27862e-06
8.29592e-06
8.29348e-06
8.27139e-06
8.22934e-06
8.16757e-06
8.08622e-06
7.98549e-06
7.86563e-06
7.72699e-06
7.56996e-06
7.39502e-06
7.20271e-06
6.99367e-06
6.7686e-06
6.5283e-06
6.27362e-06
6.00554e-06
5.7251e-06
5.43342e-06
5.13174e-06
4.82134e-06
4.50362e-06
4.18007e-06
3.85225e-06
3.5218e-06
3.19047e-06
2.86009e-06
2.53259e-06
2.21001e-06
1.89452e-06
1.58848e-06
1.29443e-06
1.01529e-06
7.54411e-07
5.16012e-07
3.05797e-07
1.3271e-07
1.47534e-08
1.4841e-08
1.33478e-07
3.07502e-07
5.1874e-07
7.58149e-07
1.01996e-06
1.29994e-06
1.59471e-06
1.90139e-06
2.21746e-06
2.54061e-06
2.86874e-06
3.19986e-06
3.53213e-06
3.86378e-06
4.19316e-06
4.51867e-06
4.83884e-06
5.15223e-06
5.45752e-06
5.75343e-06
6.0388e-06
6.31251e-06
6.57353e-06
6.82091e-06
7.05377e-06
7.2713e-06
7.47276e-06
7.65748e-06
7.82487e-06
7.97438e-06
8.10554e-06
8.21794e-06
8.31122e-06
8.3851e-06
8.43932e-06
8.47371e-06
8.48813e-06
8.48257e-06
8.45704e-06
8.41136e-06
8.34576e-06
8.26039e-06
8.15546e-06
8.03124e-06
7.88809e-06
7.7264e-06
7.54665e-06
7.3494e-06
7.13527e-06
6.90497e-06
6.65929e-06
6.39909e-06
6.12534e-06
5.83909e-06
5.54146e-06
5.23368e-06
4.91707e-06
4.59304e-06
4.26306e-06
3.92874e-06
3.59175e-06
3.25385e-06
2.91691e-06
2.5829e-06
2.2539e-06
1.93214e-06
1.62e-06
1.3201e-06
1.0354e-06
7.6934e-07
5.26212e-07
3.11836e-07
1.35329e-07
1.50445e-08
1.53594e-08
1.38138e-07
3.18226e-07
5.36797e-07
7.84468e-07
1.05524e-06
1.3447e-06
1.64931e-06
1.96606e-06
2.29229e-06
2.62558e-06
2.96371e-06
3.30461e-06
3.64631e-06
3.98697e-06
4.32486e-06
4.65831e-06
4.98578e-06
5.3058e-06
5.61699e-06
5.91807e-06
6.20783e-06
6.48516e-06
6.74904e-06
6.99852e-06
7.23274e-06
7.45092e-06
7.65237e-06
7.83644e-06
8.0026e-06
8.15034e-06
8.27926e-06
8.38897e-06
8.4792e-06
8.54969e-06
8.60025e-06
8.63075e-06
8.64111e-06
8.63138e-06
8.6015e-06
8.55144e-06
8.48142e-06
8.39161e-06
8.28225e-06
8.15362e-06
8.00608e-06
7.84003e-06
7.65595e-06
7.4544e-06
7.236e-06
7.00144e-06
6.75151e-06
6.48706e-06
6.20905e-06
5.91851e-06
5.61657e-06
5.30445e-06
4.98345e-06
4.65497e-06
4.32053e-06
3.9817e-06
3.64017e-06
3.29773e-06
2.95626e-06
2.61775e-06
2.28431e-06
1.95819e-06
1.64183e-06
1.33787e-06
1.04932e-06
7.79673e-07
5.3327e-07
3.16013e-07
1.3714e-07
1.52457e-08
1.58773e-08
1.42794e-07
3.28938e-07
5.54826e-07
8.1073e-07
1.09042e-06
1.38928e-06
1.70362e-06
2.03027e-06
2.36644e-06
2.70958e-06
3.05734e-06
3.40753e-06
3.7581e-06
4.10709e-06
4.45268e-06
4.79315e-06
5.12687e-06
5.45234e-06
5.76814e-06
6.07295e-06
6.36556e-06
6.64487e-06
6.90986e-06
7.15961e-06
7.3933e-06
7.6102e-06
7.80965e-06
7.99108e-06
8.15401e-06
8.29801e-06
8.42273e-06
8.52789e-06
8.61324e-06
8.67863e-06
8.72392e-06
8.74904e-06
8.75398e-06
8.73886e-06
8.70358e-06
8.64826e-06
8.57312e-06
8.47836e-06
8.36424e-06
8.23105e-06
8.07917e-06
7.909e-06
7.72103e-06
7.5158e-06
7.29393e-06
7.05609e-06
6.80305e-06
6.53565e-06
6.25482e-06
5.96158e-06
5.65703e-06
5.34236e-06
5.01887e-06
4.68794e-06
4.35106e-06
4.00981e-06
3.66587e-06
3.32103e-06
2.97716e-06
2.63627e-06
2.30048e-06
1.97205e-06
1.65344e-06
1.34733e-06
1.05672e-06
7.85159e-07
5.37014e-07
3.18227e-07
1.38099e-07
1.53523e-08
1.64033e-08
1.47523e-07
3.39814e-07
5.73125e-07
8.37372e-07
1.12607e-06
1.43441e-06
1.75852e-06
2.09507e-06
2.44111e-06
2.79395e-06
3.15111e-06
3.51025e-06
3.86921e-06
4.22594e-06
4.57851e-06
4.92512e-06
5.26407e-06
5.59381e-06
5.91289e-06
6.21996e-06
6.51383e-06
6.79338e-06
7.05764e-06
7.30571e-06
7.53685e-06
7.75036e-06
7.94567e-06
8.12229e-06
8.27982e-06
8.41792e-06
8.53634e-06
8.63487e-06
8.71338e-06
8.77177e-06
8.81001e-06
8.8281e-06
8.82611e-06
8.80424e-06
8.76238e-06
8.70081e-06
8.61974e-06
8.5194e-06
8.40009e-06
8.26213e-06
8.10588e-06
7.93179e-06
7.74031e-06
7.53199e-06
7.30742e-06
7.06726e-06
6.81226e-06
6.54323e-06
6.26106e-06
5.96673e-06
5.66131e-06
5.34596e-06
5.02195e-06
4.69063e-06
4.35344e-06
4.01195e-06
3.66781e-06
3.32279e-06
2.97876e-06
2.63771e-06
2.30175e-06
1.97315e-06
1.65437e-06
1.34808e-06
1.05731e-06
7.85585e-07
5.37298e-07
3.18391e-07
1.38169e-07
1.536e-08
1.69467e-08
1.52407e-07
3.51047e-07
5.92019e-07
8.64863e-07
1.16283e-06
1.4809e-06
1.81499e-06
2.16161e-06
2.51762e-06
2.88017e-06
3.24662e-06
3.61451e-06
3.98153e-06
4.34549e-06
4.70438e-06
5.0563e-06
5.39949e-06
5.73233e-06
6.05333e-06
6.36116e-06
6.65459e-06
6.93256e-06
7.19412e-06
7.43845e-06
7.66484e-06
7.87271e-06
8.06158e-06
8.23105e-06
8.38084e-06
8.51071e-06
8.62054e-06
8.71021e-06
8.77971e-06
8.82903e-06
8.85827e-06
8.86755e-06
8.85706e-06
8.8269e-06
8.77722e-06
8.7083e-06
8.6204e-06
8.51383e-06
8.38889e-06
8.24593e-06
8.08535e-06
7.90755e-06
7.713e-06
7.50223e-06
7.27581e-06
7.03438e-06
6.77862e-06
6.50932e-06
6.22733e-06
5.93358e-06
5.62908e-06
5.31496e-06
4.99243e-06
4.66278e-06
4.32743e-06
3.98789e-06
3.64578e-06
3.30283e-06
2.96087e-06
2.62189e-06
2.28796e-06
1.96134e-06
1.64446e-06
1.33999e-06
1.05095e-06
7.80851e-07
5.3405e-07
3.1646e-07
1.37328e-07
1.52664e-08
1.75173e-08
1.57537e-07
3.62843e-07
6.11852e-07
8.93709e-07
1.20138e-06
1.52959e-06
1.87406e-06
2.23109e-06
2.59734e-06
2.96978e-06
3.3456e-06
3.72216e-06
4.09699e-06
4.4678e-06
4.83242e-06
5.18887e-06
5.53531e-06
5.87005e-06
6.1916e-06
6.49859e-06
6.78982e-06
7.06427e-06
7.32104e-06
7.55939e-06
7.77871e-06
7.97853e-06
8.15847e-06
8.31829e-06
8.45781e-06
8.57697e-06
8.67571e-06
8.75409e-06
8.81225e-06
8.85038e-06
8.86864e-06
8.86724e-06
8.84648e-06
8.80651e-06
8.74769e-06
8.6703e-06
8.57466e-06
8.4611e-06
8.32997e-06
8.18164e-06
8.01652e-06
7.83504e-06
7.63767e-06
7.42489e-06
7.19728e-06
6.95542e-06
6.69997e-06
6.43167e-06
6.1513e-06
5.85975e-06
5.55797e-06
5.24701e-06
4.92801e-06
4.60222e-06
4.27097e-06
3.93571e-06
3.59801e-06
3.25954e-06
2.92209e-06
2.58758e-06
2.25806e-06
1.93574e-06
1.62302e-06
1.32253e-06
1.03726e-06
7.70676e-07
5.27087e-07
3.12331e-07
1.35536e-07
1.50671e-08
1.81256e-08
1.63004e-07
3.75413e-07
6.32984e-07
9.24429e-07
1.2424e-06
1.58137e-06
1.9368e-06
2.30476e-06
2.68171e-06
3.06439e-06
3.44979e-06
3.83508e-06
4.21762e-06
4.59494e-06
4.96477e-06
5.32499e-06
5.67369e-06
6.00912e-06
6.32975e-06
6.63422e-06
6.92138e-06
7.19022e-06
7.43995e-06
7.66994e-06
7.87968e-06
8.06884e-06
8.23721e-06
8.38468e-06
8.51126e-06
8.61698e-06
8.70203e-06
8.7667e-06
8.81121e-06
8.83584e-06
8.84095e-06
8.82687e-06
8.79397e-06
8.74261e-06
8.67317e-06
8.58603e-06
8.48157e-06
8.36018e-06
8.22227e-06
8.06822e-06
7.89846e-06
7.71342e-06
7.51355e-06
7.29933e-06
7.07129e-06
6.82998e-06
6.57602e-06
6.31006e-06
6.03285e-06
5.74519e-06
5.44795e-06
5.14212e-06
4.82874e-06
4.50898e-06
4.1841e-06
3.85546e-06
3.52455e-06
3.19297e-06
2.86244e-06
2.5348e-06
2.21205e-06
1.89635e-06
1.59003e-06
1.29568e-06
1.01621e-06
7.55042e-07
5.16395e-07
3.05994e-07
1.32785e-07
1.47613e-08
1.87818e-08
1.68904e-07
3.88976e-07
6.55778e-07
9.57555e-07
1.28661e-06
1.63712e-06
2.00428e-06
2.38389e-06
2.77216e-06
3.1656e-06
3.56094e-06
3.95514e-06
4.34536e-06
4.72896e-06
5.1035e-06
5.46673e-06
5.81666e-06
6.15148e-06
6.46963e-06
6.76978e-06
7.0508e-06
7.31179e-06
7.55206e-06
7.77108e-06
7.96854e-06
8.14426e-06
8.29821e-06
8.43048e-06
8.54121e-06
8.63077e-06
8.69952e-06
8.74782e-06
8.77612e-06
8.7849e-06
8.77468e-06
8.74591e-06
8.6991e-06
8.63473e-06
8.55328e-06
8.45521e-06
8.34099e-06
8.21105e-06
8.06584e-06
7.90579e-06
7.73132e-06
7.54286e-06
7.34085e-06
7.12576e-06
6.89807e-06
6.65828e-06
6.40696e-06
6.1447e-06
5.87215e-06
5.59005e-06
5.29918e-06
5.00042e-06
4.69473e-06
4.38317e-06
4.06691e-06
3.74722e-06
3.42547e-06
3.10318e-06
2.78197e-06
2.4636e-06
2.14999e-06
1.84321e-06
1.54553e-06
1.25946e-06
9.87832e-07
7.33968e-07
5.01985e-07
2.97456e-07
1.29079e-07
1.43493e-08
1.94964e-08
1.75328e-07
4.03743e-07
6.80595e-07
9.93607e-07
1.3347e-06
1.69773e-06
2.07757e-06
2.46972e-06
2.87011e-06
3.27496e-06
3.68073e-06
4.08413e-06
4.48209e-06
4.87174e-06
5.25047e-06
5.61592e-06
5.96596e-06
6.29875e-06
6.61271e-06
6.90654e-06
7.17917e-06
7.42983e-06
7.65796e-06
7.8632e-06
8.04544e-06
8.20471e-06
8.3412e-06
8.45516e-06
8.54716e-06
8.61767e-06
8.66724e-06
8.69646e-06
8.70603e-06
8.69665e-06
8.66894e-06
8.62354e-06
8.56108e-06
8.48218e-06
8.38743e-06
8.27737e-06
8.15254e-06
8.01344e-06
7.86053e-06
7.69428e-06
7.51513e-06
7.3235e-06
7.11981e-06
6.90449e-06
6.67798e-06
6.44074e-06
6.19325e-06
5.93605e-06
5.66969e-06
5.39482e-06
5.11213e-06
4.82238e-06
4.52643e-06
4.22524e-06
3.91983e-06
3.61137e-06
3.30113e-06
2.99049e-06
2.68097e-06
2.37424e-06
2.07211e-06
1.77654e-06
1.48971e-06
1.21403e-06
9.52239e-07
7.07544e-07
4.83923e-07
2.86755e-07
1.24436e-07
1.38332e-08
2.02793e-08
1.82366e-07
4.19921e-07
7.07777e-07
1.03309e-06
1.38734e-06
1.76403e-06
2.15766e-06
2.56342e-06
2.97687e-06
3.39392e-06
3.81073e-06
4.22369e-06
4.62945e-06
5.02492e-06
5.40729e-06
5.77402e-06
6.12291e-06
6.45205e-06
6.75987e-06
7.04512e-06
7.30684e-06
7.5444e-06
7.75742e-06
7.94578e-06
8.1096e-06
8.24915e-06
8.36487e-06
8.45745e-06
8.52755e-06
8.57595e-06
8.60339e-06
8.61088e-06
8.59931e-06
8.56947e-06
8.52221e-06
8.45834e-06
8.37866e-06
8.28389e-06
8.17473e-06
8.05181e-06
7.91572e-06
7.76703e-06
7.60624e-06
7.43381e-06
7.25019e-06
7.05578e-06
6.851e-06
6.63623e-06
6.41184e-06
6.17826e-06
5.93587e-06
5.68514e-06
5.42653e-06
5.16058e-06
4.88787e-06
4.60905e-06
4.32487e-06
4.03613e-06
3.74375e-06
3.44876e-06
3.1523e-06
2.85562e-06
2.56012e-06
2.26732e-06
1.97892e-06
1.69677e-06
1.42293e-06
1.1597e-06
9.09683e-07
6.75959e-07
4.62338e-07
2.73971e-07
1.1889e-07
1.32167e-08
2.11397e-08
1.90099e-07
4.37697e-07
7.37642e-07
1.07645e-06
1.44515e-06
1.83678e-06
2.24549e-06
2.66604e-06
3.09363e-06
3.52378e-06
3.95228e-06
4.37517e-06
4.78879e-06
5.18977e-06
5.57506e-06
5.94199e-06
6.28821e-06
6.61181e-06
6.91122e-06
7.18528e-06
7.4332e-06
7.65452e-06
7.84912e-06
8.01715e-06
8.15903e-06
8.27531e-06
8.36688e-06
8.43463e-06
8.47959e-06
8.50261e-06
8.50525e-06
8.48844e-06
8.45327e-06
8.40083e-06
8.33215e-06
8.24823e-06
8.14999e-06
8.03829e-06
7.9139e-06
7.77755e-06
7.62989e-06
7.4715e-06
7.30291e-06
7.12459e-06
6.93698e-06
6.74047e-06
6.53541e-06
6.32215e-06
6.10101e-06
5.87232e-06
5.63641e-06
5.39363e-06
5.14437e-06
4.88905e-06
4.62812e-06
4.36213e-06
4.09167e-06
3.81743e-06
3.54018e-06
3.26081e-06
2.9803e-06
2.69978e-06
2.42048e-06
2.14379e-06
1.87128e-06
1.60465e-06
1.34583e-06
1.09698e-06
8.60569e-07
6.39516e-07
4.37439e-07
2.59227e-07
1.12494e-07
1.25058e-08
2.20855e-08
1.986e-07
4.57238e-07
7.70467e-07
1.12411e-06
1.50865e-06
1.91666e-06
2.34184e-06
2.77849e-06
3.22139e-06
3.66558e-06
4.10643e-06
4.53958e-06
4.96101e-06
5.36702e-06
5.75433e-06
6.12004e-06
6.46176e-06
6.77751e-06
7.06581e-06
7.32564e-06
7.5564e-06
7.75791e-06
7.93035e-06
8.07422e-06
8.19027e-06
8.27957e-06
8.34327e-06
8.38258e-06
8.39881e-06
8.39385e-06
8.36881e-06
8.32513e-06
8.26417e-06
8.18725e-06
8.0956e-06
7.99037e-06
7.87262e-06
7.74331e-06
7.6033e-06
7.45338e-06
7.29423e-06
7.12645e-06
6.95057e-06
6.76706e-06
6.57631e-06
6.37867e-06
6.17446e-06
5.96395e-06
5.74739e-06
5.52504e-06
5.29713e-06
5.06391e-06
4.82567e-06
4.58271e-06
4.33537e-06
4.08405e-06
3.82922e-06
3.57143e-06
3.31129e-06
3.04954e-06
2.78702e-06
2.52469e-06
2.26362e-06
2.00507e-06
1.75041e-06
1.50123e-06
1.25929e-06
1.0266e-06
8.05475e-07
5.98647e-07
4.09522e-07
2.42699e-07
1.05326e-07
1.17091e-08
2.31231e-08
2.07926e-07
4.78675e-07
8.06474e-07
1.17637e-06
1.57826e-06
2.00418e-06
2.44731e-06
2.90145e-06
3.36084e-06
3.82002e-06
4.27384e-06
4.71748e-06
5.14647e-06
5.55678e-06
5.94481e-06
6.30752e-06
6.6424e-06
6.94751e-06
7.22147e-06
7.46345e-06
7.67316e-06
7.85075e-06
7.99681e-06
8.11225e-06
8.19834e-06
8.25657e-06
8.28819e-06
8.29553e-06
8.28028e-06
8.24408e-06
8.18871e-06
8.11591e-06
8.02729e-06
7.92439e-06
7.80864e-06
7.68133e-06
7.54362e-06
7.39658e-06
7.24111e-06
7.07803e-06
6.90803e-06
6.7317e-06
6.54956e-06
6.36202e-06
6.16943e-06
5.97208e-06
5.77021e-06
5.56402e-06
5.35367e-06
5.13933e-06
4.92112e-06
4.69921e-06
4.47374e-06
4.24492e-06
4.01295e-06
3.77812e-06
3.54073e-06
3.30121e-06
3.06001e-06
2.81773e-06
2.57502e-06
2.3327e-06
2.09168e-06
1.85303e-06
1.61799e-06
1.38795e-06
1.16453e-06
9.49554e-07
7.45174e-07
5.53927e-07
3.78983e-07
2.24623e-07
9.74872e-08
1.08379e-08
2.4257e-08
2.18116e-07
5.02096e-07
8.4581e-07
1.23345e-06
1.65426e-06
2.09967e-06
2.56229e-06
3.03531e-06
3.51237e-06
3.9874e-06
4.45466e-06
4.90878e-06
5.3448e-06
5.75826e-06
6.14529e-06
6.50265e-06
6.82778e-06
7.11879e-06
7.37451e-06
7.5944e-06
7.77854e-06
7.92754e-06
8.04249e-06
8.12489e-06
8.17641e-06
8.19874e-06
8.19511e-06
8.16704e-06
8.11681e-06
8.04664e-06
7.95865e-06
7.85489e-06
7.73723e-06
7.60743e-06
7.46705e-06
7.31753e-06
7.1601e-06
6.99587e-06
6.82578e-06
6.65062e-06
6.47107e-06
6.28769e-06
6.1009e-06
5.91108e-06
5.71848e-06
5.5233e-06
5.3257e-06
5.12577e-06
4.92357e-06
4.71916e-06
4.51257e-06
4.30383e-06
4.09298e-06
3.8801e-06
3.66527e-06
3.44863e-06
3.23039e-06
3.01078e-06
2.79015e-06
2.56892e-06
2.3476e-06
2.12683e-06
1.90737e-06
1.69012e-06
1.47613e-06
1.26663e-06
1.06306e-06
8.67086e-07
6.80649e-07
5.06089e-07
3.46323e-07
2.05296e-07
8.91072e-08
9.9066e-09
2.54887e-08
2.29185e-07
5.27537e-07
8.88532e-07
1.29543e-06
1.73674e-06
2.20324e-06
2.68685e-06
3.1801e-06
3.6759e-06
4.16748e-06
4.64841e-06
5.11267e-06
5.55473e-06
5.9697e-06
6.35339e-06
6.70238e-06
7.0141e-06
7.28684e-06
7.51968e-06
7.71251e-06
7.86591e-06
7.98108e-06
8.05977e-06
8.10361e-06
8.11581e-06
8.09911e-06
8.05587e-06
7.98884e-06
7.90079e-06
7.79434e-06
7.67199e-06
7.53607e-06
7.38871e-06
7.23182e-06
7.06711e-06
6.89607e-06
6.71998e-06
6.53995e-06
6.35688e-06
6.17153e-06
5.98449e-06
5.79623e-06
5.60709e-06
5.41733e-06
5.22709e-06
5.03646e-06
4.84547e-06
4.6541e-06
4.46229e-06
4.26998e-06
4.07707e-06
3.88347e-06
3.68911e-06
3.49394e-06
3.29792e-06
3.10108e-06
2.90346e-06
2.7052e-06
2.50649e-06
2.3076e-06
2.1089e-06
1.91087e-06
1.71411e-06
1.51935e-06
1.32747e-06
1.13954e-06
9.56801e-07
7.80741e-07
6.1311e-07
4.56028e-07
3.12155e-07
1.85081e-07
8.03434e-08
8.93272e-09
2.68166e-08
2.41119e-07
5.54963e-07
9.34581e-07
1.36222e-06
1.82557e-06
2.31469e-06
2.82072e-06
3.33541e-06
3.85083e-06
4.35939e-06
4.85385e-06
5.32744e-06
5.77401e-06
6.18817e-06
6.56542e-06
6.90223e-06
7.19609e-06
7.44554e-06
7.65009e-06
7.81019e-06
7.92709e-06
8.00268e-06
8.03852e-06
8.03992e-06
8.00864e-06
7.94809e-06
7.86169e-06
7.7528e-06
7.62468e-06
7.4804e-06
7.3228e-06
7.15446e-06
6.97771e-06
6.79458e-06
6.60684e-06
6.416e-06
6.22332e-06
6.02983e-06
5.83636e-06
5.64355e-06
5.45188e-06
5.26166e-06
5.07312e-06
4.88634e-06
4.70133e-06
4.51805e-06
4.33637e-06
4.15613e-06
3.97714e-06
3.7992e-06
3.62209e-06
3.4456e-06
3.26953e-06
3.09371e-06
2.918e-06
2.74228e-06
2.56651e-06
2.39067e-06
2.21485e-06
2.03918e-06
1.86391e-06
1.68935e-06
1.51597e-06
1.34433e-06
1.17517e-06
1.00936e-06
8.47989e-07
6.92343e-07
5.43982e-07
4.04803e-07
2.772e-07
1.64404e-07
7.13809e-08
7.93681e-09
2.82355e-08
2.5387e-07
5.84263e-07
9.83765e-07
1.43353e-06
1.92037e-06
2.43349e-06
2.9632e-06
3.50029e-06
4.03592e-06
4.56149e-06
5.06885e-06
5.55037e-06
5.99921e-06
6.40947e-06
6.77636e-06
7.0963e-06
7.36697e-06
7.58731e-06
7.75743e-06
7.87853e-06
7.95218e-06
7.98137e-06
7.97141e-06
7.92457e-06
7.84506e-06
7.73704e-06
7.60465e-06
7.45188e-06
7.2825e-06
7.09997e-06
6.90743e-06
6.70767e-06
6.50313e-06
6.29588e-06
6.08769e-06
5.87999e-06
5.67394e-06
5.47042e-06
5.27011e-06
5.07347e-06
4.88079e-06
4.69221e-06
4.50776e-06
4.32735e-06
4.15082e-06
3.97793e-06
3.80841e-06
3.64195e-06
3.47821e-06
3.31685e-06
3.15752e-06
2.99989e-06
2.84366e-06
2.68852e-06
2.53423e-06
2.38059e-06
2.22742e-06
2.07462e-06
1.92216e-06
1.77008e-06
1.61848e-06
1.46758e-06
1.31769e-06
1.16926e-06
1.02285e-06
8.79199e-07
7.39204e-07
6.03981e-07
4.74892e-07
3.53614e-07
2.42275e-07
1.43748e-07
6.24289e-08
6.94212e-09
2.97353e-08
2.67346e-07
6.15228e-07
1.03574e-06
1.50884e-06
2.02041e-06
2.55872e-06
3.11306e-06
3.67321e-06
4.22919e-06
4.7713e-06
5.2903e-06
5.77764e-06
6.22572e-06
6.62812e-06
6.97983e-06
7.27734e-06
7.51867e-06
7.70337e-06
7.83237e-06
7.90674e-06
7.93111e-06
7.91052e-06
7.84794e-06
7.74846e-06
7.61716e-06
7.45908e-06
7.27912e-06
7.08185e-06
6.87151e-06
6.6519e-06
6.42638e-06
6.19784e-06
5.96872e-06
5.74105e-06
5.51645e-06
5.2962e-06
5.08123e-06
4.87221e-06
4.66957e-06
4.47353e-06
4.28414e-06
4.10131e-06
3.92482e-06
3.7544e-06
3.58967e-06
3.43022e-06
3.2756e-06
3.12535e-06
2.97899e-06
2.83605e-06
2.69605e-06
2.55856e-06
2.42316e-06
2.28947e-06
2.15715e-06
2.02589e-06
1.89546e-06
1.76567e-06
1.6364e-06
1.50758e-06
1.37925e-06
1.25152e-06
1.1246e-06
9.98794e-07
8.74557e-07
7.52471e-07
6.33287e-07
5.17946e-07
4.0762e-07
3.03774e-07
2.08273e-07
1.2364e-07
5.37146e-08
5.97392e-09
3.1301e-08
2.81414e-07
6.4755e-07
1.08997e-06
1.5874e-06
2.12465e-06
2.68897e-06
3.26855e-06
3.85194e-06
4.42788e-06
4.98541e-06
5.51409e-06
6.00432e-06
6.44773e-06
6.83744e-06
7.16831e-06
7.43707e-06
7.64231e-06
7.7844e-06
7.86369e-06
7.88629e-06
7.8572e-06
7.77988e-06
7.66048e-06
7.50513e-06
7.31996e-06
7.11091e-06
6.8836e-06
6.64316e-06
6.3942e-06
6.14074e-06
5.88621e-06
5.63349e-06
5.38488e-06
5.1422e-06
4.90682e-06
4.6797e-06
4.46148e-06
4.2525e-06
4.05285e-06
3.86246e-06
3.68106e-06
3.50831e-06
3.34373e-06
3.18681e-06
3.03698e-06
2.89364e-06
2.75618e-06
2.624e-06
2.49649e-06
2.37307e-06
2.25317e-06
2.13628e-06
2.02189e-06
1.90956e-06
1.79888e-06
1.68948e-06
1.58108e-06
1.47342e-06
1.36632e-06
1.25966e-06
1.15341e-06
1.04759e-06
9.42342e-07
8.37879e-07
7.34537e-07
6.32778e-07
5.33215e-07
4.36632e-07
3.44023e-07
2.56646e-07
1.76118e-07
1.04623e-07
4.54732e-08
5.0583e-09
3.29122e-08
2.9589e-07
6.80803e-07
1.14575e-06
1.66813e-06
2.23165e-06
2.82239e-06
3.42729e-06
4.03352e-06
4.62839e-06
5.19949e-06
5.73506e-06
6.22443e-06
6.65845e-06
7.02986e-06
7.33356e-06
7.56674e-06
7.72881e-06
7.81916e-06
7.84466e-06
7.8109e-06
7.72143e-06
7.5836e-06
7.40471e-06
7.19215e-06
6.95314e-06
6.69451e-06
6.42249e-06
6.14267e-06
5.85987e-06
5.57817e-06
5.30092e-06
5.03074e-06
4.76966e-06
4.5191e-06
4.28001e-06
4.05295e-06
3.83811e-06
3.63541e-06
3.44456e-06
3.2651e-06
3.09645e-06
2.93794e-06
2.78887e-06
2.64847e-06
2.51599e-06
2.39067e-06
2.27176e-06
2.15855e-06
2.05035e-06
1.94651e-06
1.8464e-06
1.74946e-06
1.65515e-06
1.56299e-06
1.47254e-06
1.38342e-06
1.2953e-06
1.20791e-06
1.12103e-06
1.03451e-06
9.48263e-07
8.62284e-07
7.76635e-07
6.91468e-07
6.07033e-07
5.23689e-07
4.41928e-07
3.62395e-07
2.8592e-07
2.13566e-07
1.46712e-07
8.72279e-08
3.79337e-08
4.22064e-09
3.45425e-08
3.10536e-07
7.14445e-07
1.20215e-06
1.74971e-06
2.33958e-06
2.9566e-06
3.58629e-06
4.2143e-06
4.8263e-06
5.40833e-06
5.94722e-06
6.43119e-06
6.85039e-06
7.19733e-06
7.46717e-06
7.65783e-06
7.76752e-06
7.80249e-06
7.77002e-06
7.67304e-06
7.52014e-06
7.3199e-06
7.08115e-06
6.8126e-06
6.52251e-06
6.21848e-06
5.90723e-06
5.59459e-06
5.28541e-06
4.98357e-06
4.69207e-06
4.41314e-06
4.14824e-06
3.89828e-06
3.66364e-06
3.4443e-06
3.23992e-06
3.04995e-06
2.87362e-06
2.7101e-06
2.55846e-06
2.41773e-06
2.28696e-06
2.16519e-06
2.0515e-06
1.94502e-06
1.8449e-06
1.75038e-06
1.66073e-06
1.57528e-06
1.4934e-06
1.41453e-06
1.33814e-06
1.26377e-06
1.19099e-06
1.11943e-06
1.04878e-06
9.78767e-07
9.09175e-07
8.39845e-07
7.70678e-07
7.01637e-07
6.32748e-07
5.64117e-07
4.95927e-07
4.28458e-07
3.621e-07
2.97372e-07
2.34956e-07
1.75734e-07
1.20866e-07
7.193e-08
3.13012e-08
3.4837e-09
3.616e-08
3.25066e-07
7.47814e-07
1.25808e-06
1.83048e-06
2.44623e-06
3.08873e-06
3.74199e-06
4.38993e-06
5.01649e-06
5.60603e-06
6.14393e-06
6.61735e-06
7.01586e-06
7.33197e-06
7.56136e-06
7.70085e-06
7.75397e-06
7.73117e-06
7.63376e-06
7.47146e-06
7.25418e-06
6.99231e-06
6.69626e-06
6.37598e-06
6.04066e-06
5.69846e-06
5.35639e-06
5.02021e-06
4.69449e-06
4.38266e-06
4.08715e-06
3.80949e-06
3.55043e-06
3.31017e-06
3.08837e-06
2.88436e-06
2.69721e-06
2.52583e-06
2.369e-06
2.2255e-06
2.09406e-06
1.97349e-06
1.86261e-06
1.76034e-06
1.66563e-06
1.57755e-06
1.49522e-06
1.41786e-06
1.34479e-06
1.27536e-06
1.20902e-06
1.14523e-06
1.08354e-06
1.02354e-06
9.64876e-07
9.07223e-07
8.50314e-07
7.93923e-07
7.37868e-07
6.8201e-07
6.2626e-07
5.70575e-07
5.14969e-07
4.59515e-07
4.04355e-07
3.49707e-07
2.95875e-07
2.43272e-07
1.92445e-07
1.44111e-07
9.92271e-08
5.91081e-08
2.57389e-08
2.86555e-09
3.77276e-08
3.39147e-07
7.80147e-07
1.31223e-06
1.90858e-06
2.54902e-06
3.2155e-06
3.8903e-06
4.55554e-06
5.19331e-06
5.78623e-06
6.31827e-06
6.77563e-06
7.14754e-06
7.42675e-06
7.60861e-06
7.69051e-06
7.6883e-06
7.60025e-06
7.43694e-06
7.20945e-06
6.92979e-06
6.61022e-06
6.26263e-06
5.89808e-06
5.52643e-06
5.15613e-06
4.79408e-06
4.44569e-06
4.11493e-06
3.80448e-06
3.5159e-06
3.24983e-06
3.00615e-06
2.78417e-06
2.58281e-06
2.40067e-06
2.23624e-06
2.08789e-06
1.95401e-06
1.83303e-06
1.72343e-06
1.62384e-06
1.53298e-06
1.44969e-06
1.37291e-06
1.30165e-06
1.23501e-06
1.17231e-06
1.11297e-06
1.05642e-06
1.00219e-06
9.49837e-07
8.99009e-07
8.4939e-07
8.00715e-07
7.52762e-07
7.05346e-07
6.58318e-07
6.11561e-07
5.64989e-07
5.1855e-07
4.72225e-07
4.2603e-07
3.80018e-07
3.34319e-07
2.89109e-07
2.44628e-07
2.01192e-07
1.5923e-07
1.19312e-07
8.2209e-08
4.90043e-08
2.13507e-08
2.37774e-09
3.92042e-08
3.52409e-07
8.10593e-07
1.36317e-06
1.98189e-06
2.64515e-06
3.33329e-06
4.02682e-06
4.70596e-06
5.35088e-06
5.94251e-06
6.4635e-06
6.89927e-06
7.23889e-06
7.47567e-06
7.60254e-06
7.63156e-06
7.56565e-06
7.41274e-06
7.1848e-06
6.89535e-06
6.55855e-06
6.1884e-06
5.79812e-06
5.39958e-06
5.00295e-06
4.61656e-06
4.24686e-06
3.89853e-06
3.57462e-06
3.27677e-06
3.00545e-06
2.76024e-06
2.54003e-06
2.34323e-06
2.16795e-06
2.01218e-06
1.87382e-06
1.75084e-06
1.64131e-06
1.54341e-06
1.45547e-06
1.37599e-06
1.30377e-06
1.23772e-06
1.17682e-06
1.12019e-06
1.06708e-06
1.01673e-06
9.68509e-07
9.21924e-07
8.76573e-07
8.3214e-07
7.88376e-07
7.45094e-07
7.02158e-07
6.59478e-07
6.17002e-07
5.74709e-07
5.32604e-07
4.90712e-07
4.49076e-07
4.0775e-07
3.66804e-07
3.2633e-07
2.86413e-07
2.47173e-07
2.08784e-07
1.71482e-07
1.35588e-07
1.0154e-07
6.99499e-08
4.16997e-08
1.81717e-08
2.02415e-09
4.05457e-08
3.64458e-07
8.38248e-07
1.40939e-06
2.0482e-06
2.73162e-06
3.43834e-06
4.14702e-06
4.83596e-06
5.48347e-06
6.0689e-06
6.57376e-06
6.98297e-06
7.28583e-06
7.47363e-06
7.54809e-06
7.51926e-06
7.39097e-06
7.1754e-06
6.88712e-06
6.54203e-06
6.15632e-06
5.74553e-06
5.32381e-06
4.90342e-06
4.49444e-06
4.10468e-06
3.73976e-06
3.40325e-06
3.09698e-06
2.82134e-06
2.57557e-06
2.35814e-06
2.16692e-06
1.99947e-06
1.85324e-06
1.72564e-06
1.61418e-06
1.51654e-06
1.43061e-06
1.3546e-06
1.2869e-06
1.22613e-06
1.17093e-06
1.12025e-06
1.07307e-06
1.02848e-06
9.85768e-07
9.44366e-07
9.03804e-07
8.63715e-07
8.23819e-07
7.8391e-07
7.43847e-07
7.03546e-07
6.62977e-07
6.22155e-07
5.81136e-07
5.40009e-07
4.98892e-07
4.57924e-07
4.17255e-07
3.77043e-07
3.37446e-07
2.98615e-07
2.60698e-07
2.2384e-07
1.88195e-07
1.53942e-07
1.21312e-07
9.06181e-08
6.23182e-08
3.71134e-08
1.61661e-08
1.80085e-09
4.17079e-08
3.74897e-07
8.62199e-07
1.44934e-06
2.10528e-06
2.80548e-06
3.52694e-06
4.24652e-06
4.94063e-06
5.58587e-06
6.16019e-06
6.64422e-06
7.02263e-06
7.28539e-06
7.42305e-06
7.44568e-06
7.35885e-06
7.17148e-06
6.89852e-06
6.55713e-06
6.16547e-06
5.74148e-06
5.30179e-06
4.86108e-06
4.43157e-06
4.0228e-06
3.64165e-06
3.2925e-06
2.97756e-06
2.69727e-06
2.45063e-06
2.23566e-06
2.04974e-06
1.88986e-06
1.75289e-06
1.63575e-06
1.5355e-06
1.44946e-06
1.37519e-06
1.31067e-06
1.25415e-06
1.20391e-06
1.15845e-06
1.11643e-06
1.07664e-06
1.03839e-06
1.00119e-06
9.64593e-07
9.28203e-07
8.91711e-07
8.54877e-07
8.17524e-07
7.79534e-07
7.4084e-07
7.01424e-07
6.61314e-07
6.20578e-07
5.79329e-07
5.37711e-07
4.95904e-07
4.54112e-07
4.12557e-07
3.71473e-07
3.31092e-07
2.91643e-07
2.53342e-07
2.1639e-07
1.80976e-07
1.47287e-07
1.15527e-07
8.59508e-08
5.89218e-08
3.50134e-08
1.52323e-08
1.69647e-09
4.26483e-08
3.83343e-07
8.81572e-07
1.48158e-06
2.15103e-06
2.86394e-06
3.59568e-06
4.32137e-06
5.01572e-06
5.65385e-06
6.21262e-06
6.67209e-06
7.01788e-06
7.23838e-06
7.32596e-06
7.29879e-06
7.1579e-06
6.91743e-06
6.59495e-06
6.21005e-06
5.7828e-06
5.3324e-06
4.87618e-06
4.42887e-06
4.00218e-06
3.60468e-06
3.24196e-06
2.91694e-06
2.63032e-06
2.38105e-06
2.16682e-06
1.98453e-06
1.83062e-06
1.70139e-06
1.59323e-06
1.50274e-06
1.42684e-06
1.36279e-06
1.30824e-06
1.26105e-06
1.21929e-06
1.18152e-06
1.14657e-06
1.11351e-06
1.08162e-06
1.05026e-06
1.01888e-06
9.87082e-07
9.5455e-07
9.21056e-07
8.86436e-07
8.50575e-07
8.13411e-07
7.74924e-07
7.35136e-07
6.94115e-07
6.51974e-07
6.08869e-07
5.65003e-07
5.20621e-07
4.76004e-07
4.31467e-07
3.87343e-07
3.43974e-07
3.01694e-07
2.60817e-07
2.21628e-07
1.84372e-07
1.49266e-07
1.16507e-07
8.63099e-08
5.89659e-08
3.49557e-08
1.51858e-08
1.69088e-09
4.3329e-08
3.89458e-07
8.95589e-07
1.50479e-06
2.18357e-06
2.90458e-06
3.64165e-06
4.36833e-06
5.05789e-06
5.68423e-06
6.22373e-06
6.65751e-06
6.97013e-06
7.14377e-06
7.18937e-06
7.11445e-06
6.92597e-06
6.64065e-06
6.27854e-06
5.86119e-06
5.4101e-06
4.94531e-06
4.48433e-06
4.04147e-06
3.62753e-06
3.2498e-06
2.91237e-06
2.6166e-06
2.36165e-06
2.14512e-06
1.96353e-06
1.81286e-06
1.68887e-06
1.58742e-06
1.5046e-06
1.43691e-06
1.38125e-06
1.33496e-06
1.29574e-06
1.26177e-06
1.23151e-06
1.20368e-06
1.17725e-06
1.1514e-06
1.12548e-06
1.09898e-06
1.07147e-06
1.04264e-06
1.01227e-06
9.80207e-07
9.46361e-07
9.10685e-07
8.7317e-07
8.33841e-07
7.9275e-07
7.49985e-07
7.05675e-07
6.59988e-07
6.13141e-07
5.65399e-07
5.17083e-07
4.68559e-07
4.20239e-07
3.72562e-07
3.2598e-07
2.8093e-07
2.37817e-07
1.96995e-07
1.58759e-07
1.23352e-07
9.09921e-08
6.19418e-08
3.6622e-08
1.58836e-08
1.76804e-09
4.37201e-08
3.92974e-07
9.03634e-07
1.51795e-06
2.20146e-06
2.92556e-06
3.66267e-06
4.3851e-06
5.06529e-06
5.67716e-06
6.19657e-06
6.6017e-06
6.87696e-06
7.00942e-06
7.01773e-06
6.90139e-06
6.67361e-06
6.35334e-06
5.96253e-06
5.5242e-06
5.0608e-06
4.59266e-06
4.13705e-06
3.70745e-06
3.31348e-06
2.96097e-06
2.65248e-06
2.38785e-06
2.16489e-06
1.98003e-06
1.82893e-06
1.70688e-06
1.60926e-06
1.5317e-06
1.47025e-06
1.42142e-06
1.38204e-06
1.34963e-06
1.32262e-06
1.29926e-06
1.27802e-06
1.25781e-06
1.23776e-06
1.21717e-06
1.19548e-06
1.17223e-06
1.14712e-06
1.11992e-06
1.09049e-06
1.05871e-06
1.02455e-06
9.88027e-07
9.49203e-07
9.08174e-07
8.65038e-07
8.19914e-07
7.72945e-07
7.24298e-07
6.74175e-07
6.22824e-07
5.70547e-07
5.17714e-07
4.64763e-07
4.12194e-07
3.60552e-07
3.104e-07
2.62285e-07
2.16709e-07
1.74099e-07
1.34799e-07
9.90855e-08
6.72368e-08
3.96539e-08
1.71711e-08
1.91082e-09
4.3804e-08
3.93726e-07
9.05317e-07
1.52041e-06
2.20384e-06
2.92611e-06
3.65897e-06
4.37379e-06
5.04186e-06
5.63526e-06
6.12863e-06
6.50333e-06
6.74405e-06
6.8434e-06
6.81799e-06
6.66855e-06
6.41119e-06
6.06663e-06
5.65819e-06
5.20989e-06
4.74456e-06
4.2824e-06
3.83999e-06
3.4298e-06
3.06009e-06
2.73529e-06
2.45651e-06
2.22228e-06
2.02933e-06
1.87324e-06
1.74903e-06
1.65166e-06
1.5763e-06
1.51859e-06
1.47419e-06
1.4399e-06
1.41383e-06
1.39369e-06
1.37711e-06
1.3625e-06
1.34872e-06
1.33482e-06
1.32e-06
1.30364e-06
1.28525e-06
1.26445e-06
1.24093e-06
1.21446e-06
1.18494e-06
1.1524e-06
1.11691e-06
1.07855e-06
1.03743e-06
9.93692e-07
9.47549e-07
8.99197e-07
8.48836e-07
7.96666e-07
7.42881e-07
6.87696e-07
6.31359e-07
5.74184e-07
5.16568e-07
4.59001e-07
4.02064e-07
3.4641e-07
2.9272e-07
2.41662e-07
1.93837e-07
1.49747e-07
1.09788e-07
7.43079e-08
4.37303e-08
1.89088e-08
2.10376e-09
4.36071e-08
3.91976e-07
9.01344e-07
1.51356e-06
2.19297e-06
2.90919e-06
3.63259e-06
4.33341e-06
4.98248e-06
5.55263e-06
6.02067e-06
6.36792e-06
6.57812e-06
6.65094e-06
6.59829e-06
6.42478e-06
6.14793e-06
5.78963e-06
5.37408e-06
4.92564e-06
4.46706e-06
4.01803e-06
3.59422e-06
3.20695e-06
2.8632e-06
2.5661e-06
2.31558e-06
2.10919e-06
1.94286e-06
1.81163e-06
1.71023e-06
1.63346e-06
1.57625e-06
1.53369e-06
1.50371e-06
1.48321e-06
1.46893e-06
1.45869e-06
1.45082e-06
1.44399e-06
1.4371e-06
1.42921e-06
1.41957e-06
1.40752e-06
1.39255e-06
1.37421e-06
1.35224e-06
1.32642e-06
1.29665e-06
1.26289e-06
1.22519e-06
1.18378e-06
1.13903e-06
1.09123e-06
1.04066e-06
9.87648e-07
9.32548e-07
8.75661e-07
8.17244e-07
7.57516e-07
6.9668e-07
6.34961e-07
5.72648e-07
5.10135e-07
4.47947e-07
3.8674e-07
3.27276e-07
2.70371e-07
2.16818e-07
1.67324e-07
1.22467e-07
8.2724e-08
4.85944e-08
2.09843e-08
2.33437e-09
4.30815e-08
3.87269e-07
8.90542e-07
1.49514e-06
2.16506e-06
2.8692e-06
3.57742e-06
4.26005e-06
4.88833e-06
5.43554e-06
5.87885e-06
6.20085e-06
6.3857e-06
6.43805e-06
6.36611e-06
6.17768e-06
5.89116e-06
5.52903e-06
5.11569e-06
4.67537e-06
4.23032e-06
3.79941e-06
3.39733e-06
3.03426e-06
2.71608e-06
2.44488e-06
2.21974e-06
2.03753e-06
1.89373e-06
1.78311e-06
1.7003e-06
1.63957e-06
1.59668e-06
1.56889e-06
1.5516e-06
1.54197e-06
1.53767e-06
1.53645e-06
1.53674e-06
1.53748e-06
1.53767e-06
1.5363e-06
1.53251e-06
1.5257e-06
1.51519e-06
1.50046e-06
1.48108e-06
1.45674e-06
1.42724e-06
1.39251e-06
1.3527e-06
1.30801e-06
1.25875e-06
1.20541e-06
1.1486e-06
1.08895e-06
1.02704e-06
9.63402e-07
8.98478e-07
8.32612e-07
7.66043e-07
6.98942e-07
6.3147e-07
5.63848e-07
4.9643e-07
4.29752e-07
3.64545e-07
3.01693e-07
2.42158e-07
1.86872e-07
1.36651e-07
9.21678e-08
5.40566e-08
2.33139e-08
2.59333e-09
4.2227e-08
3.79599e-07
8.72918e-07
1.46533e-06
2.12096e-06
2.80861e-06
3.49804e-06
4.15961e-06
4.765e-06
5.28843e-06
5.70815e-06
6.00798e-06
6.17309e-06
6.21102e-06
6.12774e-06
5.9332e-06
5.64612e-06
5.28893e-06
4.88571e-06
4.46008e-06
4.03348e-06
3.62381e-06
3.24477e-06
2.90554e-06
2.61115e-06
2.36298e-06
2.15957e-06
1.99745e-06
1.87195e-06
1.77782e-06
1.70904e-06
1.66187e-06
1.6321e-06
1.61572e-06
1.60912e-06
1.60843e-06
1.61257e-06
1.61976e-06
1.62843e-06
1.63733e-06
1.64538e-06
1.65152e-06
1.65439e-06
1.65447e-06
1.65012e-06
1.64083e-06
1.62596e-06
1.60498e-06
1.57752e-06
1.54334e-06
1.50236e-06
1.45476e-06
1.40091e-06
1.34144e-06
1.27715e-06
1.20897e-06
1.13787e-06
1.06479e-06
9.90593e-07
9.15951e-07
8.41334e-07
7.67003e-07
6.9306e-07
6.19544e-07
5.46551e-07
4.74351e-07
4.03476e-07
3.34735e-07
2.69162e-07
2.07886e-07
1.51989e-07
1.02407e-07
5.99789e-08
2.58364e-08
2.8738e-09
4.10942e-08
3.69435e-07
8.496e-07
1.42608e-06
2.06349e-06
2.73077e-06
3.39792e-06
4.03576e-06
4.61682e-06
5.11644e-06
5.51419e-06
5.79517e-06
5.94607e-06
5.97541e-06
5.88824e-06
5.6956e-06
5.41595e-06
5.07115e-06
4.68447e-06
4.27854e-06
3.87376e-06
3.48701e-06
3.13104e-06
2.81428e-06
2.54116e-06
2.31265e-06
2.12711e-06
1.98101e-06
1.8697e-06
1.78728e-06
1.73049e-06
1.6941e-06
1.67452e-06
1.66735e-06
1.66797e-06
1.67545e-06
1.6877e-06
1.70298e-06
1.71985e-06
1.73707e-06
1.75355e-06
1.76827e-06
1.78027e-06
1.78835e-06
1.79158e-06
1.79014e-06
1.78228e-06
1.76732e-06
1.74458e-06
1.7135e-06
1.67378e-06
1.62529e-06
1.56829e-06
1.50334e-06
1.43135e-06
1.35353e-06
1.27128e-06
1.18609e-06
1.09942e-06
1.01257e-06
9.26535e-07
8.41945e-07
7.59068e-07
6.77882e-07
5.98226e-07
5.19997e-07
4.43341e-07
3.6878e-07
2.97235e-07
2.29928e-07
1.68187e-07
1.13255e-07
6.62527e-08
2.85037e-08
3.17041e-09
3.97216e-08
3.57116e-07
8.21346e-07
1.37865e-06
1.99443e-06
2.63814e-06
3.28029e-06
3.89251e-06
4.44842e-06
4.9247e-06
5.30237e-06
5.56788e-06
5.70971e-06
5.73584e-06
5.65138e-06
5.46753e-06
5.20202e-06
4.8757e-06
4.51058e-06
4.12807e-06
3.74733e-06
3.38422e-06
3.05067e-06
2.75454e-06
2.49993e-06
2.28772e-06
2.11635e-06
1.98202e-06
1.88e-06
1.80758e-06
1.75907e-06
1.73059e-06
1.71834e-06
1.71671e-06
1.72401e-06
1.73825e-06
1.75747e-06
1.78004e-06
1.80459e-06
1.82993e-06
1.85498e-06
1.87871e-06
1.90011e-06
1.91816e-06
1.93185e-06
1.93924e-06
1.94078e-06
1.93485e-06
1.92018e-06
1.8958e-06
1.86095e-06
1.81512e-06
1.75816e-06
1.69033e-06
1.61242e-06
1.52567e-06
1.43181e-06
1.33286e-06
1.23102e-06
1.12845e-06
1.02704e-06
9.2818e-07
8.32712e-07
7.40859e-07
6.52382e-07
5.66817e-07
4.83784e-07
4.03275e-07
3.25839e-07
2.52576e-07
1.84955e-07
1.24532e-07
7.27771e-08
3.12717e-08
3.47824e-09
3.81512e-08
3.43018e-07
7.89012e-07
1.32445e-06
1.91583e-06
2.53341e-06
3.14854e-06
3.7339e-06
4.2644e-06
4.71822e-06
5.07785e-06
5.33107e-06
5.46831e-06
5.49596e-06
5.41972e-06
5.25033e-06
5.00437e-06
4.70129e-06
4.36161e-06
4.00522e-06
3.64999e-06
3.31077e-06
2.99875e-06
2.72142e-06
2.48279e-06
2.28364e-06
2.12169e-06
1.99502e-06
1.90115e-06
1.83464e-06
1.79113e-06
1.76753e-06
1.75924e-06
1.76165e-06
1.77355e-06
1.79271e-06
1.81729e-06
1.84576e-06
1.87681e-06
1.90932e-06
1.94225e-06
1.9746e-06
2.00537e-06
2.0335e-06
2.05788e-06
2.07727e-06
2.08993e-06
2.09472e-06
2.09135e-06
2.07749e-06
2.05184e-06
2.01332e-06
1.96119e-06
1.89511e-06
1.81537e-06
1.72293e-06
1.61948e-06
1.50734e-06
1.38937e-06
1.26867e-06
1.1483e-06
1.03089e-06
9.18357e-07
8.11701e-07
7.11024e-07
6.15733e-07
5.24934e-07
4.37901e-07
3.54499e-07
2.75394e-07
2.01978e-07
1.36042e-07
7.94436e-08
3.40938e-08
3.79209e-09
3.64289e-08
3.27553e-07
7.53533e-07
1.26503e-06
1.82988e-06
2.41945e-06
3.00619e-06
3.56401e-06
4.06926e-06
4.50169e-06
4.84529e-06
5.08907e-06
5.22534e-06
5.2585e-06
5.19488e-06
5.04435e-06
4.82211e-06
4.54593e-06
4.23458e-06
3.90632e-06
3.57766e-06
3.26241e-06
2.97114e-06
2.7111e-06
2.48539e-06
2.29492e-06
2.14077e-06
2.02078e-06
1.93079e-06
1.86699e-06
1.82551e-06
1.80354e-06
1.79655e-06
1.80085e-06
1.81496e-06
1.83679e-06
1.86461e-06
1.89697e-06
1.93265e-06
1.97061e-06
2.00988e-06
2.04952e-06
2.08859e-06
2.12607e-06
2.16083e-06
2.19161e-06
2.21701e-06
2.23535e-06
2.24395e-06
2.24364e-06
2.231e-06
2.20444e-06
2.16245e-06
2.10393e-06
2.02833e-06
1.93586e-06
1.8277e-06
1.70598e-06
1.57381e-06
1.43503e-06
1.2939e-06
1.15456e-06
1.02057e-06
8.94364e-07
7.77074e-07
6.68505e-07
5.67524e-07
4.72671e-07
3.82865e-07
2.97953e-07
2.18907e-07
1.47556e-07
8.61258e-08
3.69164e-08
4.10596e-09
3.46023e-08
3.11145e-07
7.15877e-07
1.20198e-06
1.73885e-06
2.29915e-06
2.85665e-06
3.3867e-06
3.86716e-06
4.27937e-06
4.60876e-06
4.8455e-06
4.98358e-06
5.02545e-06
4.97776e-06
4.84938e-06
4.65393e-06
4.40733e-06
4.12647e-06
3.82788e-06
3.52661e-06
3.23544e-06
2.96433e-06
2.71876e-06
2.50378e-06
2.32284e-06
2.17497e-06
2.05797e-06
1.96917e-06
1.90537e-06
1.86318e-06
1.83986e-06
1.83174e-06
1.83533e-06
1.8491e-06
1.8711e-06
1.89971e-06
1.93357e-06
1.97155e-06
2.01268e-06
2.05609e-06
2.10094e-06
2.14638e-06
2.19146e-06
2.23514e-06
2.27619e-06
2.3132e-06
2.34453e-06
2.36836e-06
2.38162e-06
2.38402e-06
2.37273e-06
2.3453e-06
2.29979e-06
2.23468e-06
2.14913e-06
2.04327e-06
1.91844e-06
1.77734e-06
1.62395e-06
1.46331e-06
1.30105e-06
1.14261e-06
9.92562e-07
8.53857e-07
7.27549e-07
6.12903e-07
5.08021e-07
4.10788e-07
3.19871e-07
2.35366e-07
1.58811e-07
9.26743e-08
3.96761e-08
4.4128e-09
3.27193e-08
2.94224e-07
6.77017e-07
1.13689e-06
1.64494e-06
2.17529e-06
2.70319e-06
3.20555e-06
3.66184e-06
4.05494e-06
4.3717e-06
4.60336e-06
4.74522e-06
4.79828e-06
4.76891e-06
4.665e-06
4.49849e-06
4.28339e-06
4.03463e-06
3.76694e-06
3.49388e-06
3.22711e-06
2.97459e-06
2.74432e-06
2.54186e-06
2.36843e-06
2.22429e-06
2.10838e-06
2.01869e-06
1.95263e-06
1.90735e-06
1.88015e-06
1.86841e-06
1.86874e-06
1.87962e-06
1.89923e-06
1.92607e-06
1.95888e-06
1.99662e-06
2.03841e-06
2.08346e-06
2.13105e-06
2.18041e-06
2.23072e-06
2.28103e-06
2.33021e-06
2.3769e-06
2.41948e-06
2.45612e-06
2.48466e-06
2.502e-06
2.50665e-06
2.49607e-06
2.46714e-06
2.41746e-06
2.34511e-06
2.24896e-06
2.12899e-06
1.98677e-06
1.82557e-06
1.65042e-06
1.46776e-06
1.28478e-06
1.1084e-06
9.44191e-07
7.95461e-07
6.62876e-07
5.44814e-07
4.38382e-07
3.40854e-07
2.50972e-07
1.69508e-07
9.89139e-08
4.22986e-08
4.70431e-09
3.0828e-08
2.77203e-07
6.37911e-07
1.07134e-06
1.5503e-06
2.05052e-06
2.54885e-06
3.02384e-06
3.45663e-06
3.83166e-06
4.13711e-06
4.3652e-06
4.51217e-06
4.57829e-06
4.56889e-06
4.49102e-06
4.35494e-06
4.17272e-06
3.95732e-06
3.72161e-06
3.47758e-06
3.23541e-06
3.00354e-06
2.79022e-06
2.59895e-06
2.43232e-06
2.29128e-06
2.17545e-06
2.08353e-06
2.01358e-06
1.96336e-06
1.93048e-06
1.91264e-06
1.90747e-06
1.91308e-06
1.92787e-06
1.95049e-06
1.97978e-06
2.01478e-06
2.0547e-06
2.09886e-06
2.1466e-06
2.19726e-06
2.25013e-06
2.30435e-06
2.35887e-06
2.41246e-06
2.46359e-06
2.51043e-06
2.55088e-06
2.58252e-06
2.60213e-06
2.60758e-06
2.59604e-06
2.56403e-06
2.50878e-06
2.42798e-06
2.32019e-06
2.1853e-06
2.02508e-06
1.8435e-06
1.64677e-06
1.44293e-06
1.24093e-06
1.04922e-06
8.74265e-07
7.19326e-07
5.84234e-07
4.66034e-07
3.6074e-07
2.65357e-07
1.7932e-07
1.04644e-07
4.46982e-08
4.97091e-09
2.89747e-08
2.60524e-07
5.99528e-07
1.00688e-06
1.45709e-06
1.92746e-06
2.39654e-06
2.84463e-06
3.25459e-06
3.61245e-06
3.9077e-06
4.13347e-06
4.28647e-06
4.367e-06
4.37875e-06
4.32811e-06
4.22358e-06
4.07539e-06
3.89458e-06
3.69229e-06
3.47909e-06
3.26216e-06
3.05305e-06
2.85661e-06
2.67734e-06
2.51812e-06
2.38043e-06
2.26457e-06
2.16991e-06
2.09521e-06
2.03881e-06
1.99886e-06
1.97345e-06
1.96075e-06
1.95909e-06
1.96679e-06
1.98298e-06
2.00649e-06
2.03646e-06
2.07216e-06
2.113e-06
2.1584e-06
2.20777e-06
2.26045e-06
2.31569e-06
2.37252e-06
2.42978e-06
2.48603e-06
2.53955e-06
2.58829e-06
2.62995e-06
2.66189e-06
2.68084e-06
2.6844e-06
2.66913e-06
2.63156e-06
2.56856e-06
2.47751e-06
2.3567e-06
2.20592e-06
2.02726e-06
1.82549e-06
1.60821e-06
1.38521e-06
1.16732e-06
9.64455e-07
7.83652e-07
6.27529e-07
4.94349e-07
3.79508e-07
2.78184e-07
1.87898e-07
1.09639e-07
4.67772e-08
5.20167e-09
2.72081e-08
2.44625e-07
5.62857e-07
9.45116e-07
1.36746e-06
1.80878e-06
2.24934e-06
2.67126e-06
3.05918e-06
3.40073e-06
3.68675e-06
3.91123e-06
4.07126e-06
4.16685e-06
4.20078e-06
4.17838e-06
4.10661e-06
3.99343e-06
3.84837e-06
3.68082e-06
3.49788e-06
3.31056e-06
3.12512e-06
2.94738e-06
2.78178e-06
2.63146e-06
2.49833e-06
2.38327e-06
2.28633e-06
2.20691e-06
2.14398e-06
2.09624e-06
2.06228e-06
2.04068e-06
2.0301e-06
2.02933e-06
2.03684e-06
2.05256e-06
2.0754e-06
2.10472e-06
2.14001e-06
2.18068e-06
2.22618e-06
2.2759e-06
2.32915e-06
2.38503e-06
2.44246e-06
2.50005e-06
2.55618e-06
2.6089e-06
2.65604e-06
2.69512e-06
2.72341e-06
2.73791e-06
2.73557e-06
2.71297e-06
2.66659e-06
2.59311e-06
2.48959e-06
2.35407e-06
2.1864e-06
1.98911e-06
1.76803e-06
1.53217e-06
1.2933e-06
1.06418e-06
8.56008e-07
6.75589e-07
5.23991e-07
3.97251e-07
2.8914e-07
1.94886e-07
1.13655e-07
4.84249e-08
5.38383e-09
2.55831e-08
2.29997e-07
5.29001e-07
8.87822e-07
1.28387e-06
1.69747e-06
2.1106e-06
2.5073e-06
2.87415e-06
3.20052e-06
3.47851e-06
3.70293e-06
3.87115e-06
3.98293e-06
4.04021e-06
4.04687e-06
4.0092e-06
3.93244e-06
3.82475e-06
3.69249e-06
3.54301e-06
3.38599e-06
3.22647e-06
3.06979e-06
2.92024e-06
2.78108e-06
2.65455e-06
2.54204e-06
2.44417e-06
2.36096e-06
2.292e-06
2.23654e-06
2.1937e-06
2.16248e-06
2.14192e-06
2.13111e-06
2.12922e-06
2.13496e-06
2.14856e-06
2.1693e-06
2.19653e-06
2.22985e-06
2.26882e-06
2.31281e-06
2.36109e-06
2.41274e-06
2.46669e-06
2.52162e-06
2.576e-06
2.62799e-06
2.67556e-06
2.71642e-06
2.74807e-06
2.7678e-06
2.77271e-06
2.75997e-06
2.72584e-06
2.66715e-06
2.58015e-06
2.46162e-06
2.30951e-06
2.12397e-06
1.90864e-06
1.66987e-06
1.41849e-06
1.16858e-06
9.3458e-07
7.28382e-07
5.55406e-07
4.14102e-07
2.97869e-07
1.99564e-07
1.16015e-07
4.93204e-08
5.48244e-09
2.41683e-08
2.17229e-07
4.99301e-07
8.37156e-07
1.20923e-06
1.59715e-06
1.98462e-06
2.35768e-06
2.70499e-06
3.01773e-06
3.28942e-06
3.51564e-06
3.69396e-06
3.82378e-06
3.90623e-06
3.94403e-06
3.94134e-06
3.90413e-06
3.83427e-06
3.73725e-06
3.62457e-06
3.50003e-06
3.36896e-06
3.23609e-06
3.10545e-06
2.98026e-06
2.863e-06
2.75541e-06
2.65863e-06
2.57322e-06
2.49935e-06
2.43686e-06
2.38535e-06
2.34431e-06
2.31316e-06
2.29132e-06
2.27822e-06
2.27337e-06
2.27599e-06
2.28566e-06
2.3027e-06
2.32617e-06
2.35563e-06
2.39051e-06
2.43016e-06
2.47368e-06
2.52001e-06
2.56782e-06
2.61566e-06
2.6618e-06
2.70436e-06
2.74122e-06
2.77012e-06
2.78861e-06
2.79407e-06
2.78442e-06
2.75572e-06
2.70448e-06
2.62817e-06
2.52377e-06
2.38855e-06
2.22039e-06
2.01835e-06
1.78594e-06
1.5317e-06
1.2696e-06
1.01515e-06
7.84304e-07
5.88466e-07
4.3021e-07
3.04326e-07
2.01501e-07
1.16715e-07
4.95218e-08
5.50358e-09
2.30564e-08
2.0715e-07
4.75618e-07
7.96132e-07
1.14773e-06
1.51311e-06
1.87774e-06
2.22986e-06
2.56035e-06
2.86234e-06
3.13069e-06
3.36177e-06
3.55328e-06
3.7042e-06
3.81484e-06
3.8869e-06
3.92253e-06
3.92114e-06
3.88877e-06
3.83335e-06
3.75905e-06
3.66967e-06
3.56979e-06
3.46359e-06
3.35475e-06
3.24644e-06
3.14121e-06
3.04112e-06
2.94767e-06
2.86193e-06
2.78459e-06
2.716e-06
2.65632e-06
2.60548e-06
2.56334e-06
2.52966e-06
2.50417e-06
2.48659e-06
2.4766e-06
2.47398e-06
2.47773e-06
2.48809e-06
2.50494e-06
2.5272e-06
2.55429e-06
2.58535e-06
2.61936e-06
2.6551e-06
2.69116e-06
2.72598e-06
2.75779e-06
2.78467e-06
2.80456e-06
2.81533e-06
2.81471e-06
2.8014e-06
2.77072e-06
2.71992e-06
2.64696e-06
2.54939e-06
2.42447e-06
2.26961e-06
2.08323e-06
1.86567e-06
1.62056e-06
1.35697e-06
1.09052e-06
8.39542e-07
6.21744e-07
4.45246e-07
3.07786e-07
2.01119e-07
1.15726e-07
4.89324e-08
5.43547e-09
2.23665e-08
2.00823e-07
4.60335e-07
7.68598e-07
1.1047e-06
1.45223e-06
1.7985e-06
2.13415e-06
2.45248e-06
2.74854e-06
3.01853e-06
3.25939e-06
3.46884e-06
3.64561e-06
3.78823e-06
3.89408e-06
3.96209e-06
3.99909e-06
4.01132e-06
3.99962e-06
3.96582e-06
3.91324e-06
3.84633e-06
3.76872e-06
3.68376e-06
3.59447e-06
3.50348e-06
3.41299e-06
3.32486e-06
3.24054e-06
3.16116e-06
3.08759e-06
3.02041e-06
2.96003e-06
2.9067e-06
2.86055e-06
2.82159e-06
2.78978e-06
2.76496e-06
2.74693e-06
2.73538e-06
2.73008e-06
2.73061e-06
2.73557e-06
2.74576e-06
2.75969e-06
2.77638e-06
2.79474e-06
2.81349e-06
2.83123e-06
2.84636e-06
2.85708e-06
2.86147e-06
2.85827e-06
2.84585e-06
2.82041e-06
2.78022e-06
2.72409e-06
2.64953e-06
2.55358e-06
2.43312e-06
2.28518e-06
2.1077e-06
1.90107e-06
1.66792e-06
1.4129e-06
1.14719e-06
8.86956e-07
6.51939e-07
4.57889e-07
3.08558e-07
1.97309e-07
1.12215e-07
4.72013e-08
5.24006e-09
2.22233e-08
1.99365e-07
4.55984e-07
7.58615e-07
1.08566e-06
1.42148e-06
1.7556e-06
2.08118e-06
2.39389e-06
2.69056e-06
2.96847e-06
3.2249e-06
3.45588e-06
3.65673e-06
3.82531e-06
3.96381e-06
4.07516e-06
4.1585e-06
4.21314e-06
4.24126e-06
4.24534e-06
4.22973e-06
4.19548e-06
4.14649e-06
4.08596e-06
4.01672e-06
3.94137e-06
3.86222e-06
3.7813e-06
3.70036e-06
3.62085e-06
3.54397e-06
3.47071e-06
3.40182e-06
3.33788e-06
3.27931e-06
3.22639e-06
3.17926e-06
3.13794e-06
3.10238e-06
3.07238e-06
3.0477e-06
3.02795e-06
3.01259e-06
3.00114e-06
2.99288e-06
2.98697e-06
2.98244e-06
2.97821e-06
2.97318e-06
2.96598e-06
2.9548e-06
2.93785e-06
2.91351e-06
2.88009e-06
2.83675e-06
2.7823e-06
2.71441e-06
2.63119e-06
2.53062e-06
2.4104e-06
2.26794e-06
2.10043e-06
1.90528e-06
1.68188e-06
1.43421e-06
1.17202e-06
9.11796e-07
6.69656e-07
4.63538e-07
3.05091e-07
1.89719e-07
1.0595e-07
4.42e-08
4.90241e-09
2.25928e-08
2.02406e-07
4.61695e-07
7.65056e-07
1.08989e-06
1.42093e-06
1.74905e-06
2.07045e-06
2.3827e-06
2.68359e-06
2.97019e-06
3.23973e-06
3.48873e-06
3.71523e-06
3.91716e-06
4.09188e-06
4.23785e-06
4.35542e-06
4.44508e-06
4.50808e-06
4.54628e-06
4.562e-06
4.55793e-06
4.53766e-06
4.50146e-06
4.45324e-06
4.3953e-06
4.32989e-06
4.25903e-06
4.18453e-06
4.108e-06
4.03081e-06
3.95415e-06
3.87898e-06
3.80612e-06
3.7362e-06
3.66969e-06
3.60693e-06
3.54814e-06
3.49339e-06
3.44266e-06
3.39583e-06
3.35266e-06
3.3128e-06
3.27583e-06
3.24121e-06
3.20828e-06
3.17627e-06
3.14425e-06
3.11104e-06
3.07539e-06
3.03644e-06
2.9932e-06
2.9445e-06
2.88903e-06
2.82532e-06
2.75197e-06
2.66777e-06
2.57141e-06
2.46143e-06
2.33619e-06
2.19378e-06
2.03211e-06
1.84915e-06
1.64357e-06
1.41595e-06
1.1706e-06
9.17583e-07
6.75235e-07
4.63727e-07
2.97164e-07
1.78233e-07
9.66762e-08
3.97872e-08
4.40603e-09
2.33174e-08
2.0848e-07
4.73514e-07
7.79168e-07
1.10104e-06
1.42533e-06
1.74653e-06
2.06245e-06
2.37177e-06
2.67275e-06
2.96302e-06
3.23916e-06
3.49931e-06
3.74012e-06
3.95873e-06
4.15289e-06
4.32116e-06
4.46298e-06
4.57846e-06
4.66841e-06
4.73416e-06
4.77739e-06
4.79997e-06
4.80378e-06
4.7928e-06
4.76673e-06
4.72748e-06
4.67771e-06
4.61924e-06
4.55381e-06
4.48295e-06
4.40809e-06
4.3305e-06
4.25125e-06
4.17132e-06
4.0915e-06
4.01245e-06
3.93471e-06
3.85869e-06
3.78466e-06
3.71282e-06
3.64323e-06
3.57588e-06
3.51063e-06
3.44728e-06
3.38553e-06
3.32498e-06
3.26512e-06
3.20532e-06
3.14464e-06
3.08202e-06
3.01679e-06
2.94819e-06
2.87542e-06
2.79762e-06
2.71389e-06
2.62332e-06
2.52498e-06
2.41791e-06
2.30107e-06
2.17325e-06
2.03307e-06
1.87894e-06
1.70915e-06
1.52231e-06
1.31807e-06
1.09852e-06
8.70086e-07
6.45276e-07
4.4193e-07
2.77546e-07
1.60249e-07
8.35762e-08
3.36822e-08
3.72088e-09
2.34834e-08
2.0915e-07
4.71892e-07
7.69895e-07
1.07899e-06
1.388e-06
1.69332e-06
1.99423e-06
2.29058e-06
2.581e-06
2.8629e-06
3.13286e-06
3.38723e-06
3.62328e-06
3.83855e-06
4.03121e-06
4.20009e-06
4.34466e-06
4.46503e-06
4.56179e-06
4.63587e-06
4.68851e-06
4.72105e-06
4.73498e-06
4.73276e-06
4.71792e-06
4.68765e-06
4.64562e-06
4.59362e-06
4.53318e-06
4.4657e-06
4.3925e-06
4.31482e-06
4.23369e-06
4.15006e-06
4.06474e-06
3.97844e-06
3.89172e-06
3.80507e-06
3.71886e-06
3.63336e-06
3.54875e-06
3.46511e-06
3.38246e-06
3.30074e-06
3.21981e-06
3.13947e-06
3.05941e-06
2.97926e-06
2.89862e-06
2.81735e-06
2.73502e-06
2.65118e-06
2.5653e-06
2.47682e-06
2.38517e-06
2.28971e-06
2.18979e-06
2.08471e-06
1.97369e-06
1.85585e-06
1.73015e-06
1.59537e-06
1.45016e-06
1.2932e-06
1.1237e-06
9.42337e-07
7.52785e-07
5.63274e-07
3.8726e-07
2.40584e-07
1.34092e-07
6.6482e-08
2.59221e-08
2.85091e-09
2.18236e-08
1.93119e-07
4.30346e-07
6.91706e-07
9.58135e-07
1.22326e-06
1.48581e-06
1.74525e-06
2.00054e-06
2.24947e-06
2.48917e-06
2.7167e-06
2.92935e-06
3.12511e-06
3.30252e-06
3.46047e-06
3.59833e-06
3.71589e-06
3.81335e-06
3.89116e-06
3.95e-06
3.99073e-06
4.01429e-06
4.02167e-06
4.01637e-06
3.99961e-06
3.96926e-06
3.92835e-06
3.87825e-06
3.82027e-06
3.75553e-06
3.68512e-06
3.61003e-06
3.53118e-06
3.44941e-06
3.36545e-06
3.27996e-06
3.19353e-06
3.10664e-06
3.01974e-06
2.93316e-06
2.84709e-06
2.76176e-06
2.6774e-06
2.59417e-06
2.51216e-06
2.4314e-06
2.3518e-06
2.27327e-06
2.19582e-06
2.11935e-06
2.04353e-06
1.96802e-06
1.89247e-06
1.81651e-06
1.73974e-06
1.66175e-06
1.58208e-06
1.50024e-06
1.41569e-06
1.32779e-06
1.23581e-06
1.13887e-06
1.03594e-06
9.25913e-07
8.07851e-07
6.81604e-07
5.48836e-07
4.14332e-07
2.86765e-07
1.7751e-07
9.62574e-08
4.50693e-08
1.66707e-08
1.81626e-09
1.55355e-08
1.35011e-07
2.92846e-07
4.61109e-07
6.29391e-07
7.93184e-07
9.50697e-07
1.10103e-06
1.24336e-06
1.37696e-06
1.50118e-06
1.61539e-06
1.71912e-06
1.81208e-06
1.89415e-06
1.96538e-06
2.0259e-06
2.07594e-06
2.1158e-06
2.14589e-06
2.16663e-06
2.17845e-06
2.18124e-06
2.17789e-06
2.1683e-06
2.15143e-06
2.12889e-06
2.10123e-06
2.06905e-06
2.03295e-06
1.99347e-06
1.95115e-06
1.90649e-06
1.85996e-06
1.81197e-06
1.76292e-06
1.71316e-06
1.66302e-06
1.61278e-06
1.56268e-06
1.51293e-06
1.46379e-06
1.41541e-06
1.36785e-06
1.32114e-06
1.27533e-06
1.23043e-06
1.18619e-06
1.14257e-06
1.09958e-06
1.05722e-06
1.01542e-06
9.74093e-07
9.33125e-07
8.92372e-07
8.5167e-07
8.10835e-07
7.69664e-07
7.27926e-07
6.85365e-07
6.41686e-07
5.96542e-07
5.49524e-07
5.00141e-07
4.47832e-07
3.9203e-07
3.32368e-07
2.6915e-07
2.04134e-07
1.41277e-07
8.64764e-08
4.53094e-08
1.97161e-08
6.68368e-09
7.26201e-10
2.71136e-09
1.98456e-08
4.07753e-08
6.19378e-08
8.22204e-08
1.01172e-07
1.18759e-07
1.35095e-07
1.5029e-07
1.64421e-07
1.77524e-07
1.89599e-07
2.00626e-07
2.1058e-07
2.19449e-07
2.27234e-07
2.3394e-07
2.39572e-07
2.44146e-07
2.47684e-07
2.50216e-07
2.51776e-07
2.5231e-07
2.52087e-07
2.51266e-07
2.49565e-07
2.47171e-07
2.44175e-07
2.40637e-07
2.3662e-07
2.32185e-07
2.27392e-07
2.22297e-07
2.16956e-07
2.11418e-07
2.05731e-07
1.99937e-07
1.94075e-07
1.88181e-07
1.82284e-07
1.76413e-07
1.70594e-07
1.64849e-07
1.59191e-07
1.5363e-07
1.4817e-07
1.42821e-07
1.37678e-07
1.32672e-07
1.27768e-07
1.22949e-07
1.18204e-07
1.13521e-07
1.08889e-07
1.04293e-07
9.97164e-08
9.51413e-08
9.05463e-08
8.59079e-08
8.1199e-08
7.63889e-08
7.14418e-08
6.63148e-08
6.09565e-08
5.53058e-08
4.92939e-08
4.28578e-08
3.59736e-08
2.87247e-08
2.13903e-08
1.449e-08
8.67372e-09
4.43107e-09
1.78921e-09
2.40131e-10
)
;

boundaryField
{
    movingWall
    {
        type            kqRWallFunction;
        value           nonuniform List<scalar> 
75
(
2.71136e-09
1.98456e-08
4.07753e-08
6.19378e-08
8.22204e-08
1.01172e-07
1.18759e-07
1.35095e-07
1.5029e-07
1.64421e-07
1.77524e-07
1.89599e-07
2.00626e-07
2.1058e-07
2.19449e-07
2.27234e-07
2.3394e-07
2.39572e-07
2.44146e-07
2.47684e-07
2.50216e-07
2.51776e-07
2.5231e-07
2.52087e-07
2.51266e-07
2.49565e-07
2.47171e-07
2.44175e-07
2.40637e-07
2.3662e-07
2.32185e-07
2.27392e-07
2.22297e-07
2.16956e-07
2.11418e-07
2.05731e-07
1.99937e-07
1.94075e-07
1.88181e-07
1.82284e-07
1.76413e-07
1.70594e-07
1.64849e-07
1.59191e-07
1.5363e-07
1.4817e-07
1.42821e-07
1.37678e-07
1.32672e-07
1.27768e-07
1.22949e-07
1.18204e-07
1.13521e-07
1.08889e-07
1.04293e-07
9.97164e-08
9.51413e-08
9.05463e-08
8.59079e-08
8.1199e-08
7.63889e-08
7.14418e-08
6.63148e-08
6.09565e-08
5.53058e-08
4.92939e-08
4.28578e-08
3.59736e-08
2.87247e-08
2.13903e-08
1.449e-08
8.67372e-09
4.43107e-09
1.78921e-09
2.40131e-10
)
;
    }
    fixedWalls
    {
        type            kqRWallFunction;
        value           nonuniform List<scalar> 
225
(
6.28807e-11
4.25094e-10
9.44734e-10
1.56113e-09
2.2452e-09
2.97802e-09
3.74523e-09
4.53508e-09
5.33752e-09
6.14379e-09
6.9462e-09
7.73804e-09
8.51353e-09
9.26789e-09
9.9973e-09
1.0699e-08
1.13713e-08
1.20136e-08
1.26267e-08
1.32123e-08
1.37735e-08
1.43146e-08
1.4841e-08
1.53594e-08
1.58773e-08
1.64033e-08
1.69467e-08
1.75173e-08
1.81256e-08
1.87818e-08
1.94964e-08
2.02793e-08
2.11397e-08
2.20855e-08
2.31231e-08
2.4257e-08
2.54887e-08
2.68166e-08
2.82355e-08
2.97353e-08
3.1301e-08
3.29122e-08
3.45425e-08
3.616e-08
3.77276e-08
3.92042e-08
4.05457e-08
4.17079e-08
4.26483e-08
4.3329e-08
4.37201e-08
4.3804e-08
4.36071e-08
4.30815e-08
4.2227e-08
4.10942e-08
3.97216e-08
3.81512e-08
3.64289e-08
3.46023e-08
3.27193e-08
3.0828e-08
2.89747e-08
2.72081e-08
2.55831e-08
2.41683e-08
2.30564e-08
2.23665e-08
2.22233e-08
2.25928e-08
2.33174e-08
2.34834e-08
2.18236e-08
1.55355e-08
2.71136e-09
6.5719e-11
4.44385e-10
9.88314e-10
1.63498e-09
2.35494e-09
3.12925e-09
3.94361e-09
4.78621e-09
5.6467e-09
6.51571e-09
7.38452e-09
8.2449e-09
9.08896e-09
9.90908e-09
1.06979e-08
1.14481e-08
1.21526e-08
1.28046e-08
1.33972e-08
1.39237e-08
1.43779e-08
1.47534e-08
1.50445e-08
1.52457e-08
1.53523e-08
1.536e-08
1.52664e-08
1.50671e-08
1.47613e-08
1.43493e-08
1.38332e-08
1.32167e-08
1.25058e-08
1.17091e-08
1.08379e-08
9.9066e-09
8.93272e-09
7.93681e-09
6.94212e-09
5.97392e-09
5.0583e-09
4.22064e-09
3.4837e-09
2.86555e-09
2.37774e-09
2.02415e-09
1.80085e-09
1.69647e-09
1.69088e-09
1.76804e-09
1.91082e-09
2.10376e-09
2.33437e-09
2.59333e-09
2.8738e-09
3.17041e-09
3.47824e-09
3.79209e-09
4.10596e-09
4.4128e-09
4.70431e-09
4.97091e-09
5.20167e-09
5.38383e-09
5.48244e-09
5.50358e-09
5.43547e-09
5.24006e-09
4.90241e-09
4.40603e-09
3.72088e-09
2.85091e-09
1.81626e-09
7.26201e-10
2.40131e-10
6.28807e-11
4.74965e-10
1.00684e-09
1.64183e-09
2.35722e-09
3.13587e-09
3.96528e-09
4.83583e-09
5.73963e-09
6.66985e-09
7.6204e-09
8.58566e-09
9.56038e-09
1.05396e-08
1.15186e-08
1.24928e-08
1.34578e-08
1.44094e-08
1.53437e-08
1.62566e-08
1.71444e-08
1.80035e-08
1.88305e-08
1.96221e-08
2.03751e-08
2.10867e-08
2.17539e-08
2.23743e-08
2.29454e-08
2.3465e-08
2.39312e-08
2.4342e-08
2.46959e-08
2.49914e-08
2.52275e-08
2.54031e-08
2.55174e-08
2.55701e-08
2.55608e-08
2.54895e-08
2.53562e-08
2.51614e-08
2.49056e-08
2.45898e-08
2.4215e-08
2.37825e-08
2.32939e-08
2.2751e-08
2.21556e-08
2.151e-08
2.08166e-08
2.00781e-08
1.92973e-08
1.84772e-08
1.7621e-08
1.67322e-08
1.58145e-08
1.48715e-08
1.39074e-08
1.29263e-08
1.19327e-08
1.09311e-08
9.92631e-09
8.92343e-09
7.92777e-09
6.945e-09
5.9812e-09
5.04298e-09
4.13772e-09
3.27397e-09
2.46208e-09
1.71541e-09
1.0522e-09
4.96412e-10
6.5719e-11
)
;
    }
    frontAndBack
    {
        type            empty;
    }
}


// ************************************************************************* //
