/*--------------------------------*- C++ -*----------------------------------*\
  =========                 |
  \\      /  F ield         | OpenFOAM: The Open Source CFD Toolbox
   \\    /   O peration     | Website:  https://openfoam.org
    \\  /    A nd           | Version:  12
     \\/     M anipulation  |
\*---------------------------------------------------------------------------*/
FoamFile
{
    format      ascii;
    class       volScalarField;
    location    "3.5";
    object      nut;
}
// * * * * * * * * * * * * * * * * * * * * * * * * * * * * * * * * * * * * * //

dimensions      [0 2 -1 0 0 0 0];

internalField   nonuniform List<scalar> 
5625
(
2.49422e-15
7.53596e-14
1.59749e-13
2.60498e-13
3.74005e-13
4.97548e-13
6.29146e-13
7.67271e-13
9.10671e-13
1.05826e-12
1.20908e-12
1.36224e-12
1.51689e-12
1.67226e-12
1.82759e-12
1.98216e-12
2.13527e-12
2.28627e-12
2.4345e-12
2.57935e-12
2.72022e-12
2.85654e-12
2.98776e-12
3.11336e-12
3.23284e-12
3.34574e-12
3.45162e-12
3.55006e-12
3.64068e-12
3.72313e-12
3.79709e-12
3.86228e-12
3.91844e-12
3.96534e-12
4.0028e-12
4.03066e-12
4.04882e-12
4.05718e-12
4.05571e-12
4.0444e-12
4.02326e-12
3.99235e-12
3.95177e-12
3.90166e-12
3.8422e-12
3.77358e-12
3.69606e-12
3.60991e-12
3.51544e-12
3.41301e-12
3.303e-12
3.18582e-12
3.06193e-12
2.9318e-12
2.79595e-12
2.65493e-12
2.50931e-12
2.35969e-12
2.20672e-12
2.05105e-12
1.89339e-12
1.73446e-12
1.57503e-12
1.4159e-12
1.25792e-12
1.10198e-12
9.49052e-13
8.00181e-13
6.56542e-13
5.19489e-13
3.90664e-13
2.72189e-13
1.66955e-13
7.8767e-14
2.60695e-15
1.68617e-14
2.45581e-12
1.31081e-11
3.06531e-11
5.15506e-11
7.41396e-11
9.78271e-11
1.22361e-10
1.47582e-10
1.73359e-10
1.99566e-10
2.26079e-10
2.52778e-10
2.79544e-10
3.0626e-10
3.32811e-10
3.59085e-10
3.84975e-10
4.10373e-10
4.35177e-10
4.59288e-10
4.8261e-10
5.05053e-10
5.26527e-10
5.4695e-10
5.66244e-10
5.84333e-10
6.01148e-10
6.16624e-10
6.30703e-10
6.43331e-10
6.54458e-10
6.64042e-10
6.72045e-10
6.78435e-10
6.83186e-10
6.86279e-10
6.87698e-10
6.87436e-10
6.85492e-10
6.81869e-10
6.7658e-10
6.69641e-10
6.61076e-10
6.50914e-10
6.39189e-10
6.25944e-10
6.11226e-10
5.95086e-10
5.77585e-10
5.58787e-10
5.38761e-10
5.17583e-10
4.95333e-10
4.72098e-10
4.47969e-10
4.2304e-10
3.97411e-10
3.71189e-10
3.44481e-10
3.174e-10
2.90064e-10
2.62594e-10
2.35113e-10
2.07751e-10
1.80638e-10
1.53908e-10
1.277e-10
1.0216e-10
7.74618e-11
5.38793e-11
3.20437e-11
1.37032e-11
2.5673e-12
1.76279e-14
3.74737e-14
6.14874e-12
4.19623e-11
1.25346e-10
2.53182e-10
4.12266e-10
5.90744e-10
7.80977e-10
9.78532e-10
1.1808e-09
1.38608e-09
1.59317e-09
1.80104e-09
2.00882e-09
2.21565e-09
2.42073e-09
2.62326e-09
2.82248e-09
3.01763e-09
3.20798e-09
3.3928e-09
3.5714e-09
3.74312e-09
3.90731e-09
4.06335e-09
4.21067e-09
4.34872e-09
4.47697e-09
4.59497e-09
4.70225e-09
4.79844e-09
4.88315e-09
4.95608e-09
5.01695e-09
5.06552e-09
5.10161e-09
5.12506e-09
5.13577e-09
5.13369e-09
5.11883e-09
5.09118e-09
5.05084e-09
4.99794e-09
4.93264e-09
4.85518e-09
4.7658e-09
4.66482e-09
4.55257e-09
4.42946e-09
4.2959e-09
4.15238e-09
3.9994e-09
3.83752e-09
3.66732e-09
3.48941e-09
3.30446e-09
3.11315e-09
2.91619e-09
2.71432e-09
2.50832e-09
2.29897e-09
2.0871e-09
1.87356e-09
1.65924e-09
1.44511e-09
1.23226e-09
1.02202e-09
8.16233e-10
6.17719e-10
4.31226e-10
2.64859e-10
1.31126e-10
4.38952e-11
6.43226e-12
3.92046e-14
6.19234e-14
1.04157e-11
7.59208e-11
2.49387e-10
5.57247e-10
9.93542e-10
1.53369e-09
2.14957e-09
2.81737e-09
3.51936e-09
4.24297e-09
4.97931e-09
5.72189e-09
6.46568e-09
7.20661e-09
7.94115e-09
8.66615e-09
9.37869e-09
1.0076e-08
1.07556e-08
1.14148e-08
1.20513e-08
1.26627e-08
1.32469e-08
1.38017e-08
1.43251e-08
1.48153e-08
1.52704e-08
1.5689e-08
1.60693e-08
1.64101e-08
1.67101e-08
1.69683e-08
1.71836e-08
1.73554e-08
1.74829e-08
1.75656e-08
1.76032e-08
1.75956e-08
1.75428e-08
1.74446e-08
1.73015e-08
1.7114e-08
1.68825e-08
1.66079e-08
1.6291e-08
1.59329e-08
1.55347e-08
1.50978e-08
1.46236e-08
1.41137e-08
1.35699e-08
1.29939e-08
1.23878e-08
1.17536e-08
1.10936e-08
1.04101e-08
9.70562e-09
8.98266e-09
8.24402e-09
7.49267e-09
6.73189e-09
5.96537e-09
5.19747e-09
4.43357e-09
3.68075e-09
2.94865e-09
2.25087e-09
1.60644e-09
1.04077e-09
5.83693e-10
2.61187e-10
7.95071e-11
1.09083e-11
6.48567e-14
8.9058e-14
1.51071e-11
1.12774e-10
3.85198e-10
9.03805e-10
1.69723e-09
2.75313e-09
4.03369e-09
5.49193e-09
7.08267e-09
8.76736e-09
1.0515e-08
1.23013e-08
1.41073e-08
1.59177e-08
1.77203e-08
1.95046e-08
2.12615e-08
2.29829e-08
2.46615e-08
2.62905e-08
2.78636e-08
2.93747e-08
3.08182e-08
3.2189e-08
3.34819e-08
3.46925e-08
3.58163e-08
3.68494e-08
3.77882e-08
3.86291e-08
3.93694e-08
4.00063e-08
4.05375e-08
4.09613e-08
4.12758e-08
4.14801e-08
4.15733e-08
4.1555e-08
4.14253e-08
4.1184e-08
4.08319e-08
4.03702e-08
3.98002e-08
3.91236e-08
3.83427e-08
3.74598e-08
3.64777e-08
3.53996e-08
3.4229e-08
3.29697e-08
3.16258e-08
3.02019e-08
2.87028e-08
2.71338e-08
2.55004e-08
2.38087e-08
2.20653e-08
2.02776e-08
1.84537e-08
1.66029e-08
1.47362e-08
1.28669e-08
1.10113e-08
9.19012e-09
7.42979e-09
5.764e-09
4.23458e-09
2.89029e-09
1.78147e-09
9.48399e-10
4.04093e-10
1.18287e-10
1.58457e-11
9.34161e-14
1.18126e-13
2.01133e-11
1.51768e-10
5.28049e-10
1.27022e-09
2.4553e-09
4.10557e-09
6.19641e-09
8.67302e-09
1.14671e-08
1.45094e-08
1.77361e-08
2.10922e-08
2.45313e-08
2.80148e-08
3.15105e-08
3.49915e-08
3.84346e-08
4.18199e-08
4.51297e-08
4.83482e-08
5.14609e-08
5.44547e-08
5.73176e-08
6.00381e-08
6.26059e-08
6.50113e-08
6.72452e-08
6.92997e-08
7.11671e-08
7.28407e-08
7.43146e-08
7.55834e-08
7.66426e-08
7.74883e-08
7.81173e-08
7.85274e-08
7.87168e-08
7.86849e-08
7.84317e-08
7.79566e-08
7.72616e-08
7.63484e-08
7.522e-08
7.38796e-08
7.23315e-08
7.05803e-08
6.86317e-08
6.64919e-08
6.41679e-08
6.16674e-08
5.8999e-08
5.61719e-08
5.31964e-08
5.00839e-08
4.68469e-08
4.34991e-08
4.00564e-08
3.65365e-08
3.29602e-08
2.93519e-08
2.57402e-08
2.216e-08
1.86534e-08
1.52715e-08
1.20753e-08
9.13469e-09
6.52569e-09
4.32235e-09
2.5837e-09
1.33593e-09
5.55104e-10
1.59496e-10
2.11358e-11
1.24131e-13
1.48558e-13
2.53444e-11
1.92312e-10
6.7571e-10
1.64789e-09
3.23911e-09
5.5178e-09
8.48976e-09
1.21106e-08
1.63035e-08
2.09757e-08
2.60314e-08
3.13793e-08
3.69371e-08
4.26321e-08
4.84014e-08
5.41905e-08
5.99525e-08
6.56464e-08
7.12362e-08
7.669e-08
8.19792e-08
8.70779e-08
9.19626e-08
9.6612e-08
1.01006e-07
1.05128e-07
1.0896e-07
1.12488e-07
1.15698e-07
1.18578e-07
1.21117e-07
1.23306e-07
1.25135e-07
1.266e-07
1.27693e-07
1.2841e-07
1.28749e-07
1.28708e-07
1.28287e-07
1.27484e-07
1.26303e-07
1.24747e-07
1.22822e-07
1.20531e-07
1.17884e-07
1.14887e-07
1.11552e-07
1.07888e-07
1.0391e-07
9.96297e-08
9.50642e-08
9.0231e-08
8.51498e-08
7.98427e-08
7.43343e-08
6.86527e-08
6.28302e-08
5.69038e-08
5.09169e-08
4.492e-08
3.89729e-08
3.31455e-08
2.75186e-08
2.21847e-08
1.72455e-08
1.28079e-08
8.97416e-09
5.8285e-09
3.41864e-09
1.73776e-09
7.1205e-10
2.02557e-10
2.66896e-11
1.56436e-13
1.79888e-13
3.07238e-11
2.33879e-10
8.26442e-10
2.0319e-09
4.03479e-09
6.954e-09
1.08349e-08
1.56562e-08
2.1346e-08
2.78002e-08
3.48979e-08
4.25147e-08
5.05306e-08
5.8834e-08
6.73242e-08
7.59112e-08
8.45153e-08
9.30661e-08
1.01501e-07
1.09764e-07
1.17806e-07
1.25581e-07
1.3305e-07
1.40174e-07
1.46922e-07
1.53262e-07
1.59166e-07
1.64611e-07
1.69572e-07
1.7403e-07
1.77967e-07
1.81367e-07
1.84216e-07
1.86503e-07
1.88218e-07
1.89354e-07
1.89906e-07
1.89871e-07
1.89249e-07
1.88037e-07
1.8624e-07
1.83864e-07
1.80914e-07
1.77402e-07
1.73337e-07
1.68734e-07
1.63608e-07
1.57977e-07
1.51863e-07
1.45289e-07
1.38282e-07
1.30873e-07
1.23094e-07
1.14986e-07
1.06592e-07
9.79633e-08
8.91576e-08
8.02414e-08
7.12913e-08
6.23953e-08
5.36542e-08
4.51821e-08
3.71059e-08
2.95623e-08
2.26928e-08
1.66334e-08
1.15004e-08
7.3727e-09
4.27245e-09
2.14905e-09
8.73218e-10
2.46947e-10
3.24301e-11
1.8986e-13
2.11717e-13
3.61849e-11
2.75993e-10
9.78677e-10
2.41839e-09
4.83335e-09
8.3937e-09
1.31878e-08
1.92244e-08
2.64458e-08
3.47457e-08
4.39879e-08
5.40204e-08
6.46891e-08
7.5844e-08
8.73443e-08
9.90606e-08
1.10875e-07
1.22681e-07
1.34384e-07
1.45898e-07
1.57145e-07
1.68055e-07
1.78564e-07
1.88617e-07
1.98159e-07
2.07145e-07
2.15531e-07
2.23278e-07
2.30351e-07
2.36719e-07
2.42354e-07
2.47231e-07
2.5133e-07
2.54631e-07
2.57122e-07
2.58789e-07
2.59625e-07
2.59624e-07
2.58788e-07
2.57108e-07
2.54594e-07
2.51252e-07
2.47092e-07
2.42128e-07
2.36376e-07
2.29857e-07
2.22595e-07
2.14618e-07
2.05959e-07
1.96654e-07
1.86745e-07
1.76281e-07
1.65317e-07
1.53914e-07
1.42142e-07
1.30084e-07
1.17829e-07
1.05484e-07
9.31665e-08
8.101e-08
6.91635e-08
5.779e-08
4.70638e-08
3.71641e-08
2.82656e-08
2.05245e-08
1.40597e-08
8.93426e-09
5.1361e-09
2.56588e-09
1.03701e-09
2.92177e-10
3.82891e-11
2.23994e-13
2.43698e-13
4.16692e-11
3.18224e-10
1.13097e-09
2.80391e-09
5.62765e-09
9.82258e-09
1.55205e-08
2.27628e-08
3.15109e-08
4.1663e-08
5.30738e-08
6.55717e-08
7.89723e-08
9.30908e-08
1.07748e-07
1.22773e-07
1.38011e-07
1.53314e-07
1.68552e-07
1.83604e-07
1.9836e-07
2.12721e-07
2.26597e-07
2.39903e-07
2.52567e-07
2.64519e-07
2.75698e-07
2.86047e-07
2.95515e-07
3.04058e-07
3.11635e-07
3.1821e-07
3.23752e-07
3.28234e-07
3.31636e-07
3.33939e-07
3.35131e-07
3.35203e-07
3.34157e-07
3.31981e-07
3.28684e-07
3.24277e-07
3.18772e-07
3.1219e-07
3.04552e-07
2.95889e-07
2.86233e-07
2.75626e-07
2.64115e-07
2.51753e-07
2.38602e-07
2.24733e-07
2.10225e-07
1.95169e-07
1.79671e-07
1.63845e-07
1.47826e-07
1.31762e-07
1.15819e-07
1.00182e-07
8.5049e-08
7.06341e-08
5.71567e-08
4.48342e-08
3.38682e-08
2.44261e-08
1.66226e-08
1.04981e-08
6.00201e-09
2.9846e-09
1.2019e-09
3.37789e-10
4.4204e-11
2.58466e-13
2.75526e-13
4.71249e-11
3.60189e-10
1.28202e-09
3.18534e-09
6.41145e-09
1.12291e-08
1.78124e-08
2.62355e-08
3.64805e-08
4.84542e-08
6.20066e-08
7.69513e-08
9.30792e-08
1.10174e-07
1.28022e-07
1.46414e-07
1.65153e-07
1.84057e-07
2.02954e-07
2.21688e-07
2.40116e-07
2.58104e-07
2.75532e-07
2.9229e-07
3.08277e-07
3.234e-07
3.37575e-07
3.50727e-07
3.62787e-07
3.73691e-07
3.83385e-07
3.9182e-07
3.98952e-07
4.04746e-07
4.0917e-07
4.122e-07
4.13817e-07
4.14008e-07
4.12775e-07
4.101e-07
4.05995e-07
4.00472e-07
3.93548e-07
3.85249e-07
3.75604e-07
3.64652e-07
3.52441e-07
3.39024e-07
3.24465e-07
3.08838e-07
2.92228e-07
2.74731e-07
2.56458e-07
2.37533e-07
2.18097e-07
1.98309e-07
1.78347e-07
1.58407e-07
1.38708e-07
1.19485e-07
1.00988e-07
8.34801e-08
6.72223e-08
5.2466e-08
3.94331e-08
2.82982e-08
1.9166e-08
1.20512e-08
6.86311e-09
3.40167e-09
1.36639e-09
3.83348e-10
5.0116e-11
2.9293e-13
3.06934e-13
5.25069e-11
4.01546e-10
1.43065e-09
3.55986e-09
7.1792e-09
1.26035e-08
2.0047e-08
2.96152e-08
4.13113e-08
5.50515e-08
7.06845e-08
8.80115e-08
1.06804e-07
1.26818e-07
1.47807e-07
1.69528e-07
1.91746e-07
2.14241e-07
2.36805e-07
2.59245e-07
2.81381e-07
3.03049e-07
3.24096e-07
3.44382e-07
3.63778e-07
3.82167e-07
3.99441e-07
4.155e-07
4.30257e-07
4.4363e-07
4.55547e-07
4.65943e-07
4.74763e-07
4.81957e-07
4.87486e-07
4.91314e-07
4.93418e-07
4.93776e-07
4.92393e-07
4.89242e-07
4.84337e-07
4.77693e-07
4.6933e-07
4.59278e-07
4.47578e-07
4.34279e-07
4.19439e-07
4.03129e-07
3.85433e-07
3.66445e-07
3.46276e-07
3.25051e-07
3.02913e-07
2.80025e-07
2.56566e-07
2.32741e-07
2.08774e-07
1.84913e-07
1.61427e-07
1.38603e-07
1.16744e-07
9.61556e-08
7.71403e-08
5.9978e-08
4.49077e-08
3.21075e-08
2.16695e-08
1.35813e-08
7.71251e-09
3.81361e-09
1.52905e-09
4.28436e-10
5.59698e-11
3.2706e-13
3.37695e-13
5.7776e-11
4.42001e-10
1.57583e-09
3.92499e-09
7.92602e-09
1.39373e-08
2.22104e-08
3.28803e-08
4.59701e-08
6.14055e-08
7.90348e-08
9.86494e-08
1.20004e-07
1.42831e-07
1.66854e-07
1.91797e-07
2.17394e-07
2.43388e-07
2.69535e-07
2.95607e-07
3.21392e-07
3.46691e-07
3.7132e-07
3.9511e-07
4.17904e-07
4.39557e-07
4.59937e-07
4.78923e-07
4.96403e-07
5.12277e-07
5.26455e-07
5.38857e-07
5.49411e-07
5.58055e-07
5.64738e-07
5.69416e-07
5.72054e-07
5.72627e-07
5.71139e-07
5.67553e-07
5.61885e-07
5.5415e-07
5.44374e-07
5.32593e-07
5.18855e-07
5.03219e-07
4.85759e-07
4.66561e-07
4.45729e-07
4.23381e-07
3.99654e-07
3.74705e-07
3.4871e-07
3.21869e-07
2.94405e-07
2.66567e-07
2.38628e-07
2.10887e-07
1.83662e-07
1.57294e-07
1.32131e-07
1.08525e-07
8.68134e-08
6.73024e-08
5.02463e-08
3.58237e-08
2.41136e-08
1.50765e-08
8.54341e-09
4.21699e-09
1.68846e-09
4.72651e-10
6.1712e-11
3.60542e-13
3.67616e-13
6.28998e-11
4.81309e-10
1.7167e-09
4.27864e-09
8.64777e-09
1.52232e-08
2.42912e-08
3.60136e-08
5.04313e-08
6.7479e-08
8.70045e-08
1.08791e-07
1.32579e-07
1.58077e-07
1.84985e-07
2.12999e-07
2.41819e-07
2.71157e-07
3.00737e-07
3.30297e-07
3.59593e-07
3.88396e-07
4.1649e-07
4.43678e-07
4.69775e-07
4.94611e-07
5.18028e-07
5.39882e-07
5.60041e-07
5.78384e-07
5.94803e-07
6.092e-07
6.21489e-07
6.31593e-07
6.39449e-07
6.45003e-07
6.48211e-07
6.4904e-07
6.47493e-07
6.43524e-07
6.37149e-07
6.28385e-07
6.1726e-07
6.03816e-07
5.88108e-07
5.70208e-07
5.50202e-07
5.28193e-07
5.04305e-07
4.7868e-07
4.51481e-07
4.22896e-07
3.93136e-07
3.6244e-07
3.31072e-07
2.99326e-07
2.67523e-07
2.3601e-07
2.05158e-07
1.75355e-07
1.46995e-07
1.20472e-07
9.61564e-08
7.43784e-08
5.54061e-08
3.94178e-08
2.64792e-08
1.6525e-08
9.34907e-09
4.60842e-09
1.84325e-09
5.15601e-10
6.72911e-11
3.93074e-13
3.96548e-13
6.78524e-11
5.19271e-10
1.85256e-09
4.6191e-09
9.34113e-09
1.64555e-08
2.62803e-08
3.90014e-08
5.46755e-08
7.32444e-08
9.45557e-08
1.18385e-07
1.44457e-07
1.72465e-07
2.02082e-07
2.32979e-07
2.64828e-07
2.97313e-07
3.30125e-07
3.62976e-07
3.95589e-07
4.27706e-07
4.59085e-07
4.89501e-07
5.18742e-07
5.46613e-07
5.72934e-07
5.97538e-07
6.20272e-07
6.40995e-07
6.59581e-07
6.75915e-07
6.89896e-07
7.01433e-07
7.10451e-07
7.16883e-07
7.20679e-07
7.21794e-07
7.20233e-07
7.15939e-07
7.08925e-07
6.99212e-07
6.86829e-07
6.71823e-07
6.54257e-07
6.34212e-07
6.11787e-07
5.87102e-07
5.603e-07
5.31545e-07
5.01028e-07
4.68967e-07
4.35605e-07
4.0122e-07
3.66116e-07
3.30632e-07
2.95133e-07
2.60016e-07
2.25697e-07
1.92612e-07
1.612e-07
1.31892e-07
1.05091e-07
8.11486e-08
6.0346e-08
4.28612e-08
2.87475e-08
1.7915e-08
1.01228e-08
4.98456e-09
1.99206e-09
5.56904e-10
7.26568e-11
4.24364e-13
4.24381e-13
7.26151e-11
5.55746e-10
1.98292e-09
4.94517e-09
1.00037e-08
1.76302e-08
2.81714e-08
4.18343e-08
5.8689e-08
7.86831e-08
1.01663e-07
1.27395e-07
1.55593e-07
1.85932e-07
2.18063e-07
2.51634e-07
2.86293e-07
3.21695e-07
3.57506e-07
3.9341e-07
4.29103e-07
4.64302e-07
4.98738e-07
5.3216e-07
5.64334e-07
5.95042e-07
6.24081e-07
6.51263e-07
6.76416e-07
6.99382e-07
7.20015e-07
7.38185e-07
7.53776e-07
7.66685e-07
7.76822e-07
7.84112e-07
7.88493e-07
7.89912e-07
7.88376e-07
7.83812e-07
7.76235e-07
7.65666e-07
7.52135e-07
7.35693e-07
7.16409e-07
6.94374e-07
6.69699e-07
6.42518e-07
6.12993e-07
5.8131e-07
5.47684e-07
5.12361e-07
4.75618e-07
4.37767e-07
3.99151e-07
3.6015e-07
3.21175e-07
2.82665e-07
2.45083e-07
2.08908e-07
1.7462e-07
1.42687e-07
1.13541e-07
8.75566e-08
6.50253e-08
4.61257e-08
3.08996e-08
1.92348e-08
1.08579e-08
5.34211e-09
2.13356e-09
5.96186e-10
7.77602e-11
4.54123e-13
4.51047e-13
7.71764e-11
5.90646e-10
2.10746e-09
5.25608e-09
1.06339e-08
1.87447e-08
2.99605e-08
4.45067e-08
6.24643e-08
8.37847e-08
1.08311e-07
1.35804e-07
1.65961e-07
1.98443e-07
2.32882e-07
2.68905e-07
3.06135e-07
3.44205e-07
3.82757e-07
4.21449e-07
4.59956e-07
4.97968e-07
5.35195e-07
5.71365e-07
6.0622e-07
6.39523e-07
6.7105e-07
7.00597e-07
7.27971e-07
7.52998e-07
7.75518e-07
7.95385e-07
8.12469e-07
8.26654e-07
8.37839e-07
8.45939e-07
8.50882e-07
8.52608e-07
8.51123e-07
8.46341e-07
8.38276e-07
8.26947e-07
8.12388e-07
7.94652e-07
7.73814e-07
7.49971e-07
7.23245e-07
6.93784e-07
6.61767e-07
6.27397e-07
5.90915e-07
5.52591e-07
5.12734e-07
4.71686e-07
4.29829e-07
3.87579e-07
3.45387e-07
3.03736e-07
2.63131e-07
2.24089e-07
1.87132e-07
1.52761e-07
1.21433e-07
9.35468e-08
6.94034e-08
4.91826e-08
3.29166e-08
2.04726e-08
1.15477e-08
5.6778e-09
2.26645e-09
6.33079e-10
8.25532e-11
4.82071e-13
4.76526e-13
8.15328e-11
6.23944e-10
2.2261e-09
5.55161e-09
1.12315e-08
1.97984e-08
3.16469e-08
4.70177e-08
6.6e-08
8.85472e-08
1.14499e-07
1.43606e-07
1.75554e-07
2.09989e-07
2.46524e-07
2.84766e-07
3.2432e-07
3.64795e-07
4.05812e-07
4.4701e-07
4.8804e-07
5.28573e-07
5.68299e-07
6.06925e-07
6.44177e-07
6.79799e-07
7.1355e-07
7.45209e-07
7.74569e-07
8.0144e-07
8.25649e-07
8.47037e-07
8.65462e-07
8.80796e-07
8.9293e-07
9.01766e-07
9.07224e-07
9.09243e-07
9.0782e-07
9.0286e-07
8.94376e-07
8.82386e-07
8.66924e-07
8.48046e-07
8.25829e-07
8.00378e-07
7.71823e-07
7.40326e-07
7.06075e-07
6.69296e-07
6.30246e-07
5.89221e-07
5.46555e-07
5.0262e-07
4.57829e-07
4.12636e-07
3.67526e-07
3.23021e-07
2.79664e-07
2.38012e-07
1.98619e-07
1.62018e-07
1.28694e-07
9.90634e-08
7.34396e-08
5.20035e-08
3.47794e-08
2.16167e-08
1.21857e-08
5.98837e-09
2.38942e-09
6.67222e-10
8.69887e-11
5.07933e-13
5.00843e-13
8.56884e-11
6.55672e-10
2.33895e-09
5.8321e-09
1.17971e-08
2.07927e-08
3.32327e-08
4.93706e-08
6.93012e-08
9.29775e-08
1.20234e-07
1.50811e-07
1.84384e-07
2.2058e-07
2.58998e-07
2.99226e-07
3.40849e-07
3.83459e-07
4.26658e-07
4.70063e-07
5.13311e-07
5.56054e-07
5.97964e-07
6.38732e-07
6.7807e-07
7.15705e-07
7.51383e-07
7.8487e-07
8.15947e-07
8.44411e-07
8.70078e-07
8.92778e-07
9.12359e-07
9.28686e-07
9.41637e-07
9.51111e-07
9.57014e-07
9.59289e-07
9.57924e-07
9.52811e-07
9.43968e-07
9.3141e-07
9.15169e-07
8.95303e-07
8.71892e-07
8.45045e-07
8.14901e-07
7.81628e-07
7.45429e-07
7.06542e-07
6.65243e-07
6.21846e-07
5.76709e-07
5.3023e-07
4.8285e-07
4.35052e-07
3.87357e-07
3.40318e-07
2.94512e-07
2.50531e-07
2.08962e-07
1.70365e-07
1.35249e-07
1.04051e-07
7.7093e-08
5.45599e-08
3.64693e-08
2.26555e-08
1.27653e-08
6.27064e-09
2.5012e-09
6.9826e-10
9.10205e-11
5.31439e-13
5.24071e-13
8.96559e-11
6.85928e-10
2.44636e-09
6.09841e-09
1.23326e-08
2.17307e-08
3.47235e-08
5.15737e-08
7.23795e-08
9.70914e-08
1.25537e-07
1.57445e-07
1.92478e-07
2.30249e-07
2.7034e-07
3.1232e-07
3.55758e-07
4.00229e-07
4.45319e-07
4.90628e-07
5.35777e-07
5.80403e-07
6.24165e-07
6.66742e-07
7.07831e-07
7.47149e-07
7.84432e-07
8.19435e-07
8.51928e-07
8.81702e-07
9.08564e-07
9.32335e-07
9.52858e-07
9.69987e-07
9.83598e-07
9.93581e-07
9.99836e-07
1.00231e-06
1.00097e-06
9.95719e-07
9.86564e-07
9.7352e-07
9.5662e-07
9.35919e-07
9.11502e-07
8.83479e-07
8.51994e-07
8.17224e-07
7.79378e-07
7.38707e-07
6.955e-07
6.50089e-07
6.02847e-07
5.54197e-07
5.04602e-07
4.5457e-07
4.04651e-07
3.55427e-07
3.07506e-07
2.61506e-07
2.18045e-07
1.77708e-07
1.41026e-07
1.08453e-07
8.03232e-08
5.68234e-08
3.79674e-08
2.35773e-08
1.328e-08
6.52146e-09
2.60056e-09
7.25846e-10
9.46035e-11
5.52327e-13
5.46332e-13
9.34562e-11
7.14872e-10
2.54891e-09
6.35202e-09
1.28409e-08
2.2618e-08
3.61278e-08
5.364e-08
7.52533e-08
1.00913e-07
1.30438e-07
1.63547e-07
1.99884e-07
2.39049e-07
2.80607e-07
3.2411e-07
3.69113e-07
4.15172e-07
4.6186e-07
5.08763e-07
5.55488e-07
6.01661e-07
6.4693e-07
6.90964e-07
7.33451e-07
7.741e-07
8.1264e-07
8.48819e-07
8.82402e-07
9.13174e-07
9.40937e-07
9.65508e-07
9.86725e-07
1.00444e-06
1.01852e-06
1.02885e-06
1.03535e-06
1.03793e-06
1.03658e-06
1.03117e-06
1.02174e-06
1.00828e-06
9.90831e-07
9.69446e-07
9.44208e-07
9.15232e-07
8.82663e-07
8.46682e-07
8.07506e-07
7.65392e-07
7.2064e-07
6.73592e-07
6.24638e-07
5.74215e-07
5.22806e-07
4.70941e-07
4.19189e-07
3.68157e-07
3.18478e-07
2.70797e-07
2.25753e-07
1.83954e-07
1.45952e-07
1.12216e-07
8.30896e-08
5.87657e-08
3.92551e-08
2.43707e-08
1.37236e-08
6.73774e-09
2.68626e-09
7.49645e-10
9.76941e-11
5.70341e-13
5.67796e-13
9.71184e-11
7.42727e-10
2.64741e-09
6.59494e-09
1.33262e-08
2.34618e-08
3.74575e-08
5.55873e-08
7.79477e-08
1.04477e-07
1.34982e-07
1.69167e-07
2.06663e-07
2.4705e-07
2.89879e-07
3.34684e-07
3.81004e-07
4.28382e-07
4.76376e-07
5.2456e-07
5.72531e-07
6.19907e-07
6.66326e-07
7.11451e-07
7.54964e-07
7.96572e-07
8.35999e-07
8.7299e-07
9.07309e-07
9.38739e-07
9.67081e-07
9.92151e-07
1.01379e-06
1.03184e-06
1.04617e-06
1.05667e-06
1.06326e-06
1.06584e-06
1.0644e-06
1.05882e-06
1.04912e-06
1.03531e-06
1.01741e-06
9.95479e-07
9.69605e-07
9.39897e-07
9.06504e-07
8.69607e-07
8.29427e-07
7.86225e-07
7.40305e-07
6.9202e-07
6.41767e-07
5.89994e-07
5.37198e-07
4.83923e-07
4.30756e-07
3.78321e-07
3.2727e-07
2.78267e-07
2.31973e-07
1.89013e-07
1.49956e-07
1.15284e-07
8.53529e-08
6.03593e-08
4.03144e-08
2.50248e-08
1.40898e-08
6.91652e-09
2.75715e-09
7.69331e-10
1.0025e-10
5.85237e-13
5.88679e-13
1.0068e-10
7.6978e-10
2.74288e-09
6.82977e-09
1.37937e-08
2.42716e-08
3.87279e-08
5.74381e-08
8.04939e-08
1.07824e-07
1.3922e-07
1.74372e-07
2.12891e-07
2.54342e-07
2.98255e-07
3.44149e-07
3.91547e-07
4.39977e-07
4.88987e-07
5.38139e-07
5.87023e-07
6.35248e-07
6.8245e-07
7.28286e-07
7.7244e-07
8.14615e-07
8.54537e-07
8.91954e-07
9.2663e-07
9.58352e-07
9.86922e-07
1.01216e-06
1.03391e-06
1.05202e-06
1.06636e-06
1.07683e-06
1.08332e-06
1.08578e-06
1.08416e-06
1.07835e-06
1.06839e-06
1.05426e-06
1.036e-06
1.01366e-06
9.87326e-07
9.57108e-07
9.23151e-07
8.85637e-07
8.44787e-07
8.00861e-07
7.54167e-07
7.05059e-07
6.53939e-07
6.0126e-07
5.47526e-07
4.93289e-07
4.39148e-07
3.85739e-07
3.33725e-07
2.83786e-07
2.36597e-07
1.92796e-07
1.52968e-07
1.17606e-07
8.70747e-08
6.15776e-08
4.11277e-08
2.55288e-08
1.43728e-08
7.05495e-09
2.8121e-09
7.84597e-10
1.02232e-10
5.96784e-13
6.09242e-13
1.04185e-10
7.96375e-10
2.83656e-09
7.05963e-09
1.42499e-08
2.50587e-08
3.9957e-08
5.92192e-08
8.29293e-08
1.11003e-07
1.43216e-07
1.79237e-07
2.18659e-07
2.61025e-07
3.05848e-07
3.52628e-07
4.00872e-07
4.50095e-07
4.99832e-07
5.49639e-07
5.99096e-07
6.47812e-07
6.9542e-07
7.41577e-07
7.85969e-07
8.28303e-07
8.68309e-07
9.05742e-07
9.40373e-07
9.71996e-07
1.00042e-06
1.02548e-06
1.04701e-06
1.06487e-06
1.07895e-06
1.08914e-06
1.09535e-06
1.09753e-06
1.09561e-06
1.08951e-06
1.07926e-06
1.06484e-06
1.0463e-06
1.02367e-06
9.97051e-07
9.66538e-07
9.32278e-07
8.94448e-07
8.53267e-07
8.08992e-07
7.61927e-07
7.12424e-07
6.60884e-07
6.0776e-07
5.53556e-07
4.98828e-07
4.44177e-07
3.90244e-07
3.377e-07
2.87231e-07
2.39522e-07
1.95222e-07
1.54924e-07
1.19132e-07
8.82191e-08
6.23956e-08
4.16786e-08
2.58728e-08
1.45671e-08
7.15036e-09
2.85007e-09
7.95157e-10
1.03603e-10
6.04767e-13
6.29787e-13
1.07685e-10
8.22912e-10
2.9299e-09
7.28814e-09
1.47022e-08
2.58361e-08
4.11656e-08
6.09613e-08
8.52965e-08
1.1407e-07
1.47038e-07
1.83847e-07
2.24065e-07
2.67214e-07
3.12784e-07
3.60257e-07
4.09122e-07
4.58882e-07
5.09061e-07
5.59207e-07
6.08898e-07
6.57739e-07
7.05365e-07
7.51439e-07
7.95652e-07
8.37719e-07
8.77382e-07
9.14402e-07
9.48565e-07
9.79675e-07
1.00756e-06
1.03205e-06
1.053e-06
1.0703e-06
1.08383e-06
1.09348e-06
1.09919e-06
1.10092e-06
1.09856e-06
1.09209e-06
1.08151e-06
1.06682e-06
1.04805e-06
1.02526e-06
9.98509e-07
9.67913e-07
9.33607e-07
8.95764e-07
8.54593e-07
8.10348e-07
7.63323e-07
7.13864e-07
6.62365e-07
6.09272e-07
5.55084e-07
5.00352e-07
4.45672e-07
3.91685e-07
3.39062e-07
2.8849e-07
2.40655e-07
1.96214e-07
1.55764e-07
1.19816e-07
8.87527e-08
6.27902e-08
4.19521e-08
2.60476e-08
1.46676e-08
7.20036e-09
2.87012e-09
8.00752e-10
1.04329e-10
6.08994e-13
6.50653e-13
1.1124e-10
8.4984e-10
3.0245e-09
7.51938e-09
1.51587e-08
2.66185e-08
4.2377e-08
6.26986e-08
8.76424e-08
1.17087e-07
1.50764e-07
1.88293e-07
2.29216e-07
2.73027e-07
3.19193e-07
3.67175e-07
4.16444e-07
4.66489e-07
5.16824e-07
5.66993e-07
6.1657e-07
6.65163e-07
7.12412e-07
7.57987e-07
8.01591e-07
8.42951e-07
8.81823e-07
9.17985e-07
9.51238e-07
9.81405e-07
1.00832e-06
1.03185e-06
1.05186e-06
1.06825e-06
1.08091e-06
1.08976e-06
1.09473e-06
1.0958e-06
1.09286e-06
1.08592e-06
1.07497e-06
1.06001e-06
1.04107e-06
1.01821e-06
9.9149e-07
9.61017e-07
9.2692e-07
8.89363e-07
8.48547e-07
8.04712e-07
7.58144e-07
7.09175e-07
6.58185e-07
6.0561e-07
5.51936e-07
4.97699e-07
4.43489e-07
3.89935e-07
3.37699e-07
2.87465e-07
2.39915e-07
1.95706e-07
1.55435e-07
1.1962e-07
8.86467e-08
6.27411e-08
4.19348e-08
2.60451e-08
1.46699e-08
7.20285e-09
2.87144e-09
8.01163e-10
1.04383e-10
6.09301e-13
6.72209e-13
1.14912e-10
8.77648e-10
3.12214e-09
7.75777e-09
1.56286e-08
2.74218e-08
4.36164e-08
6.44679e-08
9.00172e-08
1.20118e-07
1.54473e-07
1.92671e-07
2.34221e-07
2.78586e-07
3.25207e-07
3.7352e-07
4.2298e-07
4.73059e-07
5.23264e-07
5.73134e-07
6.22244e-07
6.70207e-07
7.16671e-07
7.61322e-07
8.03873e-07
8.44072e-07
8.81693e-07
9.16537e-07
9.48425e-07
9.77202e-07
1.00273e-06
1.02489e-06
1.04357e-06
1.05867e-06
1.07014e-06
1.07789e-06
1.08189e-06
1.08209e-06
1.07843e-06
1.07091e-06
1.05953e-06
1.0443e-06
1.02526e-06
1.00245e-06
9.75928e-07
9.458e-07
9.12183e-07
8.75229e-07
8.35124e-07
7.92096e-07
7.46413e-07
6.98387e-07
6.48383e-07
5.96817e-07
5.44154e-07
4.90914e-07
4.37667e-07
3.85026e-07
3.3364e-07
2.84177e-07
2.37314e-07
1.93703e-07
1.53939e-07
1.18539e-07
8.78969e-08
6.22443e-08
4.16234e-08
2.58629e-08
1.45725e-08
7.15696e-09
2.85367e-09
7.96278e-10
1.03749e-10
6.0559e-13
6.94847e-13
1.18769e-10
9.06859e-10
3.2247e-09
8.00806e-09
1.61215e-08
2.82628e-08
4.49104e-08
6.63075e-08
9.2473e-08
1.23231e-07
1.58248e-07
1.97075e-07
2.39185e-07
2.84006e-07
3.30947e-07
3.7942e-07
4.28857e-07
4.78718e-07
5.28501e-07
5.77744e-07
6.26025e-07
6.72967e-07
7.1823e-07
7.61516e-07
8.02561e-07
8.41134e-07
8.77035e-07
9.1009e-07
9.40149e-07
9.67083e-07
9.90776e-07
1.01113e-06
1.02808e-06
1.04156e-06
1.05151e-06
1.05789e-06
1.06067e-06
1.0598e-06
1.05527e-06
1.04707e-06
1.03522e-06
1.01972e-06
1.00061e-06
9.77922e-07
9.51732e-07
9.22124e-07
8.8921e-07
8.53129e-07
8.14054e-07
7.72193e-07
7.27793e-07
6.81146e-07
6.32589e-07
5.82511e-07
5.31355e-07
4.79618e-07
4.27844e-07
3.76624e-07
3.26583e-07
2.78372e-07
2.32647e-07
1.90045e-07
1.51155e-07
1.1649e-07
8.6445e-08
6.12619e-08
4.09946e-08
2.54878e-08
1.43686e-08
7.05968e-09
2.8157e-09
7.85817e-10
1.02393e-10
5.97683e-13
7.18978e-13
1.22882e-10
9.38016e-10
3.33413e-09
8.2752e-09
1.66473e-08
2.9159e-08
4.62864e-08
6.82569e-08
9.50622e-08
1.2649e-07
1.62165e-07
2.01595e-07
2.44208e-07
2.89393e-07
3.36522e-07
3.8498e-07
4.34179e-07
4.83563e-07
5.32625e-07
5.80903e-07
6.27983e-07
6.73501e-07
7.17135e-07
7.58609e-07
7.97685e-07
8.3416e-07
8.67866e-07
8.98659e-07
9.26422e-07
9.51048e-07
9.72468e-07
9.90633e-07
1.00549e-06
1.01698e-06
1.0251e-06
1.02981e-06
1.0311e-06
1.02897e-06
1.0234e-06
1.01441e-06
1.002e-06
9.86209e-07
9.67057e-07
9.44592e-07
9.18874e-07
8.89982e-07
8.58015e-07
8.231e-07
7.85387e-07
7.4506e-07
7.02343e-07
6.57505e-07
6.1086e-07
5.62768e-07
5.13639e-07
4.6393e-07
4.14153e-07
3.64864e-07
3.16658e-07
2.70158e-07
2.25994e-07
1.8479e-07
1.47121e-07
1.13493e-07
8.43027e-08
5.97992e-08
4.00506e-08
2.49203e-08
1.40581e-08
6.91087e-09
2.75745e-09
7.69755e-10
1.00312e-10
5.85552e-13
7.45014e-13
1.27321e-10
9.71673e-10
3.45245e-09
8.56423e-09
1.72164e-08
3.01282e-08
4.77717e-08
7.03547e-08
9.78357e-08
1.29959e-07
1.663e-07
2.06312e-07
2.49376e-07
2.94832e-07
3.42015e-07
3.9028e-07
4.39014e-07
4.87652e-07
5.35681e-07
5.82644e-07
6.28138e-07
6.71817e-07
7.13385e-07
7.52592e-07
7.89232e-07
8.23139e-07
8.54177e-07
8.82242e-07
9.0724e-07
9.29135e-07
9.47884e-07
9.63455e-07
9.75826e-07
9.85e-07
9.90977e-07
9.93757e-07
9.93351e-07
9.89769e-07
9.83027e-07
9.73145e-07
9.60146e-07
9.44059e-07
9.24918e-07
9.02767e-07
8.77663e-07
8.49675e-07
8.18887e-07
7.85405e-07
7.49364e-07
7.10932e-07
6.70307e-07
6.27719e-07
5.83446e-07
5.37808e-07
4.91178e-07
4.43977e-07
3.96676e-07
3.49792e-07
3.03884e-07
2.59539e-07
2.17358e-07
1.77937e-07
1.41836e-07
1.09548e-07
8.14695e-08
5.78561e-08
3.87912e-08
2.41604e-08
1.36412e-08
6.71063e-09
2.67897e-09
7.48108e-10
9.75081e-11
5.69212e-13
7.73365e-13
1.32159e-10
1.00838e-09
3.58165e-09
8.88016e-09
1.78387e-08
3.11877e-08
4.93929e-08
7.26379e-08
1.00841e-07
1.33694e-07
1.70713e-07
2.11292e-07
2.54752e-07
3.00383e-07
3.47478e-07
3.95357e-07
4.43388e-07
4.90993e-07
5.37661e-07
5.82943e-07
6.26453e-07
6.6787e-07
7.06927e-07
7.4341e-07
7.77153e-07
8.08024e-07
8.35933e-07
8.60805e-07
8.82629e-07
9.0138e-07
9.17055e-07
9.29656e-07
9.39217e-07
9.45775e-07
9.49347e-07
9.49969e-07
9.47675e-07
9.42498e-07
9.34473e-07
9.23634e-07
9.10015e-07
8.93652e-07
8.74581e-07
8.52847e-07
8.28499e-07
8.01595e-07
7.72208e-07
7.40433e-07
7.0638e-07
6.70182e-07
6.32006e-07
5.92052e-07
5.50559e-07
5.07808e-07
4.64127e-07
4.19893e-07
3.7553e-07
3.3151e-07
2.88347e-07
2.46586e-07
2.0679e-07
1.69525e-07
1.35326e-07
1.04674e-07
7.79579e-08
5.54406e-08
3.72214e-08
2.32112e-08
1.31194e-08
6.45974e-09
2.58059e-09
7.20969e-10
9.3994e-11
5.48738e-13
8.04425e-13
1.3746e-10
1.04866e-09
3.72364e-09
9.2278e-09
1.85239e-08
3.23539e-08
5.11748e-08
7.51398e-08
1.04119e-07
1.37741e-07
1.75454e-07
2.1658e-07
2.60375e-07
3.06073e-07
3.52919e-07
4.00202e-07
4.47269e-07
4.93537e-07
5.38496e-07
5.81714e-07
6.2283e-07
6.61552e-07
6.97652e-07
7.30962e-07
7.61348e-07
7.88735e-07
8.13067e-07
8.34354e-07
8.52597e-07
8.67824e-07
8.80059e-07
8.89387e-07
8.95871e-07
8.99559e-07
9.00514e-07
8.988e-07
8.94478e-07
8.87603e-07
8.78228e-07
8.66401e-07
8.52167e-07
8.35568e-07
8.16645e-07
7.95438e-07
7.71991e-07
7.46355e-07
7.18589e-07
6.88763e-07
6.56963e-07
6.23299e-07
5.87902e-07
5.50936e-07
5.126e-07
4.73129e-07
4.32806e-07
3.91956e-07
3.50952e-07
3.10215e-07
2.70207e-07
2.31425e-07
1.94391e-07
1.59629e-07
1.27649e-07
9.891e-08
7.3795e-08
5.25704e-08
3.53523e-08
2.2079e-08
1.24962e-08
6.1599e-09
2.46298e-09
6.88531e-10
8.97951e-11
5.24282e-13
8.38561e-13
1.43288e-10
1.09301e-09
3.88021e-09
9.61164e-09
1.92809e-08
3.36418e-08
5.31388e-08
7.78883e-08
1.07701e-07
1.42134e-07
1.80551e-07
2.22194e-07
2.66249e-07
3.11885e-07
3.58301e-07
4.04752e-07
4.5057e-07
4.95169e-07
5.38051e-07
5.78807e-07
6.17108e-07
6.52701e-07
6.85411e-07
7.15095e-07
7.41694e-07
7.65169e-07
7.85549e-07
8.02865e-07
8.17181e-07
8.28529e-07
8.37084e-07
8.42905e-07
8.46086e-07
8.46726e-07
8.44922e-07
8.40765e-07
8.34339e-07
8.25722e-07
8.14984e-07
8.02187e-07
7.87383e-07
7.70622e-07
7.51944e-07
7.31389e-07
7.08995e-07
6.84799e-07
6.58846e-07
6.31187e-07
6.01883e-07
5.71014e-07
5.3868e-07
5.05006e-07
4.70147e-07
4.34294e-07
3.97677e-07
3.60569e-07
3.23288e-07
2.86197e-07
2.49704e-07
2.14253e-07
1.80313e-07
1.48367e-07
1.1889e-07
9.23192e-08
6.90243e-08
4.92745e-08
3.32022e-08
2.07748e-08
1.17777e-08
5.81394e-09
2.32726e-09
6.51104e-10
8.49522e-11
4.96083e-13
8.76085e-13
1.49699e-10
1.14186e-09
4.05296e-09
1.00357e-08
2.01174e-08
3.50638e-08
5.53025e-08
8.0904e-08
1.11609e-07
1.46887e-07
1.86007e-07
2.28122e-07
2.72338e-07
3.17757e-07
3.6353e-07
4.08883e-07
4.53137e-07
4.95711e-07
5.36129e-07
5.74012e-07
6.09071e-07
6.41116e-07
6.69989e-07
6.95639e-07
7.18048e-07
7.37257e-07
7.53333e-07
7.66354e-07
7.76421e-07
7.83746e-07
7.88408e-07
7.90548e-07
7.90304e-07
7.8781e-07
7.83193e-07
7.76569e-07
7.68046e-07
7.5772e-07
7.45675e-07
7.31982e-07
7.16704e-07
6.99892e-07
6.81587e-07
6.61823e-07
6.40632e-07
6.1804e-07
5.94076e-07
5.6877e-07
5.42161e-07
5.14301e-07
4.85254e-07
4.55109e-07
4.23978e-07
3.92004e-07
3.59366e-07
3.26281e-07
2.93011e-07
2.5986e-07
2.27174e-07
1.95338e-07
1.64771e-07
1.35905e-07
1.09176e-07
8.4992e-08
6.37089e-08
4.55949e-08
3.07976e-08
1.93142e-08
1.09722e-08
5.42592e-09
2.17502e-09
6.09131e-10
7.95231e-11
4.64478e-13
9.17254e-13
1.56737e-10
1.19556e-09
4.24317e-09
1.0503e-08
2.10396e-08
3.66291e-08
5.7677e-08
8.41974e-08
1.15847e-07
1.51993e-07
1.91798e-07
2.34314e-07
2.78561e-07
3.23573e-07
3.68455e-07
4.12411e-07
4.54756e-07
4.94927e-07
5.32476e-07
5.67066e-07
5.98479e-07
6.26534e-07
6.51182e-07
6.72419e-07
6.90302e-07
7.04935e-07
7.16382e-07
7.24898e-07
7.30636e-07
7.3375e-07
7.3442e-07
7.32827e-07
7.29144e-07
7.23537e-07
7.16158e-07
7.07147e-07
6.96629e-07
6.84714e-07
6.71495e-07
6.57054e-07
6.41455e-07
6.24745e-07
6.06967e-07
5.8815e-07
5.68316e-07
5.47479e-07
5.25654e-07
5.02851e-07
4.79087e-07
4.54384e-07
4.28778e-07
4.02319e-07
3.75078e-07
3.47153e-07
3.18672e-07
2.89798e-07
2.60734e-07
2.31722e-07
2.03048e-07
1.75038e-07
1.48049e-07
1.22463e-07
9.86711e-08
7.70494e-08
5.79336e-08
4.15885e-08
2.81747e-08
1.77186e-08
1.00914e-08
5.00133e-09
2.00841e-09
5.63204e-10
7.35849e-11
4.29919e-13
9.62239e-13
1.64432e-10
1.25437e-09
4.45175e-09
1.1016e-08
2.20511e-08
3.83427e-08
6.02661e-08
8.77668e-08
1.20402e-07
1.57421e-07
1.97863e-07
2.40677e-07
2.8479e-07
3.29166e-07
3.72872e-07
4.15095e-07
4.5516e-07
4.92529e-07
5.26796e-07
5.57699e-07
5.85027e-07
6.08722e-07
6.2879e-07
6.45304e-07
6.58375e-07
6.68115e-07
6.74895e-07
6.78814e-07
6.80103e-07
6.7899e-07
6.75698e-07
6.70446e-07
6.63437e-07
6.54863e-07
6.44896e-07
6.33691e-07
6.21386e-07
6.08101e-07
5.93935e-07
5.78961e-07
5.63245e-07
5.46837e-07
5.29772e-07
5.12072e-07
4.93749e-07
4.74804e-07
4.55236e-07
4.3504e-07
4.14209e-07
3.92741e-07
3.70644e-07
3.47934e-07
3.24644e-07
3.00831e-07
2.76573e-07
2.51983e-07
2.27206e-07
2.02427e-07
1.77868e-07
1.53794e-07
1.30502e-07
1.08319e-07
8.75869e-08
6.86457e-08
5.18072e-08
3.73284e-08
2.53798e-08
1.60156e-08
9.15e-09
4.54724e-09
1.83017e-09
5.14079e-10
6.72352e-11
3.92976e-13
1.01111e-12
1.72798e-10
1.31839e-09
4.67909e-09
1.15752e-08
2.31528e-08
4.02036e-08
6.30638e-08
9.15953e-08
1.25238e-07
1.63106e-07
2.04106e-07
2.47078e-07
2.90846e-07
3.34318e-07
3.76525e-07
4.16651e-07
4.54043e-07
4.88202e-07
5.18799e-07
5.45584e-07
5.68472e-07
5.87472e-07
6.02672e-07
6.1415e-07
6.22225e-07
6.27152e-07
6.29131e-07
6.28435e-07
6.25342e-07
6.20124e-07
6.13044e-07
6.04349e-07
5.94267e-07
5.83005e-07
5.70752e-07
5.57676e-07
5.43912e-07
5.2957e-07
5.14748e-07
4.99527e-07
4.83964e-07
4.68102e-07
4.51964e-07
4.35562e-07
4.18896e-07
4.01957e-07
3.84727e-07
3.67185e-07
3.49307e-07
3.3107e-07
3.12455e-07
2.93452e-07
2.74061e-07
2.54301e-07
2.34208e-07
2.13849e-07
1.93315e-07
1.72736e-07
1.52276e-07
1.32137e-07
1.12559e-07
9.38094e-08
7.61793e-08
5.99694e-08
4.54629e-08
3.29043e-08
2.24702e-08
1.42389e-08
8.16647e-09
4.07233e-09
1.64368e-09
4.62679e-10
6.05935e-11
3.54343e-13
1.06379e-12
1.81824e-10
1.38754e-09
4.92494e-09
1.218e-08
2.4342e-08
4.22043e-08
6.60523e-08
9.5648e-08
1.30296e-07
1.68956e-07
2.10396e-07
2.53338e-07
2.96512e-07
3.38768e-07
3.79121e-07
4.16765e-07
4.51081e-07
4.81646e-07
5.08156e-07
5.30476e-07
5.4861e-07
5.62645e-07
5.72624e-07
5.79125e-07
5.82227e-07
5.82247e-07
5.79514e-07
5.74358e-07
5.67102e-07
5.58058e-07
5.47517e-07
5.35746e-07
5.22993e-07
5.09476e-07
4.95376e-07
4.80847e-07
4.66029e-07
4.51034e-07
4.35948e-07
4.20837e-07
4.05746e-07
3.90702e-07
3.7572e-07
3.60796e-07
3.4592e-07
3.31068e-07
3.1621e-07
3.0131e-07
2.8633e-07
2.7123e-07
2.55971e-07
2.40522e-07
2.24856e-07
2.08963e-07
1.92844e-07
1.76524e-07
1.60053e-07
1.43508e-07
1.26999e-07
1.10673e-07
9.47087e-08
7.93205e-08
6.47467e-08
5.12406e-08
3.90572e-08
2.84226e-08
1.95138e-08
1.24292e-08
7.16258e-09
3.58694e-09
1.45293e-09
4.10095e-10
5.38e-11
3.14834e-13
1.12009e-12
1.91474e-10
1.46157e-09
5.18827e-09
1.28272e-08
2.56113e-08
4.43287e-08
6.92006e-08
9.98702e-08
1.35487e-07
1.74843e-07
2.16564e-07
2.59245e-07
3.0153e-07
3.4223e-07
3.80352e-07
4.15118e-07
4.45978e-07
4.72551e-07
4.94627e-07
5.12191e-07
5.25266e-07
5.34061e-07
5.39098e-07
5.40503e-07
5.38652e-07
5.33933e-07
5.26734e-07
5.17436e-07
5.06402e-07
4.93973e-07
4.80458e-07
4.66137e-07
4.51252e-07
4.36012e-07
4.20598e-07
4.0516e-07
3.89816e-07
3.74657e-07
3.59753e-07
3.45149e-07
3.30874e-07
3.16938e-07
3.03338e-07
2.90059e-07
2.77073e-07
2.64347e-07
2.51838e-07
2.39501e-07
2.27284e-07
2.15136e-07
2.03006e-07
1.90846e-07
1.78613e-07
1.66274e-07
1.53805e-07
1.412e-07
1.28472e-07
1.15658e-07
1.02821e-07
9.00552e-08
7.74888e-08
6.52802e-08
5.3617e-08
4.27058e-08
3.27662e-08
2.4003e-08
1.65876e-08
1.06321e-08
6.16322e-09
3.10284e-09
1.26247e-09
3.57567e-10
4.70136e-11
2.75374e-13
1.17959e-12
2.01681e-10
1.53994e-09
5.46711e-09
1.35116e-08
2.69482e-08
4.65515e-08
7.24627e-08
1.04187e-07
1.40698e-07
1.8061e-07
2.22409e-07
2.64556e-07
3.05627e-07
3.44406e-07
3.79912e-07
4.11425e-07
4.38459e-07
4.60691e-07
4.78067e-07
4.90529e-07
4.9846e-07
5.023e-07
5.02227e-07
4.98686e-07
4.92126e-07
4.82999e-07
4.71749e-07
4.58798e-07
4.44536e-07
4.29319e-07
4.13463e-07
3.9724e-07
3.80885e-07
3.64593e-07
3.4852e-07
3.32789e-07
3.17494e-07
3.027e-07
2.88449e-07
2.74764e-07
2.61649e-07
2.49095e-07
2.37081e-07
2.25574e-07
2.14535e-07
2.03919e-07
1.93673e-07
1.83745e-07
1.74076e-07
1.64609e-07
1.55286e-07
1.4605e-07
1.3685e-07
1.27639e-07
1.18378e-07
1.0904e-07
9.96114e-08
9.00982e-08
8.0527e-08
7.09499e-08
6.14474e-08
5.21293e-08
4.31342e-08
3.46244e-08
2.67769e-08
1.97741e-08
1.37748e-08
8.89779e-09
5.19553e-09
2.6329e-09
1.07728e-09
3.06445e-10
4.0407e-11
2.36963e-13
1.24171e-12
2.12343e-10
1.62186e-09
5.75843e-09
1.42248e-08
2.83342e-08
4.88367e-08
7.57761e-08
1.08501e-07
1.4579e-07
1.86076e-07
2.27706e-07
2.69015e-07
3.08526e-07
3.45015e-07
3.77535e-07
4.05462e-07
4.28314e-07
4.45969e-07
4.5827e-07
4.6573e-07
4.68742e-07
4.6751e-07
4.62552e-07
4.54384e-07
4.4353e-07
4.30504e-07
4.15792e-07
3.99842e-07
3.83061e-07
3.65797e-07
3.48355e-07
3.30998e-07
3.13933e-07
2.97321e-07
2.81284e-07
2.65909e-07
2.51254e-07
2.37352e-07
2.24213e-07
2.1183e-07
2.00182e-07
1.89238e-07
1.78957e-07
1.69292e-07
1.60193e-07
1.51603e-07
1.43466e-07
1.35723e-07
1.28315e-07
1.21182e-07
1.14265e-07
1.07509e-07
1.00858e-07
9.4262e-08
8.76756e-08
8.1061e-08
7.43902e-08
6.7648e-08
6.08351e-08
5.39715e-08
4.71e-08
4.02886e-08
3.36315e-08
2.72478e-08
2.12752e-08
1.58646e-08
1.11594e-08
7.27705e-09
4.28739e-09
2.19043e-09
9.02504e-10
2.58132e-10
3.41593e-11
2.00637e-13
1.30563e-12
2.23319e-10
1.70621e-09
6.05802e-09
1.49554e-08
2.97445e-08
5.11374e-08
7.90627e-08
1.12693e-07
1.50603e-07
1.91048e-07
2.32225e-07
2.7237e-07
3.0997e-07
3.43813e-07
3.73052e-07
3.97035e-07
4.15503e-07
4.28192e-07
4.35652e-07
4.38303e-07
4.36327e-07
4.30317e-07
4.20861e-07
4.0856e-07
3.94004e-07
3.77754e-07
3.60324e-07
3.42162e-07
3.23665e-07
3.05192e-07
2.87025e-07
2.69372e-07
2.52394e-07
2.36209e-07
2.20896e-07
2.065e-07
1.93035e-07
1.80496e-07
1.68859e-07
1.58086e-07
1.48132e-07
1.38944e-07
1.30463e-07
1.2263e-07
1.15384e-07
1.08664e-07
1.02412e-07
9.65682e-08
9.10749e-08
8.58764e-08
8.09185e-08
7.61491e-08
7.15181e-08
6.69781e-08
6.24855e-08
5.80007e-08
5.34906e-08
4.893e-08
4.43042e-08
3.96123e-08
3.48696e-08
3.01114e-08
2.53947e-08
2.07995e-08
1.6427e-08
1.23921e-08
8.81968e-09
5.8179e-09
3.46543e-09
1.78826e-09
7.43158e-10
2.13996e-10
2.84455e-11
1.67403e-13
1.37031e-12
2.34428e-10
1.79155e-09
6.3604e-09
1.5689e-08
3.11475e-08
5.33963e-08
8.22311e-08
1.16632e-07
1.54965e-07
1.95318e-07
2.3574e-07
2.74393e-07
3.09751e-07
3.40665e-07
3.66293e-07
3.86152e-07
3.99866e-07
4.07871e-07
4.10725e-07
4.08517e-07
4.01912e-07
3.91569e-07
3.78171e-07
3.62394e-07
3.44882e-07
3.26204e-07
3.06873e-07
2.87382e-07
2.68118e-07
2.49357e-07
2.31322e-07
2.14178e-07
1.98036e-07
1.82962e-07
1.6898e-07
1.56086e-07
1.44252e-07
1.3343e-07
1.23565e-07
1.14591e-07
1.06438e-07
9.90365e-08
9.2316e-08
8.62079e-08
8.06464e-08
7.55696e-08
7.09201e-08
6.66438e-08
6.26875e-08
5.90025e-08
5.55429e-08
5.2265e-08
4.91276e-08
4.60913e-08
4.31191e-08
4.01768e-08
3.72332e-08
3.4262e-08
3.12428e-08
2.81636e-08
2.50231e-08
2.18338e-08
1.86251e-08
1.54439e-08
1.23576e-08
9.45044e-09
6.81914e-09
4.56039e-09
2.75237e-09
1.43754e-09
6.03663e-10
1.75254e-10
2.34219e-11
1.38164e-13
1.43448e-12
2.4545e-10
1.87612e-09
6.65886e-09
1.64076e-08
3.25059e-08
5.55467e-08
8.51778e-08
1.20176e-07
1.58703e-07
1.98689e-07
2.3805e-07
2.74904e-07
3.07738e-07
3.35459e-07
3.57292e-07
3.72726e-07
3.81886e-07
3.85594e-07
3.83763e-07
3.77114e-07
3.66369e-07
3.52296e-07
3.35664e-07
3.1719e-07
2.97513e-07
2.77292e-07
2.57067e-07
2.3722e-07
2.18063e-07
1.9984e-07
1.82718e-07
1.66798e-07
1.52127e-07
1.38708e-07
1.26511e-07
1.15481e-07
1.05548e-07
9.66304e-08
8.86417e-08
8.14951e-08
7.51053e-08
6.93914e-08
6.4279e-08
5.96953e-08
5.55734e-08
5.18518e-08
4.84729e-08
4.53957e-08
4.25813e-08
3.99918e-08
3.75917e-08
3.53478e-08
3.3229e-08
3.12059e-08
2.92507e-08
2.73368e-08
2.54393e-08
2.35355e-08
2.16052e-08
1.96326e-08
1.76074e-08
1.55279e-08
1.34028e-08
1.12583e-08
9.13601e-09
7.09278e-09
5.19825e-09
3.53151e-09
2.16433e-09
1.14655e-09
4.87402e-10
1.42861e-10
1.92122e-11
1.13636e-13
1.49667e-12
2.56127e-10
1.95785e-09
6.94559e-09
1.70908e-08
3.37773e-08
5.75152e-08
8.77934e-08
1.23182e-07
1.61649e-07
2.00983e-07
2.38993e-07
2.73773e-07
3.03882e-07
3.2821e-07
3.4609e-07
3.57048e-07
3.62334e-07
3.61581e-07
3.55532e-07
3.44957e-07
3.30701e-07
3.13626e-07
2.94517e-07
2.74168e-07
2.53342e-07
2.32581e-07
2.12326e-07
1.9294e-07
1.74683e-07
1.57722e-07
1.4215e-07
1.27994e-07
1.15233e-07
1.0381e-07
9.36398e-08
8.46252e-08
7.66597e-08
6.96353e-08
6.34471e-08
5.79963e-08
5.31877e-08
4.89347e-08
4.51587e-08
4.18015e-08
3.88079e-08
3.6128e-08
3.37179e-08
3.15361e-08
2.9549e-08
2.77269e-08
2.60433e-08
2.44745e-08
2.29989e-08
2.15971e-08
2.02505e-08
1.89421e-08
1.76553e-08
1.63747e-08
1.50858e-08
1.3776e-08
1.24352e-08
1.10581e-08
9.64554e-09
8.20395e-09
6.75245e-09
5.32444e-09
3.96746e-09
2.74101e-09
1.70847e-09
9.19537e-10
3.96309e-10
1.17401e-10
1.58948e-11
9.42788e-14
1.55525e-12
2.66175e-10
2.03443e-09
7.21187e-09
1.7716e-08
3.49159e-08
5.92258e-08
8.9969e-08
1.25516e-07
1.6366e-07
2.02064e-07
2.38462e-07
2.70975e-07
2.98143e-07
3.19031e-07
3.32767e-07
3.40169e-07
3.41289e-07
3.36586e-07
3.26854e-07
3.12999e-07
2.95961e-07
2.76611e-07
2.55933e-07
2.34728e-07
2.13603e-07
1.93086e-07
1.73583e-07
1.55378e-07
1.38646e-07
1.23472e-07
1.09867e-07
9.77835e-08
8.71351e-08
7.78093e-08
6.96792e-08
6.26136e-08
5.64831e-08
5.11652e-08
4.65446e-08
4.25154e-08
3.89924e-08
3.59016e-08
3.31875e-08
3.07906e-08
2.86602e-08
2.67531e-08
2.50341e-08
2.347e-08
2.20333e-08
2.07017e-08
1.94573e-08
1.82849e-08
1.71714e-08
1.61057e-08
1.50776e-08
1.4078e-08
1.30982e-08
1.21298e-08
1.11649e-08
1.01959e-08
9.21585e-09
8.21939e-09
7.20362e-09
6.171e-09
5.12948e-09
4.09621e-09
3.09987e-09
2.17871e-09
1.3818e-09
7.56175e-10
3.30635e-10
9.90205e-11
1.34945e-11
8.02452e-14
1.60847e-12
2.75288e-10
2.10342e-09
7.44852e-09
1.82598e-08
3.58759e-08
6.06043e-08
9.16039e-08
1.27062e-07
1.64624e-07
2.01848e-07
2.36433e-07
2.6652e-07
2.90728e-07
3.08016e-07
3.1825e-07
3.2205e-07
3.19505e-07
3.11374e-07
2.98587e-07
2.82134e-07
2.63016e-07
2.42369e-07
2.21022e-07
1.99703e-07
1.79028e-07
1.59462e-07
1.41325e-07
1.2481e-07
1.10003e-07
9.68989e-08
8.54296e-08
7.5481e-08
6.69119e-08
5.95683e-08
5.32944e-08
4.79408e-08
4.33691e-08
3.94538e-08
3.60883e-08
3.31885e-08
3.06767e-08
2.84871e-08
2.65584e-08
2.48468e-08
2.33099e-08
2.19117e-08
2.06252e-08
1.9429e-08
1.8306e-08
1.72429e-08
1.6229e-08
1.5256e-08
1.4317e-08
1.34064e-08
1.25196e-08
1.16524e-08
1.08011e-08
9.9621e-09
9.1319e-09
8.30705e-09
7.48424e-09
6.66054e-09
5.834e-09
5.00468e-09
4.17596e-09
3.35673e-09
2.56375e-09
1.82415e-09
1.17332e-09
6.51976e-10
2.89017e-10
8.74393e-11
1.19819e-11
7.13793e-14
1.65457e-12
2.83157e-10
2.16235e-09
7.64634e-09
1.86992e-08
3.66135e-08
6.15835e-08
9.26118e-08
1.2773e-07
1.64465e-07
2.00294e-07
2.32924e-07
2.6051e-07
2.81809e-07
2.95748e-07
3.02848e-07
3.03327e-07
2.9764e-07
2.86694e-07
2.71485e-07
2.53163e-07
2.32934e-07
2.11716e-07
1.90376e-07
1.69624e-07
1.50003e-07
1.31891e-07
1.15513e-07
1.00964e-07
8.82376e-08
7.72475e-08
6.78568e-08
5.98987e-08
5.31942e-08
4.75654e-08
4.2845e-08
3.88815e-08
3.55417e-08
3.27117e-08
3.02999e-08
2.82297e-08
2.64294e-08
2.48388e-08
2.34069e-08
2.20897e-08
2.0864e-08
1.97158e-08
1.86312e-08
1.75985e-08
1.66084e-08
1.56541e-08
1.47301e-08
1.38325e-08
1.29584e-08
1.21054e-08
1.12718e-08
1.0456e-08
9.65651e-09
8.87202e-09
8.10097e-09
7.34172e-09
6.59249e-09
5.85153e-09
5.11742e-09
4.38967e-09
3.66973e-09
2.96257e-09
2.27887e-09
1.63741e-09
1.06574e-09
5.99469e-10
2.68787e-10
8.19896e-11
1.12772e-11
6.72308e-14
1.69187e-12
2.89488e-10
2.20886e-09
7.79676e-09
1.90136e-08
3.70907e-08
6.21079e-08
9.29289e-08
1.27462e-07
1.63153e-07
1.97442e-07
2.28037e-07
2.53238e-07
2.71733e-07
2.82595e-07
2.86937e-07
2.84586e-07
2.76342e-07
2.63152e-07
2.46277e-07
2.2695e-07
2.06213e-07
1.85063e-07
1.64327e-07
1.44649e-07
1.26485e-07
1.10114e-07
9.56629e-08
8.31327e-08
7.2433e-08
6.34109e-08
5.58784e-08
4.96342e-08
4.44801e-08
4.02313e-08
3.67229e-08
3.38123e-08
3.13806e-08
2.93277e-08
2.75664e-08
2.60224e-08
2.46442e-08
2.33919e-08
2.22352e-08
2.11526e-08
2.0125e-08
1.91368e-08
1.81777e-08
1.72404e-08
1.63203e-08
1.54142e-08
1.45204e-08
1.36384e-08
1.2768e-08
1.19098e-08
1.10643e-08
1.02326e-08
9.41546e-09
8.61369e-09
7.82793e-09
7.05861e-09
6.30591e-09
5.56979e-09
4.85013e-09
4.14703e-09
3.46146e-09
2.79639e-09
2.15865e-09
1.56141e-09
1.02634e-09
5.83738e-10
2.64641e-10
8.13792e-11
1.12321e-11
6.70011e-14
1.71886e-12
2.94018e-10
2.24088e-09
7.89245e-09
1.91857e-08
3.72781e-08
6.21389e-08
9.2517e-08
1.26236e-07
1.60699e-07
1.9334e-07
2.22009e-07
2.44998e-07
2.60566e-07
2.69136e-07
2.70996e-07
2.66358e-07
2.56054e-07
2.41397e-07
2.23594e-07
2.03806e-07
1.8315e-07
1.62584e-07
1.42878e-07
1.24591e-07
1.08084e-07
9.35409e-08
8.09936e-08
7.03625e-08
6.14909e-08
5.41774e-08
4.82029e-08
4.33503e-08
3.94177e-08
3.62257e-08
3.36206e-08
3.14763e-08
2.96809e-08
2.81481e-08
2.68135e-08
2.56242e-08
2.4537e-08
2.35203e-08
2.25503e-08
2.16098e-08
2.06847e-08
1.97662e-08
1.88487e-08
1.79291e-08
1.70065e-08
1.60815e-08
1.51557e-08
1.42314e-08
1.33112e-08
1.2398e-08
1.14946e-08
1.06037e-08
9.72787e-09
8.86928e-09
8.02991e-09
7.2114e-09
6.41509e-09
5.64205e-09
4.89313e-09
4.16915e-09
3.47127e-09
2.8018e-09
2.16571e-09
1.57298e-09
1.04149e-09
5.97656e-10
2.73618e-10
8.47739e-11
1.1738e-11
7.00528e-14
1.73437e-12
2.96541e-10
2.25683e-09
7.92798e-09
1.92041e-08
3.71587e-08
6.16579e-08
9.13664e-08
1.24083e-07
1.57247e-07
1.88328e-07
2.1505e-07
2.35703e-07
2.48896e-07
2.55583e-07
2.55382e-07
2.48914e-07
2.3737e-07
2.21869e-07
2.03651e-07
1.83934e-07
1.63811e-07
1.44189e-07
1.25762e-07
1.09005e-07
9.41866e-08
8.14e-08
7.06005e-08
6.16449e-08
5.43307e-08
4.8428e-08
4.37047e-08
3.99426e-08
3.69474e-08
3.45532e-08
3.26229e-08
3.10193e-08
2.96573e-08
2.84973e-08
2.74718e-08
2.65265e-08
2.56296e-08
2.47568e-08
2.389e-08
2.30218e-08
2.21328e-08
2.12234e-08
2.02904e-08
1.93349e-08
1.83592e-08
1.73666e-08
1.6362e-08
1.53509e-08
1.43388e-08
1.33311e-08
1.23329e-08
1.13488e-08
1.03829e-08
9.43851e-09
8.51853e-09
7.62523e-09
6.76048e-09
5.92581e-09
5.12253e-09
4.35184e-09
3.6151e-09
2.91446e-09
2.25398e-09
1.6418e-09
1.09324e-09
6.32276e-10
2.92144e-10
9.12107e-11
1.26752e-11
7.57076e-14
1.73768e-12
2.96931e-10
2.25571e-09
7.90028e-09
1.90643e-08
3.6736e-08
6.07144e-08
8.96294e-08
1.21269e-07
1.53025e-07
1.82329e-07
2.07121e-07
2.25749e-07
2.37177e-07
2.42106e-07
2.40386e-07
2.3288e-07
2.2058e-07
2.04717e-07
1.86566e-07
1.67328e-07
1.48052e-07
1.29582e-07
1.12537e-07
9.73068e-08
8.40807e-08
7.28792e-08
6.35983e-08
5.60521e-08
5.00118e-08
4.52358e-08
4.14916e-08
3.85688e-08
3.62872e-08
3.44625e-08
3.29758e-08
3.1796e-08
3.08123e-08
2.99449e-08
2.91426e-08
2.8372e-08
2.7607e-08
2.68275e-08
2.60191e-08
2.5172e-08
2.42819e-08
2.33513e-08
2.23641e-08
2.13335e-08
2.02645e-08
1.91645e-08
1.80414e-08
1.69036e-08
1.57596e-08
1.46183e-08
1.34877e-08
1.23751e-08
1.12865e-08
1.0227e-08
9.20023e-09
8.20895e-09
7.25513e-09
6.34017e-09
5.46517e-09
4.63117e-09
3.83936e-09
3.0916e-09
2.39136e-09
1.74559e-09
1.16782e-09
6.80455e-10
3.17174e-10
9.98381e-11
1.39357e-11
8.33512e-14
1.72986e-12
2.95439e-10
2.24059e-09
7.82498e-09
1.8812e-08
3.61003e-08
5.94046e-08
8.73061e-08
1.17599e-07
1.47765e-07
1.75417e-07
1.98523e-07
2.15327e-07
2.25338e-07
2.29077e-07
2.26486e-07
2.18346e-07
2.05767e-07
1.89995e-07
1.72291e-07
1.53821e-07
1.3558e-07
1.18348e-07
1.02671e-07
8.88678e-08
7.70633e-08
6.7225e-08
5.921e-08
5.28087e-08
4.77818e-08
4.38883e-08
4.09037e-08
3.86131e-08
3.68041e-08
3.54417e-08
3.4412e-08
3.35754e-08
3.28575e-08
3.22064e-08
3.15817e-08
3.09524e-08
3.0294e-08
2.9588e-08
2.88217e-08
2.79862e-08
2.70766e-08
2.60918e-08
2.50431e-08
2.39186e-08
2.2729e-08
2.14883e-08
2.02085e-08
1.89031e-08
1.75851e-08
1.62669e-08
1.49605e-08
1.3677e-08
1.24259e-08
1.12145e-08
1.00483e-08
8.93083e-09
7.86398e-09
6.84869e-09
5.88522e-09
4.97364e-09
4.11432e-09
3.30833e-09
2.55834e-09
1.87023e-09
1.25606e-09
7.36899e-10
3.46409e-10
1.09988e-10
1.54331e-11
9.24887e-14
1.70899e-12
2.91646e-10
2.20664e-09
7.67848e-09
1.83838e-08
3.51272e-08
5.75591e-08
8.42761e-08
1.1315e-07
1.41744e-07
1.67743e-07
1.89267e-07
2.04716e-07
2.1386e-07
2.16811e-07
2.13703e-07
2.05379e-07
1.92944e-07
1.77627e-07
1.60652e-07
1.43138e-07
1.26023e-07
1.10025e-07
9.56265e-08
8.30944e-08
7.25062e-08
6.37966e-08
5.68021e-08
5.13044e-08
4.7065e-08
4.38501e-08
4.1409e-08
3.95628e-08
3.82631e-08
3.73139e-08
3.65983e-08
3.60361e-08
3.55491e-08
3.5087e-08
3.4622e-08
3.41265e-08
3.35737e-08
3.29424e-08
3.22238e-08
3.14059e-08
3.04833e-08
2.94546e-08
2.83219e-08
2.71035e-08
2.57844e-08
2.43837e-08
2.29217e-08
2.14145e-08
1.98804e-08
1.83385e-08
1.6807e-08
1.53026e-08
1.38396e-08
1.24296e-08
1.10811e-08
9.7996e-09
8.58765e-09
7.44568e-09
6.37268e-09
5.36701e-09
4.42721e-09
3.55272e-09
2.74477e-09
2.00785e-09
1.35246e-09
7.98297e-10
3.78278e-10
1.21181e-10
1.71033e-11
1.0275e-13
1.67507e-12
2.85594e-10
2.15528e-09
7.4696e-09
1.77985e-08
3.38529e-08
5.52603e-08
8.06551e-08
1.08005e-07
1.35029e-07
1.59577e-07
1.79866e-07
1.94301e-07
2.0279e-07
2.05301e-07
2.02083e-07
1.93965e-07
1.82022e-07
1.67441e-07
1.51396e-07
1.34949e-07
1.18981e-07
1.04156e-07
9.09098e-08
7.94707e-08
6.98897e-08
6.20859e-08
5.58909e-08
5.1089e-08
4.74505e-08
4.47134e-08
4.27102e-08
4.13228e-08
4.04015e-08
3.97817e-08
3.93095e-08
3.89649e-08
3.86862e-08
3.84211e-08
3.81312e-08
3.77853e-08
3.73536e-08
3.67953e-08
3.61521e-08
3.53733e-08
3.44594e-08
3.34054e-08
3.22123e-08
3.08857e-08
2.94514e-08
2.78892e-08
2.62276e-08
2.44937e-08
2.27109e-08
2.09047e-08
1.91002e-08
1.73218e-08
1.55914e-08
1.39272e-08
1.23433e-08
1.08493e-08
9.44973e-09
8.14555e-09
6.93457e-09
5.81289e-09
4.77626e-09
3.8213e-09
2.94673e-09
2.15485e-09
1.45416e-09
8.62728e-10
4.11764e-10
1.33078e-10
1.88997e-11
1.13864e-13
1.63012e-12
2.77665e-10
2.08992e-09
7.21457e-09
1.7114e-08
3.2409e-08
5.27034e-08
7.67079e-08
1.02536e-07
1.28064e-07
1.51251e-07
1.70417e-07
1.84071e-07
1.92165e-07
1.94575e-07
1.91592e-07
1.84003e-07
1.72832e-07
1.59203e-07
1.44227e-07
1.28906e-07
1.14067e-07
1.0033e-07
8.8098e-08
7.75774e-08
6.88097e-08
6.17138e-08
5.61282e-08
5.18452e-08
4.86038e-08
4.62697e-08
4.46263e-08
4.3613e-08
4.29989e-08
4.25728e-08
4.2335e-08
4.22117e-08
4.214e-08
4.20694e-08
4.19593e-08
4.17759e-08
4.14908e-08
4.10814e-08
4.05167e-08
3.97821e-08
3.89141e-08
3.78669e-08
3.66424e-08
3.52438e-08
3.3679e-08
3.19845e-08
3.01333e-08
2.81651e-08
2.61152e-08
2.40149e-08
2.18978e-08
1.97972e-08
1.77446e-08
1.57677e-08
1.38893e-08
1.21257e-08
1.04864e-08
8.97474e-09
7.58846e-09
6.32161e-09
5.16649e-09
4.11568e-09
3.16394e-09
2.31016e-09
1.5599e-09
9.2909e-10
4.4619e-10
1.4543e-10
2.07861e-11
1.25618e-13
1.57565e-12
2.68125e-10
2.0127e-09
6.92051e-09
1.63445e-08
3.0827e-08
4.99683e-08
7.25592e-08
9.68547e-08
1.20894e-07
1.42794e-07
1.60986e-07
1.74095e-07
1.82017e-07
1.84605e-07
1.82138e-07
1.7534e-07
1.65159e-07
1.52645e-07
1.38836e-07
1.24672e-07
1.1093e-07
9.81944e-08
8.68483e-08
7.70914e-08
6.89695e-08
6.24146e-08
5.72518e-08
5.32742e-08
5.03967e-08
4.83371e-08
4.69857e-08
4.62268e-08
4.57712e-08
4.55753e-08
4.55586e-08
4.56394e-08
4.57642e-08
4.5885e-08
4.59606e-08
4.59545e-08
4.5834e-08
4.55715e-08
4.51427e-08
4.45349e-08
4.36961e-08
4.26855e-08
4.14698e-08
4.00381e-08
3.83957e-08
3.65531e-08
3.45568e-08
3.2379e-08
3.00655e-08
2.7663e-08
2.52124e-08
2.27565e-08
2.03379e-08
1.79962e-08
1.57656e-08
1.36729e-08
1.17363e-08
9.96431e-09
8.35727e-09
6.90847e-09
5.60694e-09
4.44036e-09
3.39812e-09
2.47404e-09
1.66937e-09
9.96552e-10
4.81023e-10
1.58024e-10
2.27296e-11
1.37817e-13
1.51334e-12
2.57269e-10
1.92606e-09
6.59666e-09
1.5513e-08
2.9145e-08
4.70994e-08
6.8259e-08
9.10318e-08
1.1363e-07
1.34328e-07
1.51672e-07
1.64416e-07
1.72346e-07
1.75328e-07
1.73593e-07
1.67786e-07
1.58765e-07
1.4749e-07
1.34923e-07
1.21936e-07
1.09263e-07
9.74578e-08
8.68958e-08
7.7781e-08
7.01582e-08
6.39216e-08
5.90105e-08
5.53433e-08
5.2672e-08
5.07854e-08
4.96242e-08
4.90008e-08
4.86772e-08
4.8634e-08
4.87871e-08
4.9062e-08
4.93891e-08
4.97124e-08
4.9983e-08
5.01618e-08
5.02196e-08
5.01276e-08
4.98586e-08
4.93814e-08
4.8673e-08
4.77015e-08
4.64841e-08
4.50631e-08
4.33933e-08
4.14702e-08
3.93154e-08
3.69816e-08
3.44512e-08
3.17652e-08
2.89872e-08
2.61684e-08
2.33622e-08
2.06208e-08
1.79927e-08
1.55185e-08
1.32286e-08
1.11415e-08
9.26355e-09
7.59007e-09
6.10833e-09
4.80127e-09
3.65183e-09
2.64708e-09
1.7822e-09
1.06466e-09
5.15837e-10
1.70655e-10
2.46965e-11
1.50255e-13
1.445e-12
2.45415e-10
1.83256e-09
6.25267e-09
1.46436e-08
2.74103e-08
4.4173e-08
6.39117e-08
8.51902e-08
1.06396e-07
1.25964e-07
1.42557e-07
1.55059e-07
1.6313e-07
1.66658e-07
1.65812e-07
1.61141e-07
1.53405e-07
1.43466e-07
1.322e-07
1.20415e-07
1.08796e-07
9.78771e-08
8.80301e-08
7.94078e-08
7.20707e-08
6.61192e-08
6.14706e-08
5.79362e-08
5.5361e-08
5.35607e-08
5.24739e-08
5.19109e-08
5.16823e-08
5.17451e-08
5.20113e-08
5.24099e-08
5.28781e-08
5.33617e-08
5.38149e-08
5.41918e-08
5.44474e-08
5.45435e-08
5.44483e-08
5.41382e-08
5.35848e-08
5.276e-08
5.16281e-08
5.01445e-08
4.8442e-08
4.64747e-08
4.42434e-08
4.17485e-08
3.90509e-08
3.61536e-08
3.30837e-08
2.99257e-08
2.67413e-08
2.35945e-08
2.05476e-08
1.76575e-08
1.49706e-08
1.25198e-08
1.03223e-08
8.37974e-09
6.68051e-09
5.20441e-09
3.92789e-09
2.83004e-09
1.89815e-09
1.1329e-09
5.5019e-10
1.83104e-10
2.6649e-11
1.62694e-13
1.37252e-12
2.32895e-10
1.73481e-09
5.89804e-09
1.37596e-08
2.56669e-08
4.12585e-08
5.96109e-08
7.94405e-08
9.93075e-08
1.17804e-07
1.33712e-07
1.4604e-07
1.54339e-07
1.58508e-07
1.58647e-07
1.55209e-07
1.48845e-07
1.40314e-07
1.30402e-07
1.19844e-07
1.09282e-07
9.92243e-08
8.99383e-08
8.17121e-08
7.47674e-08
6.90677e-08
6.45233e-08
6.10309e-08
5.84615e-08
5.6664e-08
5.55475e-08
5.49797e-08
5.47741e-08
5.48806e-08
5.52142e-08
5.57012e-08
5.62771e-08
5.68845e-08
5.74708e-08
5.79909e-08
5.84021e-08
5.86638e-08
5.87371e-08
5.85826e-08
5.81704e-08
5.7475e-08
5.6477e-08
5.51546e-08
5.34376e-08
5.1407e-08
4.90773e-08
4.64849e-08
4.36329e-08
4.05562e-08
3.72906e-08
3.38453e-08
3.03257e-08
2.68027e-08
2.33499e-08
2.00393e-08
1.69352e-08
1.40887e-08
1.15331e-08
9.28169e-09
7.32868e-09
5.65378e-09
4.22843e-09
3.02348e-09
2.01687e-09
1.20067e-09
5.83588e-10
1.95126e-10
2.85433e-11
1.74854e-13
1.29781e-12
2.20032e-10
1.63534e-09
5.5417e-09
1.28824e-08
2.39546e-08
3.84172e-08
5.54392e-08
7.38805e-08
9.24658e-08
1.09941e-07
1.25206e-07
1.37382e-07
1.45954e-07
1.50803e-07
1.51972e-07
1.49815e-07
1.44874e-07
1.37801e-07
1.29284e-07
1.19987e-07
1.10498e-07
1.01204e-07
9.2552e-08
8.48651e-08
7.82175e-08
7.26586e-08
6.81625e-08
6.46527e-08
6.20205e-08
6.01515e-08
5.8931e-08
5.82779e-08
5.80189e-08
5.80951e-08
5.84242e-08
5.8933e-08
5.95559e-08
6.02338e-08
6.09125e-08
6.15414e-08
6.20728e-08
6.24609e-08
6.26622e-08
6.26357e-08
6.23453e-08
6.17589e-08
6.08505e-08
5.96017e-08
5.80021e-08
5.60108e-08
5.36599e-08
5.09677e-08
4.79908e-08
4.47613e-08
4.13077e-08
3.76903e-08
3.39036e-08
3.00666e-08
2.6258e-08
2.25598e-08
1.9052e-08
1.5805e-08
1.28725e-08
1.02851e-08
8.049e-09
6.14861e-09
4.55336e-09
3.227e-09
2.13763e-09
1.26717e-09
6.15454e-10
2.06445e-10
3.03291e-11
1.86407e-13
1.22277e-12
2.07125e-10
1.53651e-09
5.19189e-09
1.20311e-08
2.23082e-08
3.57027e-08
5.14683e-08
6.85965e-08
8.59645e-08
1.02464e-07
1.17111e-07
1.29123e-07
1.37975e-07
1.43499e-07
1.45695e-07
1.44825e-07
1.41323e-07
1.35732e-07
1.28642e-07
1.20631e-07
1.12202e-07
1.03787e-07
9.58708e-08
8.86682e-08
8.23371e-08
7.69257e-08
7.24403e-08
6.88495e-08
6.61032e-08
6.41054e-08
6.27493e-08
6.19315e-08
6.15503e-08
6.15206e-08
6.17682e-08
6.22222e-08
6.28176e-08
6.34944e-08
6.41961e-08
6.48687e-08
6.54603e-08
6.59204e-08
6.62008e-08
6.62562e-08
6.60452e-08
6.5532e-08
6.46863e-08
6.34841e-08
6.19118e-08
5.99652e-08
5.76255e-08
5.49335e-08
5.18837e-08
4.8541e-08
4.49492e-08
4.11571e-08
3.7231e-08
3.31641e-08
2.90801e-08
2.50638e-08
2.12042e-08
1.75877e-08
1.42885e-08
1.13592e-08
8.82464e-09
6.6803e-09
4.89848e-09
3.43837e-09
2.25898e-09
1.33137e-09
6.4511e-10
2.16749e-10
3.19491e-11
1.96973e-13
1.14925e-12
1.94531e-10
1.44076e-09
4.85661e-09
1.12237e-08
2.07596e-08
3.3163e-08
4.77627e-08
6.36672e-08
7.98916e-08
9.54629e-08
1.09509e-07
1.21328e-07
1.30436e-07
1.36593e-07
1.39781e-07
1.4017e-07
1.38095e-07
1.33998e-07
1.28373e-07
1.21723e-07
1.14363e-07
1.07034e-07
9.99683e-08
9.33686e-08
8.73956e-08
8.21593e-08
7.77039e-08
7.40271e-08
7.10871e-08
6.88323e-08
6.72006e-08
6.61365e-08
6.55486e-08
6.53455e-08
6.54331e-08
6.57472e-08
6.62276e-08
6.68145e-08
6.74507e-08
6.80797e-08
6.86457e-08
6.90943e-08
6.93733e-08
6.9434e-08
6.92331e-08
6.87336e-08
6.78963e-08
6.66945e-08
6.51129e-08
6.31464e-08
6.07995e-08
5.80661e-08
5.50062e-08
5.16254e-08
4.79691e-08
4.40826e-08
4.00264e-08
3.58621e-08
3.1601e-08
2.73625e-08
2.32371e-08
1.93193e-08
1.5699e-08
1.24508e-08
9.62293e-09
7.23005e-09
5.25351e-09
3.65226e-09
2.37816e-09
1.39179e-09
6.71738e-10
2.25697e-10
3.33398e-11
2.0612e-13
1.07916e-12
1.82573e-10
1.35045e-09
4.54353e-09
1.04773e-08
1.93391e-08
3.08448e-08
4.43869e-08
5.91743e-08
7.43428e-08
8.90426e-08
1.02508e-07
1.14113e-07
1.23408e-07
1.30139e-07
1.34254e-07
1.35856e-07
1.3516e-07
1.3253e-07
1.28361e-07
1.22994e-07
1.17128e-07
1.10964e-07
1.04783e-07
9.88316e-08
9.3297e-08
8.83174e-08
8.39657e-08
8.02603e-08
7.71884e-08
7.47241e-08
7.28228e-08
7.14208e-08
7.04618e-08
6.98898e-08
6.96617e-08
6.96914e-08
6.99441e-08
7.0332e-08
7.07911e-08
7.12637e-08
7.16874e-08
7.20045e-08
7.21609e-08
7.21059e-08
7.17927e-08
7.11796e-08
7.02396e-08
6.89519e-08
6.73036e-08
6.52903e-08
6.29166e-08
6.01973e-08
5.71438e-08
5.37744e-08
5.01247e-08
4.62331e-08
4.21434e-08
3.79198e-08
3.36112e-08
2.92595e-08
2.49758e-08
2.08557e-08
1.69947e-08
1.34837e-08
1.03948e-08
7.76747e-09
5.6005e-09
3.85878e-09
2.49022e-09
1.44614e-09
6.94383e-10
2.32941e-10
3.44335e-11
2.1334e-13
1.01469e-12
1.71618e-10
1.26818e-09
4.26103e-09
9.81007e-09
1.8078e-08
2.87948e-08
4.14047e-08
5.52003e-08
6.94208e-08
8.33241e-08
9.6242e-08
1.07622e-07
1.17053e-07
1.24285e-07
1.29222e-07
1.31961e-07
1.32575e-07
1.31374e-07
1.28722e-07
1.24935e-07
1.2042e-07
1.15395e-07
1.1014e-07
1.04922e-07
9.99369e-08
9.53198e-08
9.11621e-08
8.75189e-08
8.4405e-08
8.1802e-08
7.96667e-08
7.79643e-08
7.66577e-08
7.57046e-08
7.50564e-08
7.46742e-08
7.44477e-08
7.43778e-08
7.44096e-08
7.44767e-08
7.45292e-08
7.4516e-08
7.43823e-08
7.4074e-08
7.3542e-08
7.27403e-08
7.16312e-08
7.02025e-08
6.84464e-08
6.63599e-08
6.39446e-08
6.1206e-08
5.81566e-08
5.48171e-08
5.12252e-08
4.73962e-08
4.33767e-08
3.91979e-08
3.49173e-08
3.05745e-08
2.62466e-08
2.20439e-08
1.80497e-08
1.43623e-08
1.10749e-08
8.25018e-09
5.91288e-09
4.04218e-09
2.58691e-09
1.49063e-09
7.10601e-10
2.37257e-10
3.50076e-11
2.17251e-13
9.58555e-13
1.62083e-10
1.19713e-09
4.01962e-09
9.24546e-09
1.70176e-08
2.70747e-08
3.88998e-08
5.18512e-08
6.52537e-08
7.84577e-08
9.08813e-08
1.0204e-07
1.11566e-07
1.19219e-07
1.24885e-07
1.28558e-07
1.30538e-07
1.30881e-07
1.29624e-07
1.27338e-07
1.24116e-07
1.20262e-07
1.16047e-07
1.11684e-07
1.0735e-07
1.03186e-07
9.92932e-08
9.57419e-08
9.25714e-08
8.97976e-08
8.74236e-08
8.54143e-08
8.37217e-08
8.23108e-08
8.11489e-08
8.01994e-08
7.94656e-08
7.88087e-08
7.82112e-08
7.76876e-08
7.71553e-08
7.65722e-08
7.58954e-08
7.50863e-08
7.41087e-08
7.29337e-08
7.15402e-08
6.99016e-08
6.80053e-08
6.58423e-08
6.34076e-08
6.07004e-08
5.77248e-08
5.44901e-08
5.10377e-08
4.73531e-08
4.34563e-08
3.94102e-08
3.52635e-08
3.10734e-08
2.68827e-08
2.27413e-08
1.87367e-08
1.49777e-08
1.15831e-08
8.62561e-09
6.15576e-09
4.18042e-09
2.65572e-09
1.51992e-09
7.17227e-10
2.3841e-10
3.51e-11
2.1809e-13
9.1444e-13
1.54602e-10
1.14204e-09
3.83531e-09
8.81933e-09
1.62206e-08
2.57777e-08
3.69952e-08
4.92769e-08
6.20123e-08
7.46267e-08
8.6611e-08
9.75419e-08
1.07086e-07
1.15016e-07
1.21348e-07
1.26231e-07
1.2933e-07
1.30776e-07
1.30944e-07
1.29954e-07
1.27998e-07
1.25321e-07
1.22131e-07
1.18615e-07
1.14936e-07
1.11228e-07
1.07597e-07
1.04122e-07
1.00857e-07
9.7836e-08
9.50765e-08
9.25792e-08
9.03397e-08
8.83312e-08
8.65153e-08
8.48538e-08
8.33799e-08
8.19919e-08
8.06643e-08
7.93514e-08
7.80647e-08
7.67941e-08
7.548e-08
7.41033e-08
7.26403e-08
7.10705e-08
6.93772e-08
6.7542e-08
6.55438e-08
6.33646e-08
6.09892e-08
5.84061e-08
5.56095e-08
5.25965e-08
4.94093e-08
4.59806e-08
4.23328e-08
3.85227e-08
3.46018e-08
3.06191e-08
2.66265e-08
2.26818e-08
1.88521e-08
1.52071e-08
1.18312e-08
8.83076e-09
6.28587e-09
4.24577e-09
2.67919e-09
1.51948e-09
7.14161e-10
2.36374e-10
3.46564e-11
2.15393e-13
8.87061e-13
1.50012e-10
1.10933e-09
3.72962e-09
8.57825e-09
1.57633e-08
2.50066e-08
3.58075e-08
4.75881e-08
5.97825e-08
7.1863e-08
8.3355e-08
9.39627e-08
1.03542e-07
1.12011e-07
1.18988e-07
1.24183e-07
1.27914e-07
1.30439e-07
1.31715e-07
1.31787e-07
1.3083e-07
1.29066e-07
1.26667e-07
1.23792e-07
1.20587e-07
1.17177e-07
1.13666e-07
1.10139e-07
1.06661e-07
1.03282e-07
1.00035e-07
9.6941e-08
9.40101e-08
9.12426e-08
8.86318e-08
8.61819e-08
8.39173e-08
8.17422e-08
7.96611e-08
7.76646e-08
7.57438e-08
7.38832e-08
7.20217e-08
7.02188e-08
6.84205e-08
6.66063e-08
6.47568e-08
6.28513e-08
6.08679e-08
5.87832e-08
5.65727e-08
5.42126e-08
5.17104e-08
4.90628e-08
4.61995e-08
4.31361e-08
3.99097e-08
3.65294e-08
3.30063e-08
2.93659e-08
2.56516e-08
2.19223e-08
1.82793e-08
1.4831e-08
1.16243e-08
8.73955e-09
6.24565e-09
4.20642e-09
2.63733e-09
1.48896e-09
6.97316e-10
2.29526e-10
3.34374e-11
2.07651e-13
8.81365e-13
1.4924e-10
1.1065e-09
3.7265e-09
8.56573e-09
1.56935e-08
2.47752e-08
3.52542e-08
4.6543e-08
5.81064e-08
6.95494e-08
8.06616e-08
9.10508e-08
1.00324e-07
1.08227e-07
1.14848e-07
1.20282e-07
1.24447e-07
1.27259e-07
1.28802e-07
1.2921e-07
1.28713e-07
1.27342e-07
1.2528e-07
1.22674e-07
1.19653e-07
1.16333e-07
1.12814e-07
1.09181e-07
1.05506e-07
1.01846e-07
9.8247e-08
9.47425e-08
9.13573e-08
8.81056e-08
8.50047e-08
8.20832e-08
7.92978e-08
7.66576e-08
7.41585e-08
7.17916e-08
6.95468e-08
6.7411e-08
6.53672e-08
6.34052e-08
6.1507e-08
5.96532e-08
5.78236e-08
5.5998e-08
5.41583e-08
5.22806e-08
5.03291e-08
4.82752e-08
4.60998e-08
4.37845e-08
4.13412e-08
3.87724e-08
3.60557e-08
3.31912e-08
3.01887e-08
2.70646e-08
2.38477e-08
2.05644e-08
1.72713e-08
1.40582e-08
1.10182e-08
8.26719e-09
5.91649e-09
3.9858e-09
2.48783e-09
1.4077e-09
6.6075e-10
2.16821e-10
3.13469e-11
1.94273e-13
8.96003e-13
1.52038e-10
1.13055e-09
3.80917e-09
8.72237e-09
1.58383e-08
2.46834e-08
3.46977e-08
4.5304e-08
5.5996e-08
6.63635e-08
7.60796e-08
8.49328e-08
9.28031e-08
9.95832e-08
1.05182e-07
1.09555e-07
1.12749e-07
1.14814e-07
1.15835e-07
1.15929e-07
1.15214e-07
1.1382e-07
1.11909e-07
1.09476e-07
1.0669e-07
1.03641e-07
1.0041e-07
9.70698e-08
9.36796e-08
9.02888e-08
8.69383e-08
8.36613e-08
8.0486e-08
7.74261e-08
7.44927e-08
7.1698e-08
6.90425e-08
6.65255e-08
6.41438e-08
6.1892e-08
5.97623e-08
5.77453e-08
5.58298e-08
5.40035e-08
5.22528e-08
5.05624e-08
4.89154e-08
4.72927e-08
4.56704e-08
4.40253e-08
4.23471e-08
4.06239e-08
3.88394e-08
3.69761e-08
3.50145e-08
3.2941e-08
3.07496e-08
2.8438e-08
2.60096e-08
2.34639e-08
2.08145e-08
1.81017e-08
1.53621e-08
1.26491e-08
1.00341e-08
7.6027e-09
5.44638e-09
3.65914e-09
2.27722e-09
1.27737e-09
6.00838e-10
1.97217e-10
2.82958e-11
1.74604e-13
9.24723e-13
1.57383e-10
1.17136e-09
3.91236e-09
8.78646e-09
1.55542e-08
2.36271e-08
3.23159e-08
4.10237e-08
4.93513e-08
5.70439e-08
6.39248e-08
6.99788e-08
7.51638e-08
7.94604e-08
8.28797e-08
8.54526e-08
8.7219e-08
8.82281e-08
8.85939e-08
8.83938e-08
8.76989e-08
8.65796e-08
8.51007e-08
8.33935e-08
8.14352e-08
7.92788e-08
7.69968e-08
7.46323e-08
7.22228e-08
6.97965e-08
6.73817e-08
6.50038e-08
6.26711e-08
6.04022e-08
5.82119e-08
5.61023e-08
5.40777e-08
5.21402e-08
5.02898e-08
4.85249e-08
4.68422e-08
4.52371e-08
4.37038e-08
4.22354e-08
4.08241e-08
3.94609e-08
3.81353e-08
3.68351e-08
3.55431e-08
3.42402e-08
3.29176e-08
3.1565e-08
3.01725e-08
2.87298e-08
2.72266e-08
2.56537e-08
2.40038e-08
2.22718e-08
2.04551e-08
1.8554e-08
1.65738e-08
1.45263e-08
1.24327e-08
1.0333e-08
8.28143e-09
6.34314e-09
4.58458e-09
3.08478e-09
1.90671e-09
1.06017e-09
5.01291e-10
1.66891e-10
2.40172e-11
1.47454e-13
9.313e-13
1.582e-10
1.15954e-09
3.74364e-09
8.01804e-09
1.34754e-08
1.93908e-08
2.51825e-08
3.05416e-08
3.53423e-08
3.95514e-08
4.31783e-08
4.62437e-08
4.87806e-08
5.07951e-08
5.23458e-08
5.34817e-08
5.42485e-08
5.46913e-08
5.48354e-08
5.471e-08
5.43455e-08
5.37713e-08
5.30153e-08
5.21213e-08
5.11538e-08
5.00414e-08
4.88465e-08
4.75958e-08
4.63127e-08
4.49924e-08
4.36607e-08
4.23404e-08
4.10298e-08
3.97367e-08
3.84677e-08
3.72274e-08
3.6019e-08
3.48446e-08
3.37053e-08
3.26009e-08
3.15304e-08
3.0492e-08
2.94831e-08
2.85009e-08
2.75415e-08
2.66005e-08
2.56727e-08
2.47519e-08
2.38323e-08
2.29125e-08
2.19875e-08
2.10516e-08
2.00992e-08
1.91242e-08
1.8121e-08
1.7084e-08
1.6008e-08
1.48889e-08
1.37233e-08
1.25095e-08
1.12478e-08
9.94281e-09
8.60412e-09
7.24448e-09
5.88721e-09
4.56847e-09
3.34176e-09
2.26523e-09
1.39663e-09
7.67858e-10
3.61972e-10
1.24456e-10
1.8455e-11
1.12979e-13
8.65468e-13
1.44025e-10
9.87882e-10
2.86554e-09
5.49286e-09
8.32419e-09
1.10013e-08
1.33914e-08
1.54868e-08
1.73124e-08
1.88821e-08
2.02374e-08
2.14071e-08
2.24121e-08
2.32729e-08
2.39912e-08
2.45704e-08
2.50163e-08
2.53355e-08
2.55351e-08
2.56224e-08
2.56053e-08
2.54909e-08
2.52852e-08
2.50219e-08
2.47087e-08
2.432e-08
2.38645e-08
2.33687e-08
2.28462e-08
2.22951e-08
2.17219e-08
2.11331e-08
2.05339e-08
1.99288e-08
1.93216e-08
1.87158e-08
1.81143e-08
1.75192e-08
1.69325e-08
1.63555e-08
1.57881e-08
1.52309e-08
1.46848e-08
1.41504e-08
1.36275e-08
1.31156e-08
1.26131e-08
1.21186e-08
1.16318e-08
1.11519e-08
1.06759e-08
1.0201e-08
9.72446e-09
9.24357e-09
8.75567e-09
8.25815e-09
7.74852e-09
7.22441e-09
6.68369e-09
6.12449e-09
5.54537e-09
4.94564e-09
4.3258e-09
3.6885e-09
3.04053e-09
2.39584e-09
1.77776e-09
1.21907e-09
7.55459e-10
4.12631e-10
1.92832e-10
7.00665e-11
1.15792e-11
7.19773e-14
6.16089e-13
9.03768e-11
4.74454e-10
1.05751e-09
1.65893e-09
2.201e-09
2.67336e-09
3.08564e-09
3.44893e-09
3.7721e-09
4.06282e-09
4.32303e-09
4.55366e-09
4.75578e-09
4.93052e-09
5.07872e-09
5.20114e-09
5.29854e-09
5.37176e-09
5.42175e-09
5.44961e-09
5.45624e-09
5.44029e-09
5.41453e-09
5.37321e-09
5.31043e-09
5.23799e-09
5.15358e-09
5.05884e-09
4.95546e-09
4.84482e-09
4.7282e-09
4.60686e-09
4.48194e-09
4.35447e-09
4.22541e-09
4.0956e-09
3.96579e-09
3.83663e-09
3.70868e-09
3.58241e-09
3.45849e-09
3.33726e-09
3.21863e-09
3.10253e-09
2.98892e-09
2.87775e-09
2.76711e-09
2.65689e-09
2.54744e-09
2.43901e-09
2.33155e-09
2.22484e-09
2.11859e-09
2.01242e-09
1.9059e-09
1.79855e-09
1.6899e-09
1.57943e-09
1.46663e-09
1.35095e-09
1.23185e-09
1.10877e-09
9.81231e-10
8.48923e-10
7.12064e-10
5.71998e-10
4.32396e-10
3.00375e-10
1.86056e-10
9.93277e-11
4.41697e-11
1.55609e-11
3.277e-12
2.87792e-14
1.07524e-13
3.14805e-12
6.46808e-12
9.82502e-12
1.30424e-11
1.60485e-11
1.88382e-11
2.14295e-11
2.38398e-11
2.60813e-11
2.81596e-11
3.00749e-11
3.18239e-11
3.34027e-11
3.48093e-11
3.6044e-11
3.71074e-11
3.80006e-11
3.87258e-11
3.92867e-11
3.9688e-11
3.99351e-11
4.00192e-11
3.99836e-11
3.98531e-11
3.95828e-11
3.92027e-11
3.87271e-11
3.81656e-11
3.7528e-11
3.68242e-11
3.60635e-11
3.52551e-11
3.44076e-11
3.35289e-11
3.26265e-11
3.17072e-11
3.07772e-11
2.9842e-11
2.89066e-11
2.79751e-11
2.70519e-11
2.61405e-11
2.5243e-11
2.43608e-11
2.34947e-11
2.26463e-11
2.18304e-11
2.10363e-11
2.02584e-11
1.94942e-11
1.87416e-11
1.79989e-11
1.72642e-11
1.65352e-11
1.58095e-11
1.50839e-11
1.43552e-11
1.36197e-11
1.2873e-11
1.21103e-11
1.13259e-11
1.0513e-11
9.6634e-12
8.76751e-12
7.81439e-12
6.79403e-12
5.70267e-12
4.55352e-12
3.39084e-12
2.29698e-12
1.37496e-12
7.02415e-13
2.83625e-13
9.51638e-15
)
;

boundaryField
{
    movingWall
    {
        type            nutkWallFunction;
        Cmu             0.09;
        kappa           0.41;
        E               9.8;
        value           uniform 0;
    }
    fixedWalls
    {
        type            nutkWallFunction;
        Cmu             0.09;
        kappa           0.41;
        E               9.8;
        value           uniform 0;
    }
    frontAndBack
    {
        type            empty;
    }
}


// ************************************************************************* //
