/*--------------------------------*- C++ -*----------------------------------*\
  =========                 |
  \\      /  F ield         | OpenFOAM: The Open Source CFD Toolbox
   \\    /   O peration     | Website:  https://openfoam.org
    \\  /    A nd           | Version:  12
     \\/     M anipulation  |
\*---------------------------------------------------------------------------*/
FoamFile
{
    format      ascii;
    class       volScalarField;
    location    "3.5";
    object      p;
}
// * * * * * * * * * * * * * * * * * * * * * * * * * * * * * * * * * * * * * //

dimensions      [0 2 -2 0 0 0 0];

internalField   nonuniform List<scalar> 
5625
(
3.52303e-09
7.51249e-08
9.79374e-07
2.80387e-06
5.32306e-06
8.32737e-06
1.16481e-05
1.51166e-05
1.86011e-05
2.19789e-05
2.51436e-05
2.80049e-05
3.04868e-05
3.25265e-05
3.40728e-05
3.50855e-05
3.55337e-05
3.53959e-05
3.46584e-05
3.33147e-05
3.13654e-05
2.88169e-05
2.56812e-05
2.19756e-05
1.77215e-05
1.2945e-05
7.67536e-06
1.94551e-06
-4.20892e-06
-1.07497e-05
-1.76364e-05
-2.48268e-05
-3.22772e-05
-3.99426e-05
-4.77771e-05
-5.57342e-05
-6.37671e-05
-7.18288e-05
-7.98723e-05
-8.78513e-05
-9.57199e-05
-0.000103433
-0.000110947
-0.000118219
-0.000125207
-0.000131873
-0.000138177
-0.000144086
-0.000149565
-0.000154583
-0.000159113
-0.000163129
-0.000166611
-0.000169539
-0.000171901
-0.000173687
-0.000174892
-0.000175517
-0.000175569
-0.000175061
-0.000174013
-0.000172455
-0.000170423
-0.000167967
-0.000165146
-0.00016203
-0.000158708
-0.000155279
-0.000151864
-0.000148595
-0.00014563
-0.000143139
-0.000141329
-0.000140427
-0.000140351
-3.11435e-06
-2.67337e-06
-1.64994e-06
-1.67935e-08
2.10305e-06
4.56752e-06
7.25194e-06
1.00413e-05
1.28305e-05
1.55242e-05
1.80374e-05
2.0296e-05
2.22358e-05
2.38029e-05
2.4952e-05
2.56468e-05
2.58589e-05
2.55675e-05
2.47585e-05
2.34246e-05
2.15643e-05
1.91814e-05
1.62851e-05
1.28889e-05
9.01073e-06
4.67228e-06
-1.01345e-07
-5.2819e-06
-1.08384e-05
-1.67376e-05
-2.29439e-05
-2.94202e-05
-3.61279e-05
-4.30269e-05
-5.00768e-05
-5.72359e-05
-6.44626e-05
-7.17151e-05
-7.89515e-05
-8.61304e-05
-9.32108e-05
-0.000100153
-0.000106917
-0.000113466
-0.000119762
-0.000125771
-0.00013146
-0.000136797
-0.000141753
-0.000146302
-0.000150419
-0.000154084
-0.000157278
-0.000159987
-0.0001622
-0.00016391
-0.000165116
-0.000165819
-0.000166028
-0.000165756
-0.000165024
-0.000163856
-0.000162289
-0.000160365
-0.000158133
-0.000155657
-0.000153005
-0.000150259
-0.000147513
-0.000144866
-0.000142433
-0.000140335
-0.000138713
-0.00013769
-0.000137241
-9.15425e-06
-8.0012e-06
-6.39141e-06
-4.47816e-06
-2.3188e-06
2.13232e-08
2.46476e-06
4.93338e-06
7.35265e-06
9.65319e-06
1.17712e-05
1.36494e-05
1.5237e-05
1.649e-05
1.7371e-05
1.78494e-05
1.79009e-05
1.75071e-05
1.66556e-05
1.53395e-05
1.35569e-05
1.13107e-05
8.60831e-06
5.46144e-06
1.88542e-06
-2.10087e-06
-6.47542e-06
-1.12133e-05
-1.62872e-05
-2.16674e-05
-2.73224e-05
-3.32189e-05
-3.93223e-05
-4.5597e-05
-5.20064e-05
-5.85133e-05
-6.50802e-05
-7.16696e-05
-7.82438e-05
-8.47656e-05
-9.11984e-05
-9.75061e-05
-0.000103654
-0.000109607
-0.000115334
-0.000120803
-0.000125985
-0.000130851
-0.000135377
-0.000139539
-0.000143316
-0.00014669
-0.000149645
-0.00015217
-0.000154254
-0.000155894
-0.000157088
-0.000157838
-0.000158152
-0.000158042
-0.000157525
-0.000156625
-0.00015537
-0.000153795
-0.00015194
-0.000149855
-0.000147592
-0.000145213
-0.000142784
-0.000140376
-0.000138066
-0.000135928
-0.000134026
-0.000132415
-0.000131255
-1.69529e-05
-1.49214e-05
-1.24712e-05
-9.97852e-06
-7.44737e-06
-4.88404e-06
-2.33261e-06
1.53439e-07
2.52225e-06
4.72472e-06
6.71461e-06
8.44927e-06
9.8902e-06
1.10035e-05
1.17602e-05
1.21362e-05
1.21122e-05
1.1674e-05
1.08119e-05
9.52103e-06
7.8006e-06
5.65418e-06
3.08913e-06
1.16539e-07
-3.24919e-06
-6.9905e-06
-1.1087e-05
-1.55158e-05
-2.02515e-05
-2.52669e-05
-3.0533e-05
-3.60192e-05
-4.16937e-05
-4.75238e-05
-5.34757e-05
-5.95156e-05
-6.56089e-05
-7.17211e-05
-7.7818e-05
-8.38653e-05
-8.98297e-05
-9.56782e-05
-0.000101379
-0.000106901
-0.000112214
-0.000117291
-0.000122104
-0.000126628
-0.000130841
-0.000134721
-0.000138249
-0.000141408
-0.000144186
-0.00014657
-0.000148552
-0.000150127
-0.000151293
-0.000152053
-0.000152411
-0.000152376
-0.000151963
-0.000151189
-0.000150075
-0.00014865
-0.000146943
-0.00014499
-0.00014283
-0.000140506
-0.000138065
-0.000135554
-0.000133025
-0.00013052
-0.000128042
-0.000125594
-0.000123556
-2.52951e-05
-2.23451e-05
-1.89656e-05
-1.5761e-05
-1.26965e-05
-9.73149e-06
-6.88585e-06
-4.19577e-06
-1.69634e-06
5.7918e-07
2.5987e-06
4.33201e-06
5.75136e-06
6.83216e-06
7.55317e-06
7.89688e-06
7.84952e-06
7.40121e-06
6.54588e-06
5.28128e-06
3.6088e-06
1.53338e-06
-9.36677e-07
-3.78987e-06
-7.01177e-06
-1.05851e-05
-1.44903e-05
-1.87051e-05
-2.32056e-05
-2.79659e-05
-3.29586e-05
-3.81547e-05
-4.35246e-05
-4.90373e-05
-5.46614e-05
-6.03652e-05
-6.61165e-05
-7.18831e-05
-7.7633e-05
-8.33348e-05
-8.89571e-05
-9.44695e-05
-9.98426e-05
-0.000105048
-0.000110057
-0.000114845
-0.000119386
-0.000123658
-0.000127639
-0.00013131
-0.000134652
-0.00013765
-0.000140292
-0.000142565
-0.000144462
-0.000145977
-0.000147106
-0.00014785
-0.000148212
-0.000148197
-0.000147814
-0.000147076
-0.000145998
-0.000144598
-0.000142899
-0.000140924
-0.0001387
-0.000136256
-0.000133621
-0.000130826
-0.000127905
-0.000124875
-0.000121691
-0.000118317
-0.000115363
-3.33656e-05
-2.95157e-05
-2.51948e-05
-2.12249e-05
-1.75433e-05
-1.40729e-05
-1.08175e-05
-7.80207e-06
-5.05018e-06
-2.5835e-06
-4.23321e-07
1.40996e-06
2.89746e-06
4.02247e-06
4.77073e-06
5.1308e-06
5.09416e-06
4.65544e-06
3.81236e-06
2.56584e-06
9.19833e-07
-1.11861e-06
-3.53959e-06
-6.33042e-06
-9.47584e-06
-1.29581e-05
-1.67574e-05
-2.08518e-05
-2.52174e-05
-2.98291e-05
-3.46601e-05
-3.96825e-05
-4.48676e-05
-5.01858e-05
-5.56071e-05
-6.1101e-05
-6.66369e-05
-7.21844e-05
-7.77131e-05
-8.31931e-05
-8.85951e-05
-9.38901e-05
-9.90505e-05
-0.000104049
-0.00010886
-0.000113459
-0.000117823
-0.000121929
-0.000125758
-0.00012929
-0.000132508
-0.000135398
-0.000137946
-0.000140141
-0.000141974
-0.000143438
-0.000144527
-0.000145241
-0.000145578
-0.00014554
-0.000145133
-0.000144364
-0.000143241
-0.000141777
-0.000139984
-0.000137877
-0.000135474
-0.00013279
-0.000129843
-0.000126653
-0.000123241
-0.000119606
-0.000115667
-0.000111358
-0.000107506
-4.05962e-05
-3.58837e-05
-3.06409e-05
-2.58931e-05
-2.15569e-05
-1.7527e-05
-1.37963e-05
-1.03835e-05
-7.30436e-06
-4.57263e-06
-2.20163e-06
-2.04243e-07
1.40768e-06
2.62392e-06
3.43621e-06
3.8385e-06
3.82714e-06
3.40109e-06
2.5619e-06
1.31384e-06
-3.3622e-07
-2.37873e-06
-4.80169e-06
-7.59063e-06
-1.07289e-05
-1.41975e-05
-1.79759e-05
-2.20414e-05
-2.63699e-05
-3.0936e-05
-3.57129e-05
-4.06731e-05
-4.57881e-05
-5.10289e-05
-5.63661e-05
-6.177e-05
-6.72109e-05
-7.26592e-05
-7.80857e-05
-8.34615e-05
-8.87582e-05
-9.39483e-05
-9.9005e-05
-0.000103902
-0.000108616
-0.000113121
-0.000117396
-0.00012142
-0.000125172
-0.000128635
-0.000131791
-0.000134625
-0.000137124
-0.000139276
-0.000141071
-0.000142499
-0.000143555
-0.000144233
-0.000144531
-0.000144447
-0.000143982
-0.000143137
-0.000141917
-0.000140327
-0.000138374
-0.000136064
-0.000133407
-0.000130411
-0.000127084
-0.000123436
-0.000119482
-0.000115208
-0.000110505
-0.000105284
-0.000100575
-4.65765e-05
-4.1038e-05
-3.49e-05
-2.93791e-05
-2.4376e-05
-1.97619e-05
-1.55229e-05
-1.16742e-05
-8.22706e-06
-5.18955e-06
-2.56934e-06
-3.73707e-07
1.39101e-06
2.7199e-06
3.6097e-06
4.05914e-06
4.06897e-06
3.64223e-06
2.78424e-06
1.50269e-06
-1.92433e-07
-2.28881e-06
-4.77193e-06
-7.62513e-06
-1.08298e-05
-1.43653e-05
-1.82096e-05
-2.23389e-05
-2.67281e-05
-3.13508e-05
-3.61799e-05
-4.11873e-05
-4.63443e-05
-5.16217e-05
-5.69902e-05
-6.24203e-05
-6.78825e-05
-7.33476e-05
-7.87868e-05
-8.41716e-05
-8.94744e-05
-9.4668e-05
-9.97262e-05
-0.000104624
-0.000109336
-0.000113841
-0.000118115
-0.000122137
-0.000125889
-0.000129352
-0.000132508
-0.000135342
-0.00013784
-0.000139988
-0.000141776
-0.000143192
-0.000144229
-0.00014488
-0.000145137
-0.000144997
-0.000144456
-0.000143513
-0.000142166
-0.000140416
-0.000138263
-0.000135709
-0.000132756
-0.000129406
-0.000125661
-0.000121525
-0.000117008
-0.000112088
-0.000106631
-0.00010053
-9.5006e-05
-5.09916e-05
-4.46538e-05
-3.7643e-05
-3.13589e-05
-2.56883e-05
-2.04823e-05
-1.57223e-05
-1.14219e-05
-7.58986e-06
-4.23041e-06
-1.34714e-06
1.05693e-06
2.97978e-06
4.42086e-06
5.38118e-06
5.86366e-06
5.87308e-06
5.41637e-06
4.50249e-06
3.14261e-06
1.34994e-06
-8.60161e-07
-3.47039e-06
-6.46152e-06
-9.81255e-06
-1.35008e-05
-1.75022e-05
-2.17913e-05
-2.63413e-05
-3.11248e-05
-3.61133e-05
-4.12778e-05
-4.65887e-05
-5.20163e-05
-5.75307e-05
-6.31018e-05
-6.87002e-05
-7.42963e-05
-7.98613e-05
-8.53666e-05
-9.07847e-05
-9.60885e-05
-0.000101252
-0.00010625
-0.000111058
-0.000115653
-0.000120013
-0.000124117
-0.000127945
-0.000131478
-0.000134699
-0.000137591
-0.000140139
-0.000142329
-0.000144148
-0.000145584
-0.000146627
-0.000147267
-0.000147495
-0.000147304
-0.000146687
-0.000145638
-0.000144153
-0.000142227
-0.000139857
-0.000137039
-0.00013377
-0.000130048
-0.000125869
-0.000121234
-0.00011615
-0.000110588
-0.000104393
-9.74441e-05
-9.11395e-05
-5.35753e-05
-4.6453e-05
-3.85831e-05
-3.15443e-05
-2.52106e-05
-1.94143e-05
-1.41333e-05
-9.3811e-06
-5.16465e-06
-1.48573e-06
1.65515e-06
4.2583e-06
6.32525e-06
7.8591e-06
8.86465e-06
9.3486e-06
9.31952e-06
8.78805e-06
7.76678e-06
6.2704e-06
4.31551e-06
1.9207e-06
-8.93656e-07
-4.1054e-06
-7.69083e-06
-1.16247e-05
-1.58806e-05
-2.04308e-05
-2.52467e-05
-3.02989e-05
-3.55573e-05
-4.09914e-05
-4.65704e-05
-5.22633e-05
-5.80392e-05
-6.38674e-05
-6.97173e-05
-7.5559e-05
-8.13631e-05
-8.71005e-05
-9.27433e-05
-9.82642e-05
-0.000103637
-0.000108836
-0.000113836
-0.000118615
-0.000123149
-0.000127418
-0.0001314
-0.000135078
-0.000138431
-0.000141444
-0.000144099
-0.000146382
-0.000148278
-0.000149773
-0.000150855
-0.000151512
-0.000151733
-0.000151508
-0.000150826
-0.00014968
-0.000148061
-0.00014596
-0.00014337
-0.000140285
-0.000136697
-0.000132599
-0.000127985
-0.000122852
-0.000117205
-0.000111011
-0.000104095
-9.63215e-05
-8.92618e-05
-5.4078e-05
-4.61744e-05
-3.74499e-05
-2.96615e-05
-2.26707e-05
-1.62912e-05
-1.04981e-05
-5.30504e-06
-7.18151e-07
3.26283e-06
6.63986e-06
9.41608e-06
1.15961e-05
1.31862e-05
1.41949e-05
1.46323e-05
1.45107e-05
1.38444e-05
1.26496e-05
1.09448e-05
8.75009e-06
6.08749e-06
2.98077e-06
-5.44689e-07
-4.46208e-06
-8.74326e-06
-1.3359e-05
-1.82789e-05
-2.34721e-05
-2.89067e-05
-3.45507e-05
-4.03715e-05
-4.63367e-05
-5.24137e-05
-5.857e-05
-6.47737e-05
-7.09931e-05
-7.71972e-05
-8.33555e-05
-8.94384e-05
-9.54171e-05
-0.000101264
-0.000106951
-0.000112453
-0.000117744
-0.000122801
-0.000127601
-0.000132121
-0.000136341
-0.00014024
-0.000143798
-0.000146999
-0.000149824
-0.000152257
-0.000154281
-0.000155882
-0.000157045
-0.000157756
-0.000158002
-0.000157771
-0.000157049
-0.000155824
-0.000154087
-0.000151824
-0.000149027
-0.000145683
-0.000141783
-0.000137317
-0.000132275
-0.000126652
-0.000120451
-0.000113637
-0.000106014
-9.74331e-05
-8.96343e-05
-5.22428e-05
-4.35514e-05
-3.39686e-05
-2.54324e-05
-1.77913e-05
-1.084e-05
-4.55072e-06
1.06252e-06
5.9944e-06
1.0247e-05
1.38244e-05
1.67325e-05
1.89787e-05
2.05727e-05
2.15262e-05
2.18529e-05
2.15689e-05
2.06923e-05
1.92431e-05
1.72435e-05
1.47175e-05
1.1691e-05
8.19124e-06
4.24731e-06
-1.1055e-07
-4.85087e-06
-9.94121e-06
-1.53483e-05
-2.10382e-05
-2.69765e-05
-3.31285e-05
-3.94595e-05
-4.59348e-05
-5.25197e-05
-5.91801e-05
-6.58823e-05
-7.2593e-05
-7.92798e-05
-8.59112e-05
-9.24562e-05
-9.88849e-05
-0.000105169
-0.000111279
-0.00011719
-0.000122874
-0.000128308
-0.000133468
-0.000138329
-0.000142872
-0.000147074
-0.000150915
-0.000154377
-0.000157439
-0.000160086
-0.000162298
-0.000164059
-0.000165353
-0.000166164
-0.000166476
-0.000166275
-0.000165546
-0.000164274
-0.000162444
-0.000160044
-0.000157059
-0.000153475
-0.000149281
-0.000144461
-0.000139004
-0.000132904
-0.000126163
-0.00011874
-0.00011042
-0.000101042
-9.25127e-05
-4.77869e-05
-3.82943e-05
-2.78441e-05
-1.85604e-05
-1.02776e-05
-2.7706e-06
3.99185e-06
9.99542e-06
1.52357e-05
1.97167e-05
2.34449e-05
2.64289e-05
2.86791e-05
3.02084e-05
3.10321e-05
3.11678e-05
3.06354e-05
2.94569e-05
2.76566e-05
2.52607e-05
2.22974e-05
1.87966e-05
1.47896e-05
1.03096e-05
5.39051e-06
6.76005e-08
-5.62311e-06
-1.16449e-05
-1.79606e-05
-2.45327e-05
-3.13237e-05
-3.8296e-05
-4.54124e-05
-5.26359e-05
-5.99302e-05
-6.72595e-05
-7.45888e-05
-8.18839e-05
-8.91117e-05
-9.62399e-05
-0.000103237
-0.000110074
-0.00011672
-0.000123149
-0.000129333
-0.000135246
-0.000140864
-0.000146162
-0.000151118
-0.000155711
-0.000159917
-0.000163718
-0.000167093
-0.000170022
-0.000172488
-0.000174471
-0.000175953
-0.000176918
-0.000177346
-0.000177222
-0.000176528
-0.000175246
-0.000173361
-0.000170854
-0.000167711
-0.000163915
-0.000159449
-0.000154297
-0.000148445
-0.000141885
-0.000134616
-0.000126595
-0.000117588
-0.000107419
-9.81609e-05
-4.03874e-05
-3.00765e-05
-1.87477e-05
-8.71779e-06
1.94278e-07
8.23463e-06
1.54387e-05
2.17924e-05
2.72925e-05
3.19454e-05
3.57602e-05
3.87486e-05
4.09243e-05
4.23038e-05
4.29064e-05
4.27537e-05
4.18697e-05
4.02811e-05
3.80163e-05
3.51064e-05
3.15838e-05
2.7483e-05
2.284e-05
1.7692e-05
1.20774e-05
6.0356e-06
-3.93424e-07
-7.16909e-06
-1.42506e-05
-2.1597e-05
-2.91673e-05
-3.69211e-05
-4.48182e-05
-5.28188e-05
-6.08842e-05
-6.89763e-05
-7.7058e-05
-8.50932e-05
-9.30467e-05
-0.000100885
-0.000108575
-0.000116085
-0.000123385
-0.000130447
-0.000137241
-0.00014374
-0.00014992
-0.000155756
-0.000161222
-0.000166297
-0.000170957
-0.000175181
-0.000178949
-0.000182239
-0.000185031
-0.000187305
-0.000189041
-0.00019022
-0.000190823
-0.000190829
-0.00019022
-0.000188976
-0.000187078
-0.000184507
-0.000181243
-0.000177266
-0.00017256
-0.000167103
-0.00016088
-0.000153879
-0.0001461
-0.000137494
-0.000127806
-0.000116848
-0.000106861
-2.96686e-05
-1.85225e-05
-6.30592e-06
4.46454e-06
1.39865e-05
2.25289e-05
3.01324e-05
3.67835e-05
4.24811e-05
4.72342e-05
5.10554e-05
5.39598e-05
5.59651e-05
5.70919e-05
5.73637e-05
5.68069e-05
5.54501e-05
5.33248e-05
5.04647e-05
4.69054e-05
4.26846e-05
3.78418e-05
3.24177e-05
2.64546e-05
1.99955e-05
1.30844e-05
5.76575e-06
-1.91571e-06
-9.91508e-06
-1.81875e-05
-2.66886e-05
-3.53742e-05
-4.42009e-05
-5.31263e-05
-6.21086e-05
-7.11072e-05
-8.00826e-05
-8.89966e-05
-9.78121e-05
-0.000106493
-0.000115006
-0.000123317
-0.000131395
-0.000139209
-0.00014673
-0.00015393
-0.000160781
-0.000167259
-0.000173338
-0.000178994
-0.000184203
-0.000188942
-0.00019319
-0.000196923
-0.000200122
-0.000202763
-0.000204826
-0.000206289
-0.000207132
-0.000207331
-0.000206866
-0.000205715
-0.000203856
-0.000201268
-0.000197927
-0.000193812
-0.000188902
-0.000183173
-0.000176607
-0.00016919
-0.00016092
-0.000151743
-0.000141384
-0.000129638
-0.000118919
-1.51919e-05
-3.19788e-06
9.9092e-06
2.14058e-05
3.15076e-05
4.05087e-05
4.84553e-05
5.53359e-05
6.11519e-05
6.59162e-05
6.96453e-05
7.23585e-05
7.40782e-05
7.48296e-05
7.46413e-05
7.35448e-05
7.15743e-05
6.87665e-05
6.51606e-05
6.0798e-05
5.57219e-05
4.99771e-05
4.36101e-05
3.66682e-05
2.91998e-05
2.12539e-05
1.28797e-05
4.12679e-06
-4.95558e-06
-1.43183e-05
-2.3913e-05
-3.36919e-05
-4.3608e-05
-5.36155e-05
-6.36698e-05
-7.37274e-05
-8.37464e-05
-9.3686e-05
-0.000103507
-0.000113172
-0.000122645
-0.000131891
-0.000140876
-0.00014957
-0.000157941
-0.00016596
-0.0001736
-0.000180833
-0.000187633
-0.000193975
-0.000199834
-0.000205187
-0.000210009
-0.000214278
-0.00021797
-0.000221063
-0.000223534
-0.000225359
-0.000226514
-0.000226978
-0.000226724
-0.00022573
-0.00022397
-0.00022142
-0.000218055
-0.00021385
-0.00020878
-0.000202819
-0.000195944
-0.000188141
-0.000179404
-0.000169673
-0.000158654
-0.000146125
-0.000134672
3.55463e-06
1.64001e-05
3.03883e-05
4.2583e-05
5.32198e-05
6.26193e-05
7.08351e-05
7.78584e-05
8.36943e-05
8.83602e-05
9.18777e-05
9.42711e-05
9.55681e-05
9.57997e-05
9.50002e-05
9.3207e-05
9.04604e-05
8.68032e-05
8.22809e-05
7.69409e-05
7.08328e-05
6.40074e-05
5.65172e-05
4.84154e-05
3.97561e-05
3.05938e-05
2.0983e-05
1.09784e-05
6.34011e-07
-9.99646e-06
-2.08603e-05
-3.19056e-05
-4.30819e-05
-5.43397e-05
-6.56311e-05
-7.69098e-05
-8.81311e-05
-9.92519e-05
-0.000110231
-0.000121028
-0.000131606
-0.000141928
-0.000151959
-0.000161666
-0.000171018
-0.000179984
-0.000188535
-0.000196642
-0.00020428
-0.000211421
-0.000218039
-0.000224111
-0.000229611
-0.000234514
-0.000238797
-0.000242435
-0.000245402
-0.000247675
-0.000249227
-0.000250033
-0.000250067
-0.000249302
-0.000247711
-0.000245265
-0.000241937
-0.000237698
-0.00023252
-0.000226374
-0.000219233
-0.000211079
-0.000201905
-0.000191645
-0.000179981
-0.000166676
-0.000154491
2.71645e-05
4.08502e-05
5.56919e-05
6.85375e-05
7.96441e-05
8.93605e-05
9.77494e-05
0.000104806
0.000110539
0.000114973
0.000118135
0.000120056
0.000120769
0.000120313
0.000118727
0.000116057
0.000112348
0.000107653
0.000102021
9.55087e-05
8.81714e-05
8.0067e-05
7.12544e-05
6.17934e-05
5.17441e-05
4.11671e-05
3.01227e-05
1.8671e-05
6.87123e-06
-5.21802e-06
-1.75394e-05
-3.00368e-05
-4.26557e-05
-5.5343e-05
-6.80473e-05
-8.07191e-05
-9.33111e-05
-0.000105778
-0.000118076
-0.000130163
-0.000141999
-0.000153547
-0.000164769
-0.000175632
-0.000186103
-0.00019615
-0.000205743
-0.000214853
-0.000223453
-0.000231514
-0.00023901
-0.000245916
-0.000252204
-0.000257851
-0.000262829
-0.000267114
-0.000270677
-0.000273494
-0.000275536
-0.000276776
-0.000277184
-0.000276731
-0.000275386
-0.00027312
-0.0002699
-0.000265694
-0.00026047
-0.000254195
-0.000246839
-0.000238378
-0.000228805
-0.000218045
-0.000205759
-0.000191692
-0.00017878
5.6321e-05
7.08147e-05
8.64567e-05
9.98803e-05
0.000111365
0.00012129
0.000129728
0.00013668
0.000142161
0.000146202
0.000148838
0.000150105
0.000150047
0.000148707
0.000146135
0.000142381
0.000137502
0.000131555
0.000124599
0.000116696
0.000107912
9.83093e-05
8.79556e-05
7.69172e-05
6.52611e-05
5.30542e-05
4.0363e-05
2.72535e-05
1.37903e-05
3.73009e-08
-1.39434e-05
-2.80912e-05
-4.23473e-05
-5.66551e-05
-7.09599e-05
-8.52076e-05
-9.93472e-05
-0.000113334
-0.000127122
-0.000140665
-0.000153922
-0.000166854
-0.000179422
-0.000191592
-0.000203329
-0.000214601
-0.000225377
-0.000235627
-0.000245322
-0.000254434
-0.000262935
-0.000270799
-0.000277999
-0.000284507
-0.000290298
-0.000295342
-0.000299613
-0.000303082
-0.000305718
-0.000307492
-0.000308372
-0.000308326
-0.000307321
-0.00030532
-0.000302291
-0.000298196
-0.000292999
-0.000286663
-0.000279152
-0.00027044
-0.000260514
-0.000249295
-0.000236418
-0.00022161
-0.000207986
9.18041e-05
0.000107045
0.0001234
0.000137295
0.000149033
0.000159026
0.000167357
0.000174033
0.00017908
0.000182535
0.000184442
0.000184846
0.000183798
0.000181352
0.000177564
0.000172496
0.00016621
0.000158774
0.000150254
0.000140722
0.00013025
0.000118911
0.000106778
9.39254e-05
8.04279e-05
6.63592e-05
5.17921e-05
3.67988e-05
2.14499e-05
5.81452e-06
-1.004e-05
-2.60484e-05
-4.21477e-05
-5.8277e-05
-7.43782e-05
-9.03966e-05
-0.000106278
-0.000121971
-0.000137428
-0.000152604
-0.000167453
-0.000181936
-0.000196014
-0.000209651
-0.000222811
-0.000235462
-0.000247571
-0.000259108
-0.000270043
-0.000280347
-0.000289993
-0.000298952
-0.000307196
-0.000314698
-0.00032143
-0.000327361
-0.000332463
-0.000336704
-0.000340054
-0.000342478
-0.000343943
-0.000344413
-0.000343851
-0.000342218
-0.000339476
-0.000335583
-0.0003305
-0.000324183
-0.000316591
-0.000307694
-0.000297476
-0.000285848
-0.000272422
-0.000256908
-0.000242594
0.000134496
0.000150384
0.000167322
0.00018154
0.000193367
0.000203245
0.000211273
0.000217466
0.000221859
0.0002245
0.000225441
0.000224738
0.000222452
0.000218646
0.000213386
0.000206743
0.00019879
0.000189601
0.000179256
0.000167832
0.000155412
0.000142076
0.000127907
0.000112986
9.73957e-05
8.12169e-05
6.45296e-05
4.74121e-05
2.99412e-05
1.21916e-05
-5.76407e-06
-2.38559e-05
-4.20164e-05
-6.01809e-05
-7.82873e-05
-9.62769e-05
-0.000114094
-0.000131685
-0.000149004
-0.000166003
-0.000182631
-0.000198844
-0.000214607
-0.000229882
-0.000244634
-0.000258828
-0.000272433
-0.000285416
-0.000297749
-0.000309401
-0.000320343
-0.000330547
-0.000339985
-0.000348627
-0.000356443
-0.000363403
-0.000369475
-0.000374627
-0.000378825
-0.000382032
-0.00038421
-0.000385322
-0.000385326
-0.000384179
-0.000381838
-0.000378257
-0.000373389
-0.000367187
-0.000359605
-0.000350606
-0.000340168
-0.000328196
-0.000314277
-0.000298102
-0.000283131
0.000185382
0.000201772
0.000219107
0.000233448
0.000245148
0.000254683
0.000262166
0.000267625
0.000271103
0.000272661
0.000272362
0.000270274
0.000266468
0.000261017
0.000253999
0.000245494
0.000235585
0.000224359
0.000211903
0.000198304
0.000183655
0.000168045
0.000151564
0.000134304
0.000116354
9.78028e-05
7.87369e-05
5.92416e-05
3.93998e-05
1.92921e-05
-1.00395e-06
-2.14134e-05
-4.18646e-05
-6.2289e-05
-8.26213e-05
-0.0001028
-0.000122765
-0.000142463
-0.000161838
-0.000180845
-0.000199441
-0.000217579
-0.000235216
-0.000252314
-0.000268839
-0.000284756
-0.000300032
-0.000314636
-0.000328538
-0.000341707
-0.000354115
-0.000365732
-0.000376528
-0.000386473
-0.000395537
-0.000403686
-0.000410889
-0.000417109
-0.000422309
-0.000426451
-0.000429494
-0.000431394
-0.000432107
-0.000431584
-0.000429778
-0.000426636
-0.000422107
-0.000416136
-0.000408671
-0.000399669
-0.000389104
-0.000376868
-0.000362527
-0.000345753
-0.00033017
0.000245553
0.000262237
0.000279716
0.000293916
0.000305217
0.000314125
0.00032077
0.000325193
0.00032745
0.000327614
0.000325762
0.000321974
0.000316331
0.000308919
0.000299827
0.000289147
0.000276973
0.0002634
0.000248527
0.000232452
0.000215276
0.000197097
0.000178016
0.000158132
0.000137542
0.000116343
9.46281e-05
7.24902e-05
5.0018e-05
2.72978e-05
4.41234e-06
-1.85587e-05
-4.15395e-05
-6.44576e-05
-8.72448e-05
-0.000109836
-0.000132172
-0.000154193
-0.000175843
-0.000197071
-0.000217834
-0.000238092
-0.000257801
-0.00027692
-0.000295413
-0.000313245
-0.000330385
-0.0003468
-0.00036246
-0.000377335
-0.000391396
-0.000404612
-0.000416952
-0.000428387
-0.000438883
-0.000448406
-0.000456921
-0.00046439
-0.000470773
-0.000476028
-0.000480109
-0.00048297
-0.000484559
-0.000484825
-0.000483712
-0.000481163
-0.000477118
-0.000471517
-0.000464299
-0.000455416
-0.000444833
-0.000432436
-0.000417761
-0.000400467
-0.000384333
0.000316195
0.000332894
0.000350181
0.000363903
0.000374463
0.000382396
0.00038785
0.000390882
0.000391561
0.000389977
0.000386217
0.000380376
0.000372548
0.00036283
0.000351323
0.000338131
0.000323358
0.000307111
0.000289499
0.00027063
0.000250614
0.000229561
0.000207578
0.000184774
0.000161255
0.000137123
0.000112481
8.74277e-05
6.20574e-05
3.64624e-05
1.07306e-05
-1.50538e-05
-4.08108e-05
-6.64644e-05
-9.19433e-05
-0.00011718
-0.000142111
-0.000166679
-0.000190826
-0.000214502
-0.000237659
-0.000260255
-0.000282247
-0.000303596
-0.000324267
-0.000344225
-0.000363437
-0.000381873
-0.000399501
-0.000416292
-0.000432215
-0.000447241
-0.000461338
-0.000474473
-0.000486613
-0.000497722
-0.000507761
-0.00051669
-0.000524466
-0.000531041
-0.000536367
-0.00054039
-0.000543056
-0.000544304
-0.000544073
-0.000542299
-0.000538914
-0.000533849
-0.000527036
-0.000518418
-0.000507954
-0.000495516
-0.000480619
-0.000462903
-0.000446294
0.000398579
0.000414922
0.000431583
0.000444401
0.000453801
0.00046034
0.000464187
0.000465414
0.000464108
0.000460373
0.000454312
0.000446031
0.000435637
0.000423241
0.000408955
0.000392894
0.000375173
0.000355911
0.000335225
0.000313235
0.000290059
0.000265817
0.000240625
0.0002146
0.000187855
0.000160502
0.000132649
0.000104402
7.58604e-05
4.71231e-05
1.82825e-05
-1.05729e-05
-3.93592e-05
-6.79974e-05
-9.64132e-05
-0.000124537
-0.000152304
-0.000179654
-0.000206531
-0.000232882
-0.000258662
-0.000283824
-0.00030833
-0.000332139
-0.000355217
-0.00037753
-0.000399046
-0.000419734
-0.000439564
-0.000458507
-0.000476531
-0.000493607
-0.000509701
-0.00052478
-0.000538809
-0.000551749
-0.000563559
-0.000574195
-0.00058361
-0.000591751
-0.000598565
-0.000603992
-0.00060797
-0.000610432
-0.000611309
-0.000610528
-0.000608013
-0.000603685
-0.000597467
-0.000589291
-0.000579108
-0.000566779
-0.000551795
-0.000533779
-0.000516789
0.000494036
0.000509547
0.000525031
0.000536418
0.00054415
0.000548797
0.000550548
0.000549496
0.000545745
0.000539413
0.000530617
0.000519477
0.000506113
0.000490646
0.0004732
0.0004539
0.000432873
0.000410246
0.000386147
0.000360704
0.000334046
0.000306299
0.000277589
0.000248041
0.000217776
0.000186912
0.000155565
0.000123845
9.18592e-05
5.97109e-05
2.74973e-05
-4.68927e-06
-3.67614e-05
-6.86372e-05
-0.00010024
-0.000131499
-0.000162347
-0.000192724
-0.000222573
-0.000251843
-0.000280486
-0.000308459
-0.000335722
-0.000362237
-0.000387971
-0.00041289
-0.000436964
-0.000460163
-0.000482457
-0.000503817
-0.000524212
-0.00054361
-0.000561979
-0.000579284
-0.000595486
-0.000610545
-0.000624415
-0.000637049
-0.000648393
-0.000658392
-0.000666983
-0.0006741
-0.000679674
-0.000683628
-0.000685884
-0.000686358
-0.000684966
-0.000681616
-0.00067622
-0.0006687
-0.000658996
-0.000646957
-0.00063205
-0.00061388
-0.000596623
0.00060392
0.000617998
0.000631619
0.000640932
0.000646387
0.000648558
0.000647655
0.000643788
0.000637079
0.000627661
0.000615665
0.000601222
0.000584462
0.000565518
0.000544523
0.000521612
0.000496918
0.000470578
0.000442729
0.000413508
0.000383049
0.000351489
0.000318961
0.000285595
0.00025152
0.000216862
0.000181741
0.000146275
0.000110577
7.47521e-05
3.89035e-05
3.12724e-06
-3.24866e-05
-6.78536e-05
-0.000102895
-0.000137539
-0.000171719
-0.000205373
-0.000238445
-0.000270885
-0.000302646
-0.000333686
-0.000363967
-0.000393453
-0.000422112
-0.000449912
-0.000476825
-0.000502821
-0.000527872
-0.000551948
-0.00057502
-0.000597055
-0.000618019
-0.000637875
-0.000656582
-0.000674096
-0.000690367
-0.000705342
-0.000718962
-0.000731164
-0.000741878
-0.000751029
-0.000758537
-0.000764316
-0.000768277
-0.000770323
-0.000770358
-0.000768277
-0.000763979
-0.000757373
-0.000748387
-0.000736854
-0.00072222
-0.000704074
-0.000686687
0.000729557
0.000741454
0.000752372
0.000758838
0.0007613
0.000760322
0.000756128
0.000748849
0.000738624
0.000725597
0.00070991
0.000691702
0.000671114
0.000648283
0.000623351
0.000596462
0.000567751
0.000537363
0.000505441
0.000472129
0.000437568
0.000401901
0.000365267
0.000327802
0.000289643
0.00025092
0.000211761
0.000172287
0.000132615
9.28579e-05
5.31206e-05
1.35024e-05
-2.59038e-05
-6.50118e-05
-0.000103742
-0.000142021
-0.000179783
-0.000216966
-0.000253517
-0.000289385
-0.000324528
-0.000358904
-0.000392477
-0.000425216
-0.000457089
-0.000488069
-0.000518127
-0.000547237
-0.000575372
-0.000602503
-0.0006286
-0.00065363
-0.000677558
-0.000700343
-0.000721942
-0.000742306
-0.000761379
-0.000779103
-0.00079541
-0.000810229
-0.000823479
-0.000835075
-0.000844926
-0.000852932
-0.00085899
-0.00086299
-0.000864819
-0.000864359
-0.000861492
-0.000856112
-0.000848131
-0.000837365
-0.00082324
-0.000805329
-0.000787975
0.000872169
0.000880972
0.000888167
0.00089087
0.000889511
0.000884618
0.000876425
0.000865083
0.000850742
0.000833555
0.000813671
0.000791234
0.000766388
0.000739273
0.000710031
0.00067881
0.000645756
0.000611009
0.000574717
0.000537028
0.000498088
0.000458044
0.000417041
0.00037522
0.000332723
0.000289686
0.00024624
0.000202513
0.000158626
0.000114695
7.08287e-05
2.71292e-05
-1.63086e-05
-5.93971e-05
-0.000102056
-0.000144213
-0.000185803
-0.000226765
-0.000267048
-0.000306606
-0.000345396
-0.000383383
-0.000420535
-0.000456821
-0.000492217
-0.000526695
-0.000560233
-0.000592805
-0.000624387
-0.000654951
-0.000684467
-0.000712901
-0.000740215
-0.000766368
-0.00079131
-0.000814986
-0.000837335
-0.00085829
-0.000877772
-0.0008957
-0.000911982
-0.000926517
-0.000939201
-0.000949919
-0.000958548
-0.000964963
-0.000969032
-0.000970618
-0.000969584
-0.000965805
-0.000959176
-0.000949494
-0.000936161
-0.000918736
-0.000901608
0.00103275
0.00103735
0.00103962
0.0010375
0.00103138
0.00102171
0.00100875
0.000992643
0.000973559
0.00095165
0.000927064
0.000899942
0.000870426
0.000838654
0.000804765
0.000768899
0.000731203
0.00069182
0.000650897
0.00060858
0.000565019
0.000520363
0.00047476
0.000428356
0.000381297
0.000333723
0.00028577
0.00023757
0.000189248
0.000140924
9.27101e-05
4.47101e-05
-2.97929e-06
-5.02699e-05
-9.7082e-05
-0.000143344
-0.000188992
-0.000233971
-0.000278231
-0.00032173
-0.000364431
-0.000406304
-0.00044732
-0.000487457
-0.000526693
-0.000565007
-0.00060238
-0.000638791
-0.000674216
-0.000708631
-0.000742005
-0.000774305
-0.000805489
-0.000835512
-0.000864318
-0.000891847
-0.000918028
-0.000942782
-0.000966019
-0.000987644
-0.00100755
-0.00102561
-0.00104172
-0.00105574
-0.00106751
-0.0010769
-0.00108374
-0.00108789
-0.00108918
-0.00108746
-0.0010826
-0.00107438
-0.00106218
-0.00104554
-0.00102887
0.00121197
0.00121108
0.00120703
0.00119886
0.0011869
0.00117152
0.00115294
0.00113134
0.00110687
0.00107968
0.0010499
0.00101767
0.000983105
0.000946342
0.000907507
0.000866732
0.000824152
0.000779905
0.000734134
0.000686984
0.000638603
0.000589141
0.000538747
0.000487571
0.00043576
0.00038346
0.000330811
0.000277949
0.000225004
0.000172099
0.000119347
6.68554e-05
1.47229e-05
-3.69626e-05
-8.81231e-05
-0.00013869
-0.000188602
-0.000237808
-0.000286265
-0.000333937
-0.000380793
-0.00042681
-0.000471968
-0.000516251
-0.000559645
-0.000602137
-0.000643712
-0.000684356
-0.000724048
-0.000762767
-0.000800483
-0.000837161
-0.000872758
-0.000907223
-0.000940494
-0.0009725
-0.00100316
-0.00103238
-0.00106006
-0.00108607
-0.00111031
-0.00113261
-0.00115287
-0.00117088
-0.00118648
-0.00119951
-0.00120979
-0.00121712
-0.00122132
-0.00122221
-0.00121963
-0.00121333
-0.00120267
-0.00118718
-0.00117124
0.00141007
0.00140216
0.00139012
0.0013745
0.00135553
0.00133341
0.00130834
0.00128049
0.00125
0.00121698
0.00118156
0.00114383
0.0011039
0.00106188
0.00101786
0.000971966
0.000924315
0.000875035
0.000824257
0.000772121
0.00071877
0.000664353
0.00060902
0.000552922
0.00049621
0.000439033
0.000381536
0.00032386
0.000266139
0.000208498
0.000151055
9.39201e-05
3.71927e-05
-1.90386e-05
-7.46999e-05
-0.000129727
-0.000184064
-0.000237666
-0.000290497
-0.00034253
-0.000393744
-0.000444127
-0.00049367
-0.000542367
-0.000590214
-0.000637209
-0.000683347
-0.00072862
-0.000773014
-0.000816511
-0.000859085
-0.000900699
-0.000941308
-0.000980854
-0.00101927
-0.00105646
-0.00109235
-0.00112682
-0.00115973
-0.00119097
-0.00122037
-0.00124777
-0.00127298
-0.00129582
-0.0013161
-0.0013336
-0.00134809
-0.00135937
-0.0013672
-0.00137137
-0.00137169
-0.00136787
-0.00135925
-0.00134535
-0.00133047
0.0016264
0.00160972
0.00158785
0.00156324
0.00153598
0.00150605
0.00147359
0.00143874
0.00140162
0.00136229
0.00132083
0.00127729
0.00123174
0.00118425
0.00113488
0.00108373
0.00103089
0.000976462
0.000920574
0.000863351
0.000804929
0.000745453
0.000685074
0.000623944
0.000562218
0.000500049
0.00043759
0.000374985
0.000312374
0.000249887
0.000187645
0.000125757
6.43326e-05
3.46472e-06
-5.67873e-05
-0.000116366
-0.000175222
-0.000233318
-0.000290628
-0.000347138
-0.000402843
-0.000457743
-0.000511846
-0.000565161
-0.000617701
-0.000669477
-0.000720497
-0.000770766
-0.00082028
-0.000869028
-0.000916985
-0.000964118
-0.00101038
-0.0010557
-0.0011
-0.00114319
-0.00118516
-0.00122575
-0.00126484
-0.00130225
-0.0013378
-0.00137129
-0.0014025
-0.00143119
-0.00145712
-0.00148006
-0.00149973
-0.00151587
-0.0015282
-0.00153647
-0.00154043
-0.00153978
-0.00153381
-0.00152202
-0.0015086
0.00185948
0.00183204
0.00179826
0.00176299
0.00172608
0.00168722
0.00164646
0.0016039
0.00155958
0.00151351
0.00146569
0.0014161
0.00136476
0.00131167
0.00125686
0.00120038
0.00114229
0.00108267
0.00102161
0.000959246
0.000895688
0.000831083
0.00076558
0.000699335
0.000632509
0.000565262
0.000497753
0.000430138
0.000362565
0.000295173
0.000228071
0.000161339
9.5164e-05
2.96816e-05
-3.5161e-05
-9.93011e-05
-0.000162677
-0.000225262
-0.000287048
-0.000348038
-0.000408247
-0.000467698
-0.000526418
-0.000584442
-0.000641804
-0.000698537
-0.00075467
-0.000810225
-0.000865213
-0.000919633
-0.000973472
-0.0010267
-0.00107926
-0.00113108
-0.00118208
-0.00123214
-0.00128111
-0.00132885
-0.00137517
-0.00141987
-0.00146271
-0.00150346
-0.00154184
-0.00157758
-0.00161039
-0.00163994
-0.00166593
-0.00168804
-0.00170593
-0.00171928
-0.00172782
-0.00173116
-0.00172858
-0.00171956
-0.00170808
0.00210649
0.00206609
0.00201814
0.00197039
0.00192241
0.0018735
0.00182357
0.00177264
0.00172064
0.00166748
0.00161305
0.00155727
0.00150004
0.0014413
0.00138103
0.00131921
0.00125586
0.00119102
0.00112478
0.00105723
0.000988482
0.000918683
0.000847983
0.000776543
0.000704533
0.000632126
0.000559493
0.000486805
0.000414231
0.000341927
0.000269953
0.000198139
0.000127239
5.74513e-05
-1.18639e-05
-8.04869e-05
-0.00014827
-0.000215203
-0.000281306
-0.000346613
-0.000411164
-0.000475014
-0.000538224
-0.000600859
-0.000662989
-0.000724677
-0.000785983
-0.000846957
-0.000907634
-0.000968033
-0.00102815
-0.00108797
-0.00114744
-0.00120648
-0.00126498
-0.00132282
-0.00137983
-0.00143581
-0.00149054
-0.00154377
-0.00159523
-0.0016446
-0.00169156
-0.00173577
-0.00177685
-0.00181443
-0.00184813
-0.00187754
-0.00190226
-0.00192192
-0.00193614
-0.00194449
-0.00194622
-0.00194077
-0.00193187
0.00236301
0.00230726
0.0022427
0.00218059
0.00212011
0.00206006
0.00200014
0.00194023
0.00188015
0.00181965
0.00175848
0.00169642
0.00163329
0.00156892
0.0015032
0.00143605
0.00136744
0.00129737
0.0012259
0.0011531
0.00107908
0.00100398
0.000927967
0.000851202
0.000773876
0.00069618
0.000618304
0.000540437
0.00046276
0.000385439
0.000308605
0.000232363
0.000156936
8.23944e-05
8.71232e-06
-6.40628e-05
-0.000135901
-0.000206815
-0.000276847
-0.000346057
-0.000414526
-0.000482349
-0.000549633
-0.00061649
-0.000683037
-0.000749387
-0.000815645
-0.000881902
-0.000948232
-0.00101469
-0.00108129
-0.00114803
-0.00121487
-0.00128174
-0.0013485
-0.00141502
-0.00148109
-0.00154648
-0.0016109
-0.00167406
-0.00173561
-0.00179516
-0.00185231
-0.00190663
-0.00195766
-0.00200494
-0.00204799
-0.00208631
-0.00211942
-0.00214684
-0.00216812
-0.00218274
-0.00218991
-0.00218904
-0.00218346
0.00262262
0.00254899
0.00246528
0.00238688
0.0023125
0.00224027
0.00216962
0.00210026
0.00203179
0.00196378
0.0018958
0.00182746
0.00175845
0.00168847
0.00161732
0.00154483
0.00147091
0.00139554
0.00131871
0.0012405
0.00116101
0.0010804
0.000998821
0.000916482
0.000833592
0.000750372
0.000667044
0.000583828
0.000500935
0.000418558
0.00033687
0.000256023
0.000176156
9.73565e-05
1.96751e-05
-5.68653e-05
-0.000132273
-0.00020659
-0.000279892
-0.000352285
-0.000423899
-0.000494889
-0.000565425
-0.000635688
-0.000705864
-0.000776136
-0.000846678
-0.000917646
-0.000989175
-0.00106137
-0.00113429
-0.00120796
-0.00128237
-0.00135744
-0.00143305
-0.00150902
-0.00158512
-0.00166105
-0.0017365
-0.00181106
-0.00188431
-0.00195577
-0.00202494
-0.00209127
-0.0021542
-0.00221315
-0.00226751
-0.00231667
-0.00236003
-0.00239699
-0.00242699
-0.00244941
-0.00246342
-0.00246838
-0.00246711
0.00287652
0.00278239
0.00267695
0.00258038
0.00249076
0.00240542
0.00232342
0.00224422
0.00216715
0.00209154
0.00201673
0.00194213
0.00186724
0.00179163
0.00171498
0.00163704
0.00155764
0.00147669
0.0013942
0.00131022
0.00122484
0.00113825
0.00105063
0.000962227
0.000873284
0.00078407
0.000694858
0.000605918
0.000517506
0.000429862
0.000343204
0.000257716
0.000173549
9.08107e-05
9.56345e-06
-7.0175e-05
-0.000148433
-0.000225286
-0.000300853
-0.000375298
-0.00044882
-0.000521652
-0.000594054
-0.000666302
-0.000738682
-0.000811479
-0.000884971
-0.000959413
-0.00103503
-0.00111201
-0.00119049
-0.00127056
-0.00135222
-0.00143545
-0.0015201
-0.00160599
-0.00169286
-0.00178035
-0.00186806
-0.0019555
-0.00204215
-0.0021274
-0.00221061
-0.0022911
-0.00236816
-0.00244104
-0.00250901
-0.00257129
-0.00262713
-0.00267579
-0.00271655
-0.00274865
-0.0027712
-0.00278358
-0.00278784
0.00311321
0.002996
0.00286628
0.00274973
0.00264366
0.0025444
0.00245055
0.00236121
0.00227542
0.00219215
0.00211048
0.00202957
0.00194871
0.00186731
0.00178491
0.00170116
0.00161582
0.00152876
0.00143996
0.00134946
0.0012574
0.00116396
0.00106941
0.000974015
0.000878104
0.000782013
0.000686086
0.000590668
0.000496091
0.000402665
0.000310666
0.000220334
0.000131875
4.54233e-05
-3.8941e-05
-0.000121196
-0.000201383
-0.00027961
-0.000356048
-0.000430931
-0.000504547
-0.000577233
-0.000649368
-0.000721361
-0.00079364
-0.000866638
-0.000940783
-0.00101648
-0.00109409
-0.00117394
-0.00125629
-0.00134131
-0.0014291
-0.00151967
-0.00161291
-0.00170864
-0.00180655
-0.00190624
-0.00200721
-0.00210888
-0.00221056
-0.00231152
-0.00241092
-0.00250792
-0.00260161
-0.00269105
-0.00277528
-0.00285336
-0.00292433
-0.00298725
-0.00304121
-0.00308531
-0.00311859
-0.00314034
-0.00315167
0.00331801
0.00317524
0.00301891
0.00288079
0.00275724
0.00264342
0.00253734
0.00243767
0.00234303
0.00225201
0.00216335
0.00207592
0.00198878
0.00190115
0.0018124
0.00172209
0.00162991
0.00153569
0.00143939
0.00134107
0.0012409
0.00113914
0.00103608
0.000932114
0.000827646
0.000723118
0.000618983
0.000515696
0.000413699
0.00031341
0.000215209
0.000119421
2.63023e-05
-6.38742e-05
-0.00015104
-0.000235146
-0.00031623
-0.000394426
-0.000469959
-0.000543141
-0.000614368
-0.000684113
-0.00075291
-0.000821349
-0.000890052
-0.000959664
-0.00103083
-0.00110417
-0.00118027
-0.00125965
-0.00134276
-0.00142994
-0.00152143
-0.00161733
-0.00171761
-0.00182211
-0.0019305
-0.00204234
-0.00215703
-0.00227385
-0.00239195
-0.0025104
-0.00262818
-0.00274416
-0.0028572
-0.00296611
-0.00306966
-0.00316664
-0.00325585
-0.0033361
-0.00340623
-0.00346514
-0.00351178
-0.0035454
-0.00356579
0.00347305
0.00330251
0.00311752
0.0029565
0.00281468
0.00268583
0.00256724
0.00245707
0.00235341
0.00225442
0.00215842
0.00206397
0.00196986
0.00187507
0.00177886
0.00168064
0.00158005
0.00147689
0.0013711
0.00126281
0.00115222
0.00103968
0.000925586
0.000810447
0.000694806
0.000579248
0.000464383
0.000350824
0.000239176
0.000130016
2.38788e-05
-7.87528e-05
-0.000177472
-0.000272023
-0.000362122
-0.000447684
-0.000528731
-0.000605402
-0.000677966
-0.000746819
-0.00081248
-0.000875583
-0.000936864
-0.000997146
-0.00105732
-0.00111831
-0.00118108
-0.00124657
-0.00131567
-0.00138923
-0.00146797
-0.00155251
-0.00164332
-0.0017407
-0.00184474
-0.00195536
-0.00207229
-0.00219501
-0.00232286
-0.00245496
-0.00259028
-0.00272764
-0.00286572
-0.00300311
-0.00313834
-0.00326986
-0.00339612
-0.00351556
-0.00362663
-0.00372783
-0.00381767
-0.00389478
-0.00395804
-0.00400662
-0.00403855
0.00355701
0.00335696
0.00314173
0.00295685
0.00279622
0.00265205
0.00252075
0.00239985
0.00228687
0.00217942
0.00207538
0.00197294
0.00187057
0.00176707
0.0016615
0.00155317
0.00144165
0.00132673
0.00120838
0.00108676
0.000962177
0.000835084
0.000706038
0.000575696
0.000444789
0.000314104
0.000184467
5.67167e-05
-6.8309e-05
-0.0001898
-0.00030699
-0.000419183
-0.000525766
-0.000626248
-0.000720262
-0.000807568
-0.000888105
-0.00096198
-0.00102948
-0.00109106
-0.00114737
-0.00119923
-0.00124762
-0.00129365
-0.00133857
-0.00138368
-0.00143037
-0.00148003
-0.00153402
-0.00159364
-0.00166007
-0.00173434
-0.00181729
-0.00190955
-0.00201147
-0.00212317
-0.00224445
-0.00237485
-0.0025136
-0.00265971
-0.00281189
-0.00296869
-0.00312845
-0.00328935
-0.00344948
-0.00360687
-0.00375949
-0.00390533
-0.00404239
-0.00416874
-0.00428247
-0.00438187
-0.00446571
-0.00453306
-0.00457966
0.0035454
0.0033147
0.00306827
0.00285902
0.00267937
0.00251973
0.00237554
0.00224357
0.00212068
0.00200388
0.00189054
0.00177846
0.0016658
0.00155109
0.00143325
0.00131146
0.00118526
0.00105441
0.000918931
0.000779068
0.000635249
0.000488071
0.000338284
0.000186758
3.44717e-05
-0.000117518
-0.000268093
-0.000416103
-0.000560385
-0.000699796
-0.000833236
-0.000959679
-0.0010782
-0.001188
-0.00128847
-0.00137913
-0.00145975
-0.00153033
-0.0015911
-0.00164254
-0.00168542
-0.00172074
-0.00174974
-0.00177389
-0.00179487
-0.00181449
-0.00183471
-0.00185752
-0.00188493
-0.00191891
-0.00196131
-0.00201379
-0.0020778
-0.00215449
-0.00224468
-0.00234882
-0.00246697
-0.00259878
-0.0027435
-0.00289999
-0.00306676
-0.003242
-0.00342362
-0.00360931
-0.0037966
-0.00398291
-0.00416561
-0.00434209
-0.00450974
-0.00466604
-0.00480852
-0.00493506
-0.00504428
-0.00513513
-0.00520027
0.00341093
0.00314924
0.00287144
0.00263788
0.00243929
0.00226417
0.00210683
0.00196322
0.00182942
0.00170181
0.00157722
0.00145299
0.00132696
0.00119743
0.0010631
0.000923097
0.000776876
0.000624227
0.000465229
0.000300226
0.000129799
-4.52585e-05
-0.000223964
-0.000405168
-0.00058758
-0.000769789
-0.000950292
-0.00112752
-0.00129988
-0.00146575
-0.00162357
-0.00177184
-0.00190916
-0.0020343
-0.0021462
-0.00224407
-0.0023273
-0.00239567
-0.00244926
-0.00248849
-0.00251415
-0.0025274
-0.00252976
-0.00252309
-0.00250957
-0.00249164
-0.00247197
-0.00245337
-0.00243873
-0.00243096
-0.00243285
-0.00244702
-0.00247582
-0.00252124
-0.00258487
-0.00266777
-0.00277049
-0.00289298
-0.00303464
-0.00319431
-0.00337027
-0.00356036
-0.00376198
-0.00397219
-0.0041878
-0.00440546
-0.00462172
-0.00483313
-0.0050363
-0.00522793
-0.00540482
-0.00556412
-0.00570439
-0.00582448
-0.00591297
0.00312433
0.00283229
0.00252388
0.00226665
0.00204956
0.00185903
0.00168816
0.00153198
0.00138576
0.00124516
0.00110645
0.000966519
0.00082285
0.00067348
0.000516951
0.000352268
0.000178855
-3.48227e-06
-0.00019459
-0.000393995
-0.000600937
-0.00081439
-0.00103309
-0.00125554
-0.00148006
-0.00170481
-0.00192778
-0.00214686
-0.00235987
-0.00256459
-0.00275881
-0.00294035
-0.00310718
-0.00325739
-0.0033893
-0.00350152
-0.00359299
-0.003663
-0.00371128
-0.00373804
-0.003744
-0.00373036
-0.00369886
-0.00365176
-0.00359177
-0.00352205
-0.00344616
-0.00336792
-0.00329139
-0.00322068
-0.00315994
-0.00311312
-0.00308392
-0.00307563
-0.003091
-0.00313215
-0.00320048
-0.00329659
-0.0034203
-0.00357058
-0.00374564
-0.00394295
-0.00415935
-0.00439116
-0.00463429
-0.00488436
-0.00513684
-0.00538718
-0.00563089
-0.00586361
-0.00608114
-0.00627982
-0.00645791
-0.00661402
-0.00673173
0.00265547
0.00233486
0.00199765
0.00171809
0.00148323
0.00127741
0.00109242
0.000922316
0.000761506
0.000604921
0.000448226
0.000287845
0.000120904
-5.48258e-05
-0.000240982
-0.000438668
-0.000648502
-0.000870658
-0.0011049
-0.00135061
-0.00160683
-0.00187227
-0.00214533
-0.00242412
-0.00270649
-0.00299004
-0.00327217
-0.0035501
-0.00382088
-0.0040815
-0.00432891
-0.00456005
-0.00477196
-0.00496185
-0.00512714
-0.00526558
-0.00537531
-0.00545487
-0.00550345
-0.00552077
-0.00550724
-0.00546395
-0.00539273
-0.00529613
-0.00517739
-0.00504042
-0.00488976
-0.00473045
-0.00456795
-0.00440797
-0.00425639
-0.00411901
-0.00400142
-0.00390878
-0.00384565
-0.00381581
-0.00382208
-0.00386626
-0.003949
-0.00406981
-0.00422702
-0.0044179
-0.00463876
-0.00488505
-0.00515159
-0.00543269
-0.00572242
-0.00601472
-0.00630365
-0.00658337
-0.00684832
-0.00709377
-0.00731749
-0.00751783
-0.00767169
0.0019749
0.00162874
0.0012657
0.000965826
0.000714266
0.000493288
0.00029335
0.000107488
-7.07642e-05
-0.000247224
-0.000426828
-0.000613631
-0.00081087
-0.00102105
-0.00124599
-0.00148691
-0.0017445
-0.0020189
-0.0023098
-0.00261646
-0.00293768
-0.0032719
-0.00361714
-0.00397107
-0.00433098
-0.00469385
-0.00505633
-0.00541482
-0.00576547
-0.00610427
-0.00642708
-0.00672971
-0.00700804
-0.00725804
-0.00747593
-0.00765825
-0.00780197
-0.00790466
-0.00796445
-0.00798029
-0.00795196
-0.00788016
-0.00776656
-0.00761382
-0.00742558
-0.00720642
-0.00696187
-0.00669829
-0.00642272
-0.0061428
-0.00586655
-0.00560218
-0.00535781
-0.00514122
-0.00495956
-0.00481909
-0.00472493
-0.00468084
-0.00468905
-0.00475019
-0.00486324
-0.00502558
-0.00523313
-0.00548048
-0.00576119
-0.00606798
-0.00639308
-0.0067285
-0.00706626
-0.00739857
-0.00771797
-0.0080182
-0.00829645
-0.0085506
-0.0087489
0.00105571
0.000688333
0.000303618
-1.3845e-05
-0.000280732
-0.000516733
-0.000732697
-0.000936608
-0.00113581
-0.00133686
-0.00154529
-0.00176562
-0.00200147
-0.0022556
-0.00253007
-0.00282623
-0.00314481
-0.00348598
-0.00384938
-0.00423412
-0.0046388
-0.00506155
-0.00550001
-0.00595135
-0.00641225
-0.00687896
-0.0073473
-0.00781269
-0.0082702
-0.00871463
-0.00914052
-0.00954231
-0.00991437
-0.0102512
-0.0105473
-0.0107978
-0.0109981
-0.0111441
-0.0112327
-0.0112616
-0.0112294
-0.0111361
-0.010983
-0.0107724
-0.0105081
-0.010195
-0.00983957
-0.00944937
-0.00903315
-0.00860057
-0.00816214
-0.00772899
-0.00731244
-0.00692371
-0.0065735
-0.00627163
-0.00602662
-0.00584531
-0.0057326
-0.00569124
-0.00572167
-0.00582203
-0.00598829
-0.00621437
-0.00649251
-0.0068136
-0.00716761
-0.00754399
-0.00793213
-0.00832153
-0.00870217
-0.00906564
-0.00940825
-0.00972707
-0.00997958
-0.000124423
-0.000507409
-0.000908476
-0.0012401
-0.00152061
-0.00177145
-0.00200469
-0.00222931
-0.00245349
-0.00268449
-0.00292842
-0.00319027
-0.00347402
-0.00378273
-0.00411867
-0.00448335
-0.00487761
-0.00530167
-0.00575511
-0.00623694
-0.00674559
-0.00727887
-0.00783403
-0.0084077
-0.00899592
-0.00959413
-0.0101972
-0.0107995
-0.0113949
-0.0119766
-0.0125379
-0.0130715
-0.0135699
-0.0140258
-0.014432
-0.0147814
-0.0150675
-0.0152844
-0.0154269
-0.0154911
-0.0154739
-0.015374
-0.015192
-0.0149297
-0.0145899
-0.0141773
-0.013699
-0.0131643
-0.0125835
-0.011968
-0.0113302
-0.0106848
-0.0100469
-0.00943175
-0.0088548
-0.00833063
-0.00787252
-0.00749189
-0.00719777
-0.00699647
-0.00689123
-0.00688209
-0.00696588
-0.00713646
-0.00738497
-0.00770036
-0.00806994
-0.00848003
-0.00891652
-0.00936537
-0.00981302
-0.0102481
-0.0106656
-0.0110613
-0.0113792
-0.0015811
-0.00197289
-0.00238391
-0.00272559
-0.00301769
-0.00328306
-0.00353487
-0.003783
-0.00403644
-0.00430308
-0.00458957
-0.00490135
-0.00524276
-0.00561715
-0.00602704
-0.00647413
-0.00695939
-0.0074831
-0.00804487
-0.00864363
-0.00927762
-0.00994439
-0.0106408
-0.0113629
-0.012106
-0.0128649
-0.0136332
-0.0144042
-0.0151704
-0.0159235
-0.0166551
-0.017356
-0.0180169
-0.0186283
-0.0191807
-0.0196648
-0.0200719
-0.0203935
-0.0206224
-0.0207518
-0.0207764
-0.0206925
-0.0205002
-0.0202017
-0.0197972
-0.0192887
-0.0186847
-0.0179977
-0.0172385
-0.0164177
-0.0155488
-0.0146523
-0.0137461
-0.01285
-0.0119847
-0.0111712
-0.0104289
-0.00977554
-0.00922621
-0.00879271
-0.00848297
-0.00830069
-0.00824513
-0.00831118
-0.00848962
-0.00876775
-0.00913005
-0.00955911
-0.0100365
-0.0105435
-0.0110619
-0.0115762
-0.0120793
-0.0125653
-0.012961
-0.0033212
-0.00371403
-0.00412768
-0.00447471
-0.00477596
-0.00505527
-0.00532674
-0.00560106
-0.00588789
-0.00619571
-0.00653166
-0.00690157
-0.00731012
-0.00776099
-0.00825693
-0.00879986
-0.00939091
-0.0100305
-0.0107182
-0.011453
-0.0122329
-0.0130552
-0.0139164
-0.0148121
-0.0157368
-0.0166842
-0.0176473
-0.0186177
-0.0195867
-0.0205445
-0.0214805
-0.0223838
-0.0232429
-0.0240461
-0.0247815
-0.0254373
-0.026002
-0.0264646
-0.0268148
-0.0270431
-0.0271404
-0.0270985
-0.026915
-0.0265994
-0.0261638
-0.0256093
-0.0249221
-0.024101
-0.0231549
-0.0220979
-0.0209643
-0.0197849
-0.0185721
-0.017347
-0.0161359
-0.0149667
-0.0138665
-0.0128611
-0.0119735
-0.0112234
-0.0106258
-0.0101907
-0.00992195
-0.00981761
-0.00986961
-0.0100645
-0.0103842
-0.0108074
-0.0113104
-0.0118687
-0.012458
-0.0130573
-0.0136564
-0.0142468
-0.014734
-0.00534131
-0.00572669
-0.00613498
-0.00648212
-0.00678962
-0.00708186
-0.00737361
-0.00767625
-0.00799998
-0.00835377
-0.00874517
-0.00918038
-0.0096644
-0.0102012
-0.0107938
-0.0114442
-0.012154
-0.0129235
-0.0137524
-0.0146397
-0.0155833
-0.0165802
-0.0176266
-0.0187173
-0.0198463
-0.0210064
-0.0221893
-0.0233857
-0.024585
-0.0257759
-0.026946
-0.0280825
-0.0291717
-0.0301996
-0.0311521
-0.0320152
-0.0327749
-0.0334182
-0.0339326
-0.0343071
-0.0345326
-0.0346014
-0.0345022
-0.0342195
-0.0337446
-0.0330887
-0.0322753
-0.031319
-0.0302366
-0.0290287
-0.0276765
-0.0261965
-0.0246385
-0.0230447
-0.0214399
-0.019858
-0.0183332
-0.0168996
-0.0155896
-0.0144331
-0.0134549
-0.0126744
-0.0121034
-0.011746
-0.011598
-0.0116471
-0.011874
-0.0122536
-0.0127567
-0.0133519
-0.014007
-0.014694
-0.0153981
-0.016107
-0.0167001
-0.00762669
-0.00799585
-0.00839038
-0.00873198
-0.00904233
-0.00934583
-0.00965768
-0.00998975
-0.0103527
-0.0107558
-0.011207
-0.0117127
-0.0122783
-0.012908
-0.013605
-0.0143717
-0.0152095
-0.0161192
-0.0171005
-0.0181523
-0.0192723
-0.0204575
-0.0217034
-0.0230044
-0.0243538
-0.0257434
-0.0271639
-0.0286044
-0.0300531
-0.031497
-0.0329218
-0.0343126
-0.0356538
-0.0369291
-0.038122
-0.0392161
-0.0401951
-0.0410432
-0.0417454
-0.042288
-0.042659
-0.0428482
-0.0428466
-0.0426447
-0.0422355
-0.0416154
-0.0407872
-0.0397508
-0.0385022
-0.0370576
-0.035459
-0.0337318
-0.0318891
-0.0299364
-0.0279225
-0.0258994
-0.0239076
-0.021989
-0.0201862
-0.0185407
-0.0170904
-0.0158673
-0.0148954
-0.014189
-0.0137516
-0.0135757
-0.0136431
-0.0139265
-0.0143916
-0.0149991
-0.0157077
-0.0164803
-0.017296
-0.0181369
-0.0188507
-0.0101512
-0.0104954
-0.0108678
-0.0111979
-0.0115072
-0.0118194
-0.01215
-0.0125112
-0.0129138
-0.0133674
-0.0138803
-0.0144589
-0.015109
-0.0158349
-0.0166401
-0.0175271
-0.0184977
-0.0195525
-0.0206913
-0.0219131
-0.0232155
-0.0245951
-0.026047
-0.0275651
-0.0291418
-0.0307681
-0.0324335
-0.0341259
-0.0358321
-0.0375373
-0.0392257
-0.0408804
-0.0424838
-0.0440178
-0.0454636
-0.0468028
-0.0480168
-0.0490877
-0.049998
-0.0507315
-0.0512731
-0.0516089
-0.051727
-0.0516172
-0.0512717
-0.050684
-0.0498463
-0.0487637
-0.0474486
-0.0459223
-0.0441958
-0.0422496
-0.0401083
-0.0378288
-0.035456
-0.033018
-0.030561
-0.0281371
-0.0258008
-0.0236071
-0.0216088
-0.0198541
-0.0183834
-0.0172264
-0.0163997
-0.0159054
-0.015731
-0.01585
-0.0162246
-0.0168081
-0.0175487
-0.0183986
-0.0193285
-0.0203131
-0.0211621
-0.0128778
-0.0131891
-0.0135313
-0.0138439
-0.0141476
-0.0144651
-0.0148116
-0.0151996
-0.01564
-0.0161426
-0.0167156
-0.0173659
-0.0180992
-0.01892
-0.019832
-0.0208379
-0.0219395
-0.0231377
-0.0244322
-0.0258218
-0.0273041
-0.0288752
-0.03053
-0.0322617
-0.034062
-0.0359209
-0.0378268
-0.0397666
-0.0417253
-0.043687
-0.0456342
-0.0475483
-0.0494102
-0.0511998
-0.0528968
-0.0544811
-0.0559324
-0.057231
-0.0583581
-0.0592956
-0.0600266
-0.0605354
-0.0608079
-0.0608317
-0.0605963
-0.0600928
-0.0593146
-0.0582587
-0.0569261
-0.0553209
-0.0534533
-0.0513537
-0.0490421
-0.0465366
-0.0438579
-0.0410481
-0.0381582
-0.0352453
-0.0323722
-0.0296053
-0.0270125
-0.0246598
-0.0226071
-0.0209043
-0.019587
-0.0186737
-0.0181632
-0.0180355
-0.0182528
-0.0187626
-0.0195031
-0.0204138
-0.0214555
-0.0225927
-0.02359
-0.0157606
-0.016032
-0.0163369
-0.0166261
-0.0169192
-0.0172373
-0.0175953
-0.0180055
-0.0184791
-0.0190256
-0.0196534
-0.0203696
-0.0211798
-0.0220888
-0.0231003
-0.0242172
-0.0254413
-0.0267735
-0.0282136
-0.0297603
-0.0314109
-0.0331613
-0.0350057
-0.036937
-0.0389459
-0.0410216
-0.0431515
-0.0453213
-0.0475149
-0.0497148
-0.0519022
-0.0540573
-0.0561592
-0.0581867
-0.0601182
-0.0619321
-0.063607
-0.0651223
-0.0664578
-0.0675946
-0.0685148
-0.0692017
-0.0696402
-0.0698164
-0.0697185
-0.0693361
-0.068661
-0.0676875
-0.0664125
-0.0648358
-0.0629615
-0.0608005
-0.0583673
-0.0556811
-0.0527673
-0.049662
-0.0464108
-0.0430694
-0.0397031
-0.0363854
-0.033196
-0.0302176
-0.0275307
-0.0252087
-0.0233119
-0.0218818
-0.0209369
-0.0204706
-0.0204514
-0.0208254
-0.0215219
-0.0224677
-0.0236121
-0.0249068
-0.0260633
-0.0187471
-0.0189733
-0.0192349
-0.0194954
-0.0197724
-0.0200854
-0.0204486
-0.0208741
-0.0213728
-0.0219545
-0.0226275
-0.0233987
-0.0242742
-0.0252586
-0.0263558
-0.0275688
-0.0288995
-0.0303487
-0.0319163
-0.0336007
-0.035399
-0.0373069
-0.039318
-0.0414246
-0.0436169
-0.045883
-0.0482095
-0.050581
-0.0529802
-0.0553885
-0.0577859
-0.0601514
-0.062463
-0.0646983
-0.0668348
-0.06885
-0.0707219
-0.0724291
-0.0739511
-0.0752685
-0.076363
-0.0772178
-0.0778174
-0.0781474
-0.0781953
-0.0779498
-0.077401
-0.0765412
-0.0753641
-0.0738661
-0.0720463
-0.0699075
-0.0674567
-0.0647059
-0.0616742
-0.0583894
-0.0548898
-0.0512253
-0.0474584
-0.043664
-0.0399284
-0.0363469
-0.0330186
-0.0300413
-0.0275032
-0.0254753
-0.0240041
-0.0231056
-0.0227633
-0.0229284
-0.0235261
-0.0244717
-0.0257021
-0.0271539
-0.0284779
-0.0217816
-0.0219592
-0.0221734
-0.0224005
-0.022656
-0.0229571
-0.0233173
-0.0237483
-0.0242611
-0.0248651
-0.0255687
-0.0263791
-0.0273023
-0.0283431
-0.0295057
-0.030793
-0.0322071
-0.0337488
-0.0354179
-0.0372127
-0.0391302
-0.0411655
-0.0433122
-0.0455617
-0.0479035
-0.0503252
-0.0528124
-0.0553488
-0.0579161
-0.0604947
-0.0630637
-0.0656008
-0.0680834
-0.0704883
-0.0727922
-0.074972
-0.0770055
-0.0788709
-0.0805478
-0.0820168
-0.0832599
-0.0842607
-0.0850039
-0.0854756
-0.0856635
-0.085556
-0.085143
-0.0844154
-0.0833652
-0.0819858
-0.0802722
-0.0782217
-0.0758345
-0.073115
-0.0700734
-0.0667275
-0.0631048
-0.0592453
-0.0552027
-0.0510467
-0.0468627
-0.0427516
-0.0388258
-0.035204
-0.0320026
-0.029326
-0.0272555
-0.0258393
-0.0250865
-0.0249635
-0.0253981
-0.0262986
-0.0275905
-0.0291932
-0.0306889
-0.0248085
-0.0249367
-0.0251016
-0.0252916
-0.0255201
-0.0258018
-0.0261491
-0.0265734
-0.0270854
-0.0276947
-0.0284098
-0.0292379
-0.0301855
-0.0312577
-0.0324588
-0.0337921
-0.0352597
-0.0368626
-0.0386005
-0.0404719
-0.0424734
-0.0445999
-0.0468446
-0.0491984
-0.0516505
-0.0541875
-0.0567944
-0.0594541
-0.0621475
-0.0648541
-0.0675521
-0.0702187
-0.0728303
-0.0753632
-0.0777936
-0.0800982
-0.0822544
-0.0842407
-0.0860367
-0.0876236
-0.0889838
-0.0901016
-0.0909625
-0.0915537
-0.0918633
-0.0918806
-0.091596
-0.0910001
-0.0900845
-0.0888411
-0.0872624
-0.085342
-0.0830748
-0.0804585
-0.0774946
-0.0741905
-0.0705619
-0.0666356
-0.0624525
-0.0580706
-0.0535671
-0.04904
-0.0446064
-0.0403987
-0.0365575
-0.03322
-0.0305065
-0.0285056
-0.0272626
-0.0267711
-0.0269724
-0.0277745
-0.0290953
-0.0308366
-0.0325045
-0.0277762
-0.0278569
-0.0279731
-0.0281241
-0.0283207
-0.0285747
-0.0288976
-0.0293003
-0.0297934
-0.0303867
-0.031089
-0.0319082
-0.0328511
-0.0339236
-0.0351304
-0.0364753
-0.0379606
-0.0395878
-0.0413567
-0.0432658
-0.0453115
-0.0474889
-0.0497905
-0.0522072
-0.0547273
-0.0573373
-0.0600214
-0.0627617
-0.0655385
-0.0683308
-0.0711159
-0.0738704
-0.0765702
-0.079191
-0.0817088
-0.0841
-0.086342
-0.0884132
-0.0902938
-0.0919652
-0.0934107
-0.0946151
-0.0955652
-0.0962489
-0.0966556
-0.0967757
-0.0966005
-0.0961216
-0.0953307
-0.0942197
-0.0927801
-0.0910035
-0.0888816
-0.0864072
-0.0835749
-0.0803832
-0.0768364
-0.0729479
-0.0687437
-0.0642661
-0.0595781
-0.0547664
-0.0499433
-0.0452451
-0.0408279
-0.0368578
-0.0334927
-0.0308652
-0.029067
-0.0281315
-0.0280265
-0.0286706
-0.0299804
-0.0318417
-0.0336781
-0.0306406
-0.0306786
-0.0307496
-0.0308616
-0.0310219
-0.0312397
-0.031525
-0.0318887
-0.0323412
-0.0328929
-0.0335534
-0.0343315
-0.0352352
-0.0362713
-0.0374455
-0.0387625
-0.0402252
-0.0418352
-0.0435936
-0.0454985
-0.0475466
-0.0497327
-0.0520493
-0.0544869
-0.0570336
-0.0596753
-0.0623957
-0.0651764
-0.0679972
-0.0708362
-0.0736705
-0.0764759
-0.0792278
-0.0819017
-0.0844731
-0.0869183
-0.0892145
-0.0913403
-0.0932759
-0.0950032
-0.0965059
-0.0977696
-0.0987819
-0.0995316
-0.100009
-0.100207
-0.100116
-0.0997296
-0.099041
-0.0980423
-0.0967253
-0.0950813
-0.0931004
-0.0907725
-0.088088
-0.0850386
-0.0816198
-0.0778331
-0.07369
-0.0692163
-0.0644572
-0.0594827
-0.0543914
-0.0493125
-0.044406
-0.0398634
-0.0358743
-0.032606
-0.0302047
-0.0287576
-0.0282733
-0.0286948
-0.029947
-0.0319038
-0.0339011
-0.0333703
-0.0333754
-0.0334078
-0.0334812
-0.0336012
-0.0337739
-0.0340072
-0.0343114
-0.0346979
-0.0351777
-0.0357619
-0.0364611
-0.0372852
-0.0382427
-0.039341
-0.0405863
-0.0419831
-0.0435327
-0.0452362
-0.047094
-0.0491023
-0.0512558
-0.0535471
-0.0559663
-0.0585012
-0.0611373
-0.0638579
-0.066644
-0.0694749
-0.0723282
-0.0751804
-0.0780068
-0.0807824
-0.0834821
-0.0860811
-0.0885555
-0.0908822
-0.0930397
-0.0950082
-0.0967697
-0.0983083
-0.0996098
-0.100662
-0.101455
-0.10198
-0.10223
-0.102197
-0.101876
-0.10126
-0.100343
-0.0991184
-0.0975766
-0.0957082
-0.0935021
-0.0909464
-0.0880288
-0.0847388
-0.0810692
-0.0770195
-0.0726008
-0.0678404
-0.062789
-0.0575269
-0.0521664
-0.0468515
-0.0417861
-0.0372394
-0.0333484
-0.0303114
-0.0282908
-0.0273543
-0.0274835
-0.0286249
-0.0306469
-0.0327942
-0.0359377
-0.0359235
-0.0359318
-0.0359741
-0.0360494
-0.0361631
-0.0363249
-0.0365456
-0.0368376
-0.0372122
-0.0376815
-0.0382592
-0.0389585
-0.039791
-0.0407664
-0.0418928
-0.0431763
-0.0446207
-0.0462274
-0.0479965
-0.049925
-0.0520078
-0.0542374
-0.0566037
-0.0590941
-0.0616937
-0.0643852
-0.0671492
-0.0699643
-0.0728076
-0.0756548
-0.078481
-0.0812605
-0.0839676
-0.0865772
-0.0890648
-0.091407
-0.093582
-0.0955696
-0.0973518
-0.0989124
-0.100237
-0.101315
-0.102134
-0.102687
-0.102968
-0.102968
-0.102684
-0.10211
-0.10124
-0.100068
-0.0985861
-0.0967848
-0.0946533
-0.092179
-0.0893479
-0.086146
-0.0825607
-0.0785834
-0.0742137
-0.0694639
-0.0643665
-0.0589827
-0.0534073
-0.0477624
-0.0421954
-0.0370723
-0.0326295
-0.0289508
-0.0262979
-0.0248315
-0.0245918
-0.0255611
-0.0276119
-0.0298952
-0.0383443
-0.0383284
-0.0383269
-0.0383461
-0.0383836
-0.0384405
-0.0385211
-0.038631
-0.0387823
-0.0389978
-0.0392992
-0.0397028
-0.0402248
-0.0408802
-0.0416821
-0.042641
-0.043765
-0.0450597
-0.0465278
-0.0481698
-0.0499831
-0.0519627
-0.0541007
-0.0563867
-0.0588077
-0.0613481
-0.0639898
-0.0667129
-0.0694954
-0.0723135
-0.0751424
-0.0779563
-0.0807291
-0.0834344
-0.0860464
-0.08854
-0.0908913
-0.0930779
-0.0950791
-0.0968762
-0.0984525
-0.0997935
-0.100887
-0.101722
-0.10229
-0.102584
-0.102598
-0.102325
-0.101762
-0.100903
-0.0997405
-0.0982688
-0.0964786
-0.0943591
-0.0918979
-0.0890805
-0.0858916
-0.0823156
-0.0783394
-0.0739549
-0.069164
-0.0639846
-0.0584597
-0.0526669
-0.0467192
-0.0407472
-0.0349407
-0.0298785
-0.0255942
-0.0222596
-0.0201779
-0.0194802
-0.0202044
-0.0222401
-0.0246421
-0.0406036
-0.0406138
-0.0406294
-0.0406391
-0.0406319
-0.0406046
-0.0405639
-0.0405246
-0.0405029
-0.0405183
-0.0405973
-0.0407689
-0.0410568
-0.0414803
-0.0420564
-0.042799
-0.0437189
-0.0448232
-0.0461161
-0.0475985
-0.049268
-0.0511193
-0.0531442
-0.0553314
-0.0576672
-0.060135
-0.062716
-0.0653893
-0.0681319
-0.0709192
-0.0737256
-0.0765245
-0.0792889
-0.0819917
-0.0846063
-0.0871068
-0.0894686
-0.0916683
-0.0936844
-0.0954973
-0.0970895
-0.0984454
-0.0995517
-0.100397
-0.100971
-0.101267
-0.101276
-0.100993
-0.100412
-0.0995266
-0.0983307
-0.0968164
-0.0949747
-0.0927948
-0.0902639
-0.0873675
-0.0840894
-0.0804132
-0.0763232
-0.0718075
-0.0668615
-0.0614935
-0.0557326
-0.0496395
-0.0433139
-0.0368862
-0.03051
-0.0246261
-0.0196224
-0.0155468
-0.0127564
-0.0114948
-0.0118837
-0.0138485
-0.0163476
-0.0427567
-0.0428273
-0.0428861
-0.0428926
-0.0428289
-0.0426898
-0.0424837
-0.0422336
-0.0419694
-0.0417255
-0.0415317
-0.0414198
-0.0414198
-0.0415588
-0.0418601
-0.0423419
-0.0430183
-0.0438984
-0.0449874
-0.0462864
-0.047793
-0.049501
-0.0514014
-0.0534817
-0.055727
-0.0581194
-0.0606389
-0.0632632
-0.0659683
-0.0687285
-0.0715171
-0.0743065
-0.0770688
-0.0797759
-0.0824003
-0.0849152
-0.0872948
-0.0895149
-0.0915527
-0.0933874
-0.0950002
-0.0963742
-0.0974945
-0.098348
-0.0989234
-0.0992108
-0.0992014
-0.0988877
-0.0982615
-0.0973152
-0.0960407
-0.0944288
-0.0924691
-0.0901494
-0.0874558
-0.0843728
-0.0808834
-0.0769701
-0.0726162
-0.0678077
-0.062537
-0.0568073
-0.0506393
-0.0440809
-0.0372198
-0.0301924
-0.023174
-0.0163421
-0.0103783
-0.00544767
-0.00180043
0.000166891
0.000230379
-0.00159087
-0.00415891
-0.0448808
-0.0450679
-0.0452135
-0.0452248
-0.045082
-0.0447898
-0.0443685
-0.0438494
-0.0432741
-0.0426882
-0.0421369
-0.0416626
-0.0413059
-0.0411016
-0.0410787
-0.0412593
-0.0416598
-0.0422907
-0.0431574
-0.0442606
-0.0455967
-0.0471583
-0.0489345
-0.0509113
-0.0530717
-0.0553964
-0.0578634
-0.0604491
-0.0631278
-0.0658727
-0.0686556
-0.071448
-0.0742206
-0.0769445
-0.0795909
-0.0821321
-0.084541
-0.0867922
-0.0888615
-0.0907267
-0.0923673
-0.0937645
-0.0949015
-0.0957632
-0.0963358
-0.0966072
-0.0965659
-0.0962013
-0.0955028
-0.0944599
-0.0930613
-0.091295
-0.0891474
-0.0866036
-0.0836467
-0.0802588
-0.0764204
-0.0721122
-0.0673155
-0.0620151
-0.0562017
-0.0498763
-0.0430562
-0.0357833
-0.0281358
-0.0202429
-0.0122927
-0.00452404
0.00275426
0.00885594
0.0136056
0.0165182
0.0171992
0.0156158
0.0130141
-0.0471298
-0.0475171
-0.0478082
-0.0478271
-0.0475651
-0.0470479
-0.0463134
-0.045415
-0.044416
-0.0433827
-0.0423787
-0.0414619
-0.0406826
-0.040083
-0.0396961
-0.0395471
-0.039653
-0.0400243
-0.0406652
-0.0415746
-0.0427468
-0.0441721
-0.0458371
-0.0477253
-0.0498173
-0.0520914
-0.0545239
-0.057089
-0.0597594
-0.0625066
-0.0653012
-0.0681133
-0.0709124
-0.0736683
-0.0763513
-0.0789323
-0.0813829
-0.0836764
-0.085787
-0.0876909
-0.0893655
-0.09079
-0.0919453
-0.0928136
-0.0933782
-0.0936238
-0.0935357
-0.0930993
-0.0923004
-0.0911241
-0.0895548
-0.0875756
-0.0851683
-0.0823128
-0.0789875
-0.0751693
-0.0708342
-0.0659582
-0.0605192
-0.0544987
-0.047885
-0.0406775
-0.0328921
-0.0245691
-0.0157837
-0.00666083
0.00260777
0.0117512
0.0204313
0.0280367
0.0343179
0.0387303
0.04035
0.0391666
0.0365892
-0.0498057
-0.0505058
-0.0510027
-0.0509919
-0.0504992
-0.0496044
-0.0483907
-0.0469518
-0.0453843
-0.0437806
-0.0422246
-0.0407876
-0.0395282
-0.038493
-0.0377175
-0.0372268
-0.0370369
-0.0371556
-0.0375838
-0.0383174
-0.039347
-0.0406595
-0.0422379
-0.0440625
-0.0461111
-0.0483593
-0.0507809
-0.0533481
-0.0560318
-0.0588017
-0.061627
-0.0644761
-0.0673177
-0.0701202
-0.0728526
-0.0754845
-0.0779865
-0.0803301
-0.0824882
-0.0844349
-0.0861457
-0.0875974
-0.0887682
-0.0896373
-0.0901849
-0.0903916
-0.0902387
-0.0897072
-0.0887777
-0.08743
-0.0856425
-0.083392
-0.0806534
-0.0773995
-0.0736009
-0.0692268
-0.064245
-0.0586238
-0.0523332
-0.0453478
-0.0376499
-0.0292338
-0.0201117
-0.0103208
6.62386e-05
0.0109281
0.0220746
0.0332171
0.0439323
0.0537504
0.0617936
0.067844
0.0711929
0.0708899
0.0685249
-0.0536135
-0.0547534
-0.0554673
-0.0552741
-0.0543045
-0.0527531
-0.0507738
-0.0485375
-0.0461877
-0.043845
-0.0416175
-0.0395839
-0.0378026
-0.0363167
-0.0351566
-0.034342
-0.0338829
-0.0337801
-0.0340287
-0.0346201
-0.0355413
-0.0367746
-0.0382992
-0.0400912
-0.0421255
-0.0443748
-0.0468104
-0.0494024
-0.0521197
-0.0549304
-0.057802
-0.0607019
-0.0635971
-0.0664552
-0.069244
-0.0719319
-0.0744882
-0.076883
-0.0790876
-0.0810744
-0.0828166
-0.0842887
-0.085466
-0.0863246
-0.0868409
-0.0869915
-0.0867529
-0.0861009
-0.0850103
-0.0834542
-0.081404
-0.0788286
-0.0756941
-0.0719637
-0.0675978
-0.0625543
-0.0567894
-0.0502587
-0.0429193
-0.0347328
-0.0256685
-0.0157083
-0.00485295
0.00687072
0.0193997
0.032621
0.046352
0.0603109
0.0740806
0.0870703
0.0985082
0.107288
0.112677
0.113927
0.112185
-0.0601659
-0.0617686
-0.0624869
-0.0616333
-0.0595958
-0.0568244
-0.0536038
-0.0502178
-0.0469023
-0.0437295
-0.0407551
-0.038057
-0.0357004
-0.0337276
-0.0321641
-0.0310238
-0.0303123
-0.0300236
-0.0301389
-0.0306364
-0.0314957
-0.0326937
-0.0342026
-0.0359942
-0.0380411
-0.0403145
-0.0427837
-0.0454169
-0.0481812
-0.051043
-0.0539687
-0.0569242
-0.0598757
-0.0627896
-0.0656328
-0.0683727
-0.0709775
-0.073416
-0.0756581
-0.0776744
-0.0794363
-0.0809157
-0.0820852
-0.0829176
-0.0833856
-0.0834615
-0.0831168
-0.0823217
-0.0810445
-0.0792512
-0.0769051
-0.0739661
-0.0703902
-0.0661293
-0.0611309
-0.055339
-0.0486937
-0.0411333
-0.0325954
-0.0230201
-0.0123535
-0.000552456
0.0124092
0.0265326
0.0417843
0.0580823
0.0752766
0.0931174
0.111206
0.128932
0.14542
0.159368
0.169125
0.173334
0.172942
-0.0731996
-0.074762
-0.0745704
-0.0719171
-0.0678245
-0.0630647
-0.0580358
-0.05298
-0.0481398
-0.0437403
-0.0398133
-0.0363669
-0.0334145
-0.0309665
-0.0290244
-0.0275817
-0.0266259
-0.0261442
-0.0261217
-0.0265331
-0.0273478
-0.0285384
-0.0300664
-0.031888
-0.0339719
-0.0362886
-0.038806
-0.0414908
-0.0443086
-0.0472248
-0.0502045
-0.0532131
-0.0562158
-0.0591785
-0.0620673
-0.064849
-0.0674908
-0.0699608
-0.0722274
-0.07426
-0.0760279
-0.0775011
-0.0786496
-0.0794431
-0.0798506
-0.0798403
-0.0793789
-0.0784315
-0.0769597
-0.0749219
-0.0722735
-0.0689655
-0.0649429
-0.0601457
-0.0545074
-0.0479557
-0.0404122
-0.031793
-0.0220098
-0.010972
0.00141094
0.0152251
0.0305473
0.0474378
0.0659318
0.0860264
0.107663
0.130694
0.154833
0.179557
0.20391
0.226131
0.243356
0.253139
0.256715
-0.102174
-0.101117
-0.0966422
-0.0886774
-0.079231
-0.0702133
-0.0622501
-0.055228
-0.0489277
-0.043283
-0.0383487
-0.0341307
-0.0306065
-0.0277456
-0.0255089
-0.0238591
-0.0227661
-0.0222025
-0.0221427
-0.0225482
-0.0233615
-0.0245343
-0.0260471
-0.0278802
-0.0299976
-0.0323599
-0.0349288
-0.0376676
-0.0405397
-0.0435092
-0.0465401
-0.0495972
-0.0526454
-0.05565
-0.058577
-0.0613927
-0.0640639
-0.066558
-0.0688427
-0.070886
-0.0726561
-0.0741212
-0.0752491
-0.076007
-0.0763609
-0.0762752
-0.0757121
-0.0746317
-0.0729906
-0.0707421
-0.0678357
-0.0642127
-0.0598081
-0.0545506
-0.0483613
-0.0411521
-0.0328253
-0.0232732
-0.0123776
-9.6442e-06
0.0139698
0.0297094
0.0473663
0.0671033
0.0890856
0.113474
0.140413
0.170009
0.202275
0.237004
0.273409
0.30937
0.340797
0.363023
0.375312
-0.182088
-0.15631
-0.127316
-0.103694
-0.0863089
-0.0726681
-0.0614481
-0.0521637
-0.0444631
-0.0380297
-0.0326704
-0.028257
-0.0246959
-0.0219131
-0.0198103
-0.0183009
-0.0173484
-0.0169182
-0.0169681
-0.0174631
-0.0183825
-0.0196955
-0.0213597
-0.0233358
-0.0255853
-0.0280699
-0.0307526
-0.033597
-0.0365673
-0.0396283
-0.0427446
-0.0458817
-0.049005
-0.0520805
-0.0550743
-0.057953
-0.0606837
-0.0632333
-0.0655694
-0.0676595
-0.069471
-0.070971
-0.0721262
-0.0729026
-0.0732656
-0.0731796
-0.072609
-0.0714886
-0.0697633
-0.0674114
-0.0643826
-0.0606034
-0.0559998
-0.050494
-0.0439992
-0.0364162
-0.0276331
-0.0175229
-0.00594151
0.00727562
0.0223176
0.0394034
0.0587894
0.0807786
0.105734
0.134095
0.166399
0.203298
0.245554
0.293918
0.348715
0.409113
0.472964
0.536796
0.588882
-0.463209
-0.300667
-0.192627
-0.13519
-0.100526
-0.0765691
-0.0592233
-0.0465024
-0.0369963
-0.029725
-0.0240788
-0.0196845
-0.0162965
-0.0137367
-0.0119098
-0.0107571
-0.0101978
-0.0101604
-0.0105895
-0.0114416
-0.0126819
-0.0142768
-0.0161909
-0.0183895
-0.0208389
-0.0235055
-0.0263556
-0.0293553
-0.0324711
-0.0356692
-0.0389161
-0.0421783
-0.0454223
-0.048615
-0.0517234
-0.0547144
-0.0575555
-0.060214
-0.0626574
-0.0648529
-0.0667677
-0.0683682
-0.06962
-0.0704869
-0.0709321
-0.0709158
-0.0704569
-0.0694538
-0.0677764
-0.0654784
-0.0625153
-0.0587873
-0.0542189
-0.0487339
-0.042244
-0.0346466
-0.0258237
-0.01564
-0.003938
0.0094675
0.0247984
0.042326
0.0623898
0.0854268
0.112017
0.142953
0.179349
0.222812
0.275675
0.341261
0.42387
0.528015
0.658796
0.827564
1.0281
)
;

boundaryField
{
    movingWall
    {
        type            zeroGradient;
    }
    fixedWalls
    {
        type            zeroGradient;
    }
    frontAndBack
    {
        type            empty;
    }
}


// ************************************************************************* //
