/*--------------------------------*- C++ -*----------------------------------*\
  =========                 |
  \\      /  F ield         | OpenFOAM: The Open Source CFD Toolbox
   \\    /   O peration     | Website:  https://openfoam.org
    \\  /    A nd           | Version:  12
     \\/     M anipulation  |
\*---------------------------------------------------------------------------*/
FoamFile
{
    format      ascii;
    class       volScalarField;
    location    "2";
    object      p;
}
// * * * * * * * * * * * * * * * * * * * * * * * * * * * * * * * * * * * * * //

dimensions      [0 2 -2 0 0 0 0];

internalField   nonuniform List<scalar> 
5625
(
3.63679e-08
3.38235e-07
1.43181e-06
3.30422e-06
5.70072e-06
8.3936e-06
1.12041e-05
1.39814e-05
1.65983e-05
1.89479e-05
2.09436e-05
2.25152e-05
2.36079e-05
2.41794e-05
2.4199e-05
2.36452e-05
2.25052e-05
2.07733e-05
1.84502e-05
1.55419e-05
1.20596e-05
8.01837e-06
3.43689e-06
-1.66279e-06
-7.25593e-06
-1.33153e-05
-1.98116e-05
-2.67137e-05
-3.39887e-05
-4.16025e-05
-4.95197e-05
-5.77038e-05
-6.61176e-05
-7.4723e-05
-8.34815e-05
-9.23539e-05
-0.000101301
-0.000110282
-0.000119259
-0.000128191
-0.000137038
-0.00014576
-0.000154319
-0.000162676
-0.000170793
-0.000178631
-0.000186155
-0.000193329
-0.000200118
-0.000206491
-0.000212416
-0.000217864
-0.000222809
-0.000227226
-0.000231095
-0.000234397
-0.000237119
-0.000239251
-0.00024079
-0.000241737
-0.000242099
-0.000241892
-0.00024114
-0.000239876
-0.000238146
-0.000236007
-0.000233533
-0.000230812
-0.000227954
-0.000225087
-0.000222363
-0.000219961
-0.000218106
-0.000217052
-0.000216804
-3.45744e-06
-2.73818e-06
-1.50495e-06
1.7104e-07
2.15598e-06
4.31346e-06
6.52167e-06
8.67111e-06
1.06663e-05
1.24244e-05
1.38755e-05
1.49612e-05
1.56346e-05
1.58579e-05
1.56026e-05
1.4848e-05
1.35805e-05
1.17929e-05
9.48351e-06
6.65568e-06
3.31725e-06
-5.20041e-07
-4.84092e-06
-9.62702e-06
-1.48572e-05
-2.0508e-05
-2.65537e-05
-3.29667e-05
-3.97179e-05
-4.67765e-05
-5.41107e-05
-6.16875e-05
-6.9473e-05
-7.74327e-05
-8.55312e-05
-9.37328e-05
-0.000102001
-0.000110301
-0.000118594
-0.000126845
-0.000135017
-0.000143075
-0.000150982
-0.000158703
-0.000166204
-0.000173451
-0.000180411
-0.000187052
-0.000193345
-0.000199259
-0.000204768
-0.000209848
-0.000214475
-0.000218629
-0.000222292
-0.000225452
-0.000228096
-0.00023022
-0.000231821
-0.000232904
-0.000233476
-0.000233555
-0.000233163
-0.00023233
-0.000231098
-0.000229514
-0.000227641
-0.000225549
-0.000223322
-0.000221059
-0.000218869
-0.000216874
-0.00021521
-0.000214012
-0.000213332
-9.30436e-06
-7.8185e-06
-5.96239e-06
-4.00466e-06
-1.98756e-06
4.17824e-08
2.01538e-06
3.86272e-06
5.51968e-06
6.92846e-06
8.03851e-06
8.80594e-06
9.19418e-06
9.1732e-06
8.71966e-06
7.8161e-06
6.45081e-06
4.61718e-06
2.31339e-06
-4.58105e-07
-3.6909e-06
-7.37505e-06
-1.14974e-05
-1.6042e-05
-2.09902e-05
-2.63211e-05
-3.20117e-05
-3.80373e-05
-4.43715e-05
-5.09864e-05
-5.7853e-05
-6.49413e-05
-7.22202e-05
-7.96579e-05
-8.72221e-05
-9.48799e-05
-0.000102598
-0.000110343
-0.000118082
-0.00012578
-0.000133405
-0.000140923
-0.000148302
-0.000155509
-0.000162513
-0.000169283
-0.000175789
-0.000182003
-0.000187898
-0.000193448
-0.000198628
-0.000203417
-0.000207795
-0.000211743
-0.000215248
-0.000218298
-0.000220884
-0.000223
-0.000224647
-0.000225829
-0.000226552
-0.000226832
-0.000226687
-0.000226143
-0.000225232
-0.000223993
-0.00022247
-0.000220717
-0.000218793
-0.000216763
-0.000214698
-0.000212669
-0.000210722
-0.000208903
-0.000207466
-1.60253e-05
-1.36657e-05
-1.09853e-05
-8.47531e-06
-6.11958e-06
-3.90056e-06
-1.84929e-06
-9.20158e-09
1.5793e-06
2.87911e-06
3.85674e-06
4.48227e-06
4.73024e-06
4.5795e-06
4.01349e-06
3.01997e-06
1.59102e-06
-2.77303e-07
-2.58512e-06
-5.329e-06
-8.50223e-06
-1.20951e-05
-1.6095e-05
-2.04868e-05
-2.52533e-05
-3.03749e-05
-3.58303e-05
-4.15964e-05
-4.76488e-05
-5.39615e-05
-6.05076e-05
-6.72589e-05
-7.41868e-05
-8.12614e-05
-8.84527e-05
-9.573e-05
-0.000103062
-0.000110419
-0.000117767
-0.000125077
-0.000132318
-0.000139458
-0.000146467
-0.000153315
-0.000159973
-0.000166412
-0.000172605
-0.000178526
-0.00018415
-0.000189452
-0.000194411
-0.000199006
-0.000203219
-0.000207033
-0.000210436
-0.000213415
-0.000215963
-0.000218075
-0.000219748
-0.000220985
-0.000221791
-0.000222176
-0.000222155
-0.000221745
-0.000220969
-0.000219856
-0.000218436
-0.000216744
-0.00021482
-0.000212706
-0.000210446
-0.000208072
-0.000205571
-0.000202928
-0.000200618
-2.23854e-05
-1.91771e-05
-1.56496e-05
-1.25087e-05
-9.69933e-06
-7.15619e-06
-4.88482e-06
-2.90981e-06
-1.25393e-06
6.19869e-08
1.01864e-06
1.59826e-06
1.78561e-06
1.56805e-06
9.36045e-07
-1.16976e-07
-1.59445e-06
-3.49679e-06
-5.8215e-06
-8.56323e-06
-1.1714e-05
-1.52632e-05
-1.91982e-05
-2.35037e-05
-2.8163e-05
-3.3157e-05
-3.84653e-05
-4.4066e-05
-4.99357e-05
-5.60498e-05
-6.23828e-05
-6.89081e-05
-7.55985e-05
-8.24261e-05
-8.93623e-05
-9.63782e-05
-0.000103445
-0.000110532
-0.000117612
-0.000124653
-0.000131628
-0.000138507
-0.000145261
-0.000151863
-0.000158285
-0.000164499
-0.000170481
-0.000176206
-0.000181649
-0.000186789
-0.000191605
-0.000196076
-0.000200186
-0.000203919
-0.000207261
-0.000210201
-0.00021273
-0.000214842
-0.000216533
-0.000217802
-0.000218652
-0.000219087
-0.000219116
-0.000218751
-0.000218006
-0.000216898
-0.000215447
-0.000213673
-0.0002116
-0.000209251
-0.000206653
-0.000203814
-0.000200671
-0.000197172
-0.000194007
-2.75813e-05
-2.35982e-05
-1.92729e-05
-1.55023e-05
-1.22053e-05
-9.28252e-06
-6.72248e-06
-4.5376e-06
-2.73837e-06
-1.33354e-06
-3.3142e-07
2.60104e-07
4.34433e-07
1.8652e-07
-4.86708e-07
-1.58629e-06
-3.11105e-06
-5.0576e-06
-7.42035e-06
-1.01915e-05
-1.33612e-05
-1.69175e-05
-2.08465e-05
-2.51328e-05
-2.9759e-05
-3.47062e-05
-3.99542e-05
-4.54815e-05
-5.12654e-05
-5.7282e-05
-6.35068e-05
-6.99142e-05
-7.64779e-05
-8.31713e-05
-8.99671e-05
-9.68376e-05
-0.000103755
-0.000110691
-0.000117618
-0.000124508
-0.000131333
-0.000138065
-0.000144676
-0.000151141
-0.000157433
-0.000163527
-0.000169396
-0.000175019
-0.000180372
-0.000185433
-0.000190181
-0.000194599
-0.000198668
-0.000202373
-0.000205699
-0.000208635
-0.00021117
-0.000213295
-0.000215005
-0.000216297
-0.000217168
-0.000217619
-0.000217653
-0.000217276
-0.000216493
-0.000215315
-0.00021375
-0.000211808
-0.000209501
-0.000206841
-0.000203841
-0.000200494
-0.000196701
-0.000192387
-0.000188432
-3.10681e-05
-2.6397e-05
-2.135e-05
-1.69904e-05
-1.32193e-05
-9.9118e-06
-7.0458e-06
-4.62597e-06
-2.65443e-06
-1.13126e-06
-5.64309e-08
5.69914e-07
7.48265e-07
4.80005e-07
-2.32219e-07
-1.38439e-06
-2.97094e-06
-4.9847e-06
-7.41685e-06
-1.02569e-05
-1.34928e-05
-1.71108e-05
-2.10958e-05
-2.54309e-05
-3.00984e-05
-3.50787e-05
-4.03514e-05
-4.5895e-05
-5.16869e-05
-5.77036e-05
-6.3921e-05
-7.0314e-05
-7.68571e-05
-8.35244e-05
-9.02893e-05
-9.71252e-05
-0.000104005
-0.000110902
-0.000117788
-0.000124637
-0.000131422
-0.000138116
-0.000144693
-0.000151126
-0.00015739
-0.000163461
-0.000169314
-0.000174926
-0.000180275
-0.000185338
-0.000190097
-0.000194531
-0.000198622
-0.000202355
-0.000205714
-0.000208685
-0.000211257
-0.00021342
-0.000215164
-0.000216483
-0.000217372
-0.000217826
-0.000217845
-0.000217428
-0.000216575
-0.000215287
-0.000213568
-0.000211419
-0.000208842
-0.000205843
-0.000202426
-0.000198573
-0.000194163
-0.000189098
-0.000184432
-3.24532e-05
-2.71785e-05
-2.14919e-05
-1.66016e-05
-1.23954e-05
-8.72907e-06
-5.57314e-06
-2.92752e-06
-7.88682e-07
8.49629e-07
1.99368e-06
2.64943e-06
2.82308e-06
2.52142e-06
1.75202e-06
5.23424e-07
-1.15477e-06
-3.27177e-06
-5.81562e-06
-8.77308e-06
-1.21297e-05
-1.58698e-05
-1.99765e-05
-2.44318e-05
-2.92167e-05
-3.43108e-05
-3.96933e-05
-4.53421e-05
-5.12345e-05
-5.7347e-05
-6.36554e-05
-7.01349e-05
-7.67604e-05
-8.35062e-05
-9.03464e-05
-9.72547e-05
-0.000104205
-0.00011117
-0.000118124
-0.00012504
-0.000131891
-0.000138653
-0.000145298
-0.000151801
-0.000158138
-0.000164283
-0.000170213
-0.000175905
-0.000181336
-0.000186484
-0.000191329
-0.000195851
-0.000200031
-0.000203852
-0.000207298
-0.000210352
-0.000213003
-0.000215236
-0.000217041
-0.000218408
-0.000219328
-0.000219794
-0.000219799
-0.000219338
-0.000218407
-0.000217002
-0.000215119
-0.000212755
-0.000209906
-0.00020657
-0.00020275
-0.00019842
-0.000193438
-0.000187694
-0.000182393
-3.14314e-05
-2.56298e-05
-1.9384e-05
-1.40284e-05
-9.44017e-06
-5.45939e-06
-2.05131e-06
7.87253e-07
3.0639e-06
4.78961e-06
5.97551e-06
6.63242e-06
6.77126e-06
6.40338e-06
5.54062e-06
4.19556e-06
2.38147e-06
1.12513e-07
-2.59631e-06
-5.72906e-06
-9.26889e-06
-1.3198e-05
-1.74978e-05
-2.21486e-05
-2.71302e-05
-3.24213e-05
-3.8e-05
-4.38437e-05
-4.99291e-05
-5.62325e-05
-6.27294e-05
-6.93951e-05
-7.62043e-05
-8.31315e-05
-9.01509e-05
-9.72365e-05
-0.000104362
-0.000111501
-0.000118628
-0.000125716
-0.00013274
-0.000139672
-0.000146488
-0.000153163
-0.00015967
-0.000165987
-0.000172087
-0.000177949
-0.00018355
-0.000188866
-0.000193877
-0.000198562
-0.000202902
-0.000206877
-0.000210469
-0.000213663
-0.000216442
-0.00021879
-0.000220696
-0.000222144
-0.000223124
-0.000223625
-0.000223637
-0.00022315
-0.000222156
-0.000220647
-0.000218614
-0.00021605
-0.000212945
-0.000209296
-0.000205103
-0.000200334
-0.000194831
-0.000188475
-0.000182604
-2.77414e-05
-2.14826e-05
-1.47544e-05
-9.00187e-06
-4.09308e-06
1.45477e-07
3.75273e-06
6.73425e-06
9.10078e-06
1.08671e-05
1.20484e-05
1.26595e-05
1.27155e-05
1.22315e-05
1.12234e-05
9.70713e-06
7.69954e-06
5.2179e-06
2.2801e-06
-1.09525e-06
-4.88895e-06
-9.08108e-06
-1.36511e-05
-1.85779e-05
-2.38396e-05
-2.94138e-05
-3.52777e-05
-4.14077e-05
-4.778e-05
-5.43701e-05
-6.11534e-05
-6.81046e-05
-7.51984e-05
-8.24092e-05
-8.97109e-05
-9.70777e-05
-0.000104483
-0.000111901
-0.000119306
-0.000126671
-0.00013397
-0.000141176
-0.000148266
-0.000155212
-0.000161989
-0.000168574
-0.00017494
-0.000181065
-0.000186924
-0.000192496
-0.000197756
-0.000202684
-0.000207259
-0.000211461
-0.000215269
-0.000218665
-0.000221632
-0.000224151
-0.000226207
-0.000227784
-0.000228867
-0.000229443
-0.000229497
-0.000229018
-0.000227992
-0.000226408
-0.000224255
-0.000221521
-0.000218194
-0.000214267
-0.000209739
-0.000204575
-0.000198603
-0.000191694
-0.000185307
-2.11376e-05
-1.44868e-05
-7.35098e-06
-1.27251e-06
3.88888e-06
8.31894e-06
1.20605e-05
1.51212e-05
1.75147e-05
1.92592e-05
2.03734e-05
2.08759e-05
2.07852e-05
2.01204e-05
1.89004e-05
1.7145e-05
1.48738e-05
1.21074e-05
8.86634e-06
5.17178e-06
1.04528e-06
-3.49111e-06
-8.415e-06
-1.37035e-05
-1.93333e-05
-2.52808e-05
-3.15219e-05
-3.80322e-05
-4.4787e-05
-5.17613e-05
-5.89297e-05
-6.62666e-05
-7.37464e-05
-8.1343e-05
-8.90304e-05
-9.67821e-05
-0.000104572
-0.000112374
-0.000120161
-0.000127907
-0.000135585
-0.00014317
-0.000150635
-0.000157955
-0.000165103
-0.000172055
-0.000178785
-0.000185268
-0.00019148
-0.000197397
-0.000202995
-0.000208252
-0.000213145
-0.000217652
-0.000221752
-0.000225423
-0.000228646
-0.000231402
-0.000233671
-0.000235435
-0.000236677
-0.000237379
-0.000237526
-0.0002371
-0.000236088
-0.000234474
-0.000232243
-0.000229381
-0.000225874
-0.000221713
-0.000216895
-0.000211381
-0.000204989
-0.00019758
-0.000190725
-1.13709e-05
-4.39221e-06
3.07525e-06
9.40433e-06
1.47433e-05
1.92893e-05
2.30892e-05
2.61529e-05
2.84971e-05
3.01433e-05
3.11136e-05
3.14301e-05
3.1115e-05
3.01906e-05
2.86793e-05
2.66041e-05
2.39878e-05
2.08537e-05
1.72251e-05
1.31257e-05
8.57931e-06
3.61014e-06
-1.75756e-06
-7.49918e-06
-1.359e-05
-2.0005e-05
-2.6719e-05
-3.37065e-05
-4.09421e-05
-4.83998e-05
-5.60539e-05
-6.38781e-05
-7.18463e-05
-7.9932e-05
-8.81089e-05
-9.63503e-05
-0.00010463
-0.00011292
-0.000121195
-0.000129428
-0.000137592
-0.00014566
-0.000153606
-0.000161403
-0.000169025
-0.000176446
-0.00018364
-0.000190581
-0.000197244
-0.000203603
-0.000209633
-0.00021531
-0.000220611
-0.00022551
-0.000229985
-0.000234013
-0.000237572
-0.00024064
-0.000243195
-0.000245216
-0.000246683
-0.000247577
-0.000247877
-0.000247566
-0.000246624
-0.000245035
-0.00024278
-0.000239842
-0.000236206
-0.00023186
-0.0002268
-0.000220985
-0.00021422
-0.00020636
-0.000199076
1.82447e-06
9.06349e-06
1.67814e-05
2.32785e-05
2.87111e-05
3.32871e-05
3.70577e-05
4.00357e-05
4.22409e-05
4.36986e-05
4.44343e-05
4.44739e-05
4.38429e-05
4.25673e-05
4.06727e-05
3.81853e-05
3.51309e-05
3.15357e-05
2.74257e-05
2.28271e-05
1.77658e-05
1.22682e-05
6.36038e-06
6.85559e-08
-6.58106e-06
-1.35621e-05
-2.08483e-05
-2.84132e-05
-3.62304e-05
-4.42733e-05
-5.25154e-05
-6.093e-05
-6.94905e-05
-7.81699e-05
-8.69415e-05
-9.57782e-05
-0.000104653
-0.000113539
-0.000122409
-0.000131236
-0.000139993
-0.000148651
-0.000157185
-0.000165567
-0.00017377
-0.000181766
-0.00018953
-0.000197033
-0.000204249
-0.000211152
-0.000217715
-0.000223912
-0.000229717
-0.000235104
-0.000240048
-0.000244524
-0.000248507
-0.000251972
-0.000254897
-0.000257256
-0.000259028
-0.000260189
-0.000260717
-0.00026059
-0.000259787
-0.000258288
-0.000256073
-0.000253121
-0.000249413
-0.000244938
-0.000239689
-0.000233624
-0.000226534
-0.000218266
-0.000210592
1.8739e-05
2.61631e-05
3.40403e-05
4.06121e-05
4.60426e-05
5.05499e-05
5.41902e-05
5.69798e-05
5.89425e-05
6.01072e-05
6.05036e-05
6.01614e-05
5.91097e-05
5.73781e-05
5.49958e-05
5.19921e-05
4.83959e-05
4.42362e-05
3.95417e-05
3.43409e-05
2.86621e-05
2.25335e-05
1.59829e-05
9.03842e-06
1.72746e-06
-5.92235e-06
-1.38837e-05
-2.21291e-05
-3.06315e-05
-3.93636e-05
-4.82982e-05
-5.74082e-05
-6.66664e-05
-7.60456e-05
-8.55185e-05
-9.50578e-05
-0.000104636
-0.000114226
-0.0001238
-0.00013333
-0.000142789
-0.000152149
-0.000161381
-0.000170458
-0.000179352
-0.000188034
-0.000196477
-0.000204653
-0.000212532
-0.000220087
-0.000227291
-0.000234114
-0.000240529
-0.000246508
-0.000252024
-0.000257048
-0.000261555
-0.000265516
-0.000268905
-0.000271695
-0.000273862
-0.000275378
-0.000276218
-0.000276359
-0.000275775
-0.000274442
-0.000272339
-0.000269443
-0.000265731
-0.000261189
-0.00025581
-0.000249548
-0.000242183
-0.000233554
-0.000225522
3.96938e-05
4.72152e-05
5.51454e-05
6.16834e-05
6.70007e-05
7.13251e-05
7.47183e-05
7.72012e-05
7.88019e-05
7.95539e-05
7.94913e-05
7.86478e-05
7.70567e-05
7.47514e-05
7.17645e-05
6.81288e-05
6.38762e-05
5.90387e-05
5.36474e-05
4.77333e-05
4.13269e-05
3.44582e-05
2.71567e-05
1.9452e-05
1.13727e-05
2.94764e-06
-5.79498e-06
-1.4827e-05
-2.41205e-05
-3.36477e-05
-4.33811e-05
-5.32929e-05
-6.33559e-05
-7.35423e-05
-8.38247e-05
-9.41754e-05
-0.000104567
-0.000114971
-0.00012536
-0.000135705
-0.000145978
-0.000156151
-0.000166196
-0.000176083
-0.000185783
-0.000195267
-0.000204506
-0.00021347
-0.000222128
-0.000230452
-0.000238412
-0.000245977
-0.000253117
-0.000259802
-0.000266002
-0.000271688
-0.000276828
-0.000281393
-0.000285354
-0.000288681
-0.000291344
-0.000293316
-0.000294566
-0.000295068
-0.000294794
-0.000293717
-0.00029181
-0.000289049
-0.000285408
-0.000280871
-0.000275428
-0.000269028
-0.000261442
-0.000252499
-0.000244149
6.50431e-05
7.25563e-05
8.04128e-05
8.67886e-05
9.18622e-05
9.58704e-05
9.8881e-05
0.00010092
0.000102022
0.000102224
0.000101567
0.000100087
9.78234e-05
9.48128e-05
9.10918e-05
8.66967e-05
8.16626e-05
7.60241e-05
6.98152e-05
6.30691e-05
5.58181e-05
4.80942e-05
3.99284e-05
3.13514e-05
2.23932e-05
1.30832e-05
3.45053e-06
-6.47612e-06
-1.66684e-05
-2.70983e-05
-3.77378e-05
-4.85591e-05
-5.95347e-05
-7.06368e-05
-8.18377e-05
-9.31096e-05
-0.000104425
-0.000115755
-0.000127071
-0.000138346
-0.00014955
-0.000160654
-0.000171629
-0.000182445
-0.000193071
-0.000203478
-0.000213634
-0.000223509
-0.000233071
-0.000242288
-0.000251128
-0.00025956
-0.00026755
-0.000275066
-0.000282076
-0.000288545
-0.000294442
-0.000299733
-0.000304386
-0.000308367
-0.000311644
-0.000314184
-0.000315956
-0.000316928
-0.000317068
-0.000316346
-0.000314732
-0.000312198
-0.000308715
-0.000304262
-0.000298829
-0.00029236
-0.000284613
-0.000275412
-0.000266784
9.51756e-05
0.000102552
0.000110181
0.000116241
0.000120917
0.000124452
0.000126923
0.000128361
0.000128806
0.000128303
0.000126896
0.000124629
0.000121544
0.000117682
0.000113085
0.000107791
0.000101839
9.52677e-05
8.8112e-05
8.04077e-05
7.21892e-05
6.34898e-05
5.4342e-05
4.47773e-05
3.48265e-05
2.45198e-05
1.38867e-05
2.95604e-06
-8.24361e-06
-1.96841e-05
-3.13375e-05
-4.31762e-05
-5.51727e-05
-6.72992e-05
-7.95283e-05
-9.18321e-05
-0.000104183
-0.000116552
-0.000128911
-0.000141232
-0.000153484
-0.000165639
-0.000177666
-0.000189534
-0.000201212
-0.000212669
-0.000223872
-0.000234789
-0.000245386
-0.00025563
-0.000265486
-0.00027492
-0.000283896
-0.00029238
-0.000300335
-0.000307726
-0.000314516
-0.000320669
-0.000326148
-0.000330916
-0.000334938
-0.000338176
-0.000340595
-0.000342159
-0.000342832
-0.000342581
-0.000341371
-0.000339168
-0.000335942
-0.000331668
-0.000326331
-0.00031987
-0.000312034
-0.000302636
-0.000293779
0.000130513
0.000137593
0.000144809
0.00015037
0.000154464
0.000157343
0.00015909
0.000159744
0.000159352
0.000157966
0.000155637
0.000152412
0.000148341
0.000143468
0.000137838
0.000131495
0.00012448
0.000116834
0.000108595
9.98001e-05
9.04858e-05
8.06866e-05
7.04357e-05
5.97656e-05
4.87072e-05
3.72912e-05
2.55468e-05
1.3503e-05
1.18791e-06
-1.13705e-05
-2.41449e-05
-3.71079e-05
-5.02326e-05
-6.34917e-05
-7.68581e-05
-9.03042e-05
-0.000103803
-0.000117325
-0.000130843
-0.000144328
-0.000157749
-0.000171078
-0.000184282
-0.000197331
-0.000210193
-0.000222833
-0.00023522
-0.000247317
-0.000259091
-0.000270504
-0.000281521
-0.000292105
-0.000302216
-0.000311818
-0.00032087
-0.000329333
-0.000337168
-0.000344333
-0.000350789
-0.000356495
-0.000361409
-0.000365491
-0.0003687
-0.000370997
-0.00037234
-0.000372691
-0.000372011
-0.000370262
-0.000367407
-0.000363419
-0.000358278
-0.000351917
-0.000344075
-0.000334555
-0.000325528
0.000171505
0.000178097
0.000184673
0.000189512
0.000192808
0.000194815
0.000195623
0.000195283
0.000193849
0.00019138
0.000187933
0.000183562
0.000178321
0.000172261
0.00016543
0.000157875
0.000149641
0.000140771
0.000131306
0.000121283
0.000110741
9.97151e-05
8.82388e-05
7.63448e-05
6.4064e-05
5.14267e-05
3.84618e-05
2.51975e-05
1.16611e-05
-2.12015e-06
-1.612e-05
-3.03119e-05
-4.46699e-05
-5.91676e-05
-7.37787e-05
-8.84764e-05
-0.000103234
-0.000118023
-0.000132816
-0.000147584
-0.000162298
-0.000176926
-0.000191438
-0.000205801
-0.000219982
-0.000233947
-0.000247661
-0.000261087
-0.000274188
-0.000286926
-0.000299261
-0.000311154
-0.000322563
-0.000333447
-0.000343762
-0.000353466
-0.000362514
-0.000370862
-0.000378463
-0.000385274
-0.000391248
-0.000396339
-0.000400502
-0.000403691
-0.00040586
-0.000406964
-0.000406961
-0.000405805
-0.000403456
-0.000399878
-0.00039505
-0.000388898
-0.000381148
-0.000371598
-0.00036247
0.000218628
0.000224493
0.000230154
0.000234007
0.000236248
0.00023713
0.000236752
0.000235176
0.000232465
0.000228686
0.000223903
0.000218177
0.000211566
0.000204128
0.000195913
0.000186974
0.000177357
0.000167106
0.000156266
0.000144875
0.000132971
0.000120591
0.000107767
9.4532e-05
8.09164e-05
6.69492e-05
5.2658e-05
3.80699e-05
2.32108e-05
8.10624e-06
-7.21895e-06
-2.27399e-05
-3.8432e-05
-5.42705e-05
-7.02302e-05
-8.62858e-05
-0.000102411
-0.00011858
-0.000134764
-0.000150935
-0.000167065
-0.000183121
-0.000199073
-0.000214888
-0.000230532
-0.000245968
-0.000261161
-0.000276072
-0.000290662
-0.00030489
-0.000318714
-0.000332091
-0.000344976
-0.000357323
-0.000369085
-0.000380216
-0.000390665
-0.000400384
-0.000409322
-0.000417428
-0.000424651
-0.000430939
-0.000436241
-0.000440504
-0.000443677
-0.00044571
-0.000446551
-0.000446151
-0.000444462
-0.000441443
-0.000437065
-0.000431249
-0.000423709
-0.000414237
-0.000405096
0.000272369
0.00027722
0.000281635
0.000284186
0.000285069
0.000284531
0.000282681
0.000279592
0.000275338
0.000269994
0.000263632
0.00025632
0.000248122
0.000239098
0.000229307
0.000218799
0.000207626
0.000195835
0.000183468
0.000170566
0.000157167
0.000143306
0.000129016
0.000114328
9.92703e-05
8.38703e-05
6.81538e-05
5.21456e-05
3.58694e-05
1.93483e-05
2.60496e-06
-1.43381e-05
-3.14585e-05
-4.87336e-05
-6.61404e-05
-8.36552e-05
-0.000101254
-0.00011891
-0.000136599
-0.000154292
-0.000171961
-0.000189576
-0.000207104
-0.000224512
-0.000241766
-0.000258828
-0.000275661
-0.000292224
-0.000308476
-0.000324373
-0.00033987
-0.00035492
-0.000369475
-0.000383485
-0.000396899
-0.000409663
-0.000421723
-0.000433026
-0.000443513
-0.000453129
-0.000461815
-0.000469514
-0.000476166
-0.000481713
-0.000486096
-0.000489257
-0.000491139
-0.000491683
-0.000490834
-0.000488545
-0.000484779
-0.000479449
-0.000472261
-0.000462998
-0.000453949
0.000333221
0.000336709
0.000339481
0.000340357
0.000339526
0.000337225
0.000333573
0.000328656
0.000322559
0.000315366
0.000307157
0.000298007
0.000287984
0.000277155
0.00026558
0.000253313
0.000240408
0.000226911
0.000212866
0.000198312
0.000183288
0.000167826
0.000151958
0.000135711
0.000119112
0.000102186
8.49551e-05
6.74407e-05
4.96635e-05
3.16433e-05
1.33995e-05
-5.04869e-06
-2.36819e-05
-4.24806e-05
-6.14243e-05
-8.04922e-05
-9.96621e-05
-0.000118911
-0.000138214
-0.000157544
-0.000176875
-0.000196177
-0.000215418
-0.000234565
-0.000253581
-0.00027243
-0.000291072
-0.000309464
-0.000327563
-0.000345321
-0.000362691
-0.000379622
-0.000396061
-0.000411954
-0.000427243
-0.000441871
-0.000455778
-0.000468902
-0.00048118
-0.000492548
-0.000502941
-0.000512293
-0.000520537
-0.000527608
-0.000533437
-0.000537958
-0.000541105
-0.000542811
-0.000543013
-0.000541655
-0.000538692
-0.000534027
-0.000527359
-0.000518463
-0.000509633
0.00040166
0.000403368
0.000404025
0.000402785
0.000399827
0.000395367
0.000389536
0.000382433
0.000374156
0.000364799
0.000354448
0.000343186
0.000331086
0.000318217
0.000304643
0.000290421
0.000275602
0.000260236
0.000244363
0.000228023
0.000211251
0.000194076
0.000176527
0.000158628
0.000140403
0.00012187
0.000103049
8.39569e-05
6.46093e-05
4.50219e-05
2.52095e-05
5.18717e-06
-1.50301e-05
-3.54265e-05
-5.59855e-05
-7.66896e-05
-9.75198e-05
-0.000118456
-0.000139475
-0.000160554
-0.000181666
-0.000202783
-0.000223874
-0.000244906
-0.000265842
-0.000286645
-0.000307272
-0.00032768
-0.000347823
-0.00036765
-0.000387109
-0.000406147
-0.000424704
-0.000442722
-0.000460137
-0.000476886
-0.000492901
-0.000508114
-0.000522454
-0.000535849
-0.000548225
-0.000559507
-0.000569621
-0.000578489
-0.000586036
-0.000592185
-0.000596858
-0.000599982
-0.00060148
-0.000601288
-0.000599351
-0.000595563
-0.000589613
-0.000581274
-0.000572817
0.000478125
0.00047756
0.000475543
0.000471672
0.000466105
0.000459033
0.000450593
0.000440903
0.000430071
0.000418202
0.000405389
0.000391719
0.000377272
0.000362119
0.000346325
0.000329947
0.000313037
0.000295641
0.000277799
0.000259546
0.000240914
0.000221928
0.000202611
0.000182984
0.000163063
0.000142863
0.000122395
0.000101673
8.0705e-05
5.95014e-05
3.80713e-05
1.64241e-05
-5.43066e-06
-2.74822e-05
-4.97189e-05
-7.21278e-05
-9.46941e-05
-0.000117401
-0.00014023
-0.000163159
-0.000186165
-0.000209221
-0.000232297
-0.000255361
-0.000278376
-0.000301304
-0.000324101
-0.000346722
-0.000369118
-0.000391236
-0.000413019
-0.000434408
-0.000455341
-0.000475751
-0.00049557
-0.000514725
-0.000533143
-0.000550746
-0.000567454
-0.000583187
-0.000597861
-0.00061139
-0.000623689
-0.000634672
-0.000644249
-0.000652333
-0.000658836
-0.000663672
-0.000666753
-0.000668003
-0.000667354
-0.000664691
-0.000659696
-0.00065214
-0.000644239
0.000562994
0.00055957
0.000554224
0.00054712
0.000538393
0.000528191
0.000516659
0.000503932
0.000490132
0.00047537
0.000459748
0.000443358
0.000426281
0.000408591
0.000390351
0.000371619
0.000352444
0.000332867
0.000312926
0.00029265
0.000272063
0.000251187
0.000230037
0.000208626
0.000186964
0.000165058
0.000142913
0.000120532
9.79191e-05
7.50751e-05
5.20024e-05
2.87034e-05
5.18072e-06
-1.85614e-05
-4.25175e-05
-6.66803e-05
-9.10404e-05
-0.000115586
-0.000140302
-0.000165172
-0.000190175
-0.000215285
-0.000240477
-0.000265717
-0.000290971
-0.000316199
-0.000341357
-0.000366398
-0.000391269
-0.000415914
-0.000440273
-0.000464281
-0.00048787
-0.000510968
-0.000533497
-0.000555377
-0.000576527
-0.000596858
-0.000616281
-0.000634705
-0.000652033
-0.000668171
-0.000683018
-0.000696477
-0.000708444
-0.000718821
-0.000727505
-0.000734396
-0.000739394
-0.000742407
-0.000743355
-0.000742109
-0.00073835
-0.000731845
-0.000724721
0.000656539
0.00064957
0.000640132
0.000629104
0.000616585
0.000602667
0.000587501
0.000571239
0.000554016
0.000535951
0.00051715
0.000497709
0.00047771
0.000457225
0.000436317
0.00041504
0.000393436
0.000371543
0.00034939
0.000326999
0.000304387
0.000281567
0.000258544
0.000235324
0.000211905
0.000188286
0.000164462
0.000140427
0.000116175
9.16974e-05
6.69876e-05
4.20396e-05
1.68475e-05
-8.59228e-06
-3.42826e-05
-6.02233e-05
-8.64116e-05
-0.000112842
-0.000139505
-0.000166388
-0.000193475
-0.000220745
-0.000248172
-0.000275728
-0.000303377
-0.000331081
-0.000358794
-0.000386468
-0.000414047
-0.000441472
-0.000468678
-0.000495594
-0.000522146
-0.000548254
-0.000573833
-0.000598793
-0.000623042
-0.000646482
-0.000669011
-0.000690525
-0.000710916
-0.000730074
-0.000747885
-0.000764236
-0.00077901
-0.000792091
-0.000803363
-0.000812708
-0.000820011
-0.000825164
-0.00082807
-0.000828586
-0.000826392
-0.000821256
-0.000815169
0.000758888
0.000747577
0.000733164
0.00071742
0.000700393
0.000682101
0.000662697
0.000642353
0.000621214
0.000599405
0.000577035
0.0005542
0.00053098
0.000507446
0.000483655
0.000459651
0.000435473
0.000411148
0.000386695
0.000362127
0.000337449
0.000312663
0.000287763
0.000262742
0.000237588
0.000212286
0.00018682
0.000161173
0.000135326
0.00010926
8.29575e-05
5.63997e-05
2.95734e-05
2.46456e-06
-2.49412e-05
-5.26515e-05
-8.06719e-05
-0.000109004
-0.000137647
-0.000166593
-0.000195832
-0.000225347
-0.000255117
-0.000285116
-0.00031531
-0.000345662
-0.000376125
-0.00040665
-0.000437179
-0.000467649
-0.00049799
-0.000528126
-0.000557974
-0.000587447
-0.00061645
-0.000644883
-0.000672643
-0.000699618
-0.000725693
-0.000750751
-0.000774666
-0.000797315
-0.000818565
-0.000838288
-0.000856347
-0.000872609
-0.000886939
-0.000899202
-0.000909262
-0.000916995
-0.000922281
-0.000924963
-0.000924723
-0.000921332
-0.000916592
0.000869969
0.000853396
0.000832996
0.000811634
0.000789293
0.000765894
0.000741588
0.000716565
0.000690979
0.000664959
0.000638613
0.000612033
0.000585297
0.000558465
0.000531587
0.000504698
0.000477824
0.000450979
0.000424171
0.000397398
0.000370651
0.000343917
0.000317176
0.000290407
0.000263582
0.000236672
0.000209648
0.000182476
0.000155125
0.000127562
9.97557e-05
7.1676e-05
4.32956e-05
1.45867e-05
-1.44734e-05
-4.39041e-05
-7.37215e-05
-0.000103937
-0.000134557
-0.000165584
-0.000197013
-0.000228835
-0.000261033
-0.000293585
-0.00032646
-0.000359621
-0.000393026
-0.00042662
-0.000460346
-0.000494137
-0.000527916
-0.000561603
-0.000595107
-0.00062833
-0.000661168
-0.00069351
-0.000725237
-0.000756225
-0.000786343
-0.000815456
-0.000843422
-0.000870097
-0.000895332
-0.000918975
-0.000940871
-0.000960865
-0.000978799
-0.000994517
-0.00100786
-0.00101869
-0.00102685
-0.00103217
-0.00103434
-0.00103314
-0.00103011
0.00098944
0.000966553
0.000939012
0.000911016
0.000882462
0.000853146
0.000823214
0.000792868
0.000762272
0.000731551
0.000700811
0.000670135
0.000639592
0.00060923
0.000579084
0.000549176
0.000519516
0.000490101
0.000460921
0.000431957
0.000403183
0.000374567
0.000346071
0.000317657
0.000289278
0.000260889
0.000232443
0.000203889
0.00017518
0.000146266
0.000117101
8.76385e-05
5.7836e-05
2.76528e-05
-2.94813e-06
-3.39995e-05
-6.55296e-05
-9.75618e-05
-0.000130114
-0.000163197
-0.000196817
-0.000230971
-0.00026565
-0.000300836
-0.000336506
-0.000372623
-0.000409146
-0.000446022
-0.000483191
-0.000520583
-0.000558117
-0.000595704
-0.000633247
-0.000670638
-0.000707759
-0.000744488
-0.000780689
-0.000816223
-0.00085094
-0.000884685
-0.000917298
-0.00094861
-0.000978451
-0.00100664
-0.00103301
-0.00105737
-0.00107954
-0.00109934
-0.00111658
-0.0011311
-0.00114271
-0.00115123
-0.00115635
-0.00115786
-0.00115698
0.00111661
0.00108622
0.00105023
0.00101447
0.000978705
0.000942588
0.000906244
0.00086989
0.00083369
0.000797766
0.000762209
0.000727092
0.000692466
0.000658363
0.000624798
0.000591773
0.000559276
0.000527283
0.000495763
0.000464673
0.000433967
0.000403589
0.000373482
0.000343584
0.000313829
0.000284151
0.00025448
0.00022475
0.000194892
0.000164837
0.000134522
0.000103881
7.28551e-05
4.13863e-05
9.42139e-06
-2.30881e-05
-5.61857e-05
-8.99088e-05
-0.000124289
-0.000159349
-0.000195107
-0.000231571
-0.00026874
-0.000306605
-0.000345146
-0.000384335
-0.000424132
-0.000464485
-0.000505334
-0.000546604
-0.000588213
-0.000630064
-0.00067205
-0.000714052
-0.000755941
-0.000797578
-0.000838811
-0.000879482
-0.000919419
-0.000958447
-0.000996378
-0.00103302
-0.00106818
-0.00110164
-0.00113321
-0.00116267
-0.00118981
-0.00121441
-0.00123627
-0.00125517
-0.00127091
-0.00128328
-0.00129198
-0.00129682
-0.00129858
0.00125035
0.0012111
0.00116523
0.00112043
0.00107637
0.00103249
0.000988899
0.000945814
0.000903397
0.000861757
0.000820966
0.000781077
0.000742116
0.000704092
0.000666994
0.000630796
0.000595459
0.000560934
0.000527158
0.000494066
0.000461581
0.000429624
0.000398112
0.000366957
0.000336069
0.000305358
0.000274733
0.000244102
0.000213376
0.000182464
0.000151282
0.000119743
8.77674e-05
5.52783e-05
2.22029e-05
-1.15258e-05
-4.59695e-05
-8.11828e-05
-0.000117213
-0.000154101
-0.000191877
-0.000230562
-0.00027017
-0.000310699
-0.000352141
-0.000394473
-0.00043766
-0.000481654
-0.000526396
-0.00057181
-0.000617807
-0.000664287
-0.000711132
-0.000758213
-0.000805386
-0.000852494
-0.000899368
-0.000945826
-0.000991675
-0.00103671
-0.00108072
-0.00112348
-0.00116476
-0.00120432
-0.00124193
-0.00127733
-0.00131028
-0.00134053
-0.00136783
-0.00139193
-0.00141259
-0.00142957
-0.00144259
-0.00145148
-0.0014565
0.00138898
0.00133938
0.00128199
0.00122679
0.00117325
0.00112059
0.00106886
0.00101829
0.000969029
0.000921161
0.000874732
0.000829763
0.000786248
0.000744163
0.000703462
0.000664086
0.000625961
0.000589003
0.000553119
0.000518208
0.000484164
0.000450878
0.000418234
0.000386119
0.000354414
0.000323002
0.000291766
0.00026059
0.000229357
0.000197954
0.000166272
0.000134201
0.000101639
6.84849e-05
3.46442e-05
2.75693e-08
-3.54477e-05
-7.18575e-05
-0.000109269
-0.000147743
-0.000187327
-0.00022806
-0.000269971
-0.000313073
-0.000357371
-0.00040285
-0.000449486
-0.000497235
-0.000546042
-0.00059583
-0.00064651
-0.000697973
-0.000750095
-0.000802734
-0.00085573
-0.000908909
-0.00096208
-0.00101504
-0.00106756
-0.00111941
-0.00117034
-0.0012201
-0.00126842
-0.00131502
-0.00135963
-0.00140194
-0.00144168
-0.00147855
-0.00151225
-0.0015425
-0.001569
-0.00159148
-0.0016097
-0.00162349
-0.00163248
0.00153014
0.00146853
0.00139787
0.00133076
0.00126648
0.00120394
0.00114315
0.00108433
0.0010276
0.000973002
0.000920553
0.000870229
0.000821981
0.000775741
0.00073142
0.000688916
0.000648112
0.000608884
0.0005711
0.00053462
0.000499303
0.000465003
0.000431574
0.000398867
0.000366736
0.000335032
0.00030361
0.000272324
0.000241033
0.000209596
0.000177875
0.000145736
0.00011305
7.96909e-05
4.55374e-05
1.04748e-05
-2.5605e-05
-6.28028e-05
-0.000101211
-0.000140913
-0.00018198
-0.000224475
-0.000268444
-0.000313922
-0.000360929
-0.000409467
-0.000459522
-0.000511062
-0.000564037
-0.000618375
-0.000673985
-0.000730755
-0.000788553
-0.000847224
-0.000906595
-0.00096647
-0.00102663
-0.00108685
-0.00114687
-0.00120643
-0.00126523
-0.00132299
-0.00137938
-0.00143409
-0.00148678
-0.00153712
-0.00158477
-0.00162938
-0.00167061
-0.00170811
-0.00174154
-0.00177057
-0.00179501
-0.00181472
-0.0018285
0.00167064
0.00159522
0.00150938
0.00142876
0.0013524
0.00127886
0.00120806
0.0011402
0.00107537
0.00101358
0.00095476
0.000898846
0.000845733
0.000795296
0.000747393
0.000701868
0.000658555
0.00061728
0.000577866
0.00054013
0.000503889
0.00046896
0.000435157
0.000402299
0.000370204
0.000338693
0.000307589
0.000276717
0.000245906
0.000214984
0.000183787
0.000152151
0.000119918
8.69317e-05
5.30425e-05
1.81059e-05
-1.80163e-05
-5.54547e-05
-9.43316e-05
-0.000134759
-0.00017684
-0.000220661
-0.000266299
-0.000313813
-0.000363245
-0.00041462
-0.000467943
-0.000523195
-0.000580339
-0.00063931
-0.000700021
-0.000762359
-0.000826185
-0.000891336
-0.00095762
-0.00102482
-0.0010927
-0.00116099
-0.00122941
-0.00129763
-0.00136535
-0.0014322
-0.00149782
-0.00156184
-0.00162388
-0.00168352
-0.00174037
-0.00179403
-0.00184408
-0.00189012
-0.00193173
-0.00196854
-0.0020004
-0.00202721
-0.00204679
0.00180633
0.00171517
0.00161209
0.00151628
0.00142644
0.00134073
0.00125896
0.0011813
0.00110778
0.00103834
0.000972847
0.000911157
0.000853098
0.000798475
0.000747082
0.000698699
0.000653101
0.000610058
0.00056934
0.000530716
0.000493957
0.000458838
0.000425133
0.000392624
0.000361094
0.000330331
0.000300125
0.00027027
0.000240564
0.000210806
0.000180799
0.00015035
0.000119268
8.73653e-05
5.44591e-05
2.03707e-05
-1.50727e-05
-5.20372e-05
-9.0681e-05
-0.000131153
-0.00017359
-0.000218118
-0.000264847
-0.000313869
-0.000365259
-0.00041907
-0.000475335
-0.000534058
-0.000595218
-0.000658768
-0.000724629
-0.000792691
-0.000862814
-0.000934825
-0.00100852
-0.00108366
-0.00115998
-0.00123717
-0.00131492
-0.00139286
-0.00147062
-0.00154778
-0.00162393
-0.00169862
-0.0017714
-0.0018418
-0.00190934
-0.00197354
-0.00203392
-0.00208999
-0.00214126
-0.00218729
-0.00222799
-0.00226331
-0.00228986
0.00193193
0.00182297
0.00170051
0.00158773
0.00148298
0.00138392
0.00129024
0.00120203
0.00111926
0.00104177
0.000969339
0.000901737
0.000838701
0.000779956
0.000725215
0.000674184
0.000626569
0.000582079
0.000540423
0.000501317
0.000464485
0.000429654
0.00039656
0.000364945
0.000334557
0.00030515
0.000276483
0.000248319
0.000220423
0.000192566
0.000164519
0.000136056
0.000106952
7.69857e-05
4.59371e-05
1.35895e-05
-2.02702e-05
-5.58497e-05
-9.33503e-05
-0.000132965
-0.000174876
-0.000219254
-0.000266254
-0.000316013
-0.000368649
-0.000424256
-0.000482901
-0.000544626
-0.000609437
-0.000677311
-0.000748186
-0.000821965
-0.000898512
-0.000977648
-0.00105916
-0.00114279
-0.00122823
-0.00131516
-0.00140321
-0.00149195
-0.00158096
-0.00166977
-0.00175786
-0.00184474
-0.00192985
-0.00201265
-0.00209257
-0.00216904
-0.00224149
-0.00230933
-0.00237196
-0.0024289
-0.00248011
-0.00252561
-0.00256051
0.00204084
0.00191194
0.00176786
0.00163631
0.00151522
0.00140166
0.00129513
0.00119566
0.00110312
0.00101723
0.000937657
0.000864055
0.00079606
0.000733295
0.000675381
0.000621942
0.000572604
0.000527005
0.000484792
0.000445624
0.000409172
0.000375118
0.000343159
0.000312997
0.000284348
0.000256934
0.000230483
0.00020473
0.000179412
0.000154268
0.00012904
0.00010347
7.72985e-05
5.02677e-05
2.2118e-05
-7.40985e-06
-3.85741e-05
-7.16308e-05
-0.000106833
-0.000144426
-0.000184648
-0.000227728
-0.000273877
-0.000323292
-0.000376146
-0.000432588
-0.00049274
-0.000556689
-0.000624487
-0.000696146
-0.000771637
-0.000850883
-0.000933761
-0.0010201
-0.00110967
-0.00120221
-0.00129739
-0.00139483
-0.00149412
-0.00159479
-0.00169632
-0.00179818
-0.00189978
-0.00200051
-0.00209973
-0.00219679
-0.00229101
-0.00238172
-0.00246824
-0.00254986
-0.00262587
-0.00269569
-0.00275938
-0.002817
-0.00286192
0.00212498
0.00197396
0.001806
0.00165389
0.00151503
0.00138584
0.00126559
0.00115422
0.00105145
0.000956856
0.000869977
0.000790328
0.00071742
0.00065076
0.000589864
0.000534257
0.000483481
0.000437097
0.000394684
0.000355842
0.000320192
0.000287372
0.000257037
0.000228859
0.000202523
0.000177723
0.000154162
0.000131551
0.000109601
8.80278e-05
6.65448e-05
4.48637e-05
2.26931e-05
-2.62866e-07
-2.43048e-05
-4.97373e-05
-7.68694e-05
-0.000106012
-0.000137478
-0.000171578
-0.000208617
-0.000248894
-0.000292697
-0.000340294
-0.000391935
-0.000447844
-0.000508213
-0.000573198
-0.000642914
-0.00071743
-0.000796763
-0.000880877
-0.000969676
-0.001063
-0.00116064
-0.00126231
-0.00136765
-0.00147626
-0.00158767
-0.00170134
-0.00181669
-0.00193309
-0.00204984
-0.00216624
-0.00228153
-0.00239492
-0.00250562
-0.00261283
-0.00271571
-0.00281345
-0.00290516
-0.00299018
-0.00306866
-0.00314074
-0.00319763
0.00217465
0.00199932
0.00180525
0.00163081
0.00147284
0.00132696
0.0011922
0.00106834
0.000954935
0.000851399
0.000757093
0.000671376
0.000593611
0.000523175
0.00045946
0.000401888
0.000349905
0.000302992
0.00026066
0.000222449
0.00018793
0.000156703
0.000128389
0.000102632
7.90949e-05
5.74525e-05
3.73915e-05
1.86048e-05
7.88412e-07
-1.63616e-05
-3.31522e-05
-4.98964e-05
-6.6915e-05
-8.45387e-05
-0.000103109
-0.000122977
-0.000144507
-0.000168073
-0.000194054
-0.000222836
-0.000254809
-0.000290358
-0.000329862
-0.000373687
-0.00042218
-0.000475663
-0.000534428
-0.000598722
-0.000668752
-0.000744668
-0.00082656
-0.000914455
-0.00100831
-0.00110799
-0.00121331
-0.00132399
-0.00143965
-0.00155987
-0.0016841
-0.00181176
-0.00194218
-0.00207461
-0.00220825
-0.00234226
-0.00247575
-0.00260778
-0.00273741
-0.00286365
-0.00298554
-0.00310207
-0.00321219
-0.0033151
-0.0034111
-0.00350038
-0.00357158
0.00217837
0.00197661
0.00175429
0.00155589
0.00137755
0.00121404
0.00106405
0.000927189
0.000802823
0.000690142
0.000588308
0.000496499
0.000413908
0.000339762
0.000273321
0.00021389
0.000160817
0.000113499
7.13769e-05
3.39381e-05
7.09821e-07
-2.87427e-05
-5.48208e-05
-7.78975e-05
-9.83221e-05
-0.000116426
-0.000132527
-0.000146937
-0.000159964
-0.000171918
-0.000183116
-0.000193888
-0.000204575
-0.000215536
-0.000227151
-0.000239816
-0.000253953
-0.00027
-0.000288416
-0.000309674
-0.000334259
-0.000362664
-0.000395381
-0.000432898
-0.000475689
-0.000524205
-0.000578866
-0.000640052
-0.000708091
-0.000783251
-0.000865732
-0.000955654
-0.00105305
-0.00115787
-0.00126994
-0.00138902
-0.00151474
-0.00164662
-0.00178411
-0.00192653
-0.00207311
-0.00222301
-0.00237529
-0.00252894
-0.00268291
-0.0028361
-0.00298735
-0.00313551
-0.0032794
-0.0034178
-0.00354946
-0.00367342
-0.00379011
-0.00389986
-0.00398813
0.0021228
0.00189267
0.00164013
0.00141626
0.00121646
0.00103449
0.000868684
0.000718415
0.000582807
0.000460806
0.00035134
0.000253375
0.000165917
8.80232e-05
1.88109e-05
-4.25396e-05
-9.67812e-05
-0.000144601
-0.000186621
-0.000223405
-0.000255459
-0.000283238
-0.000307156
-0.000327585
-0.000344871
-0.000359335
-0.000371282
-0.000381009
-0.000388809
-0.000394983
-0.000399842
-0.000403714
-0.000406949
-0.000409923
-0.000413044
-0.000416753
-0.000421521
-0.000427858
-0.000436302
-0.000447426
-0.000461828
-0.000480126
-0.000502952
-0.000530945
-0.000564738
-0.00060495
-0.000652173
-0.000706959
-0.000769807
-0.00084115
-0.000921342
-0.00101065
-0.00110922
-0.00121711
-0.00133424
-0.0014604
-0.00159526
-0.00173834
-0.00188903
-0.0020466
-0.00221019
-0.0023788
-0.00255137
-0.00272671
-0.00290355
-0.00308059
-0.00325644
-0.00342971
-0.00359898
-0.00376277
-0.00391957
-0.00406824
-0.00420938
-0.00434342
-0.00445206
0.0019927
0.00173247
0.00144801
0.00119744
0.000975276
0.000774201
0.000592107
0.000428103
0.000281024
0.00014953
3.22835e-05
-7.1988e-05
-0.000164488
-0.000246342
-0.000318587
-0.000382172
-0.000437951
-0.000486691
-0.000529074
-0.000565698
-0.000597091
-0.000623715
-0.000645974
-0.000664223
-0.000678779
-0.00068993
-0.000697944
-0.000703078
-0.000705588
-0.000705737
-0.000703807
-0.000700102
-0.000694958
-0.000688752
-0.000681903
-0.000674882
-0.000668201
-0.000662439
-0.000658219
-0.000656218
-0.000657158
-0.000661805
-0.000670957
-0.000685435
-0.000706073
-0.000733702
-0.000769136
-0.000813157
-0.000866492
-0.000929802
-0.00100366
-0.00108853
-0.00118476
-0.00129255
-0.00141196
-0.0015429
-0.00168507
-0.00183804
-0.00200118
-0.0021737
-0.00235464
-0.00254289
-0.00273718
-0.00293613
-0.00313825
-0.00334196
-0.0035456
-0.0037475
-0.00394593
-0.00413911
-0.00432518
-0.0045028
-0.00467276
-0.00483563
-0.00496853
0.00177097
0.00147926
0.00116156
0.000883327
0.000638158
0.000417525
0.000218824
4.08445e-05
-0.000117907
-0.000259099
-0.000384364
-0.00049524
-0.00059316
-0.000679444
-0.000755292
-0.000821783
-0.000879872
-0.000930398
-0.000974088
-0.00101157
-0.00104336
-0.00106992
-0.00109161
-0.00110875
-0.0011216
-0.00113038
-0.00113529
-0.00113652
-0.00113424
-0.00112866
-0.00111998
-0.00110847
-0.0010944
-0.00107813
-0.00106007
-0.0010407
-0.00102051
-0.00100018
-0.000980411
-0.000961975
-0.00094573
-0.000932605
-0.000923589
-0.000919723
-0.000922083
-0.000931765
-0.000949866
-0.000977464
-0.00101559
-0.00106522
-0.00112721
-0.00120232
-0.00129118
-0.00139422
-0.00151172
-0.00164374
-0.00179013
-0.00195052
-0.00212432
-0.00231069
-0.00250859
-0.00271677
-0.00293378
-0.003158
-0.00338767
-0.0036209
-0.00385569
-0.00409002
-0.00432179
-0.00454884
-0.0047689
-0.00498036
-0.00518424
-0.00538126
-0.00554303
0.00143877
0.00111467
0.000762868
0.000456418
0.00018789
-5.25295e-05
-0.000268009
-0.000460128
-0.000630755
-0.00078192
-0.000915588
-0.00103358
-0.00113758
-0.00122912
-0.00130955
-0.00138009
-0.00144179
-0.00149554
-0.00154212
-0.00158214
-0.00161611
-0.00164444
-0.00166745
-0.00168535
-0.00169834
-0.00170652
-0.00170999
-0.00170882
-0.00170308
-0.00169284
-0.00167822
-0.00165936
-0.00163647
-0.00160981
-0.00157974
-0.00154669
-0.00151125
-0.00147404
-0.00143581
-0.00139745
-0.00135996
-0.00132444
-0.00129209
-0.00126419
-0.00124212
-0.0012273
-0.00122116
-0.00122518
-0.00124077
-0.00126931
-0.00131208
-0.00137023
-0.00144477
-0.00153649
-0.00164597
-0.00177357
-0.00191934
-0.00208306
-0.00226423
-0.00246204
-0.00267537
-0.00290286
-0.00314286
-0.00339349
-0.00365265
-0.00391811
-0.00418745
-0.00445823
-0.00472789
-0.00499379
-0.00525317
-0.00550406
-0.00574777
-0.00598519
-0.00618127
0.000975817
0.000618966
0.000232783
-0.000101989
-0.000393881
-0.00065407
-0.000886347
-0.00109271
-0.00127544
-0.00143698
-0.00157964
-0.00170555
-0.00181666
-0.0019147
-0.00200122
-0.00207754
-0.0021448
-0.00220395
-0.00225576
-0.00230085
-0.00233967
-0.00237256
-0.00239974
-0.00242132
-0.00243735
-0.00244779
-0.00245259
-0.00245165
-0.00244487
-0.00243215
-0.00241344
-0.00238872
-0.00235806
-0.00232158
-0.00227953
-0.00223228
-0.00218031
-0.00212425
-0.0020649
-0.00200321
-0.00194029
-0.0018774
-0.00181597
-0.00175757
-0.0017039
-0.00165676
-0.00161802
-0.00158961
-0.00157347
-0.00157148
-0.00158546
-0.00161713
-0.00166799
-0.00173937
-0.00183232
-0.00194757
-0.00208556
-0.00224633
-0.00242956
-0.00263453
-0.00286015
-0.00310492
-0.00336702
-0.00364429
-0.00393427
-0.00423428
-0.00454145
-0.00485277
-0.00516516
-0.00547537
-0.00578003
-0.00607673
-0.00636709
-0.0066522
-0.00688899
0.000360717
-2.85702e-05
-0.000448725
-0.000811398
-0.00112628
-0.00140595
-0.0016549
-0.00187557
-0.0020707
-0.00224317
-0.00239566
-0.00253065
-0.00265034
-0.00275669
-0.0028514
-0.00293593
-0.00301149
-0.00307905
-0.00313939
-0.00319307
-0.00324048
-0.00328184
-0.00331725
-0.00334667
-0.00336995
-0.00338687
-0.00339716
-0.00340049
-0.00339653
-0.00338495
-0.00336544
-0.00333776
-0.00330174
-0.0032573
-0.0032045
-0.00314355
-0.0030748
-0.0029988
-0.00291631
-0.00282829
-0.00273594
-0.00264067
-0.00254413
-0.00244816
-0.00235483
-0.00226637
-0.00218517
-0.00211371
-0.00205455
-0.00201026
-0.00198335
-0.00197625
-0.0019912
-0.00203021
-0.002095
-0.00218694
-0.00230696
-0.00245557
-0.00263279
-0.00283812
-0.00307055
-0.00332858
-0.00361019
-0.00391295
-0.00423401
-0.00457019
-0.00491803
-0.0052739
-0.00563401
-0.00599439
-0.0063509
-0.00670058
-0.00704541
-0.00738668
-0.00767168
-0.000428461
-0.000849106
-0.00130205
-0.00169163
-0.0020287
-0.00232731
-0.00259264
-0.00282766
-0.00303558
-0.00321974
-0.00338324
-0.00352886
-0.00365911
-0.00377616
-0.00388188
-0.00397783
-0.00406529
-0.00414525
-0.00421844
-0.00428538
-0.00434634
-0.00440141
-0.00445051
-0.00449339
-0.00452968
-0.00455892
-0.00458054
-0.00459392
-0.00459843
-0.00459341
-0.00457823
-0.00455232
-0.00451519
-0.00446644
-0.00440584
-0.00433333
-0.00424903
-0.00415333
-0.00404684
-0.00393046
-0.00380539
-0.00367314
-0.00353553
-0.00339469
-0.00325305
-0.00311331
-0.00297842
-0.00285154
-0.00273596
-0.0026351
-0.00255234
-0.00249105
-0.00245443
-0.00244543
-0.00246671
-0.0025205
-0.00260854
-0.00273203
-0.00289155
-0.00308701
-0.00331766
-0.00358207
-0.00387816
-0.00420321
-0.00455398
-0.00492671
-0.00531726
-0.00572123
-0.006134
-0.00655068
-0.00696617
-0.00737682
-0.007785
-0.00819221
-0.00853416
-0.00141353
-0.00186362
-0.00234734
-0.00276219
-0.00312024
-0.00343695
-0.00371825
-0.00396763
-0.00418885
-0.00438569
-0.00456168
-0.00471995
-0.00486328
-0.00499407
-0.00511434
-0.00522576
-0.00532965
-0.00542701
-0.00551854
-0.00560463
-0.00568543
-0.00576087
-0.00583065
-0.00589427
-0.00595108
-0.00600031
-0.00604104
-0.0060723
-0.00609305
-0.00610221
-0.00609874
-0.00608162
-0.00604991
-0.00600281
-0.00593963
-0.00585993
-0.00576347
-0.0056503
-0.00552077
-0.00537561
-0.0052159
-0.00504314
-0.00485925
-0.00466657
-0.00446788
-0.00426635
-0.00406555
-0.00386937
-0.00368199
-0.00350779
-0.00335126
-0.00321694
-0.00310926
-0.00303245
-0.0029904
-0.00298659
-0.00302391
-0.00310457
-0.00323003
-0.00340093
-0.00361702
-0.00387714
-0.00417925
-0.00452047
-0.00489714
-0.00530489
-0.00573881
-0.00619358
-0.00666354
-0.00714269
-0.00762471
-0.00810509
-0.00858661
-0.00907099
-0.00948001
-0.0026154
-0.00309212
-0.00360372
-0.00404158
-0.00441895
-0.00475265
-0.00504935
-0.00531313
-0.00554824
-0.00575898
-0.00594928
-0.00612263
-0.00628209
-0.00643028
-0.00656937
-0.00670113
-0.00682691
-0.00694771
-0.00706416
-0.00717654
-0.00728485
-0.0073888
-0.00748785
-0.00758122
-0.00766793
-0.00774682
-0.00781659
-0.00787579
-0.00792292
-0.00795639
-0.00797461
-0.00797601
-0.00795907
-0.00792239
-0.00786473
-0.00778506
-0.00768262
-0.00755695
-0.00740798
-0.00723604
-0.00704196
-0.00682707
-0.00659325
-0.00634294
-0.00607917
-0.00580556
-0.00552626
-0.00524597
-0.00496981
-0.00470331
-0.00445225
-0.00422259
-0.00402033
-0.00385131
-0.00372112
-0.00363486
-0.00359705
-0.00361139
-0.00368067
-0.00380666
-0.00398997
-0.00423005
-0.00452514
-0.00487233
-0.00526764
-0.00570608
-0.00618188
-0.00668862
-0.00721942
-0.00776688
-0.0083232
-0.00888274
-0.0094487
-0.010023
-0.0105107
-0.00405312
-0.00455279
-0.00508851
-0.00554649
-0.00594107
-0.00629036
-0.00660178
-0.00687994
-0.00712965
-0.00735569
-0.00756239
-0.00775363
-0.00793272
-0.00810249
-0.0082653
-0.00842298
-0.00857693
-0.00872813
-0.00887712
-0.00902408
-0.00916882
-0.00931083
-0.0094493
-0.00958312
-0.00971095
-0.00983119
-0.00994208
-0.0100417
-0.0101278
-0.0101984
-0.0102512
-0.0102838
-0.0102942
-0.01028
-0.0102393
-0.0101704
-0.0100716
-0.00994195
-0.00978056
-0.0095872
-0.0093622
-0.00910649
-0.0088217
-0.00851019
-0.0081751
-0.00782035
-0.00745063
-0.00707138
-0.00668874
-0.00630944
-0.00594077
-0.00559035
-0.00526605
-0.00497577
-0.00472722
-0.00452771
-0.00438393
-0.00430168
-0.0042857
-0.00433944
-0.00446495
-0.00466272
-0.0049317
-0.00526923
-0.00567117
-0.00613198
-0.00664497
-0.00720251
-0.00779622
-0.00841701
-0.00905521
-0.00970378
-0.0103663
-0.0110449
-0.0116246
-0.00574298
-0.00626108
-0.00681633
-0.00729095
-0.00770024
-0.00806347
-0.00838872
-0.0086812
-0.00894622
-0.00918904
-0.00941442
-0.00962656
-0.00982907
-0.010025
-0.0102168
-0.0104065
-0.0105955
-0.0107848
-0.0109747
-0.0111654
-0.0113566
-0.0115474
-0.0117367
-0.0119232
-0.012105
-0.0122801
-0.0124463
-0.0126009
-0.0127413
-0.0128645
-0.0129675
-0.0130473
-0.0131007
-0.0131246
-0.0131162
-0.0130726
-0.0129913
-0.0128703
-0.0127077
-0.0125025
-0.0122542
-0.011963
-0.0116301
-0.0112573
-0.0108477
-0.0104054
-0.00993536
-0.00944368
-0.00893741
-0.00842455
-0.00791391
-0.00741503
-0.00693796
-0.00649305
-0.00609067
-0.00574093
-0.00545339
-0.00523671
-0.00509835
-0.00504426
-0.00507865
-0.00520378
-0.00541987
-0.005725
-0.00611522
-0.00658463
-0.00712564
-0.00772927
-0.00838545
-0.00908302
-0.00981004
-0.0105576
-0.0113298
-0.0121285
-0.0128153
-0.00769749
-0.00822878
-0.00879829
-0.00928554
-0.00970669
-0.0100819
-0.01042
-0.0107265
-0.0110075
-0.0112685
-0.0115148
-0.0117509
-0.0119807
-0.0122074
-0.0124337
-0.0126617
-0.0128928
-0.013128
-0.0133677
-0.0136119
-0.01386
-0.014111
-0.0143636
-0.0146159
-0.0148658
-0.0151108
-0.015348
-0.0155742
-0.015786
-0.0159797
-0.0161514
-0.0162971
-0.0164126
-0.0164939
-0.0165367
-0.0165372
-0.0164915
-0.0163964
-0.0162488
-0.0160463
-0.0157874
-0.0154712
-0.0150979
-0.0146687
-0.014186
-0.0136539
-0.0130774
-0.0124629
-0.0118183
-0.0111525
-0.0104761
-0.00980033
-0.00913781
-0.00850166
-0.00790543
-0.00736271
-0.00688671
-0.00648984
-0.00618325
-0.00597642
-0.00587674
-0.00588921
-0.00601618
-0.00625726
-0.00660923
-0.00706622
-0.00761994
-0.00826003
-0.00897451
-0.00974978
-0.0105711
-0.0114273
-0.0123227
-0.013259
-0.0140695
-0.00992455
-0.0104633
-0.0110412
-0.0115367
-0.0119666
-0.0123516
-0.0127012
-0.0130214
-0.0133187
-0.0135991
-0.0138683
-0.014131
-0.0143915
-0.0146533
-0.0149192
-0.0151914
-0.0154714
-0.0157603
-0.0160584
-0.0163656
-0.0166811
-0.0170039
-0.0173323
-0.0176641
-0.0179967
-0.0183272
-0.0186522
-0.0189677
-0.0192696
-0.0195534
-0.0198142
-0.020047
-0.0202465
-0.0204073
-0.0205239
-0.020591
-0.0206034
-0.0205561
-0.0204445
-0.0202648
-0.0200137
-0.0196889
-0.0192891
-0.0188143
-0.0182661
-0.0176478
-0.0169646
-0.0162222
-0.0154285
-0.0145942
-0.0137309
-0.0128517
-0.0119714
-0.0111061
-0.0102732
-0.00949023
-0.00877499
-0.00814463
-0.00761516
-0.00720082
-0.0069135
-0.00676222
-0.00675275
-0.00688727
-0.00716427
-0.00757858
-0.00812161
-0.00878181
-0.00954513
-0.0103952
-0.0113139
-0.0122872
-0.0133195
-0.0144121
-0.0153649
-0.0124267
-0.0129668
-0.0135472
-0.0140463
-0.0144815
-0.0148739
-0.0152334
-0.0155664
-0.0158799
-0.0161803
-0.0164736
-0.016765
-0.017059
-0.0173592
-0.0176689
-0.0179903
-0.0183251
-0.0186743
-0.0190384
-0.0194172
-0.0198099
-0.0202153
-0.0206313
-0.0210555
-0.0214851
-0.0219166
-0.0223459
-0.0227686
-0.0231798
-0.0235739
-0.0239453
-0.0242878
-0.0245947
-0.0248595
-0.025075
-0.0252345
-0.0253309
-0.0253576
-0.025308
-0.0251763
-0.0249572
-0.0246466
-0.0242409
-0.0237382
-0.0231377
-0.0224426
-0.0216603
-0.0207925
-0.0198464
-0.0188346
-0.0177692
-0.0166642
-0.0155371
-0.0144072
-0.0132949
-0.0122225
-0.0112132
-0.01029
-0.00947518
-0.00878907
-0.00824967
-0.00787172
-0.00766602
-0.00763895
-0.00779204
-0.00812197
-0.00862067
-0.00927581
-0.0100714
-0.0109879
-0.0120033
-0.0131002
-0.0142826
-0.0155511
-0.0166661
-0.0152007
-0.0157363
-0.016313
-0.0168113
-0.0172483
-0.0176455
-0.0180128
-0.0183573
-0.0186862
-0.0190063
-0.0193239
-0.0196446
-0.0199732
-0.0203138
-0.0206697
-0.0210435
-0.021437
-0.0218515
-0.0222874
-0.0227445
-0.0232222
-0.0237189
-0.0242326
-0.0247607
-0.0252998
-0.0258462
-0.0263952
-0.0269418
-0.0274804
-0.0280045
-0.0285075
-0.028982
-0.0294202
-0.0298139
-0.0301547
-0.0304338
-0.0306425
-0.0307718
-0.0308134
-0.0307589
-0.0306006
-0.0303318
-0.0299465
-0.0294396
-0.0288059
-0.0280423
-0.0271636
-0.0261977
-0.0251403
-0.0239676
-0.0226846
-0.0213235
-0.0199196
-0.0184922
-0.0170602
-0.0156499
-0.0142906
-0.013012
-0.0118436
-0.0108136
-0.0099477
-0.00926844
-0.00879375
-0.00853627
-0.00850261
-0.00869296
-0.00910114
-0.00971493
-0.0105167
-0.011484
-0.0125902
-0.0138136
-0.015158
-0.0166223
-0.0179208
-0.0182374
-0.0187631
-0.0193308
-0.0198239
-0.0202593
-0.0206583
-0.0210311
-0.0213849
-0.0217272
-0.0220652
-0.0224057
-0.0227545
-0.0231169
-0.0234974
-0.0238995
-0.0243262
-0.0247796
-0.0252612
-0.0257716
-0.0263108
-0.0268781
-0.0274721
-0.0280905
-0.0287307
-0.0293891
-0.0300613
-0.0307426
-0.0314272
-0.0321087
-0.0327801
-0.0334336
-0.0340607
-0.0346524
-0.0351991
-0.0356907
-0.0361167
-0.0364663
-0.0367288
-0.0368933
-0.0369494
-0.0368871
-0.0366972
-0.0363718
-0.0359046
-0.0352923
-0.0345309
-0.0336039
-0.0324995
-0.0312417
-0.0298737
-0.0284171
-0.0268553
-0.025177
-0.0234213
-0.0216325
-0.0198392
-0.0180763
-0.0163802
-0.0147883
-0.0133375
-0.0120633
-0.010998
-0.0101693
-0.0095986
-0.00930035
-0.00928072
-0.00953749
-0.0100601
-0.0108305
-0.0118232
-0.0130068
-0.014355
-0.0158704
-0.01755
-0.019054
-0.0215222
-0.0220337
-0.022588
-0.0230722
-0.023503
-0.0239008
-0.0242759
-0.0246358
-0.024988
-0.0253404
-0.0256998
-0.0260729
-0.0264652
-0.0268816
-0.0273264
-0.0278028
-0.0283135
-0.0288601
-0.0294437
-0.0300645
-0.030722
-0.0314147
-0.0321406
-0.0328969
-0.0336797
-0.0344847
-0.0353064
-0.0361388
-0.0369748
-0.0378066
-0.0386255
-0.039422
-0.0401858
-0.0409059
-0.0415705
-0.0421674
-0.0426839
-0.0431068
-0.043423
-0.0436194
-0.0436831
-0.0436021
-0.043365
-0.0429623
-0.0423863
-0.0416319
-0.0406937
-0.0395665
-0.0382497
-0.0367487
-0.0350644
-0.033214
-0.0312445
-0.0291794
-0.0270199
-0.0248084
-0.022597
-0.0204285
-0.0183472
-0.0163997
-0.0146325
-0.01309
-0.0118122
-0.0108329
-0.0101774
-0.00986131
-0.00988941
-0.0102554
-0.0109425
-0.0119231
-0.0131614
-0.0146255
-0.016317
-0.01823
-0.0199616
-0.0250358
-0.0255306
-0.0260688
-0.0265417
-0.0269651
-0.0273586
-0.0277321
-0.0280933
-0.0284501
-0.0288105
-0.0291821
-0.0295718
-0.0299861
-0.0304305
-0.0309098
-0.031428
-0.0319882
-0.0325926
-0.0332429
-0.0339395
-0.0346821
-0.0354698
-0.0363004
-0.0371712
-0.0380783
-0.0390171
-0.039982
-0.0409664
-0.0419627
-0.0429625
-0.0439562
-0.0449333
-0.0458824
-0.046791
-0.0476459
-0.0484331
-0.0491379
-0.0497451
-0.0502388
-0.0506035
-0.0508231
-0.0508824
-0.0507665
-0.0504615
-0.0499552
-0.0492368
-0.0482983
-0.0471339
-0.0457402
-0.0441163
-0.04228
-0.0402581
-0.0380408
-0.0356321
-0.0330917
-0.0304703
-0.0277989
-0.0251253
-0.0225042
-0.0199938
-0.0176535
-0.0155422
-0.0137153
-0.0122223
-0.0111039
-0.0103892
-0.0100943
-0.0102208
-0.010756
-0.0116725
-0.0129306
-0.0144929
-0.0163598
-0.0185212
-0.020502
-0.0287557
-0.029234
-0.0297559
-0.0302167
-0.0306307
-0.0310165
-0.0313836
-0.0317397
-0.0320928
-0.0324516
-0.0328243
-0.0332187
-0.033642
-0.0341008
-0.0346008
-0.0351468
-0.0357427
-0.0363916
-0.0370957
-0.0378559
-0.0386726
-0.0395449
-0.0404712
-0.0414485
-0.0424733
-0.0435407
-0.0446449
-0.0457789
-0.0469348
-0.0481034
-0.0492745
-0.0504365
-0.0515771
-0.0526825
-0.0537381
-0.0547281
-0.0556361
-0.0564448
-0.057136
-0.0576915
-0.0580926
-0.0583207
-0.0583577
-0.0581858
-0.0577888
-0.0571517
-0.0562615
-0.0551078
-0.0536833
-0.0519842
-0.0500126
-0.0477782
-0.0453061
-0.0426267
-0.0397618
-0.036735
-0.0335921
-0.0303892
-0.0271889
-0.0240597
-0.021074
-0.0183062
-0.0158297
-0.0137128
-0.0120158
-0.0107864
-0.0100572
-0.00984301
-0.0101395
-0.0109228
-0.012151
-0.0137823
-0.0158159
-0.0182366
-0.0204863
-0.0326587
-0.0331241
-0.0336332
-0.0340832
-0.034487
-0.0348615
-0.0352159
-0.0355577
-0.0358955
-0.0362385
-0.0365961
-0.0369772
-0.0373904
-0.0378434
-0.0383433
-0.0388961
-0.039507
-0.0401799
-0.0409179
-0.0417227
-0.0425953
-0.0435352
-0.044541
-0.0456103
-0.0467392
-0.0479231
-0.0491559
-0.0504303
-0.0517379
-0.0530689
-0.0544125
-0.0557563
-0.0570868
-0.0583893
-0.0596476
-0.0608447
-0.0619622
-0.062981
-0.0638808
-0.064641
-0.0652401
-0.0656569
-0.0658697
-0.0658575
-0.0656001
-0.0650785
-0.0642755
-0.0631762
-0.0617691
-0.0600462
-0.0580048
-0.055648
-0.0529874
-0.0500418
-0.0468358
-0.0434024
-0.0397865
-0.0360439
-0.0322408
-0.028453
-0.0247641
-0.0212636
-0.0180433
-0.0151934
-0.0127974
-0.0109271
-0.00963768
-0.00896343
-0.00891487
-0.00947645
-0.0106079
-0.0122648
-0.0144461
-0.0171308
-0.0196664
-0.0367235
-0.0371849
-0.0376892
-0.038133
-0.0385267
-0.038886
-0.0392193
-0.0395342
-0.0398401
-0.0401475
-0.040467
-0.0408096
-0.0411855
-0.0416045
-0.0420755
-0.0426062
-0.0432032
-0.0438719
-0.0446164
-0.0454395
-0.0463426
-0.0473261
-0.0483889
-0.0495287
-0.0507419
-0.0520237
-0.0533678
-0.0547666
-0.0562113
-0.0576916
-0.0591957
-0.0607107
-0.062222
-0.0637136
-0.0651685
-0.0665679
-0.067892
-0.0691198
-0.0702293
-0.0711974
-0.0720005
-0.0726143
-0.0730145
-0.0731767
-0.0730771
-0.0726925
-0.0720015
-0.0709846
-0.0696249
-0.0679093
-0.0658291
-0.0633815
-0.0605701
-0.0574064
-0.0539103
-0.050112
-0.0460531
-0.041788
-0.0373842
-0.0329219
-0.0284939
-0.024203
-0.0201593
-0.0164757
-0.0132623
-0.01062
-0.00863316
-0.00736325
-0.00684347
-0.00707401
-0.00802197
-0.00964394
-0.0119412
-0.0148864
-0.0177209
-0.0409354
-0.0414085
-0.0419227
-0.0423684
-0.0427535
-0.0430924
-0.043393
-0.0436633
-0.0439142
-0.0441579
-0.0444078
-0.0446773
-0.0449795
-0.0453269
-0.0457308
-0.0462013
-0.0467473
-0.0473757
-0.0480918
-0.0488997
-0.0498015
-0.0507983
-0.0518894
-0.0530727
-0.0543447
-0.0557003
-0.0571331
-0.0586351
-0.0601968
-0.0618073
-0.0634542
-0.0651234
-0.0667996
-0.0684656
-0.070103
-0.0716919
-0.0732108
-0.0746372
-0.0759471
-0.0771156
-0.0781169
-0.0789242
-0.0795105
-0.0798484
-0.0799108
-0.079671
-0.0791035
-0.0781842
-0.0768914
-0.0752064
-0.0731146
-0.0706064
-0.0676784
-0.0643348
-0.0605887
-0.0564639
-0.0519962
-0.0472357
-0.0422475
-0.037113
-0.0319296
-0.0268102
-0.0218809
-0.0172764
-0.0131349
-0.00958989
-0.00676142
-0.00474629
-0.00360983
-0.00337766
-0.00403273
-0.00553923
-0.00790495
-0.0110971
-0.0142381
-0.0452925
-0.0458024
-0.0463497
-0.0468102
-0.047189
-0.0474997
-0.0477505
-0.0479507
-0.0481137
-0.0482551
-0.0483922
-0.0485425
-0.0487231
-0.0489502
-0.0492383
-0.0496008
-0.0500501
-0.0505945
-0.0512406
-0.0519936
-0.0528568
-0.0538317
-0.054918
-0.0561137
-0.0574151
-0.058817
-0.0603124
-0.0618928
-0.0635479
-0.065266
-0.0670337
-0.068836
-0.0706563
-0.0724765
-0.0742767
-0.0760356
-0.0777303
-0.0793366
-0.0808289
-0.0821803
-0.0833629
-0.0843479
-0.0851057
-0.0856063
-0.0858196
-0.0857157
-0.0852653
-0.0844404
-0.0832147
-0.0815645
-0.0794695
-0.0769139
-0.0738873
-0.0703867
-0.0664173
-0.0619951
-0.0571482
-0.0519196
-0.0463688
-0.0405737
-0.0346322
-0.0286624
-0.0228018
-0.017204
-0.0120338
-0.0074594
-0.00364187
-0.00072028
0.00119743
0.00204804
0.00182096
0.000534468
-0.00183317
-0.00524629
-0.00869521
-0.0498158
-0.0504007
-0.0510157
-0.0515088
-0.0518827
-0.052152
-0.0523265
-0.0524189
-0.0524471
-0.0524327
-0.0523988
-0.0523692
-0.0523666
-0.052412
-0.0525228
-0.0527165
-0.0530174
-0.0534296
-0.0539592
-0.0546132
-0.0553964
-0.056311
-0.0573569
-0.058532
-0.0598322
-0.0612516
-0.0627825
-0.0644154
-0.0661391
-0.0679408
-0.0698059
-0.0717182
-0.0736597
-0.0756108
-0.0775504
-0.0794557
-0.0813021
-0.0830638
-0.0847134
-0.0862222
-0.0875603
-0.0886968
-0.0895998
-0.0902368
-0.090575
-0.0905816
-0.0902241
-0.0894707
-0.0882913
-0.0866576
-0.0845442
-0.0819297
-0.0787975
-0.0751373
-0.070947
-0.0662341
-0.0610181
-0.0553332
-0.0492305
-0.0427811
-0.0360786
-0.0292409
-0.0224111
-0.0157559
-0.00946264
-0.0037345
0.00121848
0.00521911
0.00810454
0.00975768
0.0101247
0.00919235
0.00691321
0.00332038
-0.000430794
-0.0545656
-0.055282
-0.0560136
-0.0565617
-0.0569274
-0.0571304
-0.0571857
-0.0571127
-0.0569379
-0.0566922
-0.0564082
-0.0561178
-0.0558508
-0.0556361
-0.0555021
-0.0554648
-0.0555472
-0.0557735
-0.0561386
-0.056649
-0.0573111
-0.0581277
-0.0590989
-0.0602219
-0.0614919
-0.062902
-0.0644431
-0.0661046
-0.0678739
-0.0697366
-0.0716766
-0.0736763
-0.075716
-0.0777745
-0.0798291
-0.0818551
-0.0838265
-0.0857155
-0.087493
-0.0891282
-0.0905892
-0.0918431
-0.0928555
-0.0935918
-0.0940164
-0.0940938
-0.0937883
-0.0930651
-0.0918902
-0.0902314
-0.088059
-0.0853464
-0.0820716
-0.0782179
-0.0737762
-0.068746
-0.0631383
-0.0569777
-0.0503059
-0.0431845
-0.0356987
-0.0279614
-0.0201148
-0.0123313
-0.00481093
0.00221149
0.0084375
0.0136984
0.0177689
0.020448
0.0216168
0.0212119
0.0191435
0.0154317
0.011392
-0.0596712
-0.0606008
-0.0615158
-0.0621416
-0.0624826
-0.0625715
-0.0624356
-0.0621078
-0.0616298
-0.0610478
-0.0604084
-0.0597554
-0.05913
-0.0585849
-0.0581666
-0.057864
-0.0576548
-0.0575945
-0.0577172
-0.0580249
-0.0585183
-0.0591974
-0.0600602
-0.0611021
-0.0623164
-0.0636942
-0.0652246
-0.0668948
-0.0686904
-0.0705951
-0.0725909
-0.074658
-0.0767751
-0.078919
-0.081065
-0.0831866
-0.0852558
-0.0872429
-0.0891165
-0.0908441
-0.0923915
-0.0937233
-0.0948032
-0.0955937
-0.0960568
-0.096154
-0.0958469
-0.0950972
-0.0938676
-0.0921222
-0.0898269
-0.0869509
-0.0834669
-0.079353
-0.0745934
-0.0691806
-0.0631176
-0.05642
-0.0491194
-0.041267
-0.0329378
-0.0242351
-0.0152964
-0.00629515
0.00256613
0.0110659
0.0188322
0.0255164
0.0310192
0.0350035
0.0372358
0.0375828
0.0358901
0.032146
0.0278412
-0.0653859
-0.0666443
-0.0678281
-0.0685443
-0.0688119
-0.0686941
-0.0682442
-0.067521
-0.0665918
-0.0655264
-0.0643918
-0.0632533
-0.0621725
-0.0611872
-0.0603143
-0.0595812
-0.0590351
-0.0586836
-0.058541
-0.0586177
-0.0589157
-0.0594336
-0.0601673
-0.06111
-0.0622525
-0.0635834
-0.0650894
-0.0667554
-0.0685643
-0.0704974
-0.0725345
-0.0746534
-0.0768307
-0.0790408
-0.0812571
-0.0834507
-0.0855915
-0.0876476
-0.0895856
-0.0913706
-0.092966
-0.094334
-0.0954359
-0.0962313
-0.0966796
-0.0967393
-0.0963687
-0.0955263
-0.094171
-0.0922631
-0.0897645
-0.0866398
-0.0828568
-0.0783883
-0.0732124
-0.0673151
-0.0606917
-0.0533491
-0.0453093
-0.0366125
-0.0273222
-0.0175301
-0.00736324
0.00300942
0.013374
0.0234851
0.0330897
0.04163
0.0488423
0.05453
0.0581889
0.0595857
0.058491
0.0548364
0.0503011
-0.0721929
-0.073938
-0.0754869
-0.0762673
-0.076341
-0.0758364
-0.0748592
-0.0735119
-0.0718994
-0.0701208
-0.0682883
-0.0664788
-0.0647659
-0.0631907
-0.0617884
-0.0606046
-0.0596693
-0.0589797
-0.0585422
-0.0583643
-0.0584479
-0.0587898
-0.0593831
-0.0602179
-0.0612819
-0.0625604
-0.0640368
-0.065693
-0.067509
-0.0694631
-0.0715324
-0.0736922
-0.0759164
-0.0781771
-0.0804451
-0.0826895
-0.0848776
-0.0869754
-0.0889469
-0.0907549
-0.0923604
-0.093723
-0.0948011
-0.0955518
-0.0959311
-0.0958945
-0.0953966
-0.0943925
-0.0928369
-0.090686
-0.0878971
-0.0844296
-0.0802462
-0.0753135
-0.0696034
-0.0630946
-0.0557741
-0.04764
-0.0387036
-0.0289935
-0.0185599
-0.00748042
0.00413232
0.0161221
0.0282795
0.0403368
0.0519737
0.0628221
0.0722363
0.080057
0.085869
0.0888487
0.0887049
0.0853254
0.0806123
-0.0810206
-0.083449
-0.0854337
-0.0861418
-0.0857437
-0.0845008
-0.0826163
-0.0802575
-0.0776065
-0.0748037
-0.0720289
-0.0693908
-0.0669206
-0.064654
-0.0626501
-0.0609498
-0.059554
-0.0584653
-0.057691
-0.0572334
-0.0570887
-0.0572481
-0.0576996
-0.0584284
-0.0594174
-0.0606474
-0.062098
-0.063747
-0.0655708
-0.0675447
-0.0696425
-0.0718368
-0.0740986
-0.0763976
-0.078702
-0.0809785
-0.0831922
-0.0853064
-0.0872831
-0.0890823
-0.0906626
-0.0919811
-0.0929933
-0.0936532
-0.0939139
-0.0937272
-0.0930443
-0.0918158
-0.0899924
-0.0875252
-0.0843661
-0.0804688
-0.0757894
-0.0702873
-0.0639262
-0.0566759
-0.0485132
-0.0394246
-0.0294081
-0.0184774
-0.00666525
0.00596971
0.0193357
0.0332975
0.0476639
0.0621728
0.0764785
0.0901346
0.102599
0.113153
0.121603
0.127323
0.12889
0.126159
0.121379
-0.0936977
-0.0969883
-0.0993266
-0.0995377
-0.098056
-0.0954052
-0.0919853
-0.0880917
-0.0840135
-0.0799661
-0.0759653
-0.072148
-0.0686377
-0.065498
-0.0627626
-0.0604469
-0.0585382
-0.0570232
-0.0559002
-0.0551627
-0.0547976
-0.0547881
-0.0551144
-0.0557549
-0.0566864
-0.0578844
-0.0593233
-0.0609767
-0.062817
-0.0648161
-0.0669445
-0.0691718
-0.0714663
-0.0737953
-0.0761246
-0.0784184
-0.0806396
-0.0827494
-0.0847074
-0.0864714
-0.0879977
-0.0892407
-0.0901532
-0.0906867
-0.0907907
-0.0904139
-0.0895035
-0.0880061
-0.0858673
-0.0830329
-0.0794489
-0.0750618
-0.0698199
-0.0636732
-0.0565752
-0.0484833
-0.0393603
-0.0291764
-0.0179108
-0.00555482
0.00788424
0.0223775
0.0378665
0.0542526
0.071381
0.0890208
0.106841
0.124386
0.14104
0.155989
0.168248
0.177376
0.182252
0.181132
0.176655
-0.114049
-0.118096
-0.12017
-0.118738
-0.114855
-0.109608
-0.103636
-0.0973636
-0.0910149
-0.0848981
-0.0792537
-0.0741055
-0.0694766
-0.0654013
-0.0618812
-0.0589009
-0.0564442
-0.0544987
-0.0530446
-0.0520572
-0.0515088
-0.0513703
-0.0516117
-0.0522026
-0.0531124
-0.0543102
-0.0557651
-0.0574459
-0.0593213
-0.0613594
-0.0635279
-0.0657936
-0.0681225
-0.0704796
-0.0728284
-0.0751316
-0.0773499
-0.0794427
-0.0813678
-0.083081
-0.0845368
-0.0856873
-0.0864832
-0.0868734
-0.0868048
-0.0862227
-0.085071
-0.0832919
-0.0808266
-0.0776153
-0.0735974
-0.0687116
-0.0628969
-0.0560925
-0.0482384
-0.0392763
-0.0291501
-0.0178067
-0.00519801
0.00871781
0.0239732
0.0405867
0.0585565
0.0778493
0.098384
0.120008
0.142459
0.165324
0.187973
0.209511
0.228727
0.243958
0.253776
0.256435
0.253501
-0.14998
-0.15345
-0.152956
-0.146946
-0.13773
-0.127194
-0.11645
-0.106279
-0.0970522
-0.0886714
-0.0811338
-0.0744644
-0.0686396
-0.0636307
-0.0593523
-0.0557405
-0.0528037
-0.0505162
-0.0488279
-0.0476886
-0.0470516
-0.0468731
-0.0471111
-0.0477256
-0.0486782
-0.0499319
-0.0514508
-0.0531997
-0.0551439
-0.0572487
-0.0594794
-0.061801
-0.0641777
-0.066573
-0.068949
-0.0712671
-0.0734868
-0.0755665
-0.0774625
-0.0791297
-0.080521
-0.0815873
-0.0822778
-0.0825393
-0.082317
-0.081554
-0.080191
-0.0781665
-0.0754181
-0.0718807
-0.0674877
-0.0621699
-0.0558567
-0.0484753
-0.0399508
-0.030206
-0.0191613
-0.0067344
0.00715993
0.0226097
0.0397054
0.0585385
0.0791979
0.101763
0.126292
0.152796
0.181201
0.211281
0.242568
0.274213
0.304784
0.331995
0.352215
0.362225
0.364088
-0.219921
-0.216912
-0.205862
-0.187251
-0.166334
-0.146949
-0.129851
-0.114778
-0.101585
-0.0901913
-0.0804343
-0.072164
-0.0651468
-0.0591639
-0.0541766
-0.0501491
-0.0469871
-0.0445942
-0.0428854
-0.0417866
-0.0412326
-0.0411649
-0.041531
-0.0422829
-0.0433764
-0.04477
-0.0464247
-0.048303
-0.0503684
-0.0525851
-0.0549175
-0.0573298
-0.0597857
-0.0622482
-0.0646793
-0.0670399
-0.0692894
-0.0713857
-0.0732851
-0.074942
-0.0763089
-0.0773364
-0.0779729
-0.0781646
-0.0778558
-0.0769882
-0.0754999
-0.0733281
-0.0704082
-0.0666714
-0.0620454
-0.0564548
-0.0498207
-0.0420594
-0.0330818
-0.022792
-0.0110862
0.00215003
0.0170438
0.0337386
0.0523978
0.0732096
0.096391
0.122192
0.150893
0.182799
0.218206
0.257342
0.300239
0.3465
0.39486
0.442483
0.484215
0.513088
0.528048
-0.398438
-0.342097
-0.278375
-0.226072
-0.186444
-0.155206
-0.13015
-0.110039
-0.0938616
-0.0807451
-0.0699593
-0.0610321
-0.0537485
-0.0479262
-0.0433287
-0.0397699
-0.0371009
-0.035201
-0.033971
-0.0333282
-0.0332026
-0.0335338
-0.0342691
-0.0353612
-0.0367675
-0.0384484
-0.0403668
-0.0424869
-0.0447742
-0.0471946
-0.049714
-0.0522981
-0.0549121
-0.05752
-0.0600852
-0.0625694
-0.0649331
-0.0671351
-0.0691325
-0.0708805
-0.0723323
-0.0734392
-0.0741504
-0.0744142
-0.0741806
-0.0733804
-0.0719383
-0.0698064
-0.0669298
-0.0632316
-0.0586345
-0.0530603
-0.0464259
-0.0386416
-0.0296096
-0.0192221
-0.00735856
0.0061183
0.0213678
0.0385782
0.0579766
0.0798418
0.104521
0.132455
0.164201
0.200469
0.24215
0.29032
0.346183
0.410838
0.484812
0.567816
0.659588
0.757905
0.841181
-1.00033
-0.667436
-0.435853
-0.305206
-0.224041
-0.167928
-0.127947
-0.0993103
-0.0785144
-0.063173
-0.0517747
-0.0432561
-0.0368548
-0.032068
-0.0285407
-0.0260213
-0.0243288
-0.023329
-0.0229191
-0.0230185
-0.0235621
-0.0244963
-0.0257752
-0.0273585
-0.0292099
-0.0312958
-0.0335844
-0.0360448
-0.0386466
-0.0413595
-0.0441527
-0.0469949
-0.0498538
-0.0526961
-0.055487
-0.0581904
-0.0607684
-0.0631816
-0.0653886
-0.0673458
-0.0690077
-0.0703263
-0.0712505
-0.0717274
-0.0717321
-0.0711958
-0.06999
-0.068098
-0.0654981
-0.0620879
-0.057787
-0.0525204
-0.0462068
-0.0387561
-0.0300696
-0.0200369
-0.00853317
0.00458669
0.0194953
0.0364035
0.0555765
0.0773576
0.102204
0.130742
0.163848
0.20278
0.249365
0.30628
0.377418
0.468191
0.585374
0.737301
0.940635
1.23285
1.60643
)
;

boundaryField
{
    movingWall
    {
        type            zeroGradient;
    }
    fixedWalls
    {
        type            zeroGradient;
    }
    frontAndBack
    {
        type            empty;
    }
}


// ************************************************************************* //
