/*--------------------------------*- C++ -*----------------------------------*\
  =========                 |
  \\      /  F ield         | OpenFOAM: The Open Source CFD Toolbox
   \\    /   O peration     | Website:  https://openfoam.org
    \\  /    A nd           | Version:  12
     \\/     M anipulation  |
\*---------------------------------------------------------------------------*/
FoamFile
{
    format      ascii;
    class       volScalarField;
    location    "6.5";
    object      epsilon;
}
// * * * * * * * * * * * * * * * * * * * * * * * * * * * * * * * * * * * * * //

dimensions      [0 2 -3 0 0 0 0];

internalField   nonuniform List<scalar> 
5625
(
9.78947e-10
1.84862e-09
3.91883e-09
6.39049e-09
9.17529e-09
1.22066e-08
1.54358e-08
1.88255e-08
2.2345e-08
2.59679e-08
2.96705e-08
3.34309e-08
3.72288e-08
4.10449e-08
4.48606e-08
4.86584e-08
5.24212e-08
5.61327e-08
5.97769e-08
6.33387e-08
6.68035e-08
7.01571e-08
7.33861e-08
7.64775e-08
7.94193e-08
8.21997e-08
8.4808e-08
8.7234e-08
8.94681e-08
9.15017e-08
9.33269e-08
9.49365e-08
9.63241e-08
9.74843e-08
9.84123e-08
9.91043e-08
9.95574e-08
9.97696e-08
9.97398e-08
9.94677e-08
9.89534e-08
9.81985e-08
9.72056e-08
9.59778e-08
9.45195e-08
9.28356e-08
9.09322e-08
8.88161e-08
8.6495e-08
8.39776e-08
8.12732e-08
7.83921e-08
7.53454e-08
7.2145e-08
6.88035e-08
6.53343e-08
6.17517e-08
5.80705e-08
5.43065e-08
5.0476e-08
4.65963e-08
4.26853e-08
3.87618e-08
3.48457e-08
3.09577e-08
2.712e-08
2.33563e-08
1.96925e-08
1.61575e-08
1.27845e-08
9.61409e-09
6.69843e-09
4.10863e-09
1.93838e-09
1.02647e-09
6.61824e-09
3.60031e-09
3.50426e-09
4.18597e-09
5.23474e-09
6.50372e-09
7.92239e-09
9.45016e-09
1.10603e-08
1.27333e-08
1.44537e-08
1.62084e-08
1.79859e-08
1.9776e-08
2.15689e-08
2.33558e-08
2.5128e-08
2.68775e-08
2.85964e-08
3.02775e-08
3.19136e-08
3.34978e-08
3.50237e-08
3.64852e-08
3.78762e-08
3.91915e-08
4.04256e-08
4.15737e-08
4.26313e-08
4.35943e-08
4.44588e-08
4.52215e-08
4.58792e-08
4.64294e-08
4.68698e-08
4.71985e-08
4.74141e-08
4.75158e-08
4.75028e-08
4.73751e-08
4.71328e-08
4.67765e-08
4.63075e-08
4.57273e-08
4.50379e-08
4.42417e-08
4.33415e-08
4.23407e-08
4.12429e-08
4.00522e-08
3.87733e-08
3.74109e-08
3.59704e-08
3.44576e-08
3.28785e-08
3.12397e-08
2.95481e-08
2.78109e-08
2.60358e-08
2.4231e-08
2.24049e-08
2.05666e-08
1.87258e-08
1.68927e-08
1.50786e-08
1.32958e-08
1.15584e-08
9.88305e-09
8.29082e-09
6.81022e-09
5.48435e-09
4.38765e-09
3.67454e-09
3.77607e-09
6.94106e-09
1.47101e-08
7.21039e-09
5.56078e-09
5.25048e-09
5.50477e-09
6.07067e-09
6.8342e-09
7.73342e-09
8.73022e-09
9.79892e-09
1.09209e-08
1.20818e-08
1.32701e-08
1.44758e-08
1.56904e-08
1.69063e-08
1.81165e-08
1.93146e-08
2.04945e-08
2.16505e-08
2.27775e-08
2.38702e-08
2.4924e-08
2.59344e-08
2.6897e-08
2.78079e-08
2.86634e-08
2.94599e-08
3.01942e-08
3.08632e-08
3.14644e-08
3.19952e-08
3.24535e-08
3.28372e-08
3.31449e-08
3.33752e-08
3.35271e-08
3.35998e-08
3.35929e-08
3.35063e-08
3.334e-08
3.30946e-08
3.27708e-08
3.23697e-08
3.18928e-08
3.13417e-08
3.07186e-08
3.00256e-08
2.92656e-08
2.84414e-08
2.75563e-08
2.66139e-08
2.56181e-08
2.45732e-08
2.34835e-08
2.23541e-08
2.119e-08
1.99967e-08
1.87804e-08
1.75472e-08
1.6304e-08
1.50583e-08
1.38184e-08
1.25934e-08
1.13938e-08
1.02322e-08
9.1238e-09
8.08853e-09
7.15356e-09
6.35915e-09
5.77051e-09
5.50743e-09
5.83552e-09
7.5678e-09
1.54382e-08
2.43119e-08
1.16632e-08
8.45699e-09
7.29104e-09
6.93474e-09
7.00539e-09
7.33866e-09
7.8486e-09
8.4839e-09
9.21098e-09
1.00062e-08
1.0852e-08
1.17348e-08
1.26434e-08
1.35687e-08
1.45027e-08
1.54385e-08
1.63699e-08
1.7291e-08
1.81967e-08
1.90823e-08
1.99432e-08
2.07752e-08
2.15744e-08
2.23372e-08
2.30601e-08
2.37399e-08
2.43737e-08
2.49588e-08
2.54925e-08
2.59727e-08
2.63972e-08
2.67643e-08
2.70722e-08
2.73197e-08
2.75057e-08
2.76291e-08
2.76894e-08
2.76863e-08
2.76196e-08
2.74892e-08
2.72957e-08
2.70396e-08
2.6722e-08
2.63438e-08
2.59066e-08
2.54121e-08
2.48623e-08
2.42593e-08
2.36058e-08
2.29045e-08
2.21586e-08
2.13713e-08
2.05465e-08
1.96881e-08
1.88004e-08
1.78881e-08
1.69564e-08
1.60107e-08
1.50572e-08
1.41026e-08
1.31543e-08
1.22209e-08
1.13124e-08
1.04405e-08
9.61973e-09
8.86876e-09
8.21247e-09
7.68626e-09
7.34416e-09
7.27656e-09
7.65603e-09
8.88446e-09
1.22545e-08
2.55429e-08
3.49734e-08
1.66566e-08
1.18149e-08
9.81587e-09
8.9089e-09
8.56048e-09
8.5478e-09
8.75754e-09
9.12399e-09
9.60498e-09
1.01715e-08
1.08024e-08
1.14816e-08
1.21964e-08
1.29362e-08
1.36922e-08
1.44571e-08
1.52241e-08
1.59875e-08
1.6742e-08
1.74829e-08
1.82057e-08
1.89064e-08
1.95814e-08
2.0227e-08
2.08402e-08
2.1418e-08
2.19575e-08
2.24564e-08
2.29122e-08
2.33229e-08
2.36865e-08
2.40014e-08
2.42662e-08
2.44795e-08
2.46403e-08
2.47479e-08
2.48015e-08
2.48009e-08
2.4746e-08
2.46366e-08
2.44733e-08
2.42565e-08
2.39871e-08
2.36661e-08
2.32949e-08
2.2875e-08
2.24083e-08
2.18968e-08
2.13429e-08
2.07493e-08
2.01189e-08
1.94548e-08
1.87608e-08
1.80406e-08
1.72985e-08
1.65391e-08
1.57677e-08
1.49899e-08
1.42119e-08
1.34409e-08
1.26851e-08
1.19537e-08
1.1258e-08
1.06115e-08
1.00313e-08
9.53988e-09
9.16769e-09
8.95905e-09
8.9831e-09
9.35881e-09
1.03205e-08
1.24289e-08
1.75257e-08
3.6797e-08
4.64024e-08
2.20295e-08
1.54738e-08
1.2635e-08
1.11989e-08
1.04665e-08
1.01497e-08
1.01048e-08
1.02497e-08
1.05331e-08
1.09203e-08
1.13861e-08
1.19118e-08
1.24829e-08
1.30874e-08
1.37157e-08
1.43595e-08
1.50117e-08
1.56661e-08
1.63171e-08
1.69597e-08
1.75895e-08
1.82024e-08
1.87946e-08
1.93627e-08
1.99035e-08
2.04142e-08
2.0892e-08
2.13346e-08
2.17396e-08
2.21051e-08
2.24292e-08
2.27104e-08
2.29472e-08
2.31384e-08
2.3283e-08
2.33802e-08
2.34295e-08
2.34304e-08
2.33831e-08
2.32872e-08
2.31432e-08
2.29517e-08
2.27135e-08
2.24295e-08
2.21011e-08
2.17298e-08
2.13173e-08
2.08658e-08
2.03775e-08
1.98551e-08
1.93015e-08
1.872e-08
1.81141e-08
1.74878e-08
1.68456e-08
1.61922e-08
1.55329e-08
1.48739e-08
1.42219e-08
1.35844e-08
1.29705e-08
1.23907e-08
1.18577e-08
1.13869e-08
1.09983e-08
1.07179e-08
1.05825e-08
1.0646e-08
1.09946e-08
1.17796e-08
1.33041e-08
1.63043e-08
2.32183e-08
4.89068e-08
5.83785e-08
2.76696e-08
1.93379e-08
1.56469e-08
1.36899e-08
1.25919e-08
1.1995e-08
1.17226e-08
1.1675e-08
1.17907e-08
1.20286e-08
1.23596e-08
1.27622e-08
1.32197e-08
1.37188e-08
1.42488e-08
1.48006e-08
1.53665e-08
1.59397e-08
1.65143e-08
1.70851e-08
1.76474e-08
1.81971e-08
1.87301e-08
1.92431e-08
1.97327e-08
2.01961e-08
2.06306e-08
2.10337e-08
2.14032e-08
2.17371e-08
2.20336e-08
2.22911e-08
2.25082e-08
2.26838e-08
2.28168e-08
2.29065e-08
2.29523e-08
2.29539e-08
2.29114e-08
2.28244e-08
2.26934e-08
2.2519e-08
2.2302e-08
2.20433e-08
2.17444e-08
2.14067e-08
2.1032e-08
2.06224e-08
2.01804e-08
1.97085e-08
1.92098e-08
1.86877e-08
1.81458e-08
1.75883e-08
1.70197e-08
1.64453e-08
1.58707e-08
1.53025e-08
1.4748e-08
1.42155e-08
1.37148e-08
1.32575e-08
1.28578e-08
1.25332e-08
1.23064e-08
1.22082e-08
1.22815e-08
1.25912e-08
1.3242e-08
1.44201e-08
1.65027e-08
2.0413e-08
2.92193e-08
6.16511e-08
7.07217e-08
3.34885e-08
2.33379e-08
1.87848e-08
1.63108e-08
1.48586e-08
1.39975e-08
1.35157e-08
1.32953e-08
1.32638e-08
1.33732e-08
1.35903e-08
1.38905e-08
1.4255e-08
1.46691e-08
1.51207e-08
1.55999e-08
1.60983e-08
1.66088e-08
1.71249e-08
1.76411e-08
1.81525e-08
1.86547e-08
1.91435e-08
1.96155e-08
2.00672e-08
2.04957e-08
2.08982e-08
2.12722e-08
2.16156e-08
2.19263e-08
2.22024e-08
2.24424e-08
2.26449e-08
2.28086e-08
2.29328e-08
2.30165e-08
2.30592e-08
2.30607e-08
2.30208e-08
2.29395e-08
2.28172e-08
2.26544e-08
2.2452e-08
2.2211e-08
2.19328e-08
2.16189e-08
2.12713e-08
2.0892e-08
2.04836e-08
2.00489e-08
1.9591e-08
1.91134e-08
1.86201e-08
1.81154e-08
1.76042e-08
1.70918e-08
1.65845e-08
1.60891e-08
1.56135e-08
1.51668e-08
1.47598e-08
1.44053e-08
1.4119e-08
1.39208e-08
1.38365e-08
1.39012e-08
1.41652e-08
1.47047e-08
1.56441e-08
1.72067e-08
1.98475e-08
2.46841e-08
3.54386e-08
7.48474e-08
8.32791e-08
3.94122e-08
2.74183e-08
2.19987e-08
1.90116e-08
1.7214e-08
1.61001e-08
1.54226e-08
1.50439e-08
1.48803e-08
1.4877e-08
1.49957e-08
1.5209e-08
1.54958e-08
1.58397e-08
1.62275e-08
1.66484e-08
1.70933e-08
1.75543e-08
1.80247e-08
1.84986e-08
1.89708e-08
1.94366e-08
1.98918e-08
2.03326e-08
2.07556e-08
2.11577e-08
2.15361e-08
2.18882e-08
2.22118e-08
2.25047e-08
2.27652e-08
2.29917e-08
2.31827e-08
2.33371e-08
2.34539e-08
2.35324e-08
2.3572e-08
2.35723e-08
2.35335e-08
2.34554e-08
2.33384e-08
2.31832e-08
2.29907e-08
2.2762e-08
2.24984e-08
2.22017e-08
2.18737e-08
2.15168e-08
2.11335e-08
2.07267e-08
2.02998e-08
1.98564e-08
1.94007e-08
1.89372e-08
1.84712e-08
1.80085e-08
1.75555e-08
1.71196e-08
1.67095e-08
1.63349e-08
1.60077e-08
1.57418e-08
1.55547e-08
1.54686e-08
1.55127e-08
1.57267e-08
1.61687e-08
1.69266e-08
1.81456e-08
2.0087e-08
2.32861e-08
2.90598e-08
4.1799e-08
8.83361e-08
9.59174e-08
4.53768e-08
3.15329e-08
2.52483e-08
2.17538e-08
1.96188e-08
1.8262e-08
1.73995e-08
1.68742e-08
1.65907e-08
1.64868e-08
1.65196e-08
1.66581e-08
1.68792e-08
1.71647e-08
1.75002e-08
1.78738e-08
1.82757e-08
1.86976e-08
1.91321e-08
1.95731e-08
2.00149e-08
2.04527e-08
2.08821e-08
2.12991e-08
2.17002e-08
2.20822e-08
2.24421e-08
2.27773e-08
2.30856e-08
2.33648e-08
2.36131e-08
2.38287e-08
2.40104e-08
2.4157e-08
2.42674e-08
2.4341e-08
2.43771e-08
2.43756e-08
2.43365e-08
2.42595e-08
2.41454e-08
2.39948e-08
2.38085e-08
2.35878e-08
2.33342e-08
2.30493e-08
2.27352e-08
2.23943e-08
2.20294e-08
2.16434e-08
2.12399e-08
2.08228e-08
2.03963e-08
1.99655e-08
1.95357e-08
1.91132e-08
1.87048e-08
1.83186e-08
1.79636e-08
1.76506e-08
1.73924e-08
1.72042e-08
1.71055e-08
1.71206e-08
1.72821e-08
1.76353e-08
1.82454e-08
1.92129e-08
2.0704e-08
2.30192e-08
2.67749e-08
3.34898e-08
4.82314e-08
1.01973e-07
1.08521e-07
5.13269e-08
3.56419e-08
2.85e-08
2.45061e-08
2.20423e-08
2.04517e-08
1.94138e-08
1.87518e-08
1.83584e-08
1.81641e-08
1.81211e-08
1.81949e-08
1.836e-08
1.85967e-08
1.88891e-08
1.92244e-08
1.9592e-08
1.99829e-08
2.03894e-08
2.08048e-08
2.12233e-08
2.16397e-08
2.20494e-08
2.24483e-08
2.28327e-08
2.31993e-08
2.3545e-08
2.38673e-08
2.41636e-08
2.44319e-08
2.46703e-08
2.48771e-08
2.5051e-08
2.51907e-08
2.52952e-08
2.53639e-08
2.53962e-08
2.53919e-08
2.53512e-08
2.52737e-08
2.51603e-08
2.50115e-08
2.48285e-08
2.46124e-08
2.43648e-08
2.40876e-08
2.37828e-08
2.3453e-08
2.31011e-08
2.27303e-08
2.23443e-08
2.1947e-08
2.15433e-08
2.11381e-08
2.07373e-08
2.03475e-08
1.99759e-08
1.96313e-08
1.93232e-08
1.90634e-08
1.88655e-08
1.87464e-08
1.8727e-08
1.88345e-08
1.9105e-08
1.95887e-08
2.03588e-08
2.15284e-08
2.32847e-08
2.59677e-08
3.02752e-08
3.79283e-08
5.46714e-08
1.15623e-07
1.20987e-07
5.72145e-08
3.97113e-08
3.17255e-08
2.72427e-08
2.44595e-08
2.26442e-08
2.14399e-08
2.065e-08
2.01555e-08
1.98795e-08
1.97692e-08
1.97869e-08
1.99043e-08
2.01001e-08
2.03571e-08
2.06615e-08
2.10019e-08
2.13685e-08
2.17534e-08
2.21493e-08
2.25501e-08
2.29504e-08
2.33454e-08
2.37307e-08
2.41025e-08
2.44574e-08
2.47923e-08
2.51045e-08
2.53915e-08
2.5651e-08
2.58813e-08
2.60807e-08
2.62476e-08
2.6381e-08
2.64799e-08
2.65436e-08
2.65715e-08
2.65636e-08
2.65199e-08
2.64404e-08
2.63256e-08
2.61765e-08
2.59941e-08
2.57797e-08
2.5535e-08
2.52618e-08
2.49625e-08
2.46397e-08
2.42964e-08
2.39361e-08
2.35625e-08
2.318e-08
2.27933e-08
2.24081e-08
2.20303e-08
2.16669e-08
2.13258e-08
2.1016e-08
2.0748e-08
2.05343e-08
2.03895e-08
2.03321e-08
2.03847e-08
2.0577e-08
2.0949e-08
2.15558e-08
2.24786e-08
2.38429e-08
2.58573e-08
2.89007e-08
3.37517e-08
4.23323e-08
6.10586e-08
1.2916e-07
1.33232e-07
6.29986e-08
4.37123e-08
3.49011e-08
2.99424e-08
2.68503e-08
2.48195e-08
2.34575e-08
2.25479e-08
2.19604e-08
2.16104e-08
2.14403e-08
2.1409e-08
2.14858e-08
2.16475e-08
2.18757e-08
2.21554e-08
2.24744e-08
2.28225e-08
2.3191e-08
2.35724e-08
2.39602e-08
2.43487e-08
2.47328e-08
2.51081e-08
2.54706e-08
2.58168e-08
2.61435e-08
2.64478e-08
2.67273e-08
2.69797e-08
2.72031e-08
2.73959e-08
2.75565e-08
2.76839e-08
2.77771e-08
2.78354e-08
2.78584e-08
2.78459e-08
2.7798e-08
2.77148e-08
2.7597e-08
2.74455e-08
2.72614e-08
2.70461e-08
2.68013e-08
2.65292e-08
2.6232e-08
2.59127e-08
2.55742e-08
2.52203e-08
2.48549e-08
2.44826e-08
2.41085e-08
2.37382e-08
2.33783e-08
2.30361e-08
2.27199e-08
2.24393e-08
2.22055e-08
2.20317e-08
2.19339e-08
2.19318e-08
2.20498e-08
2.23205e-08
2.27872e-08
2.35102e-08
2.45785e-08
2.613e-08
2.83943e-08
3.17886e-08
3.71712e-08
4.66614e-08
6.73351e-08
1.4246e-07
1.45183e-07
6.86455e-08
4.76211e-08
3.80075e-08
3.25878e-08
2.91983e-08
2.69617e-08
2.54505e-08
2.44292e-08
2.37559e-08
2.33389e-08
2.31157e-08
2.30418e-08
2.30842e-08
2.32176e-08
2.34224e-08
2.36827e-08
2.39854e-08
2.43196e-08
2.46761e-08
2.50471e-08
2.54256e-08
2.58058e-08
2.61822e-08
2.65504e-08
2.69062e-08
2.72459e-08
2.75663e-08
2.78644e-08
2.81378e-08
2.83841e-08
2.86014e-08
2.87881e-08
2.89427e-08
2.9064e-08
2.91512e-08
2.92036e-08
2.92207e-08
2.92027e-08
2.91493e-08
2.9061e-08
2.89384e-08
2.87825e-08
2.85946e-08
2.8376e-08
2.81287e-08
2.78548e-08
2.75569e-08
2.72378e-08
2.69009e-08
2.65499e-08
2.6189e-08
2.58231e-08
2.54573e-08
2.50978e-08
2.47514e-08
2.44256e-08
2.41295e-08
2.38731e-08
2.36683e-08
2.35292e-08
2.34729e-08
2.35202e-08
2.36978e-08
2.40408e-08
2.45957e-08
2.54281e-08
2.66346e-08
2.83653e-08
3.08701e-08
3.46038e-08
4.05021e-08
5.08764e-08
7.3445e-08
1.55408e-07
1.56785e-07
7.4129e-08
5.14195e-08
4.10296e-08
3.51656e-08
3.14911e-08
2.90586e-08
2.74067e-08
2.62812e-08
2.5529e-08
2.50515e-08
2.47812e-08
2.46704e-08
2.46836e-08
2.47937e-08
2.498e-08
2.52254e-08
2.55159e-08
2.58401e-08
2.61882e-08
2.65521e-08
2.69244e-08
2.72989e-08
2.76702e-08
2.80335e-08
2.83844e-08
2.87193e-08
2.90347e-08
2.93278e-08
2.95958e-08
2.98366e-08
3.00482e-08
3.02289e-08
3.03773e-08
3.04922e-08
3.05729e-08
3.06185e-08
3.06289e-08
3.06041e-08
3.0544e-08
3.0449e-08
3.03199e-08
3.01578e-08
2.99639e-08
2.97399e-08
2.94877e-08
2.92096e-08
2.89082e-08
2.85866e-08
2.82482e-08
2.7897e-08
2.75373e-08
2.71742e-08
2.68133e-08
2.64607e-08
2.61238e-08
2.58105e-08
2.55302e-08
2.52935e-08
2.51131e-08
2.50038e-08
2.49838e-08
2.50753e-08
2.53071e-08
2.57164e-08
2.63532e-08
2.72882e-08
2.86253e-08
3.05263e-08
3.32608e-08
3.73198e-08
4.37139e-08
5.49393e-08
7.93336e-08
1.67886e-07
1.67998e-07
7.94303e-08
5.50943e-08
4.39568e-08
3.76665e-08
3.37198e-08
3.11016e-08
2.93173e-08
2.80949e-08
2.72705e-08
2.67382e-08
2.64263e-08
2.62836e-08
2.62723e-08
2.63635e-08
2.65353e-08
2.67694e-08
2.70512e-08
2.73686e-08
2.77113e-08
2.80706e-08
2.8439e-08
2.88101e-08
2.9178e-08
2.95379e-08
2.98853e-08
3.02164e-08
3.05277e-08
3.08162e-08
3.10793e-08
3.13148e-08
3.15205e-08
3.16949e-08
3.18366e-08
3.19445e-08
3.20177e-08
3.20556e-08
3.2058e-08
3.20251e-08
3.19567e-08
3.18534e-08
3.17161e-08
3.15458e-08
3.1344e-08
3.11124e-08
3.0853e-08
3.05683e-08
3.02609e-08
2.99342e-08
2.95916e-08
2.92373e-08
2.88759e-08
2.85126e-08
2.81532e-08
2.78043e-08
2.74733e-08
2.71687e-08
2.69003e-08
2.66794e-08
2.6519e-08
2.64351e-08
2.64468e-08
2.65775e-08
2.6858e-08
2.73278e-08
2.80401e-08
2.90705e-08
3.05299e-08
3.25913e-08
3.55432e-08
3.99111e-08
4.67767e-08
5.8813e-08
8.49477e-08
1.79782e-07
1.788e-07
8.45389e-08
5.86382e-08
4.6783e-08
4.00849e-08
3.58792e-08
3.30853e-08
3.1177e-08
2.98647e-08
2.8974e-08
2.83926e-08
2.80439e-08
2.78737e-08
2.78421e-08
2.79181e-08
2.80787e-08
2.83047e-08
2.85807e-08
2.88937e-08
2.92332e-08
2.959e-08
2.99563e-08
3.03252e-08
3.0691e-08
3.10485e-08
3.1393e-08
3.17208e-08
3.20282e-08
3.23122e-08
3.25702e-08
3.27999e-08
3.29992e-08
3.31666e-08
3.33007e-08
3.34004e-08
3.3465e-08
3.34939e-08
3.34869e-08
3.34442e-08
3.33658e-08
3.32524e-08
3.31049e-08
3.29246e-08
3.27128e-08
3.24715e-08
3.22027e-08
3.19091e-08
3.15934e-08
3.1259e-08
3.09097e-08
3.05497e-08
3.01838e-08
2.98174e-08
2.94566e-08
2.91082e-08
2.878e-08
2.84808e-08
2.82208e-08
2.80118e-08
2.78676e-08
2.78048e-08
2.78435e-08
2.80086e-08
2.83325e-08
2.88568e-08
2.96381e-08
3.07562e-08
3.23289e-08
3.45398e-08
3.76951e-08
4.23528e-08
4.96618e-08
6.24612e-08
9.02349e-08
1.90986e-07
1.89187e-07
8.94527e-08
6.20496e-08
4.95069e-08
4.24195e-08
3.79677e-08
3.5008e-08
3.29836e-08
3.1588e-08
3.06368e-08
3.00111e-08
2.96301e-08
2.94365e-08
2.93879e-08
2.9452e-08
2.96043e-08
2.98247e-08
3.00969e-08
3.04076e-08
3.07455e-08
3.11011e-08
3.14663e-08
3.18341e-08
3.21983e-08
3.25537e-08
3.28955e-08
3.32198e-08
3.3523e-08
3.3802e-08
3.40541e-08
3.42771e-08
3.4469e-08
3.46281e-08
3.47532e-08
3.48433e-08
3.48976e-08
3.49156e-08
3.48975e-08
3.48431e-08
3.47528e-08
3.46273e-08
3.44676e-08
3.4275e-08
3.40511e-08
3.37979e-08
3.35175e-08
3.32126e-08
3.28862e-08
3.25419e-08
3.21834e-08
3.18152e-08
3.14423e-08
3.10702e-08
3.07052e-08
3.03545e-08
3.0026e-08
2.97291e-08
2.94741e-08
2.92735e-08
2.91416e-08
2.90959e-08
2.91572e-08
2.93519e-08
2.97137e-08
3.02865e-08
3.11297e-08
3.23274e-08
3.40037e-08
3.63519e-08
3.96948e-08
4.46206e-08
5.23406e-08
6.58483e-08
9.51436e-08
2.01389e-07
1.99173e-07
9.41783e-08
6.53331e-08
5.2132e-08
4.46731e-08
3.99875e-08
3.68713e-08
3.47382e-08
3.32656e-08
3.22591e-08
3.15936e-08
3.11842e-08
3.09705e-08
3.0908e-08
3.09629e-08
3.11091e-08
3.13259e-08
3.15961e-08
3.19057e-08
3.22431e-08
3.25984e-08
3.2963e-08
3.33298e-08
3.36924e-08
3.40455e-08
3.43841e-08
3.47042e-08
3.50023e-08
3.52751e-08
3.552e-08
3.57348e-08
3.59175e-08
3.60666e-08
3.61808e-08
3.62592e-08
3.63012e-08
3.63063e-08
3.62748e-08
3.62064e-08
3.61018e-08
3.59619e-08
3.57877e-08
3.55805e-08
3.53421e-08
3.50746e-08
3.47802e-08
3.44618e-08
3.41224e-08
3.37657e-08
3.33957e-08
3.30169e-08
3.26345e-08
3.22542e-08
3.18824e-08
3.15267e-08
3.11952e-08
3.08974e-08
3.06443e-08
3.04487e-08
3.03256e-08
3.02929e-08
3.03724e-08
3.05917e-08
3.0986e-08
3.16009e-08
3.24987e-08
3.37673e-08
3.55364e-08
3.80085e-08
4.15215e-08
4.6691e-08
5.47855e-08
6.89392e-08
9.96232e-08
2.10882e-07
2.0879e-07
9.87314e-08
6.84993e-08
5.46666e-08
4.68526e-08
4.19446e-08
3.86805e-08
3.64455e-08
3.49013e-08
3.38441e-08
3.31429e-08
3.27085e-08
3.24776e-08
3.24038e-08
3.24515e-08
3.25934e-08
3.2808e-08
3.30774e-08
3.33868e-08
3.37243e-08
3.40794e-08
3.44435e-08
3.48089e-08
3.51694e-08
3.55192e-08
3.58535e-08
3.61681e-08
3.64594e-08
3.67243e-08
3.69601e-08
3.71646e-08
3.73359e-08
3.74725e-08
3.75734e-08
3.76375e-08
3.76645e-08
3.7654e-08
3.76063e-08
3.75213e-08
3.73997e-08
3.72426e-08
3.70512e-08
3.68268e-08
3.65713e-08
3.62869e-08
3.59761e-08
3.56416e-08
3.52868e-08
3.49153e-08
3.45313e-08
3.41395e-08
3.37452e-08
3.33542e-08
3.29732e-08
3.26098e-08
3.22725e-08
3.19711e-08
3.17169e-08
3.1523e-08
3.14049e-08
3.13813e-08
3.14746e-08
3.17135e-08
3.21344e-08
3.27848e-08
3.37294e-08
3.50594e-08
3.69098e-08
3.94911e-08
4.31547e-08
4.8541e-08
5.69693e-08
7.16996e-08
1.03624e-07
2.19362e-07
2.18091e-07
1.03136e-07
7.15654e-08
5.71242e-08
4.89691e-08
4.38488e-08
4.04441e-08
3.81131e-08
3.65021e-08
3.53983e-08
3.46647e-08
3.42082e-08
3.39626e-08
3.38795e-08
3.39217e-08
3.40608e-08
3.42742e-08
3.45433e-08
3.4853e-08
3.51905e-08
3.55452e-08
3.5908e-08
3.62713e-08
3.66284e-08
3.69735e-08
3.73017e-08
3.76088e-08
3.78911e-08
3.81456e-08
3.83697e-08
3.85611e-08
3.87181e-08
3.88392e-08
3.89235e-08
3.89702e-08
3.89789e-08
3.89497e-08
3.88824e-08
3.87774e-08
3.86357e-08
3.84583e-08
3.82465e-08
3.80019e-08
3.77264e-08
3.74223e-08
3.70921e-08
3.67389e-08
3.6366e-08
3.59772e-08
3.55767e-08
3.51695e-08
3.47607e-08
3.43566e-08
3.39639e-08
3.35902e-08
3.32445e-08
3.29367e-08
3.26783e-08
3.24828e-08
3.23662e-08
3.23477e-08
3.24502e-08
3.27036e-08
3.31452e-08
3.3824e-08
3.4807e-08
3.61883e-08
3.81074e-08
4.07819e-08
4.45749e-08
5.01483e-08
5.88656e-08
7.40963e-08
1.07097e-07
2.26724e-07
2.27148e-07
1.07427e-07
7.45544e-08
5.95229e-08
5.10382e-08
4.57133e-08
4.21742e-08
3.9752e-08
3.80782e-08
3.69311e-08
3.61679e-08
3.56915e-08
3.54333e-08
3.53424e-08
3.53804e-08
3.55175e-08
3.57304e-08
3.59996e-08
3.63093e-08
3.66465e-08
3.7e-08
3.73606e-08
3.77202e-08
3.80721e-08
3.84105e-08
3.87303e-08
3.90272e-08
3.92977e-08
3.95386e-08
3.97476e-08
3.99223e-08
4.00613e-08
4.01632e-08
4.02271e-08
4.02524e-08
4.0239e-08
4.01868e-08
4.0096e-08
3.99673e-08
3.98017e-08
3.96002e-08
3.93644e-08
3.9096e-08
3.87971e-08
3.847e-08
3.81174e-08
3.77425e-08
3.73486e-08
3.69397e-08
3.65201e-08
3.60947e-08
3.56691e-08
3.52492e-08
3.48422e-08
3.44558e-08
3.40989e-08
3.37818e-08
3.35162e-08
3.33159e-08
3.31971e-08
3.31795e-08
3.32866e-08
3.35491e-08
3.40051e-08
3.4705e-08
3.57175e-08
3.71393e-08
3.91136e-08
4.1864e-08
4.57634e-08
5.14916e-08
6.04492e-08
7.60969e-08
1.09997e-07
2.32871e-07
2.36049e-07
1.11646e-07
7.74956e-08
6.1886e-08
5.30793e-08
4.75554e-08
4.38861e-08
4.13762e-08
3.96425e-08
3.84546e-08
3.76639e-08
3.71697e-08
3.69002e-08
3.68029e-08
3.68376e-08
3.69734e-08
3.7186e-08
3.74551e-08
3.77645e-08
3.81005e-08
3.84517e-08
3.88084e-08
3.91625e-08
3.95069e-08
3.98358e-08
4.01441e-08
4.04276e-08
4.06826e-08
4.09061e-08
4.10958e-08
4.12496e-08
4.13661e-08
4.14442e-08
4.1483e-08
4.14821e-08
4.14419e-08
4.1362e-08
4.12431e-08
4.1086e-08
4.08919e-08
4.0662e-08
4.03981e-08
4.01018e-08
3.97756e-08
3.94218e-08
3.90432e-08
3.86432e-08
3.82251e-08
3.7793e-08
3.73513e-08
3.6905e-08
3.64596e-08
3.60214e-08
3.55974e-08
3.51955e-08
3.48247e-08
3.44954e-08
3.42195e-08
3.40109e-08
3.38862e-08
3.38654e-08
3.39723e-08
3.42382e-08
3.47021e-08
3.54153e-08
3.64478e-08
3.78986e-08
3.99137e-08
4.27213e-08
4.67023e-08
5.25506e-08
6.16959e-08
7.76709e-08
1.12278e-07
2.37707e-07
2.44905e-07
1.15845e-07
8.04242e-08
6.4241e-08
5.51156e-08
4.93954e-08
4.55983e-08
4.30027e-08
4.1211e-08
3.99839e-08
3.91673e-08
3.86565e-08
3.83769e-08
3.8274e-08
3.83061e-08
3.84409e-08
3.86533e-08
3.89221e-08
3.92304e-08
3.95641e-08
3.99114e-08
4.02623e-08
4.06084e-08
4.09425e-08
4.12587e-08
4.15519e-08
4.18179e-08
4.2053e-08
4.22545e-08
4.242e-08
4.25477e-08
4.26364e-08
4.2685e-08
4.26932e-08
4.26609e-08
4.25879e-08
4.24748e-08
4.23223e-08
4.21315e-08
4.19037e-08
4.16403e-08
4.13432e-08
4.10144e-08
4.06563e-08
4.02715e-08
3.98629e-08
3.94338e-08
3.89878e-08
3.85291e-08
3.8062e-08
3.75916e-08
3.71236e-08
3.66641e-08
3.62202e-08
3.57999e-08
3.54123e-08
3.50677e-08
3.47782e-08
3.45578e-08
3.44234e-08
3.43949e-08
3.44966e-08
3.47601e-08
3.5225e-08
3.59433e-08
3.6986e-08
3.84534e-08
4.04939e-08
4.3339e-08
4.7375e-08
5.33063e-08
6.25831e-08
7.87896e-08
1.13899e-07
2.41144e-07
2.53838e-07
1.20081e-07
8.33805e-08
6.66198e-08
5.7174e-08
5.12569e-08
4.7332e-08
4.46511e-08
4.2802e-08
4.15367e-08
4.06951e-08
4.01685e-08
3.98797e-08
3.97719e-08
3.98019e-08
3.9936e-08
4.0148e-08
4.0416e-08
4.07224e-08
4.10525e-08
4.1394e-08
4.17367e-08
4.2072e-08
4.23925e-08
4.26921e-08
4.29659e-08
4.32096e-08
4.34197e-08
4.35936e-08
4.37291e-08
4.38247e-08
4.38793e-08
4.38922e-08
4.38634e-08
4.37927e-08
4.36806e-08
4.35278e-08
4.33354e-08
4.31046e-08
4.28369e-08
4.25341e-08
4.21982e-08
4.18314e-08
4.14362e-08
4.10154e-08
4.05721e-08
4.01095e-08
3.96315e-08
3.91421e-08
3.86459e-08
3.81479e-08
3.76537e-08
3.71696e-08
3.67027e-08
3.62609e-08
3.58533e-08
3.54902e-08
3.51837e-08
3.49479e-08
3.47995e-08
3.47588e-08
3.48502e-08
3.51052e-08
3.55639e-08
3.62786e-08
3.7321e-08
3.87922e-08
4.08419e-08
4.37035e-08
4.77667e-08
5.37415e-08
6.30905e-08
7.94268e-08
1.14821e-07
2.431e-07
2.62988e-07
1.2442e-07
8.64097e-08
6.90578e-08
5.92844e-08
5.31661e-08
4.91109e-08
4.63435e-08
4.44365e-08
4.31328e-08
4.22665e-08
4.17247e-08
4.14274e-08
4.13154e-08
4.13437e-08
4.14774e-08
4.16889e-08
4.19557e-08
4.22592e-08
4.25842e-08
4.29179e-08
4.32498e-08
4.3571e-08
4.3874e-08
4.41527e-08
4.4402e-08
4.46179e-08
4.4797e-08
4.49369e-08
4.50358e-08
4.50922e-08
4.51055e-08
4.50754e-08
4.50019e-08
4.48854e-08
4.47266e-08
4.45267e-08
4.4287e-08
4.4009e-08
4.36945e-08
4.33454e-08
4.29642e-08
4.25531e-08
4.21148e-08
4.16523e-08
4.11688e-08
4.06677e-08
4.01527e-08
3.96282e-08
3.90986e-08
3.85689e-08
3.80448e-08
3.75325e-08
3.7039e-08
3.65722e-08
3.61411e-08
3.5756e-08
3.54288e-08
3.51736e-08
3.50071e-08
3.49494e-08
3.50249e-08
3.5265e-08
3.571e-08
3.64122e-08
3.74434e-08
3.8905e-08
4.09468e-08
4.3803e-08
4.78639e-08
5.38412e-08
6.31999e-08
7.95597e-08
1.15011e-07
2.43506e-07
2.72508e-07
1.28935e-07
8.95609e-08
7.15938e-08
6.14793e-08
5.51517e-08
5.09611e-08
4.81038e-08
4.61371e-08
4.47943e-08
4.39032e-08
4.33467e-08
4.30414e-08
4.29259e-08
4.29533e-08
4.3087e-08
4.32982e-08
4.35634e-08
4.38631e-08
4.41814e-08
4.45052e-08
4.48233e-08
4.51267e-08
4.54078e-08
4.56605e-08
4.58796e-08
4.60614e-08
4.62027e-08
4.63013e-08
4.63557e-08
4.63649e-08
4.63287e-08
4.6247e-08
4.61202e-08
4.59492e-08
4.57353e-08
4.54797e-08
4.51843e-08
4.48509e-08
4.44816e-08
4.40787e-08
4.36446e-08
4.31821e-08
4.26939e-08
4.21833e-08
4.16534e-08
4.11079e-08
4.05506e-08
3.99857e-08
3.94178e-08
3.88519e-08
3.82935e-08
3.77489e-08
3.72248e-08
3.67292e-08
3.62707e-08
3.58596e-08
3.55078e-08
3.5229e-08
3.50397e-08
3.49601e-08
3.50143e-08
3.52335e-08
3.56575e-08
3.63385e-08
3.73477e-08
3.8786e-08
4.08028e-08
4.3631e-08
4.76594e-08
5.35964e-08
6.29001e-08
7.9173e-08
1.14447e-07
2.42313e-07
2.82559e-07
1.33701e-07
9.28864e-08
7.42687e-08
6.37932e-08
5.72438e-08
5.29098e-08
4.99577e-08
4.79284e-08
4.6545e-08
4.56287e-08
4.50578e-08
4.47455e-08
4.46276e-08
4.46551e-08
4.47897e-08
4.50012e-08
4.52646e-08
4.55598e-08
4.58699e-08
4.61813e-08
4.64825e-08
4.67641e-08
4.70183e-08
4.72391e-08
4.74215e-08
4.75619e-08
4.76575e-08
4.77064e-08
4.77074e-08
4.76603e-08
4.75649e-08
4.74218e-08
4.72321e-08
4.6997e-08
4.67182e-08
4.63975e-08
4.6037e-08
4.5639e-08
4.52059e-08
4.47404e-08
4.42452e-08
4.37233e-08
4.31776e-08
4.26115e-08
4.20284e-08
4.1432e-08
4.08262e-08
4.02151e-08
3.96034e-08
3.8996e-08
3.83984e-08
3.78166e-08
3.72576e-08
3.67289e-08
3.62395e-08
3.5799e-08
3.5419e-08
3.51129e-08
3.48969e-08
3.47904e-08
3.48175e-08
3.50083e-08
3.54026e-08
3.60519e-08
3.70267e-08
3.84268e-08
4.03997e-08
4.3176e-08
4.714e-08
5.2992e-08
6.21735e-08
7.8245e-08
1.13097e-07
2.39452e-07
2.93311e-07
1.38798e-07
9.64405e-08
7.7125e-08
6.62615e-08
5.94736e-08
5.49855e-08
5.19319e-08
4.9836e-08
4.841e-08
4.74682e-08
4.68836e-08
4.65656e-08
4.6447e-08
4.64764e-08
4.66134e-08
4.6826e-08
4.7088e-08
4.73781e-08
4.76786e-08
4.79751e-08
4.82557e-08
4.85108e-08
4.87324e-08
4.89147e-08
4.90528e-08
4.91434e-08
4.91841e-08
4.91736e-08
4.91112e-08
4.89971e-08
4.88318e-08
4.86166e-08
4.83529e-08
4.80428e-08
4.76882e-08
4.72916e-08
4.68556e-08
4.63828e-08
4.58762e-08
4.53386e-08
4.47731e-08
4.41829e-08
4.35714e-08
4.29418e-08
4.22979e-08
4.16433e-08
4.0982e-08
4.03183e-08
3.96567e-08
3.90022e-08
3.83605e-08
3.77373e-08
3.7139e-08
3.6573e-08
3.60473e-08
3.55719e-08
3.51578e-08
3.48184e-08
3.45692e-08
3.44295e-08
3.44227e-08
3.45782e-08
3.49349e-08
3.55434e-08
3.64725e-08
3.78201e-08
3.97312e-08
4.2432e-08
4.62998e-08
5.2022e-08
6.10131e-08
7.67665e-08
1.10947e-07
2.34894e-07
3.04935e-07
1.44306e-07
1.00278e-07
8.02055e-08
6.89202e-08
6.18727e-08
5.7217e-08
5.40535e-08
5.18862e-08
5.04157e-08
4.94483e-08
4.88513e-08
4.85298e-08
4.84131e-08
4.84469e-08
4.85886e-08
4.8804e-08
4.90653e-08
4.93499e-08
4.96392e-08
4.9918e-08
5.01738e-08
5.03968e-08
5.05792e-08
5.0715e-08
5.07999e-08
5.08308e-08
5.08062e-08
5.07251e-08
5.05875e-08
5.03944e-08
5.01471e-08
4.98474e-08
4.94976e-08
4.91002e-08
4.86579e-08
4.81738e-08
4.76508e-08
4.70922e-08
4.65013e-08
4.58813e-08
4.52356e-08
4.45677e-08
4.38812e-08
4.31795e-08
4.24665e-08
4.1746e-08
4.1022e-08
4.02988e-08
3.95812e-08
3.88738e-08
3.81814e-08
3.75099e-08
3.68658e-08
3.62561e-08
3.56892e-08
3.51741e-08
3.47216e-08
3.43443e-08
3.40575e-08
3.38794e-08
3.3833e-08
3.39465e-08
3.42576e-08
3.48154e-08
3.56872e-08
3.6968e-08
3.8799e-08
4.14005e-08
4.51401e-08
5.06872e-08
5.94192e-08
7.47374e-08
1.07997e-07
2.28639e-07
3.17601e-07
1.50305e-07
1.04454e-07
8.35523e-08
7.18045e-08
6.44721e-08
5.96327e-08
5.63495e-08
5.41057e-08
5.25889e-08
5.15965e-08
5.09894e-08
5.06679e-08
5.05569e-08
5.05988e-08
5.07483e-08
5.09687e-08
5.12304e-08
5.15092e-08
5.17854e-08
5.20429e-08
5.22688e-08
5.24531e-08
5.2588e-08
5.26677e-08
5.26886e-08
5.26484e-08
5.25459e-08
5.23811e-08
5.2155e-08
5.18692e-08
5.1526e-08
5.1128e-08
5.06784e-08
5.01803e-08
4.96373e-08
4.90529e-08
4.84307e-08
4.77745e-08
4.70879e-08
4.63746e-08
4.56384e-08
4.4883e-08
4.4112e-08
4.33293e-08
4.25387e-08
4.17442e-08
4.095e-08
4.016e-08
3.93787e-08
3.86107e-08
3.78613e-08
3.7136e-08
3.6441e-08
3.57829e-08
3.51696e-08
3.46099e-08
3.41139e-08
3.36938e-08
3.3364e-08
3.3142e-08
3.30497e-08
3.31144e-08
3.33719e-08
3.38699e-08
3.46728e-08
3.58727e-08
3.76057e-08
4.00845e-08
4.36644e-08
4.89919e-08
5.73972e-08
7.21644e-08
1.04256e-07
2.20705e-07
3.31473e-07
1.56872e-07
1.09019e-07
8.72057e-08
7.49478e-08
6.73011e-08
6.22599e-08
5.88464e-08
5.6521e-08
5.49567e-08
5.39411e-08
5.33277e-08
5.3011e-08
5.29111e-08
5.2966e-08
5.31272e-08
5.33554e-08
5.36187e-08
5.38911e-08
5.41515e-08
5.4383e-08
5.45723e-08
5.47092e-08
5.4786e-08
5.47982e-08
5.47422e-08
5.46167e-08
5.44214e-08
5.41576e-08
5.38272e-08
5.34329e-08
5.29781e-08
5.24664e-08
5.19019e-08
5.12885e-08
5.06306e-08
4.99324e-08
4.91981e-08
4.8432e-08
4.76381e-08
4.68205e-08
4.59833e-08
4.51303e-08
4.42655e-08
4.33929e-08
4.25164e-08
4.16399e-08
4.07674e-08
3.99031e-08
3.90514e-08
3.8217e-08
3.74046e-08
3.66198e-08
3.58682e-08
3.51564e-08
3.44916e-08
3.38822e-08
3.33378e-08
3.28699e-08
3.24919e-08
3.22207e-08
3.20767e-08
3.20861e-08
3.22825e-08
3.27117e-08
3.34351e-08
3.45406e-08
3.61584e-08
3.84923e-08
4.18821e-08
4.69468e-08
5.49597e-08
6.90636e-08
9.97479e-08
2.11142e-07
3.46705e-07
1.64079e-07
1.14022e-07
9.12023e-08
7.83805e-08
7.03867e-08
6.51238e-08
6.15691e-08
5.91575e-08
5.75459e-08
5.65106e-08
5.58965e-08
5.55914e-08
5.55092e-08
5.55833e-08
5.57612e-08
5.60002e-08
5.62659e-08
5.65301e-08
5.67705e-08
5.69693e-08
5.71128e-08
5.71905e-08
5.71965e-08
5.71261e-08
5.69769e-08
5.67487e-08
5.64428e-08
5.60616e-08
5.56085e-08
5.50875e-08
5.45033e-08
5.38607e-08
5.31646e-08
5.24201e-08
5.16324e-08
5.08063e-08
4.99467e-08
4.90583e-08
4.81455e-08
4.72129e-08
4.62646e-08
4.53048e-08
4.43375e-08
4.33668e-08
4.23965e-08
4.14307e-08
4.04733e-08
3.95284e-08
3.86004e-08
3.76937e-08
3.68129e-08
3.59632e-08
3.51501e-08
3.43796e-08
3.36587e-08
3.2995e-08
3.23978e-08
3.18774e-08
3.14468e-08
3.11213e-08
3.09203e-08
3.08684e-08
3.09972e-08
3.13494e-08
3.19835e-08
3.29823e-08
3.44692e-08
3.66372e-08
3.98085e-08
4.45698e-08
5.21283e-08
6.54624e-08
9.45112e-08
2.00032e-07
3.63428e-07
1.71986e-07
1.19503e-07
9.55732e-08
8.21285e-08
7.37523e-08
6.82468e-08
6.45403e-08
6.20393e-08
6.03825e-08
5.93332e-08
5.87263e-08
5.84417e-08
5.83854e-08
5.84857e-08
5.86854e-08
5.89378e-08
5.92054e-08
5.94579e-08
5.96714e-08
5.98275e-08
5.99114e-08
5.99157e-08
5.98331e-08
5.96606e-08
5.93975e-08
5.90453e-08
5.86068e-08
5.80863e-08
5.74889e-08
5.68202e-08
5.60864e-08
5.52936e-08
5.4448e-08
5.35556e-08
5.26225e-08
5.16543e-08
5.06563e-08
4.96338e-08
4.85915e-08
4.75341e-08
4.64659e-08
4.53913e-08
4.43143e-08
4.32389e-08
4.21689e-08
4.11083e-08
4.0061e-08
3.90308e-08
3.80219e-08
3.70386e-08
3.60853e-08
3.51668e-08
3.42883e-08
3.34555e-08
3.26748e-08
3.19534e-08
3.12997e-08
3.07233e-08
3.02362e-08
2.98526e-08
2.95903e-08
2.94721e-08
2.95275e-08
2.9796e-08
3.03322e-08
3.12136e-08
3.25556e-08
3.45391e-08
3.74663e-08
4.18874e-08
4.89346e-08
6.14009e-08
8.86047e-08
1.87499e-07
3.81748e-07
1.80642e-07
1.25495e-07
1.00343e-07
8.62121e-08
7.74162e-08
7.16475e-08
6.77799e-08
6.51883e-08
6.34909e-08
6.24358e-08
6.18466e-08
6.15933e-08
6.15723e-08
6.17064e-08
6.19323e-08
6.21991e-08
6.24656e-08
6.26994e-08
6.2875e-08
6.29722e-08
6.29804e-08
6.28895e-08
6.26949e-08
6.23953e-08
6.19921e-08
6.1489e-08
6.08912e-08
6.02051e-08
5.9438e-08
5.85975e-08
5.76913e-08
5.67273e-08
5.57128e-08
5.46551e-08
5.3561e-08
5.24368e-08
5.12884e-08
5.01212e-08
4.89403e-08
4.77502e-08
4.65557e-08
4.53609e-08
4.41697e-08
4.2986e-08
4.18132e-08
4.06552e-08
3.95157e-08
3.83982e-08
3.73067e-08
3.62451e-08
3.52176e-08
3.42287e-08
3.32832e-08
3.23863e-08
3.1544e-08
3.0763e-08
3.00507e-08
2.94163e-08
2.88704e-08
2.8426e-08
2.80994e-08
2.79116e-08
2.78893e-08
2.80689e-08
2.85006e-08
2.92559e-08
3.04416e-08
3.2225e-08
3.48861e-08
3.89351e-08
4.54214e-08
5.69338e-08
8.21076e-08
1.73711e-07
4.01737e-07
1.9008e-07
1.32017e-07
1.05525e-07
9.06438e-08
8.13909e-08
7.53396e-08
7.13037e-08
6.86233e-08
6.6893e-08
6.58433e-08
6.52848e-08
6.50746e-08
6.50991e-08
6.52739e-08
6.55289e-08
6.58079e-08
6.60662e-08
6.62687e-08
6.63876e-08
6.64067e-08
6.63127e-08
6.60982e-08
6.57606e-08
6.53014e-08
6.47249e-08
6.40378e-08
6.32481e-08
6.23652e-08
6.13988e-08
6.03588e-08
5.92551e-08
5.80971e-08
5.68937e-08
5.56532e-08
5.43831e-08
5.30905e-08
5.17812e-08
5.04607e-08
4.91347e-08
4.78082e-08
4.64849e-08
4.51686e-08
4.38628e-08
4.25711e-08
4.12968e-08
4.00431e-08
3.88132e-08
3.76106e-08
3.64386e-08
3.53009e-08
3.42013e-08
3.31437e-08
3.21328e-08
3.11732e-08
3.02703e-08
2.94303e-08
2.866e-08
2.79675e-08
2.73625e-08
2.68567e-08
2.64647e-08
2.62056e-08
2.61035e-08
2.6191e-08
2.65139e-08
2.71371e-08
2.8158e-08
2.97294e-08
3.21074e-08
3.57586e-08
4.16436e-08
5.21314e-08
7.51223e-08
1.58884e-07
4.2342e-07
2.00309e-07
1.39076e-07
1.11125e-07
9.54274e-08
8.56816e-08
7.93306e-08
7.51227e-08
7.23588e-08
7.06067e-08
6.95767e-08
6.90639e-08
6.89092e-08
6.89889e-08
6.9209e-08
6.9492e-08
6.97759e-08
7.00121e-08
7.01616e-08
7.02002e-08
7.01098e-08
6.98785e-08
6.9502e-08
6.89811e-08
6.8321e-08
6.75299e-08
6.66183e-08
6.55979e-08
6.44815e-08
6.3282e-08
6.2012e-08
6.06835e-08
5.93079e-08
5.78956e-08
5.64556e-08
5.49959e-08
5.35238e-08
5.20466e-08
5.05701e-08
4.90985e-08
4.76359e-08
4.61859e-08
4.4752e-08
4.3337e-08
4.19437e-08
4.05747e-08
3.92327e-08
3.79204e-08
3.66404e-08
3.53957e-08
3.41892e-08
3.30244e-08
3.19048e-08
3.08343e-08
2.98173e-08
2.88586e-08
2.79637e-08
2.71388e-08
2.63912e-08
2.57294e-08
2.5164e-08
2.47081e-08
2.43781e-08
2.41965e-08
2.41913e-08
2.44036e-08
2.48918e-08
2.57431e-08
2.70952e-08
2.91786e-08
3.24144e-08
3.76692e-08
4.70806e-08
6.77756e-08
1.43288e-07
4.46768e-07
2.11315e-07
1.4666e-07
1.17133e-07
1.00556e-07
9.02844e-08
8.36209e-08
7.92414e-08
7.64032e-08
7.46437e-08
7.36509e-08
7.32e-08
7.31122e-08
7.32543e-08
7.35202e-08
7.38239e-08
7.40975e-08
7.42868e-08
7.43544e-08
7.4276e-08
7.40328e-08
7.36173e-08
7.30291e-08
7.22738e-08
7.13615e-08
7.03055e-08
6.91211e-08
6.78249e-08
6.64335e-08
6.49635e-08
6.34306e-08
6.18495e-08
6.02328e-08
5.85922e-08
5.6938e-08
5.528e-08
5.36253e-08
5.19797e-08
5.03481e-08
4.87348e-08
4.71432e-08
4.55761e-08
4.40356e-08
4.25239e-08
4.10427e-08
3.95935e-08
3.81781e-08
3.67982e-08
3.54557e-08
3.41526e-08
3.28913e-08
3.16744e-08
3.05049e-08
2.93863e-08
2.83221e-08
2.73168e-08
2.63753e-08
2.5503e-08
2.47066e-08
2.39936e-08
2.33733e-08
2.28572e-08
2.24598e-08
2.22008e-08
2.21053e-08
2.22084e-08
2.2562e-08
2.32432e-08
2.43736e-08
2.61578e-08
2.89695e-08
3.35786e-08
4.18844e-08
6.02182e-08
1.27243e-07
4.71681e-07
2.2305e-07
1.54734e-07
1.23522e-07
1.06009e-07
9.51855e-08
8.8202e-08
8.36564e-08
8.07577e-08
7.90083e-08
7.80713e-08
7.76978e-08
7.76861e-08
7.78927e-08
7.81978e-08
7.8506e-08
7.87422e-08
7.88489e-08
7.87931e-08
7.85455e-08
7.8093e-08
7.74327e-08
7.65703e-08
7.55178e-08
7.42918e-08
7.2912e-08
7.13998e-08
6.97772e-08
6.8066e-08
6.62867e-08
6.44583e-08
6.25977e-08
6.07201e-08
5.88386e-08
5.69638e-08
5.51043e-08
5.32673e-08
5.14582e-08
4.96811e-08
4.79392e-08
4.62344e-08
4.45681e-08
4.29412e-08
4.13542e-08
3.98074e-08
3.8301e-08
3.68354e-08
3.54109e-08
3.40284e-08
3.26889e-08
3.13936e-08
3.01444e-08
2.89435e-08
2.77937e-08
2.6698e-08
2.56601e-08
2.46845e-08
2.37761e-08
2.29406e-08
2.21849e-08
2.15172e-08
2.09476e-08
2.04887e-08
2.01571e-08
1.99762e-08
1.99744e-08
2.01974e-08
2.07119e-08
2.16239e-08
2.31114e-08
2.55006e-08
2.94641e-08
3.66611e-08
5.26228e-08
1.11116e-07
4.97982e-07
2.35429e-07
1.63241e-07
1.30248e-07
1.11753e-07
1.00359e-07
9.3055e-08
8.83546e-08
8.54129e-08
8.36938e-08
8.28315e-08
8.25455e-08
8.26157e-08
8.28814e-08
8.32089e-08
8.34931e-08
8.36481e-08
8.36276e-08
8.33865e-08
8.29029e-08
8.21691e-08
8.11895e-08
7.99779e-08
7.85544e-08
7.69441e-08
7.51748e-08
7.32754e-08
7.12744e-08
6.91989e-08
6.7074e-08
6.4922e-08
6.27625e-08
6.06118e-08
5.8483e-08
5.6387e-08
5.43322e-08
5.23247e-08
5.03685e-08
4.84663e-08
4.66192e-08
4.48275e-08
4.30905e-08
4.1407e-08
3.97757e-08
3.81949e-08
3.6663e-08
3.51787e-08
3.37407e-08
3.23482e-08
3.1001e-08
2.96993e-08
2.84436e-08
2.72354e-08
2.60765e-08
2.49694e-08
2.39173e-08
2.29238e-08
2.19936e-08
2.11317e-08
2.03445e-08
1.96391e-08
1.90246e-08
1.85119e-08
1.81154e-08
1.78547e-08
1.77555e-08
1.78549e-08
1.82104e-08
1.89125e-08
2.01134e-08
2.20926e-08
2.54269e-08
3.15403e-08
4.51793e-08
9.53124e-08
5.25405e-07
2.48326e-07
1.72096e-07
1.37248e-07
1.17739e-07
1.05766e-07
9.8149e-08
9.33101e-08
9.03459e-08
8.8679e-08
8.7907e-08
8.77141e-08
8.78627e-08
8.81712e-08
8.84914e-08
8.87018e-08
8.8729e-08
8.85097e-08
8.80067e-08
8.72039e-08
8.61023e-08
8.47161e-08
8.30692e-08
8.1193e-08
7.91229e-08
7.68966e-08
7.45513e-08
7.2123e-08
6.96444e-08
6.71459e-08
6.46537e-08
6.21869e-08
5.97621e-08
5.73933e-08
5.50906e-08
5.28609e-08
5.07084e-08
4.86351e-08
4.66411e-08
4.47249e-08
4.28842e-08
4.11157e-08
3.94157e-08
3.77803e-08
3.62055e-08
3.46876e-08
3.32229e-08
3.18085e-08
3.04417e-08
2.91208e-08
2.78443e-08
2.66119e-08
2.54238e-08
2.4281e-08
2.31853e-08
2.21391e-08
2.1146e-08
2.02098e-08
1.93354e-08
1.85286e-08
1.77961e-08
1.71459e-08
1.65879e-08
1.61343e-08
1.58016e-08
1.56132e-08
1.55983e-08
1.58057e-08
1.63111e-08
1.72425e-08
1.88348e-08
2.15733e-08
2.66576e-08
3.80863e-08
8.02548e-08
5.53584e-07
2.61571e-07
1.81184e-07
1.44437e-07
1.239e-07
1.11353e-07
1.03439e-07
9.84832e-08
9.55185e-08
9.39228e-08
9.32512e-08
9.31492e-08
9.33611e-08
9.3682e-08
9.39444e-08
9.40287e-08
9.38504e-08
9.33473e-08
9.24893e-08
9.12703e-08
8.97026e-08
8.78131e-08
8.56397e-08
8.32272e-08
8.06236e-08
7.78779e-08
7.50364e-08
7.21454e-08
6.92462e-08
6.63661e-08
6.35301e-08
6.0762e-08
5.80804e-08
5.54976e-08
5.30213e-08
5.06555e-08
4.84011e-08
4.62567e-08
4.4219e-08
4.22831e-08
4.04432e-08
3.86928e-08
3.70251e-08
3.54333e-08
3.39107e-08
3.24509e-08
3.10481e-08
2.96972e-08
2.83936e-08
2.71338e-08
2.5915e-08
2.47356e-08
2.35945e-08
2.24921e-08
2.14293e-08
2.04083e-08
1.94319e-08
1.8504e-08
1.76292e-08
1.68132e-08
1.60622e-08
1.5384e-08
1.47874e-08
1.42836e-08
1.38864e-08
1.36153e-08
1.34968e-08
1.35686e-08
1.38943e-08
1.45791e-08
1.58168e-08
1.80088e-08
2.2147e-08
3.15393e-08
6.63609e-08
5.82051e-07
2.74945e-07
1.90362e-07
1.51707e-07
1.30152e-07
1.17051e-07
1.08865e-07
1.03817e-07
1.00873e-07
9.93625e-08
9.87925e-08
9.87679e-08
9.90134e-08
9.92996e-08
9.94422e-08
9.93241e-08
9.88478e-08
9.79605e-08
9.66425e-08
9.49006e-08
9.27624e-08
9.02718e-08
8.74836e-08
8.44588e-08
8.12595e-08
7.79507e-08
7.45954e-08
7.12343e-08
6.79036e-08
6.46442e-08
6.14879e-08
5.84564e-08
5.5564e-08
5.28194e-08
5.02264e-08
4.77847e-08
4.54908e-08
4.33384e-08
4.13199e-08
3.9426e-08
3.76468e-08
3.5972e-08
3.43913e-08
3.28947e-08
3.14725e-08
3.01158e-08
2.88162e-08
2.75665e-08
2.63605e-08
2.51929e-08
2.40597e-08
2.29578e-08
2.18854e-08
2.0842e-08
1.9828e-08
1.88452e-08
1.78964e-08
1.69853e-08
1.61167e-08
1.52963e-08
1.45306e-08
1.38271e-08
1.31946e-08
1.26431e-08
1.21853e-08
1.18372e-08
1.16225e-08
1.15715e-08
1.17353e-08
1.22e-08
1.31232e-08
1.4831e-08
1.8131e-08
2.57166e-08
5.40109e-08
6.1024e-07
2.88186e-07
1.99456e-07
1.58931e-07
1.36394e-07
1.22775e-07
1.14349e-07
1.09237e-07
1.06333e-07
1.04912e-07
1.04431e-07
1.04459e-07
1.04693e-07
1.04874e-07
1.04828e-07
1.04409e-07
1.03531e-07
1.0215e-07
1.00261e-07
9.78882e-08
9.50793e-08
9.18994e-08
8.84235e-08
8.47316e-08
8.09145e-08
7.70375e-08
7.31498e-08
6.93153e-08
6.55872e-08
6.20025e-08
5.8588e-08
5.53613e-08
5.23324e-08
4.95046e-08
4.68758e-08
4.44394e-08
4.21859e-08
4.01034e-08
3.81785e-08
3.63969e-08
3.47442e-08
3.32058e-08
3.17677e-08
3.04166e-08
2.91402e-08
2.79271e-08
2.67667e-08
2.56488e-08
2.45667e-08
2.35138e-08
2.24848e-08
2.14757e-08
2.04839e-08
1.95082e-08
1.85488e-08
1.76075e-08
1.66871e-08
1.57916e-08
1.49264e-08
1.40976e-08
1.33122e-08
1.25784e-08
1.1905e-08
1.1302e-08
1.0781e-08
1.03566e-08
1.00479e-08
9.88401e-09
9.90247e-09
1.01744e-08
1.08265e-08
1.21216e-08
1.47102e-08
2.07631e-08
4.3513e-08
6.37489e-07
3.00989e-07
2.08267e-07
1.65962e-07
1.4251e-07
1.28424e-07
1.19798e-07
1.14647e-07
1.11795e-07
1.10458e-07
1.1004e-07
1.10079e-07
1.10235e-07
1.10247e-07
1.09911e-07
1.09088e-07
1.07698e-07
1.05714e-07
1.03147e-07
1.00046e-07
9.64832e-08
9.25474e-08
8.83455e-08
8.39882e-08
7.95381e-08
7.50802e-08
7.07015e-08
6.64646e-08
6.24167e-08
5.8592e-08
5.50125e-08
5.16897e-08
4.8626e-08
4.58169e-08
4.32521e-08
4.09174e-08
3.87957e-08
3.68683e-08
3.51157e-08
3.35181e-08
3.20563e-08
3.07119e-08
2.9467e-08
2.83042e-08
2.72106e-08
2.61736e-08
2.51822e-08
2.42293e-08
2.33017e-08
2.23887e-08
2.14831e-08
2.05797e-08
1.96752e-08
1.87682e-08
1.78587e-08
1.69487e-08
1.60418e-08
1.5143e-08
1.42587e-08
1.33966e-08
1.25655e-08
1.17751e-08
1.10359e-08
1.03594e-08
9.75895e-09
9.24888e-09
8.84421e-09
8.56816e-09
8.45448e-09
8.55778e-09
8.98207e-09
9.93918e-09
1.19537e-08
1.67757e-08
3.50718e-08
6.63067e-07
3.13015e-07
2.16575e-07
1.72637e-07
1.48368e-07
1.33884e-07
1.25103e-07
1.19935e-07
1.17138e-07
1.15863e-07
1.15471e-07
1.15462e-07
1.15474e-07
1.15223e-07
1.14498e-07
1.13165e-07
1.11159e-07
1.08471e-07
1.05138e-07
1.01236e-07
9.68677e-08
9.217e-08
8.72532e-08
8.22012e-08
7.71465e-08
7.21912e-08
6.74133e-08
6.28741e-08
5.86174e-08
5.46709e-08
5.10483e-08
4.77513e-08
4.47722e-08
4.2096e-08
3.97026e-08
3.75688e-08
3.56694e-08
3.39784e-08
3.24701e-08
3.11196e-08
2.99027e-08
2.87994e-08
2.77918e-08
2.68657e-08
2.59998e-08
2.51752e-08
2.43753e-08
2.35832e-08
2.27921e-08
2.19964e-08
2.11906e-08
2.03699e-08
1.95311e-08
1.86729e-08
1.77956e-08
1.69014e-08
1.59941e-08
1.50795e-08
1.41648e-08
1.32586e-08
1.23706e-08
1.15116e-08
1.06932e-08
9.9273e-09
9.22632e-09
8.60444e-09
8.08188e-09
7.68135e-09
7.43602e-09
7.38833e-09
7.62277e-09
8.31373e-09
9.89167e-09
1.37927e-08
2.87654e-08
6.86198e-07
3.2391e-07
2.24147e-07
1.78785e-07
1.53828e-07
1.39029e-07
1.3014e-07
1.24975e-07
1.22224e-07
1.20979e-07
1.20556e-07
1.20433e-07
1.20218e-07
1.1961e-07
1.18399e-07
1.16462e-07
1.13751e-07
1.10282e-07
1.06124e-07
1.01387e-07
9.62355e-08
9.07712e-08
8.51298e-08
7.94738e-08
7.39241e-08
6.85831e-08
6.35301e-08
5.88222e-08
5.44949e-08
5.05654e-08
4.70351e-08
4.38927e-08
4.1118e-08
3.86841e-08
3.65601e-08
3.47134e-08
3.31109e-08
3.17199e-08
3.05094e-08
2.9452e-08
2.85243e-08
2.7701e-08
2.69552e-08
2.62607e-08
2.56011e-08
2.49635e-08
2.43352e-08
2.37059e-08
2.3064e-08
2.23998e-08
2.17055e-08
2.09755e-08
2.02058e-08
1.93945e-08
1.85415e-08
1.7649e-08
1.67213e-08
1.57649e-08
1.47885e-08
1.38026e-08
1.28193e-08
1.18523e-08
1.09162e-08
1.00265e-08
9.19966e-09
8.45259e-09
7.80246e-09
7.27024e-09
6.88348e-09
6.68946e-09
6.7588e-09
7.24435e-09
8.5134e-09
1.17908e-08
2.45392e-08
7.06097e-07
3.33312e-07
2.30749e-07
1.84229e-07
1.58745e-07
1.43727e-07
1.34779e-07
1.29629e-07
1.26903e-07
1.25643e-07
1.25127e-07
1.24815e-07
1.24288e-07
1.23236e-07
1.21455e-07
1.18838e-07
1.15361e-07
1.11071e-07
1.06079e-07
1.00561e-07
9.46096e-08
8.84206e-08
8.21778e-08
7.6034e-08
7.01187e-08
6.45344e-08
5.93555e-08
5.4629e-08
5.0378e-08
4.66044e-08
4.32943e-08
4.04215e-08
3.79516e-08
3.58456e-08
3.4062e-08
3.25597e-08
3.12987e-08
3.02418e-08
2.93545e-08
2.86055e-08
2.79632e-08
2.74e-08
2.68952e-08
2.64308e-08
2.59886e-08
2.55522e-08
2.51073e-08
2.46417e-08
2.41443e-08
2.36059e-08
2.30184e-08
2.23755e-08
2.16723e-08
2.09055e-08
2.00741e-08
1.91792e-08
1.82246e-08
1.72168e-08
1.61647e-08
1.50804e-08
1.39782e-08
1.28747e-08
1.17881e-08
1.07381e-08
9.74508e-09
8.83e-09
8.01484e-09
7.32404e-09
6.78774e-09
6.4506e-09
6.37652e-09
6.70468e-09
7.77265e-09
1.06926e-08
2.22229e-08
7.22021e-07
3.4088e-07
2.36157e-07
1.888e-07
1.62976e-07
1.47845e-07
1.38886e-07
1.33757e-07
1.31026e-07
1.29696e-07
1.29027e-07
1.2845e-07
1.27532e-07
1.25963e-07
1.23552e-07
1.20212e-07
1.15948e-07
1.10862e-07
1.05103e-07
9.87742e-08
9.21184e-08
8.53409e-08
7.86282e-08
7.21429e-08
6.60163e-08
6.03456e-08
5.51944e-08
5.05949e-08
4.6553e-08
4.3053e-08
4.00636e-08
3.75429e-08
3.54426e-08
3.37123e-08
3.23016e-08
3.11622e-08
3.02493e-08
2.9522e-08
2.89438e-08
2.84809e-08
2.81051e-08
2.77922e-08
2.75199e-08
2.72692e-08
2.70233e-08
2.67673e-08
2.64883e-08
2.61743e-08
2.58148e-08
2.54002e-08
2.49219e-08
2.43724e-08
2.37452e-08
2.30353e-08
2.22396e-08
2.13568e-08
2.03886e-08
1.93397e-08
1.82182e-08
1.7036e-08
1.58085e-08
1.45547e-08
1.32968e-08
1.20593e-08
1.08683e-08
9.75117e-09
8.73628e-09
7.85381e-09
7.13849e-09
6.63753e-09
6.4228e-09
6.62638e-09
7.57894e-09
1.03588e-08
2.15079e-08
7.33315e-07
3.46314e-07
2.40171e-07
1.92344e-07
1.66387e-07
1.51256e-07
1.42334e-07
1.37224e-07
1.34455e-07
1.33007e-07
1.32117e-07
1.31205e-07
1.29833e-07
1.27698e-07
1.24628e-07
1.2056e-07
1.15567e-07
1.09738e-07
1.03199e-07
9.6208e-08
8.89912e-08
8.17698e-08
7.47426e-08
6.80756e-08
6.18953e-08
5.6288e-08
5.13011e-08
4.69485e-08
4.32163e-08
4.00701e-08
3.74613e-08
3.53332e-08
3.36255e-08
3.22785e-08
3.12351e-08
3.04428e-08
2.98544e-08
2.94278e-08
2.91246e-08
2.89149e-08
2.87732e-08
2.86763e-08
2.86038e-08
2.85382e-08
2.84641e-08
2.83677e-08
2.82382e-08
2.80638e-08
2.78342e-08
2.754e-08
2.71725e-08
2.67235e-08
2.61853e-08
2.55509e-08
2.48143e-08
2.39714e-08
2.302e-08
2.19612e-08
2.07998e-08
1.95451e-08
1.82112e-08
1.68175e-08
1.53885e-08
1.39534e-08
1.25448e-08
1.11981e-08
9.95077e-09
8.84219e-09
7.91611e-09
7.22664e-09
6.86015e-09
6.94889e-09
7.84049e-09
1.06456e-08
2.20819e-08
7.39477e-07
3.49379e-07
2.42634e-07
1.94734e-07
1.68866e-07
1.53852e-07
1.45014e-07
1.39921e-07
1.37081e-07
1.35462e-07
1.34294e-07
1.3299e-07
1.31121e-07
1.28397e-07
1.24682e-07
1.19983e-07
1.14291e-07
1.07747e-07
1.00599e-07
9.30868e-08
8.54608e-08
7.79552e-08
7.07736e-08
6.40782e-08
5.79851e-08
5.25646e-08
4.78451e-08
4.38201e-08
4.0456e-08
3.77003e-08
3.54891e-08
3.37535e-08
3.24242e-08
3.14351e-08
3.07255e-08
3.02416e-08
2.99307e-08
2.97641e-08
2.9704e-08
2.97031e-08
2.97565e-08
2.98404e-08
2.99362e-08
3.0028e-08
3.01007e-08
3.01352e-08
3.01367e-08
3.00856e-08
2.99754e-08
2.97955e-08
2.95361e-08
2.91888e-08
2.8746e-08
2.82001e-08
2.75431e-08
2.67678e-08
2.58685e-08
2.48414e-08
2.36857e-08
2.24054e-08
2.10096e-08
1.95144e-08
1.79433e-08
1.63274e-08
1.47046e-08
1.31188e-08
1.16182e-08
1.02549e-08
9.08609e-09
8.17951e-09
7.64033e-09
7.61178e-09
8.47569e-09
1.14289e-08
2.36785e-08
7.4023e-07
3.49944e-07
2.43443e-07
1.95884e-07
1.70331e-07
1.55552e-07
1.46845e-07
1.41767e-07
1.38825e-07
1.36987e-07
1.35491e-07
1.3376e-07
1.31389e-07
1.28142e-07
1.23882e-07
1.18524e-07
1.12201e-07
1.05114e-07
9.75015e-08
8.96267e-08
8.17531e-08
7.41211e-08
6.69319e-08
6.03386e-08
5.44422e-08
4.92945e-08
4.4904e-08
4.12445e-08
3.82645e-08
3.58963e-08
3.40642e-08
3.26905e-08
3.17003e-08
3.1025e-08
3.06011e-08
3.03874e-08
3.0322e-08
3.03636e-08
3.04939e-08
3.06824e-08
3.09077e-08
3.11505e-08
3.1394e-08
3.16238e-08
3.18273e-08
3.19934e-08
3.21063e-08
3.2153e-08
3.21454e-08
3.20618e-08
3.18962e-08
3.16408e-08
3.12867e-08
3.08254e-08
3.02499e-08
2.95522e-08
2.87246e-08
2.77596e-08
2.66512e-08
2.53957e-08
2.39945e-08
2.24557e-08
2.07967e-08
1.90452e-08
1.724e-08
1.54309e-08
1.36766e-08
1.20441e-08
1.06081e-08
9.45586e-09
8.71519e-09
8.55732e-09
9.40715e-09
1.2592e-08
2.60454e-08
7.36098e-07
3.48213e-07
2.42685e-07
1.95785e-07
1.70732e-07
1.56296e-07
1.47764e-07
1.427e-07
1.39626e-07
1.37534e-07
1.35694e-07
1.33576e-07
1.30783e-07
1.27023e-07
1.22173e-07
1.16289e-07
1.09503e-07
1.02023e-07
9.41064e-08
8.60301e-08
7.80634e-08
7.04456e-08
6.33699e-08
5.69759e-08
5.13477e-08
4.65185e-08
4.24782e-08
3.91837e-08
3.65691e-08
3.45558e-08
3.306e-08
3.19993e-08
3.12966e-08
3.08963e-08
3.07322e-08
3.07203e-08
3.08502e-08
3.1084e-08
3.13921e-08
3.17498e-08
3.21364e-08
3.25339e-08
3.29264e-08
3.32991e-08
3.36384e-08
3.39313e-08
3.41668e-08
3.43314e-08
3.44066e-08
3.44127e-08
3.43235e-08
3.41323e-08
3.38378e-08
3.34346e-08
3.29151e-08
3.22732e-08
3.15032e-08
3.05977e-08
2.9548e-08
2.8345e-08
2.69817e-08
2.54554e-08
2.37719e-08
2.19486e-08
2.00178e-08
1.80285e-08
1.60457e-08
1.415e-08
1.24358e-08
1.10154e-08
1.00455e-08
9.73822e-09
1.05722e-08
1.40401e-08
2.89786e-08
7.2602e-07
3.43758e-07
2.40175e-07
1.94427e-07
1.70086e-07
1.56064e-07
1.47726e-07
1.42689e-07
1.39514e-07
1.3722e-07
1.35088e-07
1.32571e-07
1.29279e-07
1.25023e-07
1.19741e-07
1.13476e-07
1.06373e-07
9.86559e-08
9.0593e-08
8.24656e-08
7.45414e-08
6.70521e-08
6.01787e-08
5.40456e-08
4.87202e-08
4.4219e-08
4.05168e-08
3.75578e-08
3.52664e-08
3.35572e-08
3.23428e-08
3.15396e-08
3.10919e-08
3.09208e-08
3.09243e-08
3.10998e-08
3.14057e-08
3.18083e-08
3.22811e-08
3.28018e-08
3.33514e-08
3.39128e-08
3.44699e-08
3.50072e-08
3.55095e-08
3.59616e-08
3.63483e-08
3.66553e-08
3.68612e-08
3.69492e-08
3.69505e-08
3.68299e-08
3.658e-08
3.61991e-08
3.56891e-08
3.5052e-08
3.42875e-08
3.33937e-08
3.23656e-08
3.1195e-08
2.98708e-08
2.83815e-08
2.67192e-08
2.48852e-08
2.28964e-08
2.07905e-08
1.86296e-08
1.65013e-08
1.45182e-08
1.28198e-08
1.15974e-08
1.11185e-08
1.19244e-08
1.57036e-08
3.23287e-08
7.10317e-07
3.36663e-07
2.35842e-07
1.91633e-07
1.6831e-07
1.5493e-07
1.46919e-07
1.41959e-07
1.38664e-07
1.36097e-07
1.33584e-07
1.30643e-07
1.26962e-07
1.22353e-07
1.16761e-07
1.10249e-07
1.02976e-07
9.51726e-08
8.71084e-08
7.90609e-08
7.12892e-08
6.40128e-08
5.73988e-08
5.1556e-08
4.65373e-08
4.23461e-08
3.89466e-08
3.62751e-08
3.42509e-08
3.27863e-08
3.17935e-08
3.12065e-08
3.09541e-08
3.09205e-08
3.10886e-08
3.14191e-08
3.18759e-08
3.24303e-08
3.30588e-08
3.37418e-08
3.4462e-08
3.52032e-08
3.59493e-08
3.66838e-08
3.73895e-08
3.80477e-08
3.86389e-08
3.91431e-08
3.954e-08
3.97979e-08
3.99018e-08
3.98805e-08
3.96919e-08
3.93347e-08
3.88128e-08
3.81335e-08
3.73071e-08
3.63442e-08
3.52532e-08
3.4037e-08
3.26913e-08
3.12045e-08
2.95603e-08
2.77437e-08
2.57498e-08
2.3594e-08
2.13218e-08
1.9015e-08
1.67955e-08
1.4828e-08
1.33401e-08
1.26704e-08
1.34308e-08
1.75334e-08
3.59908e-08
6.89846e-07
3.27313e-07
2.29941e-07
1.87564e-07
1.65374e-07
1.52696e-07
1.45074e-07
1.40234e-07
1.36847e-07
1.34056e-07
1.31256e-07
1.28011e-07
1.24033e-07
1.1917e-07
1.13388e-07
1.06762e-07
9.94574e-08
9.17037e-08
8.37632e-08
7.59024e-08
6.83666e-08
6.13602e-08
5.50353e-08
4.94873e-08
4.47575e-08
4.08407e-08
3.76952e-08
3.52541e-08
3.34361e-08
3.21547e-08
3.13251e-08
3.08976e-08
3.07643e-08
3.08481e-08
3.11322e-08
3.15842e-08
3.21667e-08
3.28534e-08
3.3625e-08
3.44649e-08
3.53581e-08
3.62904e-08
3.72469e-08
3.82105e-08
3.91622e-08
4.00803e-08
4.09408e-08
4.17171e-08
4.23807e-08
4.29022e-08
4.3235e-08
4.3363e-08
4.33109e-08
4.30301e-08
4.25199e-08
4.17894e-08
4.08568e-08
3.97474e-08
3.84893e-08
3.71078e-08
3.56201e-08
3.40305e-08
3.23288e-08
3.04936e-08
2.85007e-08
2.63368e-08
2.40165e-08
2.15983e-08
1.91966e-08
1.69911e-08
1.52412e-08
1.43696e-08
1.50661e-08
1.94936e-08
3.98876e-08
6.65293e-07
3.16017e-07
2.22657e-07
1.82358e-07
1.61439e-07
1.49541e-07
1.42342e-07
1.37664e-07
1.34255e-07
1.31316e-07
1.28297e-07
1.24819e-07
1.20635e-07
1.15622e-07
1.09766e-07
1.03149e-07
9.59364e-08
8.83486e-08
8.0634e-08
7.30426e-08
6.58021e-08
5.91002e-08
5.30747e-08
4.78095e-08
4.33384e-08
3.96515e-08
3.67056e-08
3.44349e-08
3.27607e-08
3.16004e-08
3.0882e-08
3.05485e-08
3.04832e-08
3.06482e-08
3.10099e-08
3.15334e-08
3.21991e-08
3.29875e-08
3.38777e-08
3.48549e-08
3.59064e-08
3.7022e-08
3.81903e-08
3.93981e-08
4.06238e-08
4.18426e-08
4.30273e-08
4.4149e-08
4.51716e-08
4.60533e-08
4.67521e-08
4.72021e-08
4.73749e-08
4.72956e-08
4.69014e-08
4.61907e-08
4.51794e-08
4.39005e-08
4.2401e-08
4.07351e-08
3.8955e-08
3.71005e-08
3.51901e-08
3.32178e-08
3.11556e-08
2.89672e-08
2.66293e-08
2.4159e-08
2.16405e-08
1.92469e-08
1.72639e-08
1.61899e-08
1.68065e-08
2.15526e-08
4.3953e-08
6.37416e-07
3.03119e-07
2.14203e-07
1.76159e-07
1.56606e-07
1.45559e-07
1.38849e-07
1.34395e-07
1.31021e-07
1.27996e-07
1.24832e-07
1.21204e-07
1.16905e-07
1.11844e-07
1.0602e-07
9.95213e-08
9.25054e-08
8.51783e-08
7.77699e-08
7.05094e-08
6.36045e-08
5.72258e-08
5.14976e-08
4.64953e-08
4.22479e-08
3.87448e-08
3.59449e-08
3.37867e-08
3.21976e-08
3.11014e-08
3.0433e-08
3.01344e-08
3.00958e-08
3.02934e-08
3.06941e-08
3.12629e-08
3.19725e-08
3.28078e-08
3.376e-08
3.48221e-08
3.59893e-08
3.72517e-08
3.85987e-08
4.00186e-08
4.15031e-08
4.30368e-08
4.45908e-08
4.61173e-08
4.75713e-08
4.89074e-08
5.00808e-08
5.10251e-08
5.16537e-08
5.19066e-08
5.18165e-08
5.12958e-08
5.03395e-08
4.89713e-08
4.72444e-08
4.52366e-08
4.304e-08
4.07455e-08
3.84261e-08
3.61213e-08
3.383e-08
3.15153e-08
2.91246e-08
2.66249e-08
2.40468e-08
2.15279e-08
1.93561e-08
1.8096e-08
1.86245e-08
2.36777e-08
4.81195e-08
6.07033e-07
2.8899e-07
2.04813e-07
1.69128e-07
1.50996e-07
1.40845e-07
1.34676e-07
1.30506e-07
1.27236e-07
1.242e-07
1.20974e-07
1.17283e-07
1.12964e-07
1.0795e-07
1.02254e-07
9.59661e-08
8.92324e-08
8.22413e-08
7.52002e-08
6.83152e-08
6.1773e-08
5.57269e-08
5.02891e-08
4.55282e-08
4.1471e-08
3.81092e-08
3.54072e-08
3.33106e-08
3.17543e-08
3.06691e-08
2.99914e-08
2.96717e-08
2.96159e-08
2.97936e-08
3.01756e-08
3.07332e-08
3.14461e-08
3.22977e-08
3.32781e-08
3.43814e-08
3.56027e-08
3.69442e-08
3.8407e-08
3.99877e-08
4.16752e-08
4.34571e-08
4.53182e-08
4.72418e-08
4.91839e-08
5.10722e-08
5.28161e-08
5.43533e-08
5.56197e-08
5.64977e-08
5.68746e-08
5.67956e-08
5.61373e-08
5.4888e-08
5.30809e-08
5.07959e-08
4.81534e-08
4.52983e-08
4.23757e-08
3.95034e-08
3.67473e-08
3.41102e-08
3.15403e-08
2.89651e-08
2.63482e-08
2.37608e-08
2.14573e-08
2.00432e-08
2.04852e-08
2.58304e-08
5.23098e-08
5.74984e-07
2.74017e-07
1.94739e-07
1.61445e-07
1.44742e-07
1.35503e-07
1.29909e-07
1.26078e-07
1.22979e-07
1.20014e-07
1.16813e-07
1.13152e-07
1.08904e-07
1.04027e-07
9.8546e-08
9.25475e-08
8.61662e-08
7.95702e-08
7.29431e-08
6.6467e-08
6.0307e-08
5.45999e-08
4.94467e-08
4.49107e-08
4.1019e-08
3.7768e-08
3.5127e-08
3.30477e-08
3.14752e-08
3.03516e-08
2.96159e-08
2.92229e-08
2.91043e-08
2.92138e-08
2.9529e-08
3.00238e-08
3.06797e-08
3.14842e-08
3.2431e-08
3.35182e-08
3.4748e-08
3.61227e-08
3.7646e-08
3.93216e-08
4.11523e-08
4.31331e-08
4.52515e-08
4.74846e-08
4.98043e-08
5.21793e-08
5.4549e-08
5.6792e-08
5.87832e-08
6.0441e-08
6.16327e-08
6.21739e-08
6.21193e-08
6.13017e-08
5.97e-08
5.73587e-08
5.43939e-08
5.09837e-08
4.73448e-08
4.36942e-08
4.02059e-08
3.69749e-08
3.40017e-08
3.1211e-08
2.8509e-08
2.58789e-08
2.34999e-08
2.19765e-08
2.23449e-08
2.79638e-08
5.64324e-08
5.421e-07
2.58588e-07
1.84236e-07
1.53297e-07
1.37984e-07
1.2964e-07
1.24635e-07
1.21181e-07
1.18319e-07
1.15504e-07
1.12418e-07
1.08878e-07
1.04793e-07
1.00139e-07
9.49507e-08
8.93112e-08
8.33417e-08
7.71896e-08
7.10147e-08
6.49754e-08
5.92163e-08
5.38588e-08
4.89954e-08
4.46892e-08
4.09555e-08
3.77887e-08
3.51724e-08
3.30781e-08
3.1456e-08
3.02491e-08
2.94098e-08
2.88959e-08
2.86667e-08
2.86648e-08
2.887e-08
2.92588e-08
2.98144e-08
3.05269e-08
3.13921e-08
3.2411e-08
3.35887e-08
3.49331e-08
3.64536e-08
3.81604e-08
4.00617e-08
4.21621e-08
4.44596e-08
4.69434e-08
4.95905e-08
5.23613e-08
5.52047e-08
5.80707e-08
6.08356e-08
6.33321e-08
6.54368e-08
6.69762e-08
6.77005e-08
6.76561e-08
6.66314e-08
6.45928e-08
6.16007e-08
5.78191e-08
5.35043e-08
4.89677e-08
4.45174e-08
4.03932e-08
3.67149e-08
3.34682e-08
3.05425e-08
2.78355e-08
2.5416e-08
2.38315e-08
2.415e-08
3.00214e-08
6.03785e-08
5.09207e-07
2.43095e-07
1.73567e-07
1.4488e-07
1.30873e-07
1.23372e-07
1.18938e-07
1.15882e-07
1.13306e-07
1.10714e-07
1.07829e-07
1.04503e-07
1.0067e-07
9.63243e-08
9.15054e-08
8.62907e-08
8.07876e-08
7.51239e-08
6.94366e-08
6.38617e-08
5.85249e-08
5.35346e-08
4.89625e-08
4.48328e-08
4.12025e-08
3.80919e-08
3.54899e-08
3.33665e-08
3.16847e-08
3.04023e-08
2.94692e-08
2.88333e-08
2.84536e-08
2.83042e-08
2.83639e-08
2.86118e-08
2.90323e-08
2.96173e-08
3.03646e-08
3.12772e-08
3.23625e-08
3.36318e-08
3.50987e-08
3.67779e-08
3.8684e-08
4.08287e-08
4.32193e-08
4.58561e-08
4.87288e-08
5.18125e-08
5.50635e-08
5.84137e-08
6.17894e-08
6.50682e-08
6.80705e-08
7.06115e-08
7.24754e-08
7.33596e-08
7.32668e-08
7.19459e-08
6.93492e-08
6.55598e-08
6.08075e-08
5.54528e-08
4.99292e-08
4.46558e-08
3.99396e-08
3.59128e-08
3.25216e-08
2.9617e-08
2.71448e-08
2.5538e-08
2.58368e-08
3.19364e-08
6.40215e-08
4.77085e-07
2.27903e-07
1.6299e-07
1.36393e-07
1.23566e-07
1.16818e-07
1.12908e-07
1.10243e-07
1.07984e-07
1.05674e-07
1.03069e-07
1.00047e-07
9.65595e-08
9.261e-08
8.82392e-08
8.35175e-08
7.8538e-08
7.34092e-08
6.82471e-08
6.31671e-08
5.82775e-08
5.36365e-08
4.93051e-08
4.53789e-08
4.18918e-08
3.88575e-08
3.62671e-08
3.41014e-08
3.23361e-08
3.09411e-08
2.98778e-08
2.91114e-08
2.86067e-08
2.83262e-08
2.8234e-08
2.83188e-08
2.85772e-08
2.90097e-08
2.96168e-08
3.04012e-08
3.13711e-08
3.25395e-08
3.39224e-08
3.55381e-08
3.74047e-08
3.95387e-08
4.19524e-08
4.46568e-08
4.76524e-08
5.09277e-08
5.44544e-08
5.81831e-08
6.20365e-08
6.59101e-08
6.96547e-08
7.30899e-08
7.59944e-08
7.80981e-08
7.90634e-08
7.8807e-08
7.70473e-08
7.37244e-08
6.89565e-08
6.30652e-08
5.65486e-08
4.99932e-08
4.39474e-08
3.87735e-08
3.458e-08
3.12529e-08
2.86416e-08
2.70233e-08
2.7332e-08
3.36307e-08
6.72164e-08
4.46539e-07
2.13399e-07
1.52776e-07
1.28052e-07
1.16235e-07
1.10115e-07
1.0665e-07
1.04343e-07
1.0241e-07
1.00426e-07
9.81719e-08
9.55405e-08
9.24923e-08
8.9032e-08
8.51959e-08
8.10442e-08
7.66545e-08
7.21171e-08
6.75283e-08
6.29863e-08
5.85176e-08
5.42263e-08
5.02206e-08
4.65538e-08
4.32431e-08
4.02995e-08
3.77291e-08
3.55243e-08
3.36679e-08
3.21382e-08
3.09153e-08
2.9981e-08
2.9305e-08
2.88597e-08
2.86275e-08
2.8588e-08
2.87198e-08
2.90269e-08
2.95024e-08
3.01573e-08
3.1007e-08
3.20678e-08
3.33584e-08
3.48987e-08
3.67095e-08
3.8812e-08
4.12259e-08
4.39608e-08
4.70179e-08
5.0389e-08
5.40537e-08
5.79764e-08
6.2104e-08
6.63614e-08
7.06278e-08
7.47427e-08
7.84982e-08
8.16364e-08
8.38292e-08
8.47269e-08
8.41233e-08
8.17186e-08
7.7448e-08
7.14863e-08
6.42825e-08
5.65146e-08
4.89641e-08
4.22992e-08
3.69043e-08
3.2822e-08
2.98851e-08
2.82162e-08
2.85533e-08
3.50122e-08
6.97957e-08
4.18458e-07
2.00007e-07
1.43226e-07
1.20098e-07
1.09084e-07
1.03434e-07
1.00299e-07
9.82863e-08
9.66643e-08
9.504e-08
9.32036e-08
9.10515e-08
8.85429e-08
8.56757e-08
8.24755e-08
7.89885e-08
7.52771e-08
7.1415e-08
6.74635e-08
6.34148e-08
5.94198e-08
5.55839e-08
5.19573e-08
4.85663e-08
4.54462e-08
4.26184e-08
4.00946e-08
3.78764e-08
3.59577e-08
3.43269e-08
3.29682e-08
3.1862e-08
3.09991e-08
3.03738e-08
2.99686e-08
2.97683e-08
2.97619e-08
2.99295e-08
3.0302e-08
3.08757e-08
3.16565e-08
3.26589e-08
3.39003e-08
3.53998e-08
3.71778e-08
3.92536e-08
4.16452e-08
4.43698e-08
4.74298e-08
5.08208e-08
5.4529e-08
5.85289e-08
6.27794e-08
6.72183e-08
7.17551e-08
7.62633e-08
8.05699e-08
8.44463e-08
8.76022e-08
8.9657e-08
9.02516e-08
8.9038e-08
8.57122e-08
8.0219e-08
7.28228e-08
6.4151e-08
5.51146e-08
4.67178e-08
3.97148e-08
3.44547e-08
3.08828e-08
2.90248e-08
2.9321e-08
3.58528e-08
7.13269e-08
3.93936e-07
1.88253e-07
1.34701e-07
1.12812e-07
1.02344e-07
9.69702e-08
9.40343e-08
9.22403e-08
9.09082e-08
8.96684e-08
8.83172e-08
8.67438e-08
8.4893e-08
8.27467e-08
8.03129e-08
7.76191e-08
7.47166e-08
7.15751e-08
6.82088e-08
6.4784e-08
6.13881e-08
5.80686e-08
5.48573e-08
5.17976e-08
4.89248e-08
4.62657e-08
4.38388e-08
4.16547e-08
3.97178e-08
3.80266e-08
3.65763e-08
3.53588e-08
3.4366e-08
3.35866e-08
3.30229e-08
3.26784e-08
3.25487e-08
3.26184e-08
3.28914e-08
3.34008e-08
3.41383e-08
3.51167e-08
3.63507e-08
3.78566e-08
3.96504e-08
4.17465e-08
4.41551e-08
4.688e-08
4.99272e-08
5.32925e-08
5.69635e-08
6.09185e-08
6.51244e-08
6.9533e-08
7.40764e-08
7.86596e-08
8.31509e-08
8.73678e-08
9.10659e-08
9.3926e-08
9.55416e-08
9.54899e-08
9.3324e-08
8.87352e-08
8.16993e-08
7.26216e-08
6.23773e-08
5.21822e-08
4.32427e-08
3.63418e-08
3.17149e-08
2.94075e-08
2.95985e-08
3.61278e-08
7.17553e-08
3.74441e-07
1.78815e-07
1.27658e-07
1.0655e-07
9.63196e-08
9.1007e-08
8.81312e-08
8.64902e-08
8.54487e-08
8.46507e-08
8.38866e-08
8.30291e-08
8.19995e-08
8.07576e-08
7.9302e-08
7.75473e-08
7.54006e-08
7.29919e-08
7.04285e-08
6.77752e-08
6.50817e-08
6.23646e-08
5.96695e-08
5.70386e-08
5.45089e-08
5.21118e-08
4.98727e-08
4.7811e-08
4.5941e-08
4.4272e-08
4.28096e-08
4.15568e-08
4.05144e-08
3.96828e-08
3.90626e-08
3.86528e-08
3.84614e-08
3.84902e-08
3.87209e-08
3.92139e-08
3.99592e-08
4.09612e-08
4.22299e-08
4.37752e-08
4.56057e-08
4.77276e-08
5.01435e-08
5.28511e-08
5.58453e-08
5.91184e-08
6.26554e-08
6.64342e-08
7.04242e-08
7.45852e-08
7.88644e-08
8.31916e-08
8.74708e-08
9.15689e-08
9.5302e-08
9.84149e-08
1.00566e-07
1.01325e-07
1.00196e-07
9.66733e-08
9.04177e-08
8.14897e-08
7.05179e-08
5.87182e-08
4.76658e-08
3.87036e-08
3.25483e-08
2.94918e-08
2.94405e-08
3.58362e-08
7.10858e-08
3.61839e-07
1.72533e-07
1.22642e-07
1.0174e-07
9.14051e-08
8.59545e-08
8.30507e-08
8.15692e-08
8.09037e-08
8.06971e-08
8.07243e-08
8.08502e-08
8.09176e-08
8.07666e-08
8.02157e-08
7.93472e-08
7.82349e-08
7.68881e-08
7.53547e-08
7.36735e-08
7.1847e-08
6.99132e-08
6.79128e-08
6.58864e-08
6.38728e-08
6.19076e-08
6.00224e-08
5.82448e-08
5.65978e-08
5.51009e-08
5.37697e-08
5.26169e-08
5.16527e-08
5.08858e-08
5.03236e-08
4.99736e-08
4.98448e-08
4.99237e-08
5.02141e-08
5.07671e-08
5.1564e-08
5.26105e-08
5.39112e-08
5.54696e-08
5.72874e-08
5.93636e-08
6.16942e-08
6.42713e-08
6.70828e-08
7.01126e-08
7.33397e-08
7.67378e-08
8.02753e-08
8.3915e-08
8.76126e-08
9.13138e-08
9.49503e-08
9.84308e-08
1.01629e-07
1.04366e-07
1.06381e-07
1.0731e-07
1.0672e-07
1.0403e-07
9.86209e-08
9.024e-08
7.90961e-08
6.61425e-08
5.30409e-08
4.17017e-08
3.34914e-08
2.91693e-08
2.85917e-08
3.46532e-08
6.87042e-08
3.58078e-07
1.70232e-07
1.20162e-07
9.88107e-08
8.80702e-08
8.23976e-08
7.95547e-08
7.84601e-08
7.84872e-08
7.92372e-08
8.03736e-08
8.15685e-08
8.26905e-08
8.36794e-08
8.45137e-08
8.51103e-08
8.54679e-08
8.55724e-08
8.54341e-08
8.50613e-08
8.4454e-08
8.36478e-08
8.26787e-08
8.15849e-08
8.04057e-08
7.91792e-08
7.79422e-08
7.67263e-08
7.55622e-08
7.44768e-08
7.34942e-08
7.26349e-08
7.19164e-08
7.1354e-08
7.0961e-08
7.07502e-08
7.07347e-08
7.08781e-08
7.12302e-08
7.18026e-08
7.25845e-08
7.35778e-08
7.47822e-08
7.61956e-08
7.78134e-08
7.96283e-08
8.163e-08
8.38044e-08
8.6134e-08
8.85972e-08
9.11688e-08
9.38196e-08
9.65166e-08
9.92238e-08
1.01902e-07
1.0451e-07
1.06998e-07
1.09309e-07
1.11364e-07
1.13049e-07
1.14191e-07
1.14507e-07
1.13705e-07
1.11188e-07
1.06272e-07
9.84715e-08
8.75565e-08
7.3994e-08
5.92111e-08
4.54227e-08
3.47319e-08
2.85466e-08
2.70602e-08
3.2501e-08
6.44473e-08
3.62926e-07
1.71712e-07
1.20199e-07
9.797e-08
8.68315e-08
8.12562e-08
7.89491e-08
7.86412e-08
7.96334e-08
8.15451e-08
8.40625e-08
8.69674e-08
9.00426e-08
9.31269e-08
9.61259e-08
9.89352e-08
1.01488e-07
1.03744e-07
1.0568e-07
1.07281e-07
1.0855e-07
1.09502e-07
1.10164e-07
1.10565e-07
1.10741e-07
1.10727e-07
1.10579e-07
1.10298e-07
1.09935e-07
1.09524e-07
1.09094e-07
1.08672e-07
1.0828e-07
1.0794e-07
1.07672e-07
1.07493e-07
1.07417e-07
1.07443e-07
1.07571e-07
1.07838e-07
1.08236e-07
1.08763e-07
1.09418e-07
1.10196e-07
1.11091e-07
1.12093e-07
1.1319e-07
1.14367e-07
1.15604e-07
1.16879e-07
1.18166e-07
1.19436e-07
1.20662e-07
1.21811e-07
1.22855e-07
1.2376e-07
1.24492e-07
1.25011e-07
1.25263e-07
1.25189e-07
1.24733e-07
1.23651e-07
1.21677e-07
1.18441e-07
1.13382e-07
1.05851e-07
9.53226e-08
8.16449e-08
6.57396e-08
4.97856e-08
3.64081e-08
2.77883e-08
2.48415e-08
2.92531e-08
5.80697e-08
3.73178e-07
1.75339e-07
1.21597e-07
9.86487e-08
8.77262e-08
8.3006e-08
8.1967e-08
8.3431e-08
8.67467e-08
9.13687e-08
9.69111e-08
1.03078e-07
1.09598e-07
1.16248e-07
1.22853e-07
1.29261e-07
1.35349e-07
1.41042e-07
1.46305e-07
1.51025e-07
1.55185e-07
1.58791e-07
1.6186e-07
1.64416e-07
1.66483e-07
1.68094e-07
1.69288e-07
1.701e-07
1.7057e-07
1.70746e-07
1.70677e-07
1.7041e-07
1.69935e-07
1.69316e-07
1.68584e-07
1.67769e-07
1.66893e-07
1.65976e-07
1.65037e-07
1.64091e-07
1.63152e-07
1.62226e-07
1.61321e-07
1.60437e-07
1.59573e-07
1.58726e-07
1.57888e-07
1.57049e-07
1.56197e-07
1.55313e-07
1.54381e-07
1.53379e-07
1.52286e-07
1.5108e-07
1.49739e-07
1.48241e-07
1.46564e-07
1.44683e-07
1.42567e-07
1.40174e-07
1.37441e-07
1.34254e-07
1.30438e-07
1.25738e-07
1.19695e-07
1.11707e-07
1.01101e-07
8.75777e-08
7.14649e-08
5.41512e-08
3.8364e-08
2.70006e-08
2.20047e-08
2.47712e-08
4.91815e-08
3.75107e-07
1.75196e-07
1.217e-07
1.00351e-07
9.19909e-08
9.04992e-08
9.34731e-08
9.96567e-08
1.08212e-07
1.1851e-07
1.30049e-07
1.42384e-07
1.55119e-07
1.67938e-07
1.80648e-07
1.9295e-07
2.04591e-07
2.15377e-07
2.25144e-07
2.33859e-07
2.41501e-07
2.4807e-07
2.53579e-07
2.58061e-07
2.61565e-07
2.64129e-07
2.65827e-07
2.66716e-07
2.66826e-07
2.66394e-07
2.65331e-07
2.63699e-07
2.61611e-07
2.59129e-07
2.5631e-07
2.53206e-07
2.49866e-07
2.46333e-07
2.42648e-07
2.38845e-07
2.34953e-07
2.30997e-07
2.26997e-07
2.22968e-07
2.18922e-07
2.14866e-07
2.10805e-07
2.06739e-07
2.02667e-07
1.98585e-07
1.94486e-07
1.90361e-07
1.86198e-07
1.81985e-07
1.77706e-07
1.73346e-07
1.68888e-07
1.64311e-07
1.59588e-07
1.54685e-07
1.49546e-07
1.44083e-07
1.38149e-07
1.31489e-07
1.23804e-07
1.1468e-07
1.03615e-07
9.01814e-08
7.43387e-08
5.68935e-08
3.98803e-08
2.62391e-08
1.87186e-08
1.91424e-08
3.77745e-08
3.47996e-07
1.63787e-07
1.18562e-07
1.05537e-07
1.05541e-07
1.13389e-07
1.26418e-07
1.43108e-07
1.62391e-07
1.83439e-07
2.05676e-07
2.28303e-07
2.50622e-07
2.72088e-07
2.92217e-07
3.10763e-07
3.27567e-07
3.4251e-07
3.55524e-07
3.66587e-07
3.75713e-07
3.82951e-07
3.88374e-07
3.92109e-07
3.9431e-07
3.94962e-07
3.94406e-07
3.927e-07
3.89716e-07
3.85776e-07
3.80986e-07
3.75452e-07
3.69282e-07
3.62574e-07
3.55422e-07
3.47909e-07
3.40113e-07
3.321e-07
3.23933e-07
3.15664e-07
3.0734e-07
2.99002e-07
2.90686e-07
2.82419e-07
2.74227e-07
2.66129e-07
2.5814e-07
2.50274e-07
2.42542e-07
2.34948e-07
2.27491e-07
2.20163e-07
2.1295e-07
2.05839e-07
1.98812e-07
1.9185e-07
1.84929e-07
1.78021e-07
1.71094e-07
1.64104e-07
1.56993e-07
1.49678e-07
1.42043e-07
1.33912e-07
1.25041e-07
1.15098e-07
1.03659e-07
9.03125e-08
7.48659e-08
5.77485e-08
4.04448e-08
2.54179e-08
1.53146e-08
1.26529e-08
2.41315e-08
2.47154e-07
1.27272e-07
1.14045e-07
1.26791e-07
1.50478e-07
1.79994e-07
2.12726e-07
2.47002e-07
2.8158e-07
3.15491e-07
3.47846e-07
3.78189e-07
4.06211e-07
4.31672e-07
4.54401e-07
4.74322e-07
4.91423e-07
5.0574e-07
5.17343e-07
5.2633e-07
5.32813e-07
5.36898e-07
5.38704e-07
5.38513e-07
5.36969e-07
5.33482e-07
5.28329e-07
5.21829e-07
5.14108e-07
5.05319e-07
4.95608e-07
4.85113e-07
4.73967e-07
4.62293e-07
4.50205e-07
4.37809e-07
4.252e-07
4.12462e-07
3.99671e-07
3.86892e-07
3.74181e-07
3.61587e-07
3.49153e-07
3.36917e-07
3.24908e-07
3.13149e-07
3.01658e-07
2.90514e-07
2.79703e-07
2.69195e-07
2.58965e-07
2.48991e-07
2.39251e-07
2.2972e-07
2.20374e-07
2.11184e-07
2.02114e-07
1.93127e-07
1.84178e-07
1.75214e-07
1.66168e-07
1.56959e-07
1.47481e-07
1.37593e-07
1.27105e-07
1.15767e-07
1.03286e-07
8.93574e-08
7.38139e-08
5.69597e-08
3.99084e-08
2.46053e-08
1.32107e-08
7.20048e-09
9.66841e-09
4.31036e-08
7.8901e-08
1.62084e-07
2.46129e-07
3.26584e-07
4.01635e-07
4.71146e-07
5.35571e-07
5.95348e-07
6.50784e-07
7.02016e-07
7.49042e-07
7.91779e-07
8.30114e-07
8.63981e-07
8.93382e-07
9.18339e-07
9.38892e-07
9.55112e-07
9.67106e-07
9.75e-07
9.7881e-07
9.78577e-07
9.76205e-07
9.70446e-07
9.6133e-07
9.49616e-07
9.35551e-07
9.19389e-07
9.01387e-07
8.81805e-07
8.60899e-07
8.38913e-07
8.16077e-07
7.92602e-07
7.68681e-07
7.44488e-07
7.20177e-07
6.95881e-07
6.71714e-07
6.47773e-07
6.24144e-07
6.00897e-07
5.78102e-07
5.55807e-07
5.34038e-07
5.12832e-07
4.92515e-07
4.72835e-07
4.53667e-07
4.34946e-07
4.16627e-07
3.98668e-07
3.81024e-07
3.63643e-07
3.46466e-07
3.29428e-07
3.12454e-07
2.95463e-07
2.78361e-07
2.61044e-07
2.4339e-07
2.25255e-07
2.06467e-07
1.86822e-07
1.66093e-07
1.44071e-07
1.20678e-07
9.61883e-08
7.1523e-08
4.83947e-08
2.89441e-08
1.47769e-08
5.96342e-09
3.20081e-09
)
;

boundaryField
{
    movingWall
    {
        type            epsilonWallFunction;
        value           nonuniform List<scalar> 
75
(
4.31036e-08
7.8901e-08
1.62084e-07
2.46129e-07
3.26584e-07
4.01635e-07
4.71146e-07
5.35571e-07
5.95348e-07
6.50784e-07
7.02016e-07
7.49042e-07
7.91779e-07
8.30114e-07
8.63981e-07
8.93382e-07
9.18339e-07
9.38892e-07
9.55112e-07
9.67106e-07
9.75e-07
9.7881e-07
9.78577e-07
9.76205e-07
9.70446e-07
9.6133e-07
9.49616e-07
9.35551e-07
9.19389e-07
9.01387e-07
8.81805e-07
8.60899e-07
8.38913e-07
8.16077e-07
7.92602e-07
7.68681e-07
7.44488e-07
7.20177e-07
6.95881e-07
6.71714e-07
6.47773e-07
6.24144e-07
6.00897e-07
5.78102e-07
5.55807e-07
5.34038e-07
5.12832e-07
4.92515e-07
4.72835e-07
4.53667e-07
4.34946e-07
4.16627e-07
3.98668e-07
3.81024e-07
3.63643e-07
3.46466e-07
3.29428e-07
3.12454e-07
2.95463e-07
2.78361e-07
2.61044e-07
2.4339e-07
2.25255e-07
2.06467e-07
1.86822e-07
1.66093e-07
1.44071e-07
1.20678e-07
9.61883e-08
7.1523e-08
4.83947e-08
2.89441e-08
1.47769e-08
5.96342e-09
3.20081e-09
)
;
    }
    fixedWalls
    {
        type            epsilonWallFunction;
        value           nonuniform List<scalar> 
225
(
9.78947e-10
6.61824e-09
1.47101e-08
2.43119e-08
3.49734e-08
4.64024e-08
5.83785e-08
7.07217e-08
8.32791e-08
9.59174e-08
1.08521e-07
1.20987e-07
1.33232e-07
1.45183e-07
1.56785e-07
1.67998e-07
1.788e-07
1.89187e-07
1.99173e-07
2.0879e-07
2.18091e-07
2.27148e-07
2.36049e-07
2.44905e-07
2.53838e-07
2.62988e-07
2.72508e-07
2.82559e-07
2.93311e-07
3.04935e-07
3.17601e-07
3.31473e-07
3.46705e-07
3.63428e-07
3.81748e-07
4.01737e-07
4.2342e-07
4.46768e-07
4.71681e-07
4.97982e-07
5.25405e-07
5.53584e-07
5.82051e-07
6.1024e-07
6.37489e-07
6.63067e-07
6.86198e-07
7.06097e-07
7.22021e-07
7.33315e-07
7.39477e-07
7.4023e-07
7.36098e-07
7.2602e-07
7.10317e-07
6.89846e-07
6.65293e-07
6.37416e-07
6.07033e-07
5.74984e-07
5.421e-07
5.09207e-07
4.77085e-07
4.46539e-07
4.18458e-07
3.93936e-07
3.74441e-07
3.61839e-07
3.58078e-07
3.62926e-07
3.73178e-07
3.75107e-07
3.47996e-07
2.47154e-07
4.31036e-08
1.02647e-09
6.94106e-09
1.54382e-08
2.55429e-08
3.6797e-08
4.89068e-08
6.16511e-08
7.48474e-08
8.83361e-08
1.01973e-07
1.15623e-07
1.2916e-07
1.4246e-07
1.55408e-07
1.67886e-07
1.79782e-07
1.90986e-07
2.01389e-07
2.10882e-07
2.19362e-07
2.26724e-07
2.32871e-07
2.37707e-07
2.41144e-07
2.431e-07
2.43506e-07
2.42313e-07
2.39452e-07
2.34894e-07
2.28639e-07
2.20705e-07
2.11142e-07
2.00032e-07
1.87499e-07
1.73711e-07
1.58884e-07
1.43288e-07
1.27243e-07
1.11116e-07
9.53124e-08
8.02548e-08
6.63609e-08
5.40109e-08
4.3513e-08
3.50718e-08
2.87654e-08
2.45392e-08
2.22229e-08
2.15079e-08
2.20819e-08
2.36785e-08
2.60454e-08
2.89786e-08
3.23287e-08
3.59908e-08
3.98876e-08
4.3953e-08
4.81195e-08
5.23098e-08
5.64324e-08
6.03785e-08
6.40215e-08
6.72164e-08
6.97957e-08
7.13269e-08
7.17553e-08
7.10858e-08
6.87042e-08
6.44473e-08
5.80697e-08
4.91815e-08
3.77745e-08
2.41315e-08
9.66841e-09
3.20081e-09
9.78947e-10
1.84862e-09
3.91883e-09
6.39049e-09
9.17529e-09
1.22066e-08
1.54358e-08
1.88255e-08
2.2345e-08
2.59679e-08
2.96705e-08
3.34309e-08
3.72288e-08
4.10449e-08
4.48606e-08
4.86584e-08
5.24212e-08
5.61327e-08
5.97769e-08
6.33387e-08
6.68035e-08
7.01571e-08
7.33861e-08
7.64775e-08
7.94193e-08
8.21997e-08
8.4808e-08
8.7234e-08
8.94681e-08
9.15017e-08
9.33269e-08
9.49365e-08
9.63241e-08
9.74843e-08
9.84123e-08
9.91043e-08
9.95574e-08
9.97696e-08
9.97398e-08
9.94677e-08
9.89534e-08
9.81985e-08
9.72056e-08
9.59778e-08
9.45195e-08
9.28356e-08
9.09322e-08
8.88161e-08
8.6495e-08
8.39776e-08
8.12732e-08
7.83921e-08
7.53454e-08
7.2145e-08
6.88035e-08
6.53343e-08
6.17517e-08
5.80705e-08
5.43065e-08
5.0476e-08
4.65963e-08
4.26853e-08
3.87618e-08
3.48457e-08
3.09577e-08
2.712e-08
2.33563e-08
1.96925e-08
1.61575e-08
1.27845e-08
9.61409e-09
6.69843e-09
4.10863e-09
1.93838e-09
1.02647e-09
)
;
    }
    frontAndBack
    {
        type            empty;
    }
}


// ************************************************************************* //
