/*--------------------------------*- C++ -*----------------------------------*\
  =========                 |
  \\      /  F ield         | OpenFOAM: The Open Source CFD Toolbox
   \\    /   O peration     | Website:  https://openfoam.org
    \\  /    A nd           | Version:  12
     \\/     M anipulation  |
\*---------------------------------------------------------------------------*/
FoamFile
{
    format      ascii;
    class       volScalarField;
    location    "6.5";
    object      nut;
}
// * * * * * * * * * * * * * * * * * * * * * * * * * * * * * * * * * * * * * //

dimensions      [0 2 -1 0 0 0 0];

internalField   nonuniform List<scalar> 
5625
(
1.7119e-17
5.17233e-16
1.09647e-15
1.78802e-15
2.56719e-15
3.41533e-15
4.31884e-15
5.26726e-15
6.25201e-15
7.26568e-15
8.30164e-15
9.35379e-15
1.04164e-14
1.14841e-14
1.25517e-14
1.36143e-14
1.46672e-14
1.57056e-14
1.67252e-14
1.77218e-14
1.86912e-14
1.96295e-14
2.0533e-14
2.1398e-14
2.2221e-14
2.2999e-14
2.37288e-14
2.44075e-14
2.50326e-14
2.56016e-14
2.61123e-14
2.65626e-14
2.69509e-14
2.72755e-14
2.75351e-14
2.77287e-14
2.78555e-14
2.79149e-14
2.79065e-14
2.78304e-14
2.76865e-14
2.74753e-14
2.71975e-14
2.68539e-14
2.64459e-14
2.59747e-14
2.54422e-14
2.48501e-14
2.42007e-14
2.34963e-14
2.27396e-14
2.19335e-14
2.10811e-14
2.01856e-14
1.92507e-14
1.828e-14
1.72776e-14
1.62477e-14
1.51945e-14
1.41228e-14
1.30373e-14
1.1943e-14
1.08453e-14
9.74954e-15
8.66172e-15
7.58796e-15
6.53491e-15
5.50981e-15
4.52073e-15
3.577e-15
2.68995e-15
1.87417e-15
1.14956e-15
5.42344e-16
1.79499e-17
1.15734e-16
1.68558e-14
8.99762e-14
2.10425e-13
3.53905e-13
5.09014e-13
6.71682e-13
8.40179e-13
1.01342e-12
1.1905e-12
1.37056e-12
1.55275e-12
1.73625e-12
1.92023e-12
2.10391e-12
2.28648e-12
2.46719e-12
2.64529e-12
2.82004e-12
2.99074e-12
3.15671e-12
3.31729e-12
3.47185e-12
3.61978e-12
3.76051e-12
3.89348e-12
4.0182e-12
4.13417e-12
4.24095e-12
4.33813e-12
4.42534e-12
4.50222e-12
4.56849e-12
4.62389e-12
4.66819e-12
4.7012e-12
4.7228e-12
4.73287e-12
4.73135e-12
4.71825e-12
4.69357e-12
4.65741e-12
4.60987e-12
4.55112e-12
4.48136e-12
4.40082e-12
4.3098e-12
4.20861e-12
4.09761e-12
3.97723e-12
3.84789e-12
3.71008e-12
3.56432e-12
3.41116e-12
3.25121e-12
3.08508e-12
2.91343e-12
2.73696e-12
2.55638e-12
2.37246e-12
2.18596e-12
1.99769e-12
1.8085e-12
1.61924e-12
1.43079e-12
1.24405e-12
1.05995e-12
8.79447e-13
7.03546e-13
5.33445e-13
3.71033e-13
2.20657e-13
9.43578e-14
1.76772e-14
1.21378e-16
2.57237e-16
4.22079e-14
2.8808e-13
8.60657e-13
1.73867e-12
2.83155e-12
4.05787e-12
5.36519e-12
6.72303e-12
8.11344e-12
9.52487e-12
1.09489e-11
1.23786e-11
1.38079e-11
1.52309e-11
1.66421e-11
1.80361e-11
1.94076e-11
2.07513e-11
2.20623e-11
2.33354e-11
2.45661e-11
2.57495e-11
2.68814e-11
2.79574e-11
2.89735e-11
2.99259e-11
3.08111e-11
3.16257e-11
3.23667e-11
3.30313e-11
3.3617e-11
3.41215e-11
3.4543e-11
3.48798e-11
3.51305e-11
3.52942e-11
3.537e-11
3.53577e-11
3.52572e-11
3.50685e-11
3.47923e-11
3.44294e-11
3.3981e-11
3.34486e-11
3.2834e-11
3.21393e-11
3.13669e-11
3.05194e-11
2.95999e-11
2.86115e-11
2.75579e-11
2.64428e-11
2.52703e-11
2.40446e-11
2.27702e-11
2.1452e-11
2.00947e-11
1.87037e-11
1.7284e-11
1.58413e-11
1.43812e-11
1.29096e-11
1.14326e-11
9.95689e-12
8.49005e-12
7.04129e-12
5.62323e-12
4.25538e-12
2.97044e-12
1.82429e-12
9.03081e-13
3.02285e-13
4.42932e-14
2.69968e-16
4.25145e-16
7.15107e-14
5.21309e-13
1.71272e-12
3.82785e-12
6.82638e-12
1.05399e-11
1.47752e-11
1.93688e-11
2.41988e-11
2.91786e-11
3.42471e-11
3.93596e-11
4.44816e-11
4.95848e-11
5.46452e-11
5.96408e-11
6.45517e-11
6.93588e-11
7.40443e-11
7.85906e-11
8.29811e-11
8.71999e-11
9.12315e-11
9.50614e-11
9.86757e-11
1.02061e-10
1.05206e-10
1.08098e-10
1.10728e-10
1.13085e-10
1.15161e-10
1.16948e-10
1.1844e-10
1.19632e-10
1.20518e-10
1.21095e-10
1.21361e-10
1.21314e-10
1.20955e-10
1.20284e-10
1.19302e-10
1.18013e-10
1.1642e-10
1.1453e-10
1.12347e-10
1.0988e-10
1.07135e-10
1.04124e-10
1.00854e-10
9.7338e-11
9.35873e-11
8.96148e-11
8.54341e-11
8.10597e-11
7.6507e-11
7.1792e-11
6.69318e-11
6.19444e-11
5.68489e-11
5.16658e-11
4.64177e-11
4.11303e-11
3.58335e-11
3.05647e-11
2.53727e-11
2.03242e-11
1.55129e-11
1.10701e-11
7.17099e-12
4.02112e-12
1.7991e-12
5.47599e-13
7.51251e-14
4.46669e-16
6.11585e-16
1.03745e-13
7.74547e-13
2.6461e-12
6.21018e-12
1.16651e-11
1.89279e-11
2.77396e-11
3.7778e-11
4.87325e-11
6.03378e-11
7.23807e-11
8.46937e-11
9.71454e-11
1.09631e-10
1.22066e-10
1.34378e-10
1.46503e-10
1.58387e-10
1.69978e-10
1.81229e-10
1.92097e-10
2.02538e-10
2.12515e-10
2.21992e-10
2.30933e-10
2.39306e-10
2.47081e-10
2.54231e-10
2.6073e-10
2.66554e-10
2.71682e-10
2.76097e-10
2.79782e-10
2.82723e-10
2.84911e-10
2.86336e-10
2.86992e-10
2.86878e-10
2.85993e-10
2.84336e-10
2.81913e-10
2.78732e-10
2.74801e-10
2.70134e-10
2.64744e-10
2.58648e-10
2.51867e-10
2.44422e-10
2.36337e-10
2.27638e-10
2.18355e-10
2.08518e-10
1.98162e-10
1.87322e-10
1.76038e-10
1.64351e-10
1.52308e-10
1.39959e-10
1.27361e-10
1.14578e-10
1.01686e-10
8.87776e-11
7.59653e-11
6.33927e-11
5.12423e-11
3.97469e-11
2.91952e-11
1.99232e-11
1.22775e-11
6.53497e-12
2.78397e-12
8.14837e-13
1.09148e-13
6.4347e-16
8.11447e-16
1.38166e-13
1.04267e-12
3.62851e-12
8.73067e-12
1.68813e-11
2.82373e-11
4.26324e-11
5.96923e-11
7.89487e-11
9.99249e-11
1.22183e-10
1.45343e-10
1.69084e-10
1.9314e-10
2.17289e-10
2.41344e-10
2.65144e-10
2.88551e-10
3.11442e-10
3.33708e-10
3.55248e-10
3.75971e-10
3.95792e-10
4.14632e-10
4.32419e-10
4.49085e-10
4.64568e-10
4.78809e-10
4.91758e-10
5.03367e-10
5.13594e-10
5.22402e-10
5.29758e-10
5.35636e-10
5.40014e-10
5.42874e-10
5.44206e-10
5.44004e-10
5.42269e-10
5.38996e-10
5.34199e-10
5.2789e-10
5.20089e-10
5.1082e-10
5.0011e-10
4.87995e-10
4.74511e-10
4.59703e-10
4.4362e-10
4.26314e-10
4.07846e-10
3.8828e-10
3.67689e-10
3.46149e-10
3.2375e-10
3.00586e-10
2.76767e-10
2.52417e-10
2.27681e-10
2.02727e-10
1.77754e-10
1.53004e-10
1.28768e-10
1.05401e-10
8.33222e-11
6.30167e-11
4.50073e-11
2.98037e-11
1.78111e-11
9.20751e-12
3.82523e-12
1.09896e-12
1.4562e-13
8.55235e-16
1.02088e-15
1.74165e-13
1.32171e-12
4.6449e-12
1.13308e-11
2.22793e-11
3.79664e-11
5.84384e-11
8.33952e-11
1.12312e-10
1.44553e-10
1.7946e-10
2.16404e-10
2.54816e-10
2.94194e-10
3.34103e-10
3.74166e-10
4.14055e-10
4.53488e-10
4.92213e-10
5.30007e-10
5.66672e-10
6.02027e-10
6.35908e-10
6.68166e-10
6.98662e-10
7.27272e-10
7.5388e-10
7.78382e-10
8.00682e-10
8.20695e-10
8.38344e-10
8.53563e-10
8.66293e-10
8.76486e-10
8.84102e-10
8.89111e-10
8.9149e-10
8.91227e-10
8.8833e-10
8.82781e-10
8.74607e-10
8.63829e-10
8.50481e-10
8.34603e-10
8.16245e-10
7.95466e-10
7.72334e-10
7.46928e-10
7.19334e-10
6.89653e-10
6.57993e-10
6.24479e-10
5.89249e-10
5.52457e-10
5.14275e-10
4.749e-10
4.34554e-10
3.93497e-10
3.5203e-10
3.10505e-10
2.69336e-10
2.29008e-10
1.90082e-10
1.53197e-10
1.19055e-10
8.83935e-11
6.19171e-11
4.02022e-11
2.3574e-11
1.19804e-11
4.90811e-12
1.39604e-12
1.83934e-13
1.0781e-15
1.23673e-15
2.11226e-13
1.6081e-12
5.68357e-12
1.39775e-11
2.77648e-11
4.78712e-11
7.46181e-11
1.07869e-10
1.47136e-10
1.91707e-10
2.40754e-10
2.93422e-10
3.48882e-10
4.06364e-10
4.65169e-10
5.24675e-10
5.84327e-10
6.43635e-10
7.02164e-10
7.59523e-10
8.15366e-10
8.69378e-10
9.21275e-10
9.70798e-10
1.01771e-09
1.06181e-09
1.10289e-09
1.14077e-09
1.17531e-09
1.20635e-09
1.23377e-09
1.25745e-09
1.27731e-09
1.29325e-09
1.30522e-09
1.31316e-09
1.31703e-09
1.31682e-09
1.31252e-09
1.30412e-09
1.29164e-09
1.27513e-09
1.25464e-09
1.23023e-09
1.20198e-09
1.16998e-09
1.13435e-09
1.09522e-09
1.05273e-09
1.00704e-09
9.58356e-10
9.06877e-10
8.52847e-10
7.96536e-10
7.38256e-10
6.78359e-10
6.1725e-10
5.55392e-10
4.9332e-10
4.31645e-10
3.71068e-10
3.1238e-10
2.5646e-10
2.04254e-10
1.56737e-10
1.14846e-10
7.93784e-11
5.08722e-11
2.94719e-11
1.48208e-11
6.021e-12
1.70252e-12
2.23567e-13
1.30886e-15
1.45632e-15
2.48902e-13
1.89867e-12
6.73405e-12
1.66449e-11
3.32775e-11
5.78132e-11
9.08728e-11
1.3253e-10
1.824e-10
2.3976e-10
3.03679e-10
3.73113e-10
4.47001e-10
5.24306e-10
6.04055e-10
6.85349e-10
7.6737e-10
8.49378e-10
9.30708e-10
1.01076e-09
1.08899e-09
1.1649e-09
1.23807e-09
1.30807e-09
1.37454e-09
1.43716e-09
1.49561e-09
1.54963e-09
1.59896e-09
1.64338e-09
1.68271e-09
1.71675e-09
1.74537e-09
1.76843e-09
1.78584e-09
1.7975e-09
1.80337e-09
1.8034e-09
1.7976e-09
1.78592e-09
1.76842e-09
1.74515e-09
1.71617e-09
1.68159e-09
1.64151e-09
1.5961e-09
1.54551e-09
1.48995e-09
1.42964e-09
1.36485e-09
1.29587e-09
1.22303e-09
1.14673e-09
1.0674e-09
9.85538e-10
9.01701e-10
8.16536e-10
7.30773e-10
6.45237e-10
5.6086e-10
4.78676e-10
3.99814e-10
3.25483e-10
2.56919e-10
1.95328e-10
1.41779e-10
9.70857e-11
6.16725e-11
3.54434e-11
1.77023e-11
7.15307e-12
2.0151e-12
2.64055e-13
1.54474e-15
1.67733e-15
2.86802e-13
2.19053e-12
7.7867e-12
1.931e-11
3.87699e-11
6.76965e-11
1.07014e-10
1.57024e-10
2.17479e-10
2.87692e-10
3.66674e-10
4.53247e-10
5.46144e-10
6.44089e-10
7.45841e-10
8.50225e-10
9.56144e-10
1.06259e-09
1.16864e-09
1.27345e-09
1.37626e-09
1.47635e-09
1.57311e-09
1.66594e-09
1.75432e-09
1.83776e-09
1.91583e-09
1.98812e-09
2.05429e-09
2.114e-09
2.16698e-09
2.21296e-09
2.25174e-09
2.28311e-09
2.30693e-09
2.32307e-09
2.33144e-09
2.33198e-09
2.3247e-09
2.30953e-09
2.28652e-09
2.25575e-09
2.21732e-09
2.17135e-09
2.11802e-09
2.05754e-09
1.99013e-09
1.9161e-09
1.83577e-09
1.74952e-09
1.65779e-09
1.56107e-09
1.45994e-09
1.35503e-09
1.24707e-09
1.13688e-09
1.02539e-09
9.13645e-10
8.02802e-10
6.94141e-10
5.89051e-10
4.89009e-10
3.95534e-10
3.10126e-10
2.34171e-10
1.68816e-10
1.14839e-10
7.25007e-11
4.14373e-11
2.06e-11
8.29393e-12
2.33065e-12
3.04972e-13
1.78321e-15
1.89773e-15
3.2458e-13
2.48113e-12
8.83282e-12
2.19521e-11
4.42003e-11
7.74444e-11
1.22903e-10
1.81109e-10
2.51963e-10
3.3484e-10
4.28724e-10
5.32338e-10
6.44249e-10
7.62966e-10
8.87003e-10
1.01492e-09
1.14535e-09
1.27701e-09
1.40871e-09
1.53935e-09
1.66792e-09
1.7935e-09
1.91523e-09
2.03234e-09
2.1441e-09
2.24987e-09
2.34906e-09
2.44111e-09
2.52554e-09
2.60191e-09
2.66982e-09
2.72892e-09
2.77892e-09
2.81954e-09
2.85058e-09
2.87185e-09
2.88322e-09
2.88459e-09
2.87599e-09
2.85729e-09
2.82857e-09
2.78992e-09
2.74147e-09
2.68338e-09
2.61589e-09
2.53927e-09
2.45384e-09
2.36e-09
2.2582e-09
2.14897e-09
2.03289e-09
1.91067e-09
1.78307e-09
1.65098e-09
1.51539e-09
1.37741e-09
1.23829e-09
1.09941e-09
9.62281e-10
8.28556e-10
6.99976e-10
5.78352e-10
4.65497e-10
3.63142e-10
2.72808e-10
1.95686e-10
1.3248e-10
8.32686e-11
4.74055e-11
2.34899e-11
9.43348e-12
2.64622e-12
3.4592e-13
2.02191e-15
2.11575e-15
3.61937e-13
2.76821e-12
9.86462e-12
2.45526e-11
4.95322e-11
8.69919e-11
1.38431e-10
2.04604e-10
2.8556e-10
3.80746e-10
4.89138e-10
6.09382e-10
7.39913e-10
8.79046e-10
1.02508e-09
1.17632e-09
1.33115e-09
1.48802e-09
1.64549e-09
1.80219e-09
1.95688e-09
2.10838e-09
2.25562e-09
2.39761e-09
2.53345e-09
2.66228e-09
2.78335e-09
2.89596e-09
2.99947e-09
3.0933e-09
3.17694e-09
3.24993e-09
3.31187e-09
3.36241e-09
3.40126e-09
3.42818e-09
3.44298e-09
3.44554e-09
3.43587e-09
3.41378e-09
3.37939e-09
3.33278e-09
3.27412e-09
3.20363e-09
3.12158e-09
3.02833e-09
2.92431e-09
2.81001e-09
2.68604e-09
2.55306e-09
2.41186e-09
2.26334e-09
2.10851e-09
1.94849e-09
1.78459e-09
1.61822e-09
1.45096e-09
1.28456e-09
1.12088e-09
9.61932e-10
8.09818e-10
6.66662e-10
5.34552e-10
4.15411e-10
3.10878e-10
2.22161e-10
1.49871e-10
9.38933e-11
5.33013e-11
2.63484e-11
1.05619e-11
2.95897e-12
3.86521e-13
2.25863e-15
2.32988e-15
3.98615e-13
3.04984e-12
1.08754e-11
2.7095e-11
5.47334e-11
9.6283e-11
1.53506e-10
2.27365e-10
3.1805e-10
4.25079e-10
5.47431e-10
6.83685e-10
8.32166e-10
9.9102e-10
1.15835e-09
1.33224e-09
1.51083e-09
1.69234e-09
1.87506e-09
2.05739e-09
2.23783e-09
2.41499e-09
2.58756e-09
2.75435e-09
2.91424e-09
3.0662e-09
3.2093e-09
3.34265e-09
3.46549e-09
3.57707e-09
3.67677e-09
3.764e-09
3.83826e-09
3.89909e-09
3.94614e-09
3.97908e-09
3.99767e-09
4.00174e-09
3.9913e-09
3.9661e-09
3.92626e-09
3.87189e-09
3.80317e-09
3.72036e-09
3.62382e-09
3.51397e-09
3.39133e-09
3.25654e-09
3.11032e-09
2.95352e-09
2.78713e-09
2.61224e-09
2.43013e-09
2.24219e-09
2.05001e-09
1.85534e-09
1.6601e-09
1.46638e-09
1.27643e-09
1.09259e-09
9.17306e-10
7.53006e-10
6.02029e-10
4.6647e-10
3.4807e-10
2.48035e-10
1.66879e-10
1.04293e-10
5.90784e-11
2.9152e-11
1.16696e-11
3.26616e-12
4.26412e-13
2.49123e-15
2.53887e-15
4.34402e-13
3.3244e-12
1.18594e-11
2.95658e-11
5.9777e-11
1.05271e-10
1.68055e-10
2.4928e-10
3.49265e-10
4.67594e-10
6.03249e-10
7.54754e-10
9.20328e-10
1.09798e-09
1.28563e-09
1.48116e-09
1.6825e-09
1.88763e-09
2.09462e-09
2.30164e-09
2.50695e-09
2.70894e-09
2.9061e-09
3.09702e-09
3.28038e-09
3.45497e-09
3.61968e-09
3.77345e-09
3.91536e-09
4.04454e-09
4.1602e-09
4.26164e-09
4.34826e-09
4.41949e-09
4.47489e-09
4.51406e-09
4.5367e-09
4.54257e-09
4.53168e-09
4.50372e-09
4.4588e-09
4.39705e-09
4.31868e-09
4.22398e-09
4.11337e-09
3.98735e-09
3.84655e-09
3.69172e-09
3.52374e-09
3.34362e-09
3.15254e-09
2.95183e-09
2.743e-09
2.52773e-09
2.3079e-09
2.08558e-09
1.86304e-09
1.6427e-09
1.42717e-09
1.21915e-09
1.02138e-09
8.36593e-10
6.67345e-10
5.15902e-10
3.84091e-10
2.7311e-10
1.83373e-10
1.14388e-10
6.46906e-11
3.18778e-11
1.27472e-11
3.56511e-12
4.6524e-13
2.71764e-15
2.74176e-15
4.69132e-13
3.59062e-12
1.28123e-11
3.1954e-11
6.46415e-11
1.13919e-10
1.82018e-10
2.7026e-10
3.79079e-10
5.08113e-10
6.56342e-10
8.22244e-10
1.00393e-09
1.19931e-09
1.40611e-09
1.62204e-09
1.84484e-09
2.07228e-09
2.30222e-09
2.53261e-09
2.76151e-09
2.9871e-09
3.20766e-09
3.42158e-09
3.62737e-09
3.82363e-09
4.00907e-09
4.1825e-09
4.34281e-09
4.489e-09
4.62016e-09
4.73546e-09
4.83418e-09
4.91565e-09
4.97935e-09
5.02478e-09
5.0516e-09
5.05947e-09
5.04845e-09
5.01812e-09
4.96858e-09
4.89998e-09
4.81255e-09
4.70663e-09
4.58267e-09
4.44126e-09
4.28312e-09
4.10913e-09
3.92029e-09
3.71781e-09
3.50303e-09
3.27752e-09
3.04303e-09
2.80151e-09
2.55512e-09
2.30626e-09
2.05751e-09
1.81165e-09
1.5716e-09
1.3404e-09
1.1211e-09
9.16699e-10
7.2996e-10
5.63313e-10
4.18659e-10
2.97189e-10
1.99225e-10
1.24097e-10
7.0092e-11
3.45027e-11
1.37854e-11
3.8532e-12
5.02661e-13
2.93585e-15
2.93786e-15
5.02687e-13
3.84762e-12
1.37309e-11
3.4252e-11
6.93118e-11
1.22201e-10
1.95355e-10
2.90247e-10
4.07406e-10
5.46516e-10
7.06548e-10
8.8593e-10
1.08269e-09
1.2946e-09
1.51925e-09
1.7542e-09
1.99699e-09
2.24522e-09
2.49654e-09
2.74872e-09
2.99963e-09
3.24725e-09
3.48968e-09
3.72514e-09
3.95195e-09
4.16855e-09
4.37349e-09
4.56543e-09
4.74311e-09
4.9054e-09
5.05126e-09
5.17975e-09
5.29002e-09
5.38133e-09
5.45304e-09
5.50461e-09
5.53559e-09
5.5456e-09
5.5347e-09
5.50237e-09
5.44871e-09
5.37389e-09
5.27813e-09
5.16181e-09
5.02544e-09
4.86967e-09
4.69531e-09
4.50334e-09
4.29493e-09
4.0714e-09
3.83432e-09
3.58544e-09
3.32674e-09
3.06044e-09
2.78898e-09
2.51505e-09
2.24155e-09
1.97157e-09
1.70835e-09
1.45524e-09
1.21559e-09
9.9264e-10
7.89354e-10
6.08313e-10
4.51493e-10
3.20078e-10
2.14304e-10
1.33339e-10
7.52367e-11
3.7004e-11
1.4775e-11
4.12785e-12
5.38339e-13
3.14389e-15
3.12677e-15
5.35001e-13
4.09488e-12
1.46134e-11
3.64554e-11
7.37793e-11
1.30103e-10
2.08044e-10
3.09207e-10
4.34202e-10
5.82741e-10
7.53782e-10
9.45697e-10
1.15643e-09
1.38363e-09
1.62477e-09
1.87725e-09
2.13844e-09
2.40578e-09
2.67676e-09
2.94896e-09
3.22008e-09
3.48793e-09
3.75045e-09
4.0057e-09
4.25183e-09
4.48714e-09
4.71003e-09
4.91902e-09
5.11273e-09
5.2899e-09
5.44937e-09
5.5901e-09
5.71113e-09
5.81163e-09
5.89088e-09
5.94825e-09
5.98323e-09
5.9954e-09
5.98479e-09
5.95079e-09
5.89352e-09
5.81312e-09
5.70985e-09
5.58408e-09
5.43639e-09
5.26747e-09
5.07823e-09
4.86974e-09
4.64328e-09
4.40035e-09
4.14265e-09
3.87215e-09
3.59103e-09
3.30177e-09
3.00705e-09
2.70984e-09
2.41333e-09
2.12092e-09
1.83614e-09
1.56263e-09
1.30401e-09
1.06375e-09
8.45013e-10
6.50518e-10
4.82312e-10
3.41579e-10
2.2848e-10
1.42032e-10
8.00789e-11
3.93592e-11
1.57069e-11
4.38653e-12
5.71941e-13
3.33982e-15
3.30843e-15
5.66058e-13
4.33229e-12
1.54594e-11
3.85633e-11
7.80428e-11
1.37623e-10
2.20083e-10
3.2714e-10
4.59466e-10
6.16787e-10
7.98037e-10
1.00153e-09
1.22512e-09
1.46635e-09
1.72257e-09
1.99103e-09
2.26897e-09
2.55367e-09
2.84245e-09
3.13276e-09
3.42214e-09
3.70825e-09
3.98888e-09
4.26194e-09
4.52546e-09
4.7776e-09
5.01664e-09
5.24097e-09
5.4491e-09
5.63966e-09
5.81139e-09
5.96315e-09
6.0939e-09
6.20272e-09
6.2888e-09
6.35147e-09
6.39012e-09
6.40433e-09
6.39408e-09
6.35868e-09
6.29825e-09
6.21293e-09
6.10297e-09
5.96879e-09
5.81096e-09
5.63025e-09
5.42763e-09
5.20425e-09
4.96151e-09
4.70103e-09
4.42467e-09
4.13457e-09
3.8331e-09
3.52295e-09
3.20706e-09
2.88864e-09
2.57114e-09
2.25823e-09
1.95374e-09
1.66154e-09
1.38553e-09
1.12937e-09
8.96425e-10
6.8954e-10
5.10833e-10
3.61495e-10
2.4162e-10
1.50097e-10
8.45729e-11
4.15458e-11
1.65724e-11
4.62674e-12
6.03141e-13
3.52174e-15
3.48306e-15
5.95903e-13
4.56018e-12
1.62701e-11
4.05788e-11
8.21084e-11
1.44773e-10
2.31492e-10
3.44076e-10
4.83239e-10
6.4871e-10
8.39388e-10
1.05352e-09
1.28886e-09
1.54287e-09
1.81275e-09
2.09564e-09
2.38863e-09
2.68887e-09
2.99355e-09
3.29997e-09
3.60554e-09
3.9078e-09
4.20439e-09
4.49313e-09
4.77191e-09
5.03879e-09
5.29195e-09
5.52966e-09
5.75036e-09
5.95258e-09
6.13498e-09
6.29632e-09
6.4355e-09
6.55154e-09
6.64355e-09
6.71081e-09
6.75263e-09
6.76862e-09
6.75867e-09
6.72203e-09
6.65884e-09
6.56921e-09
6.4534e-09
6.31184e-09
6.14512e-09
5.95406e-09
5.73968e-09
5.5032e-09
5.24611e-09
4.97014e-09
4.67729e-09
4.36982e-09
4.05031e-09
3.72161e-09
3.38688e-09
3.04956e-09
2.71332e-09
2.38209e-09
2.05993e-09
1.75097e-09
1.45931e-09
1.18884e-09
9.43074e-10
7.24989e-10
5.36772e-10
3.79625e-10
2.53594e-10
1.5745e-10
8.8673e-11
4.35414e-11
1.73623e-11
4.84601e-12
6.31618e-13
3.68776e-15
3.65126e-15
6.24632e-13
4.7793e-12
1.70482e-11
4.25087e-11
8.59905e-11
1.51577e-10
2.42312e-10
3.60076e-10
5.05612e-10
6.78632e-10
8.77987e-10
1.10185e-09
1.34788e-09
1.61342e-09
1.89558e-09
2.19134e-09
2.49769e-09
2.81164e-09
3.13026e-09
3.45073e-09
3.77035e-09
4.08654e-09
4.39684e-09
4.69897e-09
4.99072e-09
5.27008e-09
5.53512e-09
5.78407e-09
6.01526e-09
6.22718e-09
6.4184e-09
6.58765e-09
6.73375e-09
6.85568e-09
6.95251e-09
7.02343e-09
7.06777e-09
7.08508e-09
7.07524e-09
7.0374e-09
6.97174e-09
6.87836e-09
6.7575e-09
6.6096e-09
6.43527e-09
6.23535e-09
6.01091e-09
5.76322e-09
5.49385e-09
5.2046e-09
4.89759e-09
4.5752e-09
4.24016e-09
3.89546e-09
3.54445e-09
3.19075e-09
2.83825e-09
2.49108e-09
2.15352e-09
1.8299e-09
1.52455e-09
1.2415e-09
9.84446e-10
7.56474e-10
5.59842e-10
3.95771e-10
2.64268e-10
1.64012e-10
9.23341e-11
4.53241e-11
1.80681e-11
5.04191e-12
6.57057e-13
3.83605e-15
3.81393e-15
6.52404e-13
4.99086e-12
1.77981e-11
4.4364e-11
8.97113e-11
1.58077e-10
2.52607e-10
3.75239e-10
5.2672e-10
7.06733e-10
9.14065e-10
1.1468e-09
1.40251e-09
1.6784e-09
1.97148e-09
2.2786e-09
2.59663e-09
2.92246e-09
3.25305e-09
3.58548e-09
3.91695e-09
4.24477e-09
4.56643e-09
4.87953e-09
5.18183e-09
5.47123e-09
5.74575e-09
6.00357e-09
6.24298e-09
6.46241e-09
6.6604e-09
6.83565e-09
6.98694e-09
7.11321e-09
7.21351e-09
7.28697e-09
7.33299e-09
7.35102e-09
7.34091e-09
7.30178e-09
7.23385e-09
7.13718e-09
7.01201e-09
6.85878e-09
6.67811e-09
6.47086e-09
6.23811e-09
5.98119e-09
5.7017e-09
5.40152e-09
5.08284e-09
4.74814e-09
4.40025e-09
4.0423e-09
3.67777e-09
3.31043e-09
2.94436e-09
2.58383e-09
2.23332e-09
1.89735e-09
1.58041e-09
1.28669e-09
1.02002e-09
7.83604e-10
5.79759e-10
4.09734e-10
2.73514e-10
1.69702e-10
9.55116e-11
4.68721e-11
1.86812e-11
5.21206e-12
6.79148e-13
3.96481e-15
3.97232e-15
6.79431e-13
5.1965e-12
1.85256e-11
4.61595e-11
9.3301e-11
1.64325e-10
2.62465e-10
3.89692e-10
5.46745e-10
7.33256e-10
9.47934e-10
1.18876e-09
1.45319e-09
1.73833e-09
2.04103e-09
2.35804e-09
2.68611e-09
3.02201e-09
3.36262e-09
3.70489e-09
4.04595e-09
4.38306e-09
4.71361e-09
5.03518e-09
5.34546e-09
5.64231e-09
5.92374e-09
6.18789e-09
6.43304e-09
6.6576e-09
6.8601e-09
7.03921e-09
7.19373e-09
7.32258e-09
7.42478e-09
7.49951e-09
7.54613e-09
7.56409e-09
7.55315e-09
7.51253e-09
7.44239e-09
7.34281e-09
7.214e-09
7.0564e-09
6.87064e-09
6.65757e-09
6.4183e-09
6.15418e-09
5.86683e-09
5.55817e-09
5.23044e-09
4.88618e-09
4.5283e-09
4.16002e-09
3.78491e-09
3.40687e-09
3.03009e-09
2.65899e-09
2.29819e-09
1.95235e-09
1.6261e-09
1.32377e-09
1.0493e-09
8.05995e-10
5.96242e-10
4.21319e-10
2.812e-10
1.74441e-10
9.81618e-11
4.81645e-11
1.91932e-11
5.35418e-12
6.97596e-13
4.07231e-15
4.12801e-15
7.05984e-13
5.3983e-12
1.92382e-11
4.7914e-11
9.67982e-11
1.7039e-10
2.71994e-10
4.036e-10
5.65914e-10
7.58502e-10
9.79975e-10
1.2282e-09
1.5005e-09
1.79383e-09
2.10495e-09
2.43045e-09
2.76696e-09
3.11116e-09
3.45981e-09
3.80981e-09
4.15819e-09
4.50216e-09
4.83909e-09
5.16649e-09
5.48206e-09
5.78365e-09
6.06925e-09
6.33702e-09
6.58524e-09
6.81233e-09
7.01686e-09
7.19751e-09
7.35309e-09
7.48254e-09
7.58487e-09
7.65938e-09
7.70532e-09
7.72227e-09
7.7098e-09
7.6673e-09
7.59491e-09
7.49266e-09
7.3608e-09
7.19973e-09
7.0101e-09
6.79274e-09
6.54876e-09
6.2795e-09
5.9866e-09
5.672e-09
5.33794e-09
4.98701e-09
4.62213e-09
4.24659e-09
3.86402e-09
3.47839e-09
3.09396e-09
2.71526e-09
2.34699e-09
1.99394e-09
1.66082e-09
1.35209e-09
1.07178e-09
8.2327e-10
6.09016e-10
4.30334e-10
2.87204e-10
1.78153e-10
1.00243e-10
4.91808e-11
1.95961e-11
5.46605e-12
7.12114e-13
4.15689e-15
4.28288e-15
7.32388e-13
5.59875e-12
1.99449e-11
4.965e-11
1.00249e-10
1.76354e-10
2.81326e-10
4.17154e-10
5.84497e-10
7.82827e-10
1.01064e-09
1.26566e-09
1.54506e-09
1.84566e-09
2.16405e-09
2.4967e-09
2.84012e-09
3.19087e-09
3.54563e-09
3.90121e-09
4.2546e-09
4.60297e-09
4.94365e-09
5.27418e-09
5.59224e-09
5.89569e-09
6.18258e-09
6.45108e-09
6.69952e-09
6.92638e-09
7.13026e-09
7.30991e-09
7.46418e-09
7.59203e-09
7.69261e-09
7.76515e-09
7.80899e-09
7.82378e-09
7.80892e-09
7.76405e-09
7.68922e-09
7.58448e-09
7.45005e-09
7.28636e-09
7.09402e-09
6.87387e-09
6.62698e-09
6.35468e-09
6.05861e-09
5.74067e-09
5.4031e-09
5.04848e-09
4.67973e-09
4.30015e-09
3.91339e-09
3.52343e-09
3.13458e-09
2.75141e-09
2.37867e-09
2.02122e-09
1.68384e-09
1.37106e-09
1.08699e-09
8.3507e-10
6.1782e-10
4.36597e-10
2.91405e-10
1.80767e-10
1.01714e-10
4.99018e-11
1.98826e-11
5.54562e-12
7.22437e-13
4.217e-15
4.43912e-15
7.59016e-13
5.80073e-12
2.06561e-11
5.13936e-11
1.03706e-10
1.8231e-10
2.90611e-10
4.30578e-10
6.02799e-10
8.06634e-10
1.04043e-09
1.30175e-09
1.5876e-09
1.89461e-09
2.21923e-09
2.55777e-09
2.90661e-09
3.26219e-09
3.62112e-09
3.98014e-09
4.33619e-09
4.68643e-09
5.02819e-09
5.35901e-09
5.67663e-09
5.97896e-09
6.26409e-09
6.53028e-09
6.77594e-09
6.99962e-09
7.20001e-09
7.37594e-09
7.52633e-09
7.65027e-09
7.74695e-09
7.81566e-09
7.85579e-09
7.86713e-09
7.8489e-09
7.80102e-09
7.72345e-09
7.61627e-09
7.47971e-09
7.31417e-09
7.12026e-09
6.89878e-09
6.65078e-09
6.37757e-09
6.08071e-09
5.76209e-09
5.4239e-09
5.06867e-09
4.69929e-09
4.31901e-09
3.93144e-09
3.54056e-09
3.15066e-09
2.7663e-09
2.39225e-09
2.03336e-09
1.69446e-09
1.38012e-09
1.09449e-09
8.41062e-10
6.22411e-10
4.39941e-10
2.93693e-10
1.82214e-10
1.02539e-10
5.03098e-11
2.00455e-11
5.59097e-12
7.28319e-13
4.25122e-15
4.59916e-15
7.86287e-13
6.00747e-12
2.13833e-11
5.3174e-11
1.07229e-10
1.88364e-10
3.00015e-10
4.44117e-10
6.21161e-10
8.30364e-10
1.0699e-09
1.33714e-09
1.62887e-09
1.94156e-09
2.27143e-09
2.61465e-09
2.96746e-09
3.3262e-09
3.68735e-09
4.04763e-09
4.40395e-09
4.75346e-09
5.09352e-09
5.42172e-09
5.73586e-09
6.03394e-09
6.31415e-09
6.57484e-09
6.81455e-09
7.03195e-09
7.22586e-09
7.39518e-09
7.53902e-09
7.65656e-09
7.74707e-09
7.80992e-09
7.84468e-09
7.85105e-09
7.8284e-09
7.77677e-09
7.69609e-09
7.58646e-09
7.44811e-09
7.28145e-09
7.08704e-09
6.86568e-09
6.61836e-09
6.34634e-09
6.05113e-09
5.73453e-09
5.39865e-09
5.04595e-09
4.67924e-09
4.30169e-09
3.91683e-09
3.52856e-09
3.1411e-09
2.75895e-09
2.38685e-09
2.02962e-09
1.69207e-09
1.37877e-09
1.09388e-09
8.40945e-10
6.2257e-10
4.40213e-10
2.93969e-10
1.82435e-10
1.02686e-10
5.03891e-11
2.00789e-11
5.60045e-12
7.29548e-13
4.25832e-15
4.76566e-15
8.14659e-13
6.2225e-12
2.21393e-11
5.50234e-11
1.10883e-10
1.94631e-10
3.09722e-10
4.58036e-10
6.39944e-10
8.54488e-10
1.09963e-09
1.3725e-09
1.66968e-09
1.98736e-09
2.32159e-09
2.66834e-09
3.0237e-09
3.38388e-09
3.7453e-09
4.10463e-09
4.45876e-09
4.80486e-09
5.14036e-09
5.46291e-09
5.77042e-09
6.06101e-09
6.33299e-09
6.58488e-09
6.81537e-09
7.02327e-09
7.20754e-09
7.36733e-09
7.50183e-09
7.61034e-09
7.69228e-09
7.74718e-09
7.77478e-09
7.77462e-09
7.74646e-09
7.69026e-09
7.60603e-09
7.49387e-09
7.35406e-09
7.187e-09
6.99326e-09
6.77356e-09
6.52883e-09
6.26025e-09
5.96921e-09
5.65744e-09
5.32693e-09
4.98001e-09
4.61936e-09
4.24803e-09
3.86943e-09
3.48732e-09
3.10582e-09
2.72931e-09
2.36244e-09
2.00996e-09
1.6766e-09
1.36693e-09
1.08509e-09
8.34643e-10
6.18228e-10
4.37357e-10
2.92192e-10
1.81402e-10
1.02136e-10
5.01314e-11
1.99792e-11
5.57307e-12
7.25986e-13
4.23746e-15
4.94146e-15
8.44619e-13
6.44959e-12
2.29376e-11
5.69759e-11
1.14739e-10
2.01233e-10
3.19924e-10
4.72616e-10
6.59527e-10
8.79488e-10
1.1302e-09
1.40854e-09
1.71078e-09
2.03286e-09
2.37059e-09
2.71973e-09
3.07621e-09
3.43612e-09
3.79581e-09
4.15189e-09
4.50129e-09
4.84122e-09
5.16918e-09
5.48296e-09
5.78058e-09
6.06033e-09
6.3207e-09
6.56039e-09
6.77827e-09
6.97337e-09
7.14487e-09
7.29205e-09
7.41425e-09
7.51103e-09
7.58204e-09
7.62694e-09
7.64552e-09
7.63742e-09
7.60263e-09
7.54115e-09
7.45302e-09
7.33841e-09
7.19758e-09
7.03087e-09
6.83881e-09
6.62209e-09
6.38159e-09
6.11839e-09
5.83381e-09
5.52944e-09
5.20714e-09
4.86908e-09
4.51778e-09
4.1561e-09
3.78725e-09
3.41486e-09
3.04287e-09
2.67554e-09
2.31734e-09
1.97288e-09
1.64682e-09
1.34363e-09
1.06739e-09
8.21633e-10
6.09028e-10
4.31141e-10
2.88219e-10
1.79034e-10
1.0085e-10
4.95177e-11
1.97396e-11
5.507e-12
7.17416e-13
4.18744e-15
5.12951e-15
8.76678e-13
6.69266e-12
2.37926e-11
5.90674e-11
1.18868e-10
2.08297e-10
3.30819e-10
4.88141e-10
6.80293e-10
9.05846e-10
1.1622e-09
1.4459e-09
1.75289e-09
2.07882e-09
2.4192e-09
2.76959e-09
3.12572e-09
3.48358e-09
3.83944e-09
4.1899e-09
4.53193e-09
4.86282e-09
5.18018e-09
5.48194e-09
5.76633e-09
6.03181e-09
6.27711e-09
6.50115e-09
6.70303e-09
6.88202e-09
7.03747e-09
7.16891e-09
7.27608e-09
7.35866e-09
7.41641e-09
7.44919e-09
7.45687e-09
7.43941e-09
7.39683e-09
7.32918e-09
7.2366e-09
7.11927e-09
6.97748e-09
6.81162e-09
6.62219e-09
6.40981e-09
6.17528e-09
5.91958e-09
5.64388e-09
5.3496e-09
5.03841e-09
4.71233e-09
4.37368e-09
4.02515e-09
3.66977e-09
3.31088e-09
2.95219e-09
2.59771e-09
2.25172e-09
1.91864e-09
1.60295e-09
1.30902e-09
1.04085e-09
8.01932e-10
5.94956e-10
4.2154e-10
2.82025e-10
1.75311e-10
9.88132e-11
4.85415e-11
1.93573e-11
5.40155e-12
7.03748e-13
4.10775e-15
5.33281e-15
9.11352e-13
6.95574e-12
2.47188e-11
6.13345e-11
1.23345e-10
2.15952e-10
3.4261e-10
5.04897e-10
7.02615e-10
9.34023e-10
1.19616e-09
1.48517e-09
1.79664e-09
2.12585e-09
2.46801e-09
2.81844e-09
3.17269e-09
3.52661e-09
3.87644e-09
4.21879e-09
4.55069e-09
4.86954e-09
5.17313e-09
5.45957e-09
5.72731e-09
5.97507e-09
6.20182e-09
6.40676e-09
6.58927e-09
6.7488e-09
6.88513e-09
6.9981e-09
7.08748e-09
7.1533e-09
7.19553e-09
7.21419e-09
7.20935e-09
7.18114e-09
7.12968e-09
7.05516e-09
6.95776e-09
6.83775e-09
6.69542e-09
6.53115e-09
6.34541e-09
6.13876e-09
5.9119e-09
5.66567e-09
5.40109e-09
5.11946e-09
4.82231e-09
4.5114e-09
4.18879e-09
3.85689e-09
3.51844e-09
3.17652e-09
2.83458e-09
2.49637e-09
2.16589e-09
1.84735e-09
1.54501e-09
1.26308e-09
1.00545e-09
7.75526e-10
5.76003e-10
4.08547e-10
2.73606e-10
1.70232e-10
9.6026e-11
4.72026e-11
1.88324e-11
5.25671e-12
6.84982e-13
3.99836e-15
5.55434e-15
9.49156e-13
7.24283e-12
2.57306e-11
6.38138e-11
1.28243e-10
2.24325e-10
3.5549e-10
5.23156e-10
7.26842e-10
9.64434e-10
1.23254e-09
1.52685e-09
1.8425e-09
2.17439e-09
2.51739e-09
2.86655e-09
3.21723e-09
3.5652e-09
3.90665e-09
4.23825e-09
4.55712e-09
4.86084e-09
5.14738e-09
5.41514e-09
5.6628e-09
5.88937e-09
6.09415e-09
6.27663e-09
6.43642e-09
6.57353e-09
6.68791e-09
6.77949e-09
6.84862e-09
6.89544e-09
6.92014e-09
6.92298e-09
6.90422e-09
6.86413e-09
6.80299e-09
6.72108e-09
6.61869e-09
6.49612e-09
6.35369e-09
6.19177e-09
6.01078e-09
5.81123e-09
5.59367e-09
5.35888e-09
5.10776e-09
4.84135e-09
4.56093e-09
4.26803e-09
3.96445e-09
3.65232e-09
3.33406e-09
3.01246e-09
2.69063e-09
2.372e-09
2.06027e-09
1.75936e-09
1.47328e-09
1.20602e-09
9.61325e-10
7.42508e-10
5.52226e-10
3.92197e-10
2.62982e-10
1.63809e-10
9.24946e-11
4.55043e-11
1.81663e-11
5.07289e-12
6.61173e-13
3.85963e-15
5.79697e-15
9.90579e-13
7.55776e-12
2.68421e-11
6.65408e-11
1.33634e-10
2.33539e-10
3.69643e-10
5.43165e-10
7.5328e-10
9.97427e-10
1.2717e-09
1.57125e-09
1.89074e-09
2.22461e-09
2.56736e-09
2.91379e-09
3.25906e-09
3.59887e-09
3.92942e-09
4.24746e-09
4.55028e-09
4.83566e-09
5.10187e-09
5.34753e-09
5.57168e-09
5.7737e-09
5.9532e-09
6.10995e-09
6.24418e-09
6.35602e-09
6.44555e-09
6.51355e-09
6.56029e-09
6.5862e-09
6.59175e-09
6.57741e-09
6.54365e-09
6.49089e-09
6.41956e-09
6.33004e-09
6.22269e-09
6.09787e-09
5.95592e-09
5.79719e-09
5.62206e-09
5.43095e-09
5.22438e-09
5.00292e-09
4.76728e-09
4.51831e-09
4.25708e-09
3.98483e-09
3.70309e-09
3.41365e-09
3.11862e-09
2.82041e-09
2.52178e-09
2.22581e-09
1.93583e-09
1.65544e-09
1.38836e-09
1.13829e-09
9.0881e-10
7.03105e-10
5.2378e-10
3.72591e-10
2.50217e-10
1.56077e-10
8.82386e-11
4.34559e-11
1.73626e-11
4.85117e-12
6.32465e-13
3.6924e-15
6.06337e-15
1.03607e-12
7.90411e-12
2.80664e-11
6.95485e-11
1.39584e-10
2.43704e-10
3.85232e-10
5.65136e-10
7.82174e-10
1.03325e-09
1.31385e-09
1.61854e-09
1.94139e-09
2.27638e-09
2.61762e-09
2.95962e-09
3.29743e-09
3.62666e-09
3.94359e-09
4.24511e-09
4.52872e-09
4.79253e-09
5.03501e-09
5.25522e-09
5.45257e-09
5.62683e-09
5.7779e-09
5.90622e-09
6.01213e-09
6.0959e-09
6.15884e-09
6.20126e-09
6.2239e-09
6.2275e-09
6.21276e-09
6.18039e-09
6.13102e-09
6.06524e-09
5.98361e-09
5.88659e-09
5.77463e-09
5.64812e-09
5.50741e-09
5.35283e-09
5.18472e-09
5.00343e-09
4.80933e-09
4.60287e-09
4.38456e-09
4.15507e-09
3.91519e-09
3.66591e-09
3.40845e-09
3.14426e-09
2.87508e-09
2.60296e-09
2.33027e-09
2.05966e-09
1.79412e-09
1.53684e-09
1.29119e-09
1.06062e-09
8.48446e-10
6.57707e-10
4.90933e-10
3.49905e-10
2.3542e-10
1.47101e-10
8.32934e-11
4.10745e-11
1.64281e-11
4.59341e-12
5.99105e-13
3.49812e-15
6.35584e-15
1.08604e-12
8.28512e-12
2.94154e-11
7.28664e-11
1.4615e-10
2.54914e-10
4.02388e-10
5.89224e-10
8.1368e-10
1.07202e-09
1.35904e-09
1.66859e-09
1.99416e-09
2.32919e-09
2.6674e-09
3.00305e-09
3.33107e-09
3.64708e-09
3.94747e-09
4.22936e-09
4.49059e-09
4.72943e-09
4.9449e-09
5.13644e-09
5.3039e-09
5.44738e-09
5.5675e-09
5.66466e-09
5.73987e-09
5.79436e-09
5.82883e-09
5.8443e-09
5.84179e-09
5.82231e-09
5.78679e-09
5.73613e-09
5.67113e-09
5.59253e-09
5.50097e-09
5.39701e-09
5.28115e-09
5.15381e-09
5.01532e-09
4.866e-09
4.70612e-09
4.53593e-09
4.3557e-09
4.16573e-09
3.96636e-09
3.75803e-09
3.5413e-09
3.31688e-09
3.08567e-09
2.84878e-09
2.60759e-09
2.36374e-09
2.1192e-09
1.8762e-09
1.6373e-09
1.4053e-09
1.1832e-09
9.74092e-10
7.81041e-10
6.06896e-10
4.54091e-10
3.2441e-10
2.18762e-10
1.36984e-10
7.77132e-11
3.83858e-11
1.5373e-11
4.30243e-12
5.6146e-13
3.27895e-15
6.67626e-15
1.14083e-12
8.70338e-12
3.08985e-11
7.65183e-11
1.53378e-10
2.6724e-10
4.21196e-10
6.15513e-10
8.47841e-10
1.1137e-09
1.40707e-09
1.72103e-09
2.04844e-09
2.38215e-09
2.71552e-09
3.0426e-09
3.35823e-09
3.65814e-09
3.93891e-09
4.19803e-09
4.43347e-09
4.64413e-09
4.82944e-09
4.98932e-09
5.12404e-09
5.23446e-09
5.32079e-09
5.38533e-09
5.42877e-09
5.45237e-09
5.45747e-09
5.44542e-09
5.4175e-09
5.37495e-09
5.31892e-09
5.25045e-09
5.17049e-09
5.07989e-09
4.97937e-09
4.86956e-09
4.75095e-09
4.62394e-09
4.48889e-09
4.34605e-09
4.19563e-09
4.0378e-09
3.8727e-09
3.70048e-09
3.52131e-09
3.33543e-09
3.14316e-09
2.94494e-09
2.74136e-09
2.53322e-09
2.3215e-09
2.10747e-09
1.89267e-09
1.67891e-09
1.4683e-09
1.26322e-09
1.06627e-09
8.80167e-10
7.07695e-10
5.51474e-10
4.13812e-10
2.96478e-10
2.00479e-10
1.25862e-10
7.15731e-11
3.54256e-11
1.42111e-11
3.98209e-12
5.20033e-13
3.03783e-15
7.02586e-15
1.20064e-12
9.16069e-12
3.25225e-11
8.05204e-11
1.61297e-10
2.80718e-10
4.41689e-10
6.43993e-10
8.84561e-10
1.15804e-09
1.45749e-09
1.77516e-09
2.1032e-09
2.43392e-09
2.76033e-09
3.0763e-09
3.37671e-09
3.65745e-09
3.91548e-09
4.14841e-09
4.35489e-09
4.53429e-09
4.68656e-09
4.81214e-09
4.91173e-09
4.98651e-09
5.03874e-09
5.06932e-09
5.07994e-09
5.07228e-09
5.04802e-09
5.00878e-09
4.95608e-09
4.89137e-09
4.81594e-09
4.73098e-09
4.63754e-09
4.53653e-09
4.42867e-09
4.31456e-09
4.19473e-09
4.0696e-09
3.93944e-09
3.80445e-09
3.66477e-09
3.52046e-09
3.37155e-09
3.21803e-09
3.05994e-09
2.89731e-09
2.73024e-09
2.55893e-09
2.38369e-09
2.20498e-09
2.02347e-09
1.84003e-09
1.65579e-09
1.47214e-09
1.29076e-09
1.11358e-09
9.42791e-10
7.80727e-10
6.29827e-10
4.92479e-10
3.70827e-10
2.66599e-10
1.80882e-10
1.13921e-10
6.49722e-11
3.2241e-11
1.29608e-11
3.6374e-12
4.75474e-13
2.77855e-15
7.40509e-15
1.26557e-12
9.65781e-12
3.42901e-11
8.48787e-11
1.69913e-10
2.95343e-10
4.63821e-10
6.74539e-10
9.23572e-10
1.20457e-09
1.50956e-09
1.82993e-09
2.15707e-09
2.48277e-09
2.79975e-09
3.10182e-09
3.38396e-09
3.6424e-09
3.8743e-09
4.07788e-09
4.25237e-09
4.39771e-09
4.51449e-09
4.60302e-09
4.66617e-09
4.70527e-09
4.72196e-09
4.71826e-09
4.69625e-09
4.65794e-09
4.60532e-09
4.54024e-09
4.46441e-09
4.37943e-09
4.28674e-09
4.18756e-09
4.0829e-09
3.97365e-09
3.86059e-09
3.74434e-09
3.62535e-09
3.50395e-09
3.38037e-09
3.25471e-09
3.12702e-09
2.99726e-09
2.86533e-09
2.73113e-09
2.59452e-09
2.45537e-09
2.3136e-09
2.16918e-09
2.02218e-09
1.87279e-09
1.72134e-09
1.56838e-09
1.41465e-09
1.26114e-09
1.1091e-09
9.60037e-10
8.1571e-10
6.78072e-10
5.49191e-10
4.31198e-10
3.26045e-10
2.35386e-10
1.60359e-10
1.01391e-10
5.8035e-11
2.88907e-11
1.16449e-11
3.27463e-12
4.2859e-13
2.50581e-15
7.81342e-15
1.33553e-12
1.01942e-11
3.61993e-11
8.95864e-11
1.79206e-10
3.11058e-10
4.87461e-10
7.06888e-10
9.64418e-10
1.25255e-09
1.56222e-09
1.88393e-09
2.20828e-09
2.5266e-09
2.83141e-09
3.11654e-09
3.37727e-09
3.6101e-09
3.81267e-09
3.98397e-09
4.12381e-09
4.23259e-09
4.31087e-09
4.36281e-09
4.38884e-09
4.39135e-09
4.37278e-09
4.33559e-09
4.28222e-09
4.21502e-09
4.13617e-09
4.04773e-09
3.95157e-09
3.8493e-09
3.7423e-09
3.63182e-09
3.51891e-09
3.40444e-09
3.28908e-09
3.17334e-09
3.05758e-09
2.94204e-09
2.82685e-09
2.71201e-09
2.59746e-09
2.48307e-09
2.36863e-09
2.25391e-09
2.13866e-09
2.02261e-09
1.90553e-09
1.78721e-09
1.66751e-09
1.5464e-09
1.42396e-09
1.30041e-09
1.17618e-09
1.05188e-09
9.28387e-10
8.0679e-10
6.88438e-10
5.7489e-10
4.67861e-10
3.69162e-10
2.80553e-10
2.03574e-10
1.39381e-10
8.85503e-11
5.09119e-11
2.54459e-11
1.02908e-11
2.90126e-12
3.80345e-13
2.22521e-15
8.24914e-15
1.41023e-12
1.07676e-11
3.82421e-11
9.46206e-11
1.89117e-10
3.27741e-10
5.12368e-10
7.40618e-10
1.00642e-09
1.30101e-09
1.61414e-09
1.93547e-09
2.25477e-09
2.56304e-09
2.8527e-09
3.11776e-09
3.35388e-09
3.55785e-09
3.72825e-09
3.86467e-09
3.96698e-09
4.03709e-09
4.07857e-09
4.09232e-09
4.08109e-09
4.0478e-09
3.99538e-09
3.92668e-09
3.84447e-09
3.75131e-09
3.64957e-09
3.54137e-09
3.42856e-09
3.31278e-09
3.19541e-09
3.07761e-09
2.96028e-09
2.84416e-09
2.72979e-09
2.61755e-09
2.50765e-09
2.40022e-09
2.29524e-09
2.19262e-09
2.09217e-09
1.99367e-09
1.8968e-09
1.80126e-09
1.70667e-09
1.61268e-09
1.51894e-09
1.42512e-09
1.33094e-09
1.23618e-09
1.14072e-09
1.04455e-09
9.47823e-10
8.50852e-10
7.54154e-10
6.58467e-10
5.64753e-10
4.74193e-10
3.88151e-10
3.08098e-10
2.35588e-10
1.72006e-10
1.18488e-10
7.57215e-11
4.3777e-11
2.19888e-11
8.93031e-12
2.52594e-12
3.31847e-13
1.94319e-15
8.70914e-15
1.48915e-12
1.1374e-11
4.0403e-11
9.99391e-11
1.99552e-10
3.45194e-10
5.38184e-10
7.75135e-10
1.04869e-09
1.34869e-09
1.66376e-09
1.98257e-09
2.29428e-09
2.58961e-09
2.86101e-09
3.10299e-09
3.31119e-09
3.48357e-09
3.61932e-09
3.71764e-09
3.78178e-09
3.81473e-09
3.81765e-09
3.79383e-09
3.7467e-09
3.67967e-09
3.59608e-09
3.49914e-09
3.39183e-09
3.27686e-09
3.15664e-09
3.0333e-09
2.90865e-09
2.78421e-09
2.6612e-09
2.54058e-09
2.42308e-09
2.30925e-09
2.19942e-09
2.0938e-09
1.99243e-09
1.89527e-09
1.80217e-09
1.71291e-09
1.62719e-09
1.54469e-09
1.46502e-09
1.38778e-09
1.31256e-09
1.23894e-09
1.16649e-09
1.09481e-09
1.02353e-09
9.52325e-10
8.80942e-10
8.0921e-10
7.3707e-10
6.64603e-10
5.92049e-10
5.19834e-10
4.48586e-10
3.79137e-10
3.12509e-10
2.49868e-10
1.92483e-10
1.41597e-10
9.82721e-11
6.32593e-11
3.68229e-11
1.86108e-11
7.59859e-12
2.1582e-12
2.84314e-13
1.66682e-15
9.18875e-15
1.57149e-12
1.2007e-11
4.26584e-11
1.05478e-10
2.10365e-10
3.63136e-10
5.64424e-10
8.09682e-10
1.09011e-09
1.39412e-09
1.70924e-09
2.02312e-09
2.32447e-09
2.60386e-09
2.85414e-09
3.06972e-09
3.24744e-09
3.3859e-09
3.48351e-09
3.5445e-09
3.57155e-09
3.56587e-09
3.53135e-09
3.47194e-09
3.3916e-09
3.29421e-09
3.18349e-09
3.06287e-09
2.93543e-09
2.80387e-09
2.67065e-09
2.53778e-09
2.40686e-09
2.27915e-09
2.15565e-09
2.03706e-09
1.92385e-09
1.81631e-09
1.71454e-09
1.61852e-09
1.52811e-09
1.44309e-09
1.36315e-09
1.28796e-09
1.21712e-09
1.15021e-09
1.08681e-09
1.02647e-09
9.68734e-10
9.1316e-10
8.59307e-10
8.06748e-10
7.55083e-10
7.03944e-10
6.53007e-10
6.02011e-10
5.50772e-10
4.99209e-10
4.47359e-10
3.95409e-10
3.43709e-10
2.9279e-10
2.43362e-10
1.96301e-10
1.52585e-10
1.13281e-10
7.93428e-11
5.15317e-11
3.02509e-11
1.54074e-11
6.33264e-12
1.8081e-12
2.39028e-13
1.40349e-15
9.68158e-15
1.65613e-12
1.26581e-11
4.49752e-11
1.11147e-10
2.21362e-10
3.81201e-10
5.9047e-10
8.43328e-10
1.12941e-09
1.4357e-09
1.74866e-09
2.05502e-09
2.34316e-09
2.6038e-09
2.82987e-09
3.01658e-09
3.16167e-09
3.26259e-09
3.32389e-09
3.34843e-09
3.33714e-09
3.29453e-09
3.22509e-09
3.13337e-09
3.02386e-09
2.90086e-09
2.76822e-09
2.62939e-09
2.4877e-09
2.34589e-09
2.20606e-09
2.06987e-09
1.93862e-09
1.8133e-09
1.69454e-09
1.58275e-09
1.47808e-09
1.38052e-09
1.28991e-09
1.206e-09
1.12844e-09
1.05683e-09
9.90749e-10
9.29734e-10
8.73319e-10
8.21036e-10
7.72419e-10
7.2701e-10
6.84361e-10
6.44037e-10
6.05619e-10
5.68705e-10
5.32913e-10
4.97885e-10
4.63295e-10
4.28854e-10
3.94326e-10
3.5954e-10
3.24413e-10
2.88963e-10
2.53334e-10
2.17817e-10
1.82855e-10
1.4905e-10
1.17133e-10
8.79279e-11
6.22765e-11
4.08922e-11
2.42563e-11
1.24726e-11
5.16895e-12
1.48556e-12
1.97257e-13
1.16051e-15
1.01795e-14
1.74167e-12
1.33158e-11
4.73106e-11
1.16833e-10
2.32295e-10
3.98933e-10
6.1559e-10
8.75007e-10
1.16521e-09
1.47176e-09
1.78013e-09
2.0763e-09
2.34849e-09
2.58767e-09
2.78706e-09
2.943e-09
3.05195e-09
3.11761e-09
3.14379e-09
3.13066e-09
3.08332e-09
3.00679e-09
2.90623e-09
2.78682e-09
2.65336e-09
2.51018e-09
2.3617e-09
2.21168e-09
2.06288e-09
1.91756e-09
1.77754e-09
1.64419e-09
1.51842e-09
1.4008e-09
1.29159e-09
1.19079e-09
1.09823e-09
1.01358e-09
9.36426e-10
8.66279e-10
8.02614e-10
7.4489e-10
6.92565e-10
6.45108e-10
6.02008e-10
5.62775e-10
5.26948e-10
4.94084e-10
4.63768e-10
4.35611e-10
4.09247e-10
3.8433e-10
3.60535e-10
3.37558e-10
3.15112e-10
2.92936e-10
2.70798e-10
2.48508e-10
2.25924e-10
2.02973e-10
1.79668e-10
1.56124e-10
1.32579e-10
1.09403e-10
8.70938e-11
6.62513e-11
4.75563e-11
3.16434e-11
1.90099e-11
9.88978e-12
4.14039e-12
1.1996e-12
1.60155e-13
9.44532e-16
1.06725e-14
1.82637e-12
1.39664e-11
4.9612e-11
1.22395e-10
2.42869e-10
4.15805e-10
6.38959e-10
9.03564e-10
1.19604e-09
1.50066e-09
1.80193e-09
2.08529e-09
2.33919e-09
2.55444e-09
2.72551e-09
2.84764e-09
2.92221e-09
2.95491e-09
2.94451e-09
2.89658e-09
2.81658e-09
2.71032e-09
2.58364e-09
2.44181e-09
2.29034e-09
2.13437e-09
1.97769e-09
1.8234e-09
1.67409e-09
1.53173e-09
1.3977e-09
1.27288e-09
1.1577e-09
1.05226e-09
9.56373e-10
8.69672e-10
7.91634e-10
7.21651e-10
6.59067e-10
6.03212e-10
5.5342e-10
5.09053e-10
4.69509e-10
4.34223e-10
4.02682e-10
3.74418e-10
3.49015e-10
3.26068e-10
3.05215e-10
2.86136e-10
2.68535e-10
2.52144e-10
2.36717e-10
2.22022e-10
2.07841e-10
1.93968e-10
1.80215e-10
1.66412e-10
1.52418e-10
1.3813e-10
1.23495e-10
1.08524e-10
9.33112e-11
7.80518e-11
6.3047e-11
4.87036e-11
3.55079e-11
2.39998e-11
1.46381e-11
7.72281e-12
3.27284e-12
9.57449e-13
1.28654e-13
7.60942e-16
1.1149e-14
1.90822e-12
1.45936e-11
5.18179e-11
1.27673e-10
2.52749e-10
4.31232e-10
6.59699e-10
9.27832e-10
1.22054e-09
1.52092e-09
1.81262e-09
2.08098e-09
2.31422e-09
2.50419e-09
2.64488e-09
2.73319e-09
2.77783e-09
2.77548e-09
2.73187e-09
2.6528e-09
2.54467e-09
2.41382e-09
2.26635e-09
2.10915e-09
1.94755e-09
1.78574e-09
1.6274e-09
1.47543e-09
1.33197e-09
1.19842e-09
1.07562e-09
9.63865e-10
8.63069e-10
7.72845e-10
6.92589e-10
6.21565e-10
5.58958e-10
5.03934e-10
4.55664e-10
4.13361e-10
3.76286e-10
3.43769e-10
3.15215e-10
2.90061e-10
2.67832e-10
2.48104e-10
2.30485e-10
2.14694e-10
2.00475e-10
1.87582e-10
1.75794e-10
1.64918e-10
1.54796e-10
1.45272e-10
1.36196e-10
1.27426e-10
1.18827e-10
1.10269e-10
1.01629e-10
9.28164e-11
8.37589e-11
7.44154e-11
6.47917e-11
5.49573e-11
4.50688e-11
3.53879e-11
2.62502e-11
1.80549e-11
1.12045e-11
6.00764e-12
2.58203e-12
7.63739e-13
1.03368e-13
6.13318e-16
1.15964e-14
1.98498e-12
1.51795e-11
5.38599e-11
1.32487e-10
2.61572e-10
4.44604e-10
6.76928e-10
9.46711e-10
1.23749e-09
1.53134e-09
1.81128e-09
2.06249e-09
2.27368e-09
2.43738e-09
2.54617e-09
2.60717e-09
2.61889e-09
2.58529e-09
2.51228e-09
2.40669e-09
2.27527e-09
2.12558e-09
1.96527e-09
1.79988e-09
1.63447e-09
1.47329e-09
1.31964e-09
1.17587e-09
1.04347e-09
9.23237e-10
8.15346e-10
7.19525e-10
6.35162e-10
5.61419e-10
4.97326e-10
4.4186e-10
3.94e-10
3.52769e-10
3.17261e-10
2.86659e-10
2.60218e-10
2.37275e-10
2.17232e-10
1.99646e-10
1.84192e-10
1.70569e-10
1.58529e-10
1.47806e-10
1.38155e-10
1.29387e-10
1.2135e-10
1.13912e-10
1.06946e-10
1.00352e-10
9.40452e-11
8.79477e-11
8.19899e-11
7.61069e-11
7.02384e-11
6.43156e-11
5.8281e-11
5.20927e-11
4.57324e-11
3.92176e-11
3.26101e-11
2.60215e-11
1.96496e-11
1.37652e-11
8.70065e-12
4.7471e-12
2.07148e-12
6.19941e-13
8.45223e-14
5.03029e-16
1.20009e-14
2.05428e-12
1.57047e-11
5.56661e-11
1.36654e-10
2.68974e-10
4.55328e-10
6.89823e-10
9.5923e-10
1.24591e-09
1.53115e-09
1.79747e-09
2.03025e-09
2.21883e-09
2.35443e-09
2.43671e-09
2.46877e-09
2.45149e-09
2.39045e-09
2.29268e-09
2.16523e-09
2.01714e-09
1.85627e-09
1.68903e-09
1.52144e-09
1.35837e-09
1.2036e-09
1.05979e-09
9.28603e-10
8.10843e-10
7.06602e-10
6.15432e-10
5.36504e-10
4.68743e-10
4.10951e-10
3.61895e-10
3.20376e-10
2.85278e-10
2.55587e-10
2.30397e-10
2.08906e-10
1.90508e-10
1.74716e-10
1.61125e-10
1.49339e-10
1.38976e-10
1.29752e-10
1.21445e-10
1.13915e-10
1.0699e-10
1.00553e-10
9.4512e-11
8.87951e-11
8.33414e-11
7.81014e-11
7.30335e-11
6.81017e-11
6.32734e-11
5.8518e-11
5.38057e-11
4.91062e-11
4.43906e-11
3.9634e-11
3.48191e-11
2.99429e-11
2.50287e-11
2.01422e-11
1.5394e-11
1.09543e-11
7.04289e-12
3.90968e-12
1.73206e-12
5.2422e-13
7.1932e-14
4.29117e-16
1.23489e-14
2.1137e-12
1.61502e-11
5.71646e-11
1.39995e-10
2.74609e-10
4.62867e-10
6.97692e-10
9.64648e-10
1.24517e-09
1.51994e-09
1.77125e-09
1.98484e-09
2.15097e-09
2.26024e-09
2.31787e-09
2.3235e-09
2.28101e-09
2.19698e-09
2.07879e-09
1.93657e-09
1.77835e-09
1.61165e-09
1.44337e-09
1.2792e-09
1.12353e-09
9.79494e-10
8.49029e-10
7.33044e-10
6.31608e-10
5.44148e-10
4.69645e-10
4.06808e-10
3.5422e-10
3.10452e-10
2.7414e-10
2.4404e-10
2.19047e-10
1.98211e-10
1.80746e-10
1.66054e-10
1.53601e-10
1.42945e-10
1.33675e-10
1.2547e-10
1.1808e-10
1.11307e-10
1.04989e-10
9.89774e-11
9.32673e-11
8.7822e-11
8.26024e-11
7.75745e-11
7.27107e-11
6.79888e-11
6.33906e-11
5.89006e-11
5.45049e-11
5.019e-11
4.59422e-11
4.17469e-11
3.75895e-11
3.34556e-11
2.93336e-11
2.52184e-11
2.11178e-11
1.70623e-11
1.31244e-11
9.42453e-12
6.12917e-12
3.44647e-12
1.54594e-12
4.72192e-13
6.50737e-14
3.88606e-16
1.26274e-14
2.16097e-12
1.64976e-11
5.82889e-11
1.42346e-10
2.78181e-10
4.66789e-10
7.0003e-10
9.6252e-10
1.23504e-09
1.49787e-09
1.73345e-09
1.92867e-09
2.07216e-09
2.15804e-09
2.19303e-09
2.17593e-09
2.11224e-09
2.0096e-09
1.87837e-09
1.7268e-09
1.56353e-09
1.39638e-09
1.23199e-09
1.07554e-09
9.30804e-10
8.00158e-10
6.84767e-10
5.84786e-10
4.99602e-10
4.28065e-10
3.68705e-10
3.1991e-10
2.80069e-10
2.47668e-10
2.21343e-10
1.99915e-10
1.82391e-10
1.67953e-10
1.55934e-10
1.45794e-10
1.37053e-10
1.293e-10
1.22295e-10
1.15866e-10
1.09875e-10
1.04215e-10
9.88122e-11
9.3623e-11
8.85843e-11
8.36611e-11
7.88323e-11
7.40856e-11
6.9414e-11
6.48147e-11
6.02876e-11
5.5834e-11
5.14561e-11
4.7156e-11
4.2935e-11
3.87934e-11
3.47303e-11
3.07435e-11
2.68306e-11
2.29908e-11
1.92292e-11
1.55637e-11
1.20329e-11
8.71318e-12
5.7308e-12
3.26105e-12
1.47932e-12
4.55423e-13
6.29589e-14
3.76099e-16
1.2825e-14
2.1941e-12
1.67312e-11
5.8983e-11
1.43578e-10
2.79465e-10
4.66797e-10
6.96549e-10
9.52659e-10
1.21546e-09
1.46544e-09
1.68613e-09
1.86355e-09
1.9838e-09
2.05145e-09
2.06634e-09
2.03003e-09
1.94991e-09
1.83556e-09
1.69561e-09
1.5395e-09
1.376e-09
1.21271e-09
1.05583e-09
9.09926e-10
7.78046e-10
6.61802e-10
5.61606e-10
4.76935e-10
4.06605e-10
3.4903e-10
3.02443e-10
2.65068e-10
2.35241e-10
2.1148e-10
1.9251e-10
1.77274e-10
1.64906e-10
1.54728e-10
1.4618e-10
1.38795e-10
1.32247e-10
1.2631e-10
1.20795e-10
1.15561e-10
1.10506e-10
1.05552e-10
1.00653e-10
9.57779e-11
9.09079e-11
8.60361e-11
8.11639e-11
7.62981e-11
7.14492e-11
6.66298e-11
6.18533e-11
5.71334e-11
5.24832e-11
4.79147e-11
4.34387e-11
3.90644e-11
3.47993e-11
3.06493e-11
2.66193e-11
2.27136e-11
1.89386e-11
1.53071e-11
1.18469e-11
8.61408e-12
5.70884e-12
3.27892e-12
1.50258e-12
4.66092e-13
6.46228e-14
3.86133e-16
1.29327e-14
2.21155e-12
1.68392e-11
5.92071e-11
1.43606e-10
2.7833e-10
4.62745e-10
6.87195e-10
9.35396e-10
1.18814e-09
1.42579e-09
1.63063e-09
1.78905e-09
1.89089e-09
1.94287e-09
1.94048e-09
1.89002e-09
1.79939e-09
1.67718e-09
1.53318e-09
1.3769e-09
1.21696e-09
1.06063e-09
9.13505e-10
7.79524e-10
6.60992e-10
5.58805e-10
4.72722e-10
4.0167e-10
3.44047e-10
2.97993e-10
2.616e-10
2.33064e-10
2.10776e-10
1.93358e-10
1.79665e-10
1.68813e-10
1.59971e-10
1.52584e-10
1.46337e-10
1.40812e-10
1.35752e-10
1.30969e-10
1.26324e-10
1.21721e-10
1.17115e-10
1.12396e-10
1.07581e-10
1.02649e-10
9.76084e-11
9.24711e-11
8.72579e-11
8.19944e-11
7.67081e-11
7.14265e-11
6.61761e-11
6.09819e-11
5.58665e-11
5.08494e-11
4.59474e-11
4.11747e-11
3.65433e-11
3.20631e-11
2.77429e-11
2.35904e-11
1.96142e-11
1.58267e-11
1.22507e-11
8.93107e-12
5.95213e-12
3.44547e-12
1.59344e-12
4.97966e-13
6.92624e-14
4.14051e-16
1.29459e-14
2.21244e-12
1.68153e-11
5.89437e-11
1.42422e-10
2.74916e-10
4.55238e-10
6.73407e-10
9.12945e-10
1.15404e-09
1.37729e-09
1.56677e-09
1.70863e-09
1.79621e-09
1.83334e-09
1.81942e-09
1.75981e-09
1.66238e-09
1.53667e-09
1.39257e-09
1.23952e-09
1.08585e-09
9.38322e-10
8.0198e-10
6.80087e-10
5.74296e-10
4.84892e-10
4.11121e-10
3.5152e-10
3.04234e-10
2.67277e-10
2.38726e-10
2.1684e-10
2.00122e-10
1.87339e-10
1.77355e-10
1.69411e-10
1.6305e-10
1.57789e-10
1.53208e-10
1.48978e-10
1.44911e-10
1.40864e-10
1.36729e-10
1.32432e-10
1.27927e-10
1.23201e-10
1.18252e-10
1.13009e-10
1.07554e-10
1.01917e-10
9.61347e-11
9.0249e-11
8.43039e-11
7.8345e-11
7.24154e-11
6.65542e-11
6.07959e-11
5.51687e-11
4.96953e-11
4.43934e-11
3.92764e-11
3.4355e-11
2.9638e-11
2.51335e-11
2.08503e-11
1.68002e-11
1.30033e-11
9.49823e-12
6.35907e-12
3.70831e-12
1.7299e-12
5.44925e-13
7.61022e-14
4.5544e-16
1.28736e-14
2.19895e-12
1.66841e-11
5.8315e-11
1.40363e-10
2.69741e-10
4.4459e-10
6.54544e-10
8.83239e-10
1.11169e-09
1.32152e-09
1.49693e-09
1.62389e-09
1.70056e-09
1.72799e-09
1.70602e-09
1.64069e-09
1.54044e-09
1.41489e-09
1.27384e-09
1.12648e-09
9.80729e-10
8.42857e-10
7.17325e-10
6.0682e-10
5.12454e-10
4.34052e-10
3.70506e-10
3.20122e-10
2.80932e-10
2.5094e-10
2.28284e-10
2.11328e-10
1.9861e-10
1.88895e-10
1.81672e-10
1.76238e-10
1.71904e-10
1.68181e-10
1.64798e-10
1.61528e-10
1.58198e-10
1.54691e-10
1.50907e-10
1.46786e-10
1.42288e-10
1.37396e-10
1.32127e-10
1.26528e-10
1.20515e-10
1.14199e-10
1.07646e-10
1.00926e-10
9.4104e-11
8.72442e-11
8.04106e-11
7.36632e-11
6.70541e-11
6.06255e-11
5.44095e-11
4.8429e-11
4.26987e-11
3.72275e-11
3.20209e-11
2.70832e-11
2.24198e-11
1.80392e-11
1.39582e-11
1.02102e-11
6.86198e-12
4.02897e-12
1.89539e-12
6.02176e-13
8.45213e-14
5.06732e-16
1.26974e-14
2.16701e-12
1.6401e-11
5.71034e-11
1.36842e-10
2.61808e-10
4.29688e-10
6.30194e-10
8.47383e-10
1.06296e-09
1.2594e-09
1.42228e-09
1.53837e-09
1.60742e-09
1.62775e-09
1.60107e-09
1.53368e-09
1.43403e-09
1.3116e-09
1.17595e-09
1.0359e-09
8.98907e-10
7.70749e-10
6.55388e-10
5.55048e-10
4.70444e-10
4.01099e-10
3.45708e-10
3.02481e-10
2.69447e-10
2.4467e-10
2.26389e-10
2.12879e-10
2.02815e-10
1.9598e-10
1.91143e-10
1.87581e-10
1.84716e-10
1.82165e-10
1.79798e-10
1.77361e-10
1.74656e-10
1.71666e-10
1.68217e-10
1.6428e-10
1.59803e-10
1.54766e-10
1.49174e-10
1.43077e-10
1.36529e-10
1.29444e-10
1.21999e-10
1.14277e-10
1.06369e-10
9.83732e-11
9.03868e-11
8.2498e-11
7.4785e-11
6.73131e-11
6.0132e-11
5.32757e-11
4.67635e-11
4.06033e-11
3.4795e-11
2.93349e-11
2.42199e-11
1.9451e-11
1.50381e-11
1.10082e-11
7.42038e-12
4.3836e-12
2.07876e-12
6.66333e-13
9.40687e-14
5.65316e-16
1.24228e-14
2.11813e-12
1.5989e-11
5.54428e-11
1.32213e-10
2.5173e-10
4.11421e-10
6.01321e-10
8.06372e-10
1.00946e-09
1.19416e-09
1.34672e-09
1.45398e-09
1.51713e-09
1.53336e-09
1.50522e-09
1.43891e-09
1.34268e-09
1.2257e-09
1.09714e-09
9.65351e-10
8.37353e-10
7.18472e-10
6.12271e-10
5.20645e-10
4.44061e-10
3.81891e-10
3.32763e-10
2.949e-10
2.66395e-10
2.45412e-10
2.3005e-10
2.18955e-10
2.11798e-10
2.07172e-10
2.03992e-10
2.01663e-10
1.9999e-10
1.98594e-10
1.97213e-10
1.95638e-10
1.93707e-10
1.91256e-10
1.8811e-10
1.84499e-10
1.80149e-10
1.75072e-10
1.69258e-10
1.62724e-10
1.55557e-10
1.47805e-10
1.39393e-10
1.30556e-10
1.21409e-10
1.12081e-10
1.02704e-10
9.34067e-11
8.43067e-11
7.55055e-11
6.70836e-11
5.90975e-11
5.15801e-11
4.45429e-11
3.79815e-11
3.18818e-11
2.62271e-11
2.10044e-11
1.62116e-11
1.18649e-11
8.01343e-12
4.75863e-12
2.27306e-12
7.35123e-13
1.0443e-13
6.29354e-16
1.20647e-14
2.05508e-12
1.54711e-11
5.34298e-11
1.2683e-10
2.40409e-10
3.91382e-10
5.70312e-10
7.63212e-10
9.54108e-10
1.12755e-09
1.27055e-09
1.37112e-09
1.43046e-09
1.4453e-09
1.41844e-09
1.35583e-09
1.26529e-09
1.15552e-09
1.0352e-09
9.1219e-10
7.93067e-10
6.82783e-10
5.84608e-10
5.00239e-10
4.30038e-10
3.73351e-10
3.28846e-10
2.94831e-10
2.69521e-10
2.50974e-10
2.37716e-10
2.29021e-10
2.23868e-10
2.20628e-10
2.18582e-10
2.17502e-10
2.16969e-10
2.16637e-10
2.16238e-10
2.15559e-10
2.14428e-10
2.12701e-10
2.10276e-10
2.06946e-10
2.02787e-10
1.97854e-10
1.9199e-10
1.85192e-10
1.77496e-10
1.69033e-10
1.59841e-10
1.49871e-10
1.3941e-10
1.28615e-10
1.17659e-10
1.06715e-10
9.59519e-11
8.55221e-11
7.55523e-11
6.61381e-11
5.73402e-11
4.91855e-11
4.16717e-11
3.47757e-11
2.84642e-11
2.27042e-11
1.74736e-11
1.27714e-11
8.63205e-12
5.14666e-12
2.4739e-12
8.06962e-13
1.15377e-13
6.97498e-16
1.16353e-14
1.97994e-12
1.48644e-11
5.11251e-11
1.20808e-10
2.28021e-10
3.69933e-10
5.37683e-10
7.18343e-10
8.97231e-10
1.06012e-09
1.19486e-09
1.29058e-09
1.34788e-09
1.36353e-09
1.34021e-09
1.28338e-09
1.2003e-09
1.09907e-09
9.87783e-10
8.7381e-10
7.63297e-10
6.60893e-10
5.6968e-10
4.91273e-10
4.26046e-10
3.73421e-10
3.32219e-10
3.00698e-10
2.77053e-10
2.60234e-10
2.48606e-10
2.41549e-10
2.37571e-10
2.35199e-10
2.34324e-10
2.34351e-10
2.34848e-10
2.35511e-10
2.36079e-10
2.36335e-10
2.36088e-10
2.35172e-10
2.33447e-10
2.30825e-10
2.27185e-10
2.22296e-10
2.16627e-10
2.09775e-10
2.01803e-10
1.92746e-10
1.82776e-10
1.71949e-10
1.60217e-10
1.47937e-10
1.35313e-10
1.22568e-10
1.09928e-10
9.76054e-11
8.57911e-11
7.46382e-11
6.4255e-11
5.47012e-11
4.59909e-11
3.81e-11
3.09801e-11
2.45742e-11
1.88325e-11
1.37283e-11
9.27394e-12
5.54248e-12
2.67805e-12
8.80573e-13
1.26714e-13
7.6859e-16
1.11478e-14
1.89506e-12
1.41881e-11
4.86021e-11
1.14335e-10
2.14922e-10
3.47551e-10
5.04035e-10
6.72598e-10
8.39893e-10
9.92924e-10
1.12053e-09
1.21286e-09
1.26952e-09
1.28771e-09
1.26965e-09
1.2202e-09
1.14592e-09
1.05422e-09
9.52564e-10
8.47781e-10
7.45631e-10
6.50518e-10
5.65416e-10
4.91956e-10
4.30644e-10
3.80723e-10
3.40966e-10
3.1055e-10
2.88402e-10
2.72662e-10
2.61855e-10
2.55635e-10
2.52169e-10
2.50494e-10
2.50352e-10
2.51241e-10
2.52712e-10
2.54388e-10
2.55966e-10
2.57188e-10
2.57873e-10
2.57864e-10
2.57012e-10
2.55142e-10
2.52115e-10
2.47867e-10
2.42194e-10
2.35417e-10
2.27441e-10
2.18114e-10
2.07522e-10
1.95856e-10
1.83248e-10
1.69601e-10
1.55366e-10
1.40802e-10
1.26189e-10
1.11805e-10
9.79166e-11
8.47517e-11
7.24885e-11
6.12429e-11
5.10656e-11
4.19478e-11
3.38351e-11
2.66474e-11
2.03025e-11
1.47386e-11
9.93657e-12
5.94361e-12
2.88307e-12
9.54789e-13
1.38249e-13
8.41449e-16
1.06164e-14
1.80295e-12
1.34625e-11
4.59363e-11
1.07602e-10
2.0148e-10
3.24836e-10
4.70197e-10
6.26958e-10
7.83119e-10
9.26928e-10
1.04825e-09
1.13821e-09
1.1953e-09
1.21726e-09
1.2057e-09
1.16479e-09
1.1003e-09
1.01888e-09
9.27311e-10
8.31883e-10
7.37978e-10
6.49801e-10
5.70297e-10
5.008e-10
4.41391e-10
3.92672e-10
3.54295e-10
3.25035e-10
3.03344e-10
2.87833e-10
2.77202e-10
2.7107e-10
2.67767e-10
2.66454e-10
2.66755e-10
2.68141e-10
2.70202e-10
2.72582e-10
2.74982e-10
2.77155e-10
2.78841e-10
2.79813e-10
2.79883e-10
2.78914e-10
2.76753e-10
2.73243e-10
2.68213e-10
2.61498e-10
2.53248e-10
2.43864e-10
2.33037e-10
2.20745e-10
2.07228e-10
1.92737e-10
1.77094e-10
1.60855e-10
1.44337e-10
1.27877e-10
1.11814e-10
9.64617e-11
8.20883e-11
6.88908e-11
5.69834e-11
4.6396e-11
3.70856e-11
2.89585e-11
2.18999e-11
1.58068e-11
1.06187e-11
6.34703e-12
3.08641e-12
1.02835e-12
1.49765e-13
9.14727e-16
1.00559e-14
1.70615e-12
1.27077e-11
4.32011e-11
1.00788e-10
1.88036e-10
3.02326e-10
4.36898e-10
5.82293e-10
7.27827e-10
8.6298e-10
9.78569e-10
1.06679e-09
1.12504e-09
1.15153e-09
1.14725e-09
1.11562e-09
1.06159e-09
9.90996e-10
9.09881e-10
8.23974e-10
7.38259e-10
6.56726e-10
5.81437e-10
5.1443e-10
4.57482e-10
4.10603e-10
3.73095e-10
3.4387e-10
3.21848e-10
3.05913e-10
2.94871e-10
2.88154e-10
2.84597e-10
2.83186e-10
2.83549e-10
2.85164e-10
2.87597e-10
2.90473e-10
2.9347e-10
2.96298e-10
2.98712e-10
3.00484e-10
3.01398e-10
3.01238e-10
2.99835e-10
2.9704e-10
2.92736e-10
2.86788e-10
2.78985e-10
2.69137e-10
2.58017e-10
2.45426e-10
2.31299e-10
2.15824e-10
1.99405e-10
1.81776e-10
1.63593e-10
1.45224e-10
1.27064e-10
1.09508e-10
9.29191e-11
7.75973e-11
6.3749e-11
5.14731e-11
4.07636e-11
3.15312e-11
2.36373e-11
1.69363e-11
1.13184e-11
6.74919e-12
3.2852e-12
1.09985e-12
1.61011e-13
9.86819e-16
9.48078e-15
1.60718e-12
1.19431e-11
4.04648e-11
9.40553e-11
1.7489e-10
2.80486e-10
4.04764e-10
5.39342e-10
6.74787e-10
8.01765e-10
9.12023e-10
9.98755e-10
1.05858e-09
1.08994e-09
1.09331e-09
1.07133e-09
1.02813e-09
9.68691e-10
8.98303e-10
8.22077e-10
7.44558e-10
6.68562e-10
5.97613e-10
5.34544e-10
4.80102e-10
4.34277e-10
3.9678e-10
3.6702e-10
3.44219e-10
3.27378e-10
3.15476e-10
3.07653e-10
3.03323e-10
3.01327e-10
3.01293e-10
3.02704e-10
3.05113e-10
3.08134e-10
3.11423e-10
3.14671e-10
3.17599e-10
3.19945e-10
3.21464e-10
3.21931e-10
3.2114e-10
3.18915e-10
3.15102e-10
3.09585e-10
3.02284e-10
2.93116e-10
2.81652e-10
2.68711e-10
2.54192e-10
2.38101e-10
2.20657e-10
2.02346e-10
1.82859e-10
1.62914e-10
1.42927e-10
1.23344e-10
1.04613e-10
8.71392e-11
7.12435e-11
5.71263e-11
4.48524e-11
3.43638e-11
2.55153e-11
1.81251e-11
1.20314e-11
7.14554e-12
3.47609e-12
1.16768e-12
1.71696e-13
1.05583e-15
8.90551e-15
1.50829e-12
1.11864e-11
3.77891e-11
8.75471e-11
1.62301e-10
2.5971e-10
3.74322e-10
4.98736e-10
6.24676e-10
7.43923e-10
8.49133e-10
9.3436e-10
9.95882e-10
1.03211e-09
1.04311e-09
1.03083e-09
9.98545e-10
9.50405e-10
8.90915e-10
8.2452e-10
7.54805e-10
6.85746e-10
6.21262e-10
5.62364e-10
5.10135e-10
4.65109e-10
4.27379e-10
3.96616e-10
3.72241e-10
3.53602e-10
3.40037e-10
3.30791e-10
3.25051e-10
3.2201e-10
3.21085e-10
3.21804e-10
3.23723e-10
3.26441e-10
3.29597e-10
3.32861e-10
3.35925e-10
3.38499e-10
3.40309e-10
3.41103e-10
3.40648e-10
3.38741e-10
3.35205e-10
3.29903e-10
3.22738e-10
3.1366e-10
3.0267e-10
2.89464e-10
2.74657e-10
2.58185e-10
2.40201e-10
2.20934e-10
2.00882e-10
1.79794e-10
1.58398e-10
1.37154e-10
1.16554e-10
9.70887e-11
7.91937e-11
6.31946e-11
4.92643e-11
3.74115e-11
2.75117e-11
1.93612e-11
1.27497e-11
7.53002e-12
3.65508e-12
1.23001e-12
1.81485e-13
1.11953e-15
8.34372e-15
1.4121e-12
1.04558e-11
3.52326e-11
8.1394e-11
1.50498e-10
2.40342e-10
3.46027e-10
4.61027e-10
5.78105e-10
6.90073e-10
7.90456e-10
8.74007e-10
9.37119e-10
9.77944e-10
9.9631e-10
9.93471e-10
9.71977e-10
9.35156e-10
8.86756e-10
8.3057e-10
7.69919e-10
7.09688e-10
6.51202e-10
5.96393e-10
5.46598e-10
5.02674e-10
4.64964e-10
4.33379e-10
4.07564e-10
3.87071e-10
3.71306e-10
3.5967e-10
3.51646e-10
3.46778e-10
3.44427e-10
3.43911e-10
3.44804e-10
3.4667e-10
3.49138e-10
3.51867e-10
3.54529e-10
3.56808e-10
3.58405e-10
3.59042e-10
3.58472e-10
3.56482e-10
3.52859e-10
3.47448e-10
3.40145e-10
3.30896e-10
3.19696e-10
3.06571e-10
2.91499e-10
2.74864e-10
2.56629e-10
2.36973e-10
2.16169e-10
1.94658e-10
1.72352e-10
1.49943e-10
1.27922e-10
1.0682e-10
8.71602e-11
6.9393e-11
5.38241e-11
4.05733e-11
2.95707e-11
2.06147e-11
1.34573e-11
7.89398e-12
3.81737e-12
1.28481e-12
1.90003e-13
1.1754e-15
7.8095e-15
1.32099e-12
9.76812e-12
3.28504e-11
7.57177e-11
1.39697e-10
2.22708e-10
3.20325e-10
4.26772e-10
5.3572e-10
6.40915e-10
7.36701e-10
8.18423e-10
8.82727e-10
9.27693e-10
9.53056e-10
9.59218e-10
9.48179e-10
9.22573e-10
8.85441e-10
8.39661e-10
7.89984e-10
7.37846e-10
6.85595e-10
6.35389e-10
5.88752e-10
5.46606e-10
5.0948e-10
4.77577e-10
4.50806e-10
4.28812e-10
4.11082e-10
3.97217e-10
3.86781e-10
3.79251e-10
3.74221e-10
3.71391e-10
3.70043e-10
3.70116e-10
3.71115e-10
3.72564e-10
3.74085e-10
3.75332e-10
3.75985e-10
3.75743e-10
3.74334e-10
3.71509e-10
3.67117e-10
3.61054e-10
3.53246e-10
3.43649e-10
3.3224e-10
3.19009e-10
3.03953e-10
2.8719e-10
2.68877e-10
2.49133e-10
2.28146e-10
2.06221e-10
1.83686e-10
1.60669e-10
1.37787e-10
1.1556e-10
9.45518e-11
7.53072e-11
5.82646e-11
4.36829e-11
3.15933e-11
2.18306e-11
1.41261e-11
8.2242e-12
3.95727e-12
1.33003e-12
1.96855e-13
1.22051e-15
7.31838e-15
1.23756e-12
9.14203e-12
3.07017e-11
7.06449e-11
1.30111e-10
2.07123e-10
2.97641e-10
3.96515e-10
4.98193e-10
5.97236e-10
6.88725e-10
7.68572e-10
8.33737e-10
8.82337e-10
9.13796e-10
9.28492e-10
9.27235e-10
9.125e-10
8.87096e-10
8.53104e-10
8.13111e-10
7.69399e-10
7.24406e-10
6.79928e-10
6.37401e-10
5.97868e-10
5.6202e-10
5.30245e-10
5.02673e-10
4.79241e-10
4.59778e-10
4.43852e-10
4.30955e-10
4.20751e-10
4.12914e-10
4.0711e-10
4.03196e-10
4.00211e-10
3.98143e-10
3.96787e-10
3.95688e-10
3.94514e-10
3.92955e-10
3.90724e-10
3.87561e-10
3.83239e-10
3.77543e-10
3.7038e-10
3.6168e-10
3.51389e-10
3.39475e-10
3.2593e-10
3.10772e-10
2.94058e-10
2.75892e-10
2.56378e-10
2.35616e-10
2.13831e-10
1.91343e-10
1.68365e-10
1.45232e-10
1.22484e-10
1.00675e-10
8.04119e-11
6.22255e-11
4.65053e-11
3.34318e-11
2.29203e-11
1.47087e-11
8.4985e-12
4.0623e-12
1.35932e-12
2.0085e-13
1.24729e-15
6.88951e-15
1.16474e-12
8.59962e-12
2.88596e-11
6.63373e-11
1.22023e-10
1.94004e-10
2.78533e-10
3.70957e-10
4.66364e-10
5.60015e-10
6.47644e-10
7.25687e-10
7.9143e-10
8.43089e-10
8.79834e-10
9.01931e-10
9.10828e-10
9.07646e-10
8.92327e-10
8.69128e-10
8.39108e-10
8.04598e-10
7.67494e-10
7.29439e-10
6.91798e-10
6.55638e-10
6.21743e-10
5.9064e-10
5.62629e-10
5.37825e-10
5.16201e-10
4.97611e-10
4.81877e-10
4.68587e-10
4.57321e-10
4.47801e-10
4.39933e-10
4.33396e-10
4.27474e-10
4.21937e-10
4.17024e-10
4.12158e-10
4.07119e-10
4.01676e-10
3.95632e-10
3.8883e-10
3.81158e-10
3.72455e-10
3.6262e-10
3.51568e-10
3.39233e-10
3.25567e-10
3.10544e-10
2.94166e-10
2.76507e-10
2.57694e-10
2.37579e-10
2.16469e-10
1.94612e-10
1.72183e-10
1.4944e-10
1.26803e-10
1.04797e-10
8.41035e-11
6.52614e-11
4.87447e-11
3.48899e-11
2.37599e-11
1.51337e-11
8.68488e-12
4.10796e-12
1.36872e-12
2.018e-13
1.25478e-15
6.54856e-15
1.10694e-12
8.17395e-12
2.74345e-11
6.30413e-11
1.15859e-10
1.83982e-10
2.63831e-10
3.51098e-10
4.41364e-10
5.30456e-10
6.14662e-10
6.90885e-10
7.56698e-10
8.10294e-10
8.51755e-10
8.82508e-10
9.00431e-10
9.05177e-10
9.00596e-10
8.87161e-10
8.66787e-10
8.41136e-10
8.11791e-10
7.80184e-10
7.47557e-10
7.14938e-10
6.83142e-10
6.52778e-10
6.24266e-10
5.97866e-10
5.73701e-10
5.51783e-10
5.32044e-10
5.14342e-10
4.98529e-10
4.84328e-10
4.71551e-10
4.60261e-10
4.49592e-10
4.39593e-10
4.29971e-10
4.20627e-10
4.11676e-10
4.02717e-10
3.93639e-10
3.84325e-10
3.74655e-10
3.64498e-10
3.53711e-10
3.42167e-10
3.29749e-10
3.16354e-10
3.01904e-10
2.86332e-10
2.69777e-10
2.52039e-10
2.3305e-10
2.13084e-10
1.92174e-10
1.70642e-10
1.48877e-10
1.27207e-10
1.06036e-10
8.574e-11
6.68794e-11
5.00348e-11
3.57222e-11
2.41932e-11
1.53026e-11
8.71239e-12
4.10453e-12
1.36121e-12
1.99864e-13
1.24308e-15
6.32815e-15
1.06995e-12
7.90923e-12
2.65743e-11
6.10751e-11
1.12141e-10
1.77754e-10
2.54318e-10
3.37678e-10
4.23728e-10
5.08695e-10
5.89149e-10
6.62728e-10
7.28218e-10
7.85794e-10
8.32738e-10
8.66012e-10
8.88132e-10
9.01276e-10
9.04923e-10
8.9956e-10
8.86917e-10
8.68363e-10
8.45231e-10
8.18758e-10
7.90056e-10
7.6009e-10
7.29674e-10
6.99463e-10
6.69968e-10
6.41565e-10
6.14514e-10
5.88976e-10
5.6503e-10
5.42687e-10
5.21904e-10
5.02585e-10
4.84834e-10
4.6854e-10
4.53152e-10
4.38782e-10
4.2529e-10
4.12569e-10
4.00545e-10
3.88817e-10
3.77544e-10
3.66574e-10
3.55686e-10
3.44739e-10
3.33593e-10
3.22102e-10
3.10113e-10
2.97463e-10
2.84092e-10
2.6999e-10
2.54833e-10
2.38683e-10
2.21349e-10
2.02925e-10
1.83673e-10
1.63819e-10
1.43549e-10
1.23192e-10
1.03178e-10
8.39771e-11
6.60001e-11
4.9734e-11
3.56097e-11
2.40406e-11
1.51133e-11
8.54491e-12
4.0135e-12
1.3244e-12
1.93294e-13
1.20143e-15
6.26237e-15
1.06011e-12
7.85613e-12
2.64374e-11
6.07218e-11
1.1119e-10
1.75422e-10
2.49443e-10
3.29009e-10
4.10238e-10
4.90199e-10
5.67229e-10
6.39259e-10
7.03596e-10
7.57242e-10
8.00933e-10
8.35967e-10
8.61561e-10
8.77123e-10
8.83302e-10
8.81837e-10
8.72882e-10
8.57856e-10
8.37977e-10
8.14316e-10
7.87859e-10
7.59487e-10
7.29988e-10
7.0002e-10
6.70123e-10
6.40735e-10
6.12194e-10
5.84751e-10
5.58582e-10
5.33789e-10
5.10419e-10
4.88457e-10
4.68185e-10
4.49238e-10
4.31508e-10
4.14999e-10
3.9961e-10
3.85236e-10
3.7176e-10
3.59041e-10
3.46969e-10
3.35418e-10
3.24244e-10
3.13309e-10
3.0248e-10
2.91631e-10
2.80605e-10
2.6921e-10
2.57203e-10
2.44485e-10
2.3094e-10
2.16554e-10
2.01563e-10
1.85854e-10
1.69372e-10
1.52153e-10
1.34353e-10
1.16049e-10
9.76505e-11
7.96697e-11
6.26131e-11
4.71597e-11
3.38478e-11
2.28504e-11
1.42905e-11
8.10029e-12
3.81202e-12
1.25411e-12
1.81677e-13
1.12699e-15
6.34715e-15
1.0768e-12
8.00391e-12
2.69558e-11
6.16696e-11
1.11816e-10
1.74123e-10
2.44443e-10
3.18853e-10
3.93732e-10
4.66189e-10
5.33668e-10
5.94798e-10
6.48387e-10
6.94088e-10
7.31145e-10
7.59148e-10
7.78485e-10
7.89564e-10
7.93076e-10
7.89868e-10
7.80937e-10
7.67426e-10
7.4949e-10
7.28442e-10
7.05045e-10
6.79884e-10
6.53807e-10
6.2723e-10
6.00604e-10
5.74296e-10
5.48603e-10
5.23768e-10
4.99951e-10
4.77261e-10
4.5576e-10
4.35473e-10
4.16444e-10
3.98676e-10
3.81997e-10
3.66395e-10
3.51809e-10
3.38159e-10
3.25355e-10
3.13301e-10
3.01898e-10
2.91039e-10
2.80615e-10
2.70507e-10
2.60584e-10
2.50683e-10
2.40648e-10
2.30387e-10
2.19931e-10
2.09165e-10
1.97982e-10
1.86283e-10
1.73956e-10
1.60986e-10
1.47356e-10
1.3304e-10
1.182e-10
1.02963e-10
8.75177e-11
7.21812e-11
5.73546e-11
4.34973e-11
3.11979e-11
2.09935e-11
1.3088e-11
7.36045e-12
3.47229e-12
1.14307e-12
1.64389e-13
1.01547e-15
6.52644e-15
1.11035e-12
8.25784e-12
2.75517e-11
6.18357e-11
1.09464e-10
1.66248e-10
2.27306e-10
2.88349e-10
3.46551e-10
4.0006e-10
4.47745e-10
4.88929e-10
5.23901e-10
5.52467e-10
5.74665e-10
5.9071e-10
6.00916e-10
6.05633e-10
6.05719e-10
6.01743e-10
5.94246e-10
5.83733e-10
5.71265e-10
5.56597e-10
5.40291e-10
5.2289e-10
5.04769e-10
4.86217e-10
4.67507e-10
4.4887e-10
4.30487e-10
4.12633e-10
3.95341e-10
3.78692e-10
3.62739e-10
3.47517e-10
3.33038e-10
3.19294e-10
3.06256e-10
2.93915e-10
2.82244e-10
2.71206e-10
2.60756e-10
2.50843e-10
2.41408e-10
2.32389e-10
2.23717e-10
2.15313e-10
2.07065e-10
1.9886e-10
1.90649e-10
1.82373e-10
1.73949e-10
1.6532e-10
1.56426e-10
1.4721e-10
1.37618e-10
1.27612e-10
1.17166e-10
1.06272e-10
9.49555e-11
8.32726e-11
7.13231e-11
5.93245e-11
4.75777e-11
3.64705e-11
2.63938e-11
1.77868e-11
1.10135e-11
6.13475e-12
2.90689e-12
9.70182e-13
1.39939e-13
8.60041e-16
6.56016e-15
1.11417e-12
8.16623e-12
2.63504e-11
5.64128e-11
9.47658e-11
1.36257e-10
1.76861e-10
2.14334e-10
2.4776e-10
2.76896e-10
3.01839e-10
3.22723e-10
3.3965e-10
3.52771e-10
3.6249e-10
3.69184e-10
3.73196e-10
3.74879e-10
3.74425e-10
3.72056e-10
3.67999e-10
3.62474e-10
3.55812e-10
3.48515e-10
3.40063e-10
3.30969e-10
3.21439e-10
3.11722e-10
3.01717e-10
2.91687e-10
2.81712e-10
2.71805e-10
2.62029e-10
2.52436e-10
2.43068e-10
2.3396e-10
2.25141e-10
2.16649e-10
2.08507e-10
2.00696e-10
1.93198e-10
1.85994e-10
1.79061e-10
1.72373e-10
1.65903e-10
1.5962e-10
1.53488e-10
1.47467e-10
1.41514e-10
1.3561e-10
1.29729e-10
1.2384e-10
1.17909e-10
1.11901e-10
1.05782e-10
9.95172e-11
9.30761e-11
8.64306e-11
7.95581e-11
7.24436e-11
6.50841e-11
5.74972e-11
4.97385e-11
4.1876e-11
3.40382e-11
2.6432e-11
1.93445e-11
1.31215e-11
8.098e-12
4.45767e-12
2.10476e-12
7.25169e-13
1.07781e-13
6.60567e-16
6.08603e-15
1.01254e-12
6.94302e-12
2.01372e-11
3.85924e-11
5.84562e-11
7.71957e-11
9.38859e-11
1.08465e-10
1.21105e-10
1.31912e-10
1.41166e-10
1.49078e-10
1.55763e-10
1.61368e-10
1.6593e-10
1.6948e-10
1.72063e-10
1.73735e-10
1.74551e-10
1.74567e-10
1.73841e-10
1.72421e-10
1.7048e-10
1.68232e-10
1.65361e-10
1.62027e-10
1.58332e-10
1.54437e-10
1.50318e-10
1.46041e-10
1.41658e-10
1.37213e-10
1.3274e-10
1.28269e-10
1.23826e-10
1.19433e-10
1.15106e-10
1.10854e-10
1.06683e-10
1.02606e-10
9.86309e-11
9.47613e-11
9.09934e-11
8.73267e-11
8.37616e-11
8.02946e-11
7.69157e-11
7.36153e-11
7.03936e-11
6.72451e-11
6.41503e-11
6.10908e-11
5.80494e-11
5.50092e-11
5.19538e-11
4.88672e-11
4.57341e-11
4.25399e-11
3.92712e-11
3.59158e-11
3.24642e-11
2.89106e-11
2.52564e-11
2.15152e-11
1.7724e-11
1.39617e-11
1.03603e-11
7.10666e-12
4.4061e-12
2.40804e-12
1.12602e-12
4.09553e-13
6.78139e-14
4.21991e-16
4.32242e-15
6.33771e-13
3.32608e-12
7.41186e-12
1.16232e-11
1.54126e-11
1.87073e-11
2.15748e-11
2.40935e-11
2.63256e-11
2.83239e-11
3.01033e-11
3.16696e-11
3.30289e-11
3.4188e-11
3.51534e-11
3.59314e-11
3.65282e-11
3.6951e-11
3.72071e-11
3.73036e-11
3.7239e-11
3.70524e-11
3.68047e-11
3.63751e-11
3.5855e-11
3.52545e-11
3.45736e-11
3.38247e-11
3.30183e-11
3.21654e-11
3.12763e-11
3.03607e-11
2.9427e-11
2.84828e-11
2.75346e-11
2.65881e-11
2.56483e-11
2.47189e-11
2.3803e-11
2.29034e-11
2.20227e-11
2.11627e-11
2.03264e-11
1.95145e-11
1.87256e-11
1.79589e-11
1.72021e-11
1.64543e-11
1.57175e-11
1.49932e-11
1.42809e-11
1.35791e-11
1.28859e-11
1.21989e-11
1.15153e-11
1.08322e-11
1.01467e-11
9.45557e-12
8.75563e-12
8.04359e-12
7.3161e-12
6.56982e-12
5.80167e-12
5.00974e-12
4.19507e-12
3.36528e-12
2.54132e-12
1.76418e-12
1.09236e-12
5.83116e-13
2.59331e-13
9.13798e-14
1.92374e-14
1.69073e-16
7.53828e-16
2.20781e-14
4.53544e-14
6.8872e-14
9.13848e-14
1.12386e-13
1.31836e-13
1.49863e-13
1.6659e-13
1.82102e-13
1.96438e-13
2.09596e-13
2.21555e-13
2.32282e-13
2.41758e-13
2.49985e-13
2.56968e-13
2.62719e-13
2.67258e-13
2.70613e-13
2.72822e-13
2.73888e-13
2.73822e-13
2.73158e-13
2.71547e-13
2.68995e-13
2.65717e-13
2.61781e-13
2.57258e-13
2.52221e-13
2.46741e-13
2.40891e-13
2.34739e-13
2.28348e-13
2.21779e-13
2.15086e-13
2.08316e-13
2.01513e-13
1.94715e-13
1.87952e-13
1.81253e-13
1.74641e-13
1.68136e-13
1.61757e-13
1.55519e-13
1.49427e-13
1.43493e-13
1.37808e-13
1.32301e-13
1.26938e-13
1.21699e-13
1.16573e-13
1.11548e-13
1.06611e-13
1.01748e-13
9.69416e-14
9.21741e-14
8.74247e-14
8.26704e-14
7.78851e-14
7.30397e-14
6.80999e-14
6.30257e-14
5.77687e-14
5.22721e-14
4.64722e-14
4.03105e-14
3.37651e-14
2.6913e-14
2.00118e-14
1.35406e-14
8.09842e-15
4.1345e-15
1.66853e-15
5.59731e-17
)
;

boundaryField
{
    movingWall
    {
        type            nutkWallFunction;
        Cmu             0.09;
        kappa           0.41;
        E               9.8;
        value           uniform 0;
    }
    fixedWalls
    {
        type            nutkWallFunction;
        Cmu             0.09;
        kappa           0.41;
        E               9.8;
        value           uniform 0;
    }
    frontAndBack
    {
        type            empty;
    }
}


// ************************************************************************* //
