/*--------------------------------*- C++ -*----------------------------------*\
  =========                 |
  \\      /  F ield         | OpenFOAM: The Open Source CFD Toolbox
   \\    /   O peration     | Website:  https://openfoam.org
    \\  /    A nd           | Version:  12
     \\/     M anipulation  |
\*---------------------------------------------------------------------------*/
FoamFile
{
    format      ascii;
    class       volScalarField;
    location    "3";
    object      k;
}
// * * * * * * * * * * * * * * * * * * * * * * * * * * * * * * * * * * * * * //

dimensions      [0 2 -2 0 0 0 0];

internalField   nonuniform List<scalar> 
5625
(
1.19557e-15
5.96919e-15
1.30195e-14
2.14191e-14
3.07345e-14
4.06914e-14
5.10815e-14
6.17317e-14
7.24913e-14
8.32267e-14
9.38181e-14
1.04159e-13
1.14154e-13
1.23721e-13
1.3279e-13
1.41302e-13
1.49212e-13
1.56484e-13
1.63098e-13
1.6904e-13
1.7431e-13
1.78913e-13
1.82866e-13
1.86189e-13
1.88908e-13
1.91054e-13
1.92659e-13
1.93755e-13
1.94374e-13
1.94551e-13
1.94318e-13
1.93702e-13
1.92725e-13
1.9141e-13
1.89776e-13
1.87838e-13
1.85609e-13
1.831e-13
1.80319e-13
1.77273e-13
1.73967e-13
1.70406e-13
1.66595e-13
1.62539e-13
1.58242e-13
1.53713e-13
1.48958e-13
1.43988e-13
1.38813e-13
1.33446e-13
1.27902e-13
1.22199e-13
1.16355e-13
1.1039e-13
1.04325e-13
9.81827e-14
9.19874e-14
8.57629e-14
7.95334e-14
7.33234e-14
6.7157e-14
6.10582e-14
5.50503e-14
4.91563e-14
4.33989e-14
3.78009e-14
3.23858e-14
2.71783e-14
2.2206e-14
1.75016e-14
1.31056e-14
9.07356e-15
5.49021e-15
2.51055e-15
5.02507e-16
5.97368e-15
5.13817e-14
1.15686e-13
1.91629e-13
2.75644e-13
3.65359e-13
4.58933e-13
5.54821e-13
6.51677e-13
7.483e-13
8.43616e-13
9.36665e-13
1.0266e-12
1.11267e-12
1.19425e-12
1.27081e-12
1.34195e-12
1.40735e-12
1.46681e-12
1.52024e-12
1.5676e-12
1.60897e-12
1.64448e-12
1.67433e-12
1.69875e-12
1.71801e-12
1.7324e-12
1.74223e-12
1.74775e-12
1.74932e-12
1.74721e-12
1.74164e-12
1.73284e-12
1.72101e-12
1.7063e-12
1.68887e-12
1.66882e-12
1.64626e-12
1.62124e-12
1.59383e-12
1.56409e-12
1.53205e-12
1.49777e-12
1.46129e-12
1.42264e-12
1.38191e-12
1.33914e-12
1.29444e-12
1.2479e-12
1.19964e-12
1.14979e-12
1.0985e-12
1.04595e-12
9.92305e-13
9.37768e-13
8.82541e-13
8.26835e-13
7.70866e-13
7.14854e-13
6.59017e-13
6.03573e-13
5.48736e-13
4.94716e-13
4.41719e-13
3.8995e-13
3.39612e-13
2.90914e-13
2.44079e-13
1.99352e-13
1.57022e-13
1.17449e-13
8.11179e-14
4.87505e-14
2.1597e-14
2.50927e-15
1.30691e-14
1.16033e-13
2.63514e-13
4.38383e-13
6.32072e-13
8.38963e-13
1.05475e-12
1.27587e-12
1.49918e-12
1.72193e-12
1.94164e-12
2.15609e-12
2.36331e-12
2.5616e-12
2.7495e-12
2.92579e-12
3.08954e-12
3.24002e-12
3.37679e-12
3.49959e-12
3.60841e-12
3.70339e-12
3.78486e-12
3.85327e-12
3.90917e-12
3.95318e-12
3.98599e-12
4.00829e-12
4.02069e-12
4.024e-12
4.01885e-12
4.00578e-12
3.98529e-12
3.95783e-12
3.9238e-12
3.8835e-12
3.83721e-12
3.78514e-12
3.72747e-12
3.66432e-12
3.59582e-12
3.52205e-12
3.44313e-12
3.35915e-12
3.27021e-12
3.17647e-12
3.07807e-12
2.97522e-12
2.86814e-12
2.75711e-12
2.64244e-12
2.52446e-12
2.40358e-12
2.2802e-12
2.15478e-12
2.02777e-12
1.89966e-12
1.77096e-12
1.64216e-12
1.51378e-12
1.3863e-12
1.26023e-12
1.13603e-12
1.0142e-12
8.9518e-13
7.79454e-13
6.67497e-13
5.59815e-13
4.56974e-13
3.59637e-13
2.68636e-13
1.85107e-13
1.10771e-13
4.86516e-14
5.47599e-15
2.16142e-14
1.93207e-13
4.40661e-13
7.35211e-13
1.06208e-12
1.41153e-12
1.77614e-12
2.14979e-12
2.52716e-12
2.90354e-12
3.27473e-12
3.63696e-12
3.98691e-12
4.32167e-12
4.63877e-12
4.93617e-12
5.21225e-12
5.46584e-12
5.69616e-12
5.90281e-12
6.08575e-12
6.24528e-12
6.38193e-12
6.4965e-12
6.58993e-12
6.6633e-12
6.71777e-12
6.75452e-12
6.77456e-12
6.77936e-12
6.76996e-12
6.74723e-12
6.71205e-12
6.66518e-12
6.60728e-12
6.53888e-12
6.46044e-12
6.37231e-12
6.27479e-12
6.16809e-12
6.05241e-12
5.92791e-12
5.79474e-12
5.65308e-12
5.50311e-12
5.34505e-12
5.17918e-12
5.00582e-12
4.82537e-12
4.63828e-12
4.44507e-12
4.24633e-12
4.0427e-12
3.83489e-12
3.62364e-12
3.40976e-12
3.19405e-12
2.97736e-12
2.76054e-12
2.54442e-12
2.32986e-12
2.11768e-12
1.90868e-12
1.70366e-12
1.50341e-12
1.3087e-12
1.12034e-12
9.39181e-13
7.66179e-13
6.02457e-13
4.49445e-13
3.09109e-13
1.84444e-13
8.06617e-14
9.01714e-15
3.1249e-14
2.80007e-13
6.40122e-13
1.07003e-12
1.54799e-12
2.0595e-12
2.59353e-12
3.14094e-12
3.69386e-12
4.24533e-12
4.78911e-12
5.31967e-12
5.83209e-12
6.32209e-12
6.78603e-12
7.22091e-12
7.62436e-12
7.99465e-12
8.33066e-12
8.63181e-12
8.8981e-12
9.12996e-12
9.32822e-12
9.49408e-12
9.62895e-12
9.73445e-12
9.81231e-12
9.8643e-12
9.89181e-12
9.89723e-12
9.88196e-12
9.84732e-12
9.79458e-12
9.72487e-12
9.63915e-12
9.53822e-12
9.42274e-12
9.29322e-12
9.15007e-12
8.99362e-12
8.82415e-12
8.64188e-12
8.44703e-12
8.23985e-12
8.02059e-12
7.78959e-12
7.54723e-12
7.294e-12
7.03045e-12
6.75726e-12
6.47518e-12
6.18507e-12
5.88787e-12
5.58461e-12
5.2764e-12
4.96437e-12
4.64974e-12
4.33373e-12
4.01757e-12
3.7025e-12
3.38974e-12
3.0805e-12
2.77594e-12
2.47723e-12
2.1855e-12
1.90189e-12
1.62755e-12
1.36375e-12
1.11188e-12
8.736e-13
6.51031e-13
4.47108e-13
2.66278e-13
1.16177e-13
1.29557e-14
4.17816e-14
3.74804e-13
8.58001e-13
1.43605e-12
2.07971e-12
2.76928e-12
3.48967e-12
4.2284e-12
4.9747e-12
5.71906e-12
6.45298e-12
7.1689e-12
7.86012e-12
8.52081e-12
9.14603e-12
9.73168e-12
1.02746e-11
1.07724e-11
1.12235e-11
1.16274e-11
1.19839e-11
1.22937e-11
1.25581e-11
1.27785e-11
1.29572e-11
1.30962e-11
1.31979e-11
1.32648e-11
1.32987e-11
1.33032e-11
1.328e-11
1.32308e-11
1.31574e-11
1.30615e-11
1.29441e-11
1.28065e-11
1.26495e-11
1.24739e-11
1.22801e-11
1.20686e-11
1.18397e-11
1.15938e-11
1.13311e-11
1.10519e-11
1.07566e-11
1.04457e-11
1.01196e-11
9.77897e-12
9.42458e-12
9.0573e-12
8.67817e-12
8.28832e-12
7.88904e-12
7.48171e-12
7.0678e-12
6.64888e-12
6.22654e-12
5.80243e-12
5.37822e-12
4.95557e-12
4.53612e-12
4.12147e-12
3.71319e-12
3.31284e-12
2.92192e-12
2.54196e-12
2.17451e-12
1.82126e-12
1.48409e-12
1.16525e-12
8.67634e-13
5.95231e-13
3.54044e-13
1.54257e-13
1.71826e-14
5.30899e-14
4.76535e-13
1.09181e-12
1.82896e-12
2.65079e-12
3.53208e-12
4.45334e-12
5.39845e-12
6.35346e-12
7.30605e-12
8.2452e-12
9.16112e-12
1.00451e-11
1.08897e-11
1.16884e-11
1.24359e-11
1.31282e-11
1.37623e-11
1.43362e-11
1.4849e-11
1.53009e-11
1.56926e-11
1.60259e-11
1.63028e-11
1.65261e-11
1.66987e-11
1.68237e-11
1.69042e-11
1.69426e-11
1.69439e-11
1.69099e-11
1.68431e-11
1.67457e-11
1.66198e-11
1.64669e-11
1.62886e-11
1.60858e-11
1.58595e-11
1.56104e-11
1.5339e-11
1.50457e-11
1.4731e-11
1.43951e-11
1.40385e-11
1.36616e-11
1.32648e-11
1.2849e-11
1.24148e-11
1.19632e-11
1.14954e-11
1.10126e-11
1.05163e-11
1.00081e-11
9.48987e-12
8.96338e-12
8.43065e-12
7.89373e-12
7.35472e-12
6.81572e-12
6.27885e-12
5.7462e-12
5.21979e-12
4.70163e-12
4.19365e-12
3.69778e-12
3.21595e-12
2.75012e-12
2.30243e-12
1.87528e-12
1.47156e-12
1.09498e-12
7.50606e-13
4.46073e-13
1.94188e-13
2.16171e-14
6.50882e-14
5.84443e-13
1.33979e-12
2.24573e-12
3.25673e-12
4.34174e-12
5.47664e-12
6.64141e-12
7.81866e-12
8.993e-12
1.01507e-11
1.12795e-11
1.23685e-11
1.34084e-11
1.43911e-11
1.531e-11
1.61601e-11
1.69375e-11
1.76401e-11
1.82666e-11
1.88174e-11
1.92936e-11
1.96972e-11
2.00312e-11
2.02988e-11
2.05039e-11
2.06505e-11
2.07421e-11
2.07824e-11
2.07775e-11
2.07294e-11
2.06413e-11
2.0516e-11
2.03561e-11
2.01636e-11
1.99402e-11
1.96873e-11
1.9406e-11
1.90971e-11
1.87613e-11
1.83991e-11
1.80109e-11
1.75971e-11
1.71582e-11
1.66947e-11
1.62072e-11
1.56965e-11
1.51636e-11
1.46096e-11
1.4036e-11
1.34442e-11
1.28361e-11
1.22137e-11
1.15791e-11
1.09347e-11
1.02828e-11
9.62602e-12
8.96689e-12
8.30801e-12
7.65194e-12
7.00124e-12
6.3584e-12
5.72582e-12
5.10589e-12
4.50093e-12
3.91329e-12
3.34536e-12
2.79976e-12
2.27941e-12
1.78785e-12
1.32961e-12
9.10919e-13
5.41016e-13
2.35386e-13
2.61937e-14
7.77113e-14
6.97952e-13
1.60061e-12
2.6841e-12
3.89418e-12
5.1937e-12
6.55371e-12
7.95004e-12
9.36166e-12
1.07699e-11
1.21581e-11
1.35112e-11
1.48162e-11
1.60614e-11
1.72373e-11
1.83357e-11
1.93504e-11
2.02771e-11
2.11129e-11
2.18566e-11
2.25086e-11
2.30704e-11
2.35446e-11
2.39349e-11
2.42455e-11
2.44809e-11
2.46463e-11
2.47457e-11
2.47845e-11
2.47694e-11
2.4703e-11
2.45894e-11
2.44319e-11
2.42336e-11
2.3997e-11
2.37241e-11
2.34167e-11
2.3076e-11
2.27029e-11
2.22983e-11
2.18628e-11
2.13968e-11
2.09008e-11
2.03754e-11
1.9821e-11
1.92385e-11
1.86287e-11
1.79928e-11
1.73322e-11
1.66485e-11
1.59435e-11
1.52194e-11
1.44785e-11
1.37235e-11
1.29571e-11
1.21821e-11
1.14016e-11
1.06185e-11
9.83612e-12
9.05733e-12
8.2852e-12
7.52268e-12
6.77262e-12
6.03782e-12
5.32104e-12
4.62503e-12
3.95263e-12
3.30691e-12
2.69135e-12
2.11015e-12
1.56865e-12
1.07421e-12
6.37723e-13
2.77354e-13
3.08568e-14
9.09074e-14
8.166e-13
1.87322e-12
3.14228e-12
4.56049e-12
6.08436e-12
7.67992e-12
9.31865e-12
1.09757e-11
1.26288e-11
1.42582e-11
1.58461e-11
1.73767e-11
1.88363e-11
2.02133e-11
2.1498e-11
2.26833e-11
2.37638e-11
2.47362e-11
2.55993e-11
2.63536e-11
2.70011e-11
2.7545e-11
2.79898e-11
2.83407e-11
2.86034e-11
2.87838e-11
2.88867e-11
2.89198e-11
2.88898e-11
2.88005e-11
2.86564e-11
2.84618e-11
2.82203e-11
2.79348e-11
2.76078e-11
2.72412e-11
2.68365e-11
2.63949e-11
2.59173e-11
2.54043e-11
2.48564e-11
2.42743e-11
2.36584e-11
2.30094e-11
2.23281e-11
2.16157e-11
2.08733e-11
2.01026e-11
1.93055e-11
1.8484e-11
1.76408e-11
1.67785e-11
1.59001e-11
1.50088e-11
1.4108e-11
1.32011e-11
1.22917e-11
1.13834e-11
1.04796e-11
9.58402e-12
8.69989e-12
7.83056e-12
6.97926e-12
6.14916e-12
5.34343e-12
4.56535e-12
3.81845e-12
3.10674e-12
2.43506e-12
1.80959e-12
1.2388e-12
7.35199e-13
3.19661e-13
3.55583e-14
1.04633e-13
9.39997e-13
2.15673e-12
3.61876e-12
5.25344e-12
7.01074e-12
8.85144e-12
1.07425e-11
1.26551e-11
1.45632e-11
1.64437e-11
1.82757e-11
2.00407e-11
2.17225e-11
2.33076e-11
2.47846e-11
2.61451e-11
2.73829e-11
2.84943e-11
2.94779e-11
3.03345e-11
3.10665e-11
3.16781e-11
3.21747e-11
3.25623e-11
3.28481e-11
3.3039e-11
3.31401e-11
3.31626e-11
3.31125e-11
3.29947e-11
3.28149e-11
3.25778e-11
3.22878e-11
3.19483e-11
3.15621e-11
3.11315e-11
3.06582e-11
3.01436e-11
2.95887e-11
2.89941e-11
2.83605e-11
2.76885e-11
2.69786e-11
2.62317e-11
2.54486e-11
2.46304e-11
2.37788e-11
2.28953e-11
2.19823e-11
2.10421e-11
2.00775e-11
1.90917e-11
1.80881e-11
1.70702e-11
1.6042e-11
1.50074e-11
1.39703e-11
1.2935e-11
1.19053e-11
1.08853e-11
9.87883e-12
8.88962e-12
7.92131e-12
6.9775e-12
6.06177e-12
5.17782e-12
4.32963e-12
3.52174e-12
2.75963e-12
2.05026e-12
1.4032e-12
8.32574e-13
3.61928e-13
4.02561e-14
1.18848e-13
1.0678e-12
2.45034e-12
4.11222e-12
5.97111e-12
7.97023e-12
1.0065e-11
1.22176e-11
1.43949e-11
1.65673e-11
1.87079e-11
2.07925e-11
2.27998e-11
2.47109e-11
2.65101e-11
2.81844e-11
2.97238e-11
3.11214e-11
3.23731e-11
3.34773e-11
3.44351e-11
3.52497e-11
3.5926e-11
3.64704e-11
3.68905e-11
3.71943e-11
3.739e-11
3.74836e-11
3.749e-11
3.74137e-11
3.72615e-11
3.70399e-11
3.67546e-11
3.64104e-11
3.60113e-11
3.55607e-11
3.50611e-11
3.45145e-11
3.39224e-11
3.32859e-11
3.26057e-11
3.18827e-11
3.11173e-11
3.03103e-11
2.94624e-11
2.85747e-11
2.76485e-11
2.66853e-11
2.56872e-11
2.46566e-11
2.35961e-11
2.2509e-11
2.13986e-11
2.02689e-11
1.91239e-11
1.79678e-11
1.68051e-11
1.56403e-11
1.44779e-11
1.33224e-11
1.21782e-11
1.10497e-11
9.94103e-12
8.85622e-12
7.79929e-12
6.77421e-12
5.78509e-12
4.83637e-12
3.93308e-12
3.08129e-12
2.28878e-12
1.56614e-12
9.29091e-13
4.03828e-13
4.49136e-14
1.3352e-13
1.19969e-12
2.75333e-12
4.62145e-12
6.71172e-12
8.96044e-12
1.13174e-11
1.37401e-11
1.61909e-11
1.8636e-11
2.10449e-11
2.33899e-11
2.56465e-11
2.77931e-11
2.98115e-11
3.16871e-11
3.34083e-11
3.49673e-11
3.63596e-11
3.75836e-11
3.86407e-11
3.95348e-11
4.0272e-11
4.08597e-11
4.13068e-11
4.16229e-11
4.18165e-11
4.18972e-11
4.18806e-11
4.17716e-11
4.15785e-11
4.13088e-11
4.0969e-11
4.05646e-11
4.01003e-11
3.95798e-11
3.9006e-11
3.83811e-11
3.77069e-11
3.69846e-11
3.6215e-11
3.53988e-11
3.45369e-11
3.36298e-11
3.26784e-11
3.16839e-11
3.06477e-11
2.95714e-11
2.84574e-11
2.73082e-11
2.61269e-11
2.49168e-11
2.36818e-11
2.24262e-11
2.11543e-11
1.98709e-11
1.85809e-11
1.72891e-11
1.60006e-11
1.47204e-11
1.34533e-11
1.22041e-11
1.09772e-11
9.77734e-12
8.60871e-12
7.47574e-12
6.38294e-12
5.33516e-12
4.33792e-12
3.39787e-12
2.52352e-12
1.72651e-12
1.0241e-12
4.45079e-13
4.94994e-14
1.48612e-13
1.33536e-12
3.06501e-12
5.14527e-12
7.47359e-12
9.97913e-12
1.2606e-11
1.53065e-11
1.80387e-11
2.07644e-11
2.34491e-11
2.60615e-11
2.85736e-11
3.0961e-11
3.32031e-11
3.52831e-11
3.71881e-11
3.89093e-11
4.04416e-11
4.17837e-11
4.29373e-11
4.39071e-11
4.47004e-11
4.53259e-11
4.57941e-11
4.61161e-11
4.63003e-11
4.63619e-11
4.6315e-11
4.61663e-11
4.59254e-11
4.56008e-11
4.51999e-11
4.47291e-11
4.41935e-11
4.35974e-11
4.29441e-11
4.22361e-11
4.14752e-11
4.06629e-11
3.98e-11
3.88874e-11
3.79258e-11
3.69161e-11
3.58591e-11
3.4756e-11
3.36083e-11
3.2418e-11
3.11875e-11
2.99196e-11
2.86174e-11
2.72849e-11
2.59261e-11
2.45455e-11
2.31481e-11
2.17388e-11
2.03231e-11
1.89062e-11
1.74936e-11
1.60906e-11
1.47026e-11
1.33347e-11
1.19919e-11
1.06791e-11
9.40091e-12
8.1622e-12
6.96784e-12
5.82308e-12
4.7339e-12
3.70751e-12
2.75313e-12
1.8834e-12
1.11706e-12
4.85443e-13
5.39872e-14
1.64093e-13
1.47452e-12
3.3847e-12
5.68257e-12
8.25507e-12
1.10241e-11
1.39278e-11
1.69135e-11
1.99343e-11
2.29477e-11
2.5915e-11
2.8801e-11
3.15742e-11
3.42071e-11
3.66764e-11
3.89631e-11
4.10531e-11
4.29363e-11
4.46074e-11
4.60649e-11
4.73114e-11
4.83525e-11
4.91965e-11
4.98538e-11
5.03363e-11
5.06569e-11
5.08241e-11
5.08599e-11
5.07751e-11
5.05793e-11
5.02833e-11
4.98967e-11
4.9428e-11
4.88843e-11
4.82714e-11
4.7594e-11
4.68558e-11
4.60596e-11
4.52076e-11
4.43011e-11
4.33413e-11
4.23291e-11
4.12652e-11
4.01506e-11
3.89861e-11
3.77731e-11
3.65133e-11
3.52086e-11
3.38616e-11
3.24754e-11
3.10534e-11
2.95996e-11
2.81185e-11
2.66149e-11
2.50939e-11
2.35612e-11
2.20222e-11
2.04828e-11
1.89487e-11
1.74258e-11
1.59197e-11
1.44359e-11
1.29799e-11
1.15569e-11
1.0172e-11
8.83022e-12
7.53693e-12
6.29777e-12
5.11913e-12
4.00875e-12
2.97653e-12
2.03605e-12
1.20752e-12
5.24729e-13
5.83556e-14
1.7993e-13
1.61688e-12
3.71173e-12
6.23219e-12
9.0545e-12
1.20931e-11
1.52801e-11
1.85575e-11
2.18736e-11
2.51811e-11
2.84371e-11
3.16022e-11
3.46412e-11
3.75234e-11
4.02227e-11
4.27179e-11
4.49932e-11
4.70376e-11
4.88453e-11
5.04152e-11
5.17503e-11
5.28573e-11
5.3746e-11
5.44284e-11
5.49183e-11
5.52291e-11
5.53719e-11
5.53746e-11
5.5244e-11
5.49934e-11
5.46348e-11
5.41791e-11
5.36357e-11
5.30125e-11
5.2316e-11
5.15516e-11
5.07233e-11
4.98341e-11
4.88865e-11
4.7882e-11
4.68219e-11
4.57072e-11
4.45387e-11
4.33173e-11
4.2044e-11
4.07204e-11
3.9348e-11
3.79291e-11
3.64664e-11
3.49631e-11
3.34227e-11
3.18497e-11
3.02486e-11
2.86245e-11
2.69829e-11
2.53297e-11
2.36706e-11
2.2012e-11
2.03598e-11
1.87203e-11
1.70995e-11
1.55033e-11
1.39374e-11
1.24074e-11
1.09189e-11
9.47726e-12
8.08809e-12
6.75745e-12
5.49216e-12
4.30045e-12
3.19287e-12
2.18391e-12
1.29515e-12
5.6279e-13
6.25884e-14
1.96088e-13
1.76212e-12
4.04539e-12
6.79298e-12
9.8702e-12
1.31839e-11
1.666e-11
2.02351e-11
2.38523e-11
2.74598e-11
3.10098e-11
3.44588e-11
3.77677e-11
4.09023e-11
4.38336e-11
4.65381e-11
4.89983e-11
5.12023e-11
5.31439e-11
5.48222e-11
5.6241e-11
5.74082e-11
5.83351e-11
5.90355e-11
5.95251e-11
5.9817e-11
5.993e-11
5.98901e-11
5.9706e-11
5.93928e-11
5.8964e-11
5.84319e-11
5.78069e-11
5.70977e-11
5.63117e-11
5.54546e-11
5.4531e-11
5.35442e-11
5.24969e-11
5.13908e-11
5.02274e-11
4.90077e-11
4.77325e-11
4.6403e-11
4.50202e-11
4.35856e-11
4.2101e-11
4.05688e-11
3.89916e-11
3.73729e-11
3.57165e-11
3.40267e-11
3.23086e-11
3.05672e-11
2.88085e-11
2.70383e-11
2.5263e-11
2.34889e-11
2.17225e-11
1.99703e-11
1.82386e-11
1.65337e-11
1.48616e-11
1.32284e-11
1.16398e-11
1.01016e-11
8.61987e-12
7.20093e-12
5.85203e-12
4.58186e-12
3.40159e-12
2.32657e-12
1.37972e-12
5.99526e-13
6.66742e-14
2.12533e-13
1.90994e-12
4.38497e-12
7.36372e-12
1.07004e-11
1.42941e-11
1.80645e-11
2.19425e-11
2.58662e-11
2.97786e-11
3.36272e-11
3.73642e-11
4.09463e-11
4.43356e-11
4.75002e-11
5.04142e-11
5.30583e-11
5.54196e-11
5.74917e-11
5.9274e-11
6.07711e-11
6.19922e-11
6.29503e-11
6.36612e-11
6.41426e-11
6.44069e-11
6.44831e-11
6.43921e-11
6.41464e-11
6.37628e-11
6.32565e-11
6.26408e-11
6.19274e-11
6.1126e-11
6.02445e-11
5.92894e-11
5.82656e-11
5.71769e-11
5.60262e-11
5.48154e-11
5.3546e-11
5.22192e-11
5.0836e-11
4.93975e-11
4.79049e-11
4.63597e-11
4.47638e-11
4.31195e-11
4.14298e-11
3.96981e-11
3.79284e-11
3.61251e-11
3.42933e-11
3.24385e-11
3.05665e-11
2.86836e-11
2.67961e-11
2.49109e-11
2.30345e-11
2.11737e-11
1.93352e-11
1.75256e-11
1.57513e-11
1.40185e-11
1.23335e-11
1.07024e-11
9.13153e-12
7.62759e-12
6.19822e-12
4.85258e-12
3.60239e-12
2.46384e-12
1.4611e-12
6.3488e-13
7.06069e-14
2.29227e-13
2.06001e-12
4.72971e-12
7.94317e-12
1.15433e-11
1.54213e-11
1.94905e-11
2.36761e-11
2.79106e-11
3.21322e-11
3.62834e-11
4.03116e-11
4.41694e-11
4.7815e-11
5.12134e-11
5.43363e-11
5.71626e-11
5.96785e-11
6.18771e-11
6.37584e-11
6.53279e-11
6.65964e-11
6.75786e-11
6.82923e-11
6.87568e-11
6.89855e-11
6.90176e-11
6.88673e-11
6.8552e-11
6.80904e-11
6.74991e-11
6.67929e-11
6.59847e-11
6.50849e-11
6.41025e-11
6.30444e-11
6.19161e-11
6.07217e-11
5.94643e-11
5.81461e-11
5.67687e-11
5.53334e-11
5.38414e-11
5.22936e-11
5.06915e-11
4.90366e-11
4.73308e-11
4.55765e-11
4.37767e-11
4.1935e-11
4.00552e-11
3.8142e-11
3.62005e-11
3.42363e-11
3.22554e-11
3.0264e-11
2.8269e-11
2.62769e-11
2.4295e-11
2.233e-11
2.0389e-11
1.84788e-11
1.66062e-11
1.47778e-11
1.30001e-11
1.12796e-11
9.62303e-12
8.03738e-12
6.53069e-12
5.11254e-12
3.79522e-12
2.59566e-12
1.53926e-12
6.6884e-13
7.43852e-14
2.46135e-13
2.21198e-12
5.07885e-12
8.53001e-12
1.23969e-11
1.65629e-11
2.09347e-11
2.54317e-11
2.9981e-11
3.45152e-11
3.8972e-11
4.32939e-11
4.7429e-11
5.13318e-11
5.49639e-11
5.82944e-11
6.13006e-11
6.39676e-11
6.62884e-11
6.82634e-11
6.98992e-11
7.12081e-11
7.22071e-11
7.29161e-11
7.33539e-11
7.3541e-11
7.35203e-11
7.33028e-11
7.29104e-11
7.23633e-11
7.16802e-11
7.08771e-11
6.99679e-11
6.89644e-11
6.78761e-11
6.67107e-11
6.54741e-11
6.41707e-11
6.2804e-11
6.13764e-11
5.98896e-11
5.8345e-11
5.67439e-11
5.50874e-11
5.33767e-11
5.16136e-11
4.97999e-11
4.79381e-11
4.60312e-11
4.40827e-11
4.20965e-11
4.00774e-11
3.80305e-11
3.59613e-11
3.38759e-11
3.17807e-11
2.96826e-11
2.75884e-11
2.55053e-11
2.34404e-11
2.14011e-11
1.93944e-11
1.74275e-11
1.55072e-11
1.36404e-11
1.1834e-11
1.0095e-11
8.4308e-12
6.84983e-12
5.36205e-12
3.98027e-12
2.72217e-12
1.61427e-12
7.01438e-13
7.80123e-14
2.63214e-13
2.36551e-12
5.43155e-12
9.12286e-12
1.32594e-11
1.77163e-11
2.23938e-11
2.72052e-11
3.20721e-11
3.69217e-11
4.16863e-11
4.63035e-11
5.07169e-11
5.4877e-11
5.87418e-11
6.22781e-11
6.54612e-11
6.82755e-11
7.07136e-11
7.27766e-11
7.44723e-11
7.58149e-11
7.68231e-11
7.75195e-11
7.79214e-11
7.80623e-11
7.79793e-11
7.76873e-11
7.72104e-11
7.65711e-11
7.57897e-11
7.48837e-11
7.38682e-11
7.27561e-11
7.15577e-11
7.02813e-11
6.89333e-11
6.75185e-11
6.60407e-11
6.45025e-11
6.29057e-11
6.12518e-11
5.95422e-11
5.77779e-11
5.59604e-11
5.40912e-11
5.21722e-11
5.02059e-11
4.81952e-11
4.61437e-11
4.40552e-11
4.19343e-11
3.97862e-11
3.76165e-11
3.54313e-11
3.32369e-11
3.10402e-11
2.88483e-11
2.66684e-11
2.45079e-11
2.23743e-11
2.0275e-11
1.82174e-11
1.62087e-11
1.42562e-11
1.2367e-11
1.05487e-11
8.8089e-12
7.15644e-12
5.60171e-12
4.158e-12
2.84366e-12
1.68632e-12
7.32746e-13
8.14964e-14
2.80424e-13
2.52021e-12
5.78697e-12
9.72029e-12
1.41285e-11
1.88786e-11
2.3864e-11
2.89922e-11
3.41788e-11
3.93456e-11
4.44193e-11
4.93327e-11
5.40245e-11
5.8441e-11
6.25371e-11
6.62766e-11
6.96333e-11
7.25904e-11
7.51407e-11
7.72859e-11
7.9035e-11
8.04042e-11
8.14143e-11
8.20903e-11
8.24484e-11
8.2537e-11
8.23839e-11
8.20102e-11
8.14422e-11
8.07046e-11
7.98191e-11
7.8805e-11
7.76787e-11
7.6454e-11
7.5142e-11
7.37518e-11
7.22903e-11
7.07626e-11
6.91728e-11
6.75236e-11
6.58171e-11
6.40548e-11
6.22379e-11
6.03678e-11
5.84456e-11
5.6473e-11
5.44519e-11
5.23845e-11
5.02738e-11
4.81231e-11
4.59364e-11
4.37182e-11
4.14734e-11
3.92077e-11
3.6927e-11
3.46378e-11
3.23469e-11
3.00615e-11
2.77889e-11
2.55367e-11
2.33126e-11
2.11242e-11
1.89792e-11
1.68853e-11
1.485e-11
1.2881e-11
1.0986e-11
9.17318e-12
7.45174e-12
5.83244e-12
4.32905e-12
2.96058e-12
1.75564e-12
7.62873e-13
8.48496e-14
2.97722e-13
2.6757e-12
6.1442e-12
1.03208e-11
1.50021e-11
2.00468e-11
2.53418e-11
3.07881e-11
3.62957e-11
4.17804e-11
4.71638e-11
5.23732e-11
5.73425e-11
6.20141e-11
6.6339e-11
7.02787e-11
7.3805e-11
7.69003e-11
7.95575e-11
8.17788e-11
8.35749e-11
8.49638e-11
8.59691e-11
8.66161e-11
8.69239e-11
8.69539e-11
8.6724e-11
8.62622e-11
8.55973e-11
8.47558e-11
8.37614e-11
8.2635e-11
8.13942e-11
8.00539e-11
7.86261e-11
7.71203e-11
7.55441e-11
7.39031e-11
7.22014e-11
7.04419e-11
6.86268e-11
6.67578e-11
6.48359e-11
6.28625e-11
6.08387e-11
5.8766e-11
5.66462e-11
5.44816e-11
5.22748e-11
5.00292e-11
4.77485e-11
4.54371e-11
4.31e-11
4.07425e-11
3.83706e-11
3.59907e-11
3.36096e-11
3.12346e-11
2.8873e-11
2.65325e-11
2.42211e-11
2.19466e-11
1.97172e-11
1.75407e-11
1.54251e-11
1.33786e-11
1.14092e-11
9.5256e-12
7.73727e-12
6.05543e-12
4.4943e-12
3.07348e-12
1.82258e-12
7.9196e-13
8.80875e-14
3.15062e-13
2.83157e-12
6.50231e-12
1.09228e-11
1.58779e-11
2.1218e-11
2.68232e-11
3.25882e-11
3.84169e-11
4.42196e-11
4.99121e-11
5.54164e-11
6.06618e-11
6.5586e-11
7.01369e-11
7.4273e-11
7.79645e-11
8.11931e-11
8.39514e-11
8.62429e-11
8.80796e-11
8.94818e-11
9.04755e-11
9.10847e-11
9.13393e-11
9.13028e-11
9.09903e-11
9.0435e-11
8.96682e-11
8.87185e-11
8.76115e-11
8.63696e-11
8.50118e-11
8.3554e-11
8.20091e-11
8.03873e-11
7.86966e-11
7.69428e-11
7.51304e-11
7.32625e-11
7.13411e-11
6.93679e-11
6.73441e-11
6.52707e-11
6.31489e-11
6.09799e-11
5.87654e-11
5.65076e-11
5.42089e-11
5.18724e-11
4.95019e-11
4.71014e-11
4.46759e-11
4.22306e-11
3.97713e-11
3.73044e-11
3.48366e-11
3.23753e-11
2.99278e-11
2.7502e-11
2.5106e-11
2.2748e-11
2.04363e-11
1.81794e-11
1.59855e-11
1.38633e-11
1.18213e-11
9.8685e-12
8.01489e-12
6.27209e-12
4.65476e-12
3.18307e-12
1.88753e-12
8.2018e-13
9.12292e-14
3.32398e-13
2.9874e-12
6.86036e-12
1.15247e-11
1.67535e-11
2.2389e-11
2.8304e-11
3.43873e-11
4.05366e-11
4.66562e-11
5.26563e-11
5.84537e-11
6.39725e-11
6.91464e-11
7.39194e-11
7.82478e-11
8.20997e-11
8.54562e-11
8.83101e-11
9.06657e-11
9.25369e-11
9.3946e-11
9.49217e-11
9.5486e-11
9.56852e-11
9.55746e-11
9.51746e-11
9.45215e-11
9.3649e-11
9.25878e-11
9.13657e-11
9.00064e-11
8.85304e-11
8.69546e-11
8.52928e-11
8.35557e-11
8.17518e-11
7.98873e-11
7.79666e-11
7.59931e-11
7.39687e-11
7.1895e-11
6.97731e-11
6.76038e-11
6.53881e-11
6.31271e-11
6.08222e-11
5.84754e-11
5.60889e-11
5.36657e-11
5.12092e-11
4.87234e-11
4.62131e-11
4.36834e-11
4.11399e-11
3.85891e-11
3.60375e-11
3.34925e-11
3.09616e-11
2.84527e-11
2.59742e-11
2.35345e-11
2.11423e-11
1.88064e-11
1.65356e-11
1.43389e-11
1.22253e-11
1.02045e-11
8.28668e-12
6.48403e-12
4.81159e-12
3.29012e-12
1.95095e-12
8.47727e-13
9.42962e-14
3.49682e-13
3.14276e-12
7.21733e-12
1.21248e-11
1.76265e-11
2.35564e-11
2.97802e-11
3.61804e-11
4.26485e-11
4.9083e-11
5.53883e-11
6.14758e-11
6.72647e-11
7.26842e-11
7.76752e-11
8.21909e-11
8.61982e-11
8.96771e-11
9.26209e-11
9.50349e-11
9.69347e-11
9.83449e-11
9.92968e-11
9.98107e-11
9.99509e-11
9.97614e-11
9.92701e-11
9.85159e-11
9.7535e-11
9.63606e-11
9.5022e-11
9.35449e-11
9.19509e-11
9.0258e-11
8.84808e-11
8.66307e-11
8.47164e-11
8.27443e-11
8.07192e-11
7.86441e-11
7.65212e-11
7.43516e-11
7.21363e-11
6.98759e-11
6.7571e-11
6.52226e-11
6.28318e-11
6.04002e-11
5.793e-11
5.54238e-11
5.28849e-11
5.03171e-11
4.7725e-11
4.51136e-11
4.24886e-11
3.98561e-11
3.72229e-11
3.45961e-11
3.19835e-11
2.93931e-11
2.68334e-11
2.43131e-11
2.18413e-11
1.94271e-11
1.708e-11
1.48093e-11
1.26248e-11
1.05364e-11
8.5549e-12
6.69296e-12
4.96606e-12
3.39546e-12
2.01332e-12
8.7481e-13
9.73118e-14
3.66864e-13
3.29721e-12
7.57222e-12
1.27214e-11
1.84945e-11
2.47169e-11
3.12475e-11
3.79622e-11
4.47464e-11
5.14927e-11
5.80998e-11
6.44734e-11
7.0528e-11
7.61886e-11
8.13925e-11
8.60904e-11
9.02474e-11
9.38433e-11
9.68714e-11
9.93382e-11
1.01261e-10
1.02667e-10
1.0359e-10
1.04049e-10
1.04127e-10
1.03856e-10
1.03271e-10
1.02413e-10
1.01323e-10
1.00035e-10
9.85802e-11
9.69862e-11
9.52761e-11
9.34686e-11
9.15791e-11
8.96196e-11
8.75991e-11
8.55243e-11
8.33997e-11
8.12284e-11
7.90123e-11
7.67524e-11
7.44492e-11
7.21031e-11
6.97143e-11
6.72835e-11
6.48113e-11
6.22993e-11
5.97491e-11
5.71633e-11
5.4545e-11
5.18979e-11
4.92263e-11
4.65352e-11
4.38302e-11
4.11175e-11
3.84038e-11
3.56964e-11
3.30029e-11
3.03316e-11
2.76912e-11
2.50907e-11
2.25395e-11
2.00472e-11
1.76237e-11
1.5279e-11
1.30232e-11
1.08671e-11
8.82191e-12
6.9007e-12
5.11947e-12
3.49998e-12
2.07517e-12
9.0165e-13
1.003e-13
3.83894e-13
3.45031e-12
7.92401e-12
1.33128e-11
1.93548e-11
2.58671e-11
3.27015e-11
3.97273e-11
4.6824e-11
5.38779e-11
6.07821e-11
6.7437e-11
7.37522e-11
7.96484e-11
8.50595e-11
8.99338e-11
9.42349e-11
9.7942e-11
1.01049e-10
1.03563e-10
1.05505e-10
1.06904e-10
1.07791e-10
1.08194e-10
1.08207e-10
1.07851e-10
1.07171e-10
1.0621e-10
1.05011e-10
1.0361e-10
1.02041e-10
1.00333e-10
9.85105e-11
9.65925e-11
9.45955e-11
9.25319e-11
9.04109e-11
8.82394e-11
8.60217e-11
8.37607e-11
8.1458e-11
7.91142e-11
7.67295e-11
7.43036e-11
7.18366e-11
6.93284e-11
6.67796e-11
6.41911e-11
6.15646e-11
5.89021e-11
5.62068e-11
5.34821e-11
5.07324e-11
4.79627e-11
4.51785e-11
4.2386e-11
3.9592e-11
3.68039e-11
3.40294e-11
3.1277e-11
2.85556e-11
2.58744e-11
2.32432e-11
2.06722e-11
1.81715e-11
1.5752e-11
1.34243e-11
1.11996e-11
9.09007e-12
7.10909e-12
5.27316e-12
3.60457e-12
2.137e-12
9.2847e-13
1.03287e-13
4.00724e-13
3.6016e-12
8.27165e-12
1.38973e-11
2.0205e-11
2.70035e-11
3.41377e-11
4.14704e-11
4.88746e-11
5.6231e-11
6.34268e-11
7.03571e-11
7.69267e-11
8.30522e-11
8.86643e-11
9.37089e-11
9.81482e-11
1.01961e-10
1.05141e-10
1.07699e-10
1.09655e-10
1.11042e-10
1.11889e-10
1.12238e-10
1.12183e-10
1.11742e-10
1.10967e-10
1.09905e-10
1.08598e-10
1.07088e-10
1.05408e-10
1.03591e-10
1.0166e-10
9.96375e-11
9.75394e-11
9.53785e-11
9.31644e-11
9.09036e-11
8.86005e-11
8.62576e-11
8.38759e-11
8.14556e-11
7.89963e-11
7.64973e-11
7.3958e-11
7.13778e-11
6.87569e-11
6.60958e-11
6.33959e-11
6.06591e-11
5.78883e-11
5.50871e-11
5.22597e-11
4.94112e-11
4.65474e-11
4.36744e-11
4.07992e-11
3.79293e-11
3.50728e-11
3.22381e-11
2.94344e-11
2.66712e-11
2.39588e-11
2.13075e-11
1.87283e-11
1.62324e-11
1.38314e-11
1.15369e-11
9.36174e-12
7.31991e-12
5.42844e-12
3.71012e-12
2.19933e-12
9.5549e-13
1.06295e-13
4.17302e-13
3.75063e-12
8.61411e-12
1.4473e-11
2.10424e-11
2.81228e-11
3.55519e-11
4.31859e-11
5.0892e-11
5.85445e-11
6.60252e-11
7.3224e-11
8.00411e-11
8.6389e-11
9.21952e-11
9.74035e-11
1.01975e-10
1.05887e-10
1.09136e-10
1.11732e-10
1.13699e-10
1.15071e-10
1.15877e-10
1.16175e-10
1.16048e-10
1.15525e-10
1.14657e-10
1.13495e-10
1.12085e-10
1.1047e-10
1.08685e-10
1.06764e-10
1.04733e-10
1.02613e-10
1.00422e-10
9.81721e-11
9.58735e-11
9.35324e-11
9.11528e-11
8.87368e-11
8.62847e-11
8.37962e-11
8.12701e-11
7.8705e-11
7.60996e-11
7.34529e-11
7.07644e-11
6.80343e-11
6.52635e-11
6.24541e-11
5.96086e-11
5.67307e-11
5.3825e-11
5.08964e-11
4.79512e-11
4.49957e-11
4.20371e-11
3.90833e-11
3.61424e-11
3.32231e-11
3.0335e-11
2.74877e-11
2.46919e-11
2.19583e-11
1.92986e-11
1.67243e-11
1.42478e-11
1.18817e-11
9.6391e-12
7.53487e-12
5.58655e-12
3.81745e-12
2.26265e-12
9.82919e-13
1.09349e-13
4.33579e-13
3.89695e-12
8.95037e-12
1.50383e-11
2.18646e-11
2.92215e-11
3.69395e-11
4.48686e-11
5.28695e-11
6.08109e-11
6.85689e-11
7.60284e-11
8.3085e-11
8.96476e-11
9.56406e-11
1.01006e-10
1.05703e-10
1.0971e-10
1.13023e-10
1.15654e-10
1.17628e-10
1.18984e-10
1.19748e-10
1.19995e-10
1.19799e-10
1.19194e-10
1.18238e-10
1.16981e-10
1.15473e-10
1.13759e-10
1.11877e-10
1.09861e-10
1.07737e-10
1.0553e-10
1.03255e-10
1.00926e-10
9.85533e-11
9.61422e-11
9.36964e-11
9.12172e-11
8.87043e-11
8.61566e-11
8.3572e-11
8.09483e-11
7.82834e-11
7.55757e-11
7.2824e-11
7.0028e-11
6.71886e-11
6.43073e-11
6.1387e-11
5.84314e-11
5.54452e-11
5.24341e-11
4.94043e-11
4.6363e-11
4.33175e-11
4.02761e-11
3.72473e-11
3.42403e-11
3.12645e-11
2.83301e-11
2.5448e-11
2.26294e-11
1.98863e-11
1.72311e-11
1.46767e-11
1.22364e-11
9.92421e-12
7.75556e-12
5.74865e-12
3.92734e-12
2.32741e-12
1.01095e-12
1.1247e-13
4.49507e-13
4.04014e-12
9.27943e-12
1.55915e-11
2.26691e-11
3.02962e-11
3.82965e-11
4.65132e-11
5.48011e-11
6.30229e-11
7.10495e-11
7.87609e-11
8.60483e-11
9.28172e-11
9.8989e-11
1.04504e-10
1.0932e-10
1.13416e-10
1.16789e-10
1.19451e-10
1.21432e-10
1.22772e-10
1.23495e-10
1.23692e-10
1.2343e-10
1.22749e-10
1.21709e-10
1.20364e-10
1.18766e-10
1.16962e-10
1.14991e-10
1.12889e-10
1.10683e-10
1.08398e-10
1.06051e-10
1.03655e-10
1.0122e-10
9.87502e-11
9.62494e-11
9.37181e-11
9.1155e-11
8.85578e-11
8.59237e-11
8.32494e-11
8.05319e-11
7.77687e-11
7.4958e-11
7.20991e-11
6.91924e-11
6.62395e-11
6.32432e-11
6.02076e-11
5.71379e-11
5.40402e-11
5.09215e-11
4.77893e-11
4.4652e-11
4.1518e-11
3.83965e-11
3.5297e-11
3.22293e-11
2.9204e-11
2.62319e-11
2.33249e-11
2.04953e-11
1.7756e-11
1.51206e-11
1.26033e-11
1.02188e-11
7.98335e-12
5.91574e-12
4.04046e-12
2.394e-12
1.03975e-12
1.15675e-13
4.6504e-13
4.17979e-12
9.60033e-12
1.6131e-11
2.34535e-11
3.13438e-11
3.96186e-11
4.81146e-11
5.66805e-11
6.51734e-11
7.3459e-11
8.14126e-11
8.89214e-11
9.58873e-11
1.0223e-10
1.07886e-10
1.12815e-10
1.16996e-10
1.20424e-10
1.23116e-10
1.25103e-10
1.26426e-10
1.2711e-10
1.27262e-10
1.26938e-10
1.26187e-10
1.2507e-10
1.23645e-10
1.21966e-10
1.20082e-10
1.18033e-10
1.15856e-10
1.13581e-10
1.11231e-10
1.08825e-10
1.06374e-10
1.03889e-10
1.01374e-10
9.88304e-11
9.62589e-11
9.36568e-11
9.10208e-11
8.83467e-11
8.56302e-11
8.28673e-11
8.00543e-11
7.71889e-11
7.42697e-11
7.12968e-11
6.82717e-11
6.51975e-11
6.20787e-11
5.89209e-11
5.57312e-11
5.25174e-11
4.92879e-11
4.6052e-11
4.28189e-11
3.95985e-11
3.64006e-11
3.32357e-11
3.01143e-11
2.70479e-11
2.40484e-11
2.11284e-11
1.83015e-11
1.55818e-11
1.29843e-11
1.05245e-11
8.21941e-12
6.08869e-12
4.15741e-12
2.46276e-12
1.06946e-12
1.18982e-13
4.80134e-13
4.31548e-12
9.91217e-12
1.66551e-11
2.42155e-11
3.23612e-11
4.09019e-11
4.96679e-11
5.85019e-11
6.72557e-11
7.57898e-11
8.3975e-11
9.16948e-11
9.88482e-11
1.05352e-10
1.11143e-10
1.16179e-10
1.20438e-10
1.23919e-10
1.26639e-10
1.28631e-10
1.29939e-10
1.30589e-10
1.30701e-10
1.30322e-10
1.29508e-10
1.28323e-10
1.26828e-10
1.25079e-10
1.23125e-10
1.21011e-10
1.18774e-10
1.16442e-10
1.14041e-10
1.11589e-10
1.09098e-10
1.06577e-10
1.0403e-10
1.01458e-10
9.88588e-11
9.623e-11
9.35663e-11
9.08624e-11
8.81126e-11
8.53116e-11
8.24549e-11
7.9539e-11
7.6562e-11
7.35236e-11
7.04252e-11
6.72703e-11
6.40638e-11
6.08123e-11
5.75237e-11
5.42071e-11
5.08722e-11
4.75293e-11
4.41889e-11
4.08616e-11
3.7558e-11
3.42891e-11
3.10658e-11
2.78996e-11
2.48028e-11
2.17881e-11
1.88696e-11
1.60619e-11
1.33807e-11
1.08423e-11
8.46466e-12
6.26817e-12
4.27862e-12
2.53395e-12
1.10019e-12
1.22403e-13
4.94748e-13
4.44686e-12
1.02141e-11
1.71626e-11
2.49531e-11
3.33456e-11
4.21427e-11
5.11686e-11
6.02601e-11
6.92634e-11
7.80345e-11
8.644e-11
9.43599e-11
1.0169e-10
1.08347e-10
1.14264e-10
1.194e-10
1.23734e-10
1.27265e-10
1.30013e-10
1.32011e-10
1.33306e-10
1.33928e-10
1.34004e-10
1.33578e-10
1.32711e-10
1.31469e-10
1.29916e-10
1.28109e-10
1.261e-10
1.23935e-10
1.2165e-10
1.19278e-10
1.16841e-10
1.14358e-10
1.11842e-10
1.093e-10
1.06736e-10
1.04149e-10
1.01536e-10
9.88935e-11
9.62141e-11
9.34912e-11
9.07175e-11
8.78864e-11
8.4992e-11
8.20301e-11
7.89978e-11
7.58944e-11
7.27213e-11
6.94822e-11
6.61827e-11
6.28306e-11
5.9435e-11
5.60064e-11
5.25561e-11
4.90961e-11
4.56381e-11
4.21942e-11
3.8776e-11
3.53949e-11
3.20624e-11
2.87902e-11
2.55905e-11
2.24764e-11
1.94619e-11
1.65622e-11
1.37935e-11
1.11732e-11
8.71975e-12
6.45465e-12
4.40441e-12
2.60775e-12
1.13203e-12
1.25945e-13
5.08845e-13
4.5736e-12
1.05053e-11
1.76521e-11
2.56643e-11
3.42942e-11
4.33377e-11
5.26126e-11
6.19499e-11
7.11909e-11
8.01867e-11
8.88003e-11
9.69087e-11
1.04406e-10
1.11205e-10
1.17241e-10
1.22471e-10
1.26875e-10
1.30454e-10
1.33228e-10
1.35236e-10
1.36522e-10
1.37122e-10
1.37171e-10
1.36707e-10
1.35797e-10
1.34511e-10
1.32912e-10
1.31062e-10
1.29013e-10
1.26812e-10
1.24496e-10
1.22098e-10
1.19642e-10
1.17145e-10
1.1462e-10
1.12073e-10
1.09507e-10
1.0692e-10
1.04309e-10
1.01666e-10
9.8983e-11
9.62524e-11
9.34647e-11
9.06119e-11
8.76866e-11
8.46832e-11
8.15983e-11
7.84305e-11
7.51811e-11
7.18539e-11
6.84557e-11
6.49951e-11
6.14829e-11
5.79315e-11
5.43542e-11
5.07648e-11
4.71774e-11
4.36052e-11
4.00615e-11
3.65584e-11
3.31081e-11
2.97224e-11
2.64135e-11
2.31944e-11
2.00792e-11
1.70833e-11
1.42234e-11
1.15174e-11
8.98502e-12
6.6484e-12
4.53497e-12
2.68426e-12
1.16501e-12
1.29615e-13
5.22394e-13
4.6954e-12
1.07852e-11
1.81224e-11
2.63474e-11
3.52049e-11
4.4484e-11
5.39962e-11
6.35671e-11
7.30328e-11
8.22404e-11
9.10495e-11
9.93342e-11
1.06987e-10
1.13919e-10
1.20065e-10
1.25383e-10
1.29853e-10
1.33478e-10
1.36281e-10
1.38301e-10
1.39583e-10
1.4017e-10
1.402e-10
1.39709e-10
1.3877e-10
1.37452e-10
1.35823e-10
1.33945e-10
1.31872e-10
1.29651e-10
1.27322e-10
1.24916e-10
1.22457e-10
1.19963e-10
1.17446e-10
1.14911e-10
1.12359e-10
1.09788e-10
1.07192e-10
1.04563e-10
1.0189e-10
9.91639e-11
9.63729e-11
9.35073e-11
9.05583e-11
8.75188e-11
8.43843e-11
8.11528e-11
7.78254e-11
7.44064e-11
7.09029e-11
6.73252e-11
6.3686e-11
5.99996e-11
5.62819e-11
5.25493e-11
4.88181e-11
4.5104e-11
4.14218e-11
3.77851e-11
3.42067e-11
3.06987e-11
2.72732e-11
2.39431e-11
2.07221e-11
1.76255e-11
1.46704e-11
1.18752e-11
9.26053e-12
6.84948e-12
4.67033e-12
2.76351e-12
1.19914e-12
1.33411e-13
5.35367e-13
4.81203e-12
1.10532e-11
1.85726e-11
2.70011e-11
3.60757e-11
4.55789e-11
5.53162e-11
6.51076e-11
7.47847e-11
8.41906e-11
9.31818e-11
1.0163e-10
1.09426e-10
1.16482e-10
1.2273e-10
1.2813e-10
1.32663e-10
1.36334e-10
1.39166e-10
1.41202e-10
1.42488e-10
1.4307e-10
1.43091e-10
1.42587e-10
1.41631e-10
1.40297e-10
1.38654e-10
1.36765e-10
1.34686e-10
1.32463e-10
1.30138e-10
1.27741e-10
1.25298e-10
1.22825e-10
1.20332e-10
1.17826e-10
1.15306e-10
1.12767e-10
1.10202e-10
1.076e-10
1.04951e-10
1.02242e-10
9.94586e-11
9.65901e-11
9.36254e-11
9.05559e-11
8.73756e-11
8.40818e-11
8.06751e-11
7.71601e-11
7.3545e-11
6.98412e-11
6.60635e-11
6.22288e-11
5.83558e-11
5.4464e-11
5.05729e-11
4.67009e-11
4.28651e-11
3.90809e-11
3.53623e-11
3.17216e-11
2.81711e-11
2.47229e-11
2.13904e-11
1.81885e-11
1.51341e-11
1.22463e-11
9.54606e-12
7.05769e-12
4.81036e-12
2.8454e-12
1.23437e-12
1.37331e-13
5.47744e-13
4.9233e-12
1.13089e-11
1.9002e-11
2.76241e-11
3.6905e-11
4.66205e-11
5.65701e-11
6.65686e-11
7.64431e-11
8.60332e-11
9.51928e-11
1.03792e-10
1.1172e-10
1.18888e-10
1.25231e-10
1.30708e-10
1.35301e-10
1.39016e-10
1.4188e-10
1.43937e-10
1.45236e-10
1.45824e-10
1.45847e-10
1.45342e-10
1.44385e-10
1.43052e-10
1.41412e-10
1.3953e-10
1.37462e-10
1.35257e-10
1.32954e-10
1.30585e-10
1.28176e-10
1.25741e-10
1.23292e-10
1.20831e-10
1.18359e-10
1.15868e-10
1.13349e-10
1.10791e-10
1.08179e-10
1.055e-10
1.02736e-10
9.98751e-11
9.69035e-11
9.38108e-11
9.05895e-11
8.72357e-11
8.37494e-11
8.01354e-11
7.64023e-11
7.25633e-11
6.86352e-11
6.46379e-11
6.05935e-11
5.6525e-11
5.24556e-11
4.84073e-11
4.44004e-11
4.04526e-11
3.65794e-11
3.2794e-11
2.91083e-11
2.55341e-11
2.20838e-11
1.87716e-11
1.56139e-11
1.26299e-11
9.84107e-12
7.27266e-12
4.95478e-12
2.92979e-12
1.27065e-12
1.41366e-13
5.59512e-13
5.0291e-12
1.15519e-11
1.941e-11
2.82158e-11
3.76918e-11
4.76072e-11
5.7756e-11
6.79476e-11
7.80052e-11
8.77651e-11
9.7079e-11
1.05816e-10
1.13864e-10
1.21135e-10
1.27565e-10
1.33112e-10
1.37763e-10
1.41523e-10
1.44422e-10
1.46506e-10
1.47827e-10
1.48434e-10
1.4847e-10
1.4798e-10
1.47039e-10
1.45723e-10
1.44105e-10
1.42249e-10
1.40211e-10
1.38042e-10
1.35781e-10
1.33459e-10
1.31102e-10
1.28724e-10
1.26335e-10
1.23938e-10
1.21529e-10
1.19103e-10
1.16646e-10
1.14146e-10
1.11586e-10
1.08949e-10
1.06217e-10
1.03375e-10
1.00405e-10
9.72973e-11
9.40407e-11
9.06303e-11
8.70653e-11
8.335e-11
7.94937e-11
7.5511e-11
7.1421e-11
6.72465e-11
6.30134e-11
5.87491e-11
5.44812e-11
5.02362e-11
4.60381e-11
4.1908e-11
3.78634e-11
3.39189e-11
3.00864e-11
2.63769e-11
2.28017e-11
1.93738e-11
1.61087e-11
1.3025e-11
1.01447e-11
7.49375e-12
5.10318e-12
3.0164e-12
1.30785e-12
1.45504e-13
5.70666e-13
5.12936e-12
1.17821e-11
1.97964e-11
2.87757e-11
3.84354e-11
4.85384e-11
5.88727e-11
6.92433e-11
7.94693e-11
8.93844e-11
9.88384e-11
1.07699e-10
1.15856e-10
1.23221e-10
1.29729e-10
1.35343e-10
1.40049e-10
1.43856e-10
1.46794e-10
1.48912e-10
1.50266e-10
1.50904e-10
1.50967e-10
1.50507e-10
1.49599e-10
1.4832e-10
1.46742e-10
1.44931e-10
1.42944e-10
1.4083e-10
1.38629e-10
1.36374e-10
1.34087e-10
1.31784e-10
1.29473e-10
1.27156e-10
1.24828e-10
1.22481e-10
1.20101e-10
1.17673e-10
1.15179e-10
1.12598e-10
1.09911e-10
1.07098e-10
1.04141e-10
1.01027e-10
9.77416e-11
9.42793e-11
9.06377e-11
8.68204e-11
8.2837e-11
7.87031e-11
7.444e-11
7.0074e-11
6.56347e-11
6.11546e-11
5.66664e-11
5.22018e-11
4.779e-11
4.34561e-11
3.92208e-11
3.51004e-11
3.11073e-11
2.72517e-11
2.35435e-11
1.99939e-11
1.66169e-11
1.34303e-11
1.04559e-11
7.72013e-12
5.25498e-12
3.1049e-12
1.34582e-12
1.49726e-13
5.81209e-13
5.22412e-12
1.19997e-11
2.01612e-11
2.93038e-11
3.91358e-11
4.94137e-11
5.99202e-11
7.04554e-11
8.0835e-11
9.08904e-11
1.0047e-10
1.09442e-10
1.17696e-10
1.25144e-10
1.31724e-10
1.374e-10
1.4216e-10
1.46016e-10
1.48998e-10
1.51158e-10
1.52556e-10
1.53239e-10
1.53344e-10
1.52931e-10
1.52074e-10
1.50851e-10
1.49333e-10
1.47587e-10
1.4567e-10
1.43632e-10
1.41512e-10
1.39341e-10
1.37143e-10
1.34932e-10
1.32716e-10
1.30494e-10
1.28262e-10
1.2601e-10
1.23722e-10
1.21381e-10
1.18965e-10
1.16453e-10
1.13823e-10
1.11051e-10
1.08119e-10
1.05007e-10
1.01701e-10
9.81932e-11
9.44787e-11
9.05603e-11
8.64473e-11
8.21563e-11
7.77105e-11
7.31391e-11
6.84764e-11
6.37599e-11
5.90282e-11
5.43196e-11
4.96692e-11
4.51074e-11
4.06592e-11
3.63433e-11
3.21734e-11
2.8159e-11
2.43084e-11
2.06304e-11
1.7137e-11
1.38443e-11
1.07733e-11
7.95073e-12
5.40943e-12
3.19484e-12
1.38437e-12
1.54013e-13
5.91153e-13
5.31349e-12
1.22048e-11
2.0505e-11
2.98008e-11
3.97936e-11
5.0234e-11
6.08989e-11
7.15844e-11
8.21029e-11
9.2284e-11
1.01976e-10
1.11046e-10
1.19385e-10
1.26907e-10
1.33553e-10
1.39288e-10
1.44102e-10
1.48008e-10
1.51042e-10
1.53252e-10
1.54705e-10
1.5545e-10
1.55611e-10
1.55264e-10
1.54477e-10
1.53329e-10
1.51892e-10
1.50231e-10
1.48405e-10
1.46461e-10
1.4444e-10
1.42373e-10
1.40281e-10
1.38179e-10
1.36073e-10
1.33962e-10
1.31841e-10
1.29698e-10
1.27515e-10
1.25272e-10
1.22949e-10
1.20518e-10
1.17956e-10
1.15238e-10
1.1234e-10
1.09241e-10
1.05925e-10
1.02378e-10
9.85962e-11
9.45795e-11
9.03367e-11
8.58846e-11
8.1248e-11
7.64592e-11
7.15566e-11
6.65833e-11
6.15847e-11
5.66062e-11
5.16901e-11
4.68737e-11
4.21874e-11
3.76537e-11
3.3288e-11
2.91e-11
2.50959e-11
2.12819e-11
1.7667e-11
1.42648e-11
1.10952e-11
8.18428e-12
5.56565e-12
3.28569e-12
1.42327e-12
1.58338e-13
6.00524e-13
5.39769e-12
1.2398e-11
2.08283e-11
3.02675e-11
4.04102e-11
5.10006e-11
6.18107e-11
7.26322e-11
8.32751e-11
9.35674e-11
1.03357e-10
1.12512e-10
1.20926e-10
1.28515e-10
1.35221e-10
1.41011e-10
1.4588e-10
1.49842e-10
1.52933e-10
1.55205e-10
1.56725e-10
1.57547e-10
1.57782e-10
1.57518e-10
1.56822e-10
1.55769e-10
1.54433e-10
1.52878e-10
1.51162e-10
1.49333e-10
1.4743e-10
1.45483e-10
1.43514e-10
1.41536e-10
1.39555e-10
1.3757e-10
1.35573e-10
1.3355e-10
1.31484e-10
1.29353e-10
1.27132e-10
1.24794e-10
1.22312e-10
1.19658e-10
1.16805e-10
1.1373e-10
1.10412e-10
1.06836e-10
1.02993e-10
9.88831e-11
9.45124e-11
8.98978e-11
8.50648e-11
8.00485e-11
7.48912e-11
6.9642e-11
6.43532e-11
5.90782e-11
5.3868e-11
4.8768e-11
4.38156e-11
3.90386e-11
3.44555e-11
3.00762e-11
2.59057e-11
2.19468e-11
1.82047e-11
1.46899e-11
1.14196e-11
8.41927e-12
5.72259e-12
3.37682e-12
1.46223e-12
1.62669e-13
6.09355e-13
5.47703e-12
1.25799e-11
2.11325e-11
3.07057e-11
4.09874e-11
5.17159e-11
6.26581e-11
7.36019e-11
8.4355e-11
9.47444e-11
1.04619e-10
1.13848e-10
1.22326e-10
1.29974e-10
1.36735e-10
1.4258e-10
1.47505e-10
1.51527e-10
1.54684e-10
1.57029e-10
1.5863e-10
1.59546e-10
1.59872e-10
1.59712e-10
1.59125e-10
1.58189e-10
1.56975e-10
1.55546e-10
1.53961e-10
1.52265e-10
1.50497e-10
1.48688e-10
1.46857e-10
1.45018e-10
1.43175e-10
1.41327e-10
1.39465e-10
1.37573e-10
1.35634e-10
1.33624e-10
1.31515e-10
1.2928e-10
1.26887e-10
1.24307e-10
1.2151e-10
1.18468e-10
1.15158e-10
1.11562e-10
1.07667e-10
1.0347e-10
9.89761e-11
9.42e-11
8.91681e-11
8.39171e-11
7.84931e-11
7.29506e-11
6.73495e-11
6.17519e-11
5.62183e-11
5.08039e-11
4.5555e-11
4.05064e-11
3.56809e-11
3.10902e-11
2.6738e-11
2.26237e-11
1.87481e-11
1.5117e-11
1.17444e-11
8.65397e-12
5.87903e-12
3.4675e-12
1.50095e-12
1.66973e-13
6.17694e-13
5.55193e-12
1.27514e-11
2.14189e-11
3.11174e-11
4.15281e-11
5.23833e-11
6.34451e-11
7.44979e-11
8.53476e-11
9.58209e-11
1.05767e-10
1.15059e-10
1.23593e-10
1.31293e-10
1.38106e-10
1.44005e-10
1.4899e-10
1.53079e-10
1.56311e-10
1.58742e-10
1.60438e-10
1.61466e-10
1.61903e-10
1.61865e-10
1.61409e-10
1.6061e-10
1.59539e-10
1.58257e-10
1.56821e-10
1.55276e-10
1.53661e-10
1.52005e-10
1.50327e-10
1.48639e-10
1.46946e-10
1.45245e-10
1.43527e-10
1.41775e-10
1.39971e-10
1.38088e-10
1.36099e-10
1.33973e-10
1.31678e-10
1.29179e-10
1.26446e-10
1.23447e-10
1.20155e-10
1.16547e-10
1.1261e-10
1.08334e-10
1.03723e-10
9.87891e-11
9.35588e-11
8.80693e-11
8.23699e-11
7.652e-11
7.05868e-11
6.46416e-11
5.87557e-11
5.29953e-11
4.74174e-11
4.2066e-11
3.69703e-11
3.21451e-11
2.75934e-11
2.33114e-11
1.92948e-11
1.55436e-11
1.20673e-11
8.88643e-12
6.0336e-12
3.55691e-12
1.53905e-12
1.71207e-13
6.25603e-13
5.62294e-12
1.29139e-11
2.16896e-11
3.15055e-11
4.20358e-11
5.30071e-11
6.41767e-11
7.53261e-11
8.62595e-11
9.68043e-11
1.06811e-10
1.16156e-10
1.24739e-10
1.32486e-10
1.39348e-10
1.45304e-10
1.50352e-10
1.54516e-10
1.57835e-10
1.60365e-10
1.62172e-10
1.6333e-10
1.63903e-10
1.64004e-10
1.637e-10
1.63059e-10
1.62151e-10
1.61035e-10
1.59767e-10
1.58392e-10
1.56945e-10
1.55456e-10
1.53943e-10
1.52418e-10
1.50884e-10
1.49338e-10
1.4777e-10
1.46164e-10
1.44498e-10
1.42748e-10
1.40883e-10
1.38871e-10
1.36677e-10
1.34265e-10
1.31602e-10
1.28652e-10
1.25386e-10
1.21776e-10
1.17805e-10
1.13459e-10
1.08739e-10
1.03655e-10
9.823e-11
9.25023e-11
8.65227e-11
8.03551e-11
7.40734e-11
6.77584e-11
6.14926e-11
5.53548e-11
4.94146e-11
4.37273e-11
3.83307e-11
3.32446e-11
2.8473e-11
2.4009e-11
1.98425e-11
1.59669e-11
1.23854e-11
9.11448e-12
6.18474e-12
3.64411e-12
1.57614e-12
1.75327e-13
6.33154e-13
5.69071e-12
1.30688e-11
2.19471e-11
3.18734e-11
4.2515e-11
5.35927e-11
6.48593e-11
7.60936e-11
8.70992e-11
9.77042e-11
1.07762e-10
1.17151e-10
1.25776e-10
1.33568e-10
1.4048e-10
1.46495e-10
1.51614e-10
1.55863e-10
1.59281e-10
1.61926e-10
1.63862e-10
1.65164e-10
1.659e-10
1.66159e-10
1.66028e-10
1.65566e-10
1.64841e-10
1.63911e-10
1.6283e-10
1.61639e-10
1.60376e-10
1.59066e-10
1.57729e-10
1.56375e-10
1.55007e-10
1.53621e-10
1.52207e-10
1.50749e-10
1.49225e-10
1.47607e-10
1.45866e-10
1.43968e-10
1.41876e-10
1.39554e-10
1.36963e-10
1.34067e-10
1.30832e-10
1.27227e-10
1.2323e-10
1.18824e-10
1.14005e-10
1.08778e-10
1.03166e-10
9.72042e-11
9.09444e-11
8.44536e-11
7.78118e-11
7.11086e-11
6.44383e-11
5.78932e-11
5.15573e-11
4.54997e-11
3.97693e-11
3.43934e-11
2.93785e-11
2.47157e-11
2.0389e-11
1.63839e-11
1.26959e-11
9.33568e-12
6.3307e-12
3.72804e-12
1.61174e-12
1.79282e-13
6.40437e-13
5.75604e-12
1.32178e-11
2.21944e-11
3.22252e-11
4.2971e-11
5.41466e-11
6.55006e-11
7.68095e-11
8.78767e-11
9.85321e-11
1.08632e-10
1.1806e-10
1.26723e-10
1.34558e-10
1.41523e-10
1.47602e-10
1.52802e-10
1.57147e-10
1.60679e-10
1.63455e-10
1.6554e-10
1.67005e-10
1.67924e-10
1.68367e-10
1.68428e-10
1.68167e-10
1.67645e-10
1.6692e-10
1.66041e-10
1.65051e-10
1.63983e-10
1.62864e-10
1.61711e-10
1.60535e-10
1.59337e-10
1.58114e-10
1.56855e-10
1.55544e-10
1.54157e-10
1.5267e-10
1.51049e-10
1.49262e-10
1.47269e-10
1.45033e-10
1.42514e-10
1.39672e-10
1.36469e-10
1.32874e-10
1.28857e-10
1.24399e-10
1.1949e-10
1.14132e-10
1.08342e-10
1.02153e-10
9.5618e-11
8.8804e-11
8.17959e-11
7.46916e-11
6.75965e-11
6.06174e-11
5.38541e-11
4.73916e-11
4.12931e-11
3.55959e-11
3.03118e-11
2.54312e-11
2.09322e-11
1.67917e-11
1.29958e-11
9.54739e-12
6.46957e-12
3.80753e-12
1.64535e-12
1.83014e-13
6.47553e-13
5.81984e-12
1.33632e-11
2.24348e-11
3.25659e-11
4.34101e-11
5.46764e-11
6.61095e-11
7.74841e-11
8.86041e-11
9.93019e-11
1.09438e-10
1.18899e-10
1.276e-10
1.3548e-10
1.42502e-10
1.48655e-10
1.53945e-10
1.58401e-10
1.62065e-10
1.64991e-10
1.67244e-10
1.68894e-10
1.70013e-10
1.70671e-10
1.70942e-10
1.70901e-10
1.70602e-10
1.70099e-10
1.69439e-10
1.68663e-10
1.67803e-10
1.66883e-10
1.65921e-10
1.64925e-10
1.63899e-10
1.62838e-10
1.61731e-10
1.60561e-10
1.59307e-10
1.57941e-10
1.56433e-10
1.54748e-10
1.52846e-10
1.50689e-10
1.48235e-10
1.45442e-10
1.42271e-10
1.38685e-10
1.34652e-10
1.30148e-10
1.25157e-10
1.19677e-10
1.13721e-10
1.07317e-10
1.00516e-10
9.33841e-11
8.601e-11
7.8498e-11
7.0964e-11
6.3529e-11
5.63099e-11
4.94095e-11
4.29082e-11
3.68569e-11
3.12752e-11
2.61552e-11
2.147e-11
1.71871e-11
1.32815e-11
9.74671e-12
6.59922e-12
3.88131e-12
1.6764e-12
1.86461e-13
6.5462e-13
5.88315e-12
1.35072e-11
2.26722e-11
3.29008e-11
4.38393e-11
5.51908e-11
6.66962e-11
7.81293e-11
8.92951e-11
1.00029e-10
1.10197e-10
1.19691e-10
1.2843e-10
1.3636e-10
1.43448e-10
1.49684e-10
1.5508e-10
1.59664e-10
1.63477e-10
1.66575e-10
1.69018e-10
1.70875e-10
1.72216e-10
1.73108e-10
1.73619e-10
1.73815e-10
1.73757e-10
1.73492e-10
1.73065e-10
1.72515e-10
1.71871e-10
1.71157e-10
1.70389e-10
1.69576e-10
1.68719e-10
1.67815e-10
1.66853e-10
1.65817e-10
1.64684e-10
1.63428e-10
1.62019e-10
1.60422e-10
1.58598e-10
1.56506e-10
1.54105e-10
1.51352e-10
1.48205e-10
1.44623e-10
1.40573e-10
1.36025e-10
1.30959e-10
1.25368e-10
1.19257e-10
1.12652e-10
1.05598e-10
9.81596e-11
9.04267e-11
8.25079e-11
7.45283e-11
6.66222e-11
5.8924e-11
5.15562e-11
4.46189e-11
3.818e-11
3.22708e-11
2.68876e-11
2.20002e-11
1.75668e-11
1.35497e-11
9.93053e-12
6.71735e-12
3.94797e-12
1.70429e-12
1.89553e-13
6.61764e-13
5.94711e-12
1.36524e-11
2.29109e-11
3.32361e-11
4.42665e-11
5.56994e-11
6.72722e-11
7.87583e-11
8.9965e-11
1.00732e-10
1.1093e-10
1.20458e-10
1.29241e-10
1.37228e-10
1.44393e-10
1.50728e-10
1.56247e-10
1.60977e-10
1.64962e-10
1.68253e-10
1.7091e-10
1.72998e-10
1.74582e-10
1.75729e-10
1.76501e-10
1.76959e-10
1.77155e-10
1.77144e-10
1.76963e-10
1.76648e-10
1.76227e-10
1.75723e-10
1.7515e-10
1.74516e-10
1.73824e-10
1.73069e-10
1.72241e-10
1.71324e-10
1.70298e-10
1.69135e-10
1.67807e-10
1.66279e-10
1.64512e-10
1.62468e-10
1.60102e-10
1.57372e-10
1.54235e-10
1.50649e-10
1.46575e-10
1.41981e-10
1.36843e-10
1.31147e-10
1.24894e-10
1.18102e-10
1.10811e-10
1.03083e-10
9.50055e-11
8.6689e-11
7.82657e-11
6.98819e-11
6.16887e-11
5.38294e-11
4.64261e-11
3.95674e-11
3.33e-11
2.76282e-11
2.25209e-11
1.79275e-11
1.37966e-11
1.00955e-11
6.82147e-12
4.00596e-12
1.72833e-12
1.92218e-13
6.69123e-13
6.01296e-12
1.38016e-11
2.31555e-11
3.35782e-11
4.47e-11
5.62122e-11
6.78495e-11
7.93855e-11
9.06306e-11
1.0143e-10
1.1166e-10
1.21226e-10
1.3006e-10
1.38117e-10
1.45373e-10
1.51825e-10
1.57486e-10
1.62386e-10
1.66565e-10
1.70074e-10
1.72969e-10
1.75312e-10
1.77163e-10
1.78585e-10
1.79636e-10
1.80373e-10
1.80845e-10
1.81098e-10
1.81172e-10
1.81099e-10
1.80906e-10
1.80612e-10
1.80232e-10
1.79772e-10
1.79236e-10
1.78618e-10
1.7791e-10
1.77095e-10
1.76154e-10
1.75063e-10
1.73792e-10
1.72308e-10
1.70574e-10
1.68551e-10
1.66197e-10
1.63469e-10
1.60322e-10
1.56714e-10
1.52604e-10
1.47958e-10
1.42746e-10
1.36949e-10
1.30563e-10
1.236e-10
1.16091e-10
1.08094e-10
9.9692e-11
9.09953e-11
8.21398e-11
7.32815e-11
6.45868e-11
5.62197e-11
4.8326e-11
4.10182e-11
3.43628e-11
2.83762e-11
2.303e-11
1.82659e-11
1.40184e-11
1.02381e-11
6.90892e-12
4.05366e-12
1.74781e-12
1.94371e-13
6.76838e-13
6.08196e-12
1.39578e-11
2.34107e-11
3.39338e-11
4.51484e-11
5.674e-11
6.84408e-11
8.00255e-11
9.13088e-11
1.02142e-10
1.12409e-10
1.22022e-10
1.3092e-10
1.39061e-10
1.46426e-10
1.53016e-10
1.58843e-10
1.63936e-10
1.68335e-10
1.72087e-10
1.75244e-10
1.77865e-10
1.80006e-10
1.81723e-10
1.83072e-10
1.84103e-10
1.84863e-10
1.85393e-10
1.8573e-10
1.85903e-10
1.85937e-10
1.85851e-10
1.85657e-10
1.85362e-10
1.84969e-10
1.84472e-10
1.83864e-10
1.83129e-10
1.8225e-10
1.81203e-10
1.79961e-10
1.78491e-10
1.7676e-10
1.74728e-10
1.72355e-10
1.69599e-10
1.66417e-10
1.62764e-10
1.58601e-10
1.53889e-10
1.48596e-10
1.42699e-10
1.36187e-10
1.29065e-10
1.21359e-10
1.13117e-10
1.04417e-10
9.53657e-11
8.60997e-11
7.67812e-11
6.75898e-11
5.87087e-11
5.03085e-11
4.25277e-11
3.5457e-11
2.913e-11
2.35248e-11
1.85784e-11
1.42109e-11
1.03547e-11
6.97692e-12
4.08929e-12
1.76192e-12
1.95923e-13
6.85051e-13
6.15537e-12
1.41237e-11
2.36813e-11
3.43094e-11
4.56201e-11
5.72928e-11
6.9058e-11
8.06925e-11
9.20166e-11
1.02889e-10
1.13201e-10
1.22873e-10
1.31848e-10
1.40092e-10
1.47589e-10
1.54339e-10
1.60357e-10
1.65669e-10
1.70313e-10
1.74333e-10
1.77778e-10
1.80699e-10
1.8315e-10
1.85181e-10
1.86843e-10
1.88182e-10
1.89239e-10
1.90053e-10
1.90656e-10
1.91075e-10
1.91334e-10
1.91448e-10
1.9143e-10
1.91287e-10
1.91019e-10
1.90624e-10
1.90093e-10
1.89413e-10
1.88566e-10
1.87532e-10
1.86285e-10
1.84796e-10
1.83031e-10
1.80954e-10
1.78528e-10
1.75711e-10
1.72461e-10
1.68736e-10
1.64495e-10
1.59698e-10
1.54312e-10
1.4831e-10
1.41676e-10
1.34408e-10
1.26523e-10
1.18063e-10
1.09096e-10
9.97235e-11
9.00787e-11
8.03266e-11
7.06559e-11
6.12673e-11
5.23549e-11
4.40854e-11
3.65773e-11
2.98864e-11
2.40025e-11
1.88613e-11
1.43701e-11
1.04413e-11
7.02088e-12
4.10949e-12
1.7692e-12
1.96722e-13
6.93887e-13
6.23433e-12
1.4302e-11
2.39713e-11
3.47108e-11
4.61225e-11
5.78797e-11
6.97117e-11
8.1399e-11
9.27685e-11
1.03687e-10
1.14055e-10
1.238e-10
1.32872e-10
1.4124e-10
1.48891e-10
1.55827e-10
1.62061e-10
1.67619e-10
1.72534e-10
1.76846e-10
1.806e-10
1.83842e-10
1.8662e-10
1.88979e-10
1.90966e-10
1.9262e-10
1.9398e-10
1.9508e-10
1.95948e-10
1.9661e-10
1.97085e-10
1.97389e-10
1.97533e-10
1.97522e-10
1.9736e-10
1.97042e-10
1.9656e-10
1.95904e-10
1.95058e-10
1.94002e-10
1.92714e-10
1.91166e-10
1.89328e-10
1.87167e-10
1.84648e-10
1.81731e-10
1.78378e-10
1.74548e-10
1.702e-10
1.65296e-10
1.59801e-10
1.53685e-10
1.46929e-10
1.39523e-10
1.31479e-10
1.22828e-10
1.1363e-10
1.03976e-10
9.39939e-11
8.38468e-11
7.37286e-11
6.38531e-11
5.44365e-11
4.56736e-11
3.77136e-11
3.06396e-11
2.44589e-11
1.91106e-11
1.44917e-11
1.04904e-11
7.03775e-12
4.11414e-12
1.76982e-12
1.96774e-13
7.03447e-13
6.31971e-12
1.44946e-11
2.42841e-11
3.51425e-11
4.66609e-11
5.85067e-11
7.04091e-11
8.21534e-11
9.35745e-11
1.04549e-10
1.14985e-10
1.2482e-10
1.34007e-10
1.42522e-10
1.50352e-10
1.57499e-10
1.63974e-10
1.69801e-10
1.75009e-10
1.79634e-10
1.83715e-10
1.87293e-10
1.90411e-10
1.93109e-10
1.95426e-10
1.97399e-10
1.99061e-10
2.00443e-10
2.01569e-10
2.02463e-10
2.03141e-10
2.03619e-10
2.03904e-10
2.04005e-10
2.03922e-10
2.03654e-10
2.03191e-10
2.02526e-10
2.01644e-10
2.00529e-10
1.99159e-10
1.97512e-10
1.9556e-10
1.93273e-10
1.90619e-10
1.87562e-10
1.84068e-10
1.80097e-10
1.75611e-10
1.70574e-10
1.6495e-10
1.58709e-10
1.51828e-10
1.44293e-10
1.36107e-10
1.27294e-10
1.17903e-10
1.08014e-10
9.77453e-11
8.72541e-11
7.67346e-11
6.64092e-11
5.65122e-11
4.72652e-11
3.88497e-11
3.13806e-11
2.48884e-11
1.93217e-11
1.45697e-11
1.05035e-11
7.02832e-12
4.10174e-12
1.76271e-12
1.95962e-13
7.13784e-13
6.41201e-12
1.47027e-11
2.46212e-11
3.56062e-11
4.7237e-11
5.91754e-11
7.11517e-11
8.29573e-11
9.44366e-11
1.05476e-10
1.15995e-10
1.25935e-10
1.35259e-10
1.43941e-10
1.51971e-10
1.5935e-10
1.66088e-10
1.72204e-10
1.77722e-10
1.82674e-10
1.87094e-10
1.91017e-10
1.9448e-10
1.97517e-10
2.00164e-10
2.02451e-10
2.04407e-10
2.0606e-10
2.07431e-10
2.08539e-10
2.09401e-10
2.1003e-10
2.10433e-10
2.10616e-10
2.10583e-10
2.10335e-10
2.09857e-10
2.09146e-10
2.0819e-10
2.06976e-10
2.05486e-10
2.03698e-10
2.01589e-10
1.99134e-10
1.96304e-10
1.93069e-10
1.89394e-10
1.85248e-10
1.80594e-10
1.75397e-10
1.69625e-10
1.63247e-10
1.56237e-10
1.4858e-10
1.40272e-10
1.31327e-10
1.21784e-10
1.11711e-10
1.01215e-10
9.04432e-11
7.95836e-11
6.88626e-11
5.8527e-11
4.88224e-11
3.9962e-11
3.20955e-11
2.52833e-11
1.94902e-11
1.45999e-11
1.04758e-11
6.9867e-12
4.06932e-12
1.7468e-12
1.94169e-13
7.24878e-13
6.511e-12
1.49255e-11
2.49814e-11
3.60996e-11
4.7847e-11
5.98802e-11
7.19317e-11
8.3801e-11
9.53433e-11
1.06456e-10
1.17068e-10
1.27129e-10
1.36603e-10
1.4547e-10
1.53718e-10
1.61345e-10
1.68359e-10
1.74775e-10
1.80612e-10
1.85897e-10
1.90657e-10
1.94924e-10
1.98726e-10
2.02094e-10
2.05058e-10
2.07645e-10
2.09878e-10
2.11781e-10
2.13374e-10
2.14673e-10
2.15692e-10
2.16442e-10
2.16932e-10
2.17167e-10
2.17149e-10
2.16887e-10
2.16357e-10
2.15563e-10
2.14496e-10
2.13144e-10
2.11493e-10
2.09525e-10
2.07221e-10
2.0456e-10
2.01516e-10
1.98064e-10
1.94177e-10
1.89823e-10
1.84974e-10
1.79596e-10
1.7366e-10
1.67135e-10
1.59997e-10
1.52227e-10
1.43816e-10
1.34773e-10
1.25124e-10
1.14926e-10
1.0427e-10
9.32911e-11
8.21676e-11
7.11229e-11
6.04105e-11
5.02943e-11
4.1017e-11
3.27645e-11
2.56326e-11
1.96091e-11
1.45839e-11
1.04024e-11
6.9099e-12
4.01493e-12
1.72118e-12
1.91294e-13
7.36599e-13
6.61551e-12
1.51604e-11
2.53596e-11
3.66144e-11
4.84786e-11
6.06043e-11
7.27279e-11
8.46587e-11
9.6264e-11
1.07453e-10
1.18164e-10
1.28352e-10
1.37987e-10
1.47046e-10
1.55518e-10
1.63398e-10
1.70691e-10
1.77405e-10
1.83557e-10
1.89167e-10
1.94256e-10
1.9885e-10
2.02974e-10
2.06652e-10
2.09909e-10
2.12767e-10
2.15249e-10
2.17371e-10
2.19153e-10
2.20608e-10
2.21749e-10
2.22585e-10
2.23125e-10
2.23374e-10
2.23337e-10
2.23023e-10
2.22404e-10
2.2149e-10
2.20275e-10
2.18749e-10
2.16901e-10
2.14719e-10
2.12186e-10
2.09286e-10
2.05998e-10
2.02303e-10
1.98176e-10
1.93594e-10
1.88531e-10
1.82958e-10
1.76849e-10
1.70177e-10
1.62917e-10
1.5505e-10
1.46564e-10
1.37459e-10
1.27756e-10
1.17496e-10
1.06758e-10
9.56577e-11
8.43603e-11
7.30827e-11
6.2076e-11
5.16159e-11
4.19706e-11
3.33606e-11
2.59206e-11
1.96621e-11
1.45088e-11
1.02788e-11
6.7949e-12
3.93665e-12
1.685e-12
1.87243e-13
7.48665e-13
6.72297e-12
1.54013e-11
2.57448e-11
3.71336e-11
4.91076e-11
6.13154e-11
7.34993e-11
8.54805e-11
9.714e-11
1.08399e-10
1.19204e-10
1.29516e-10
1.39306e-10
1.48552e-10
1.57241e-10
1.65364e-10
1.7292e-10
1.79916e-10
1.8636e-10
1.92269e-10
1.97658e-10
2.02547e-10
2.06956e-10
2.10905e-10
2.14415e-10
2.17504e-10
2.20189e-10
2.22488e-10
2.24414e-10
2.25981e-10
2.27199e-10
2.28079e-10
2.28626e-10
2.28847e-10
2.28753e-10
2.28347e-10
2.27603e-10
2.26535e-10
2.25139e-10
2.23408e-10
2.21336e-10
2.18913e-10
2.16128e-10
2.12968e-10
2.09419e-10
2.05464e-10
2.01086e-10
1.96264e-10
1.90976e-10
1.85199e-10
1.78911e-10
1.7209e-10
1.64716e-10
1.56771e-10
1.48241e-10
1.39124e-10
1.2943e-10
1.19193e-10
1.08474e-10
9.73698e-11
8.6018e-11
7.46172e-11
6.342e-11
5.27073e-11
4.27659e-11
3.38478e-11
2.6124e-11
1.96566e-11
1.43744e-11
1.01024e-11
6.63924e-12
3.83282e-12
1.63749e-12
1.8193e-13
7.60583e-13
6.82889e-12
1.56375e-11
2.61185e-11
3.76284e-11
4.96931e-11
6.19594e-11
7.41782e-11
8.61851e-11
9.78757e-11
1.09183e-10
1.20062e-10
1.30477e-10
1.404e-10
1.49808e-10
1.58685e-10
1.67018e-10
1.74802e-10
1.82038e-10
1.88731e-10
1.94889e-10
2.00527e-10
2.05656e-10
2.10294e-10
2.14457e-10
2.1816e-10
2.21419e-10
2.24249e-10
2.26665e-10
2.28678e-10
2.30301e-10
2.31544e-10
2.32416e-10
2.32923e-10
2.33072e-10
2.32885e-10
2.32346e-10
2.31444e-10
2.30192e-10
2.2859e-10
2.26634e-10
2.2432e-10
2.21644e-10
2.18598e-10
2.15174e-10
2.11362e-10
2.0715e-10
2.02525e-10
1.97469e-10
1.91972e-10
1.86016e-10
1.79584e-10
1.72656e-10
1.65214e-10
1.5724e-10
1.48718e-10
1.39641e-10
1.30011e-10
1.19852e-10
1.09211e-10
9.81747e-11
8.68856e-11
7.55103e-11
6.42714e-11
5.34398e-11
4.33092e-11
3.41585e-11
2.62077e-11
1.95655e-11
1.41723e-11
9.86963e-12
6.44064e-12
3.70195e-12
1.57799e-12
1.75281e-13
7.7159e-13
6.92631e-12
1.58525e-11
2.64513e-11
3.80538e-11
5.01723e-11
6.24541e-11
7.46625e-11
8.66503e-11
9.83286e-11
1.09641e-10
1.20551e-10
1.31025e-10
1.41034e-10
1.50555e-10
1.59564e-10
1.68048e-10
1.75996e-10
1.83403e-10
1.90271e-10
1.96604e-10
2.02411e-10
2.07701e-10
2.12486e-10
2.1678e-10
2.20595e-10
2.23945e-10
2.26843e-10
2.29302e-10
2.31332e-10
2.32945e-10
2.3415e-10
2.34957e-10
2.35373e-10
2.35407e-10
2.35092e-10
2.34383e-10
2.33296e-10
2.31841e-10
2.30019e-10
2.2783e-10
2.25275e-10
2.2235e-10
2.19054e-10
2.15382e-10
2.11331e-10
2.06892e-10
2.02055e-10
1.9681e-10
1.9115e-10
1.85065e-10
1.78541e-10
1.71563e-10
1.64115e-10
1.56181e-10
1.47747e-10
1.38801e-10
1.29342e-10
1.19383e-10
1.08958e-10
9.81325e-11
8.70106e-11
7.57515e-11
6.45698e-11
5.37305e-11
4.35309e-11
3.42649e-11
2.61707e-11
1.93808e-11
1.38969e-11
9.57767e-12
6.19735e-12
3.54292e-12
1.50598e-12
1.67239e-13
7.80574e-13
7.00509e-12
1.60223e-11
2.67007e-11
3.83448e-11
5.04545e-11
6.26815e-11
7.48072e-11
8.67051e-11
9.83054e-11
1.09563e-10
1.2044e-10
1.30901e-10
1.40918e-10
1.50462e-10
1.5951e-10
1.68043e-10
1.76054e-10
1.83529e-10
1.90466e-10
1.96865e-10
2.02731e-10
2.08071e-10
2.12895e-10
2.17213e-10
2.21037e-10
2.24379e-10
2.2725e-10
2.29663e-10
2.31628e-10
2.33155e-10
2.34257e-10
2.34943e-10
2.35226e-10
2.35123e-10
2.34646e-10
2.33754e-10
2.32477e-10
2.30821e-10
2.28787e-10
2.2638e-10
2.23602e-10
2.20455e-10
2.16938e-10
2.13053e-10
2.08798e-10
2.04171e-10
1.99172e-10
1.938e-10
1.88047e-10
1.81906e-10
1.75368e-10
1.68421e-10
1.61053e-10
1.5325e-10
1.44997e-10
1.36283e-10
1.27101e-10
1.17457e-10
1.07372e-10
9.68955e-11
8.6113e-11
7.51579e-11
6.42188e-11
5.35396e-11
4.3407e-11
3.41219e-11
2.59521e-11
1.90765e-11
1.35379e-11
9.22321e-12
5.90819e-12
3.35508e-12
1.42114e-12
1.57771e-13
7.86002e-13
7.05117e-12
1.61132e-11
2.68069e-11
3.84105e-11
5.0422e-11
6.25141e-11
7.44821e-11
8.6215e-11
9.76531e-11
1.08759e-10
1.19503e-10
1.29853e-10
1.39775e-10
1.49238e-10
1.58215e-10
1.66683e-10
1.74624e-10
1.82028e-10
1.88891e-10
1.95213e-10
2.00997e-10
2.06249e-10
2.10977e-10
2.15191e-10
2.18903e-10
2.22123e-10
2.24863e-10
2.27134e-10
2.28948e-10
2.30314e-10
2.31245e-10
2.31749e-10
2.31835e-10
2.31547e-10
2.30848e-10
2.2974e-10
2.28248e-10
2.26376e-10
2.2413e-10
2.21518e-10
2.18544e-10
2.15215e-10
2.11533e-10
2.07504e-10
2.03129e-10
1.98411e-10
1.93353e-10
1.87953e-10
1.8221e-10
1.7612e-10
1.69677e-10
1.62874e-10
1.55699e-10
1.48142e-10
1.4019e-10
1.31829e-10
1.23051e-10
1.13854e-10
1.0425e-10
9.42735e-11
8.39897e-11
7.35074e-11
6.29875e-11
5.26476e-11
4.2756e-11
3.36099e-11
2.54936e-11
1.86217e-11
1.30826e-11
8.80292e-12
5.57277e-12
3.13845e-12
1.3235e-12
1.46877e-13
7.85876e-13
7.0463e-12
1.60839e-11
2.6705e-11
3.81662e-11
4.99591e-11
6.17664e-11
7.34179e-11
8.48253e-11
9.59464e-11
1.06753e-10
1.17213e-10
1.27293e-10
1.36955e-10
1.46164e-10
1.54889e-10
1.63106e-10
1.70796e-10
1.77949e-10
1.8456e-10
1.90627e-10
1.96156e-10
2.01152e-10
2.05623e-10
2.09581e-10
2.13036e-10
2.16e-10
2.18485e-10
2.20504e-10
2.22067e-10
2.23188e-10
2.23876e-10
2.24141e-10
2.24017e-10
2.23515e-10
2.22594e-10
2.21291e-10
2.19617e-10
2.17581e-10
2.15192e-10
2.12456e-10
2.09381e-10
2.05971e-10
2.02235e-10
1.98177e-10
1.93804e-10
1.8912e-10
1.84128e-10
1.78832e-10
1.73233e-10
1.6733e-10
1.6112e-10
1.54598e-10
1.47756e-10
1.40586e-10
1.33074e-10
1.25209e-10
1.16979e-10
1.08378e-10
9.9409e-11
9.00937e-11
8.0479e-11
7.06498e-11
6.07384e-11
5.09324e-11
4.14741e-11
3.26454e-11
2.47343e-11
1.79808e-11
1.25157e-11
8.3132e-12
5.19174e-12
2.89386e-12
1.21342e-12
1.34602e-13
7.77829e-13
6.96932e-12
1.58811e-11
2.62882e-11
3.74256e-11
4.8794e-11
6.01134e-11
7.125e-11
8.21474e-11
9.27727e-11
1.03093e-10
1.13071e-10
1.22669e-10
1.31846e-10
1.40567e-10
1.48803e-10
1.56531e-10
1.63735e-10
1.70407e-10
1.76544e-10
1.82149e-10
1.87226e-10
1.91784e-10
1.95833e-10
1.99385e-10
2.02452e-10
2.05046e-10
2.07182e-10
2.0887e-10
2.10125e-10
2.10957e-10
2.11379e-10
2.11405e-10
2.11091e-10
2.1038e-10
2.09292e-10
2.0785e-10
2.06065e-10
2.03945e-10
2.015e-10
1.98738e-10
1.95667e-10
1.92295e-10
1.8863e-10
1.84678e-10
1.80447e-10
1.75942e-10
1.71168e-10
1.66131e-10
1.60832e-10
1.55274e-10
1.49454e-10
1.43372e-10
1.3702e-10
1.30391e-10
1.23475e-10
1.16259e-10
1.08731e-10
1.00882e-10
9.27087e-11
8.42209e-11
7.54498e-11
6.64576e-11
5.73487e-11
4.82783e-11
3.94568e-11
3.11408e-11
2.36083e-11
1.7112e-11
1.18177e-11
7.74896e-12
4.76624e-12
2.62306e-12
1.09175e-12
1.2104e-13
7.57528e-13
6.77943e-12
1.54064e-11
2.53897e-11
3.59639e-11
4.66748e-11
5.72873e-11
6.77004e-11
7.78729e-11
8.77724e-11
9.73614e-11
1.066e-10
1.15449e-10
1.23869e-10
1.3183e-10
1.39307e-10
1.46285e-10
1.52753e-10
1.58708e-10
1.64152e-10
1.69091e-10
1.73532e-10
1.77487e-10
1.80968e-10
1.83988e-10
1.8656e-10
1.88698e-10
1.90415e-10
1.91724e-10
1.92638e-10
1.93168e-10
1.93326e-10
1.93157e-10
1.92654e-10
1.91791e-10
1.90604e-10
1.89101e-10
1.87294e-10
1.85193e-10
1.82805e-10
1.80141e-10
1.77207e-10
1.74013e-10
1.70566e-10
1.66873e-10
1.6294e-10
1.58776e-10
1.54384e-10
1.4977e-10
1.44938e-10
1.3989e-10
1.34626e-10
1.29145e-10
1.23443e-10
1.17513e-10
1.11347e-10
1.04933e-10
9.82594e-11
9.13143e-11
8.40904e-11
7.65892e-11
6.88281e-11
6.08495e-11
5.27305e-11
4.45939e-11
3.66138e-11
2.90134e-11
2.20484e-11
1.59689e-11
1.09643e-11
7.10336e-12
4.29775e-12
2.3288e-12
9.59873e-13
1.06345e-13
7.20615e-13
6.43688e-12
1.45688e-11
2.38698e-11
3.36067e-11
4.33841e-11
5.30207e-11
6.24448e-11
7.16168e-11
8.0499e-11
8.90536e-11
9.72423e-11
1.0503e-10
1.12389e-10
1.19296e-10
1.2574e-10
1.31711e-10
1.37209e-10
1.42237e-10
1.46801e-10
1.5091e-10
1.54576e-10
1.57812e-10
1.6063e-10
1.63044e-10
1.65068e-10
1.66714e-10
1.67997e-10
1.68928e-10
1.69518e-10
1.69776e-10
1.69729e-10
1.69419e-10
1.68786e-10
1.67867e-10
1.66674e-10
1.65216e-10
1.63503e-10
1.61542e-10
1.59343e-10
1.56913e-10
1.54259e-10
1.5139e-10
1.48311e-10
1.4503e-10
1.41553e-10
1.37885e-10
1.34033e-10
1.3e-10
1.2579e-10
1.21406e-10
1.16848e-10
1.12117e-10
1.07209e-10
1.02119e-10
9.68393e-11
9.1361e-11
8.56724e-11
7.97618e-11
7.36193e-11
6.72405e-11
6.06324e-11
5.38202e-11
4.68571e-11
3.98337e-11
3.28865e-11
2.61993e-11
1.99943e-11
1.45045e-11
9.92736e-12
6.36676e-12
3.78742e-12
2.0146e-12
8.19795e-13
9.07401e-14
6.62509e-13
5.90022e-12
1.32731e-11
2.15771e-11
3.01542e-11
3.8688e-11
4.70463e-11
5.51681e-11
6.3011e-11
7.054e-11
7.77245e-11
8.45377e-11
9.09593e-11
9.69758e-11
1.0258e-10
1.07768e-10
1.12544e-10
1.16912e-10
1.20881e-10
1.24459e-10
1.27659e-10
1.30492e-10
1.32971e-10
1.35108e-10
1.36916e-10
1.38406e-10
1.39592e-10
1.40483e-10
1.41091e-10
1.41422e-10
1.41484e-10
1.41332e-10
1.40939e-10
1.40294e-10
1.39423e-10
1.38334e-10
1.37036e-10
1.35535e-10
1.33839e-10
1.31954e-10
1.29886e-10
1.27642e-10
1.25228e-10
1.2265e-10
1.19912e-10
1.1702e-10
1.13979e-10
1.10793e-10
1.07466e-10
1.04001e-10
1.004e-10
9.66646e-11
9.27943e-11
8.87873e-11
8.46399e-11
8.03461e-11
7.58983e-11
7.12868e-11
6.65008e-11
6.15301e-11
5.63673e-11
5.10122e-11
4.5477e-11
3.97944e-11
3.40261e-11
2.82713e-11
2.26714e-11
1.74067e-11
1.26794e-11
8.67763e-12
5.52559e-12
3.23471e-12
1.68456e-12
6.74194e-13
7.45234e-14
5.77955e-13
5.12321e-12
1.14217e-11
1.8379e-11
2.54579e-11
3.24244e-11
3.91753e-11
4.5657e-11
5.18381e-11
5.76997e-11
6.32294e-11
6.84203e-11
7.327e-11
7.77796e-11
8.19529e-11
8.57955e-11
8.93146e-11
9.25185e-11
9.54164e-11
9.8018e-11
1.00333e-10
1.02372e-10
1.04145e-10
1.05662e-10
1.06933e-10
1.07967e-10
1.08773e-10
1.0936e-10
1.09735e-10
1.09902e-10
1.09874e-10
1.09696e-10
1.0932e-10
1.08764e-10
1.08041e-10
1.07156e-10
1.06116e-10
1.04925e-10
1.03589e-10
1.02112e-10
1.005e-10
9.87566e-11
9.68865e-11
9.4894e-11
9.27831e-11
9.05574e-11
8.82205e-11
8.57757e-11
8.32258e-11
8.05732e-11
7.78199e-11
7.49667e-11
7.20137e-11
6.89598e-11
6.58024e-11
6.25375e-11
5.91592e-11
5.56601e-11
5.20316e-11
4.82648e-11
4.43516e-11
4.02882e-11
3.60782e-11
3.17389e-11
2.73077e-11
2.28501e-11
1.84652e-11
1.42871e-11
1.04757e-11
7.19327e-12
4.56566e-12
2.63743e-12
1.34293e-12
5.26332e-13
5.80543e-14
4.62811e-13
4.07287e-12
8.96185e-12
1.42363e-11
1.95065e-11
2.46052e-11
2.94596e-11
3.40434e-11
3.83517e-11
4.23885e-11
4.61611e-11
4.96779e-11
5.29468e-11
5.59757e-11
5.87717e-11
6.13418e-11
6.36928e-11
6.58314e-11
6.77643e-11
6.94982e-11
7.10398e-11
7.23958e-11
7.3573e-11
7.45778e-11
7.54166e-11
7.60957e-11
7.66208e-11
7.69973e-11
7.72295e-11
7.73185e-11
7.72819e-11
7.71415e-11
7.68614e-11
7.64618e-11
7.5948e-11
7.5324e-11
7.45937e-11
7.37604e-11
7.28276e-11
7.17987e-11
7.06766e-11
6.94646e-11
6.81654e-11
6.67818e-11
6.53166e-11
6.37723e-11
6.21511e-11
6.04552e-11
5.86867e-11
5.68473e-11
5.49383e-11
5.29607e-11
5.09145e-11
4.87992e-11
4.66133e-11
4.43542e-11
4.20182e-11
3.96003e-11
3.70945e-11
3.44939e-11
3.17922e-11
2.89846e-11
2.60705e-11
2.30572e-11
1.99644e-11
1.68299e-11
1.37152e-11
1.07082e-11
7.92065e-12
5.47513e-12
3.47955e-12
1.99241e-12
9.9291e-13
3.79551e-13
4.17182e-14
3.1828e-13
2.76483e-12
5.96959e-12
9.3266e-12
1.25963e-11
1.56849e-11
1.85705e-11
2.12588e-11
2.37632e-11
2.60979e-11
2.82747e-11
3.03031e-11
3.21904e-11
3.39422e-11
3.55629e-11
3.70564e-11
3.84262e-11
3.96755e-11
4.08077e-11
4.1826e-11
4.27337e-11
4.35344e-11
4.42314e-11
4.48282e-11
4.53282e-11
4.57347e-11
4.60509e-11
4.62796e-11
4.64233e-11
4.64821e-11
4.64658e-11
4.63908e-11
4.62326e-11
4.60016e-11
4.57031e-11
4.53393e-11
4.49121e-11
4.44235e-11
4.38755e-11
4.327e-11
4.26088e-11
4.18935e-11
4.11261e-11
4.03079e-11
3.94406e-11
3.85255e-11
3.75641e-11
3.65575e-11
3.55072e-11
3.44142e-11
3.32793e-11
3.21033e-11
3.08864e-11
2.96282e-11
2.83282e-11
2.69849e-11
2.55964e-11
2.41598e-11
2.26716e-11
2.11277e-11
1.95241e-11
1.78571e-11
1.61251e-11
1.43302e-11
1.24812e-11
1.05965e-11
8.70798e-12
6.86379e-12
5.12844e-12
3.57782e-12
2.28612e-12
1.30454e-12
6.38215e-13
2.37399e-13
2.59781e-14
1.58925e-13
1.33347e-12
2.80067e-12
4.28448e-12
5.69323e-12
7.00466e-12
8.22234e-12
9.35561e-12
1.04134e-11
1.14028e-11
1.2329e-11
1.31956e-11
1.40052e-11
1.47596e-11
1.54601e-11
1.6108e-11
1.67042e-11
1.72498e-11
1.77458e-11
1.81934e-11
1.85939e-11
1.89484e-11
1.92583e-11
1.9525e-11
1.97498e-11
1.9934e-11
2.00791e-11
2.01861e-11
2.0256e-11
2.02892e-11
2.02874e-11
2.02624e-11
2.02019e-11
2.01075e-11
1.99837e-11
1.98315e-11
1.96514e-11
1.94444e-11
1.92114e-11
1.8953e-11
1.86701e-11
1.83635e-11
1.80338e-11
1.76818e-11
1.73081e-11
1.69128e-11
1.64969e-11
1.6061e-11
1.56058e-11
1.51318e-11
1.46395e-11
1.41291e-11
1.36008e-11
1.30545e-11
1.24901e-11
1.19069e-11
1.13043e-11
1.0681e-11
1.00356e-11
9.36634e-12
8.67142e-12
7.94914e-12
7.19848e-12
6.41981e-12
5.61603e-12
4.79387e-12
3.96554e-12
3.15013e-12
2.37415e-12
1.67037e-12
1.07339e-12
6.11185e-13
2.93742e-13
1.05567e-13
1.17377e-14
3.39714e-14
1.60621e-13
3.2377e-13
4.85951e-13
6.3934e-13
7.82116e-13
9.15011e-13
1.03917e-12
1.15551e-12
1.2647e-12
1.3672e-12
1.46334e-12
1.55334e-12
1.63734e-12
1.71545e-12
1.78779e-12
1.85445e-12
1.91552e-12
1.97111e-12
2.02133e-12
2.06633e-12
2.10622e-12
2.14115e-12
2.17127e-12
2.19672e-12
2.21765e-12
2.23421e-12
2.24653e-12
2.25471e-12
2.2588e-12
2.25889e-12
2.25647e-12
2.25015e-12
2.23995e-12
2.22648e-12
2.20983e-12
2.19007e-12
2.16731e-12
2.14163e-12
2.11312e-12
2.08187e-12
2.04796e-12
2.01148e-12
1.9725e-12
1.93113e-12
1.88748e-12
1.84154e-12
1.79337e-12
1.74304e-12
1.69061e-12
1.63613e-12
1.57963e-12
1.52113e-12
1.46063e-12
1.39811e-12
1.3335e-12
1.26674e-12
1.19769e-12
1.12619e-12
1.05206e-12
9.75099e-13
8.95108e-13
8.11969e-13
7.25705e-13
6.36604e-13
5.45365e-13
4.53269e-13
3.62341e-13
2.7542e-13
1.96049e-13
1.28034e-13
7.45635e-14
3.7016e-14
1.41294e-14
2.79613e-15
)
;

boundaryField
{
    movingWall
    {
        type            kqRWallFunction;
        value           nonuniform List<scalar> 
75
(
3.39714e-14
1.60621e-13
3.2377e-13
4.85951e-13
6.3934e-13
7.82116e-13
9.15011e-13
1.03917e-12
1.15551e-12
1.2647e-12
1.3672e-12
1.46334e-12
1.55334e-12
1.63734e-12
1.71545e-12
1.78779e-12
1.85445e-12
1.91552e-12
1.97111e-12
2.02133e-12
2.06633e-12
2.10622e-12
2.14115e-12
2.17127e-12
2.19672e-12
2.21765e-12
2.23421e-12
2.24653e-12
2.25471e-12
2.2588e-12
2.25889e-12
2.25647e-12
2.25015e-12
2.23995e-12
2.22648e-12
2.20983e-12
2.19007e-12
2.16731e-12
2.14163e-12
2.11312e-12
2.08187e-12
2.04796e-12
2.01148e-12
1.9725e-12
1.93113e-12
1.88748e-12
1.84154e-12
1.79337e-12
1.74304e-12
1.69061e-12
1.63613e-12
1.57963e-12
1.52113e-12
1.46063e-12
1.39811e-12
1.3335e-12
1.26674e-12
1.19769e-12
1.12619e-12
1.05206e-12
9.75099e-13
8.95108e-13
8.11969e-13
7.25705e-13
6.36604e-13
5.45365e-13
4.53269e-13
3.62341e-13
2.7542e-13
1.96049e-13
1.28034e-13
7.45635e-14
3.7016e-14
1.41294e-14
2.79613e-15
)
;
    }
    fixedWalls
    {
        type            kqRWallFunction;
        value           nonuniform List<scalar> 
225
(
1.19557e-15
5.97368e-15
1.30691e-14
2.16142e-14
3.1249e-14
4.17816e-14
5.30899e-14
6.50882e-14
7.77113e-14
9.09074e-14
1.04633e-13
1.18848e-13
1.3352e-13
1.48612e-13
1.64093e-13
1.7993e-13
1.96088e-13
2.12533e-13
2.29227e-13
2.46135e-13
2.63214e-13
2.80424e-13
2.97722e-13
3.15062e-13
3.32398e-13
3.49682e-13
3.66864e-13
3.83894e-13
4.00724e-13
4.17302e-13
4.33579e-13
4.49507e-13
4.6504e-13
4.80134e-13
4.94748e-13
5.08845e-13
5.22394e-13
5.35367e-13
5.47744e-13
5.59512e-13
5.70666e-13
5.81209e-13
5.91153e-13
6.00524e-13
6.09355e-13
6.17694e-13
6.25603e-13
6.33154e-13
6.40437e-13
6.47553e-13
6.5462e-13
6.61764e-13
6.69123e-13
6.76838e-13
6.85051e-13
6.93887e-13
7.03447e-13
7.13784e-13
7.24878e-13
7.36599e-13
7.48665e-13
7.60583e-13
7.7159e-13
7.80574e-13
7.86002e-13
7.85876e-13
7.77829e-13
7.57528e-13
7.20615e-13
6.62509e-13
5.77955e-13
4.62811e-13
3.1828e-13
1.58925e-13
3.39714e-14
5.02507e-16
2.50927e-15
5.47599e-15
9.01714e-15
1.29557e-14
1.71826e-14
2.16171e-14
2.61937e-14
3.08568e-14
3.55583e-14
4.02561e-14
4.49136e-14
4.94994e-14
5.39872e-14
5.83556e-14
6.25884e-14
6.66742e-14
7.06069e-14
7.43852e-14
7.80123e-14
8.14964e-14
8.48496e-14
8.80875e-14
9.12292e-14
9.42962e-14
9.73118e-14
1.003e-13
1.03287e-13
1.06295e-13
1.09349e-13
1.1247e-13
1.15675e-13
1.18982e-13
1.22403e-13
1.25945e-13
1.29615e-13
1.33411e-13
1.37331e-13
1.41366e-13
1.45504e-13
1.49726e-13
1.54013e-13
1.58338e-13
1.62669e-13
1.66973e-13
1.71207e-13
1.75327e-13
1.79282e-13
1.83014e-13
1.86461e-13
1.89553e-13
1.92218e-13
1.94371e-13
1.95923e-13
1.96722e-13
1.96774e-13
1.95962e-13
1.94169e-13
1.91294e-13
1.87243e-13
1.8193e-13
1.75281e-13
1.67239e-13
1.57771e-13
1.46877e-13
1.34602e-13
1.2104e-13
1.06345e-13
9.07401e-14
7.45234e-14
5.80543e-14
4.17182e-14
2.59781e-14
1.17377e-14
2.79613e-15
1.19557e-15
5.96919e-15
1.30195e-14
2.14191e-14
3.07345e-14
4.06914e-14
5.10815e-14
6.17317e-14
7.24913e-14
8.32267e-14
9.38181e-14
1.04159e-13
1.14154e-13
1.23721e-13
1.3279e-13
1.41302e-13
1.49212e-13
1.56484e-13
1.63098e-13
1.6904e-13
1.7431e-13
1.78913e-13
1.82866e-13
1.86189e-13
1.88908e-13
1.91054e-13
1.92659e-13
1.93755e-13
1.94374e-13
1.94551e-13
1.94318e-13
1.93702e-13
1.92725e-13
1.9141e-13
1.89776e-13
1.87838e-13
1.85609e-13
1.831e-13
1.80319e-13
1.77273e-13
1.73967e-13
1.70406e-13
1.66595e-13
1.62539e-13
1.58242e-13
1.53713e-13
1.48958e-13
1.43988e-13
1.38813e-13
1.33446e-13
1.27902e-13
1.22199e-13
1.16355e-13
1.1039e-13
1.04325e-13
9.81827e-14
9.19874e-14
8.57629e-14
7.95334e-14
7.33234e-14
6.7157e-14
6.10582e-14
5.50503e-14
4.91563e-14
4.33989e-14
3.78009e-14
3.23858e-14
2.71783e-14
2.2206e-14
1.75016e-14
1.31056e-14
9.07356e-15
5.49021e-15
2.51055e-15
5.02507e-16
)
;
    }
    frontAndBack
    {
        type            empty;
    }
}


// ************************************************************************* //
