/*--------------------------------*- C++ -*----------------------------------*\
  =========                 |
  \\      /  F ield         | OpenFOAM: The Open Source CFD Toolbox
   \\    /   O peration     | Website:  https://openfoam.org
    \\  /    A nd           | Version:  12
     \\/     M anipulation  |
\*---------------------------------------------------------------------------*/
FoamFile
{
    format      ascii;
    class       volScalarField;
    location    "3";
    object      nut;
}
// * * * * * * * * * * * * * * * * * * * * * * * * * * * * * * * * * * * * * //

dimensions      [0 2 -1 0 0 0 0];

internalField   nonuniform List<scalar> 
5625
(
2.32339e-20
1.16001e-19
2.53011e-19
4.16243e-19
5.97272e-19
7.90767e-19
9.92682e-19
1.19965e-18
1.40874e-18
1.61737e-18
1.82319e-18
2.02414e-18
2.21838e-18
2.4043e-18
2.58054e-18
2.74596e-18
2.89967e-18
3.041e-18
3.16953e-18
3.285e-18
3.38741e-18
3.47687e-18
3.55368e-18
3.61826e-18
3.67111e-18
3.71281e-18
3.744e-18
3.7653e-18
3.77732e-18
3.78077e-18
3.77625e-18
3.76426e-18
3.74528e-18
3.71973e-18
3.68797e-18
3.65031e-18
3.607e-18
3.55823e-18
3.50419e-18
3.445e-18
3.38075e-18
3.31155e-18
3.23749e-18
3.15866e-18
3.07517e-18
2.98715e-18
2.89475e-18
2.79816e-18
2.69759e-18
2.59329e-18
2.48557e-18
2.37474e-18
2.26116e-18
2.14523e-18
2.02737e-18
1.90801e-18
1.78762e-18
1.66666e-18
1.5456e-18
1.42492e-18
1.30508e-18
1.18656e-18
1.06981e-18
9.55269e-19
8.43384e-19
7.34597e-19
6.29363e-19
5.28164e-19
4.31537e-19
3.40114e-19
2.54685e-19
1.76329e-19
1.06693e-19
4.87883e-20
9.76537e-21
1.16088e-19
1.06132e-17
3.58698e-17
6.59191e-17
9.83851e-17
1.32575e-16
1.67961e-16
2.04055e-16
2.40405e-16
2.76592e-16
3.12234e-16
3.46986e-16
3.80539e-16
4.12622e-16
4.43007e-16
4.715e-16
4.97954e-16
5.22256e-16
5.44334e-16
5.64152e-16
5.81708e-16
5.97029e-16
6.10169e-16
6.21201e-16
6.30216e-16
6.37318e-16
6.42616e-16
6.46222e-16
6.48238e-16
6.48794e-16
6.47992e-16
6.45918e-16
6.42653e-16
6.3827e-16
6.32831e-16
6.26385e-16
6.18976e-16
6.10634e-16
6.01379e-16
5.91238e-16
5.80231e-16
5.68373e-16
5.55678e-16
5.42162e-16
5.27842e-16
5.12738e-16
4.96878e-16
4.8029e-16
4.63013e-16
4.45091e-16
4.26572e-16
4.07513e-16
3.87978e-16
3.68032e-16
3.4775e-16
3.27208e-16
3.06484e-16
2.8566e-16
2.64818e-16
2.4404e-16
2.23406e-16
2.02997e-16
1.82889e-16
1.63157e-16
1.43876e-16
1.25117e-16
1.06953e-16
8.94566e-17
7.27071e-17
5.67882e-17
4.17948e-17
2.78363e-17
1.50938e-17
4.46036e-18
4.87634e-20
2.53976e-19
3.59302e-17
1.81556e-16
4.06774e-16
6.65655e-16
9.39488e-16
1.22098e-15
1.506e-15
1.79126e-15
2.07386e-15
2.3511e-15
2.62054e-15
2.87995e-15
3.12739e-15
3.36119e-15
3.57997e-15
3.78265e-15
3.96847e-15
4.13692e-15
4.28779e-15
4.42114e-15
4.53724e-15
4.63654e-15
4.71967e-15
4.78738e-15
4.84049e-15
4.8799e-15
4.90649e-15
4.92103e-15
4.92461e-15
4.91799e-15
4.90182e-15
4.87673e-15
4.84327e-15
4.8019e-15
4.753e-15
4.69687e-15
4.63374e-15
4.56377e-15
4.48712e-15
4.40389e-15
4.31419e-15
4.2181e-15
4.11571e-15
4.00713e-15
3.89251e-15
3.77204e-15
3.64592e-15
3.51445e-15
3.37795e-15
3.2368e-15
3.09143e-15
2.94232e-15
2.79001e-15
2.63505e-15
2.47803e-15
2.31958e-15
2.16031e-15
2.00087e-15
1.84188e-15
1.68395e-15
1.52767e-15
1.37363e-15
1.22235e-15
1.07435e-15
9.3011e-16
7.90078e-16
6.54686e-16
5.24361e-16
3.99591e-16
2.81161e-16
1.71109e-16
7.62508e-17
1.5078e-17
1.06417e-19
4.20034e-19
6.63094e-17
4.07814e-16
1.07773e-15
1.95976e-15
2.94686e-15
3.98046e-15
5.0305e-15
6.07929e-15
7.11435e-15
8.12564e-15
9.10456e-15
1.00436e-14
1.09361e-14
1.17767e-14
1.25609e-14
1.32852e-14
1.39472e-14
1.45456e-14
1.508e-14
1.55508e-14
1.59594e-14
1.63077e-14
1.65981e-14
1.68337e-14
1.70176e-14
1.71531e-14
1.72436e-14
1.72918e-14
1.73019e-14
1.72765e-14
1.7218e-14
1.71287e-14
1.70104e-14
1.68648e-14
1.6693e-14
1.64963e-14
1.62752e-14
1.60302e-14
1.57619e-14
1.54705e-14
1.51562e-14
1.48192e-14
1.44597e-14
1.40781e-14
1.36749e-14
1.32505e-14
1.28057e-14
1.23415e-14
1.18591e-14
1.13597e-14
1.0845e-14
1.03166e-14
9.77648e-15
9.22662e-15
8.66918e-15
8.10637e-15
7.54046e-15
6.97368e-15
6.40825e-15
5.84632e-15
5.28993e-15
4.74097e-15
4.20123e-15
3.6723e-15
3.15566e-15
2.65269e-15
2.16485e-15
1.69412e-15
1.24415e-15
8.23345e-16
4.51815e-16
1.70838e-16
2.77282e-17
1.75233e-19
6.07271e-19
9.96568e-17
6.70892e-16
1.96765e-15
3.90113e-15
6.24312e-15
8.80172e-15
1.14535e-14
1.41233e-14
1.67631e-14
1.93396e-14
2.18274e-14
2.42065e-14
2.64603e-14
2.85757e-14
3.05422e-14
3.23524e-14
3.40013e-14
3.54865e-14
3.68081e-14
3.79683e-14
3.89713e-14
3.98228e-14
4.05299e-14
4.11005e-14
4.15432e-14
4.18667e-14
4.20798e-14
4.21894e-14
4.22071e-14
4.21389e-14
4.19906e-14
4.1768e-14
4.14758e-14
4.11177e-14
4.06969e-14
4.02157e-14
3.96756e-14
3.90778e-14
3.84231e-14
3.77118e-14
3.69443e-14
3.61209e-14
3.52418e-14
3.43078e-14
3.33197e-14
3.22788e-14
3.1187e-14
3.00463e-14
2.88598e-14
2.76306e-14
2.63625e-14
2.506e-14
2.37278e-14
2.23708e-14
2.09945e-14
1.96044e-14
1.82061e-14
1.6805e-14
1.54066e-14
1.40161e-14
1.26384e-14
1.12778e-14
9.93851e-15
8.62444e-15
7.3393e-15
6.08727e-15
4.87429e-15
3.71056e-15
2.61595e-15
1.6297e-15
8.21191e-16
2.79714e-16
4.1433e-17
2.51773e-19
8.11954e-19
1.35574e-16
9.54825e-16
2.97914e-15
6.2811e-15
1.05835e-14
1.55243e-14
2.08038e-14
2.62116e-14
3.16055e-14
3.68888e-14
4.19933e-14
4.68689e-14
5.14779e-14
5.57917e-14
5.97896e-14
6.34574e-14
6.67866e-14
6.97746e-14
7.24234e-14
7.47396e-14
7.67335e-14
7.84187e-14
7.98109e-14
8.09278e-14
8.17879e-14
8.241e-14
8.28126e-14
8.30098e-14
8.30273e-14
8.28756e-14
8.25673e-14
8.21138e-14
8.15246e-14
8.08073e-14
7.99676e-14
7.90101e-14
7.79376e-14
7.67521e-14
7.54546e-14
7.40457e-14
7.25255e-14
7.08943e-14
6.91525e-14
6.73011e-14
6.53418e-14
6.32768e-14
6.11097e-14
5.88447e-14
5.64876e-14
5.40447e-14
5.15239e-14
4.89338e-14
4.62838e-14
4.35841e-14
4.08453e-14
3.80784e-14
3.52945e-14
3.25044e-14
2.97189e-14
2.6948e-14
2.42012e-14
2.14874e-14
1.88151e-14
1.61928e-14
1.36304e-14
1.11408e-14
8.7441e-15
6.47542e-15
4.39595e-15
2.60489e-15
1.23496e-15
3.95223e-16
5.59224e-17
3.33916e-19
1.03171e-18
1.73833e-16
1.25501e-15
4.06508e-15
8.93615e-15
1.56585e-14
2.37431e-14
3.26733e-14
4.20215e-14
5.14716e-14
6.08002e-14
6.98474e-14
7.84991e-14
8.66735e-14
9.43124e-14
1.01375e-13
1.07837e-13
1.13683e-13
1.18912e-13
1.2353e-13
1.27551e-13
1.30998e-13
1.33896e-13
1.36277e-13
1.38174e-13
1.39621e-13
1.40654e-13
1.41305e-13
1.41602e-13
1.41592e-13
1.41291e-13
1.40723e-13
1.39908e-13
1.38862e-13
1.37598e-13
1.36127e-13
1.34456e-13
1.3259e-13
1.30531e-13
1.28282e-13
1.25842e-13
1.23213e-13
1.20394e-13
1.17385e-13
1.14189e-13
1.10807e-13
1.07245e-13
1.03507e-13
9.96021e-14
9.55391e-14
9.13296e-14
8.6987e-14
8.2526e-14
7.7963e-14
7.33155e-14
6.86017e-14
6.38402e-14
5.90499e-14
5.42493e-14
4.94566e-14
4.4689e-14
3.99632e-14
3.52955e-14
3.07019e-14
2.62004e-14
2.18138e-14
1.75752e-14
1.35364e-14
9.78028e-15
6.43388e-15
3.67027e-15
1.66939e-15
5.14496e-16
7.09976e-17
4.20091e-19
1.26488e-18
2.14249e-16
1.56984e-15
5.2062e-15
1.1774e-14
2.12336e-14
3.3053e-14
4.65136e-14
6.09281e-14
7.57308e-14
9.04888e-14
1.04886e-13
1.18697e-13
1.31761e-13
1.43967e-13
1.55237e-13
1.65525e-13
1.74808e-13
1.83084e-13
1.90366e-13
1.96682e-13
2.0207e-13
2.06575e-13
2.10252e-13
2.13157e-13
2.15349e-13
2.16885e-13
2.17817e-13
2.18199e-13
2.181e-13
2.17548e-13
2.16581e-13
2.15231e-13
2.13525e-13
2.11484e-13
2.09124e-13
2.06456e-13
2.03488e-13
2.00224e-13
1.96668e-13
1.92819e-13
1.8868e-13
1.84249e-13
1.79529e-13
1.74522e-13
1.69232e-13
1.63667e-13
1.57836e-13
1.5175e-13
1.45426e-13
1.38881e-13
1.32136e-13
1.25213e-13
1.18138e-13
1.10937e-13
1.03637e-13
9.62685e-14
8.88586e-14
8.14359e-14
7.4028e-14
6.66618e-14
5.93637e-14
5.21607e-14
4.50819e-14
3.81628e-14
3.145e-14
2.50115e-14
1.8949e-14
1.34128e-14
8.60839e-15
4.77642e-15
2.11266e-15
6.35982e-16
8.64769e-17
5.0903e-19
1.51018e-18
2.56659e-16
1.89844e-15
6.39465e-15
1.47486e-14
2.71635e-14
4.31503e-14
6.18379e-14
8.227e-14
1.03582e-13
1.25067e-13
1.46186e-13
1.66536e-13
1.85827e-13
2.03857e-13
2.20493e-13
2.35655e-13
2.49306e-13
2.6144e-13
2.72079e-13
2.81268e-13
2.89068e-13
2.95554e-13
3.00807e-13
3.04916e-13
3.0797e-13
3.10061e-13
3.1126e-13
3.11668e-13
3.1137e-13
3.10414e-13
3.08859e-13
3.06753e-13
3.04134e-13
3.01036e-13
2.97481e-13
2.93487e-13
2.89067e-13
2.84227e-13
2.78972e-13
2.73305e-13
2.67228e-13
2.60743e-13
2.53852e-13
2.46561e-13
2.38876e-13
2.30809e-13
2.22373e-13
2.13588e-13
2.04474e-13
1.95058e-13
1.85369e-13
1.7544e-13
1.65305e-13
1.55003e-13
1.44571e-13
1.3405e-13
1.2348e-13
1.129e-13
1.02348e-13
9.18644e-14
8.1488e-14
7.1261e-14
6.12316e-14
5.14605e-14
4.20295e-14
3.30551e-14
2.47035e-14
1.72027e-14
1.08363e-14
5.89404e-15
2.55809e-15
7.585e-16
1.02195e-16
5.99651e-19
1.76663e-18
3.00923e-16
2.24012e-15
7.62672e-15
1.78372e-14
3.33664e-14
5.38348e-14
7.82791e-14
1.05492e-13
1.34286e-13
1.63629e-13
1.9269e-13
2.20834e-13
2.47595e-13
2.72642e-13
2.95758e-13
3.16806e-13
3.35719e-13
3.52486e-13
3.67136e-13
3.79734e-13
3.90368e-13
3.99149e-13
4.06197e-13
4.11643e-13
4.15618e-13
4.18251e-13
4.19637e-13
4.1995e-13
4.19281e-13
4.17709e-13
4.15316e-13
4.12171e-13
4.0833e-13
4.0384e-13
3.98734e-13
3.9304e-13
3.86775e-13
3.79953e-13
3.72581e-13
3.64666e-13
3.56212e-13
3.47223e-13
3.37706e-13
3.27669e-13
3.17124e-13
3.06088e-13
2.94581e-13
2.82629e-13
2.70262e-13
2.57515e-13
2.44427e-13
2.3104e-13
2.17403e-13
2.03562e-13
1.89569e-13
1.75474e-13
1.6133e-13
1.47188e-13
1.33099e-13
1.19117e-13
1.05296e-13
9.1697e-14
7.83933e-14
6.54779e-14
5.30767e-14
4.13642e-14
3.05788e-14
2.10269e-14
1.30628e-14
7.00504e-15
3.00116e-15
8.81023e-16
1.18003e-16
6.91016e-19
2.03335e-18
3.46916e-16
2.59423e-15
8.90017e-15
2.10281e-14
3.9796e-14
6.49824e-14
9.55847e-14
1.30174e-13
1.67235e-13
2.05375e-13
2.43424e-13
2.8046e-13
3.15787e-13
3.48906e-13
3.7948e-13
4.07298e-13
4.32253e-13
4.54319e-13
4.73532e-13
4.89979e-13
5.03784e-13
5.15098e-13
5.24089e-13
5.30935e-13
5.35817e-13
5.38912e-13
5.40339e-13
5.40381e-13
5.39108e-13
5.36649e-13
5.33114e-13
5.28598e-13
5.23179e-13
5.16921e-13
5.09872e-13
5.0207e-13
4.93544e-13
4.84314e-13
4.74394e-13
4.63795e-13
4.52528e-13
4.40601e-13
4.28027e-13
4.14821e-13
4.00999e-13
3.86587e-13
3.71613e-13
3.56109e-13
3.40117e-13
3.23681e-13
3.0685e-13
2.89679e-13
2.72223e-13
2.54543e-13
2.36701e-13
2.18759e-13
2.0078e-13
1.82827e-13
1.64966e-13
1.47262e-13
1.29789e-13
1.12629e-13
9.58824e-14
7.96802e-14
6.41973e-14
4.96706e-14
3.64116e-14
2.48007e-14
1.5252e-14
8.09722e-15
3.43833e-15
1.00262e-15
1.33768e-16
7.82309e-19
2.30962e-18
3.94522e-16
2.96013e-15
1.02131e-14
2.43143e-14
4.64249e-14
7.65184e-14
1.13586e-13
1.56015e-13
2.01963e-13
2.49658e-13
2.97555e-13
3.44396e-13
3.89214e-13
4.313e-13
4.70168e-13
5.0551e-13
5.37162e-13
5.65077e-13
5.89296e-13
6.0993e-13
6.2714e-13
6.41127e-13
6.52112e-13
6.60331e-13
6.66024e-13
6.6941e-13
6.70659e-13
6.70179e-13
6.68003e-13
6.64322e-13
6.59285e-13
6.53015e-13
6.45617e-13
6.37176e-13
6.27759e-13
6.1742e-13
6.062e-13
5.94129e-13
5.81231e-13
5.67527e-13
5.53033e-13
5.37769e-13
5.21752e-13
5.05005e-13
4.87556e-13
4.69436e-13
4.50684e-13
4.31341e-13
4.11459e-13
3.91091e-13
3.70297e-13
3.4914e-13
3.27689e-13
3.06012e-13
2.84181e-13
2.62268e-13
2.40346e-13
2.18491e-13
1.96777e-13
1.75287e-13
1.5411e-13
1.3335e-13
1.13137e-13
9.36416e-14
7.50883e-14
5.77758e-14
4.20858e-14
2.84659e-14
1.7379e-14
9.16163e-15
3.86665e-15
1.12246e-15
1.49371e-16
8.7282e-19
2.59472e-18
4.43632e-16
3.33714e-15
1.15637e-14
2.76905e-14
5.32359e-14
8.8393e-14
1.32172e-13
1.82802e-13
2.38125e-13
2.95977e-13
3.54409e-13
4.11793e-13
4.66851e-13
5.1863e-13
5.66467e-13
6.09933e-13
6.48796e-13
6.82977e-13
7.1252e-13
7.37559e-13
7.583e-13
7.74996e-13
7.87932e-13
7.97408e-13
8.03731e-13
8.07142e-13
8.07961e-13
8.06628e-13
8.0319e-13
7.97903e-13
7.90957e-13
7.82511e-13
7.72701e-13
7.61638e-13
7.49414e-13
7.36099e-13
7.21752e-13
7.06417e-13
6.90133e-13
6.72929e-13
6.54836e-13
6.3588e-13
6.16091e-13
5.95502e-13
5.7415e-13
5.52076e-13
5.29328e-13
5.05959e-13
4.82028e-13
4.57599e-13
4.32741e-13
4.07525e-13
3.82029e-13
3.56328e-13
3.30503e-13
3.04634e-13
2.78802e-13
2.5309e-13
2.27585e-13
2.02379e-13
1.77579e-13
1.53309e-13
1.29729e-13
1.07044e-13
8.55289e-14
6.55394e-14
4.75206e-14
3.19821e-14
1.94262e-14
1.01914e-14
4.28363e-15
1.23981e-15
1.64711e-16
9.61937e-19
2.88802e-18
4.94141e-16
3.72459e-15
1.295e-14
3.11521e-14
6.02159e-14
1.00571e-13
1.51265e-13
2.10385e-13
2.75467e-13
3.43947e-13
4.13454e-13
4.8196e-13
5.47844e-13
6.09881e-13
6.67203e-13
7.19244e-13
7.65688e-13
8.06419e-13
8.41478e-13
8.71026e-13
8.95315e-13
9.14657e-13
9.29407e-13
9.39938e-13
9.46632e-13
9.49735e-13
9.49818e-13
9.47238e-13
9.42134e-13
9.34817e-13
9.25522e-13
9.14454e-13
9.01783e-13
8.87652e-13
8.72179e-13
8.55459e-13
8.3757e-13
8.18576e-13
7.9853e-13
7.77477e-13
7.55461e-13
7.3252e-13
7.08698e-13
6.84038e-13
6.58587e-13
6.32398e-13
6.05529e-13
5.78042e-13
5.50004e-13
5.21489e-13
4.92572e-13
4.63332e-13
4.33852e-13
4.04215e-13
3.74505e-13
3.44808e-13
3.1521e-13
2.85801e-13
2.56675e-13
2.27934e-13
1.99697e-13
1.72108e-13
1.4535e-13
1.19664e-13
9.5366e-14
7.28649e-14
5.26617e-14
3.53214e-14
2.13809e-14
1.11811e-14
4.68717e-15
1.35406e-15
1.797e-16
1.04915e-18
3.18887e-18
5.45942e-16
4.12174e-15
1.43698e-14
3.46939e-14
6.73533e-14
1.13023e-13
1.70809e-13
2.38648e-13
3.13794e-13
3.93271e-13
4.74269e-13
5.54339e-13
6.31492e-13
7.04206e-13
7.71387e-13
8.32314e-13
8.86577e-13
9.34014e-13
9.74665e-13
1.00872e-12
1.03647e-12
1.0583e-12
1.07465e-12
1.08596e-12
1.09269e-12
1.0951e-12
1.09409e-12
1.08983e-12
1.08262e-12
1.07283e-12
1.06073e-12
1.04658e-12
1.0306e-12
1.01296e-12
9.93816e-13
9.73286e-13
9.51473e-13
9.28462e-13
9.04326e-13
8.79127e-13
8.52923e-13
8.25771e-13
7.97723e-13
7.68837e-13
7.39171e-13
7.08788e-13
6.77756e-13
6.46145e-13
6.14031e-13
5.81492e-13
5.48611e-13
5.1547e-13
4.82157e-13
4.48757e-13
4.15358e-13
3.82048e-13
3.48915e-13
3.16051e-13
2.83556e-13
2.51538e-13
2.20125e-13
1.89477e-13
1.59797e-13
1.31353e-13
1.045e-13
7.96899e-14
5.74732e-14
3.8465e-14
2.3234e-14
1.21267e-14
5.07558e-15
1.46469e-15
1.9427e-16
1.13404e-18
3.49663e-18
5.98929e-16
4.52785e-15
1.58207e-14
3.83105e-14
7.46366e-14
1.25727e-13
1.90751e-13
2.67501e-13
3.52952e-13
4.43711e-13
5.36515e-13
6.28477e-13
7.17219e-13
8.00901e-13
8.78187e-13
9.48188e-13
1.01039e-12
1.06458e-12
1.11079e-12
1.14924e-12
1.18029e-12
1.20438e-12
1.22203e-12
1.23379e-12
1.24015e-12
1.24147e-12
1.23895e-12
1.23257e-12
1.2228e-12
1.21006e-12
1.1947e-12
1.17703e-12
1.1573e-12
1.13574e-12
1.11253e-12
1.08782e-12
1.06174e-12
1.03441e-12
1.00591e-12
9.76324e-13
9.45735e-13
9.14208e-13
8.81813e-13
8.48618e-13
8.14693e-13
7.80111e-13
7.44948e-13
7.0928e-13
6.7319e-13
6.36762e-13
6.00079e-13
5.63228e-13
5.26297e-13
4.89373e-13
4.52541e-13
4.1589e-13
3.79509e-13
3.43488e-13
3.07928e-13
2.72941e-13
2.38662e-13
2.05258e-13
1.72949e-13
1.42026e-13
1.12872e-13
8.59775e-14
6.19341e-14
4.14013e-14
2.49796e-14
1.30251e-14
5.44759e-15
1.57131e-15
2.08366e-16
1.2163e-18
3.81063e-18
6.52989e-16
4.9421e-15
1.72999e-14
4.19955e-14
8.20533e-14
1.38656e-13
2.11044e-13
2.96864e-13
3.9281e-13
4.95068e-13
5.9991e-13
7.03996e-13
8.04543e-13
8.99377e-13
9.86905e-13
1.06606e-12
1.13621e-12
1.1971e-12
1.24876e-12
1.29143e-12
1.32552e-12
1.35158e-12
1.37019e-12
1.38201e-12
1.38751e-12
1.38742e-12
1.38289e-12
1.37394e-12
1.36114e-12
1.345e-12
1.32594e-12
1.30432e-12
1.28044e-12
1.25457e-12
1.22694e-12
1.19773e-12
1.1671e-12
1.13519e-12
1.10212e-12
1.06798e-12
1.03286e-12
9.96869e-13
9.6007e-13
9.22549e-13
8.84386e-13
8.45662e-13
8.06459e-13
7.66861e-13
7.26952e-13
6.86819e-13
6.46547e-13
6.06223e-13
5.65932e-13
5.2576e-13
4.8579e-13
4.46106e-13
4.06794e-13
3.67943e-13
3.29651e-13
2.92029e-13
2.55214e-13
2.19379e-13
1.84754e-13
1.51645e-13
1.20457e-13
9.17117e-14
6.60346e-14
4.41246e-14
2.66142e-14
1.38746e-14
5.80236e-15
1.67367e-15
2.21952e-16
1.2957e-18
4.13021e-18
7.08008e-16
5.36365e-15
1.88047e-14
4.57422e-14
8.95894e-14
1.51785e-13
2.31644e-13
3.26664e-13
4.3325e-13
5.47165e-13
6.64208e-13
7.80571e-13
8.93052e-13
9.99129e-13
1.09694e-12
1.18524e-12
1.26328e-12
1.33074e-12
1.38765e-12
1.43428e-12
1.47113e-12
1.4988e-12
1.51798e-12
1.52944e-12
1.53362e-12
1.53174e-12
1.52472e-12
1.51273e-12
1.49646e-12
1.47649e-12
1.45331e-12
1.42733e-12
1.39894e-12
1.36843e-12
1.33607e-12
1.30209e-12
1.26669e-12
1.23001e-12
1.19221e-12
1.1534e-12
1.11369e-12
1.07319e-12
1.03199e-12
9.90187e-13
9.47861e-13
9.05103e-13
8.62001e-13
8.18641e-13
7.7511e-13
7.31493e-13
6.87875e-13
6.44341e-13
6.00972e-13
5.57849e-13
5.1505e-13
4.72655e-13
4.30743e-13
3.89397e-13
3.48711e-13
3.08793e-13
2.69777e-13
2.31838e-13
1.9521e-13
1.60209e-13
1.27255e-13
9.68925e-14
6.97746e-14
4.66341e-14
2.81371e-14
1.46744e-14
6.13949e-15
1.77162e-15
2.35007e-16
1.37213e-18
4.45464e-18
7.63865e-16
5.79158e-15
2.03319e-14
4.95428e-14
9.72295e-14
1.65088e-13
2.52502e-13
3.56829e-13
4.74157e-13
5.99842e-13
7.29188e-13
8.57912e-13
9.82382e-13
1.09972e-12
1.20779e-12
1.30515e-12
1.39093e-12
1.46477e-12
1.52668e-12
1.57698e-12
1.61623e-12
1.64513e-12
1.66449e-12
1.67513e-12
1.67753e-12
1.67345e-12
1.66349e-12
1.64802e-12
1.62785e-12
1.60364e-12
1.57596e-12
1.54528e-12
1.51205e-12
1.47661e-12
1.43929e-12
1.40034e-12
1.35998e-12
1.3184e-12
1.27578e-12
1.23225e-12
1.18794e-12
1.14296e-12
1.09741e-12
1.05141e-12
1.00504e-12
9.58401e-13
9.11575e-13
8.64653e-13
8.1772e-13
7.70861e-13
7.24157e-13
6.77687e-13
6.31528e-13
5.85754e-13
5.40437e-13
4.95647e-13
4.51458e-13
4.07945e-13
3.65194e-13
3.23307e-13
2.82414e-13
2.42687e-13
2.0436e-13
1.6775e-13
1.33289e-13
1.01534e-13
7.3162e-14
4.89338e-14
2.95498e-14
1.54249e-14
6.45902e-15
1.86515e-15
2.47528e-16
1.44555e-18
4.7832e-18
8.20434e-16
6.22494e-15
2.18781e-14
5.3389e-14
1.04957e-13
1.78533e-13
2.73569e-13
3.87279e-13
5.1542e-13
6.52941e-13
7.94642e-13
9.35753e-13
1.07221e-12
1.20076e-12
1.31899e-12
1.42527e-12
1.5186e-12
1.59857e-12
1.66519e-12
1.71883e-12
1.76012e-12
1.78986e-12
1.80898e-12
1.81826e-12
1.81855e-12
1.81182e-12
1.79849e-12
1.77912e-12
1.75466e-12
1.72585e-12
1.69333e-12
1.65766e-12
1.61932e-12
1.57874e-12
1.53625e-12
1.49218e-12
1.44676e-12
1.40022e-12
1.35275e-12
1.3045e-12
1.25561e-12
1.20622e-12
1.15644e-12
1.10637e-12
1.05611e-12
1.00577e-12
9.55414e-13
9.05148e-13
8.55048e-13
8.05196e-13
7.55667e-13
7.06534e-13
6.57866e-13
6.0973e-13
5.6219e-13
5.15307e-13
4.69145e-13
4.23771e-13
3.79262e-13
3.35712e-13
2.93244e-13
2.52022e-13
2.12276e-13
1.74323e-13
1.38596e-13
1.05661e-13
7.62121e-14
5.10316e-14
3.08559e-14
1.61276e-14
6.76141e-15
1.95436e-15
2.59526e-16
1.51604e-18
5.11511e-18
8.7758e-16
6.66271e-15
2.34396e-14
5.72717e-14
1.12753e-13
1.92088e-13
2.94794e-13
4.17933e-13
5.56927e-13
7.06309e-13
8.60369e-13
1.01385e-12
1.16222e-12
1.30189e-12
1.43015e-12
1.54515e-12
1.6458e-12
1.73162e-12
1.80263e-12
1.85925e-12
1.90219e-12
1.93237e-12
1.95081e-12
1.95825e-12
1.95618e-12
1.9463e-12
1.92922e-12
1.90557e-12
1.87648e-12
1.84276e-12
1.80512e-12
1.7642e-12
1.72056e-12
1.67465e-12
1.62688e-12
1.57759e-12
1.52707e-12
1.47555e-12
1.42325e-12
1.37033e-12
1.31697e-12
1.26328e-12
1.20939e-12
1.15542e-12
1.10145e-12
1.0476e-12
9.93933e-13
9.40547e-13
8.87517e-13
8.34917e-13
7.82815e-13
7.31278e-13
6.80366e-13
6.30137e-13
5.80645e-13
5.31942e-13
4.84083e-13
4.37124e-13
3.91134e-13
3.46195e-13
3.02421e-13
2.59968e-13
2.19058e-13
1.80002e-13
1.4323e-13
1.09309e-13
7.89459e-14
5.29393e-14
3.20611e-14
1.6785e-14
7.04753e-15
2.03948e-15
2.71029e-16
1.58375e-18
5.44957e-18
9.35165e-16
7.10381e-15
2.50127e-14
6.11812e-14
1.20597e-13
2.05719e-13
3.16119e-13
4.48707e-13
5.9856e-13
7.5979e-13
9.26173e-13
1.09195e-12
1.25214e-12
1.40278e-12
1.54088e-12
1.66439e-12
1.77208e-12
1.86345e-12
1.93852e-12
1.99776e-12
2.04198e-12
2.07218e-12
2.08954e-12
2.09471e-12
2.08996e-12
2.07654e-12
2.05533e-12
2.0271e-12
1.99307e-12
1.95417e-12
1.91119e-12
1.86485e-12
1.81575e-12
1.76442e-12
1.7113e-12
1.65678e-12
1.60115e-12
1.54469e-12
1.48763e-12
1.43016e-12
1.37243e-12
1.31459e-12
1.25677e-12
1.19907e-12
1.1416e-12
1.08444e-12
1.02768e-12
9.71399e-13
9.15667e-13
8.60551e-13
8.06113e-13
7.52408e-13
6.99491e-13
6.47408e-13
5.96204e-13
5.45922e-13
4.96605e-13
4.48302e-13
4.01068e-13
3.54977e-13
3.10132e-13
2.66678e-13
2.24826e-13
1.84877e-13
1.47253e-13
1.1252e-13
8.139e-14
5.46717e-14
3.31731e-14
1.74003e-14
7.3186e-15
2.12082e-15
2.82077e-16
1.64891e-18
5.78572e-18
9.93043e-16
7.54711e-15
2.65931e-14
6.51072e-14
1.2847e-13
2.19388e-13
3.37485e-13
4.79514e-13
6.40197e-13
8.13228e-13
9.91855e-13
1.16982e-12
1.3417e-12
1.50313e-12
1.65085e-12
1.78261e-12
1.89708e-12
1.99368e-12
2.07247e-12
2.13397e-12
2.17909e-12
2.20896e-12
2.22478e-12
2.22735e-12
2.21961e-12
2.20231e-12
2.17666e-12
2.14357e-12
2.10437e-12
2.06009e-12
2.01161e-12
1.95972e-12
1.90509e-12
1.84829e-12
1.78982e-12
1.73008e-12
1.66941e-12
1.60811e-12
1.54641e-12
1.48451e-12
1.42258e-12
1.36077e-12
1.29919e-12
1.23797e-12
1.17719e-12
1.11694e-12
1.0573e-12
9.98337e-13
9.40117e-13
8.82698e-13
8.26134e-13
7.70472e-13
7.15756e-13
6.62024e-13
6.09311e-13
5.57651e-13
5.07078e-13
4.57628e-13
4.09349e-13
3.62303e-13
3.16581e-13
2.72317e-13
2.29709e-13
1.89046e-13
1.50738e-13
1.15343e-13
8.35747e-14
5.62464e-14
3.4201e-14
1.79778e-14
7.57621e-15
2.19883e-15
2.92725e-16
1.71183e-18
6.12269e-18
1.05106e-15
7.99142e-15
2.81766e-14
6.90385e-14
1.36348e-13
2.33055e-13
3.58828e-13
5.1026e-13
6.81715e-13
8.6646e-13
1.05722e-12
1.24723e-12
1.43061e-12
1.60264e-12
1.75974e-12
1.89949e-12
2.02043e-12
2.12195e-12
2.20412e-12
2.26755e-12
2.31322e-12
2.34242e-12
2.35624e-12
2.35607e-12
2.34495e-12
2.3235e-12
2.29315e-12
2.25499e-12
2.21046e-12
2.16066e-12
2.10659e-12
2.04909e-12
1.9889e-12
1.92665e-12
1.86287e-12
1.798e-12
1.7324e-12
1.66639e-12
1.6002e-12
1.53405e-12
1.4681e-12
1.40251e-12
1.33739e-12
1.27284e-12
1.20896e-12
1.14582e-12
1.0835e-12
1.02205e-12
9.61538e-13
9.02004e-13
8.43496e-13
7.86052e-13
7.29708e-13
6.74494e-13
6.20435e-13
5.67557e-13
5.15884e-13
4.65444e-13
4.16275e-13
3.68428e-13
3.21983e-13
2.77062e-13
2.33848e-13
1.92616e-13
1.53762e-13
1.17832e-13
8.55332e-14
5.7683e-14
3.51553e-14
1.85224e-14
7.8222e-15
2.27399e-15
3.03036e-16
1.77289e-18
6.45959e-18
1.10906e-15
8.43553e-15
2.97586e-14
7.29639e-14
1.44208e-13
2.46678e-13
3.80083e-13
5.40852e-13
7.22985e-13
9.19324e-13
1.12207e-12
1.32395e-12
1.51863e-12
1.70102e-12
1.86726e-12
2.01471e-12
2.14183e-12
2.24797e-12
2.33321e-12
2.39822e-12
2.44412e-12
2.47232e-12
2.4838e-12
2.48079e-12
2.46593e-12
2.44012e-12
2.40489e-12
2.36151e-12
2.31152e-12
2.25614e-12
2.19643e-12
2.13332e-12
2.06762e-12
2e-12
1.93101e-12
1.86114e-12
1.79077e-12
1.72021e-12
1.64972e-12
1.57951e-12
1.50975e-12
1.44058e-12
1.37212e-12
1.30446e-12
1.23768e-12
1.17185e-12
1.10703e-12
1.04327e-12
9.80628e-13
9.19135e-13
8.58831e-13
7.99745e-13
7.41905e-13
6.85333e-13
6.30049e-13
5.7607e-13
5.23412e-13
4.72095e-13
4.22147e-13
3.73612e-13
3.26557e-13
2.81092e-13
2.37386e-13
1.95698e-13
1.56406e-13
1.20041e-13
8.73017e-14
5.9003e-14
3.60472e-14
1.90392e-14
8.05863e-15
2.34686e-15
3.13083e-16
1.83249e-18
6.79546e-18
1.16689e-15
8.87815e-15
3.13346e-14
7.68712e-14
1.52025e-13
2.60213e-13
4.01183e-13
5.7119e-13
7.63875e-13
9.71654e-13
1.1862e-12
1.39974e-12
1.60551e-12
1.798e-12
1.97311e-12
2.128e-12
2.26102e-12
2.37147e-12
2.45948e-12
2.52579e-12
2.57164e-12
2.59855e-12
2.60742e-12
2.60143e-12
2.5826e-12
2.55227e-12
2.51203e-12
2.46335e-12
2.40786e-12
2.34688e-12
2.28156e-12
2.21292e-12
2.1418e-12
2.06892e-12
1.99488e-12
1.92018e-12
1.84522e-12
1.77032e-12
1.69574e-12
1.62169e-12
1.54834e-12
1.47581e-12
1.40421e-12
1.33363e-12
1.26414e-12
1.19579e-12
1.12864e-12
1.06273e-12
9.98089e-13
9.34761e-13
8.72771e-13
8.12143e-13
7.52899e-13
6.95054e-13
6.38622e-13
5.83615e-13
5.30042e-13
4.77918e-13
4.27263e-13
3.7811e-13
3.30519e-13
2.84585e-13
2.40465e-13
1.984e-13
1.5875e-13
1.22027e-13
8.89167e-14
6.02292e-14
3.68889e-14
1.95341e-14
8.28771e-15
2.41807e-15
3.22944e-16
1.89109e-18
7.12936e-18
1.22437e-15
9.31799e-15
3.28996e-14
8.07482e-14
1.59773e-13
2.73617e-13
4.22055e-13
6.01174e-13
8.04253e-13
1.02328e-12
1.24942e-12
1.47439e-12
1.69098e-12
1.89333e-12
2.07704e-12
2.23909e-12
2.37772e-12
2.49222e-12
2.58273e-12
2.6501e-12
2.69565e-12
2.72103e-12
2.72711e-12
2.718e-12
2.69508e-12
2.66014e-12
2.61482e-12
2.56082e-12
2.49984e-12
2.43332e-12
2.36249e-12
2.28842e-12
2.21203e-12
2.13407e-12
2.05518e-12
1.97586e-12
1.89653e-12
1.81752e-12
1.73908e-12
1.66142e-12
1.5847e-12
1.50902e-12
1.4345e-12
1.36119e-12
1.28915e-12
1.21844e-12
1.14909e-12
1.08114e-12
1.01461e-12
9.49537e-13
8.85934e-13
8.23825e-13
7.63226e-13
7.04149e-13
6.46605e-13
5.90601e-13
5.36143e-13
4.8324e-13
4.31906e-13
3.82169e-13
3.34076e-13
2.87714e-13
2.43225e-13
2.00831e-13
1.60874e-13
1.23846e-13
9.04144e-14
6.13848e-14
3.76924e-14
2.00129e-14
8.51174e-15
2.48825e-15
3.32702e-16
1.94917e-18
7.46033e-18
1.28134e-15
9.75372e-15
3.4449e-14
8.45825e-14
1.67428e-13
2.86844e-13
4.4263e-13
6.30703e-13
8.43983e-13
1.07404e-12
1.31153e-12
1.54767e-12
1.77482e-12
1.98676e-12
2.1788e-12
2.34774e-12
2.49173e-12
2.61003e-12
2.70282e-12
2.77104e-12
2.81614e-12
2.83968e-12
2.84293e-12
2.83061e-12
2.80354e-12
2.76395e-12
2.71357e-12
2.65429e-12
2.58791e-12
2.51596e-12
2.43977e-12
2.36045e-12
2.27899e-12
2.19616e-12
2.11264e-12
2.02895e-12
1.9455e-12
1.86263e-12
1.78058e-12
1.69954e-12
1.61967e-12
1.54106e-12
1.46379e-12
1.38793e-12
1.31351e-12
1.24056e-12
1.16913e-12
1.09922e-12
1.03087e-12
9.64096e-13
8.98914e-13
8.35342e-13
7.73396e-13
7.13087e-13
6.54424e-13
5.97413e-13
5.42058e-13
4.88365e-13
4.36345e-13
3.86017e-13
3.37424e-13
2.90641e-13
2.45795e-13
2.03093e-13
1.62855e-13
1.25552e-13
9.18315e-14
6.24909e-14
3.847e-14
2.04813e-14
8.73302e-15
2.55803e-15
3.4244e-16
2.00721e-18
7.78738e-18
1.33762e-15
1.0184e-14
3.59776e-14
8.83614e-14
1.74963e-13
2.99848e-13
4.62835e-13
6.59673e-13
8.82937e-13
1.12377e-12
1.37233e-12
1.61937e-12
1.8568e-12
2.07804e-12
2.27814e-12
2.45373e-12
2.60284e-12
2.72472e-12
2.8196e-12
2.88849e-12
2.933e-12
2.95453e-12
2.95512e-12
2.9394e-12
2.90819e-12
2.864e-12
2.80863e-12
2.74418e-12
2.67255e-12
2.59535e-12
2.51399e-12
2.42965e-12
2.34335e-12
2.25593e-12
2.16804e-12
2.08024e-12
1.99294e-12
1.90647e-12
1.82106e-12
1.73689e-12
1.65409e-12
1.57274e-12
1.49292e-12
1.41465e-12
1.33797e-12
1.26289e-12
1.18945e-12
1.11764e-12
1.0475e-12
9.79038e-13
9.1227e-13
8.47215e-13
7.83889e-13
7.22307e-13
6.62477e-13
6.04409e-13
5.48107e-13
4.93576e-13
4.40825e-13
3.89869e-13
3.40744e-13
2.93515e-13
2.48297e-13
2.05281e-13
1.64764e-13
1.27196e-13
9.32023e-14
6.35684e-14
3.92331e-14
2.0945e-14
8.95375e-15
2.62804e-15
3.52238e-16
2.06567e-18
8.10954e-18
1.39305e-15
1.06075e-14
3.74807e-14
9.20722e-14
1.82352e-13
3.12583e-13
4.826e-13
6.87984e-13
9.20979e-13
1.17229e-12
1.43163e-12
1.68926e-12
1.93667e-12
2.16694e-12
2.37484e-12
2.55683e-12
2.71086e-12
2.83614e-12
2.93296e-12
3.00242e-12
3.04622e-12
3.06571e-12
3.06376e-12
3.04458e-12
3.00932e-12
2.96063e-12
2.90041e-12
2.83097e-12
2.75429e-12
2.67207e-12
2.58578e-12
2.49669e-12
2.40585e-12
2.3141e-12
2.22215e-12
2.13053e-12
2.03966e-12
1.94985e-12
1.86134e-12
1.77427e-12
1.68876e-12
1.60487e-12
1.52264e-12
1.4421e-12
1.36326e-12
1.28614e-12
1.21073e-12
1.13705e-12
1.06511e-12
9.94928e-13
9.26528e-13
8.59928e-13
7.9515e-13
7.32212e-13
6.7113e-13
6.11917e-13
5.54581e-13
4.99129e-13
4.4557e-13
3.93916e-13
3.44198e-13
2.96473e-13
2.50843e-13
2.07481e-13
1.66668e-13
1.28826e-13
9.45583e-14
6.46365e-14
3.99925e-14
2.14092e-14
9.17605e-15
2.69888e-15
3.62175e-16
2.12502e-18
8.42586e-18
1.44747e-15
1.1023e-14
3.89533e-14
9.57026e-14
1.89569e-13
3.25005e-13
5.01855e-13
7.15537e-13
9.57978e-13
1.21946e-12
1.48925e-12
1.75715e-12
2.01424e-12
2.25325e-12
2.4687e-12
2.65688e-12
2.81564e-12
2.94418e-12
3.04283e-12
3.11278e-12
3.15588e-12
3.17334e-12
3.16895e-12
3.14639e-12
3.10721e-12
3.05419e-12
2.98934e-12
2.91514e-12
2.83366e-12
2.7467e-12
2.65579e-12
2.56226e-12
2.46718e-12
2.37143e-12
2.27572e-12
2.18059e-12
2.08644e-12
1.99358e-12
1.90222e-12
1.81248e-12
1.72446e-12
1.6382e-12
1.55371e-12
1.47101e-12
1.3901e-12
1.31096e-12
1.2336e-12
1.15802e-12
1.08425e-12
1.01229e-12
9.42174e-13
8.7393e-13
8.07587e-13
7.43174e-13
6.80716e-13
6.20234e-13
5.61743e-13
5.05255e-13
4.5078e-13
3.9833e-13
3.47932e-13
2.99634e-13
2.53528e-13
2.09772e-13
1.68624e-13
1.30483e-13
9.5928e-14
6.57129e-14
4.07579e-14
2.18786e-14
9.4018e-15
2.77107e-15
3.72321e-16
2.18566e-18
8.73539e-18
1.5007e-15
1.14291e-14
4.03908e-14
9.92405e-14
1.96591e-13
3.3707e-13
5.20532e-13
7.42239e-13
9.9381e-13
1.26512e-12
1.54501e-12
1.82285e-12
2.0893e-12
2.33677e-12
2.55953e-12
2.75369e-12
2.91703e-12
3.04873e-12
3.14916e-12
3.2196e-12
3.26202e-12
3.27757e-12
3.27087e-12
3.24509e-12
3.2022e-12
3.14507e-12
3.07585e-12
2.99719e-12
2.91123e-12
2.81985e-12
2.72467e-12
2.62703e-12
2.52805e-12
2.42864e-12
2.32951e-12
2.23118e-12
2.13406e-12
2.03842e-12
1.94445e-12
1.85227e-12
1.76193e-12
1.67345e-12
1.58683e-12
1.50206e-12
1.41911e-12
1.33798e-12
1.25865e-12
1.18114e-12
1.10545e-12
1.03161e-12
9.59658e-13
8.89632e-13
8.21575e-13
7.55531e-13
6.91538e-13
6.29629e-13
5.69829e-13
5.12159e-13
4.56631e-13
4.03261e-13
3.52071e-13
3.03104e-13
2.5644e-13
2.12221e-13
1.70684e-13
1.32205e-13
9.7336e-14
6.68129e-14
4.15379e-14
2.23573e-14
9.63266e-15
2.8451e-15
3.82739e-16
2.24796e-18
9.03725e-18
1.55259e-15
1.18245e-14
4.17886e-14
1.02674e-13
2.03393e-13
3.48738e-13
5.38568e-13
7.67998e-13
1.02836e-12
1.30912e-12
1.59875e-12
1.88617e-12
2.16166e-12
2.41731e-12
2.64714e-12
2.84712e-12
3.01492e-12
3.14971e-12
3.25191e-12
3.32289e-12
3.36472e-12
3.37853e-12
3.36971e-12
3.34095e-12
3.29461e-12
3.23367e-12
3.16042e-12
3.07763e-12
2.98755e-12
2.89213e-12
2.79303e-12
2.69166e-12
2.58916e-12
2.48645e-12
2.38422e-12
2.28302e-12
2.18322e-12
2.08508e-12
1.98875e-12
1.89433e-12
1.80185e-12
1.71129e-12
1.62264e-12
1.53586e-12
1.45091e-12
1.36777e-12
1.28644e-12
1.2069e-12
1.12919e-12
1.05334e-12
9.79392e-13
9.07412e-13
8.37457e-13
7.6959e-13
7.03869e-13
6.40342e-13
5.7905e-13
5.20022e-13
4.6328e-13
4.08841e-13
3.56726e-13
3.06972e-13
2.59649e-13
2.14883e-13
1.72891e-13
1.34023e-13
9.88034e-14
6.79493e-14
4.23394e-14
2.28488e-14
9.87e-15
2.92135e-15
3.93481e-16
2.31222e-18
9.33057e-18
1.603e-15
1.22082e-14
4.31424e-14
1.05993e-13
2.09953e-13
3.59969e-13
5.55903e-13
7.9273e-13
1.06151e-12
1.35133e-12
1.65031e-12
1.94694e-12
2.23114e-12
2.49469e-12
2.73139e-12
2.93702e-12
3.10919e-12
3.24706e-12
3.35108e-12
3.4227e-12
3.46409e-12
3.47639e-12
3.46569e-12
3.43425e-12
3.38477e-12
3.32037e-12
3.24348e-12
3.15697e-12
3.06317e-12
2.9641e-12
2.8615e-12
2.7568e-12
2.65116e-12
2.54551e-12
2.44055e-12
2.3368e-12
2.23462e-12
2.13424e-12
2.03579e-12
1.93933e-12
1.84486e-12
1.75235e-12
1.66175e-12
1.57299e-12
1.48605e-12
1.40087e-12
1.31745e-12
1.23579e-12
1.15592e-12
1.07788e-12
1.00176e-12
9.27617e-13
8.55547e-13
7.85634e-13
7.17958e-13
6.52591e-13
5.89592e-13
5.29005e-13
4.70861e-13
4.15182e-13
3.6199e-13
3.11315e-13
2.63217e-13
2.17807e-13
1.75281e-13
1.35962e-13
1.00348e-13
6.91325e-14
4.31681e-14
2.33557e-14
1.01149e-14
3.00013e-15
4.04587e-16
2.37869e-18
9.61457e-18
1.65178e-15
1.25791e-14
4.44483e-14
1.09187e-13
2.16251e-13
3.70729e-13
5.72484e-13
8.1636e-13
1.09316e-12
1.39164e-12
1.69955e-12
2.00502e-12
2.2976e-12
2.56877e-12
2.81212e-12
3.02328e-12
3.19977e-12
3.34074e-12
3.44667e-12
3.51911e-12
3.56019e-12
3.57132e-12
3.55904e-12
3.52527e-12
3.47303e-12
3.40557e-12
3.32548e-12
3.23568e-12
3.13861e-12
3.03635e-12
2.93067e-12
2.82306e-12
2.71468e-12
2.60647e-12
2.49913e-12
2.39315e-12
2.28888e-12
2.18652e-12
2.08617e-12
1.98785e-12
1.89155e-12
1.79718e-12
1.70469e-12
1.61399e-12
1.52503e-12
1.43775e-12
1.35215e-12
1.26823e-12
1.18603e-12
1.10563e-12
1.0271e-12
9.50568e-13
8.76135e-13
8.0392e-13
7.34034e-13
6.66576e-13
6.01627e-13
5.39252e-13
4.79495e-13
4.22384e-13
3.67943e-13
3.16196e-13
2.67194e-13
2.21031e-13
1.77882e-13
1.38044e-13
1.01983e-13
7.03697e-14
4.4028e-14
2.388e-14
1.0368e-14
3.08164e-15
4.16085e-16
2.44754e-18
9.88852e-18
1.69881e-15
1.29361e-14
4.57028e-14
1.12247e-13
2.2227e-13
3.80987e-13
5.88261e-13
8.3882e-13
1.12324e-12
1.42993e-12
1.74636e-12
2.06026e-12
2.36088e-12
2.63941e-12
2.88922e-12
3.1058e-12
3.28658e-12
3.43069e-12
3.53867e-12
3.61213e-12
3.65318e-12
3.6635e-12
3.64998e-12
3.6143e-12
3.55973e-12
3.48966e-12
3.40686e-12
3.31425e-12
3.21438e-12
3.10939e-12
3.00109e-12
2.891e-12
2.78029e-12
2.66991e-12
2.56054e-12
2.45265e-12
2.34657e-12
2.24248e-12
2.14044e-12
2.04044e-12
1.94243e-12
1.8463e-12
1.75197e-12
1.65933e-12
1.5683e-12
1.47885e-12
1.39094e-12
1.30461e-12
1.2199e-12
1.13691e-12
1.05575e-12
9.76556e-13
8.99485e-13
8.24686e-13
7.52305e-13
6.82476e-13
6.1531e-13
5.50893e-13
4.89287e-13
4.30532e-13
3.74652e-13
3.21669e-13
2.71621e-13
2.24586e-13
1.80717e-13
1.40283e-13
1.03719e-13
7.16664e-14
4.49219e-14
2.44226e-14
1.06298e-14
3.16599e-15
4.27989e-16
2.51885e-18
1.01518e-17
1.74398e-15
1.32785e-14
4.69028e-14
1.15166e-13
2.27993e-13
3.90716e-13
6.03196e-13
8.60054e-13
1.15166e-12
1.46612e-12
1.79062e-12
2.11256e-12
2.42088e-12
2.7065e-12
2.96259e-12
3.18449e-12
3.36956e-12
3.51691e-12
3.62711e-12
3.70183e-12
3.7432e-12
3.75311e-12
3.73873e-12
3.70162e-12
3.6452e-12
3.57301e-12
3.48802e-12
3.39312e-12
3.29095e-12
3.18372e-12
3.07328e-12
2.96115e-12
2.84853e-12
2.73636e-12
2.6253e-12
2.51582e-12
2.40822e-12
2.30262e-12
2.19909e-12
2.09757e-12
1.99796e-12
1.90014e-12
1.804e-12
1.7094e-12
1.61627e-12
1.52454e-12
1.43421e-12
1.34529e-12
1.25786e-12
1.17205e-12
1.08798e-12
1.00585e-12
9.25843e-13
8.48151e-13
7.72966e-13
7.00461e-13
6.30782e-13
5.64046e-13
5.00335e-13
4.39702e-13
3.82177e-13
3.27777e-13
2.76529e-13
2.28495e-13
1.83801e-13
1.42689e-13
1.05562e-13
7.30266e-14
4.58514e-14
2.49842e-14
1.09003e-14
3.25319e-15
4.40301e-16
2.59263e-18
1.04039e-17
1.7872e-15
1.36055e-14
4.80458e-14
1.17937e-13
2.33409e-13
3.99897e-13
6.17258e-13
8.80018e-13
1.17837e-12
1.50013e-12
1.83226e-12
2.16182e-12
2.47749e-12
2.76995e-12
3.03215e-12
3.25929e-12
3.44868e-12
3.59939e-12
3.712e-12
3.78827e-12
3.83037e-12
3.84034e-12
3.82552e-12
3.78747e-12
3.72977e-12
3.65598e-12
3.56934e-12
3.47269e-12
3.36876e-12
3.2598e-12
3.14769e-12
3.03398e-12
2.91987e-12
2.80629e-12
2.69389e-12
2.58313e-12
2.47425e-12
2.36738e-12
2.26254e-12
2.15963e-12
2.05853e-12
1.95909e-12
1.86115e-12
1.76458e-12
1.66927e-12
1.57517e-12
1.48225e-12
1.39057e-12
1.30021e-12
1.21131e-12
1.12407e-12
1.0387e-12
9.55432e-13
8.74518e-13
7.96196e-13
7.20686e-13
6.48176e-13
5.78819e-13
5.12725e-13
4.49963e-13
3.90568e-13
3.34558e-13
2.81946e-13
2.32775e-13
1.87146e-13
1.4527e-13
1.07514e-13
7.44514e-14
4.68171e-14
2.55645e-14
1.11793e-14
3.34314e-15
4.53007e-16
2.66881e-18
1.06445e-17
1.82841e-15
1.39166e-14
4.913e-14
1.20556e-13
2.38509e-13
4.08515e-13
6.30425e-13
8.9868e-13
1.20333e-12
1.53192e-12
1.87121e-12
2.208e-12
2.53067e-12
2.82969e-12
3.09783e-12
3.33017e-12
3.52391e-12
3.67812e-12
3.7934e-12
3.87154e-12
3.91481e-12
3.92534e-12
3.91055e-12
3.87211e-12
3.8137e-12
3.73894e-12
3.65115e-12
3.55334e-12
3.4482e-12
3.33804e-12
3.22476e-12
3.10992e-12
2.99473e-12
2.88012e-12
2.76672e-12
2.65495e-12
2.54505e-12
2.43709e-12
2.33114e-12
2.22696e-12
2.12447e-12
2.02344e-12
1.92372e-12
1.82514e-12
1.72759e-12
1.63099e-12
1.53535e-12
1.4407e-12
1.34718e-12
1.25495e-12
1.16424e-12
1.07531e-12
9.88452e-13
9.0397e-13
8.2216e-13
7.43294e-13
6.67615e-13
5.95315e-13
5.26538e-13
4.61374e-13
3.99872e-13
3.42043e-13
2.87892e-13
2.37439e-13
1.90759e-13
1.48028e-13
1.09576e-13
7.59392e-14
4.78194e-14
2.61623e-14
1.14661e-14
3.43564e-15
4.66079e-16
2.74722e-18
1.08732e-17
1.86756e-15
1.42115e-14
5.01541e-14
1.2302e-13
2.43288e-13
4.16561e-13
6.42685e-13
9.16026e-13
1.22651e-12
1.56146e-12
1.90745e-12
2.25104e-12
2.58037e-12
2.88569e-12
3.15962e-12
3.3971e-12
3.59526e-12
3.75314e-12
3.87135e-12
3.95172e-12
3.99664e-12
4.00827e-12
3.994e-12
3.95575e-12
3.89723e-12
3.82211e-12
3.73381e-12
3.63541e-12
3.52963e-12
3.41878e-12
3.30483e-12
3.18932e-12
3.07347e-12
2.95819e-12
2.84411e-12
2.73163e-12
2.62095e-12
2.51213e-12
2.40513e-12
2.29975e-12
2.19601e-12
2.09342e-12
1.99191e-12
1.89128e-12
1.7914e-12
1.6922e-12
1.59367e-12
1.49588e-12
1.39897e-12
1.30314e-12
1.20867e-12
1.11586e-12
1.02507e-12
9.36667e-13
8.51002e-13
7.68416e-13
6.89208e-13
6.13624e-13
5.41846e-13
4.73994e-13
4.10127e-13
3.50259e-13
2.94383e-13
2.42497e-13
1.94643e-13
1.50963e-13
1.11746e-13
7.74881e-14
4.88558e-14
2.67761e-14
1.17599e-14
3.53039e-15
4.79474e-16
2.82762e-18
1.10899e-17
1.90462e-15
1.449e-14
5.11179e-14
1.25328e-13
2.47746e-13
4.24036e-13
6.54039e-13
9.32057e-13
1.24792e-12
1.58875e-12
1.94098e-12
2.29094e-12
2.62658e-12
2.93795e-12
3.21751e-12
3.46009e-12
3.66275e-12
3.82449e-12
3.94592e-12
4.0289e-12
4.07597e-12
4.08928e-12
4.07604e-12
4.03859e-12
3.98058e-12
3.90575e-12
3.81758e-12
3.71918e-12
3.61332e-12
3.50234e-12
3.3882e-12
3.27246e-12
3.15636e-12
3.04077e-12
2.92632e-12
2.81338e-12
2.70214e-12
2.59263e-12
2.48475e-12
2.37834e-12
2.27319e-12
2.16913e-12
2.06587e-12
1.96314e-12
1.86085e-12
1.75892e-12
1.65735e-12
1.55622e-12
1.4557e-12
1.35602e-12
1.25749e-12
1.16049e-12
1.06543e-12
9.72737e-13
8.82844e-13
7.96161e-13
7.13055e-13
6.3383e-13
5.58717e-13
4.8787e-13
4.21368e-13
3.59228e-13
3.01432e-13
2.47952e-13
1.988e-13
1.54074e-13
1.14023e-13
7.90955e-14
4.99221e-14
2.74036e-14
1.20595e-14
3.62701e-15
4.93137e-16
2.90968e-18
1.12948e-17
1.93961e-15
1.47523e-14
5.20217e-14
1.27483e-13
2.51887e-13
4.30949e-13
6.645e-13
9.46792e-13
1.26759e-12
1.61382e-12
1.97183e-12
2.32774e-12
2.66933e-12
2.9865e-12
3.27154e-12
3.51918e-12
3.72642e-12
3.89222e-12
4.01717e-12
4.10315e-12
4.1529e-12
4.16849e-12
4.15683e-12
4.12081e-12
4.06396e-12
3.99007e-12
3.90265e-12
3.80487e-12
3.6995e-12
3.58892e-12
3.47509e-12
3.35957e-12
3.24359e-12
3.12804e-12
3.01351e-12
2.90036e-12
2.78876e-12
2.6787e-12
2.57008e-12
2.46269e-12
2.35629e-12
2.25062e-12
2.14552e-12
2.04074e-12
1.93596e-12
1.83118e-12
1.72643e-12
1.62178e-12
1.51743e-12
1.41364e-12
1.31079e-12
1.20929e-12
1.10961e-12
1.01227e-12
9.17778e-13
8.26617e-13
7.39233e-13
6.55998e-13
5.77203e-13
5.03043e-13
4.33623e-13
3.68966e-13
3.09044e-13
2.53805e-13
2.03224e-13
1.57356e-13
1.164e-13
8.07563e-14
5.10143e-14
2.8042e-14
1.23634e-14
3.72498e-15
5.06997e-16
2.99299e-18
1.1488e-17
1.97258e-15
1.49987e-14
5.28672e-14
1.29488e-13
2.55719e-13
4.37314e-13
6.74094e-13
9.60267e-13
1.28554e-12
1.63675e-12
2.00004e-12
2.36149e-12
2.70869e-12
3.03138e-12
3.32175e-12
3.57443e-12
3.78634e-12
3.9564e-12
4.08519e-12
4.17461e-12
4.2275e-12
4.246e-12
4.23648e-12
4.20253e-12
4.1475e-12
4.07521e-12
3.98919e-12
3.89264e-12
3.78834e-12
3.67869e-12
3.56563e-12
3.45077e-12
3.33529e-12
3.22009e-12
3.10575e-12
2.99261e-12
2.88082e-12
2.77035e-12
2.66107e-12
2.55275e-12
2.44514e-12
2.33793e-12
2.23087e-12
2.12387e-12
2.01664e-12
1.90891e-12
1.80082e-12
1.69249e-12
1.58411e-12
1.47599e-12
1.36855e-12
1.26225e-12
1.15764e-12
1.05531e-12
9.55851e-13
8.59835e-13
7.67793e-13
6.80177e-13
5.97345e-13
5.19543e-13
4.4691e-13
3.79483e-13
3.17223e-13
2.60054e-13
2.07911e-13
1.60801e-13
1.18869e-13
8.2464e-14
5.2127e-14
2.8688e-14
1.26699e-14
3.82373e-15
5.20969e-16
3.07703e-18
1.16701e-17
2.00361e-15
1.52298e-14
5.36568e-14
1.31351e-13
2.59258e-13
4.43159e-13
6.82862e-13
9.72539e-13
1.30187e-12
1.6576e-12
2.02572e-12
2.39229e-12
2.74475e-12
3.07271e-12
3.36826e-12
3.62593e-12
3.84259e-12
4.01712e-12
4.15008e-12
4.24336e-12
4.29983e-12
4.32187e-12
4.31508e-12
4.28386e-12
4.23131e-12
4.16126e-12
4.07728e-12
3.98256e-12
3.8799e-12
3.77168e-12
3.65988e-12
3.54606e-12
3.43144e-12
3.31689e-12
3.20298e-12
3.09005e-12
2.97821e-12
2.86744e-12
2.75758e-12
2.64838e-12
2.53955e-12
2.43079e-12
2.32183e-12
2.2124e-12
2.10255e-12
1.9919e-12
1.88035e-12
1.76817e-12
1.65559e-12
1.54294e-12
1.43066e-12
1.3193e-12
1.20947e-12
1.10183e-12
9.97056e-13
8.95822e-13
7.98751e-13
7.06385e-13
6.19159e-13
5.37384e-13
4.61238e-13
3.90779e-13
3.25963e-13
2.66688e-13
2.12849e-13
1.64398e-13
1.21422e-13
8.42104e-14
5.32542e-14
2.93374e-14
1.29769e-14
3.92257e-15
5.34954e-16
3.1612e-18
1.18418e-17
2.03281e-15
1.54467e-14
5.43941e-14
1.3308e-13
2.62523e-13
4.48519e-13
6.9086e-13
9.83688e-13
1.31666e-12
1.67649e-12
2.049e-12
2.42029e-12
2.77765e-12
3.11062e-12
3.41117e-12
3.67379e-12
3.89527e-12
4.07445e-12
4.21188e-12
4.30943e-12
4.36995e-12
4.39615e-12
4.39268e-12
4.36481e-12
4.31538e-12
4.24823e-12
4.16691e-12
4.0746e-12
3.97412e-12
3.86784e-12
3.75773e-12
3.64535e-12
3.53191e-12
3.41828e-12
3.30501e-12
3.19245e-12
3.0807e-12
2.96971e-12
2.8593e-12
2.74923e-12
2.63919e-12
2.52885e-12
2.41793e-12
2.30615e-12
2.19334e-12
2.07973e-12
1.96468e-12
1.84853e-12
1.73159e-12
1.61423e-12
1.49692e-12
1.38028e-12
1.26496e-12
1.15171e-12
1.04131e-12
9.34526e-13
8.32075e-13
7.34603e-13
6.42634e-13
5.56555e-13
4.76596e-13
4.02841e-13
3.35248e-13
2.73691e-13
2.1802e-13
1.6813e-13
1.24044e-13
8.59856e-14
5.43886e-14
2.99859e-14
1.32821e-14
4.02072e-15
5.48837e-16
3.24483e-18
1.20038e-17
2.06034e-15
1.56505e-14
5.50839e-14
1.34689e-13
2.6554e-13
4.5344e-13
6.9816e-13
9.93814e-13
1.33005e-12
1.69355e-12
2.07005e-12
2.44564e-12
2.80756e-12
3.14525e-12
3.45064e-12
3.71813e-12
3.94448e-12
4.1285e-12
4.27067e-12
4.37286e-12
4.43788e-12
4.46881e-12
4.46927e-12
4.44533e-12
4.39964e-12
4.336e-12
4.25793e-12
4.16861e-12
4.07082e-12
3.96695e-12
3.85893e-12
3.74835e-12
3.63638e-12
3.5239e-12
3.41148e-12
3.29942e-12
3.18784e-12
3.07668e-12
2.96576e-12
2.85481e-12
2.74353e-12
2.63157e-12
2.51863e-12
2.40444e-12
2.28879e-12
2.1717e-12
2.05329e-12
1.93307e-12
1.81166e-12
1.68945e-12
1.56697e-12
1.44485e-12
1.32384e-12
1.20475e-12
1.08846e-12
9.75819e-13
8.6767e-13
7.64762e-13
6.67721e-13
5.77019e-13
4.92952e-13
4.15641e-13
3.45052e-13
2.81038e-13
2.23402e-13
1.71979e-13
1.2672e-13
8.77773e-14
5.5522e-14
3.06281e-14
1.3583e-14
4.11729e-15
5.62488e-16
3.32713e-18
1.21575e-17
2.08642e-15
1.58429e-14
5.57323e-14
1.36192e-13
2.68343e-13
4.5798e-13
7.04848e-13
1.00304e-12
1.34218e-12
1.70898e-12
2.08905e-12
2.46856e-12
2.83467e-12
3.1768e-12
3.48682e-12
3.75909e-12
3.99033e-12
4.1793e-12
4.32645e-12
4.4336e-12
4.50353e-12
4.5396e-12
4.54491e-12
4.5252e-12
4.48385e-12
4.42429e-12
4.35003e-12
4.26422e-12
4.16961e-12
4.06857e-12
3.96303e-12
3.85455e-12
3.74432e-12
3.63321e-12
3.52176e-12
3.41032e-12
3.29897e-12
3.18767e-12
3.07623e-12
2.96439e-12
2.85182e-12
2.73819e-12
2.62317e-12
2.5065e-12
2.38797e-12
2.26747e-12
2.14527e-12
2.02116e-12
1.89518e-12
1.76804e-12
1.64027e-12
1.51256e-12
1.38571e-12
1.26061e-12
1.13821e-12
1.01948e-12
9.05365e-13
7.96733e-13
6.9432e-13
5.987e-13
5.10245e-13
4.29128e-13
3.5533e-13
2.88689e-13
2.28962e-13
1.75917e-13
1.29429e-13
8.95709e-14
5.66443e-14
3.12581e-14
1.38764e-14
4.21127e-15
5.7576e-16
3.40719e-18
1.23043e-17
2.11128e-15
1.60259e-14
5.63467e-14
1.3761e-13
2.7097e-13
4.62206e-13
7.11028e-13
1.0115e-12
1.35323e-12
1.72296e-12
2.10623e-12
2.48927e-12
2.85922e-12
3.20547e-12
3.51989e-12
3.7968e-12
4.03289e-12
4.22688e-12
4.3792e-12
4.4916e-12
4.56681e-12
4.60824e-12
4.61914e-12
4.6041e-12
4.56759e-12
4.51264e-12
4.44268e-12
4.36085e-12
4.26985e-12
4.17202e-12
4.06928e-12
3.96318e-12
3.85491e-12
3.74532e-12
3.63499e-12
3.52422e-12
3.41315e-12
3.30171e-12
3.18974e-12
3.07696e-12
2.96305e-12
2.84769e-12
2.73055e-12
2.61135e-12
2.48989e-12
2.36604e-12
2.23982e-12
2.11182e-12
1.98131e-12
1.84921e-12
1.71613e-12
1.58278e-12
1.45002e-12
1.3188e-12
1.19016e-12
1.06518e-12
9.44894e-13
8.30305e-13
7.2227e-13
6.21472e-13
5.28378e-13
4.43224e-13
3.66019e-13
2.96592e-13
2.34656e-13
1.79911e-13
1.32145e-13
9.13486e-14
5.77441e-14
3.18692e-14
1.41592e-14
4.30157e-15
5.88491e-16
3.48404e-18
1.24458e-17
2.13524e-15
1.6202e-14
5.6936e-14
1.38965e-13
2.73467e-13
4.66196e-13
7.16816e-13
1.01935e-12
1.36341e-12
1.73573e-12
2.12186e-12
2.50801e-12
2.88141e-12
3.23145e-12
3.54997e-12
3.83132e-12
4.07215e-12
4.27116e-12
4.42873e-12
4.54657e-12
4.62734e-12
4.67437e-12
4.69126e-12
4.68155e-12
4.65015e-12
4.60024e-12
4.53502e-12
4.45755e-12
4.37052e-12
4.27623e-12
4.17657e-12
4.07309e-12
3.96695e-12
3.85902e-12
3.74988e-12
3.63985e-12
3.52906e-12
3.41748e-12
3.30494e-12
3.19118e-12
3.07589e-12
2.95875e-12
2.83944e-12
2.71768e-12
2.59326e-12
2.46606e-12
2.33608e-12
2.20373e-12
2.069e-12
1.93197e-12
1.79362e-12
1.65467e-12
1.51602e-12
1.37868e-12
1.24376e-12
1.11244e-12
9.85877e-13
8.65178e-13
7.51334e-13
6.45153e-13
5.47209e-13
4.57816e-13
3.77029e-13
3.04675e-13
2.40428e-13
1.83916e-13
1.34838e-13
9.30887e-14
5.88077e-14
3.24535e-14
1.44277e-14
4.38694e-15
6.00498e-16
3.55657e-18
1.25841e-17
2.15863e-15
1.63737e-14
5.75104e-14
1.40282e-13
2.75886e-13
4.70039e-13
7.22345e-13
1.02678e-12
1.37292e-12
1.74753e-12
2.13616e-12
2.52502e-12
2.90146e-12
3.25488e-12
3.57715e-12
3.86264e-12
4.10801e-12
4.31191e-12
4.47471e-12
4.59805e-12
4.68452e-12
4.73736e-12
4.7602e-12
4.7566e-12
4.73046e-12
4.6859e-12
4.62574e-12
4.55295e-12
4.47018e-12
4.37967e-12
4.28331e-12
4.18262e-12
4.07875e-12
3.97258e-12
3.8647e-12
3.75544e-12
3.64495e-12
3.53321e-12
3.42007e-12
3.3053e-12
3.1886e-12
3.06966e-12
2.94816e-12
2.82385e-12
2.6965e-12
2.56601e-12
2.43238e-12
2.29574e-12
2.15682e-12
2.01505e-12
1.87157e-12
1.72716e-12
1.58275e-12
1.4394e-12
1.29828e-12
1.16066e-12
1.02781e-12
9.0094e-13
7.81188e-13
6.69489e-13
5.66541e-13
4.72754e-13
3.88241e-13
3.12844e-13
2.46204e-13
1.87877e-13
1.37466e-13
9.47649e-14
5.98191e-14
3.30021e-14
1.46776e-14
4.46603e-15
6.11581e-16
3.62355e-18
1.27214e-17
2.18186e-15
1.65444e-14
5.80815e-14
1.41592e-13
2.78285e-13
4.73831e-13
7.27757e-13
1.03396e-12
1.38198e-12
1.7586e-12
2.14937e-12
2.5405e-12
2.91951e-12
3.27583e-12
3.60139e-12
3.8906e-12
4.14013e-12
4.34866e-12
4.51649e-12
4.64522e-12
4.73736e-12
4.79606e-12
4.82484e-12
4.82735e-12
4.80715e-12
4.76787e-12
4.71297e-12
4.64507e-12
4.56675e-12
4.48021e-12
4.3873e-12
4.28952e-12
4.18803e-12
4.0837e-12
3.97713e-12
3.86867e-12
3.75849e-12
3.6466e-12
3.53287e-12
3.41709e-12
3.29899e-12
3.17827e-12
3.05463e-12
2.92783e-12
2.79765e-12
2.66399e-12
2.52684e-12
2.38632e-12
2.24302e-12
2.09695e-12
1.94857e-12
1.79896e-12
1.64903e-12
1.49991e-12
1.3528e-12
1.20905e-12
1.07002e-12
9.37053e-13
8.11402e-13
6.94145e-13
5.86116e-13
4.87837e-13
3.99501e-13
3.2098e-13
2.51892e-13
1.91725e-13
1.39983e-13
9.63454e-14
6.07595e-14
3.35048e-14
1.49043e-14
4.53734e-15
6.21523e-16
3.68365e-18
1.28602e-17
2.20536e-15
1.67174e-14
5.86622e-14
1.42926e-13
2.80729e-13
4.77678e-13
7.332e-13
1.04109e-12
1.39082e-12
1.76915e-12
2.16166e-12
2.55459e-12
2.9356e-12
3.2942e-12
3.62243e-12
3.91475e-12
4.1679e-12
4.38056e-12
4.55301e-12
4.68679e-12
4.78435e-12
4.84873e-12
4.88335e-12
4.89176e-12
4.87749e-12
4.84391e-12
4.79411e-12
4.7312e-12
4.65741e-12
4.57493e-12
4.48557e-12
4.39079e-12
4.29177e-12
4.18935e-12
4.08415e-12
3.97655e-12
3.86674e-12
3.75475e-12
3.64048e-12
3.52376e-12
3.40433e-12
3.28193e-12
3.15628e-12
3.02713e-12
2.89431e-12
2.7577e-12
2.6173e-12
2.47324e-12
2.32586e-12
2.17579e-12
2.02292e-12
1.86849e-12
1.71345e-12
1.55893e-12
1.4062e-12
1.25664e-12
1.1117e-12
9.72839e-13
8.41429e-13
7.1869e-13
6.056e-13
5.02812e-13
4.10615e-13
3.28934e-13
2.5738e-13
1.95378e-13
1.42328e-13
9.77922e-14
6.16067e-14
3.395e-14
1.51029e-14
4.59924e-15
6.30085e-16
3.73542e-18
1.30032e-17
2.22961e-15
1.68966e-14
5.92664e-14
1.44319e-13
2.83283e-13
4.81686e-13
7.38821e-13
1.04835e-12
1.39962e-12
1.77934e-12
2.17311e-12
2.56726e-12
2.94955e-12
3.30963e-12
3.63968e-12
3.93428e-12
4.19023e-12
4.40624e-12
4.58261e-12
4.72082e-12
4.82327e-12
4.89289e-12
4.933e-12
4.94702e-12
4.93835e-12
4.91028e-12
4.86584e-12
4.80773e-12
4.73844e-12
4.66006e-12
4.57429e-12
4.48259e-12
4.3861e-12
4.28568e-12
4.18196e-12
4.07533e-12
3.96601e-12
3.85405e-12
3.73939e-12
3.62189e-12
3.50132e-12
3.37745e-12
3.25002e-12
3.11881e-12
2.98366e-12
2.84445e-12
2.70119e-12
2.554e-12
2.40314e-12
2.24936e-12
2.0926e-12
1.93391e-12
1.77432e-12
1.61497e-12
1.45714e-12
1.30226e-12
1.15185e-12
1.00747e-12
8.70592e-13
7.42588e-13
6.24578e-13
5.1736e-13
4.21344e-13
3.36526e-13
2.62531e-13
1.98733e-13
1.44432e-13
9.90596e-14
6.23348e-14
3.43243e-14
1.52675e-14
4.64996e-15
6.37011e-16
3.77728e-18
1.31532e-17
2.25509e-15
1.70859e-14
5.99087e-14
1.45807e-13
2.86014e-13
4.85956e-13
7.4475e-13
1.05586e-12
1.40847e-12
1.78921e-12
2.18364e-12
2.57825e-12
2.96088e-12
3.32139e-12
3.65211e-12
3.9478e-12
4.20537e-12
4.42361e-12
4.60283e-12
4.74452e-12
4.85099e-12
4.9251e-12
4.97005e-12
4.98915e-12
4.98566e-12
4.96275e-12
4.92332e-12
4.87001e-12
4.8052e-12
4.73081e-12
4.64866e-12
4.56011e-12
4.46627e-12
4.368e-12
4.26593e-12
4.16048e-12
4.05186e-12
3.94018e-12
3.8254e-12
3.70742e-12
3.58604e-12
3.46105e-12
3.33224e-12
3.1994e-12
3.06238e-12
2.92108e-12
2.77551e-12
2.6258e-12
2.47218e-12
2.31525e-12
2.15533e-12
1.99311e-12
1.8297e-12
1.66625e-12
1.50404e-12
1.34453e-12
1.18929e-12
1.03994e-12
8.98073e-13
7.65184e-13
6.42542e-13
5.31098e-13
4.31398e-13
3.43539e-13
2.67185e-13
2.01674e-13
1.4621e-13
1.00094e-13
6.29133e-14
3.46126e-14
1.53923e-14
4.68759e-15
6.42018e-16
3.80743e-18
1.33128e-17
2.28229e-15
1.72894e-14
6.06038e-14
1.47425e-13
2.88985e-13
4.90576e-13
7.51081e-13
1.06369e-12
1.41738e-12
1.7986e-12
2.1929e-12
2.58695e-12
2.96866e-12
3.32815e-12
3.658e-12
3.95317e-12
4.21074e-12
4.42965e-12
4.61026e-12
4.75405e-12
4.86331e-12
4.94083e-12
4.98968e-12
5.01306e-12
5.01412e-12
4.99586e-12
4.96109e-12
4.91232e-12
4.85181e-12
4.78147e-12
4.70298e-12
4.61766e-12
4.52666e-12
4.43078e-12
4.33065e-12
4.2267e-12
4.11916e-12
4.00816e-12
3.8937e-12
3.77569e-12
3.654e-12
3.52844e-12
3.39882e-12
3.26496e-12
3.12672e-12
2.98404e-12
2.83691e-12
2.68545e-12
2.5299e-12
2.37074e-12
2.20847e-12
2.04366e-12
1.87739e-12
1.71078e-12
1.54512e-12
1.38187e-12
1.22264e-12
1.06909e-12
9.22909e-13
7.85703e-13
6.58884e-13
5.43561e-13
4.40434e-13
3.49721e-13
2.71154e-13
2.04064e-13
1.47569e-13
1.00833e-13
6.33067e-14
3.47979e-14
1.54639e-14
4.70803e-15
6.44554e-16
3.82297e-18
1.34845e-17
2.31167e-15
1.75107e-14
6.1365e-14
1.49203e-13
2.92245e-13
4.95602e-13
7.57845e-13
1.07181e-12
1.42615e-12
1.80708e-12
2.20014e-12
2.59222e-12
2.97131e-12
3.32785e-12
3.65475e-12
3.94726e-12
4.20273e-12
4.42024e-12
4.60029e-12
4.74441e-12
4.85485e-12
4.93436e-12
4.98591e-12
5.01257e-12
5.01736e-12
5.00314e-12
4.97257e-12
4.92806e-12
4.87172e-12
4.8054e-12
4.73068e-12
4.64884e-12
4.56094e-12
4.4678e-12
4.37006e-12
4.26811e-12
4.16218e-12
4.05244e-12
3.93892e-12
3.82156e-12
3.70026e-12
3.57486e-12
3.44521e-12
3.31114e-12
3.17256e-12
3.02938e-12
2.88164e-12
2.72943e-12
2.573e-12
2.41273e-12
2.24918e-12
2.08292e-12
1.91494e-12
1.74633e-12
1.57837e-12
1.41251e-12
1.25035e-12
1.09359e-12
9.43987e-13
8.03241e-13
6.72893e-13
5.54208e-13
4.48049e-13
3.54778e-13
2.74228e-13
2.0575e-13
1.48399e-13
1.01205e-13
6.34729e-14
3.4837e-14
1.54793e-14
4.71142e-15
6.44694e-16
3.82397e-18
1.36703e-17
2.34359e-15
1.7753e-14
6.22034e-14
1.51164e-13
2.95821e-13
5.01037e-13
7.64966e-13
1.07997e-12
1.43427e-12
1.81376e-12
2.20411e-12
2.59223e-12
2.96638e-12
3.31743e-12
3.6387e-12
3.92583e-12
4.1765e-12
4.39005e-12
4.56715e-12
4.70942e-12
4.81912e-12
4.89895e-12
4.95179e-12
4.98059e-12
4.9882e-12
4.97735e-12
4.95053e-12
4.91e-12
4.85776e-12
4.79553e-12
4.72478e-12
4.64673e-12
4.56238e-12
4.4725e-12
4.37774e-12
4.2785e-12
4.1749e-12
4.0672e-12
3.95543e-12
3.83958e-12
3.71957e-12
3.59528e-12
3.46658e-12
3.33335e-12
3.19548e-12
3.05293e-12
2.90573e-12
2.75399e-12
2.59792e-12
2.43788e-12
2.27436e-12
2.108e-12
1.93969e-12
1.77048e-12
1.60161e-12
1.43448e-12
1.27069e-12
1.11195e-12
9.60055e-13
8.16769e-13
6.83751e-13
5.62411e-13
4.53778e-13
3.58377e-13
2.76167e-13
2.06563e-13
1.48582e-13
1.01132e-13
6.33506e-14
3.47429e-14
1.54348e-14
4.69583e-15
6.42074e-16
3.80818e-18
1.38712e-17
2.37828e-15
1.80182e-14
6.31248e-14
1.53314e-13
2.99699e-13
5.06796e-13
7.72205e-13
1.08766e-12
1.44083e-12
1.81722e-12
2.20274e-12
2.58422e-12
2.95042e-12
3.29271e-12
3.60498e-12
3.88338e-12
4.12603e-12
4.33261e-12
4.50401e-12
4.64197e-12
4.7488e-12
4.82715e-12
4.87981e-12
4.90956e-12
4.91912e-12
4.91101e-12
4.88756e-12
4.85085e-12
4.80272e-12
4.74477e-12
4.67834e-12
4.60455e-12
4.52432e-12
4.43838e-12
4.34732e-12
4.25169e-12
4.15131e-12
4.04659e-12
3.93758e-12
3.82429e-12
3.70667e-12
3.58463e-12
3.45806e-12
3.32688e-12
3.191e-12
3.0504e-12
2.9051e-12
2.75523e-12
2.60098e-12
2.44268e-12
2.28079e-12
2.11587e-12
1.94882e-12
1.78065e-12
1.61248e-12
1.44568e-12
1.28181e-12
1.12256e-12
9.69733e-13
8.25145e-13
6.9054e-13
5.67461e-13
4.57095e-13
3.60139e-13
2.76709e-13
2.06319e-13
1.47991e-13
1.00533e-13
6.28908e-14
3.44915e-14
1.53179e-14
4.6579e-15
6.36287e-16
3.77334e-18
1.40867e-17
2.4157e-15
1.83063e-14
6.41271e-14
1.55636e-13
3.03803e-13
5.12663e-13
7.79078e-13
1.09398e-12
1.4443e-12
1.81529e-12
2.19302e-12
2.56435e-12
2.91875e-12
3.24828e-12
3.54753e-12
3.81333e-12
4.04433e-12
4.24064e-12
4.40342e-12
4.53456e-12
4.63639e-12
4.71151e-12
4.76258e-12
4.79223e-12
4.80297e-12
4.79712e-12
4.77679e-12
4.74388e-12
4.70003e-12
4.64667e-12
4.58502e-12
4.51609e-12
4.44069e-12
4.35949e-12
4.27302e-12
4.18198e-12
4.08585e-12
3.9852e-12
3.8801e-12
3.77056e-12
3.65658e-12
3.53807e-12
3.41498e-12
3.28722e-12
3.15477e-12
3.01759e-12
2.87574e-12
2.72932e-12
2.57853e-12
2.42367e-12
2.26516e-12
2.10344e-12
1.9395e-12
1.77419e-12
1.60856e-12
1.44391e-12
1.28173e-12
1.12369e-12
9.71543e-13
8.27133e-13
6.92256e-13
5.68575e-13
4.57415e-13
3.59649e-13
2.75567e-13
2.04821e-13
1.46487e-13
9.93088e-14
6.20813e-14
3.40407e-14
1.51171e-14
4.59495e-15
6.26996e-16
3.71748e-18
1.43145e-17
2.45546e-15
1.86142e-14
6.51955e-14
1.58071e-13
3.0796e-13
5.18223e-13
7.84753e-13
1.09747e-12
1.44242e-12
1.80492e-12
2.17082e-12
2.52761e-12
2.86556e-12
3.17766e-12
3.45941e-12
3.70844e-12
3.92404e-12
4.10679e-12
4.25813e-12
4.3801e-12
4.47502e-12
4.54541e-12
4.59377e-12
4.6225e-12
4.63388e-12
4.63e-12
4.61272e-12
4.58371e-12
4.54442e-12
4.49609e-12
4.43978e-12
4.37636e-12
4.30657e-12
4.23097e-12
4.15011e-12
4.06464e-12
3.97385e-12
3.87843e-12
3.77845e-12
3.67395e-12
3.56493e-12
3.45135e-12
3.33316e-12
3.21034e-12
3.08285e-12
2.95069e-12
2.81394e-12
2.67271e-12
2.52717e-12
2.37759e-12
2.22426e-12
2.06778e-12
1.90896e-12
1.7485e-12
1.58743e-12
1.42695e-12
1.26847e-12
1.11356e-12
9.63952e-13
8.21434e-13
6.87826e-13
5.64909e-13
4.54104e-13
3.56452e-13
2.72434e-13
2.01868e-13
1.43935e-13
9.72911e-14
6.08089e-14
3.33686e-14
1.48226e-14
4.50442e-15
6.13883e-16
3.63875e-18
1.4549e-17
2.49665e-15
1.89344e-14
6.62962e-14
1.60504e-13
3.11862e-13
5.2279e-13
7.87948e-13
1.09595e-12
1.43211e-12
1.78186e-12
2.13097e-12
2.46795e-12
2.78417e-12
3.07379e-12
3.33342e-12
3.56159e-12
3.7583e-12
3.92457e-12
4.0621e-12
4.17301e-12
4.25958e-12
4.32416e-12
4.36902e-12
4.39633e-12
4.40808e-12
4.40607e-12
4.39191e-12
4.36702e-12
4.33262e-12
4.28977e-12
4.23935e-12
4.18212e-12
4.11867e-12
4.0495e-12
3.97527e-12
3.89629e-12
3.81193e-12
3.72288e-12
3.62925e-12
3.53107e-12
3.42836e-12
3.32111e-12
3.20931e-12
3.09295e-12
2.97202e-12
2.84654e-12
2.7166e-12
2.58226e-12
2.44366e-12
2.30095e-12
2.15463e-12
2.00526e-12
1.85339e-12
1.6998e-12
1.54541e-12
1.39135e-12
1.2389e-12
1.08952e-12
9.44806e-13
8.06471e-13
6.76137e-13
5.55591e-13
4.46496e-13
3.5007e-13
2.66984e-13
1.97253e-13
1.40168e-13
9.45701e-14
5.90601e-14
3.24478e-14
1.44242e-14
4.38387e-15
5.96654e-16
3.53551e-18
1.47806e-17
2.53763e-15
1.92533e-14
6.73685e-14
1.62741e-13
3.15004e-13
5.25306e-13
7.86742e-13
1.08642e-12
1.40945e-12
1.74089e-12
2.06739e-12
2.3787e-12
2.66768e-12
2.9299e-12
3.16317e-12
3.36699e-12
3.54199e-12
3.6896e-12
3.81169e-12
3.91033e-12
3.98768e-12
4.04586e-12
4.08686e-12
4.11253e-12
4.12456e-12
4.12446e-12
4.11354e-12
4.09297e-12
4.06376e-12
4.02676e-12
3.9827e-12
3.93219e-12
3.87571e-12
3.81369e-12
3.747e-12
3.67528e-12
3.59832e-12
3.51672e-12
3.43057e-12
3.33992e-12
3.24481e-12
3.14526e-12
3.04129e-12
2.9329e-12
2.82013e-12
2.70295e-12
2.58148e-12
2.45569e-12
2.3258e-12
2.19226e-12
2.05524e-12
1.9152e-12
1.77266e-12
1.62827e-12
1.48281e-12
1.33725e-12
1.19273e-12
1.0506e-12
9.12363e-13
7.79738e-13
6.54664e-13
5.38668e-13
4.33221e-13
3.39589e-13
2.58609e-13
1.90531e-13
1.34981e-13
9.09316e-14
5.67654e-14
3.12462e-14
1.39107e-14
4.23081e-15
5.75042e-16
3.4063e-18
1.49945e-17
2.57579e-15
1.95484e-14
6.83134e-14
1.64469e-13
3.1663e-13
5.24261e-13
7.78484e-13
1.06519e-12
1.36939e-12
1.67617e-12
1.9737e-12
2.25349e-12
2.51012e-12
2.74075e-12
2.94441e-12
3.12147e-12
3.27304e-12
3.40083e-12
3.5067e-12
3.59262e-12
3.66049e-12
3.71212e-12
3.74918e-12
3.77319e-12
3.78551e-12
3.78733e-12
3.77971e-12
3.76355e-12
3.73966e-12
3.70871e-12
3.67126e-12
3.6278e-12
3.57872e-12
3.52438e-12
3.46589e-12
3.402e-12
3.33325e-12
3.25999e-12
3.18231e-12
3.10026e-12
3.01393e-12
2.92333e-12
2.82854e-12
2.72952e-12
2.62645e-12
2.51917e-12
2.40783e-12
2.29258e-12
2.17354e-12
2.05099e-12
1.92522e-12
1.79658e-12
1.6655e-12
1.53255e-12
1.39838e-12
1.26382e-12
1.12985e-12
9.97638e-13
8.68532e-13
7.44043e-13
6.25763e-13
5.15417e-13
4.14661e-13
3.24912e-13
2.47175e-13
1.81851e-13
1.28602e-13
8.63985e-14
5.38935e-14
2.97373e-14
1.32712e-14
4.04292e-15
5.48823e-16
3.25001e-18
1.51691e-17
2.60728e-15
1.97858e-14
6.89813e-14
1.6523e-13
3.15656e-13
5.17537e-13
7.59847e-13
1.02797e-12
1.30663e-12
1.58231e-12
1.845e-12
2.08824e-12
2.30858e-12
2.5047e-12
2.67675e-12
2.82579e-12
2.95345e-12
3.06131e-12
3.1511e-12
3.22448e-12
3.28306e-12
3.32828e-12
3.36148e-12
3.38382e-12
3.39635e-12
3.39998e-12
3.39552e-12
3.38364e-12
3.36494e-12
3.33995e-12
3.3091e-12
3.27281e-12
3.23149e-12
3.18564e-12
3.13561e-12
3.08029e-12
3.02054e-12
2.95645e-12
2.88811e-12
2.8156e-12
2.73901e-12
2.65832e-12
2.57377e-12
2.48504e-12
2.39262e-12
2.29641e-12
2.19655e-12
2.09324e-12
1.98658e-12
1.87675e-12
1.764e-12
1.64861e-12
1.53094e-12
1.41144e-12
1.29064e-12
1.16922e-12
1.04799e-12
9.27923e-13
8.10174e-13
6.96069e-13
5.87082e-13
4.84802e-13
3.90817e-13
3.06572e-13
2.33185e-13
1.71264e-13
1.2075e-13
8.08898e-14
5.04058e-14
2.78954e-14
1.24953e-14
3.81815e-15
5.17842e-16
3.06601e-18
1.52746e-17
2.6267e-15
1.9917e-14
6.91547e-14
1.64373e-13
3.10709e-13
5.02976e-13
7.28406e-13
9.72004e-13
1.2188e-12
1.45748e-12
1.68069e-12
1.88436e-12
2.06688e-12
2.22823e-12
2.3693e-12
2.49143e-12
2.5961e-12
2.68491e-12
2.75935e-12
2.82078e-12
2.87045e-12
2.90947e-12
2.93881e-12
2.95935e-12
2.97183e-12
2.97693e-12
2.97522e-12
2.96719e-12
2.95328e-12
2.93384e-12
2.90921e-12
2.87963e-12
2.84533e-12
2.80734e-12
2.76472e-12
2.71755e-12
2.66633e-12
2.61112e-12
2.55204e-12
2.48913e-12
2.42266e-12
2.35228e-12
2.27863e-12
2.20149e-12
2.12098e-12
2.0372e-12
1.95026e-12
1.86028e-12
1.76738e-12
1.67173e-12
1.57351e-12
1.47295e-12
1.37033e-12
1.266e-12
1.16038e-12
1.05398e-12
9.47443e-13
8.41539e-13
7.37212e-13
6.35578e-13
5.37919e-13
4.45654e-13
3.60263e-13
2.83166e-13
2.15554e-13
1.58204e-13
1.11306e-13
7.43661e-14
4.62862e-14
2.57028e-14
1.15753e-14
3.55503e-15
4.82042e-16
2.85431e-18
1.52721e-17
2.62692e-15
1.98811e-14
6.86124e-14
1.61328e-13
3.00457e-13
4.77831e-13
6.79829e-13
8.91301e-13
1.09962e-12
1.29644e-12
1.47717e-12
1.63999e-12
1.78476e-12
1.91226e-12
2.02373e-12
2.1205e-12
2.20388e-12
2.27514e-12
2.33541e-12
2.38571e-12
2.42692e-12
2.45984e-12
2.48515e-12
2.50344e-12
2.51525e-12
2.52104e-12
2.5212e-12
2.51609e-12
2.506e-12
2.49121e-12
2.47193e-12
2.44834e-12
2.42108e-12
2.39034e-12
2.35518e-12
2.31634e-12
2.27396e-12
2.22812e-12
2.17906e-12
2.12646e-12
2.07088e-12
2.01217e-12
1.95042e-12
1.8857e-12
1.8181e-12
1.74771e-12
1.67464e-12
1.599e-12
1.52091e-12
1.44049e-12
1.35791e-12
1.27334e-12
1.187e-12
1.09912e-12
1.01003e-12
9.20091e-13
8.29772e-13
7.39655e-13
6.50465e-13
5.63082e-13
4.78561e-13
3.98111e-13
3.23049e-13
2.54704e-13
1.94277e-13
1.42662e-13
1.00259e-13
6.68415e-14
4.15537e-14
2.31549e-14
1.05084e-14
3.25274e-15
4.41499e-16
2.61576e-18
1.51157e-17
2.59949e-15
1.95902e-14
6.68884e-14
1.5467e-13
2.81886e-13
4.38146e-13
6.09549e-13
7.82742e-13
9.48462e-13
1.10154e-12
1.23989e-12
1.36334e-12
1.47263e-12
1.56887e-12
1.65326e-12
1.72693e-12
1.79089e-12
1.84603e-12
1.89316e-12
1.93294e-12
1.96598e-12
1.99279e-12
2.01382e-12
2.02948e-12
2.04009e-12
2.04599e-12
2.04742e-12
2.04462e-12
2.0378e-12
2.02713e-12
2.01278e-12
1.99491e-12
1.97451e-12
1.95041e-12
1.92291e-12
1.89238e-12
1.8589e-12
1.82243e-12
1.78323e-12
1.7414e-12
1.69692e-12
1.64987e-12
1.60032e-12
1.54835e-12
1.49404e-12
1.43746e-12
1.37872e-12
1.31791e-12
1.25513e-12
1.19048e-12
1.1241e-12
1.0561e-12
9.86635e-13
9.15882e-13
8.44044e-13
7.71372e-13
6.98182e-13
6.24876e-13
5.51966e-13
4.80103e-13
4.10092e-13
3.429e-13
2.79627e-13
2.2145e-13
1.69504e-13
1.24725e-13
8.76751e-14
5.83768e-14
3.6253e-14
2.02652e-14
9.30025e-15
2.91102e-15
3.96443e-16
2.35221e-18
1.47212e-17
2.52757e-15
1.88874e-14
6.33458e-14
1.42827e-13
2.52899e-13
3.82242e-13
5.17735e-13
6.49533e-13
7.72052e-13
8.83042e-13
9.82254e-13
1.07037e-12
1.1484e-12
1.21736e-12
1.27819e-12
1.33168e-12
1.37851e-12
1.41926e-12
1.45443e-12
1.48442e-12
1.50962e-12
1.53033e-12
1.54685e-12
1.55941e-12
1.56824e-12
1.57353e-12
1.57546e-12
1.57416e-12
1.56978e-12
1.56241e-12
1.55217e-12
1.53968e-12
1.52472e-12
1.50682e-12
1.48643e-12
1.46365e-12
1.4384e-12
1.41112e-12
1.38163e-12
1.35003e-12
1.31639e-12
1.28076e-12
1.24321e-12
1.2038e-12
1.1626e-12
1.11968e-12
1.07512e-12
1.02898e-12
9.81355e-13
9.32321e-13
8.81963e-13
8.30372e-13
7.77644e-13
7.23888e-13
6.69228e-13
6.13817e-13
5.57844e-13
5.01559e-13
4.45291e-13
3.89473e-13
3.34669e-13
2.81588e-13
2.31083e-13
1.84113e-13
1.41673e-13
1.04663e-13
7.37296e-14
4.90995e-14
3.04774e-14
1.70853e-14
7.95394e-15
2.53125e-15
3.47276e-16
2.06663e-18
1.40039e-17
2.39424e-15
1.76153e-14
5.74353e-14
1.24845e-13
2.12994e-13
3.10666e-13
4.0795e-13
4.99084e-13
5.81743e-13
6.55637e-13
7.21364e-13
7.79784e-13
8.31735e-13
8.77939e-13
9.18992e-13
9.55377e-13
9.87489e-13
1.01566e-12
1.04016e-12
1.06124e-12
1.0791e-12
1.09393e-12
1.10589e-12
1.11513e-12
1.12178e-12
1.12596e-12
1.12777e-12
1.12731e-12
1.12463e-12
1.11981e-12
1.11308e-12
1.10492e-12
1.09449e-12
1.0822e-12
1.06799e-12
1.05215e-12
1.0347e-12
1.01566e-12
9.95048e-13
9.72933e-13
9.49359e-13
9.24374e-13
8.98026e-13
8.70367e-13
8.41446e-13
8.11316e-13
7.80031e-13
7.47646e-13
7.14216e-13
6.79798e-13
6.44446e-13
6.08216e-13
5.71165e-13
5.33352e-13
4.94842e-13
4.55714e-13
4.16065e-13
3.76027e-13
3.35782e-13
2.95584e-13
2.55783e-13
2.16842e-13
1.79356e-13
1.44035e-13
1.11667e-13
8.3029e-14
5.87638e-14
3.92298e-14
2.43774e-14
1.37196e-14
6.49113e-15
2.11643e-15
2.94661e-16
1.76338e-18
1.28747e-17
2.18103e-15
1.56005e-14
4.8611e-14
1.00328e-13
1.63029e-13
2.2779e-13
2.89093e-13
3.44704e-13
3.94323e-13
4.3844e-13
4.77735e-13
5.12837e-13
5.44265e-13
5.72424e-13
5.97628e-13
6.20126e-13
6.40118e-13
6.57768e-13
6.73218e-13
6.86591e-13
6.97995e-13
7.07529e-13
7.15281e-13
7.21333e-13
7.25759e-13
7.28624e-13
7.29989e-13
7.29901e-13
7.28393e-13
7.25473e-13
7.21647e-13
7.1658e-13
7.10105e-13
7.02325e-13
6.93533e-13
6.8366e-13
6.72728e-13
6.60771e-13
6.4782e-13
6.33909e-13
6.19069e-13
6.03334e-13
5.86736e-13
5.69308e-13
5.51082e-13
5.32093e-13
5.12375e-13
4.91961e-13
4.70887e-13
4.49183e-13
4.26883e-13
4.04016e-13
3.80608e-13
3.56687e-13
3.3228e-13
3.07416e-13
2.82134e-13
2.56487e-13
2.30556e-13
2.04463e-13
1.78391e-13
1.52599e-13
1.27445e-13
1.03386e-13
8.09687e-14
6.07799e-14
4.33665e-14
2.91207e-14
1.81635e-14
1.02753e-14
4.95074e-15
1.67215e-15
2.39473e-16
1.44823e-18
1.12315e-17
1.86562e-15
1.26664e-14
3.66933e-14
7.04959e-14
1.07565e-13
1.43166e-13
1.7542e-13
2.04074e-13
2.29492e-13
2.52147e-13
2.72455e-13
2.9074e-13
3.07242e-13
3.22139e-13
3.35565e-13
3.47624e-13
3.584e-13
3.67964e-13
3.76377e-13
3.83694e-13
3.89965e-13
3.95236e-13
3.9955e-13
4.02947e-13
4.05462e-13
4.07131e-13
4.07982e-13
4.08037e-13
4.073e-13
4.05839e-13
4.03949e-13
4.01234e-13
3.97717e-13
3.93629e-13
3.88946e-13
3.83667e-13
3.77809e-13
3.71393e-13
3.64437e-13
3.56958e-13
3.48975e-13
3.40505e-13
3.31568e-13
3.2218e-13
3.12359e-13
3.02122e-13
2.91487e-13
2.80472e-13
2.69095e-13
2.57371e-13
2.45314e-13
2.32937e-13
2.2025e-13
2.07262e-13
1.93977e-13
1.80403e-13
1.66546e-13
1.52419e-13
1.38044e-13
1.23464e-13
1.08751e-13
9.40197e-14
7.94443e-14
6.52662e-14
5.17974e-14
3.94053e-14
2.84716e-14
1.93246e-14
1.21528e-14
6.93069e-15
3.40468e-15
1.20975e-15
1.82778e-16
1.12819e-18
8.99392e-18
1.42918e-15
8.76682e-15
2.26164e-14
3.93379e-14
5.57418e-14
7.05434e-14
8.36046e-14
9.51501e-14
1.05446e-13
1.14711e-13
1.23103e-13
1.30734e-13
1.37682e-13
1.44004e-13
1.4974e-13
1.54924e-13
1.59582e-13
1.63737e-13
1.67411e-13
1.70622e-13
1.7339e-13
1.75732e-13
1.77664e-13
1.79203e-13
1.80363e-13
1.81157e-13
1.81599e-13
1.81695e-13
1.81441e-13
1.80907e-13
1.80183e-13
1.79034e-13
1.77598e-13
1.75916e-13
1.73968e-13
1.71764e-13
1.6931e-13
1.66616e-13
1.63688e-13
1.60536e-13
1.57166e-13
1.53587e-13
1.49806e-13
1.4583e-13
1.41665e-13
1.37318e-13
1.32798e-13
1.2811e-13
1.23262e-13
1.1826e-13
1.13108e-13
1.0781e-13
1.02369e-13
9.67842e-14
9.10559e-14
8.51817e-14
7.91589e-14
7.29854e-14
6.66613e-14
6.01931e-14
5.35978e-14
4.69101e-14
4.01897e-14
3.35299e-14
2.70634e-14
2.09621e-14
1.54257e-14
1.06541e-14
6.80296e-15
3.93275e-15
1.9729e-15
7.51069e-16
1.25486e-16
8.10722e-19
6.18522e-18
8.73185e-16
4.3507e-15
9.3351e-15
1.43604e-14
1.88564e-14
2.28113e-14
2.63095e-14
2.94439e-14
3.22854e-14
3.48828e-14
3.72684e-14
3.94636e-14
4.14827e-14
4.33357e-14
4.50303e-14
4.65725e-14
4.79678e-14
4.92209e-14
5.03367e-14
5.13197e-14
5.21744e-14
5.29053e-14
5.35169e-14
5.40133e-14
5.43986e-14
5.46768e-14
5.48512e-14
5.4924e-14
5.48936e-14
5.47801e-14
5.4612e-14
5.43142e-14
5.39386e-14
5.34882e-14
5.29595e-14
5.2355e-14
5.16773e-14
5.09287e-14
5.01115e-14
4.92279e-14
4.82801e-14
4.72704e-14
4.62008e-14
4.50728e-14
4.38878e-14
4.26478e-14
4.13552e-14
4.00119e-14
3.86198e-14
3.71803e-14
3.56944e-14
3.41626e-14
3.25853e-14
3.09618e-14
2.92913e-14
2.75719e-14
2.58014e-14
2.39771e-14
2.20964e-14
2.01578e-14
1.81615e-14
1.61123e-14
1.40213e-14
1.19095e-14
9.81088e-15
7.77487e-15
5.86582e-15
4.1579e-15
2.72294e-15
1.61144e-15
8.31253e-16
3.37375e-16
6.88845e-17
5.04839e-19
3.08843e-18
2.81396e-16
9.0896e-16
1.55718e-15
2.13938e-15
2.65751e-15
3.12461e-15
3.55111e-15
3.94426e-15
4.30893e-15
4.64829e-15
4.96441e-15
5.25864e-15
5.53189e-15
5.78482e-15
6.01796e-15
6.23178e-15
6.42672e-15
6.60324e-15
6.76181e-15
6.90291e-15
7.02704e-15
7.13473e-15
7.22649e-15
7.30284e-15
7.3643e-15
7.41135e-15
7.44444e-15
7.46389e-15
7.46972e-15
7.46307e-15
7.44897e-15
7.4195e-15
7.37869e-15
7.32723e-15
7.26528e-15
7.19315e-15
7.11112e-15
7.01952e-15
6.91864e-15
6.80878e-15
6.69022e-15
6.56323e-15
6.42806e-15
6.28481e-15
6.1333e-15
5.97414e-15
5.8077e-15
5.63425e-15
5.45401e-15
5.26715e-15
5.07378e-15
4.87395e-15
4.66767e-15
4.45483e-15
4.23525e-15
4.00864e-15
3.77458e-15
3.53256e-15
3.28201e-15
3.02235e-15
2.75312e-15
2.47424e-15
2.18628e-15
1.8909e-15
1.59139e-15
1.29319e-15
1.00433e-15
7.35324e-16
4.98293e-16
3.04823e-16
1.62363e-16
7.01912e-17
1.83608e-17
2.28103e-19
6.60175e-19
3.12138e-18
6.2919e-18
9.44361e-18
1.24245e-17
1.51991e-17
1.77816e-17
2.01944e-17
2.24553e-17
2.45772e-17
2.65692e-17
2.84375e-17
3.01864e-17
3.18188e-17
3.33369e-17
3.47427e-17
3.6038e-17
3.72247e-17
3.8305e-17
3.92811e-17
4.01555e-17
4.09307e-17
4.16095e-17
4.21948e-17
4.26894e-17
4.30963e-17
4.3418e-17
4.36574e-17
4.38164e-17
4.38959e-17
4.38976e-17
4.38506e-17
4.37278e-17
4.35296e-17
4.32679e-17
4.29442e-17
4.25603e-17
4.21179e-17
4.16188e-17
4.10648e-17
4.04575e-17
3.97985e-17
3.90896e-17
3.83321e-17
3.75282e-17
3.668e-17
3.57872e-17
3.48511e-17
3.3873e-17
3.28541e-17
3.17953e-17
3.06973e-17
2.95605e-17
2.83848e-17
2.71698e-17
2.59144e-17
2.46169e-17
2.3275e-17
2.18856e-17
2.04451e-17
1.89494e-17
1.73949e-17
1.57792e-17
1.41028e-17
1.23713e-17
1.05982e-17
8.80852e-18
7.04148e-18
5.35232e-18
3.80988e-18
2.48812e-18
1.44901e-18
7.19342e-19
2.74581e-19
5.43381e-20
)
;

boundaryField
{
    movingWall
    {
        type            nutkWallFunction;
        Cmu             0.09;
        kappa           0.41;
        E               9.8;
        value           uniform 0;
    }
    fixedWalls
    {
        type            nutkWallFunction;
        Cmu             0.09;
        kappa           0.41;
        E               9.8;
        value           uniform 0;
    }
    frontAndBack
    {
        type            empty;
    }
}


// ************************************************************************* //
