/*--------------------------------*- C++ -*----------------------------------*\
  =========                 |
  \\      /  F ield         | OpenFOAM: The Open Source CFD Toolbox
   \\    /   O peration     | Website:  https://openfoam.org
    \\  /    A nd           | Version:  12
     \\/     M anipulation  |
\*---------------------------------------------------------------------------*/
FoamFile
{
    format      ascii;
    class       volScalarField;
    location    "1.5";
    object      epsilon;
}
// * * * * * * * * * * * * * * * * * * * * * * * * * * * * * * * * * * * * * //

dimensions      [0 2 -3 0 0 0 0];

internalField   nonuniform List<scalar> 
5625
(
1.01117e-06
5.04809e-06
1.10155e-05
1.81212e-05
2.59892e-05
3.43808e-05
4.31164e-05
5.20504e-05
6.10606e-05
7.00433e-05
7.89114e-05
8.75922e-05
9.60276e-05
0.000104173
0.000111995
0.000119476
0.000126605
0.000133382
0.000139814
0.000145916
0.000151702
0.000157191
0.000162401
0.000167348
0.000172045
0.000176501
0.000180718
0.000184697
0.000188428
0.0001919
0.000195094
0.000197989
0.000200558
0.000202771
0.000204596
0.000206
0.000206945
0.000207394
0.000207343
0.000206746
0.000205576
0.000203813
0.00020144
0.000198451
0.000194844
0.000190625
0.00018581
0.000180422
0.000174493
0.000168061
0.000161174
0.000153885
0.000146251
0.000138336
0.000130204
0.000121921
0.000113553
0.000105165
9.6816e-05
8.85634e-05
8.0458e-05
7.25451e-05
6.48633e-05
5.74451e-05
5.03171e-05
4.35005e-05
3.70137e-05
3.08708e-05
2.50872e-05
1.96823e-05
1.46837e-05
1.01363e-05
6.11942e-06
2.7935e-06
5.59033e-07
5.05411e-06
4.11711e-06
6.1766e-06
9.21595e-06
1.27665e-05
1.66313e-05
2.06946e-05
2.4874e-05
2.9105e-05
3.33346e-05
3.75192e-05
4.16228e-05
4.56165e-05
4.9478e-05
5.31915e-05
5.67464e-05
6.01377e-05
6.33645e-05
6.64295e-05
6.93382e-05
7.20977e-05
7.47159e-05
7.72008e-05
7.95595e-05
8.17975e-05
8.39185e-05
8.59241e-05
8.7813e-05
8.95817e-05
9.1224e-05
9.27314e-05
9.40934e-05
9.52975e-05
9.63297e-05
9.71753e-05
9.78184e-05
9.82422e-05
9.84306e-05
9.83799e-05
9.80704e-05
9.74901e-05
9.66295e-05
9.54821e-05
9.40448e-05
9.23175e-05
9.0304e-05
8.80119e-05
8.54525e-05
8.26408e-05
7.95954e-05
7.63383e-05
7.2894e-05
6.92899e-05
6.55548e-05
6.17187e-05
5.78125e-05
5.38663e-05
4.991e-05
4.59716e-05
4.20774e-05
3.82513e-05
3.45145e-05
3.08854e-05
2.73796e-05
2.40103e-05
2.07883e-05
1.77235e-05
1.48244e-05
1.2101e-05
9.56713e-06
7.2444e-06
5.1725e-06
3.43717e-06
2.27719e-06
2.79175e-06
1.10824e-05
6.21896e-06
6.36429e-06
7.86378e-06
9.98685e-06
1.24617e-05
1.51508e-05
1.79694e-05
2.08576e-05
2.37699e-05
2.66703e-05
2.95296e-05
3.23249e-05
3.50381e-05
3.76561e-05
4.017e-05
4.25744e-05
4.48676e-05
4.705e-05
4.91243e-05
5.10943e-05
5.29646e-05
5.47398e-05
5.64241e-05
5.80206e-05
5.95313e-05
6.09566e-05
6.22953e-05
6.35445e-05
6.46995e-05
6.57544e-05
6.67015e-05
6.75323e-05
6.82373e-05
6.88062e-05
6.92288e-05
6.94922e-05
6.95886e-05
6.95141e-05
6.92563e-05
6.88078e-05
6.81631e-05
6.73187e-05
6.62732e-05
6.50276e-05
6.35852e-05
6.1952e-05
6.01363e-05
5.8149e-05
5.60031e-05
5.37139e-05
5.12983e-05
4.87748e-05
4.61631e-05
4.34836e-05
4.07568e-05
3.80034e-05
3.52433e-05
3.24957e-05
2.97784e-05
2.71079e-05
2.44991e-05
2.1965e-05
1.95173e-05
1.71661e-05
1.49209e-05
1.27907e-05
1.07855e-05
8.91801e-06
7.20726e-06
5.68536e-06
4.41371e-06
3.52896e-06
3.42274e-06
6.09943e-06
1.83843e-05
9.37e-06
7.95951e-06
8.40435e-06
9.65926e-06
1.13596e-05
1.3331e-05
1.54725e-05
1.77172e-05
2.00167e-05
2.23341e-05
2.46403e-05
2.69122e-05
2.91321e-05
3.12861e-05
3.33648e-05
3.53615e-05
3.72729e-05
3.90977e-05
4.08365e-05
4.2491e-05
4.40638e-05
4.55575e-05
4.69745e-05
4.83165e-05
4.95844e-05
5.07779e-05
5.18953e-05
5.2934e-05
5.38898e-05
5.47575e-05
5.55311e-05
5.62034e-05
5.6767e-05
5.72139e-05
5.75361e-05
5.77214e-05
5.77687e-05
5.76721e-05
5.74231e-05
5.70166e-05
5.64491e-05
5.57184e-05
5.48242e-05
5.37681e-05
5.25535e-05
5.11858e-05
4.96721e-05
4.80216e-05
4.62453e-05
4.43554e-05
4.23658e-05
4.02914e-05
3.81479e-05
3.59515e-05
3.37189e-05
3.14663e-05
2.92097e-05
2.69645e-05
2.47451e-05
2.2565e-05
2.04365e-05
1.83709e-05
1.63786e-05
1.44695e-05
1.26533e-05
1.09406e-05
9.34444e-06
7.88248e-06
6.5819e-06
5.48864e-06
4.68951e-06
4.37732e-06
5.11898e-06
1.00538e-05
2.66816e-05
1.31435e-05
1.0257e-05
9.81648e-06
1.04043e-05
1.15521e-05
1.30434e-05
1.47568e-05
1.66147e-05
1.85623e-05
2.05585e-05
2.25712e-05
2.45752e-05
2.65506e-05
2.84818e-05
3.03573e-05
3.21689e-05
3.39113e-05
3.55813e-05
3.71779e-05
3.8701e-05
4.01516e-05
4.15308e-05
4.28398e-05
4.40792e-05
4.52491e-05
4.63486e-05
4.73758e-05
4.83278e-05
4.92007e-05
4.99898e-05
5.06895e-05
5.12936e-05
5.17957e-05
5.21889e-05
5.24665e-05
5.26156e-05
5.26407e-05
5.25338e-05
5.22882e-05
5.18997e-05
5.13657e-05
5.06847e-05
4.98567e-05
4.88835e-05
4.77683e-05
4.65163e-05
4.51341e-05
4.36301e-05
4.20141e-05
4.02975e-05
3.84927e-05
3.66133e-05
3.46735e-05
3.2688e-05
3.06717e-05
2.86396e-05
2.66061e-05
2.45852e-05
2.25902e-05
2.06335e-05
1.87268e-05
1.68809e-05
1.51064e-05
1.34136e-05
1.18137e-05
1.03197e-05
8.94804e-06
7.72206e-06
6.67734e-06
5.87387e-06
5.42489e-06
5.58199e-06
7.11196e-06
1.44588e-05
3.58413e-05
1.73894e-05
1.30132e-05
1.17557e-05
1.1772e-05
1.24744e-05
1.36016e-05
1.50106e-05
1.66102e-05
1.83365e-05
2.01433e-05
2.19944e-05
2.38607e-05
2.57192e-05
2.75516e-05
2.9344e-05
3.10859e-05
3.27697e-05
3.43907e-05
3.59459e-05
3.74339e-05
3.88542e-05
4.02069e-05
4.14922e-05
4.27099e-05
4.38594e-05
4.49395e-05
4.59478e-05
4.68815e-05
4.77368e-05
4.85091e-05
4.9193e-05
4.97829e-05
5.02728e-05
5.06562e-05
5.0927e-05
5.10721e-05
5.10977e-05
5.09965e-05
5.07609e-05
5.03872e-05
4.98725e-05
4.92153e-05
4.84156e-05
4.74748e-05
4.63959e-05
4.51836e-05
4.38443e-05
4.2386e-05
4.08183e-05
3.91524e-05
3.74005e-05
3.55761e-05
3.36934e-05
3.17672e-05
2.98125e-05
2.78443e-05
2.58772e-05
2.39254e-05
2.20024e-05
2.01209e-05
1.8293e-05
1.65302e-05
1.48437e-05
1.32453e-05
1.17477e-05
1.03665e-05
9.12183e-06
8.04239e-06
7.17241e-06
6.58592e-06
6.42214e-06
6.99666e-06
9.29901e-06
1.91952e-05
4.57915e-05
2.20407e-05
1.61208e-05
1.40679e-05
1.35629e-05
1.38825e-05
1.47144e-05
1.58902e-05
1.73059e-05
1.88899e-05
2.05883e-05
2.23589e-05
2.4168e-05
2.59888e-05
2.77995e-05
2.95832e-05
3.13269e-05
3.30209e-05
3.46584e-05
3.62349e-05
3.77477e-05
3.91953e-05
4.05767e-05
4.18914e-05
4.31387e-05
4.43177e-05
4.54267e-05
4.64635e-05
4.7425e-05
4.83075e-05
4.91063e-05
4.98165e-05
5.04323e-05
5.09477e-05
5.13566e-05
5.16527e-05
5.18231e-05
5.18703e-05
5.17915e-05
5.15769e-05
5.12221e-05
5.07238e-05
5.00797e-05
4.92892e-05
4.83531e-05
4.72737e-05
4.60554e-05
4.47043e-05
4.32283e-05
4.16373e-05
3.99426e-05
3.81573e-05
3.62956e-05
3.43728e-05
3.24048e-05
3.04079e-05
2.83985e-05
2.63924e-05
2.44053e-05
2.24519e-05
2.05461e-05
1.87012e-05
1.693e-05
1.52451e-05
1.36598e-05
1.21889e-05
1.08505e-05
9.66843e-06
8.67684e-06
7.92803e-06
7.50988e-06
7.58928e-06
8.55081e-06
1.16232e-05
2.41786e-05
5.64907e-05
2.70627e-05
1.95258e-05
1.66743e-05
1.56728e-05
1.56476e-05
1.62297e-05
1.72239e-05
1.85103e-05
2.00066e-05
2.16509e-05
2.33955e-05
2.52019e-05
2.70385e-05
2.88801e-05
3.07063e-05
3.25013e-05
3.4253e-05
3.59528e-05
3.75946e-05
3.91745e-05
4.06899e-05
4.21394e-05
4.35218e-05
4.48363e-05
4.60815e-05
4.72558e-05
4.83569e-05
4.93817e-05
5.03264e-05
5.11866e-05
5.19571e-05
5.26321e-05
5.32053e-05
5.36702e-05
5.402e-05
5.42435e-05
5.43333e-05
5.42959e-05
5.41169e-05
5.37909e-05
5.33133e-05
5.26807e-05
5.18912e-05
5.09446e-05
4.98426e-05
4.85887e-05
4.71889e-05
4.56512e-05
4.39857e-05
4.22048e-05
4.03227e-05
3.8355e-05
3.63191e-05
3.42327e-05
3.21146e-05
2.99832e-05
2.7857e-05
2.57537e-05
2.36902e-05
2.16827e-05
1.97464e-05
1.78958e-05
1.61453e-05
1.45102e-05
1.30075e-05
1.1658e-05
1.04891e-05
9.54009e-06
8.87131e-06
8.58479e-06
8.87627e-06
1.02037e-05
1.40471e-05
2.93445e-05
6.79143e-05
3.2436e-05
2.31982e-05
1.95308e-05
1.80414e-05
1.76961e-05
1.80598e-05
1.89087e-05
2.01058e-05
2.15568e-05
2.31918e-05
2.49558e-05
2.68044e-05
2.87011e-05
3.06163e-05
3.2526e-05
3.44115e-05
3.62583e-05
3.80558e-05
3.97966e-05
4.14758e-05
4.309e-05
4.46374e-05
4.61166e-05
4.75266e-05
4.88662e-05
5.01337e-05
5.1327e-05
5.2443e-05
5.34779e-05
5.44273e-05
5.52857e-05
5.60471e-05
5.67047e-05
5.72511e-05
5.76785e-05
5.79784e-05
5.8133e-05
5.8153e-05
5.80252e-05
5.77395e-05
5.72898e-05
5.66709e-05
5.58795e-05
5.4914e-05
5.37748e-05
5.24651e-05
5.09902e-05
4.93583e-05
4.75802e-05
4.56694e-05
4.36415e-05
4.15144e-05
3.93077e-05
3.7042e-05
3.4739e-05
3.24203e-05
3.01074e-05
2.78214e-05
2.55821e-05
2.34083e-05
2.13181e-05
1.93282e-05
1.74556e-05
1.57175e-05
1.41335e-05
1.2727e-05
1.15291e-05
1.05841e-05
9.96059e-06
9.7749e-06
1.02531e-05
1.19294e-05
1.65439e-05
3.46433e-05
8.00463e-05
3.81485e-05
2.712e-05
2.261e-05
2.06327e-05
1.99821e-05
2.01503e-05
2.08826e-05
2.20222e-05
2.34624e-05
2.51235e-05
2.69429e-05
2.88694e-05
3.08611e-05
3.28836e-05
3.49092e-05
3.6916e-05
3.88871e-05
4.08101e-05
4.26764e-05
4.448e-05
4.62174e-05
4.78864e-05
4.94858e-05
5.10145e-05
5.24717e-05
5.38559e-05
5.51652e-05
5.63966e-05
5.75464e-05
5.86098e-05
5.95813e-05
6.0454e-05
6.12206e-05
6.18727e-05
6.24011e-05
6.27965e-05
6.30421e-05
6.31323e-05
6.30706e-05
6.28373e-05
6.24239e-05
6.18234e-05
6.10304e-05
6.00417e-05
5.88566e-05
5.74772e-05
5.59085e-05
5.41588e-05
5.22394e-05
5.01652e-05
4.79535e-05
4.56245e-05
4.32006e-05
4.07058e-05
3.81652e-05
3.56043e-05
3.30485e-05
3.05225e-05
2.80501e-05
2.56536e-05
2.33542e-05
2.11719e-05
1.91262e-05
1.72372e-05
1.55268e-05
1.40217e-05
1.27563e-05
1.17803e-05
1.11708e-05
1.10583e-05
1.17005e-05
1.37105e-05
1.90941e-05
4.00377e-05
9.28742e-05
4.41914e-05
3.1279e-05
2.58946e-05
2.3423e-05
2.24755e-05
2.24659e-05
2.31045e-05
2.42137e-05
2.56725e-05
2.73904e-05
2.9296e-05
3.13311e-05
3.34476e-05
3.56061e-05
3.77747e-05
3.99284e-05
4.20479e-05
4.4119e-05
4.61321e-05
4.80807e-05
4.9961e-05
5.17709e-05
5.35094e-05
5.5176e-05
5.67701e-05
5.82907e-05
5.97361e-05
6.11035e-05
6.23891e-05
6.35881e-05
6.46943e-05
6.57002e-05
6.65973e-05
6.7376e-05
6.80256e-05
6.85348e-05
6.88912e-05
6.90683e-05
6.90837e-05
6.89144e-05
6.85463e-05
6.797e-05
6.71781e-05
6.61657e-05
6.49304e-05
6.34732e-05
6.17987e-05
5.9915e-05
5.78341e-05
5.55718e-05
5.31474e-05
5.05836e-05
4.79058e-05
4.51414e-05
4.23195e-05
3.94699e-05
3.66224e-05
3.38063e-05
3.10498e-05
2.83794e-05
2.58203e-05
2.33962e-05
2.11299e-05
1.90446e-05
1.71654e-05
1.55218e-05
1.41524e-05
1.3112e-05
1.24868e-05
1.24215e-05
1.32066e-05
1.55353e-05
2.16843e-05
4.5501e-05
0.000106386
5.05571e-05
3.56662e-05
2.9372e-05
2.63963e-05
2.51551e-05
2.49823e-05
2.55465e-05
2.66488e-05
2.8152e-05
2.99539e-05
3.19732e-05
3.41439e-05
3.64112e-05
3.87304e-05
4.10653e-05
4.33874e-05
4.56753e-05
4.79133e-05
5.00907e-05
5.22008e-05
5.42399e-05
5.62063e-05
5.80994e-05
5.99194e-05
6.16662e-05
6.33394e-05
6.49376e-05
6.64582e-05
6.78973e-05
6.92497e-05
7.05086e-05
7.16657e-05
7.27113e-05
7.36341e-05
7.44219e-05
7.50612e-05
7.55386e-05
7.58266e-05
7.59233e-05
7.58295e-05
7.55158e-05
7.49709e-05
7.41852e-05
7.31516e-05
7.18662e-05
7.03288e-05
6.8543e-05
6.65166e-05
6.4262e-05
6.17959e-05
5.91392e-05
5.63169e-05
5.33573e-05
5.02916e-05
4.71528e-05
4.39755e-05
4.07944e-05
3.76438e-05
3.45569e-05
3.15655e-05
2.86993e-05
2.59865e-05
2.34539e-05
2.11283e-05
1.90385e-05
1.72175e-05
1.5708e-05
1.45704e-05
1.39003e-05
1.38569e-05
1.47641e-05
1.73969e-05
2.43059e-05
5.10163e-05
0.000120567
5.72376e-05
4.02734e-05
3.30324e-05
2.95402e-05
2.80065e-05
2.76818e-05
2.81885e-05
2.93047e-05
3.08757e-05
3.27859e-05
3.49437e-05
3.72741e-05
3.97153e-05
4.22167e-05
4.47376e-05
4.72465e-05
4.97194e-05
5.21394e-05
5.44952e-05
5.67799e-05
5.89904e-05
6.11253e-05
6.31852e-05
6.51707e-05
6.70827e-05
6.89213e-05
7.06853e-05
7.23724e-05
7.39787e-05
7.54984e-05
7.6924e-05
7.82462e-05
7.94538e-05
8.05341e-05
8.14728e-05
8.22546e-05
8.28636e-05
8.32767e-05
8.34637e-05
8.34533e-05
8.32031e-05
8.26978e-05
8.19254e-05
8.08769e-05
7.95464e-05
7.79321e-05
7.60365e-05
7.38667e-05
7.1435e-05
6.87584e-05
6.58592e-05
6.27641e-05
5.95043e-05
5.61142e-05
5.26313e-05
4.90946e-05
4.55443e-05
4.20201e-05
3.85612e-05
3.52049e-05
3.19866e-05
2.89396e-05
2.60958e-05
2.34864e-05
2.11441e-05
1.91063e-05
1.74203e-05
1.61523e-05
1.54081e-05
1.53613e-05
1.63701e-05
1.92922e-05
2.69552e-05
5.65763e-05
0.000135399
6.42234e-05
4.50923e-05
3.68669e-05
3.28443e-05
3.10183e-05
3.05507e-05
3.10149e-05
3.21638e-05
3.38238e-05
3.58648e-05
3.81834e-05
4.06951e-05
4.33304e-05
4.60326e-05
4.87566e-05
5.14672e-05
5.41386e-05
5.67525e-05
5.92974e-05
6.17667e-05
6.41576e-05
6.64701e-05
6.87053e-05
7.0865e-05
7.29509e-05
7.49637e-05
7.69027e-05
7.87657e-05
8.05484e-05
8.22447e-05
8.38462e-05
8.53425e-05
8.67209e-05
8.79672e-05
8.90651e-05
8.99975e-05
9.07457e-05
9.12894e-05
9.15864e-05
9.16573e-05
9.14806e-05
9.10246e-05
9.02753e-05
8.92217e-05
8.78561e-05
8.61745e-05
8.4178e-05
8.18725e-05
7.92693e-05
7.63855e-05
7.32436e-05
6.98718e-05
6.63033e-05
6.25756e-05
5.87298e-05
5.481e-05
5.08616e-05
4.69304e-05
4.30619e-05
3.93e-05
3.56865e-05
3.22611e-05
2.90613e-05
2.6124e-05
2.34868e-05
2.1192e-05
1.9292e-05
1.78595e-05
1.70111e-05
1.69351e-05
1.80244e-05
2.12212e-05
2.96326e-05
6.21818e-05
0.000150859
7.15026e-05
5.01139e-05
4.08669e-05
3.62998e-05
3.41804e-05
3.35779e-05
3.40129e-05
3.52118e-05
3.69803e-05
3.91723e-05
4.16717e-05
4.43839e-05
4.7231e-05
5.01501e-05
5.3091e-05
5.60154e-05
5.88955e-05
6.17122e-05
6.44537e-05
6.7114e-05
6.96913e-05
7.21865e-05
7.46021e-05
7.69409e-05
7.92054e-05
8.13971e-05
8.35157e-05
8.5559e-05
8.75225e-05
8.93995e-05
9.11808e-05
9.28548e-05
9.44076e-05
9.58233e-05
9.70839e-05
9.81707e-05
9.90628e-05
9.97386e-05
0.000100158
0.000100313
0.000100218
9.98222e-05
9.91083e-05
9.80635e-05
9.66778e-05
9.49452e-05
9.28645e-05
9.04398e-05
8.76807e-05
8.46033e-05
8.12296e-05
7.75881e-05
7.37133e-05
6.96449e-05
6.54274e-05
6.11093e-05
5.67413e-05
5.23757e-05
4.80648e-05
4.38598e-05
3.98102e-05
3.59629e-05
3.23626e-05
2.90526e-05
2.60767e-05
2.3483e-05
2.133e-05
1.96976e-05
1.87134e-05
1.85815e-05
1.97301e-05
2.31868e-05
3.23417e-05
6.78408e-05
0.000166915
7.90606e-05
5.53274e-05
4.50232e-05
3.98977e-05
3.74838e-05
3.67533e-05
3.71713e-05
3.84359e-05
4.03304e-05
4.26916e-05
4.53898e-05
4.83192e-05
5.13933e-05
5.45423e-05
5.77112e-05
6.08585e-05
6.39546e-05
6.69795e-05
6.99218e-05
7.27762e-05
7.5542e-05
7.82215e-05
8.08185e-05
8.3337e-05
8.57806e-05
8.81512e-05
9.0449e-05
9.26719e-05
9.48151e-05
9.68713e-05
9.88305e-05
0.00010068
0.000102405
0.000103988
0.000105409
0.000106649
0.000107685
0.000108494
0.000109042
0.000109287
0.000109281
0.000108956
0.000108293
0.000107274
0.000105889
0.000104128
0.000101988
9.9469e-05
9.65796e-05
9.33331e-05
8.97499e-05
8.58576e-05
8.16906e-05
7.72899e-05
7.27026e-05
6.79808e-05
6.31804e-05
5.83601e-05
5.35796e-05
4.88983e-05
4.43741e-05
4.00627e-05
3.60171e-05
3.22887e-05
2.89288e-05
2.59926e-05
2.35455e-05
2.16755e-05
2.05225e-05
2.03069e-05
2.14926e-05
2.51945e-05
3.50899e-05
7.35683e-05
0.000183529
8.68794e-05
6.07206e-05
4.93258e-05
4.36288e-05
4.09192e-05
4.00669e-05
4.0479e-05
4.18235e-05
4.38598e-05
4.64064e-05
4.9319e-05
5.24799e-05
5.57933e-05
5.91825e-05
6.25875e-05
6.59637e-05
6.92795e-05
7.25149e-05
7.56587e-05
7.87065e-05
8.16593e-05
8.45207e-05
8.72959e-05
8.99904e-05
9.26085e-05
9.5153e-05
9.76244e-05
0.000100021
0.000102336
0.000104564
0.000106694
0.00010871
0.000110599
0.000112341
0.000113917
0.000115305
0.00011648
0.000117419
0.000118095
0.00011845
0.000118527
0.000118287
0.000117691
0.00011672
0.00011536
0.000113599
0.000111431
0.000108853
0.000105868
0.000102488
9.87293e-05
9.46172e-05
9.01847e-05
8.54727e-05
8.05294e-05
7.54097e-05
7.01741e-05
6.48875e-05
5.96171e-05
5.44312e-05
4.93974e-05
4.45814e-05
4.00463e-05
3.5853e-05
3.20622e-05
2.87375e-05
2.59529e-05
2.38057e-05
2.24483e-05
2.21197e-05
2.33195e-05
2.72522e-05
3.78871e-05
7.93856e-05
0.000200656
9.49375e-05
6.62787e-05
5.37631e-05
4.7483e-05
4.44769e-05
4.35085e-05
4.39247e-05
4.53617e-05
4.75537e-05
5.02997e-05
5.34397e-05
5.68437e-05
6.0406e-05
6.40427e-05
6.76887e-05
7.12964e-05
7.48327e-05
7.82772e-05
8.16194e-05
8.48564e-05
8.79905e-05
9.10271e-05
9.3973e-05
9.68348e-05
9.96181e-05
0.000102326
0.00010496
0.000107517
0.000109993
0.000112379
0.000114664
0.000116835
0.000118873
0.000120762
0.00012248
0.000124005
0.000125313
0.000126379
0.000127177
0.000127652
0.000127814
0.000127673
0.000127162
0.000126261
0.000124955
0.000123229
0.00012107
0.000118474
0.000115439
0.00011197
0.000108081
0.000103793
9.91344e-05
9.41453e-05
8.8873e-05
8.33739e-05
7.7712e-05
7.19577e-05
6.61858e-05
6.04739e-05
5.49002e-05
4.9542e-05
4.44741e-05
3.97693e-05
3.54992e-05
3.17381e-05
2.857e-05
2.6103e-05
2.45033e-05
2.40307e-05
2.52204e-05
2.93696e-05
4.0746e-05
8.53184e-05
0.00021824
0.00010321
7.19851e-05
5.83223e-05
5.14494e-05
4.81463e-05
4.70672e-05
4.74964e-05
4.90369e-05
5.13964e-05
5.43533e-05
5.77311e-05
6.13868e-05
6.52046e-05
6.90929e-05
7.29817e-05
7.68201e-05
8.05738e-05
8.42225e-05
8.77565e-05
9.11743e-05
9.448e-05
9.76809e-05
0.000100785
0.000103801
0.000106735
0.000109591
0.00011237
0.000115071
0.000117688
0.000120213
0.000122635
0.000124939
0.000127109
0.000129126
0.000130971
0.00013262
0.000134049
0.000135233
0.000136148
0.000136751
0.000137005
0.000136971
0.000136563
0.000135759
0.000134537
0.000132881
0.000130775
0.000128208
0.000125173
0.000121671
0.000117706
0.000113296
0.000108464
0.000103246
9.76857e-05
9.18397e-05
8.57738e-05
7.95627e-05
7.32884e-05
6.70378e-05
6.09007e-05
5.49671e-05
4.93258e-05
4.40633e-05
3.92646e-05
3.5017e-05
3.14169e-05
2.85848e-05
2.67022e-05
2.60524e-05
2.72065e-05
3.15579e-05
4.36809e-05
9.13963e-05
0.000236221
0.000111667
7.78206e-05
6.2989e-05
5.55157e-05
5.19159e-05
5.07308e-05
5.11807e-05
5.28338e-05
5.53702e-05
5.85469e-05
6.21701e-05
6.60832e-05
7.01597e-05
7.43005e-05
7.84303e-05
8.24953e-05
8.64601e-05
9.03044e-05
9.40196e-05
9.7606e-05
0.000101069
0.000104419
0.000107665
0.000110817
0.000113882
0.000116865
0.000119768
0.00012259
0.000125324
0.000127964
0.000130499
0.000132913
0.000135191
0.000137315
0.000139266
0.000141021
0.000142558
0.000143851
0.000144876
0.000145607
0.000145974
0.000146043
0.000145758
0.000145073
0.000143968
0.00014242
0.000140411
0.000137924
0.000134945
0.000131468
0.000127492
0.000123025
0.000118084
0.000112696
0.000106903
0.000100758
9.43252e-05
8.76826e-05
8.0918e-05
7.41274e-05
6.74123e-05
6.08768e-05
5.46254e-05
4.87609e-05
4.33845e-05
3.8599e-05
3.45158e-05
3.12706e-05
2.90613e-05
2.81989e-05
2.92904e-05
3.38297e-05
4.67074e-05
9.76514e-05
0.000254525
0.000120277
8.37639e-05
6.77468e-05
5.96683e-05
5.57728e-05
5.44863e-05
5.49631e-05
5.67358e-05
5.94561e-05
6.28584e-05
6.67315e-05
7.09042e-05
7.52395e-05
7.96302e-05
8.39959e-05
8.82799e-05
9.24457e-05
9.64733e-05
0.000100355
0.000104094
0.000107698
0.000111177
0.000114543
0.000117808
0.00012098
0.000124065
0.000127066
0.000129981
0.000132806
0.000135532
0.000138151
0.000140648
0.000143009
0.000145216
0.000147252
0.000149095
0.000150724
0.000152115
0.000153246
0.000154092
0.000154593
0.000154764
0.000154619
0.000154077
0.000153117
0.000151714
0.000149845
0.000147488
0.000144623
0.000141235
0.000137315
0.000132862
0.000127884
0.000122401
0.000116444
0.000110061
0.000103315
9.62819e-05
8.90545e-05
8.17363e-05
7.44403e-05
6.72856e-05
6.0394e-05
5.38869e-05
4.78848e-05
4.25095e-05
3.78904e-05
3.41812e-05
3.15985e-05
3.04857e-05
3.14855e-05
3.6198e-05
4.9842e-05
0.000104117
0.000273075
0.000129003
8.97912e-05
7.25781e-05
6.38921e-05
5.97031e-05
5.83189e-05
5.88274e-05
6.07245e-05
6.36327e-05
6.72636e-05
7.13875e-05
7.58189e-05
8.04094e-05
8.5044e-05
8.96371e-05
9.41289e-05
9.84821e-05
0.000102677
0.000106708
0.00011058
0.000114301
0.000117886
0.000121348
0.0001247
0.000127952
0.00013111
0.000134178
0.000137156
0.00014004
0.000142823
0.000145496
0.000148047
0.000150463
0.000152729
0.000154827
0.000156739
0.000158445
0.000159923
0.000161152
0.000162109
0.000162752
0.000163036
0.000163037
0.000162657
0.000161868
0.000160643
0.000158953
0.000156773
0.000154076
0.000150839
0.000147044
0.000142681
0.000137745
0.000132246
0.000126206
0.000119662
0.000112671
0.000105306
9.76605e-05
8.98435e-05
8.19784e-05
7.41993e-05
6.66464e-05
5.94624e-05
5.27901e-05
4.67737e-05
4.15648e-05
3.73386e-05
3.43325e-05
3.2929e-05
3.3806e-05
3.86765e-05
5.3101e-05
0.000110826
0.000291784
0.000137805
9.58766e-05
7.74634e-05
6.81711e-05
6.36914e-05
6.22128e-05
6.2756e-05
6.47799e-05
6.7877e-05
7.1736e-05
7.61083e-05
8.07937e-05
8.56325e-05
9.05015e-05
9.53098e-05
9.99949e-05
0.000104519
0.000108862
0.000113021
0.000117002
0.000120817
0.000124481
0.000128011
0.00013142
0.00013472
0.00013792
0.000141024
0.000144032
0.000146943
0.000149751
0.000152449
0.000155025
0.00015747
0.000159771
0.00016191
0.000163873
0.000165641
0.000167195
0.000168515
0.000169578
0.000170359
0.000170796
0.000170924
0.000170725
0.000170128
0.000169106
0.000167629
0.000165666
0.000163185
0.000160156
0.000156551
0.000152349
0.000147536
0.000142106
0.00013607
0.000129454
0.000122301
0.00011468
0.000106679
9.84104e-05
9.00055e-05
8.1612e-05
7.33892e-05
6.55029e-05
5.81214e-05
5.14152e-05
4.55625e-05
4.07645e-05
3.72829e-05
3.55458e-05
3.62664e-05
4.12788e-05
5.65005e-05
0.00011781
0.000310557
0.000146641
0.000101992
8.23819e-05
7.24875e-05
6.7721e-05
6.61506e-05
6.67299e-05
6.88801e-05
7.21641e-05
7.62471e-05
8.08619e-05
8.5793e-05
9.08696e-05
9.596e-05
0.000100968
0.000105829
0.000110503
0.000114973
0.000119236
0.0001233
0.00012718
0.000130895
0.000134462
0.000137897
0.000141213
0.000144422
0.000147528
0.000150535
0.000153441
0.000156244
0.000158937
0.000161513
0.000163963
0.000166277
0.00016844
0.000170439
0.000172258
0.00017388
0.000175286
0.000176455
0.000177365
0.000177972
0.000178236
0.000178222
0.000177832
0.000177034
0.000175794
0.000174079
0.000171851
0.000169076
0.000165717
0.000161742
0.000157126
0.00015185
0.000145909
0.000139314
0.000132095
0.000124307
0.000116032
0.000107378
9.84824e-05
8.95027e-05
8.06171e-05
7.20153e-05
6.3894e-05
5.64544e-05
4.99055e-05
4.44797e-05
4.047e-05
3.83532e-05
3.88811e-05
4.40179e-05
6.00555e-05
0.0001251
0.000329297
0.000155465
0.000108108
8.73112e-05
7.68225e-05
7.17742e-05
7.0114e-05
7.07286e-05
7.3002e-05
7.64675e-05
8.0767e-05
8.56144e-05
9.07795e-05
9.60797e-05
0.000101375
0.000106565
0.000111581
0.000116383
0.000120954
0.000125295
0.000129414
0.000133331
0.000137065
0.000140637
0.000144065
0.000147366
0.00015055
0.000153627
0.000156601
0.000159473
0.000162243
0.000164907
0.000167459
0.000169895
0.000172205
0.000174379
0.000176404
0.000178268
0.000179954
0.000181444
0.00018272
0.000183758
0.000184532
0.000184982
0.000185125
0.000184954
0.000184391
0.000183404
0.000181956
0.000180008
0.000177518
0.000174446
0.000170751
0.000166395
0.000161349
0.000155589
0.000149111
0.000141926
0.000134074
0.000125621
0.000116668
0.00010735
9.78333e-05
8.83106e-05
7.89959e-05
7.01161e-05
6.19067e-05
5.46132e-05
4.85048e-05
4.3912e-05
4.13675e-05
4.16639e-05
4.69062e-05
6.37799e-05
0.000132721
0.000347899
0.000164229
0.000114194
9.22279e-05
8.11565e-05
7.58321e-05
7.40832e-05
7.47306e-05
7.71213e-05
8.07595e-05
8.52642e-05
9.0331e-05
9.57145e-05
0.000101221
0.000106702
0.000112052
0.0001172
0.000122105
0.000126752
0.000131141
0.000135287
0.000139209
0.000142931
0.000146476
0.000149866
0.000153119
0.000156249
0.000159267
0.00016218
0.000164992
0.000167705
0.000170319
0.000172832
0.00017524
0.000177536
0.000179714
0.000181762
0.000183669
0.000185421
0.000187001
0.000188388
0.000189561
0.000190494
0.000191152
0.00019147
0.000191507
0.000191186
0.000190458
0.000189285
0.000187627
0.000185441
0.00018268
0.000179298
0.00017525
0.000170492
0.000164989
0.000158715
0.000151664
0.000143853
0.00013533
0.00012618
0.00011653
0.000106546
9.64335e-05
8.64273e-05
7.67854e-05
6.7781e-05
5.97012e-05
5.2858e-05
4.76266e-05
4.46036e-05
4.4628e-05
4.99549e-05
6.76854e-05
0.000140696
0.000366255
0.000172885
0.000120217
9.71078e-05
8.54687e-05
7.98752e-05
7.80381e-05
7.87136e-05
8.12127e-05
8.50115e-05
8.97067e-05
9.49758e-05
0.000100559
0.000106251
0.000111896
0.000117382
0.000122637
0.000127619
0.000132313
0.000136722
0.000140864
0.000144761
0.000148441
0.000151929
0.00015525
0.000158425
0.000161472
0.000164405
0.000167233
0.000169965
0.000172605
0.000175155
0.000177618
0.000179991
0.000182272
0.000184454
0.00018653
0.000188488
0.000190314
0.000191993
0.000193503
0.000194822
0.000195923
0.000196777
0.000197327
0.000197546
0.000197469
0.000197
0.000196102
0.000194732
0.000192849
0.000190404
0.000187348
0.000183631
0.0001792
0.000174007
0.000168011
0.000161182
0.000153515
0.000145034
0.0001358
0.000125924
0.000115565
0.000104932
9.42771e-05
8.38881e-05
7.40776e-05
6.51789e-05
5.75543e-05
5.16315e-05
4.80724e-05
4.77854e-05
5.31741e-05
7.17819e-05
0.000149043
0.000384258
0.000181381
0.000126145
0.000101926
8.97377e-05
8.38831e-05
8.19577e-05
8.26548e-05
8.52507e-05
8.91946e-05
9.4062e-05
9.9513e-05
0.000105274
0.000111128
0.000116912
0.000122509
0.000127844
0.000132875
0.000137588
0.000141989
0.000146097
0.00014994
0.000153547
0.000156949
0.000160174
0.000163246
0.000166187
0.000169013
0.000171739
0.000174375
0.000176931
0.000179411
0.000181821
0.000184161
0.000186431
0.000188627
0.000190742
0.000192766
0.000194684
0.00019648
0.000198131
0.000199614
0.000200898
0.000201954
0.000202745
0.000203197
0.000203328
0.000203119
0.000202488
0.000201396
0.000199802
0.00019766
0.00019492
0.000191531
0.000187437
0.000182582
0.000176909
0.000170372
0.000162938
0.000154604
0.000145403
0.00013542
0.000124795
0.000113733
0.000102496
9.13965e-05
8.07862e-05
7.10487e-05
6.26031e-05
5.59383e-05
5.1788e-05
5.11467e-05
5.65723e-05
7.60771e-05
0.000157774
0.000401798
0.000189669
0.000131943
0.000106656
9.39418e-05
8.78353e-05
8.58208e-05
8.65312e-05
8.92097e-05
9.32801e-05
9.82983e-05
0.000103908
0.000109821
0.000115812
0.000121708
0.000127389
0.000132776
0.000137828
0.000142532
0.000146896
0.000150943
0.000154703
0.000158212
0.000161502
0.000164607
0.000167554
0.000170369
0.000173074
0.000175685
0.000178218
0.000180686
0.000183097
0.000185458
0.000187775
0.000190048
0.000192275
0.000194449
0.000196561
0.000198596
0.000200536
0.000202355
0.000204028
0.000205521
0.0002068
0.000207828
0.000208555
0.000208901
0.000208936
0.000208567
0.000207738
0.000206411
0.000204543
0.00020209
0.000199002
0.000195226
0.000190702
0.000185367
0.000179159
0.000172023
0.000163926
0.000154867
0.000144897
0.000134129
0.000122749
0.000111019
9.92679e-05
8.78846e-05
7.73042e-05
6.80082e-05
6.05556e-05
5.5761e-05
5.47212e-05
6.01562e-05
8.0576e-05
0.000166897
0.000418766
0.000197697
0.00013758
0.000111274
9.80592e-05
9.17111e-05
8.96062e-05
9.032e-05
9.30644e-05
9.72401e-05
0.000102384
0.000108126
0.000114164
0.000120263
0.000126244
0.000131981
0.000137392
0.000142437
0.000147105
0.000151405
0.000155365
0.000159018
0.000162405
0.000165562
0.000168527
0.000171333
0.000174009
0.000176582
0.000179073
0.000181502
0.000183884
0.000186233
0.000188559
0.000190868
0.000193164
0.000195445
0.000197707
0.000199938
0.000202122
0.00020424
0.000206264
0.000208163
0.000209901
0.000211437
0.000212728
0.000213731
0.000214365
0.000214606
0.000214494
0.000213917
0.000212832
0.000211202
0.000208989
0.000206153
0.000202647
0.000198415
0.000193395
0.000187516
0.000180707
0.000172907
0.000164081
0.000154237
0.000143451
0.000131878
0.000119764
0.000107445
9.53378e-05
8.39289e-05
7.37666e-05
6.54882e-05
5.9999e-05
5.85161e-05
6.39308e-05
8.52813e-05
0.000176414
0.000435059
0.000205419
0.000143022
0.000115753
0.000102068
9.54898e-05
9.32931e-05
9.3999e-05
9.67907e-05
0.000101048
0.000106291
0.000112136
0.00011827
0.000124448
0.000130484
0.000136247
0.000141656
0.000146667
0.000151273
0.000155485
0.000159334
0.000162859
0.000166104
0.000169111
0.000171922
0.000174576
0.000177106
0.000179543
0.000181915
0.000184243
0.000186549
0.000188849
0.000191156
0.000193479
0.000195823
0.000198188
0.000200569
0.000202955
0.000205328
0.000207665
0.000209936
0.000212107
0.000214134
0.000215972
0.000217572
0.000218879
0.000219838
0.000220339
0.000220449
0.000220115
0.000219251
0.000217823
0.0002158
0.000213152
0.000209845
0.000205835
0.000201068
0.000195475
0.000188979
0.000181496
0.000172959
0.000163335
0.000152648
0.000141011
0.000128637
0.000115854
0.000103097
9.08959e-05
7.98677e-05
7.07359e-05
6.4506e-05
6.25364e-05
6.78992e-05
9.01932e-05
0.000186323
0.000450577
0.000212786
0.000148238
0.00012007
0.000105947
9.91515e-05
9.68614e-05
9.75472e-05
0.000100366
0.000104678
0.000109992
0.000115908
0.000122107
0.000128333
0.000134395
0.000140157
0.000145535
0.000150489
0.000155008
0.00015911
0.00016283
0.000166209
0.000169297
0.000172141
0.000174789
0.000177285
0.000179666
0.00018197
0.000184227
0.000186465
0.000188708
0.000190977
0.000193286
0.000195648
0.000198068
0.000200549
0.000203084
0.000205662
0.000208264
0.000210865
0.000213431
0.000215922
0.00021829
0.000220483
0.000222442
0.000224107
0.000225415
0.000226263
0.000226602
0.000226519
0.000225869
0.000224615
0.000222735
0.000220208
0.000217016
0.000213133
0.000208524
0.000203132
0.000196885
0.000189691
0.000181458
0.000172109
0.000161618
0.000150039
0.000137538
0.000124414
0.000111102
9.81666e-05
8.62919e-05
7.62923e-05
6.92821e-05
6.67845e-05
7.20623e-05
9.53095e-05
0.000196614
0.000465226
0.000219756
0.000153198
0.000124199
0.000109675
0.000102677
0.000100292
0.000100945
0.000103768
0.000108109
0.000113462
0.000119418
0.000125649
0.000131892
0.000137949
0.000143682
0.000149006
0.000153877
0.00015829
0.000162265
0.000165838
0.000169058
0.000171978
0.000174653
0.000177134
0.00017947
0.000181706
0.000183882
0.000186034
0.000188195
0.000190392
0.000192648
0.000194983
0.000197409
0.000199934
0.000202561
0.000205285
0.000208092
0.000210964
0.000213871
0.000216778
0.000219641
0.000222405
0.000225011
0.00022739
0.000229472
0.000231183
0.000232446
0.000233112
0.000233269
0.000232859
0.00023178
0.000230015
0.000227554
0.000224393
0.000220532
0.00021596
0.000210647
0.00020454
0.000197553
0.000189582
0.000180518
0.000170283
0.000158864
0.000146364
0.00013303
0.000119278
0.000105691
9.30105e-05
8.21445e-05
7.43234e-05
7.12602e-05
7.64192e-05
0.000100625
0.000207275
0.000478922
0.000226289
0.000157875
0.00012812
0.000113233
0.000106047
0.000103567
0.000104173
0.00010698
0.00011132
0.00011668
0.000122644
0.000128873
0.000135101
0.000141125
0.000146803
0.000152048
0.000156817
0.000161106
0.000164938
0.000168353
0.000171405
0.000174153
0.000176654
0.000178968
0.000181148
0.000183245
0.000185303
0.000187363
0.000189462
0.00019163
0.000193894
0.000196276
0.00019879
0.000201447
0.000204248
0.000207189
0.000210259
0.000213435
0.000216689
0.000219981
0.000223264
0.000226479
0.000229559
0.000232428
0.000235003
0.000237198
0.000238927
0.000240045
0.000240486
0.000240362
0.000239491
0.000237844
0.000235417
0.000232222
0.000228282
0.000223617
0.000218236
0.000212119
0.000205206
0.000197398
0.000188571
0.000178601
0.000167409
0.000155019
0.000141608
0.000127545
0.000113409
9.99852e-05
8.82725e-05
7.9621e-05
7.59603e-05
8.09663e-05
0.000106134
0.000218288
0.00049159
0.000232349
0.000162242
0.000131811
0.000116601
0.000109246
0.000106669
0.000107216
0.000109984
0.000114295
0.00011963
0.000125566
0.000131762
0.000137945
0.000143907
0.000149505
0.000154649
0.000159298
0.000163449
0.000167126
0.000170376
0.000173256
0.000175829
0.000178159
0.00018031
0.000182341
0.000184307
0.000186259
0.000188241
0.000190293
0.00019245
0.000194741
0.000197189
0.000199811
0.000202619
0.000205616
0.000208798
0.000212154
0.000215663
0.000219295
0.000223009
0.000226755
0.000230472
0.000234086
0.000237515
0.000240663
0.00024343
0.000245709
0.000247392
0.000248265
0.000248453
0.000247864
0.000246381
0.000243998
0.000240737
0.000236639
0.000231762
0.000226157
0.000219852
0.000212835
0.000205035
0.000196333
0.000186577
0.000175628
0.000163426
0.000150057
0.000135816
0.000121251
0.000107168
9.46487e-05
8.51612e-05
8.08781e-05
8.5698e-05
0.000111825
0.000229629
0.000503165
0.000237905
0.000166278
0.000135252
0.000119764
0.000112257
0.000109585
0.00011006
0.000112766
0.00011702
0.000122297
0.000128174
0.000134303
0.00014041
0.000146284
0.000151778
0.000156803
0.000161317
0.000165319
0.000168835
0.000171916
0.000174622
0.000177022
0.000179186
0.000181181
0.000183072
0.00018492
0.000186777
0.000188695
0.000190716
0.000192876
0.000195209
0.000197738
0.000200483
0.000203455
0.00020666
0.000210096
0.000213753
0.00021761
0.00022164
0.000225801
0.000230044
0.000234303
0.000238505
0.000242557
0.000246358
0.000249792
0.000252735
0.000255061
0.000256563
0.000257149
0.000256944
0.000255717
0.000253439
0.000250127
0.000245838
0.000240656
0.000234684
0.000228007
0.000220677
0.000212681
0.000203929
0.000194269
0.000183518
0.000171533
0.000158297
0.000144006
0.000129141
0.000114504
0.000101237
9.0925e-05
8.60036e-05
9.06062e-05
0.000117686
0.000241271
0.000513593
0.000242931
0.000169963
0.000138427
0.000122705
0.000115066
0.0001123
0.000112693
0.000115316
0.000119485
0.000124673
0.000130457
0.000136489
0.000142491
0.000148251
0.000153621
0.000158511
0.000162878
0.000166722
0.000170073
0.000172984
0.00017552
0.000177753
0.000179758
0.000181607
0.000183368
0.000185107
0.000186883
0.000188749
0.000190751
0.000192927
0.000195312
0.000197932
0.000200807
0.000203948
0.000207365
0.000211056
0.000215015
0.000219223
0.000223655
0.000228273
0.000233028
0.000237858
0.000242685
0.000247415
0.000251939
0.000256128
0.000259841
0.000262925
0.000265218
0.000266423
0.000266678
0.000265855
0.0002638
0.000260516
0.000256058
0.000250533
0.000244084
0.000236865
0.000229006
0.000220574
0.000211543
0.000201792
0.000191122
0.000179323
0.000166269
0.000152035
0.000137002
0.000121928
0.000107995
9.6889e-05
9.13233e-05
9.56799e-05
0.000123703
0.000253181
0.000522835
0.000247406
0.00017328
0.000141321
0.000125411
0.00011766
0.000114804
0.000115105
0.000117626
0.000121682
0.000126752
0.000132413
0.000138317
0.000144187
0.00014981
0.000155037
0.000159777
0.000163987
0.00016767
0.000170855
0.000173599
0.000175971
0.000178043
0.000179898
0.000181617
0.000183284
0.000184949
0.00018667
0.000188502
0.000190492
0.000192683
0.00019511
0.000197802
0.000200785
0.000204086
0.000207707
0.000211643
0.00021589
0.000220436
0.000225259
0.000230326
0.000235592
0.000240998
0.00024647
0.000251913
0.000257214
0.000262236
0.000266823
0.0002708
0.000273983
0.000276092
0.000276946
0.0002767
0.000275045
0.000271934
0.000267403
0.000261562
0.000254588
0.000246697
0.000238107
0.000228986
0.000219407
0.000209318
0.00019854
0.000186823
0.000173943
0.000159839
0.000144757
0.000129372
0.000114866
0.000103028
9.68198e-05
0.000100906
0.000129859
0.000265323
0.000530864
0.000251317
0.000176218
0.000143922
0.000127869
0.000120029
0.000117087
0.000117287
0.000119688
0.000123609
0.000128533
0.00013404
0.000139789
0.000145502
0.000150967
0.000156034
0.000160613
0.00016466
0.000168179
0.0001712
0.000173781
0.000176001
0.000177952
0.000179701
0.000181323
0.000182885
0.000184458
0.000186112
0.000187904
0.000189885
0.000192098
0.000194579
0.000197359
0.000200457
0.000203886
0.000207666
0.000211817
0.000216328
0.000221183
0.000226368
0.000231856
0.00023761
0.000243579
0.000249692
0.000255861
0.00026197
0.000267881
0.000273425
0.00027841
0.000282617
0.000285816
0.000287601
0.000288046
0.000287029
0.000284306
0.000279876
0.000273831
0.000266361
0.000257733
0.000248252
0.000238205
0.000227789
0.000217064
0.000205921
0.000194107
0.000181324
0.000167372
0.000152339
0.000136769
0.000121803
0.0001093
0.000102469
0.000106266
0.000136132
0.000277653
0.000537666
0.000254655
0.000178768
0.00014622
0.000130071
0.000122164
0.000119142
0.000119236
0.000121502
0.000125265
0.000130016
0.000135345
0.000140912
0.000146444
0.000151732
0.000156626
0.000161034
0.000164912
0.000168269
0.00017115
0.000173613
0.000175719
0.000177538
0.000179153
0.000180651
0.000182112
0.000183613
0.000185217
0.000186982
0.000188958
0.000191189
0.000193713
0.00019656
0.000199756
0.000203319
0.000207258
0.000211575
0.000216285
0.000221401
0.000226903
0.000232768
0.000238967
0.000245461
0.000252189
0.000259069
0.000265992
0.000272819
0.00027938
0.000285466
0.000290838
0.000295234
0.000298298
0.000299647
0.000299509
0.000297446
0.000293369
0.000287322
0.000279479
0.000270136
0.000259675
0.000248504
0.000236971
0.000225288
0.000213463
0.000201298
0.000188457
0.000174618
0.000159691
0.000144053
0.000128746
0.000115664
0.000108243
0.000111741
0.000142502
0.000290125
0.00054324
0.000257419
0.000180925
0.00014821
0.000132009
0.000124058
0.000120962
0.000120947
0.000123065
0.000126652
0.000131208
0.000136334
0.000141697
0.000147029
0.000152122
0.000156828
0.000161062
0.000164804
0.000168037
0.000170786
0.000173099
0.000175057
0.000176744
0.000178251
0.000179659
0.000181046
0.000182487
0.000184048
0.000185787
0.000187755
0.000189996
0.000192548
0.000195442
0.000198704
0.000202353
0.000206406
0.000210876
0.000215766
0.000221074
0.000226812
0.000232985
0.000239568
0.000246528
0.000253817
0.000261372
0.000269085
0.000276824
0.000284425
0.000291673
0.00029831
0.000304039
0.000308534
0.000311273
0.000312138
0.000311062
0.000307659
0.0003019
0.000293909
0.000283977
0.000272541
0.000260121
0.000247229
0.000234262
0.000221401
0.000208563
0.00019543
0.000181591
0.000166778
0.000151162
0.000135635
0.000122072
0.00011411
0.000117307
0.000148941
0.000302686
0.000547601
0.000259612
0.000182689
0.000149887
0.000133677
0.000125706
0.000122543
0.000122418
0.000124379
0.000127774
0.000132117
0.000137019
0.000142157
0.00014727
0.000152159
0.000156703
0.000160795
0.000164375
0.000167442
0.000170035
0.000172218
0.000174063
0.000175651
0.00017707
0.000178401
0.000179725
0.000181116
0.000182638
0.000184351
0.000186306
0.000188545
0.000191106
0.000194021
0.000197316
0.000201012
0.000205129
0.000209682
0.000214686
0.000220153
0.000226086
0.000232485
0.000239358
0.000246698
0.00025447
0.000262615
0.000271069
0.000279705
0.000288336
0.000296764
0.000304727
0.000311908
0.000317935
0.000322399
0.000324604
0.000324782
0.000322422
0.000317317
0.000309502
0.000299222
0.000286928
0.000273232
0.000258806
0.000244259
0.000229995
0.000216109
0.000202374
0.000188342
0.000173584
0.000158045
0.000142411
0.000128475
0.000120032
0.000122936
0.00015542
0.000315279
0.000550775
0.000261245
0.000184064
0.000151251
0.000135073
0.000127104
0.000123884
0.000123649
0.000125446
0.000128637
0.000132752
0.000137414
0.000142313
0.00014721
0.000151922
0.000156271
0.000160168
0.000163576
0.000166502
0.000168973
0.000171048
0.000172798
0.000174303
0.000175649
0.000176919
0.00017819
0.000179537
0.000181024
0.000182708
0.00018464
0.000186863
0.000189412
0.00019232
0.000195612
0.000199312
0.000203442
0.000208022
0.00021307
0.000218608
0.000224651
0.000231219
0.000238318
0.000245948
0.000254104
0.000262755
0.000271837
0.000281264
0.000290909
0.000300524
0.000309829
0.000318526
0.000326212
0.000332446
0.000336577
0.000338176
0.000337247
0.00033322
0.000325992
0.000315715
0.000302807
0.000287927
0.000271893
0.000255531
0.000239509
0.000224173
0.00020946
0.000194958
0.000180124
0.000164665
0.000149015
0.000134818
0.000125968
0.000128597
0.000161906
0.000327841
0.000552804
0.000262337
0.000185059
0.000152305
0.000136197
0.00012825
0.000124984
0.000124642
0.000126271
0.00012925
0.000133126
0.000137537
0.000142206
0.00014689
0.000151363
0.000155502
0.000159225
0.000162485
0.000165283
0.000167646
0.000169629
0.0001713
0.00017274
0.00017403
0.000175252
0.000176482
0.000177791
0.000179244
0.000180896
0.000182795
0.000184985
0.000187499
0.000190369
0.000193622
0.000197282
0.000201374
0.000205922
0.000210951
0.000216488
0.000222561
0.000229199
0.000236426
0.000244262
0.000252714
0.000261772
0.0002714
0.000281519
0.000292011
0.000302734
0.000313418
0.000323642
0.000333045
0.000341151
0.00034741
0.000350935
0.00035167
0.000349173
0.000343009
0.000333186
0.000320031
0.000304196
0.000286601
0.000268284
0.000250199
0.000233003
0.000216889
0.000201566
0.00018644
0.000171003
0.000155399
0.000141048
0.000131874
0.000134256
0.000168365
0.0003403
0.000553745
0.000262911
0.000185687
0.000153056
0.00013705
0.000129145
0.000125843
0.000125397
0.000126858
0.000129622
0.000133253
0.000137424
0.000141847
0.000146267
0.000150519
0.000154465
0.00015802
0.000161141
0.000163824
0.000166094
0.000168003
0.000169615
0.000171007
0.000172257
0.000173444
0.000174642
0.00017592
0.000177339
0.000178954
0.000180811
0.00018295
0.000185406
0.000188209
0.000191386
0.000194964
0.000198969
0.000203429
0.000208375
0.000213843
0.00021987
0.000226495
0.00023376
0.0002417
0.000250344
0.000259702
0.000269761
0.000280473
0.000291741
0.000303406
0.000315268
0.000327057
0.000338209
0.000348257
0.000356643
0.000362603
0.000365261
0.000364698
0.000360101
0.000351257
0.000338336
0.000321915
0.00030295
0.000282657
0.000262286
0.000242851
0.000224885
0.000208323
0.000192607
0.000177061
0.000161518
0.000147109
0.000137701
0.000139873
0.000174756
0.00035258
0.000553681
0.000263003
0.000185967
0.000153515
0.000137639
0.000129792
0.000126464
0.000125919
0.000127215
0.000129764
0.00013316
0.000137078
0.000141228
0.000145406
0.000149439
0.000153196
0.000156593
0.000159586
0.000162168
0.000164362
0.000166214
0.000167786
0.000169147
0.000170374
0.00017154
0.000172716
0.000173969
0.000175356
0.000176928
0.000178732
0.000180805
0.00018318
0.000185887
0.000188955
0.000192411
0.000196283
0.000200604
0.000205412
0.000210747
0.000216656
0.000223193
0.00023041
0.000238361
0.000247093
0.000256638
0.00026701
0.000278186
0.0002901
0.000302625
0.000315557
0.000328613
0.000341513
0.000353548
0.000364109
0.000372535
0.000377751
0.000379288
0.00037677
0.000369471
0.000357355
0.000340843
0.000320852
0.00029871
0.00027594
0.000253947
0.000233682
0.000215415
0.000198734
0.000182865
0.000167345
0.00015295
0.000143396
0.000145407
0.000181034
0.000364599
0.000552746
0.000262672
0.000185925
0.000153693
0.000137971
0.000130193
0.000126849
0.000126211
0.000127346
0.000129692
0.000132854
0.000136499
0.000140395
0.000144335
0.000148156
0.000151732
0.000154982
0.000157861
0.00016036
0.000162496
0.00016431
0.00016586
0.00016721
0.000168429
0.000169588
0.000170753
0.000171986
0.000173341
0.000174869
0.00017661
0.000178602
0.000180877
0.000183464
0.000186392
0.000189691
0.00019339
0.000197528
0.000202146
0.000207293
0.000213025
0.000219405
0.000226498
0.000234375
0.000243099
0.000252725
0.00026329
0.0002748
0.000287219
0.000300454
0.000314339
0.000328615
0.00034291
0.000356865
0.000369645
0.000380493
0.000388595
0.000392574
0.00039252
0.000387321
0.000376632
0.000360634
0.000340106
0.000316401
0.000291264
0.00026649
0.000243512
0.000223045
0.000204953
0.000188469
0.000172863
0.000158522
0.000148908
0.000150809
0.000187152
0.000376264
0.000550904
0.000261911
0.00018559
0.000153613
0.000138052
0.000130354
0.000127
0.000126275
0.000127268
0.00012942
0.000132328
0.000135723
0.000139372
0.000143084
0.000146704
0.000150112
0.00015323
0.000156012
0.000158445
0.000160542
0.00016234
0.000163888
0.000165244
0.000166474
0.000167639
0.000168804
0.000170023
0.00017135
0.000172829
0.000174501
0.000176401
0.000178559
0.000181006
0.00018377
0.000186882
0.000190376
0.000194294
0.000198682
0.000203596
0.0002091
0.000215266
0.000222173
0.000229902
0.000238535
0.000248146
0.000258794
0.000270511
0.000283292
0.00029708
0.000311745
0.000327067
0.000342715
0.000358224
0.000373135
0.000386426
0.000397247
0.000404357
0.000406859
0.00040429
0.00039566
0.00038085
0.000360404
0.000335588
0.000308277
0.000280626
0.00025459
0.000231431
0.000211428
0.000193948
0.000178074
0.000163781
0.000154181
0.00015603
0.000193057
0.000387477
0.000548302
0.000260778
0.000184964
0.000153294
0.000137914
0.000130294
0.000126938
0.000126144
0.000126991
0.00012893
0.000131612
0.00013477
0.000138187
0.000141685
0.000145119
0.000148377
0.000151381
0.000154085
0.000156473
0.000158554
0.000160356
0.000161923
0.000163306
0.000164562
0.00016575
0.000166925
0.00016814
0.000169442
0.000170873
0.000172471
0.00017427
0.000176299
0.000178589
0.00018117
0.000184074
0.000187339
0.00019101
0.000195138
0.000199785
0.000205023
0.000210933
0.000217603
0.000225128
0.000233602
0.000243117
0.000253751
0.00026556
0.000278569
0.000292752
0.000308019
0.000324193
0.000340989
0.000357989
0.000374609
0.000390282
0.00040375
0.000414056
0.00041953
0.000419906
0.000413918
0.000400997
0.000381346
0.000356021
0.000326905
0.000296437
0.000267098
0.000240786
0.000218337
0.000199408
0.000183
0.000168691
0.000159159
0.000161015
0.000198691
0.00039813
0.000545067
0.000259334
0.000184097
0.000152741
0.000137554
0.00013003
0.000126673
0.000125794
0.000126491
0.000128248
0.000130721
0.00013366
0.000136865
0.00014017
0.00014344
0.00014657
0.000149483
0.000152132
0.0001545
0.000156587
0.000158417
0.000160024
0.000161455
0.000162757
0.000163983
0.000165181
0.000166401
0.000167684
0.000169069
0.000170593
0.000172286
0.000174179
0.000176303
0.000178688
0.00018137
0.00018439
0.000187795
0.000191644
0.000196004
0.000200952
0.000206578
0.000212978
0.000220257
0.000228523
0.000237879
0.000248421
0.000260226
0.000273341
0.000287774
0.000303469
0.000320295
0.000338016
0.000356268
0.000374528
0.00039209
0.000408175
0.000421381
0.000430355
0.000433759
0.000430917
0.000420553
0.00040246
0.000377352
0.000346974
0.000313929
0.000281176
0.000251313
0.000225875
0.000204976
0.000187682
0.000173227
0.000163787
0.000165704
0.00020399
0.000408104
0.000541342
0.000257645
0.000183032
0.000151993
0.000136982
0.000129536
0.000126174
0.000125223
0.000125796
0.000127387
0.000129672
0.000132416
0.000135434
0.000138574
0.000141708
0.000144737
0.000147587
0.00015021
0.000152583
0.000154703
0.000156586
0.000158258
0.000159758
0.000161126
0.000162408
0.000163645
0.000164881
0.000166154
0.000167499
0.000168951
0.000170539
0.000172294
0.000174247
0.000176432
0.000178886
0.000181653
0.000184787
0.000188349
0.000192412
0.000197061
0.00020239
0.000208504
0.000215515
0.00022354
0.000232695
0.000243087
0.000254811
0.000267934
0.000282489
0.000298453
0.000315736
0.000334153
0.000353396
0.000373007
0.000392335
0.000410562
0.000426549
0.000438902
0.00044569
0.000446245
0.000439022
0.000423241
0.000399157
0.000368216
0.000333018
0.000296903
0.000263198
0.00023424
0.000210797
0.00019218
0.000177374
0.000168013
0.000170036
0.000208886
0.000417271
0.000537285
0.000255786
0.000181817
0.000151087
0.000136237
0.000128854
0.000125481
0.000124459
0.000124917
0.000126362
0.000128483
0.000131062
0.000133927
0.000136936
0.000139969
0.000142932
0.000145752
0.000148381
0.000150791
0.000152974
0.000154938
0.000156702
0.000158296
0.000159753
0.00016111
0.000162403
0.00016367
0.000164944
0.000166259
0.000167646
0.000169134
0.000170755
0.000172541
0.000174528
0.000176756
0.000179274
0.00018214
0.00018542
0.000189191
0.000193543
0.000198578
0.000204405
0.000211144
0.000218918
0.000227849
0.000238057
0.000249646
0.000262701
0.000277273
0.000293369
0.000310933
0.000329825
0.000349799
0.000370461
0.000391238
0.000411326
0.000429798
0.000445117
0.000455619
0.000459595
0.00045597
0.000443186
0.000420959
0.000390269
0.000353527
0.000314297
0.000276586
0.000243624
0.000217038
0.000196578
0.000181129
0.000171788
0.000173944
0.000213304
0.000425494
0.00053308
0.000253841
0.00018051
0.000150065
0.000135348
0.000128008
0.000124611
0.000123518
0.000123871
0.000125191
0.000127179
0.000129629
0.000132381
0.000135301
0.000138276
0.000141215
0.000144046
0.00014672
0.000149204
0.000151485
0.000153562
0.000155449
0.000157165
0.000158736
0.000160193
0.000161563
0.000162879
0.000164171
0.000165469
0.000166803
0.000168202
0.000169698
0.000171326
0.000173125
0.000175139
0.000177422
0.000180034
0.000183047
0.000186544
0.000190619
0.000195378
0.000200936
0.000207415
0.000214944
0.000223652
0.000233662
0.000245087
0.000258021
0.000272532
0.000288647
0.00030634
0.000325511
0.000345965
0.00036738
0.000389266
0.000410918
0.000431376
0.00044938
0.000463316
0.000470906
0.000471081
0.000461844
0.000442263
0.000412711
0.000375193
0.000333294
0.000291562
0.000254218
0.000223876
0.000200981
0.000184508
0.000175066
0.000177361
0.000217165
0.000432625
0.000528945
0.000251914
0.000179179
0.000148976
0.000134355
0.000127026
0.000123589
0.000122422
0.000122681
0.0001239
0.00012579
0.000128155
0.000130842
0.000133724
0.000136693
0.000139659
0.000142551
0.000145316
0.000147919
0.000150338
0.000152569
0.000154614
0.000156485
0.000158204
0.00015979
0.000161265
0.000162653
0.000163983
0.000165282
0.000166579
0.000167904
0.000169292
0.00017078
0.000172409
0.000174229
0.0001763
0.000178685
0.000181461
0.000184715
0.000188546
0.000193062
0.000198383
0.000204634
0.000211946
0.000220449
0.00023027
0.000241525
0.000254309
0.000268706
0.000284755
0.000302452
0.000321729
0.000342436
0.000364316
0.00038696
0.000409759
0.000431842
0.000452097
0.00046892
0.000480269
0.000484151
0.000478855
0.000462605
0.000435075
0.000397668
0.000353741
0.000308178
0.000266183
0.000231494
0.000205513
0.000187541
0.00017781
0.000180216
0.000220382
0.000438504
0.000525135
0.000250123
0.000177901
0.000147877
0.0001333
0.000125945
0.000122445
0.0001212
0.000121378
0.000122523
0.000124358
0.00012669
0.000129371
0.000132277
0.000135303
0.000138358
0.000141371
0.000144285
0.00014706
0.000149668
0.000152103
0.000154353
0.000156416
0.000158288
0.000159994
0.000161566
0.000163029
0.000164408
0.000165729
0.000167022
0.000168316
0.000169645
0.000171048
0.00017257
0.00017426
0.000176165
0.000178363
0.000180944
0.000183999
0.000187633
0.000191957
0.000197091
0.000203162
0.0002103
0.000218636
0.000228298
0.000239404
0.00025206
0.000266336
0.000282276
0.000299887
0.000319122
0.00033987
0.000361929
0.000384975
0.000408513
0.000431802
0.000453769
0.000472995
0.000487644
0.000495236
0.000494001
0.000481587
0.000456897
0.000420547
0.000375399
0.00032641
0.000279632
0.000240072
0.000210318
0.000190282
0.000179991
0.000182439
0.000222858
0.00044295
0.000521957
0.000248611
0.000176772
0.000146839
0.000132237
0.000124808
0.000121218
0.000119889
0.000120001
0.00012111
0.000122941
0.000125303
0.000128049
0.000131055
0.000134214
0.000137435
0.000140642
0.00014378
0.000146796
0.000149646
0.00015228
0.000154715
0.000156959
0.000159025
0.00016092
0.000162655
0.00016425
0.000165727
0.00016711
0.000168428
0.000169712
0.000170999
0.000172333
0.00017376
0.00017534
0.000177141
0.000179238
0.000181713
0.000184663
0.000188191
0.000192411
0.000197442
0.000203411
0.000210447
0.000218676
0.000228223
0.000239203
0.000251725
0.000265861
0.000281654
0.000299117
0.000318217
0.000338868
0.000360906
0.000384061
0.000407917
0.000431855
0.000455012
0.000476095
0.000493379
0.000504535
0.000507202
0.000498922
0.000477744
0.00044339
0.000397955
0.000346161
0.000294652
0.000249796
0.000215558
0.000192807
0.000181585
0.000183882
0.000224393
0.000445567
0.000519774
0.000247545
0.000175901
0.000145942
0.000131233
0.000123672
0.000119961
0.000118546
0.000118616
0.000119732
0.000121622
0.000124091
0.000126988
0.000130187
0.000133573
0.00013706
0.000140546
0.000143935
0.000147186
0.000150281
0.000153208
0.000155942
0.000158483
0.000160836
0.000162995
0.000164963
0.000166754
0.000168386
0.000169884
0.000171275
0.000172596
0.000173888
0.000175198
0.000176581
0.000178104
0.000179841
0.000181871
0.000184286
0.000187184
0.00019067
0.000194856
0.000199862
0.000205813
0.000212834
0.000221046
0.000230567
0.0002415
0.000253929
0.000267926
0.000283534
0.000300767
0.000319601
0.000339968
0.000361739
0.000384704
0.000408537
0.000432737
0.000456553
0.000478878
0.000498149
0.000512275
0.000518603
0.000514471
0.000497265
0.000465747
0.00042102
0.000367237
0.000311279
0.000260824
0.000221412
0.000195203
0.000182548
0.000184469
0.000224961
0.000446358
0.000519009
0.00024712
0.000175415
0.000145281
0.000130364
0.000122607
0.000118748
0.000117252
0.000117311
0.000118494
0.000120522
0.000123195
0.00012635
0.00012986
0.000133577
0.000137348
0.00014113
0.000144871
0.000148511
0.000152015
0.00015536
0.000158506
0.00016143
0.000164123
0.000166589
0.000168834
0.000170869
0.000172712
0.000174387
0.000175925
0.000177364
0.000178749
0.000180132
0.000181576
0.000183148
0.000184927
0.000186999
0.000189455
0.000192394
0.000195927
0.000200169
0.000205237
0.000211251
0.000218329
0.000226585
0.000236123
0.000247037
0.000259399
0.000273265
0.000288672
0.000305627
0.000324107
0.000344053
0.000365359
0.000387861
0.000411302
0.000435286
0.000459199
0.000482118
0.000502682
0.000518978
0.000528493
0.00052825
0.000515211
0.000487199
0.000444161
0.000389347
0.000329466
0.000273276
0.000228077
0.000197595
0.000182934
0.000184397
0.000224645
0.000445385
0.000520072
0.000247521
0.00017545
0.000144962
0.000129722
0.000121702
0.000117672
0.000116111
0.00011621
0.000117541
0.000119812
0.000122815
0.000126351
0.000130204
0.000134295
0.000138534
0.000142821
0.000147102
0.000151295
0.000155333
0.000159174
0.000162794
0.000166171
0.000169291
0.000172154
0.000174763
0.000177129
0.00017927
0.000181212
0.000182988
0.00018464
0.000186216
0.000187776
0.000189384
0.000191114
0.000193049
0.000195278
0.000197895
0.000201003
0.000204709
0.000209125
0.000214365
0.00022054
0.00022776
0.000236128
0.000245737
0.000256665
0.000268976
0.000282709
0.000297887
0.000314506
0.000332537
0.00035192
0.000372565
0.000394336
0.000417033
0.000440349
0.000463798
0.00048664
0.000507737
0.000525406
0.000537303
0.00054044
0.000531474
0.000507396
0.000466926
0.000412109
0.000349076
0.000287234
0.000235737
0.000200148
0.000182888
0.000183381
0.000223138
0.000442153
0.000523476
0.00024898
0.000176113
0.000145084
0.000129407
0.000121064
0.000116856
0.00011527
0.000115489
0.000117083
0.000119727
0.000123123
0.000127099
0.000131526
0.000136255
0.000141187
0.000146187
0.000151144
0.000155995
0.000160681
0.000165153
0.00016938
0.000173335
0.000177006
0.000180385
0.000183477
0.000186293
0.000188851
0.00019118
0.000193317
0.000195307
0.000197204
0.000199069
0.000200974
0.000202997
0.000205222
0.000207742
0.000210653
0.000214056
0.000218056
0.000222761
0.000228275
0.000234704
0.000242144
0.000250687
0.00026041
0.000271378
0.000283636
0.00029721
0.000312104
0.000328301
0.00034576
0.000364418
0.000384188
0.000404954
0.000426558
0.000448762
0.000471197
0.00049329
0.000514125
0.000532282
0.000545663
0.000551398
0.000546091
0.000526083
0.00048886
0.000435069
0.000369846
0.000302707
0.000244536
0.000202998
0.000182242
0.000181378
0.000220331
0.000436401
0.000530007
0.00025185
0.000177649
0.000145763
0.000129529
0.000120827
0.000116465
0.000114932
0.000115385
0.000117329
0.000120424
0.000124445
0.000129172
0.000134449
0.00014007
0.000145873
0.000151741
0.00015757
0.000163278
0.000168801
0.000174085
0.000179094
0.0001838
0.000188186
0.000192246
0.000195983
0.000199409
0.000202545
0.000205422
0.000208081
0.00021057
0.000212948
0.000215281
0.000217643
0.000220114
0.000222783
0.000225741
0.000229085
0.000232913
0.000237326
0.000242422
0.0002483
0.000255051
0.000262762
0.000271507
0.000281349
0.000292335
0.000304492
0.00031783
0.000332335
0.000347973
0.000364691
0.000382416
0.000401062
0.000420523
0.000440669
0.000461316
0.000482193
0.000502872
0.000522648
0.000540371
0.000554243
0.000561635
0.000559189
0.000543121
0.000509532
0.00045771
0.000391394
0.000319601
0.000254569
0.000206368
0.000181138
0.000178375
0.00021613
0.000427933
0.000540271
0.000256379
0.000180218
0.000147185
0.000130191
0.000121102
0.000116659
0.000115265
0.000116061
0.000118586
0.000122473
0.000127458
0.00013326
0.000139625
0.000146364
0.000153309
0.000160322
0.000167286
0.00017411
0.00018072
0.000187061
0.00019309
0.000198777
0.000204104
0.000209065
0.000213663
0.000217912
0.000221836
0.000225468
0.000228853
0.000232041
0.000235095
0.000238083
0.000241082
0.000244174
0.000247447
0.00025099
0.000254897
0.000259263
0.000264179
0.000269738
0.000276025
0.00028312
0.000291094
0.000300007
0.000309903
0.000320812
0.000332745
0.000345692
0.000359623
0.000374488
0.00039022
0.000406738
0.000423951
0.000441759
0.000460048
0.000478677
0.000497453
0.000516071
0.000534009
0.000550378
0.0005637
0.000571678
0.000571087
0.00055844
0.000528574
0.000479462
0.0004132
0.000337704
0.000265929
0.000210422
0.000179713
0.000174369
0.000210442
0.000416555
0.000554856
0.000262805
0.000183947
0.000149453
0.000131604
0.000122098
0.000117669
0.000116618
0.000118082
0.000121565
0.000126634
0.000132905
0.000140081
0.000147895
0.000156124
0.000164576
0.000173093
0.000181545
0.000189829
0.000197865
0.000205588
0.000212954
0.000219931
0.000226498
0.000232651
0.000238392
0.000243737
0.000248713
0.000253353
0.000257705
0.000261822
0.000265768
0.000269612
0.000273431
0.000277306
0.000281323
0.000285568
0.000290129
0.000295094
0.000300547
0.000306568
0.000313232
0.000320604
0.000328741
0.000337686
0.000347467
0.000358097
0.00036957
0.00038186
0.000394923
0.000408694
0.000423096
0.000438039
0.000453429
0.000469168
0.000485154
0.00050128
0.00051741
0.000533337
0.000548697
0.000562829
0.00057457
0.000581996
0.000582172
0.000572015
0.000545665
0.000499721
0.000434615
0.00035663
0.000278595
0.000215325
0.000178111
0.000169379
0.000203178
0.000402048
0.00057417
0.000271271
0.00018892
0.000152663
0.000133925
0.000124175
0.00012002
0.000119642
0.0001222
0.000127049
0.000133693
0.000141712
0.000150754
0.000160511
0.000170724
0.000181172
0.000191676
0.000202088
0.000212294
0.0002222
0.000231739
0.000240858
0.000249524
0.000257714
0.000265422
0.000272651
0.000279418
0.000285748
0.000291679
0.000297256
0.000302534
0.000307576
0.000312451
0.000317234
0.000322003
0.00032684
0.000331826
0.000337042
0.000342567
0.000348477
0.000354839
0.000361718
0.000369164
0.00037722
0.000385915
0.000395263
0.000405263
0.000415893
0.000427117
0.000438878
0.000451103
0.00046371
0.000476603
0.000489686
0.000502865
0.000516052
0.000529163
0.000542105
0.000554746
0.000566847
0.00057794
0.000587141
0.000592899
0.000592741
0.000583896
0.000560413
0.000517859
0.000454908
0.000375798
0.000292414
0.000221219
0.000176511
0.000163464
0.000194271
0.000384226
0.000598245
0.000281731
0.000195106
0.000156863
0.000137324
0.000127651
0.000124186
0.00012498
0.000129157
0.000135969
0.000144834
0.000155266
0.000166848
0.000179224
0.000192092
0.000205197
0.000218334
0.000231333
0.000244062
0.000256417
0.000268318
0.000279709
0.000290548
0.000300812
0.000310489
0.000319585
0.000328111
0.000336096
0.000343575
0.000350593
0.000357204
0.000363469
0.000369457
0.000375238
0.000380887
0.000386481
0.000392095
0.000397804
0.000403678
0.000409784
0.000416181
0.00042292
0.000430044
0.000437582
0.000445553
0.000453961
0.000462794
0.000472023
0.000481604
0.000491477
0.000501567
0.000511788
0.000522049
0.000532258
0.000542328
0.000552184
0.000561761
0.000570998
0.000579817
0.000588078
0.000595459
0.000601301
0.000604381
0.000602917
0.000594058
0.000572453
0.000533162
0.000473191
0.000394448
0.000307041
0.000228183
0.000175125
0.00015673
0.000183682
0.000362949
0.000626422
0.000293818
0.000202294
0.000162021
0.000142007
0.00013295
0.000130742
0.000133476
0.000140102
0.000149758
0.00016176
0.000175538
0.000190598
0.000206522
0.000222953
0.000239594
0.000256204
0.000272586
0.000288585
0.000304081
0.000318981
0.000333218
0.000346745
0.000359533
0.000371568
0.000382852
0.000393398
0.000403231
0.000412388
0.000420913
0.00042886
0.000436289
0.000443266
0.000449862
0.000456148
0.000462198
0.000468083
0.000473871
0.00047963
0.000485418
0.000491289
0.000497287
0.000503448
0.000509798
0.000516348
0.000523099
0.000530035
0.000537126
0.000544329
0.000551589
0.000558837
0.000565991
0.000572972
0.000579698
0.000586096
0.000592103
0.000597672
0.000602763
0.00060733
0.000611325
0.000614512
0.000616394
0.000616062
0.000612373
0.000602275
0.000581443
0.00054498
0.000488422
0.000411481
0.000321808
0.00023616
0.00017433
0.000149375
0.000171427
0.000338127
0.000656917
0.000306668
0.000210013
0.000168042
0.000148223
0.000140647
0.00014062
0.000146434
0.000156733
0.000170511
0.00018696
0.000205394
0.00022522
0.00024593
0.000267098
0.000288371
0.000309461
0.000330137
0.000350217
0.00036956
0.00038806
0.00040564
0.000422248
0.000437852
0.000452438
0.000466009
0.00047858
0.000490181
0.00050085
0.000510635
0.000519594
0.000527791
0.000535295
0.000542177
0.000548513
0.000554377
0.000559839
0.000564963
0.000569822
0.000574476
0.000578972
0.000583357
0.000587668
0.000591931
0.000596161
0.00060036
0.000604518
0.00060861
0.000612601
0.000616464
0.000620129
0.00062353
0.000626604
0.000629289
0.000631528
0.000633272
0.000634487
0.000635147
0.000635199
0.000634741
0.000633515
0.000631172
0.000627098
0.000620097
0.000607695
0.000586508
0.000552106
0.000499538
0.000425756
0.000335792
0.000244837
0.000174127
0.000141568
0.000157579
0.000309795
0.000686234
0.000318709
0.000217485
0.000174775
0.00015643
0.000151468
0.000155291
0.000165889
0.000181656
0.000201393
0.000224113
0.000248958
0.000275189
0.000302183
0.000329424
0.00035649
0.000383041
0.000408813
0.000433598
0.000457243
0.000479635
0.000500697
0.000520379
0.000538659
0.000555532
0.000571012
0.000585127
0.000597918
0.000609435
0.00061974
0.000628902
0.000636997
0.000644108
0.000650313
0.000655698
0.00066035
0.000664331
0.000667711
0.000670588
0.00067303
0.000675068
0.000676766
0.000678172
0.000679321
0.000680238
0.000680936
0.000681419
0.000681675
0.000681669
0.000681456
0.000680922
0.00068002
0.000678731
0.000677009
0.00067481
0.000672101
0.000668858
0.000665063
0.0006607
0.000655762
0.000650151
0.000643633
0.000635552
0.00062476
0.000609871
0.000587942
0.000554595
0.000504976
0.000435809
0.000347842
0.000253671
0.000174805
0.000133611
0.00014229
0.000278199
0.000708509
0.000327451
0.000223612
0.000182124
0.000167351
0.000167036
0.000177206
0.000195125
0.000218915
0.000247092
0.000278373
0.000311647
0.000345995
0.000380665
0.000415051
0.000448674
0.000481162
0.000512234
0.000541686
0.000569372
0.000595199
0.000619113
0.000641094
0.000661145
0.000679293
0.00069558
0.000710063
0.000722808
0.000733892
0.000743398
0.000751424
0.000758067
0.000763444
0.000767628
0.00077074
0.000772889
0.000774105
0.00077447
0.000774183
0.000773293
0.000771756
0.000769727
0.000767259
0.000764397
0.000761181
0.000757641
0.000753795
0.000749652
0.000745212
0.000740483
0.000735439
0.000730051
0.000724298
0.000718153
0.000711587
0.000704578
0.000697105
0.000689149
0.000680691
0.000671696
0.000662081
0.000651505
0.000639554
0.000625722
0.000608445
0.000585293
0.000552662
0.00050582
0.000440324
0.000356657
0.000261855
0.000176485
0.000125787
0.000125827
0.000243592
0.000714925
0.00032931
0.000227255
0.000190699
0.000182341
0.000190541
0.000210637
0.000239392
0.000274413
0.000313718
0.000355623
0.000398775
0.000442116
0.000484815
0.00052624
0.00056592
0.000603515
0.00063879
0.000671594
0.000701841
0.000729498
0.000754571
0.000777096
0.000797133
0.000814759
0.000830064
0.00084315
0.000854122
0.000863086
0.000870159
0.000875491
0.00087919
0.000881467
0.000882281
0.000881878
0.000880445
0.000877798
0.00087423
0.000869855
0.000864762
0.000859006
0.000852676
0.000845844
0.000838574
0.000830919
0.000822925
0.000814626
0.000806049
0.000797211
0.000788125
0.000778791
0.000769199
0.000759338
0.000749189
0.000738734
0.00072795
0.000716813
0.000705296
0.000693361
0.000680945
0.000667893
0.000654024
0.000639037
0.000622248
0.000602587
0.000578023
0.000545569
0.000501175
0.000440373
0.000360858
0.000268365
0.00017893
0.000118319
0.000108541
0.000206289
0.000696173
0.000321425
0.000227991
0.00020206
0.000205452
0.00022762
0.000262439
0.000305814
0.000354593
0.000406274
0.000458964
0.000511287
0.000562216
0.000611022
0.000657202
0.000700426
0.000740491
0.000777292
0.000810797
0.000841023
0.000868028
0.000891902
0.000912753
0.000930707
0.000945898
0.000958468
0.000968561
0.000976318
0.000981864
0.000985331
0.000987002
0.000986872
0.000985491
0.000982415
0.000977961
0.00097237
0.000965687
0.000958045
0.000949563
0.000940346
0.000930483
0.000920059
0.000909153
0.000897836
0.00088617
0.00087421
0.000862001
0.00084958
0.000836977
0.00082421
0.000811288
0.000798211
0.000784972
0.000771556
0.000757943
0.000744105
0.000730009
0.000715609
0.000700848
0.000685639
0.000669847
0.00065329
0.00063569
0.000616381
0.000594278
0.000567967
0.000535103
0.000492258
0.000435356
0.000361341
0.000272412
0.000181357
0.000111932
9.07253e-05
0.000166651
0.000629277
0.000297264
0.000226924
0.000220652
0.000244949
0.000287568
0.000341041
0.000400316
0.000461916
0.000523507
0.000583574
0.000641105
0.000695462
0.000746262
0.000793296
0.000836481
0.000875804
0.000911309
0.000943079
0.000971227
0.000995883
0.0010172
0.00103532
0.00105041
0.00106264
0.00107218
0.00107918
0.00108379
0.0010861
0.00108619
0.00108496
0.00108184
0.00107699
0.00107068
0.00106304
0.00105421
0.00104432
0.00103347
0.00102179
0.00100938
0.000996332
0.000982738
0.000968679
0.000954229
0.000939454
0.000924411
0.000909156
0.000893734
0.000878177
0.000862503
0.000846722
0.000830833
0.000814829
0.00079869
0.000782391
0.000765892
0.000749144
0.000732083
0.000714625
0.000696662
0.00067804
0.000658549
0.000637883
0.000615547
0.000590755
0.000562235
0.000528019
0.000485222
0.000430179
0.000359656
0.000274264
0.00018325
0.000106979
7.28495e-05
0.000124695
0.000486381
0.000251488
0.00022922
0.00026051
0.000316013
0.000383311
0.000454932
0.000526697
0.000596446
0.000663053
0.000725959
0.000784904
0.000839784
0.000890581
0.000937324
0.000980105
0.00101899
0.00105403
0.00108533
0.00111301
0.00113719
0.00115801
0.00117559
0.0011901
0.00120168
0.00121047
0.00121664
0.00122032
0.00122138
0.00122053
0.00121805
0.00121342
0.00120701
0.001199
0.00118953
0.00117873
0.00116673
0.00115367
0.00113964
0.00112477
0.00110915
0.00109289
0.00107607
0.00105877
0.00104107
0.00102304
0.00100474
0.000986246
0.00096757
0.000948721
0.000929703
0.000910514
0.00089114
0.000871552
0.000851712
0.000831564
0.000811033
0.000790031
0.000768441
0.000746122
0.00072289
0.000698506
0.00067264
0.000644816
0.000614326
0.000580085
0.000540455
0.000493073
0.000434917
0.000363195
0.000277877
0.00018592
0.00010437
5.61782e-05
8.05658e-05
0.000267265
0.000201126
0.000266705
0.000361206
0.000461015
0.000558144
0.000650463
0.000737633
0.000819825
0.000897357
0.0009705
0.00103942
0.00110418
0.00116479
0.00122122
0.00127341
0.00132135
0.00136505
0.00140454
0.00143986
0.00147108
0.00149827
0.00152156
0.00154104
0.00155686
0.00156916
0.0015781
0.00158382
0.00158611
0.00158566
0.00158337
0.00157815
0.0015703
0.0015603
0.00154829
0.00153443
0.00151889
0.00150182
0.00148336
0.00146368
0.00144291
0.00142117
0.00139859
0.00137528
0.00135133
0.00132683
0.00130199
0.00127677
0.00125116
0.00122517
0.00119881
0.00117208
0.00114495
0.00111737
0.00108926
0.00106054
0.00103107
0.00100072
0.000969308
0.000936621
0.000902399
0.000866314
0.00082794
0.000786696
0.00074177
0.000692003
0.000635759
0.00057085
0.000494758
0.000405606
0.000304566
0.000199536
0.000106735
4.59412e-05
3.71909e-05
6.03952e-05
0.000274573
0.00053514
0.000777199
0.000996299
0.00119405
0.00137541
0.00154456
0.0017041
0.00185543
0.00199922
0.00213566
0.00226466
0.002386
0.00249942
0.00260469
0.00270163
0.00279015
0.0028702
0.00294184
0.00300514
0.00306023
0.00310731
0.00314658
0.00317831
0.00320277
0.00322028
0.00323115
0.00323468
0.0032332
0.00322748
0.00321526
0.00319799
0.00317626
0.00315036
0.00312063
0.00308741
0.00305103
0.00301182
0.00297008
0.0029261
0.00288014
0.00283246
0.00278327
0.00273274
0.00268114
0.00262884
0.00257555
0.00252135
0.00246627
0.00241032
0.00235344
0.00229555
0.00223651
0.00217614
0.00211419
0.00205038
0.00198437
0.00191575
0.00184405
0.00176868
0.00168892
0.00160385
0.00151221
0.0014123
0.0013018
0.00117763
0.00103611
0.000873972
0.000690875
0.000494222
0.000304039
0.000150011
5.36517e-05
1.07398e-05
)
;

boundaryField
{
    movingWall
    {
        type            epsilonWallFunction;
        value           nonuniform List<scalar> 
75
(
6.03952e-05
0.000274573
0.00053514
0.000777199
0.000996299
0.00119405
0.00137541
0.00154456
0.0017041
0.00185543
0.00199922
0.00213566
0.00226466
0.002386
0.00249942
0.00260469
0.00270163
0.00279015
0.0028702
0.00294184
0.00300514
0.00306023
0.00310731
0.00314658
0.00317831
0.00320277
0.00322028
0.00323115
0.00323468
0.0032332
0.00322748
0.00321526
0.00319799
0.00317626
0.00315036
0.00312063
0.00308741
0.00305103
0.00301182
0.00297008
0.0029261
0.00288014
0.00283246
0.00278327
0.00273274
0.00268114
0.00262884
0.00257555
0.00252135
0.00246627
0.00241032
0.00235344
0.00229555
0.00223651
0.00217614
0.00211419
0.00205038
0.00198437
0.00191575
0.00184405
0.00176868
0.00168892
0.00160385
0.00151221
0.0014123
0.0013018
0.00117763
0.00103611
0.000873972
0.000690875
0.000494222
0.000304039
0.000150011
5.36517e-05
1.07398e-05
)
;
    }
    fixedWalls
    {
        type            epsilonWallFunction;
        value           nonuniform List<scalar> 
225
(
1.01117e-06
5.05411e-06
1.10824e-05
1.83843e-05
2.66816e-05
3.58413e-05
4.57915e-05
5.64907e-05
6.79143e-05
8.00463e-05
9.28742e-05
0.000106386
0.000120567
0.000135399
0.000150859
0.000166915
0.000183529
0.000200656
0.00021824
0.000236221
0.000254525
0.000273075
0.000291784
0.000310557
0.000329297
0.000347899
0.000366255
0.000384258
0.000401798
0.000418766
0.000435059
0.000450577
0.000465226
0.000478922
0.00049159
0.000503165
0.000513593
0.000522835
0.000530864
0.000537666
0.00054324
0.000547601
0.000550775
0.000552804
0.000553745
0.000553681
0.000552746
0.000550904
0.000548302
0.000545067
0.000541342
0.000537285
0.00053308
0.000528945
0.000525135
0.000521957
0.000519774
0.000519009
0.000520072
0.000523476
0.000530007
0.000540271
0.000554856
0.00057417
0.000598245
0.000626422
0.000656917
0.000686234
0.000708509
0.000714925
0.000696173
0.000629277
0.000486381
0.000267265
6.03952e-05
5.59033e-07
2.79175e-06
6.09943e-06
1.00538e-05
1.44588e-05
1.91952e-05
2.41786e-05
2.93445e-05
3.46433e-05
4.00377e-05
4.5501e-05
5.10163e-05
5.65763e-05
6.21818e-05
6.78408e-05
7.35683e-05
7.93856e-05
8.53184e-05
9.13963e-05
9.76514e-05
0.000104117
0.000110826
0.00011781
0.0001251
0.000132721
0.000140696
0.000149043
0.000157774
0.000166897
0.000176414
0.000186323
0.000196614
0.000207275
0.000218288
0.000229629
0.000241271
0.000253181
0.000265323
0.000277653
0.000290125
0.000302686
0.000315279
0.000327841
0.0003403
0.00035258
0.000364599
0.000376264
0.000387477
0.00039813
0.000408104
0.000417271
0.000425494
0.000432625
0.000438504
0.00044295
0.000445567
0.000446358
0.000445385
0.000442153
0.000436401
0.000427933
0.000416555
0.000402048
0.000384226
0.000362949
0.000338127
0.000309795
0.000278199
0.000243592
0.000206289
0.000166651
0.000124695
8.05658e-05
3.71909e-05
1.07398e-05
1.01117e-06
5.04809e-06
1.10155e-05
1.81212e-05
2.59892e-05
3.43808e-05
4.31164e-05
5.20504e-05
6.10606e-05
7.00433e-05
7.89114e-05
8.75922e-05
9.60276e-05
0.000104173
0.000111995
0.000119476
0.000126605
0.000133382
0.000139814
0.000145916
0.000151702
0.000157191
0.000162401
0.000167348
0.000172045
0.000176501
0.000180718
0.000184697
0.000188428
0.0001919
0.000195094
0.000197989
0.000200558
0.000202771
0.000204596
0.000206
0.000206945
0.000207394
0.000207343
0.000206746
0.000205576
0.000203813
0.00020144
0.000198451
0.000194844
0.000190625
0.00018581
0.000180422
0.000174493
0.000168061
0.000161174
0.000153885
0.000146251
0.000138336
0.000130204
0.000121921
0.000113553
0.000105165
9.6816e-05
8.85634e-05
8.0458e-05
7.25451e-05
6.48633e-05
5.74451e-05
5.03171e-05
4.35005e-05
3.70137e-05
3.08708e-05
2.50872e-05
1.96823e-05
1.46837e-05
1.01363e-05
6.11942e-06
2.7935e-06
5.59033e-07
)
;
    }
    frontAndBack
    {
        type            empty;
    }
}


// ************************************************************************* //
