/*--------------------------------*- C++ -*----------------------------------*\
  =========                 |
  \\      /  F ield         | OpenFOAM: The Open Source CFD Toolbox
   \\    /   O peration     | Website:  https://openfoam.org
    \\  /    A nd           | Version:  12
     \\/     M anipulation  |
\*---------------------------------------------------------------------------*/
FoamFile
{
    format      ascii;
    class       volScalarField;
    location    "4";
    object      epsilon;
}
// * * * * * * * * * * * * * * * * * * * * * * * * * * * * * * * * * * * * * //

dimensions      [0 2 -3 0 0 0 0];

internalField   nonuniform List<scalar> 
5625
(
5.27423e-10
9.95927e-10
2.1105e-09
3.44021e-09
4.93717e-09
6.5652e-09
8.2978e-09
1.01145e-08
1.19985e-08
1.39351e-08
1.59114e-08
1.79152e-08
1.99353e-08
2.19612e-08
2.39826e-08
2.599e-08
2.7974e-08
2.99258e-08
3.18368e-08
3.36988e-08
3.55042e-08
3.72453e-08
3.89151e-08
4.05069e-08
4.20145e-08
4.34318e-08
4.47534e-08
4.59743e-08
4.70897e-08
4.80955e-08
4.8988e-08
4.97639e-08
5.04203e-08
5.09549e-08
5.13658e-08
5.16517e-08
5.18116e-08
5.18451e-08
5.17523e-08
5.15336e-08
5.11902e-08
5.07233e-08
5.01351e-08
4.94277e-08
4.86041e-08
4.76675e-08
4.66217e-08
4.54706e-08
4.42188e-08
4.28712e-08
4.1433e-08
3.991e-08
3.83079e-08
3.66333e-08
3.48927e-08
3.30932e-08
3.12419e-08
2.93465e-08
2.74149e-08
2.54553e-08
2.34762e-08
2.14864e-08
1.94952e-08
1.75123e-08
1.55476e-08
1.36119e-08
1.17167e-08
9.87448e-09
8.09912e-09
6.40685e-09
4.81738e-09
3.35635e-09
2.05887e-09
9.71504e-10
5.14466e-10
3.56744e-09
1.93513e-09
1.88074e-09
2.24503e-09
2.80621e-09
3.48499e-09
4.24326e-09
5.05903e-09
5.9178e-09
6.80891e-09
7.72391e-09
8.65568e-09
9.59793e-09
1.0545e-08
1.14916e-08
1.24329e-08
1.33642e-08
1.42812e-08
1.51796e-08
1.60555e-08
1.69051e-08
1.77248e-08
1.85113e-08
1.92612e-08
1.99716e-08
2.06397e-08
2.12628e-08
2.18384e-08
2.23645e-08
2.2839e-08
2.32601e-08
2.36262e-08
2.3936e-08
2.41883e-08
2.43824e-08
2.45175e-08
2.45932e-08
2.46092e-08
2.45656e-08
2.44627e-08
2.43009e-08
2.40809e-08
2.38035e-08
2.347e-08
2.30817e-08
2.26401e-08
2.21469e-08
2.16042e-08
2.10139e-08
2.03786e-08
1.97007e-08
1.89828e-08
1.82278e-08
1.74389e-08
1.66191e-08
1.57718e-08
1.49005e-08
1.4009e-08
1.3101e-08
1.21806e-08
1.1252e-08
1.03197e-08
9.38829e-09
8.46285e-09
7.54878e-09
6.65208e-09
5.77959e-09
4.93944e-09
4.14188e-09
3.40097e-09
2.73804e-09
2.19016e-09
1.83459e-09
1.88758e-09
3.47981e-09
7.93135e-09
3.87764e-09
2.98516e-09
2.81441e-09
2.94711e-09
3.24679e-09
3.65198e-09
4.12927e-09
4.65808e-09
5.22452e-09
5.8185e-09
6.43223e-09
7.05939e-09
7.69464e-09
8.33332e-09
8.97128e-09
9.60474e-09
1.02302e-08
1.08444e-08
1.14444e-08
1.20273e-08
1.25904e-08
1.31313e-08
1.36475e-08
1.4137e-08
1.45975e-08
1.50274e-08
1.54247e-08
1.57881e-08
1.61159e-08
1.64069e-08
1.666e-08
1.68743e-08
1.70489e-08
1.71833e-08
1.72769e-08
1.73294e-08
1.73406e-08
1.73106e-08
1.72396e-08
1.71278e-08
1.69757e-08
1.6784e-08
1.65535e-08
1.62851e-08
1.59799e-08
1.56391e-08
1.52641e-08
1.48565e-08
1.44179e-08
1.39501e-08
1.34551e-08
1.29349e-08
1.23917e-08
1.18278e-08
1.12458e-08
1.06483e-08
1.0038e-08
9.4178e-09
8.79095e-09
8.16079e-09
7.53094e-09
6.90543e-09
6.28873e-09
5.68597e-09
5.10326e-09
4.54811e-09
4.0303e-09
3.56329e-09
3.1671e-09
2.87422e-09
2.74454e-09
2.91108e-09
3.78168e-09
7.73547e-09
1.31201e-08
6.27874e-09
4.54505e-09
3.91208e-09
3.71484e-09
3.74682e-09
3.91936e-09
4.18615e-09
4.51953e-09
4.90137e-09
5.31896e-09
5.7628e-09
6.22551e-09
6.70112e-09
7.18462e-09
7.67172e-09
8.15864e-09
8.642e-09
9.11874e-09
9.58607e-09
1.00414e-08
1.04824e-08
1.09068e-08
1.13127e-08
1.1698e-08
1.20611e-08
1.24003e-08
1.27141e-08
1.30013e-08
1.32606e-08
1.34909e-08
1.36914e-08
1.38611e-08
1.39995e-08
1.4106e-08
1.41801e-08
1.42217e-08
1.42305e-08
1.42066e-08
1.41501e-08
1.40613e-08
1.39406e-08
1.37884e-08
1.36054e-08
1.33925e-08
1.31505e-08
1.28804e-08
1.25835e-08
1.22609e-08
1.19141e-08
1.15446e-08
1.11541e-08
1.07443e-08
1.03171e-08
9.87459e-09
9.41895e-09
8.95252e-09
8.47782e-09
7.99759e-09
7.5148e-09
7.03274e-09
6.55507e-09
6.08595e-09
5.63022e-09
5.19368e-09
4.78346e-09
4.40876e-09
4.08195e-09
3.82062e-09
3.65171e-09
3.62033e-09
3.81281e-09
4.43041e-09
6.12138e-09
1.27923e-08
1.89017e-08
8.98067e-09
6.35995e-09
5.27537e-09
4.77948e-09
4.58397e-09
4.56852e-09
4.67206e-09
4.85911e-09
5.10698e-09
5.40004e-09
5.72689e-09
6.07885e-09
6.44903e-09
6.83179e-09
7.22241e-09
7.61682e-09
8.01148e-09
8.40325e-09
8.7893e-09
9.16708e-09
9.53426e-09
9.88872e-09
1.02285e-08
1.05518e-08
1.08569e-08
1.11424e-08
1.1407e-08
1.16493e-08
1.18682e-08
1.20628e-08
1.22323e-08
1.23758e-08
1.24927e-08
1.25827e-08
1.26452e-08
1.26801e-08
1.26871e-08
1.26665e-08
1.26181e-08
1.25422e-08
1.24393e-08
1.23097e-08
1.21541e-08
1.19732e-08
1.17677e-08
1.15386e-08
1.1287e-08
1.1014e-08
1.07209e-08
1.04092e-08
1.00804e-08
9.73609e-09
9.37815e-09
9.00853e-09
8.62933e-09
8.24288e-09
7.85168e-09
7.45852e-09
7.06647e-09
6.67899e-09
6.30004e-09
5.9342e-09
5.58693e-09
5.26491e-09
4.97657e-09
4.73299e-09
4.54937e-09
4.44777e-09
4.46273e-09
4.65369e-09
5.13781e-09
6.1959e-09
8.7511e-09
1.84205e-08
2.513e-08
1.19021e-08
8.34709e-09
6.80477e-09
6.0203e-09
5.61504e-09
5.4332e-09
5.3971e-09
5.46253e-09
5.60176e-09
5.79602e-09
6.03186e-09
6.29919e-09
6.59012e-09
6.8983e-09
7.21847e-09
7.54619e-09
7.87762e-09
8.20942e-09
8.53863e-09
8.86258e-09
9.17889e-09
9.4854e-09
9.78014e-09
1.00613e-08
1.03273e-08
1.05767e-08
1.0808e-08
1.10202e-08
1.12121e-08
1.13827e-08
1.15313e-08
1.16572e-08
1.17597e-08
1.18383e-08
1.18928e-08
1.19228e-08
1.19283e-08
1.19093e-08
1.18657e-08
1.17979e-08
1.17062e-08
1.1591e-08
1.14529e-08
1.12926e-08
1.11108e-08
1.09084e-08
1.06864e-08
1.04461e-08
1.01885e-08
9.91523e-09
9.62766e-09
9.32747e-09
9.01648e-09
8.69665e-09
8.37015e-09
8.03935e-09
7.70686e-09
7.37561e-09
7.04887e-09
6.73039e-09
6.42451e-09
6.13633e-09
5.87204e-09
5.63928e-09
5.44787e-09
5.31085e-09
5.24646e-09
5.28168e-09
5.4595e-09
5.85549e-09
6.62122e-09
8.12524e-09
1.15893e-08
2.44727e-08
3.16978e-08
1.49882e-08
1.04586e-08
8.44857e-09
7.37782e-09
6.77125e-09
6.43479e-09
6.2727e-09
6.23117e-09
6.27694e-09
6.38783e-09
6.54818e-09
6.74638e-09
6.97348e-09
7.22235e-09
7.48715e-09
7.76301e-09
8.04577e-09
8.33183e-09
8.61802e-09
8.90156e-09
9.17993e-09
9.4509e-09
9.71244e-09
9.96273e-09
1.02001e-08
1.0423e-08
1.06302e-08
1.08205e-08
1.09926e-08
1.11458e-08
1.12792e-08
1.13921e-08
1.14838e-08
1.1554e-08
1.16023e-08
1.16284e-08
1.16322e-08
1.16137e-08
1.15731e-08
1.15104e-08
1.14261e-08
1.13205e-08
1.11943e-08
1.1048e-08
1.08825e-08
1.06987e-08
1.04975e-08
1.02801e-08
1.00478e-08
9.80196e-09
9.54408e-09
9.27588e-09
8.99921e-09
8.7161e-09
8.42879e-09
8.13977e-09
7.85183e-09
7.56807e-09
7.29203e-09
7.0278e-09
6.78011e-09
6.55464e-09
6.3583e-09
6.19976e-09
6.09031e-09
6.04514e-09
6.08578e-09
6.24455e-09
6.57374e-09
7.16636e-09
8.21106e-09
1.01698e-08
1.45795e-08
3.08384e-08
3.85191e-08
1.81964e-08
1.26608e-08
1.01737e-08
8.81629e-09
8.01272e-09
7.52867e-09
7.24921e-09
7.11028e-09
7.07268e-09
7.11054e-09
7.20583e-09
7.3453e-09
7.51886e-09
7.71857e-09
7.93797e-09
8.17172e-09
8.41531e-09
8.66484e-09
8.91696e-09
9.16867e-09
9.41736e-09
9.66065e-09
9.89645e-09
1.01228e-08
1.03381e-08
1.05408e-08
1.07294e-08
1.09028e-08
1.10598e-08
1.11995e-08
1.13211e-08
1.14238e-08
1.15071e-08
1.15704e-08
1.16136e-08
1.16362e-08
1.16382e-08
1.16196e-08
1.15804e-08
1.15209e-08
1.14414e-08
1.13424e-08
1.12244e-08
1.1088e-08
1.09341e-08
1.07636e-08
1.05774e-08
1.03769e-08
1.01631e-08
9.93766e-09
9.70206e-09
9.45806e-09
9.2076e-09
8.95281e-09
8.69603e-09
8.4399e-09
8.18735e-09
7.94173e-09
7.70682e-09
7.48707e-09
7.28765e-09
7.11485e-09
6.97635e-09
6.88195e-09
6.84444e-09
6.88134e-09
7.0177e-09
7.29159e-09
7.76512e-09
8.54983e-09
9.87317e-09
1.22943e-08
1.76771e-08
3.74264e-08
4.55221e-08
2.14921e-08
1.49273e-08
1.19559e-08
1.0311e-08
9.313e-09
8.68598e-09
8.29505e-09
8.06543e-09
7.95163e-09
7.92391e-09
7.96166e-09
8.04994e-09
8.17744e-09
8.33533e-09
8.51651e-09
8.71514e-09
8.92633e-09
9.1459e-09
9.37023e-09
9.59617e-09
9.82091e-09
1.0042e-08
1.02572e-08
1.04645e-08
1.06622e-08
1.08487e-08
1.10226e-08
1.11825e-08
1.13274e-08
1.14562e-08
1.15683e-08
1.16627e-08
1.17389e-08
1.17965e-08
1.18351e-08
1.18544e-08
1.18543e-08
1.18349e-08
1.17962e-08
1.17384e-08
1.16619e-08
1.15672e-08
1.14548e-08
1.13253e-08
1.11797e-08
1.10188e-08
1.08437e-08
1.06556e-08
1.04558e-08
1.02459e-08
1.00274e-08
9.80217e-09
9.57223e-09
9.3398e-09
9.10738e-09
8.87774e-09
8.65401e-09
8.43975e-09
8.23907e-09
8.05673e-09
7.89842e-09
7.771e-09
7.68303e-09
7.64541e-09
7.67261e-09
7.78456e-09
8.01005e-09
8.39312e-09
9.00618e-09
9.97988e-09
1.15816e-08
1.44702e-08
2.08439e-08
4.41579e-08
5.26442e-08
2.48451e-08
1.72363e-08
1.37759e-08
1.18432e-08
1.06527e-08
9.8862e-09
9.3882e-09
9.07289e-09
8.8883e-09
8.80062e-09
8.78658e-09
8.82942e-09
8.91655e-09
9.03823e-09
9.18666e-09
9.3555e-09
9.53943e-09
9.73398e-09
9.93526e-09
1.01399e-08
1.0345e-08
1.05479e-08
1.07463e-08
1.09382e-08
1.11216e-08
1.12949e-08
1.14567e-08
1.16056e-08
1.17405e-08
1.18604e-08
1.19644e-08
1.20517e-08
1.21219e-08
1.21743e-08
1.22087e-08
1.22247e-08
1.22223e-08
1.22015e-08
1.21624e-08
1.21052e-08
1.20303e-08
1.19381e-08
1.18293e-08
1.17045e-08
1.15646e-08
1.14106e-08
1.12435e-08
1.10646e-08
1.08753e-08
1.06772e-08
1.04718e-08
1.02612e-08
1.00475e-08
9.83294e-09
9.62019e-09
9.4122e-09
9.21227e-09
9.02423e-09
8.85246e-09
8.70212e-09
8.57938e-09
8.49176e-09
8.44865e-09
8.46219e-09
8.54855e-09
8.73017e-09
9.03971e-09
9.52736e-09
1.02761e-08
1.1436e-08
1.3315e-08
1.66729e-08
2.40458e-08
5.09617e-08
5.98304e-08
2.82293e-08
1.95688e-08
1.56177e-08
1.33976e-08
1.20168e-08
1.11137e-08
1.05122e-08
1.01152e-08
9.86406e-09
9.72086e-09
9.65956e-09
9.66151e-09
9.71279e-09
9.80269e-09
9.92271e-09
1.0066e-08
1.02267e-08
1.04001e-08
1.05821e-08
1.0769e-08
1.09577e-08
1.11456e-08
1.13301e-08
1.15092e-08
1.16807e-08
1.18432e-08
1.19949e-08
1.21346e-08
1.22611e-08
1.23734e-08
1.24704e-08
1.25516e-08
1.26163e-08
1.2664e-08
1.26943e-08
1.2707e-08
1.2702e-08
1.26793e-08
1.2639e-08
1.25814e-08
1.25069e-08
1.24158e-08
1.2309e-08
1.2187e-08
1.20508e-08
1.19014e-08
1.174e-08
1.15677e-08
1.13861e-08
1.11968e-08
1.10015e-08
1.08022e-08
1.06012e-08
1.04009e-08
1.02041e-08
1.00139e-08
9.83378e-09
9.66781e-09
9.5207e-09
9.39801e-09
9.3064e-09
9.25406e-09
9.25128e-09
9.31142e-09
9.45244e-09
9.69935e-09
1.00887e-08
1.0677e-08
1.15578e-08
1.29007e-08
1.50546e-08
1.88799e-08
2.72516e-08
5.77723e-08
6.70319e-08
3.16214e-08
2.19083e-08
1.74672e-08
1.49617e-08
1.33928e-08
1.23559e-08
1.1654e-08
1.11787e-08
1.08646e-08
1.06695e-08
1.05647e-08
1.05294e-08
1.05485e-08
1.06103e-08
1.07054e-08
1.08264e-08
1.09672e-08
1.11226e-08
1.12882e-08
1.14602e-08
1.16354e-08
1.18107e-08
1.19836e-08
1.21519e-08
1.23136e-08
1.24669e-08
1.26102e-08
1.27421e-08
1.28614e-08
1.29669e-08
1.30579e-08
1.31335e-08
1.31932e-08
1.32363e-08
1.32626e-08
1.32718e-08
1.32639e-08
1.32387e-08
1.31966e-08
1.31377e-08
1.30624e-08
1.29713e-08
1.2865e-08
1.27444e-08
1.26102e-08
1.24635e-08
1.23056e-08
1.21378e-08
1.19616e-08
1.17787e-08
1.15908e-08
1.14002e-08
1.12091e-08
1.10202e-08
1.08362e-08
1.06605e-08
1.04969e-08
1.03496e-08
1.02236e-08
1.01249e-08
1.00608e-08
1.00399e-08
1.00737e-08
1.01766e-08
1.03685e-08
1.06768e-08
1.11422e-08
1.18274e-08
1.28365e-08
1.43587e-08
1.67832e-08
2.10708e-08
3.04322e-08
6.45283e-08
7.42052e-08
3.50008e-08
2.42403e-08
1.93125e-08
1.65244e-08
1.47703e-08
1.36025e-08
1.28032e-08
1.22525e-08
1.18786e-08
1.16347e-08
1.14894e-08
1.142e-08
1.141e-08
1.14465e-08
1.15196e-08
1.16213e-08
1.17448e-08
1.18848e-08
1.20365e-08
1.21959e-08
1.23594e-08
1.25242e-08
1.26874e-08
1.28467e-08
1.30001e-08
1.31456e-08
1.32816e-08
1.34067e-08
1.35196e-08
1.36193e-08
1.37047e-08
1.37751e-08
1.38299e-08
1.38686e-08
1.38908e-08
1.38963e-08
1.3885e-08
1.38569e-08
1.38122e-08
1.37512e-08
1.36743e-08
1.3582e-08
1.34751e-08
1.33543e-08
1.32207e-08
1.30752e-08
1.29191e-08
1.27539e-08
1.25811e-08
1.24024e-08
1.22199e-08
1.20356e-08
1.1852e-08
1.16718e-08
1.14981e-08
1.13343e-08
1.11843e-08
1.10527e-08
1.09449e-08
1.08671e-08
1.08272e-08
1.08347e-08
1.09017e-08
1.1044e-08
1.12833e-08
1.16496e-08
1.21875e-08
1.29658e-08
1.40991e-08
1.57959e-08
1.84851e-08
2.32262e-08
3.35601e-08
7.11715e-08
8.13118e-08
3.83493e-08
2.65519e-08
2.11432e-08
1.80765e-08
1.61405e-08
1.48448e-08
1.39509e-08
1.33277e-08
1.28966e-08
1.26067e-08
1.24236e-08
1.23227e-08
1.22861e-08
1.22999e-08
1.23534e-08
1.2438e-08
1.25465e-08
1.26732e-08
1.28129e-08
1.29615e-08
1.31153e-08
1.32711e-08
1.34261e-08
1.35777e-08
1.37239e-08
1.38627e-08
1.39924e-08
1.41115e-08
1.42187e-08
1.43129e-08
1.43931e-08
1.44586e-08
1.45087e-08
1.45428e-08
1.45608e-08
1.45622e-08
1.45471e-08
1.45155e-08
1.44676e-08
1.44037e-08
1.43242e-08
1.42298e-08
1.41211e-08
1.3999e-08
1.38645e-08
1.37187e-08
1.3563e-08
1.33987e-08
1.32276e-08
1.30514e-08
1.28722e-08
1.26923e-08
1.25141e-08
1.23405e-08
1.21747e-08
1.20204e-08
1.18816e-08
1.17632e-08
1.16709e-08
1.16115e-08
1.15931e-08
1.1626e-08
1.17232e-08
1.1902e-08
1.21854e-08
1.26064e-08
1.32131e-08
1.40805e-08
1.53335e-08
1.71992e-08
2.01454e-08
2.53278e-08
3.6609e-08
7.76466e-08
8.83178e-08
4.16509e-08
2.88319e-08
2.29499e-08
1.96097e-08
1.74957e-08
1.60753e-08
1.50898e-08
1.43968e-08
1.3911e-08
1.35775e-08
1.33589e-08
1.32289e-08
1.31679e-08
1.31611e-08
1.3197e-08
1.32664e-08
1.33618e-08
1.34768e-08
1.36062e-08
1.37456e-08
1.3891e-08
1.40391e-08
1.4187e-08
1.4332e-08
1.44719e-08
1.46048e-08
1.47288e-08
1.48424e-08
1.49443e-08
1.50334e-08
1.51086e-08
1.51692e-08
1.52145e-08
1.5244e-08
1.52573e-08
1.52544e-08
1.5235e-08
1.51993e-08
1.51475e-08
1.50799e-08
1.4997e-08
1.48994e-08
1.47879e-08
1.46633e-08
1.45267e-08
1.43794e-08
1.42226e-08
1.40578e-08
1.38868e-08
1.37115e-08
1.3534e-08
1.33566e-08
1.3182e-08
1.30131e-08
1.28532e-08
1.27063e-08
1.25766e-08
1.24692e-08
1.23901e-08
1.23465e-08
1.23472e-08
1.24029e-08
1.25277e-08
1.274e-08
1.30646e-08
1.35368e-08
1.42086e-08
1.51609e-08
1.65283e-08
1.85563e-08
2.17499e-08
2.73579e-08
3.95539e-08
8.39003e-08
9.51942e-08
4.48917e-08
3.10707e-08
2.4725e-08
2.11172e-08
1.88295e-08
1.7288e-08
1.62137e-08
1.54535e-08
1.49155e-08
1.45406e-08
1.42887e-08
1.41314e-08
1.40479e-08
1.40223e-08
1.40423e-08
1.40982e-08
1.41818e-08
1.42866e-08
1.44071e-08
1.45384e-08
1.46765e-08
1.48179e-08
1.49596e-08
1.50988e-08
1.52331e-08
1.53606e-08
1.54794e-08
1.55879e-08
1.56847e-08
1.57687e-08
1.58389e-08
1.58945e-08
1.59349e-08
1.59594e-08
1.59679e-08
1.596e-08
1.59359e-08
1.58954e-08
1.5839e-08
1.57669e-08
1.56797e-08
1.5578e-08
1.54626e-08
1.53345e-08
1.51947e-08
1.50446e-08
1.48854e-08
1.47188e-08
1.45466e-08
1.43707e-08
1.41933e-08
1.40168e-08
1.38441e-08
1.36782e-08
1.35225e-08
1.33811e-08
1.32586e-08
1.31602e-08
1.30923e-08
1.30624e-08
1.30797e-08
1.31558e-08
1.33057e-08
1.35486e-08
1.39114e-08
1.44315e-08
1.51645e-08
1.61969e-08
1.7673e-08
1.98554e-08
2.32853e-08
2.92999e-08
4.23704e-08
8.98814e-08
1.01916e-07
4.80602e-08
3.32602e-08
2.64618e-08
2.25932e-08
2.01366e-08
1.84775e-08
1.73175e-08
1.64927e-08
1.59048e-08
1.54905e-08
1.52071e-08
1.50243e-08
1.49199e-08
1.48771e-08
1.48827e-08
1.49263e-08
1.49995e-08
1.50952e-08
1.52077e-08
1.53319e-08
1.54636e-08
1.55991e-08
1.57352e-08
1.58691e-08
1.59983e-08
1.61207e-08
1.62345e-08
1.6338e-08
1.64298e-08
1.65088e-08
1.65739e-08
1.66242e-08
1.66593e-08
1.66785e-08
1.66815e-08
1.66683e-08
1.66386e-08
1.65928e-08
1.65309e-08
1.64535e-08
1.63611e-08
1.62543e-08
1.61341e-08
1.60014e-08
1.58573e-08
1.57032e-08
1.55405e-08
1.53708e-08
1.5196e-08
1.50182e-08
1.48395e-08
1.46626e-08
1.44903e-08
1.43258e-08
1.41728e-08
1.40353e-08
1.39181e-08
1.38269e-08
1.37682e-08
1.37499e-08
1.37818e-08
1.38761e-08
1.40484e-08
1.43193e-08
1.47171e-08
1.52816e-08
1.60717e-08
1.71793e-08
1.87575e-08
2.10855e-08
2.47384e-08
3.11375e-08
4.50354e-08
9.55406e-08
1.08465e-07
5.1147e-08
3.53938e-08
2.81549e-08
2.4033e-08
2.14125e-08
1.96397e-08
1.83971e-08
1.75102e-08
1.68744e-08
1.64228e-08
1.61096e-08
1.59029e-08
1.57791e-08
1.57203e-08
1.57126e-08
1.57451e-08
1.58088e-08
1.58964e-08
1.60018e-08
1.61196e-08
1.62455e-08
1.63755e-08
1.65065e-08
1.66354e-08
1.67597e-08
1.68772e-08
1.6986e-08
1.70845e-08
1.71712e-08
1.72448e-08
1.73045e-08
1.73493e-08
1.73786e-08
1.73919e-08
1.73889e-08
1.73696e-08
1.73338e-08
1.72817e-08
1.72136e-08
1.713e-08
1.70315e-08
1.69188e-08
1.67927e-08
1.66543e-08
1.65049e-08
1.63457e-08
1.61783e-08
1.60043e-08
1.58258e-08
1.56447e-08
1.54636e-08
1.52849e-08
1.51116e-08
1.49471e-08
1.47951e-08
1.466e-08
1.45466e-08
1.44609e-08
1.44096e-08
1.44011e-08
1.44455e-08
1.45557e-08
1.4748e-08
1.50442e-08
1.54738e-08
1.6079e-08
1.69217e-08
1.80989e-08
1.97721e-08
2.22359e-08
2.60968e-08
3.28552e-08
4.75263e-08
1.0083e-07
1.14823e-07
5.41449e-08
3.74664e-08
2.98004e-08
2.54329e-08
2.26539e-08
2.07714e-08
1.94491e-08
1.85026e-08
1.78212e-08
1.73339e-08
1.69926e-08
1.67634e-08
1.66213e-08
1.65477e-08
1.65278e-08
1.655e-08
1.66051e-08
1.66852e-08
1.6784e-08
1.68959e-08
1.70164e-08
1.71413e-08
1.72673e-08
1.73914e-08
1.75108e-08
1.76234e-08
1.77272e-08
1.78204e-08
1.79016e-08
1.79696e-08
1.80233e-08
1.8062e-08
1.80849e-08
1.80917e-08
1.80821e-08
1.80558e-08
1.80131e-08
1.79539e-08
1.78787e-08
1.7788e-08
1.76824e-08
1.75626e-08
1.74297e-08
1.72846e-08
1.71287e-08
1.69634e-08
1.67902e-08
1.66108e-08
1.64273e-08
1.62419e-08
1.6057e-08
1.58752e-08
1.56998e-08
1.5534e-08
1.53817e-08
1.52475e-08
1.51364e-08
1.50546e-08
1.5009e-08
1.50085e-08
1.50634e-08
1.51873e-08
1.53972e-08
1.57157e-08
1.6174e-08
1.6816e-08
1.77066e-08
1.89474e-08
2.07077e-08
2.32962e-08
2.73487e-08
3.4438e-08
4.98215e-08
1.05704e-07
1.20982e-07
5.70487e-08
3.94745e-08
3.13952e-08
2.67904e-08
2.38584e-08
2.18701e-08
2.04712e-08
1.94676e-08
1.87425e-08
1.82212e-08
1.78532e-08
1.76027e-08
1.74436e-08
1.7356e-08
1.73246e-08
1.73374e-08
1.73844e-08
1.74576e-08
1.75502e-08
1.76565e-08
1.77718e-08
1.78918e-08
1.80129e-08
1.8132e-08
1.82464e-08
1.83538e-08
1.84522e-08
1.85397e-08
1.8615e-08
1.86768e-08
1.8724e-08
1.87559e-08
1.87717e-08
1.87712e-08
1.8754e-08
1.872e-08
1.86693e-08
1.86021e-08
1.85188e-08
1.842e-08
1.83062e-08
1.81784e-08
1.80375e-08
1.78847e-08
1.77213e-08
1.75486e-08
1.73685e-08
1.71827e-08
1.69931e-08
1.68022e-08
1.66123e-08
1.64264e-08
1.62475e-08
1.60791e-08
1.59253e-08
1.57907e-08
1.56805e-08
1.5601e-08
1.55596e-08
1.55651e-08
1.56287e-08
1.5764e-08
1.59889e-08
1.63271e-08
1.68106e-08
1.74852e-08
1.84188e-08
1.97168e-08
2.15556e-08
2.42567e-08
2.84826e-08
3.58714e-08
5.19002e-08
1.10119e-07
1.26935e-07
5.98557e-08
4.1416e-08
3.29376e-08
2.81039e-08
2.50244e-08
2.29342e-08
2.14619e-08
2.04034e-08
1.96365e-08
1.90829e-08
1.86895e-08
1.84188e-08
1.82435e-08
1.81428e-08
1.81007e-08
1.81045e-08
1.81438e-08
1.82104e-08
1.82971e-08
1.8398e-08
1.85081e-08
1.86231e-08
1.87391e-08
1.88531e-08
1.89622e-08
1.9064e-08
1.91564e-08
1.92378e-08
1.93065e-08
1.93613e-08
1.94012e-08
1.94254e-08
1.94333e-08
1.94245e-08
1.93987e-08
1.93559e-08
1.92963e-08
1.922e-08
1.91275e-08
1.90194e-08
1.88964e-08
1.87594e-08
1.86095e-08
1.84478e-08
1.82756e-08
1.80947e-08
1.79065e-08
1.7713e-08
1.75163e-08
1.73188e-08
1.71229e-08
1.69316e-08
1.67481e-08
1.6576e-08
1.64194e-08
1.6283e-08
1.61723e-08
1.60937e-08
1.60548e-08
1.60648e-08
1.61349e-08
1.62796e-08
1.6517e-08
1.68717e-08
1.73769e-08
1.808e-08
1.9051e-08
2.03993e-08
2.23073e-08
2.51081e-08
2.94875e-08
3.71418e-08
5.37426e-08
1.14032e-07
1.3268e-07
6.25652e-08
4.32905e-08
3.44272e-08
2.93728e-08
2.61514e-08
2.39633e-08
2.24202e-08
2.13092e-08
2.05023e-08
1.99178e-08
1.95002e-08
1.92103e-08
1.90196e-08
1.89065e-08
1.88541e-08
1.88493e-08
1.88814e-08
1.89415e-08
1.90224e-08
1.91179e-08
1.92227e-08
1.93324e-08
1.94431e-08
1.95515e-08
1.96548e-08
1.97504e-08
1.98363e-08
1.99106e-08
1.99719e-08
2.00189e-08
2.00505e-08
2.00661e-08
2.00649e-08
2.00467e-08
2.00113e-08
1.99585e-08
1.98887e-08
1.98021e-08
1.96992e-08
1.95806e-08
1.94472e-08
1.92998e-08
1.91396e-08
1.89678e-08
1.87859e-08
1.85954e-08
1.8398e-08
1.81958e-08
1.79908e-08
1.77855e-08
1.75825e-08
1.73848e-08
1.71955e-08
1.70185e-08
1.68579e-08
1.67186e-08
1.66061e-08
1.6527e-08
1.6489e-08
1.65017e-08
1.65765e-08
1.67282e-08
1.69756e-08
1.73437e-08
1.78669e-08
1.85939e-08
1.95967e-08
2.09878e-08
2.29552e-08
2.58416e-08
3.03531e-08
3.82361e-08
5.53298e-08
1.17403e-07
1.38221e-07
6.51786e-08
4.50989e-08
3.58647e-08
3.05977e-08
2.72396e-08
2.49573e-08
2.33463e-08
2.21848e-08
2.13397e-08
2.07255e-08
2.02847e-08
1.99765e-08
1.97712e-08
1.96461e-08
1.95839e-08
1.95709e-08
1.95958e-08
1.96496e-08
1.97246e-08
1.98144e-08
1.99137e-08
2.00178e-08
2.01227e-08
2.0225e-08
2.03217e-08
2.04104e-08
2.04889e-08
2.05554e-08
2.06082e-08
2.06463e-08
2.06685e-08
2.06742e-08
2.06628e-08
2.06339e-08
2.05875e-08
2.05235e-08
2.04421e-08
2.03439e-08
2.02292e-08
2.00988e-08
1.99535e-08
1.97945e-08
1.96227e-08
1.94396e-08
1.92466e-08
1.90454e-08
1.88377e-08
1.86256e-08
1.84112e-08
1.81971e-08
1.79858e-08
1.77805e-08
1.75844e-08
1.74014e-08
1.72357e-08
1.70921e-08
1.69765e-08
1.68954e-08
1.68569e-08
1.68704e-08
1.69479e-08
1.71044e-08
1.7359e-08
1.77375e-08
1.82749e-08
1.9021e-08
2.00495e-08
2.14757e-08
2.34919e-08
2.64489e-08
3.10697e-08
3.91421e-08
5.6644e-08
1.20195e-07
1.43565e-07
6.76994e-08
4.68434e-08
3.72517e-08
3.17799e-08
2.82901e-08
2.59171e-08
2.42409e-08
2.30309e-08
2.21489e-08
2.15064e-08
2.10434e-08
2.07176e-08
2.04981e-08
2.03616e-08
2.02899e-08
2.02688e-08
2.02866e-08
2.03339e-08
2.04029e-08
2.04869e-08
2.05802e-08
2.06782e-08
2.07767e-08
2.08721e-08
2.09616e-08
2.10424e-08
2.11125e-08
2.11699e-08
2.12132e-08
2.12411e-08
2.12526e-08
2.12471e-08
2.12239e-08
2.11829e-08
2.1124e-08
2.10472e-08
2.09529e-08
2.08414e-08
2.07134e-08
2.05698e-08
2.04113e-08
2.02391e-08
2.00544e-08
1.98586e-08
1.96532e-08
1.944e-08
1.92207e-08
1.89975e-08
1.87726e-08
1.85484e-08
1.83279e-08
1.81139e-08
1.79099e-08
1.77197e-08
1.75477e-08
1.73987e-08
1.72787e-08
1.71943e-08
1.71536e-08
1.71663e-08
1.72445e-08
1.74034e-08
1.76626e-08
1.80481e-08
1.85956e-08
1.93558e-08
2.04038e-08
2.18568e-08
2.39107e-08
2.69225e-08
3.16283e-08
3.98483e-08
5.76687e-08
1.22372e-07
1.48724e-07
7.01329e-08
4.85279e-08
3.85911e-08
3.29217e-08
2.9305e-08
2.68445e-08
2.51053e-08
2.38486e-08
2.29312e-08
2.22613e-08
2.17769e-08
2.14342e-08
2.12011e-08
2.10534e-08
2.09724e-08
2.09433e-08
2.0954e-08
2.09947e-08
2.10574e-08
2.11351e-08
2.1222e-08
2.13133e-08
2.14046e-08
2.14924e-08
2.15735e-08
2.16454e-08
2.17059e-08
2.1753e-08
2.17853e-08
2.18016e-08
2.18009e-08
2.17826e-08
2.17461e-08
2.16913e-08
2.16182e-08
2.1527e-08
2.14179e-08
2.12916e-08
2.11487e-08
2.09901e-08
2.08168e-08
2.06299e-08
2.04308e-08
2.02208e-08
2.00016e-08
1.9775e-08
1.95429e-08
1.93073e-08
1.90707e-08
1.88354e-08
1.86044e-08
1.83806e-08
1.81676e-08
1.79691e-08
1.77896e-08
1.76341e-08
1.75084e-08
1.74192e-08
1.73748e-08
1.7385e-08
1.74619e-08
1.76209e-08
1.78818e-08
1.82709e-08
1.88244e-08
1.95936e-08
2.06544e-08
2.21256e-08
2.42054e-08
2.72554e-08
3.20208e-08
4.03446e-08
5.83889e-08
1.23903e-07
1.53713e-07
7.24867e-08
5.01571e-08
3.98868e-08
3.40263e-08
3.02867e-08
2.77418e-08
2.59417e-08
2.46398e-08
2.36881e-08
2.29918e-08
2.24867e-08
2.21276e-08
2.18813e-08
2.17227e-08
2.16326e-08
2.15954e-08
2.15989e-08
2.16329e-08
2.16889e-08
2.17598e-08
2.18397e-08
2.19235e-08
2.20068e-08
2.20859e-08
2.21576e-08
2.22194e-08
2.22688e-08
2.23042e-08
2.2324e-08
2.2327e-08
2.23124e-08
2.22795e-08
2.22279e-08
2.21575e-08
2.20683e-08
2.19607e-08
2.18351e-08
2.1692e-08
2.15324e-08
2.1357e-08
2.11671e-08
2.09638e-08
2.07486e-08
2.05229e-08
2.02885e-08
2.00471e-08
1.98007e-08
1.95515e-08
1.93018e-08
1.90542e-08
1.88115e-08
1.85769e-08
1.83537e-08
1.81459e-08
1.79578e-08
1.77945e-08
1.76618e-08
1.75666e-08
1.75169e-08
1.75228e-08
1.75963e-08
1.7753e-08
1.80127e-08
1.8402e-08
1.89573e-08
1.973e-08
2.07968e-08
2.22772e-08
2.43708e-08
2.74416e-08
3.224e-08
4.06217e-08
5.87915e-08
1.24759e-07
1.58552e-07
7.47693e-08
5.17373e-08
4.11433e-08
3.50975e-08
3.12388e-08
2.86117e-08
2.67526e-08
2.54069e-08
2.44219e-08
2.37e-08
2.31748e-08
2.27997e-08
2.25405e-08
2.23713e-08
2.2272e-08
2.22269e-08
2.2223e-08
2.22499e-08
2.22988e-08
2.23625e-08
2.24347e-08
2.25101e-08
2.25843e-08
2.26536e-08
2.27147e-08
2.27648e-08
2.28018e-08
2.28238e-08
2.28293e-08
2.28172e-08
2.27867e-08
2.27372e-08
2.26684e-08
2.25803e-08
2.2473e-08
2.2347e-08
2.22026e-08
2.20408e-08
2.18623e-08
2.16683e-08
2.14599e-08
2.12384e-08
2.10053e-08
2.07622e-08
2.05108e-08
2.02531e-08
1.9991e-08
1.97268e-08
1.94628e-08
1.92017e-08
1.89462e-08
1.86995e-08
1.84651e-08
1.82468e-08
1.8049e-08
1.78768e-08
1.77358e-08
1.76331e-08
1.75767e-08
1.75764e-08
1.76446e-08
1.77965e-08
1.80522e-08
1.84381e-08
1.89907e-08
1.97615e-08
2.08273e-08
2.23076e-08
2.44023e-08
2.74759e-08
3.22798e-08
4.06721e-08
5.88652e-08
1.24917e-07
1.63261e-07
7.69912e-08
5.32752e-08
4.23662e-08
3.61398e-08
3.21649e-08
2.94579e-08
2.75411e-08
2.61526e-08
2.51353e-08
2.43883e-08
2.38436e-08
2.3453e-08
2.31811e-08
2.30014e-08
2.28931e-08
2.284e-08
2.28285e-08
2.2848e-08
2.28894e-08
2.29451e-08
2.30087e-08
2.30749e-08
2.3139e-08
2.31972e-08
2.32461e-08
2.32831e-08
2.33059e-08
2.33126e-08
2.33019e-08
2.32726e-08
2.32241e-08
2.31558e-08
2.30675e-08
2.29594e-08
2.28317e-08
2.26848e-08
2.25195e-08
2.23366e-08
2.21371e-08
2.19222e-08
2.16932e-08
2.14515e-08
2.11986e-08
2.09363e-08
2.06664e-08
2.03907e-08
2.01114e-08
1.98307e-08
1.95511e-08
1.92752e-08
1.90057e-08
1.87458e-08
1.8499e-08
1.82692e-08
1.80606e-08
1.78782e-08
1.77279e-08
1.76163e-08
1.75516e-08
1.75436e-08
1.76043e-08
1.77492e-08
1.79979e-08
1.83769e-08
1.89224e-08
1.96857e-08
2.07431e-08
2.22139e-08
2.42968e-08
2.73548e-08
3.2136e-08
4.049e-08
5.86018e-08
1.24359e-07
1.67866e-07
7.91636e-08
5.47788e-08
4.35614e-08
3.71581e-08
3.30694e-08
3.0284e-08
2.83108e-08
2.68804e-08
2.58313e-08
2.50599e-08
2.4496e-08
2.40902e-08
2.3806e-08
2.36159e-08
2.34986e-08
2.34373e-08
2.34181e-08
2.34299e-08
2.34632e-08
2.35103e-08
2.35646e-08
2.36204e-08
2.36732e-08
2.37189e-08
2.37541e-08
2.37762e-08
2.37828e-08
2.37722e-08
2.37431e-08
2.36943e-08
2.36254e-08
2.35358e-08
2.34255e-08
2.32948e-08
2.31441e-08
2.29739e-08
2.27851e-08
2.25786e-08
2.23557e-08
2.21176e-08
2.18658e-08
2.16017e-08
2.1327e-08
2.10435e-08
2.07531e-08
2.04578e-08
2.01597e-08
1.98612e-08
1.95646e-08
1.92725e-08
1.89879e-08
1.87137e-08
1.84535e-08
1.8211e-08
1.79905e-08
1.7797e-08
1.7636e-08
1.75143e-08
1.74399e-08
1.74224e-08
1.74737e-08
1.7609e-08
1.78478e-08
1.82163e-08
1.87501e-08
1.95002e-08
2.05421e-08
2.19935e-08
2.40515e-08
2.70752e-08
3.18047e-08
4.00709e-08
5.79945e-08
1.23071e-07
1.72392e-07
8.12987e-08
5.62561e-08
4.47353e-08
3.81579e-08
3.3957e-08
3.10942e-08
2.90653e-08
2.75936e-08
2.65133e-08
2.57178e-08
2.51352e-08
2.47145e-08
2.44182e-08
2.42179e-08
2.40918e-08
2.40222e-08
2.39951e-08
2.39988e-08
2.40235e-08
2.40613e-08
2.41053e-08
2.41497e-08
2.41898e-08
2.42214e-08
2.42412e-08
2.42463e-08
2.42347e-08
2.42046e-08
2.41545e-08
2.40838e-08
2.39917e-08
2.38781e-08
2.37431e-08
2.3587e-08
2.34104e-08
2.32141e-08
2.2999e-08
2.27663e-08
2.25174e-08
2.22536e-08
2.19764e-08
2.16876e-08
2.1389e-08
2.10823e-08
2.07696e-08
2.0453e-08
2.01345e-08
1.98166e-08
1.95016e-08
1.91922e-08
1.88912e-08
1.86016e-08
1.83269e-08
1.80707e-08
1.78373e-08
1.76315e-08
1.74588e-08
1.73258e-08
1.72403e-08
1.72116e-08
1.72515e-08
1.73749e-08
1.7601e-08
1.79554e-08
1.84732e-08
1.92044e-08
2.02234e-08
2.16459e-08
2.36656e-08
2.66359e-08
3.12849e-08
3.9413e-08
5.70407e-08
1.21046e-07
1.76866e-07
8.3409e-08
5.77159e-08
4.58946e-08
3.91445e-08
3.48324e-08
3.18928e-08
2.98086e-08
2.8296e-08
2.71848e-08
2.63657e-08
2.57647e-08
2.53294e-08
2.50213e-08
2.48111e-08
2.46761e-08
2.45984e-08
2.45632e-08
2.45584e-08
2.4574e-08
2.46016e-08
2.46343e-08
2.46661e-08
2.4692e-08
2.47078e-08
2.47102e-08
2.46964e-08
2.46642e-08
2.46119e-08
2.45383e-08
2.44426e-08
2.43245e-08
2.41839e-08
2.40211e-08
2.38365e-08
2.3631e-08
2.34055e-08
2.31612e-08
2.28994e-08
2.26216e-08
2.23293e-08
2.20244e-08
2.17085e-08
2.13837e-08
2.10518e-08
2.07148e-08
2.0375e-08
2.00345e-08
1.96957e-08
1.9361e-08
1.9033e-08
1.87145e-08
1.84086e-08
1.81184e-08
1.78476e-08
1.76004e-08
1.73814e-08
1.7196e-08
1.70505e-08
1.69525e-08
1.69112e-08
1.69379e-08
1.70472e-08
1.72578e-08
1.75946e-08
1.8092e-08
1.87988e-08
1.97875e-08
2.11715e-08
2.31398e-08
2.60379e-08
3.05772e-08
3.85175e-08
5.57417e-08
1.18289e-07
1.81315e-07
8.5507e-08
5.91664e-08
4.70458e-08
4.01235e-08
3.57003e-08
3.26841e-08
3.05448e-08
2.89915e-08
2.78496e-08
2.70072e-08
2.63882e-08
2.59386e-08
2.5619e-08
2.53991e-08
2.52556e-08
2.51696e-08
2.51262e-08
2.51126e-08
2.51185e-08
2.51353e-08
2.51556e-08
2.51734e-08
2.51835e-08
2.51817e-08
2.51645e-08
2.51293e-08
2.50738e-08
2.49965e-08
2.48964e-08
2.47727e-08
2.46254e-08
2.44544e-08
2.42604e-08
2.40439e-08
2.38062e-08
2.35482e-08
2.32714e-08
2.29774e-08
2.26678e-08
2.23443e-08
2.2009e-08
2.16636e-08
2.13102e-08
2.09509e-08
2.05878e-08
2.02231e-08
1.9859e-08
1.94979e-08
1.91422e-08
1.87945e-08
1.84575e-08
1.81342e-08
1.78277e-08
1.75416e-08
1.72798e-08
1.70468e-08
1.68477e-08
1.66888e-08
1.65772e-08
1.65219e-08
1.65338e-08
1.66269e-08
1.68194e-08
1.71354e-08
1.76082e-08
1.82851e-08
1.92366e-08
2.05725e-08
2.24765e-08
2.52838e-08
2.9685e-08
3.73881e-08
5.41033e-08
1.14809e-07
1.85764e-07
8.76046e-08
6.06159e-08
4.81952e-08
4.11001e-08
3.65653e-08
3.34721e-08
3.12776e-08
2.96836e-08
2.85113e-08
2.76459e-08
2.70092e-08
2.65459e-08
2.62152e-08
2.5986e-08
2.58341e-08
2.57401e-08
2.56883e-08
2.56657e-08
2.56613e-08
2.56663e-08
2.56731e-08
2.56753e-08
2.56678e-08
2.56463e-08
2.56072e-08
2.55478e-08
2.54662e-08
2.53608e-08
2.52308e-08
2.50756e-08
2.48954e-08
2.46905e-08
2.44616e-08
2.42097e-08
2.3936e-08
2.36421e-08
2.33294e-08
2.29999e-08
2.26554e-08
2.22979e-08
2.19293e-08
2.15519e-08
2.11677e-08
2.07789e-08
2.03877e-08
1.99964e-08
1.96072e-08
1.92226e-08
1.88448e-08
1.84764e-08
1.81201e-08
1.77787e-08
1.74553e-08
1.71532e-08
1.68762e-08
1.66286e-08
1.64153e-08
1.62421e-08
1.6116e-08
1.60457e-08
1.60413e-08
1.61163e-08
1.62883e-08
1.65804e-08
1.70246e-08
1.76666e-08
1.8574e-08
1.98528e-08
2.168e-08
2.43785e-08
2.8614e-08
3.60322e-08
5.21358e-08
1.1063e-07
1.90236e-07
8.97127e-08
6.20716e-08
4.93485e-08
4.2079e-08
3.74315e-08
3.42607e-08
3.20106e-08
3.03759e-08
2.91734e-08
2.82852e-08
2.76314e-08
2.71549e-08
2.68137e-08
2.65757e-08
2.64158e-08
2.63139e-08
2.62537e-08
2.62216e-08
2.62064e-08
2.61986e-08
2.61906e-08
2.61757e-08
2.61485e-08
2.61048e-08
2.60411e-08
2.59546e-08
2.58436e-08
2.57066e-08
2.55429e-08
2.53525e-08
2.51355e-08
2.48926e-08
2.46249e-08
2.43335e-08
2.40201e-08
2.36865e-08
2.33344e-08
2.29661e-08
2.25834e-08
2.21888e-08
2.17844e-08
2.13724e-08
2.09551e-08
2.05349e-08
2.01139e-08
1.96945e-08
1.9279e-08
1.88697e-08
1.84689e-08
1.80792e-08
1.7703e-08
1.7343e-08
1.70023e-08
1.66839e-08
1.63914e-08
1.61288e-08
1.59009e-08
1.5713e-08
1.55718e-08
1.54853e-08
1.54635e-08
1.5519e-08
1.56683e-08
1.59338e-08
1.63459e-08
1.69481e-08
1.78052e-08
1.90184e-08
2.0757e-08
2.33297e-08
2.73731e-08
3.44611e-08
4.98554e-08
1.05786e-07
1.94752e-07
9.18405e-08
6.35398e-08
5.05105e-08
4.30642e-08
3.83025e-08
3.50531e-08
3.27469e-08
3.10714e-08
2.98389e-08
2.89285e-08
2.82581e-08
2.77691e-08
2.74181e-08
2.71719e-08
2.70045e-08
2.6895e-08
2.68264e-08
2.67845e-08
2.67577e-08
2.67361e-08
2.67117e-08
2.66777e-08
2.66286e-08
2.656e-08
2.64686e-08
2.63516e-08
2.62074e-08
2.60348e-08
2.58335e-08
2.56035e-08
2.53455e-08
2.50603e-08
2.47494e-08
2.44144e-08
2.40572e-08
2.368e-08
2.32848e-08
2.28741e-08
2.24502e-08
2.20155e-08
2.15725e-08
2.11237e-08
2.06713e-08
2.02179e-08
1.97656e-08
1.93169e-08
1.88741e-08
1.84393e-08
1.8015e-08
1.76035e-08
1.72072e-08
1.68286e-08
1.64705e-08
1.61358e-08
1.58278e-08
1.55504e-08
1.53077e-08
1.5105e-08
1.49483e-08
1.48452e-08
1.48051e-08
1.48398e-08
1.49649e-08
1.52014e-08
1.55782e-08
1.61365e-08
1.69375e-08
1.80773e-08
1.97163e-08
2.21475e-08
2.59744e-08
3.269e-08
4.72844e-08
1.00324e-07
1.99325e-07
9.39948e-08
6.50251e-08
5.16848e-08
4.40587e-08
3.9181e-08
3.58519e-08
3.34891e-08
3.17727e-08
3.05105e-08
2.95786e-08
2.88924e-08
2.83917e-08
2.80317e-08
2.77781e-08
2.76038e-08
2.74869e-08
2.74099e-08
2.73578e-08
2.73185e-08
2.72818e-08
2.72393e-08
2.71839e-08
2.71102e-08
2.70137e-08
2.6891e-08
2.67396e-08
2.65581e-08
2.63457e-08
2.61021e-08
2.58279e-08
2.5524e-08
2.51919e-08
2.48332e-08
2.44502e-08
2.40449e-08
2.362e-08
2.3178e-08
2.27215e-08
2.22531e-08
2.17757e-08
2.12917e-08
2.08039e-08
2.03147e-08
1.98266e-08
1.93419e-08
1.88631e-08
1.83924e-08
1.7932e-08
1.7484e-08
1.70508e-08
1.66346e-08
1.62377e-08
1.58626e-08
1.55121e-08
1.51891e-08
1.48972e-08
1.46402e-08
1.44228e-08
1.42508e-08
1.41309e-08
1.40722e-08
1.40853e-08
1.41849e-08
1.43907e-08
1.47296e-08
1.52403e-08
1.59803e-08
1.70398e-08
1.85697e-08
2.08452e-08
2.44338e-08
3.07389e-08
4.44516e-08
9.43043e-08
2.03966e-07
9.61797e-08
6.65301e-08
5.28734e-08
4.50643e-08
4.00685e-08
3.66586e-08
3.42388e-08
3.24817e-08
3.11903e-08
3.02376e-08
2.95367e-08
2.90254e-08
2.86574e-08
2.83972e-08
2.82165e-08
2.80927e-08
2.8007e-08
2.79442e-08
2.78915e-08
2.78381e-08
2.77753e-08
2.7696e-08
2.75945e-08
2.74664e-08
2.73084e-08
2.71183e-08
2.68948e-08
2.66375e-08
2.63466e-08
2.60231e-08
2.56683e-08
2.52841e-08
2.48729e-08
2.44371e-08
2.39794e-08
2.35028e-08
2.30102e-08
2.25045e-08
2.19888e-08
2.1466e-08
2.0939e-08
2.04105e-08
1.98832e-08
1.93595e-08
1.88419e-08
1.83327e-08
1.78342e-08
1.73483e-08
1.68772e-08
1.6423e-08
1.59876e-08
1.55733e-08
1.51823e-08
1.4817e-08
1.448e-08
1.41745e-08
1.39041e-08
1.36728e-08
1.3486e-08
1.33497e-08
1.32724e-08
1.32636e-08
1.33371e-08
1.35108e-08
1.38099e-08
1.42702e-08
1.49452e-08
1.59188e-08
1.73313e-08
1.94391e-08
2.27705e-08
2.86324e-08
4.13927e-08
8.78037e-08
2.08674e-07
9.83956e-08
6.80551e-08
5.40765e-08
4.60812e-08
4.09654e-08
3.74738e-08
3.49968e-08
3.31994e-08
3.18796e-08
3.09071e-08
3.01926e-08
2.96719e-08
2.92971e-08
2.90313e-08
2.88449e-08
2.87142e-08
2.86198e-08
2.85455e-08
2.84779e-08
2.84058e-08
2.83203e-08
2.82139e-08
2.80809e-08
2.7917e-08
2.77191e-08
2.74852e-08
2.72145e-08
2.69069e-08
2.65631e-08
2.61847e-08
2.57735e-08
2.5332e-08
2.48631e-08
2.43698e-08
2.38553e-08
2.3323e-08
2.27762e-08
2.22184e-08
2.16528e-08
2.10826e-08
2.05109e-08
1.99407e-08
1.93745e-08
1.8815e-08
1.82646e-08
1.77255e-08
1.71998e-08
1.66896e-08
1.61966e-08
1.57227e-08
1.52698e-08
1.48397e-08
1.44343e-08
1.40558e-08
1.37065e-08
1.3389e-08
1.31065e-08
1.28626e-08
1.2662e-08
1.25103e-08
1.24149e-08
1.23847e-08
1.24319e-08
1.2573e-08
1.28312e-08
1.32392e-08
1.38462e-08
1.47295e-08
1.60183e-08
1.79488e-08
2.10079e-08
2.63999e-08
3.81505e-08
8.09129e-08
2.13442e-07
1.00639e-07
6.95976e-08
5.52921e-08
4.71079e-08
4.18707e-08
3.82968e-08
3.57628e-08
3.39256e-08
3.25785e-08
3.15876e-08
3.0861e-08
3.03323e-08
2.9952e-08
2.96814e-08
2.94899e-08
2.93525e-08
2.92488e-08
2.91619e-08
2.90776e-08
2.89845e-08
2.8873e-08
2.87358e-08
2.8567e-08
2.83624e-08
2.81193e-08
2.7836e-08
2.75121e-08
2.71482e-08
2.67455e-08
2.63061e-08
2.58328e-08
2.53285e-08
2.47967e-08
2.42411e-08
2.36655e-08
2.30738e-08
2.24697e-08
2.18571e-08
2.12396e-08
2.06206e-08
2.00035e-08
1.93911e-08
1.87862e-08
1.81915e-08
1.76093e-08
1.70417e-08
1.64906e-08
1.59578e-08
1.5445e-08
1.49538e-08
1.44856e-08
1.40421e-08
1.36248e-08
1.32354e-08
1.28759e-08
1.25486e-08
1.22561e-08
1.20015e-08
1.17889e-08
1.16231e-08
1.15107e-08
1.14601e-08
1.14815e-08
1.15903e-08
1.18072e-08
1.21619e-08
1.26993e-08
1.34895e-08
1.46503e-08
1.63967e-08
1.91726e-08
2.40757e-08
3.47749e-08
7.37376e-08
2.18253e-07
1.02901e-07
7.11517e-08
5.65158e-08
4.81408e-08
4.27814e-08
3.91254e-08
3.6535e-08
3.46592e-08
3.32863e-08
3.22786e-08
3.15414e-08
3.10063e-08
3.06217e-08
3.03473e-08
3.0151e-08
3.00067e-08
2.9893e-08
2.97918e-08
2.96886e-08
2.95713e-08
2.94301e-08
2.92576e-08
2.90479e-08
2.87971e-08
2.85027e-08
2.81637e-08
2.77801e-08
2.73533e-08
2.68852e-08
2.63786e-08
2.5837e-08
2.52644e-08
2.46646e-08
2.40422e-08
2.34016e-08
2.27472e-08
2.20833e-08
2.1414e-08
2.07434e-08
2.00751e-08
1.94125e-08
1.87586e-08
1.81164e-08
1.74881e-08
1.68762e-08
1.62825e-08
1.57087e-08
1.51563e-08
1.46268e-08
1.41214e-08
1.36412e-08
1.31874e-08
1.27614e-08
1.23643e-08
1.19977e-08
1.16633e-08
1.13634e-08
1.11005e-08
1.08781e-08
1.07004e-08
1.05728e-08
1.05032e-08
1.05002e-08
1.05775e-08
1.07536e-08
1.10553e-08
1.15226e-08
1.22187e-08
1.32493e-08
1.48082e-08
1.7295e-08
2.16981e-08
3.13215e-08
6.63967e-08
2.23077e-07
1.05168e-07
7.27082e-08
5.77406e-08
4.91743e-08
4.36931e-08
3.99557e-08
3.73102e-08
3.53976e-08
3.40006e-08
3.2978e-08
3.22322e-08
3.16922e-08
3.13045e-08
3.1027e-08
3.08261e-08
3.06744e-08
3.05491e-08
3.04316e-08
3.03065e-08
3.01612e-08
2.99858e-08
2.97726e-08
2.95161e-08
2.92127e-08
2.88604e-08
2.84587e-08
2.80084e-08
2.75117e-08
2.69714e-08
2.63912e-08
2.57755e-08
2.51289e-08
2.44564e-08
2.37631e-08
2.30542e-08
2.23346e-08
2.16091e-08
2.08823e-08
2.01584e-08
1.94414e-08
1.87346e-08
1.80412e-08
1.7364e-08
1.67051e-08
1.60668e-08
1.54506e-08
1.4858e-08
1.42901e-08
1.37481e-08
1.32326e-08
1.27446e-08
1.22848e-08
1.18539e-08
1.14529e-08
1.10828e-08
1.07449e-08
1.04408e-08
1.01727e-08
9.94325e-09
9.75604e-09
9.61574e-09
9.52893e-09
9.50352e-09
9.55101e-09
9.6879e-09
9.93774e-09
1.0336e-08
1.09386e-08
1.18396e-08
1.32108e-08
1.54077e-08
1.93088e-08
2.78515e-08
5.90202e-08
2.27873e-07
1.07421e-07
7.42541e-08
5.89565e-08
5.02005e-08
4.45991e-08
4.07823e-08
3.80839e-08
3.61366e-08
3.47179e-08
3.36826e-08
3.293e-08
3.23867e-08
3.19969e-08
3.17168e-08
3.15109e-08
3.13506e-08
3.12118e-08
3.10751e-08
3.09243e-08
3.07464e-08
3.05313e-08
3.02715e-08
2.99616e-08
2.95985e-08
2.91808e-08
2.87089e-08
2.81845e-08
2.76106e-08
2.69912e-08
2.63313e-08
2.56357e-08
2.49102e-08
2.41608e-08
2.33933e-08
2.26137e-08
2.18275e-08
2.10399e-08
2.0256e-08
1.94802e-08
1.87164e-08
1.79682e-08
1.72387e-08
1.65303e-08
1.58453e-08
1.51852e-08
1.45515e-08
1.39452e-08
1.3367e-08
1.28176e-08
1.22973e-08
1.18065e-08
1.13455e-08
1.09146e-08
1.05141e-08
1.01448e-08
9.80726e-09
9.50278e-09
9.23285e-09
8.9996e-09
8.8059e-09
8.65563e-09
8.55415e-09
8.50883e-09
8.52885e-09
8.62876e-09
8.82904e-09
9.16062e-09
9.67236e-09
1.04465e-08
1.16338e-08
1.35455e-08
1.69522e-08
2.44294e-08
5.17455e-08
2.32588e-07
1.09635e-07
7.57725e-08
6.01507e-08
5.12091e-08
4.5491e-08
4.15979e-08
3.88497e-08
3.68706e-08
3.54329e-08
3.43872e-08
3.36297e-08
3.30845e-08
3.26934e-08
3.24105e-08
3.21989e-08
3.20281e-08
3.18731e-08
3.17134e-08
3.15323e-08
3.13163e-08
3.10554e-08
3.0742e-08
3.03713e-08
2.99408e-08
2.94499e-08
2.89001e-08
2.8294e-08
2.76359e-08
2.69311e-08
2.61853e-08
2.54047e-08
2.45962e-08
2.37668e-08
2.29232e-08
2.20719e-08
2.12191e-08
2.03706e-08
1.95316e-08
1.87068e-08
1.79e-08
1.71149e-08
1.63542e-08
1.56202e-08
1.49147e-08
1.42391e-08
1.35941e-08
1.29804e-08
1.23983e-08
1.18477e-08
1.13287e-08
1.08409e-08
1.03843e-08
9.95851e-09
9.5636e-09
9.1996e-09
8.86684e-09
8.56593e-09
8.2979e-09
8.06429e-09
7.86731e-09
7.71009e-09
7.59694e-09
7.53445e-09
7.52991e-09
7.59583e-09
7.74978e-09
8.01833e-09
8.44353e-09
9.09629e-09
1.01067e-08
1.17437e-08
1.46732e-08
2.11209e-08
4.47127e-08
2.37156e-07
1.1178e-07
7.72428e-08
6.13076e-08
5.21876e-08
4.63583e-08
4.23937e-08
3.95996e-08
3.75924e-08
3.61386e-08
3.5085e-08
3.43245e-08
3.37784e-08
3.33862e-08
3.30999e-08
3.28808e-08
3.2697e-08
3.25222e-08
3.2335e-08
3.2118e-08
3.18577e-08
3.15439e-08
3.11694e-08
3.073e-08
3.02241e-08
2.96521e-08
2.90165e-08
2.83215e-08
2.75729e-08
2.67767e-08
2.59399e-08
2.50705e-08
2.41764e-08
2.32654e-08
2.23453e-08
2.14232e-08
2.05059e-08
1.95996e-08
1.87096e-08
1.78406e-08
1.69966e-08
1.61807e-08
1.53957e-08
1.46432e-08
1.39247e-08
1.3241e-08
1.25923e-08
1.19786e-08
1.13997e-08
1.08549e-08
1.03438e-08
9.86538e-09
9.41903e-09
9.00404e-09
8.61982e-09
8.26597e-09
7.94232e-09
7.64902e-09
7.3866e-09
7.15606e-09
6.95904e-09
6.79796e-09
6.67628e-09
6.5993e-09
6.57361e-09
6.60903e-09
6.72065e-09
6.93092e-09
7.27549e-09
7.81457e-09
8.65876e-09
1.00369e-08
1.25156e-08
1.799e-08
3.80585e-08
2.415e-07
1.13818e-07
7.86408e-08
6.2409e-08
5.31212e-08
4.71887e-08
4.31588e-08
4.03242e-08
3.82929e-08
3.68264e-08
3.57673e-08
3.50054e-08
3.4459e-08
3.40653e-08
3.37742e-08
3.35452e-08
3.33448e-08
3.31457e-08
3.29255e-08
3.26664e-08
3.23547e-08
3.19804e-08
3.15369e-08
3.10208e-08
3.04315e-08
2.97706e-08
2.90422e-08
2.82524e-08
2.74073e-08
2.65148e-08
2.55839e-08
2.46237e-08
2.36432e-08
2.26513e-08
2.16566e-08
2.0667e-08
1.96895e-08
1.87307e-08
1.7796e-08
1.68901e-08
1.60165e-08
1.51782e-08
1.43774e-08
1.36152e-08
1.28924e-08
1.22092e-08
1.15652e-08
1.09598e-08
1.03919e-08
9.86048e-09
9.36414e-09
8.9016e-09
8.47155e-09
8.07279e-09
7.70424e-09
7.36505e-09
7.05462e-09
6.77264e-09
6.51921e-09
6.29488e-09
6.10075e-09
5.93864e-09
5.8113e-09
5.72273e-09
5.67918e-09
5.68786e-09
5.76163e-09
5.91921e-09
6.19036e-09
6.62543e-09
7.31701e-09
8.45688e-09
1.05202e-08
1.50959e-08
3.19092e-08
2.45531e-07
1.15711e-07
7.99393e-08
6.3434e-08
5.39933e-08
4.79682e-08
4.38812e-08
4.10122e-08
3.89617e-08
3.7486e-08
3.64237e-08
3.56614e-08
3.51147e-08
3.47183e-08
3.44201e-08
3.41778e-08
3.39565e-08
3.37276e-08
3.34683e-08
3.31601e-08
3.27896e-08
3.23471e-08
3.18267e-08
3.12261e-08
3.0546e-08
2.97895e-08
2.89632e-08
2.80729e-08
2.71271e-08
2.61361e-08
2.51101e-08
2.40593e-08
2.29943e-08
2.19248e-08
2.08602e-08
1.98089e-08
1.87783e-08
1.77751e-08
1.68045e-08
1.5871e-08
1.49777e-08
1.41271e-08
1.33206e-08
1.25588e-08
1.18416e-08
1.11685e-08
1.05384e-08
9.94983e-09
9.40107e-09
8.89031e-09
8.41561e-09
7.97508e-09
7.56687e-09
7.18927e-09
6.84079e-09
6.52014e-09
6.22632e-09
5.95868e-09
5.71695e-09
5.50127e-09
5.31234e-09
5.15147e-09
5.0208e-09
4.9235e-09
4.86473e-09
4.85054e-09
4.89111e-09
5.00203e-09
5.20784e-09
5.55006e-09
6.10512e-09
7.03144e-09
8.72174e-09
1.24896e-08
2.63735e-08
2.49156e-07
1.17412e-07
8.11085e-08
6.43604e-08
5.47858e-08
4.86815e-08
4.45473e-08
4.16512e-08
3.95868e-08
3.81054e-08
3.70419e-08
3.62798e-08
3.5732e-08
3.53309e-08
3.50225e-08
3.47626e-08
3.45151e-08
3.42505e-08
3.39451e-08
3.35807e-08
3.31438e-08
3.26254e-08
3.20208e-08
3.13289e-08
3.05518e-08
2.96961e-08
2.87665e-08
2.77724e-08
2.67251e-08
2.56358e-08
2.45164e-08
2.33787e-08
2.22341e-08
2.10935e-08
1.99667e-08
1.88626e-08
1.77889e-08
1.67519e-08
1.57566e-08
1.48071e-08
1.39059e-08
1.30546e-08
1.22539e-08
1.15036e-08
1.08027e-08
1.01496e-08
9.54263e-09
8.97937e-09
8.45743e-09
7.97426e-09
7.52733e-09
7.11416e-09
6.73241e-09
6.37995e-09
6.05488e-09
5.75557e-09
5.48072e-09
5.22938e-09
5.00099e-09
4.79543e-09
4.61308e-09
4.45488e-09
4.32248e-09
4.21845e-09
4.14668e-09
4.11304e-09
4.12487e-09
4.19524e-09
4.34419e-09
4.6056e-09
5.04183e-09
5.7822e-09
7.14741e-09
1.02103e-08
2.15348e-08
2.52273e-07
1.18875e-07
8.21172e-08
6.51642e-08
5.54795e-08
4.93123e-08
4.51425e-08
4.22277e-08
4.01551e-08
3.86715e-08
3.76084e-08
3.68464e-08
3.62959e-08
3.58872e-08
3.55644e-08
3.52818e-08
3.50022e-08
3.46952e-08
3.43369e-08
3.39091e-08
3.33987e-08
3.27979e-08
3.21029e-08
3.1315e-08
3.0439e-08
2.94783e-08
2.84437e-08
2.73466e-08
2.61996e-08
2.50157e-08
2.38083e-08
2.25906e-08
2.13749e-08
2.0173e-08
1.89951e-08
1.78503e-08
1.6746e-08
1.56884e-08
1.4682e-08
1.37299e-08
1.28339e-08
1.19948e-08
1.12121e-08
1.04847e-08
9.81063e-09
9.18744e-09
8.61233e-09
8.08221e-09
7.59391e-09
7.1442e-09
6.72997e-09
6.34823e-09
5.99624e-09
5.67148e-09
5.37177e-09
5.09521e-09
4.84029e-09
4.60586e-09
4.39119e-09
4.19598e-09
4.0204e-09
3.86517e-09
3.73161e-09
3.62183e-09
3.53898e-09
3.48808e-09
3.47524e-09
3.51079e-09
3.61121e-09
3.80403e-09
4.13982e-09
4.72337e-09
5.81455e-09
8.28275e-09
1.74461e-08
2.54779e-07
1.20054e-07
8.29337e-08
6.58217e-08
5.6055e-08
4.98439e-08
4.56518e-08
4.27275e-08
4.06527e-08
3.91702e-08
3.81085e-08
3.73457e-08
3.67901e-08
3.63701e-08
3.6028e-08
3.5717e-08
3.53989e-08
3.50429e-08
3.4625e-08
3.41272e-08
3.35374e-08
3.28489e-08
3.20612e-08
3.11757e-08
3.01951e-08
2.91304e-08
2.79934e-08
2.67972e-08
2.55562e-08
2.42852e-08
2.2999e-08
2.1712e-08
2.04374e-08
1.91874e-08
1.79725e-08
1.68017e-08
1.5682e-08
1.4619e-08
1.36163e-08
1.26763e-08
1.17995e-08
1.09857e-08
1.02333e-08
9.53996e-09
8.90278e-09
8.31829e-09
7.78277e-09
7.29233e-09
6.84308e-09
6.43118e-09
6.05299e-09
5.7051e-09
5.38448e-09
5.08836e-09
4.81435e-09
4.56039e-09
4.32485e-09
4.10648e-09
3.90449e-09
3.7185e-09
3.54862e-09
3.39545e-09
3.26015e-09
3.14457e-09
3.05142e-09
2.9846e-09
2.95031e-09
2.95596e-09
3.01554e-09
3.15148e-09
3.40489e-09
3.86077e-09
4.72968e-09
6.7158e-09
1.41253e-08
2.56577e-07
1.20901e-07
8.35274e-08
6.63095e-08
5.64931e-08
5.02598e-08
4.60602e-08
4.31363e-08
4.10652e-08
3.95868e-08
3.85271e-08
3.7762e-08
3.71981e-08
3.67621e-08
3.63954e-08
3.60499e-08
3.56869e-08
3.52755e-08
3.47919e-08
3.42187e-08
3.35458e-08
3.27698e-08
3.18867e-08
3.08994e-08
2.98181e-08
2.8654e-08
2.74205e-08
2.61331e-08
2.48079e-08
2.34613e-08
2.21094e-08
2.07675e-08
1.94494e-08
1.81676e-08
1.69325e-08
1.57525e-08
1.46341e-08
1.3582e-08
1.25989e-08
1.16856e-08
1.08419e-08
1.0066e-08
9.35526e-09
8.70611e-09
8.11454e-09
7.5761e-09
7.08621e-09
6.64022e-09
6.23364e-09
5.86212e-09
5.52153e-09
5.20795e-09
4.91848e-09
4.65026e-09
4.4007e-09
4.16768e-09
3.94951e-09
3.74498e-09
3.55329e-09
3.37414e-09
3.20764e-09
3.05443e-09
2.91566e-09
2.79309e-09
2.68924e-09
2.60758e-09
2.55316e-09
2.53307e-09
2.5583e-09
2.6479e-09
2.83575e-09
3.19166e-09
3.8882e-09
5.50179e-09
1.15555e-08
2.57576e-07
1.21376e-07
8.38703e-08
6.6606e-08
5.6776e-08
5.05443e-08
4.63532e-08
4.34399e-08
4.13788e-08
3.99071e-08
3.88492e-08
3.80796e-08
3.75035e-08
3.70466e-08
3.66493e-08
3.62633e-08
3.58496e-08
3.53773e-08
3.4824e-08
3.41753e-08
3.34203e-08
3.25514e-08
3.15716e-08
3.04886e-08
2.93125e-08
2.80568e-08
2.6737e-08
2.53704e-08
2.39747e-08
2.25678e-08
2.11668e-08
1.97875e-08
1.84441e-08
1.71488e-08
1.59118e-08
1.47406e-08
1.3641e-08
1.26162e-08
1.16679e-08
1.07956e-08
9.9976e-09
9.27088e-09
8.61147e-09
8.0147e-09
7.47545e-09
6.98841e-09
6.54809e-09
6.14913e-09
5.78685e-09
5.45661e-09
5.15422e-09
4.87607e-09
4.61856e-09
4.37816e-09
4.15205e-09
3.9381e-09
3.73472e-09
3.54081e-09
3.35574e-09
3.17934e-09
3.01192e-09
2.85425e-09
2.70763e-09
2.57398e-09
2.45599e-09
2.35742e-09
2.28279e-09
2.23918e-09
2.23518e-09
2.28733e-09
2.42443e-09
2.70537e-09
3.27534e-09
4.61807e-09
9.68751e-09
2.57703e-07
1.21443e-07
8.39387e-08
6.66925e-08
5.68877e-08
5.06831e-08
4.65173e-08
4.36254e-08
4.158e-08
4.01173e-08
3.90607e-08
3.82838e-08
3.76911e-08
3.7208e-08
3.67745e-08
3.63423e-08
3.58735e-08
3.53399e-08
3.47181e-08
3.39899e-08
3.31466e-08
3.21886e-08
3.11198e-08
2.99489e-08
2.86881e-08
2.73529e-08
2.59609e-08
2.4531e-08
2.30822e-08
2.16336e-08
2.02027e-08
1.88057e-08
1.74567e-08
1.61674e-08
1.49472e-08
1.38027e-08
1.27385e-08
1.17565e-08
1.08568e-08
1.00378e-08
9.29613e-09
8.62757e-09
8.02691e-09
7.48833e-09
7.00573e-09
6.57335e-09
6.18558e-09
5.83729e-09
5.52239e-09
5.2352e-09
4.97082e-09
4.72486e-09
4.49312e-09
4.27334e-09
4.06359e-09
3.86218e-09
3.66781e-09
3.4796e-09
3.29711e-09
3.12032e-09
2.94967e-09
2.78602e-09
2.63072e-09
2.48559e-09
2.353e-09
2.23594e-09
2.1397e-09
2.07107e-09
2.03978e-09
2.05984e-09
2.15753e-09
2.38463e-09
2.86807e-09
4.03013e-09
8.4467e-09
2.5694e-07
1.21094e-07
8.37259e-08
6.65627e-08
5.68206e-08
5.0666e-08
4.65409e-08
4.36804e-08
4.16564e-08
4.02047e-08
3.91483e-08
3.83609e-08
3.77474e-08
3.72338e-08
3.67615e-08
3.62833e-08
3.57597e-08
3.51592e-08
3.44602e-08
3.36512e-08
3.27272e-08
3.1688e-08
3.05396e-08
2.92923e-08
2.79606e-08
2.65619e-08
2.51153e-08
2.36411e-08
2.21593e-08
2.06896e-08
1.92497e-08
1.78556e-08
1.6521e-08
1.52569e-08
1.40714e-08
1.29702e-08
1.19563e-08
1.10302e-08
1.01907e-08
9.43454e-09
8.75721e-09
8.15308e-09
7.61596e-09
7.13959e-09
6.71787e-09
6.34331e-09
6.00852e-09
5.70615e-09
5.43061e-09
5.1773e-09
4.94193e-09
4.72075e-09
4.51068e-09
4.30882e-09
4.11289e-09
3.92122e-09
3.73267e-09
3.54656e-09
3.36269e-09
3.18128e-09
3.00301e-09
2.82901e-09
2.66091e-09
2.50092e-09
2.35192e-09
2.21769e-09
2.10275e-09
2.0134e-09
1.95948e-09
1.95342e-09
2.02064e-09
2.21029e-09
2.63998e-09
3.698e-09
7.74771e-09
2.55162e-07
1.20274e-07
8.3197e-08
6.61943e-08
5.65628e-08
5.04902e-08
4.64243e-08
4.36044e-08
4.16057e-08
4.01658e-08
3.91093e-08
3.83106e-08
3.76753e-08
3.71294e-08
3.66133e-08
3.60786e-08
3.54892e-08
3.48185e-08
3.40482e-08
3.31667e-08
3.21699e-08
3.10598e-08
2.98443e-08
2.85357e-08
2.71503e-08
2.57069e-08
2.4226e-08
2.27287e-08
2.12356e-08
1.97663e-08
1.83385e-08
1.69677e-08
1.56667e-08
1.44453e-08
1.33105e-08
1.22666e-08
1.13151e-08
1.04553e-08
9.68426e-09
8.99765e-09
8.38972e-09
7.85389e-09
7.3833e-09
6.96999e-09
6.60532e-09
6.28212e-09
5.99368e-09
5.73388e-09
5.4968e-09
5.27706e-09
5.07011e-09
4.87214e-09
4.68003e-09
4.4913e-09
4.30405e-09
4.11693e-09
3.92912e-09
3.74025e-09
3.5504e-09
3.36009e-09
3.17024e-09
2.98223e-09
2.79792e-09
2.61976e-09
2.45086e-09
2.2952e-09
2.15786e-09
2.04566e-09
1.96868e-09
1.94098e-09
1.98642e-09
2.15321e-09
2.55578e-09
3.57016e-09
7.47901e-09
2.52372e-07
1.18981e-07
8.23474e-08
6.55761e-08
5.60961e-08
5.01319e-08
4.61459e-08
4.33823e-08
4.14189e-08
3.99955e-08
3.89383e-08
3.81234e-08
3.74581e-08
3.68702e-08
3.63027e-08
3.57114e-08
3.50616e-08
3.43274e-08
3.34919e-08
3.25457e-08
3.14867e-08
3.03189e-08
2.90519e-08
2.76998e-08
2.62803e-08
2.48133e-08
2.33198e-08
2.18214e-08
2.03388e-08
1.88912e-08
1.74957e-08
1.61669e-08
1.49164e-08
1.37528e-08
1.26818e-08
1.17062e-08
1.0826e-08
1.00393e-08
9.34186e-09
8.7281e-09
8.19126e-09
7.72379e-09
7.31725e-09
6.96342e-09
6.65443e-09
6.38244e-09
6.14014e-09
5.92081e-09
5.71843e-09
5.52774e-09
5.34432e-09
5.16449e-09
4.98531e-09
4.80462e-09
4.62088e-09
4.43313e-09
4.24097e-09
4.04442e-09
3.84395e-09
3.64041e-09
3.43502e-09
3.22941e-09
3.02567e-09
2.82646e-09
2.63515e-09
2.45603e-09
2.29465e-09
2.15839e-09
2.05759e-09
2.00844e-09
2.03444e-09
2.18574e-09
2.57854e-09
3.59213e-09
7.52337e-09
2.48616e-07
1.17235e-07
8.11903e-08
6.47191e-08
5.54298e-08
4.95976e-08
4.57037e-08
4.30021e-08
4.10759e-08
3.96687e-08
3.86096e-08
3.77777e-08
3.70825e-08
3.64546e-08
3.58395e-08
3.51946e-08
3.44875e-08
3.3695e-08
3.28022e-08
3.1802e-08
3.0694e-08
2.94842e-08
2.81838e-08
2.6808e-08
2.53754e-08
2.39065e-08
2.24225e-08
2.09448e-08
1.94937e-08
1.80875e-08
1.67423e-08
1.54717e-08
1.42858e-08
1.3192e-08
1.21945e-08
1.12948e-08
1.04917e-08
9.78189e-09
9.16026e-09
8.62023e-09
8.15398e-09
7.75323e-09
7.40968e-09
7.11452e-09
6.85918e-09
6.63552e-09
6.43595e-09
6.25359e-09
6.08236e-09
5.9169e-09
5.75273e-09
5.58636e-09
5.41522e-09
5.23743e-09
5.0518e-09
4.85787e-09
4.65572e-09
4.44594e-09
4.22954e-09
4.00782e-09
3.78243e-09
3.55529e-09
3.32874e-09
3.10563e-09
2.8895e-09
2.68491e-09
2.49779e-09
2.33609e-09
2.21096e-09
2.14066e-09
2.14922e-09
2.29038e-09
2.68597e-09
3.73114e-09
7.812e-09
2.43947e-07
1.15062e-07
7.97415e-08
6.36338e-08
5.45711e-08
4.88928e-08
4.5105e-08
4.24735e-08
4.05888e-08
3.91993e-08
3.81384e-08
3.72886e-08
3.65628e-08
3.58947e-08
3.52327e-08
3.4537e-08
3.3778e-08
3.29349e-08
3.19952e-08
3.09538e-08
2.98124e-08
2.85782e-08
2.72637e-08
2.58848e-08
2.44605e-08
2.30113e-08
2.15581e-08
2.01214e-08
1.87207e-08
1.73732e-08
1.60937e-08
1.48943e-08
1.37839e-08
1.27685e-08
1.18511e-08
1.10318e-08
1.03086e-08
9.67725e-09
9.13148e-09
8.66349e-09
8.26603e-09
7.93095e-09
7.64868e-09
7.41006e-09
7.20623e-09
7.02873e-09
6.86971e-09
6.72202e-09
6.57932e-09
6.43624e-09
6.28831e-09
6.13191e-09
5.96444e-09
5.78447e-09
5.59141e-09
5.38528e-09
5.16676e-09
4.93719e-09
4.69831e-09
4.45216e-09
4.20099e-09
3.94725e-09
3.6936e-09
3.44311e-09
3.19944e-09
2.96728e-09
2.75278e-09
2.5644e-09
2.41414e-09
2.3221e-09
2.31414e-09
2.4482e-09
2.85474e-09
3.95379e-09
8.27403e-09
2.38453e-07
1.12502e-07
7.80266e-08
6.23377e-08
5.35325e-08
4.80266e-08
4.43559e-08
4.18011e-08
3.99612e-08
3.85909e-08
3.75286e-08
3.66611e-08
3.59054e-08
3.51989e-08
3.44933e-08
3.37523e-08
3.2949e-08
3.20653e-08
3.10913e-08
3.00237e-08
2.88658e-08
2.7626e-08
2.63172e-08
2.4956e-08
2.35608e-08
2.21517e-08
2.07487e-08
1.93713e-08
1.80374e-08
1.6763e-08
1.55614e-08
1.44431e-08
1.34159e-08
1.24844e-08
1.16505e-08
1.09136e-08
1.02704e-08
9.71486e-09
9.24162e-09
8.84501e-09
8.51599e-09
8.24472e-09
8.02182e-09
7.83805e-09
7.68432e-09
7.5519e-09
7.4326e-09
7.31894e-09
7.20422e-09
7.08266e-09
6.94951e-09
6.80112e-09
6.63491e-09
6.4493e-09
6.24385e-09
6.01929e-09
5.77726e-09
5.52003e-09
5.25036e-09
4.97139e-09
4.68639e-09
4.39867e-09
4.11153e-09
3.82845e-09
3.55324e-09
3.2906e-09
3.04673e-09
2.83029e-09
2.65396e-09
2.53922e-09
2.51496e-09
2.64321e-09
3.06528e-09
4.23216e-09
8.85035e-09
2.32254e-07
1.0961e-07
7.60816e-08
6.08566e-08
5.23328e-08
4.70128e-08
4.3467e-08
4.09931e-08
3.92004e-08
3.78506e-08
3.6788e-08
3.59043e-08
3.51213e-08
3.43803e-08
3.3637e-08
3.28585e-08
3.2021e-08
3.11093e-08
3.01156e-08
2.90383e-08
2.78819e-08
2.66556e-08
2.53726e-08
2.40489e-08
2.27025e-08
2.13522e-08
2.00167e-08
1.87141e-08
1.74607e-08
1.62708e-08
1.51562e-08
1.41261e-08
1.31868e-08
1.2342e-08
1.15927e-08
1.09358e-08
1.03681e-08
9.88788e-09
9.48884e-09
9.16168e-09
8.89759e-09
8.68754e-09
8.52219e-09
8.39211e-09
8.288e-09
8.20084e-09
8.12205e-09
8.04367e-09
7.95843e-09
7.85995e-09
7.74286e-09
7.60288e-09
7.43701e-09
7.24352e-09
7.02213e-09
6.77393e-09
6.50128e-09
6.20756e-09
5.89697e-09
5.57419e-09
5.24413e-09
4.91158e-09
4.58112e-09
4.25704e-09
3.94363e-09
3.64563e-09
3.36906e-09
3.12247e-09
2.91878e-09
2.78043e-09
2.73948e-09
2.86207e-09
3.3016e-09
4.54375e-09
9.49379e-09
2.25505e-07
1.06458e-07
7.3953e-08
5.92241e-08
5.09973e-08
4.5871e-08
4.2454e-08
4.00627e-08
3.83179e-08
3.69897e-08
3.59284e-08
3.50316e-08
3.42258e-08
3.34567e-08
3.26842e-08
3.18788e-08
3.10201e-08
3.00951e-08
2.9098e-08
2.80289e-08
2.6893e-08
2.56996e-08
2.44618e-08
2.31947e-08
2.19151e-08
2.06404e-08
1.93877e-08
1.81731e-08
1.70112e-08
1.59146e-08
1.48937e-08
1.39561e-08
1.31077e-08
1.23487e-08
1.1678e-08
1.10991e-08
1.06108e-08
1.02055e-08
9.87575e-09
9.61408e-09
9.41218e-09
9.26119e-09
9.1519e-09
9.07489e-09
9.0206e-09
8.97976e-09
8.94338e-09
8.90294e-09
8.8504e-09
8.77848e-09
8.6808e-09
8.55212e-09
8.38852e-09
8.18761e-09
7.9487e-09
7.6729e-09
7.3631e-09
7.02376e-09
6.6607e-09
6.28064e-09
5.89081e-09
5.49837e-09
5.11006e-09
4.73192e-09
4.36934e-09
4.0275e-09
3.71227e-09
3.43175e-09
3.19851e-09
3.03526e-09
2.97694e-09
3.09329e-09
3.55033e-09
4.87012e-09
1.0166e-08
2.18394e-07
1.03132e-07
7.16982e-08
5.74822e-08
4.95582e-08
4.46266e-08
4.13373e-08
3.90273e-08
3.733e-08
3.60239e-08
3.49666e-08
3.40612e-08
3.32395e-08
3.24516e-08
3.16615e-08
3.08431e-08
2.99786e-08
2.90577e-08
2.80759e-08
2.70345e-08
2.59388e-08
2.47982e-08
2.36248e-08
2.24325e-08
2.12367e-08
2.00529e-08
1.88962e-08
1.77809e-08
1.67196e-08
1.57235e-08
1.48014e-08
1.39571e-08
1.31921e-08
1.25149e-08
1.19296e-08
1.14331e-08
1.10193e-08
1.06834e-08
1.04192e-08
1.02196e-08
1.00767e-08
9.98201e-09
9.92687e-09
9.90238e-09
9.89763e-09
9.90385e-09
9.91127e-09
9.91169e-09
9.89549e-09
9.85454e-09
9.78107e-09
9.66839e-09
9.51115e-09
9.30566e-09
9.05019e-09
8.74524e-09
8.39364e-09
8.00058e-09
7.57339e-09
7.1211e-09
6.65387e-09
6.18222e-09
5.71629e-09
5.26515e-09
4.83654e-09
4.437e-09
4.07274e-09
3.75129e-09
3.48437e-09
3.29394e-09
3.21715e-09
3.32616e-09
3.79931e-09
5.19494e-09
1.08333e-08
2.11141e-07
9.97361e-08
6.93848e-08
5.56809e-08
4.80543e-08
4.33108e-08
4.01431e-08
3.79099e-08
3.62577e-08
3.49744e-08
3.39247e-08
3.30177e-08
3.219e-08
3.13962e-08
3.06039e-08
2.97899e-08
2.89391e-08
2.80428e-08
2.70978e-08
2.61056e-08
2.50718e-08
2.40047e-08
2.29155e-08
2.18165e-08
2.07211e-08
1.96427e-08
1.85946e-08
1.75896e-08
1.66365e-08
1.57413e-08
1.49098e-08
1.41544e-08
1.34837e-08
1.28992e-08
1.23984e-08
1.1978e-08
1.16348e-08
1.13646e-08
1.11617e-08
1.10197e-08
1.09317e-08
1.08908e-08
1.08855e-08
1.09086e-08
1.0951e-08
1.10031e-08
1.10551e-08
1.10974e-08
1.11182e-08
1.11114e-08
1.10662e-08
1.09743e-08
1.08283e-08
1.06227e-08
1.03539e-08
1.0021e-08
9.62572e-09
9.17331e-09
8.67196e-09
8.13281e-09
7.56923e-09
6.99592e-09
6.42771e-09
5.87843e-09
5.35996e-09
4.88185e-09
4.45181e-09
4.07738e-09
3.76908e-09
3.54713e-09
3.44979e-09
3.54973e-09
4.03634e-09
5.50207e-09
1.14628e-08
2.03998e-07
9.63855e-08
6.70898e-08
5.38774e-08
4.65306e-08
4.19606e-08
3.8903e-08
3.67392e-08
3.5129e-08
3.38699e-08
3.28338e-08
3.19353e-08
3.11158e-08
3.03337e-08
2.95595e-08
2.87727e-08
2.79599e-08
2.71135e-08
2.62308e-08
2.53133e-08
2.43658e-08
2.33959e-08
2.24127e-08
2.14268e-08
2.04508e-08
1.94937e-08
1.85632e-08
1.76647e-08
1.68121e-08
1.60193e-08
1.52967e-08
1.46489e-08
1.40783e-08
1.35828e-08
1.31621e-08
1.28151e-08
1.25389e-08
1.23299e-08
1.21831e-08
1.20934e-08
1.20549e-08
1.20577e-08
1.20958e-08
1.21607e-08
1.22437e-08
1.23352e-08
1.24257e-08
1.2505e-08
1.25619e-08
1.25856e-08
1.25684e-08
1.24983e-08
1.2366e-08
1.21636e-08
1.1885e-08
1.15267e-08
1.10887e-08
1.05745e-08
9.99228e-09
9.35422e-09
8.67653e-09
7.97832e-09
7.28016e-09
6.60236e-09
5.9632e-09
5.37765e-09
4.85707e-09
4.41042e-09
4.04749e-09
3.78597e-09
3.66404e-09
3.75205e-09
4.24803e-09
5.77403e-09
1.2019e-08
1.97238e-07
9.32064e-08
6.48963e-08
5.21337e-08
4.50368e-08
4.06178e-08
3.76547e-08
3.5551e-08
3.39803e-08
3.27494e-08
3.1737e-08
3.08628e-08
3.00722e-08
2.93265e-08
2.85984e-08
2.78691e-08
2.71259e-08
2.63617e-08
2.55736e-08
2.47621e-08
2.39313e-08
2.30889e-08
2.2238e-08
2.13836e-08
2.05288e-08
1.96868e-08
1.88731e-08
1.81017e-08
1.73806e-08
1.67175e-08
1.61173e-08
1.55799e-08
1.51068e-08
1.46994e-08
1.4358e-08
1.40816e-08
1.38681e-08
1.37143e-08
1.36164e-08
1.35704e-08
1.35687e-08
1.36059e-08
1.3675e-08
1.37685e-08
1.38781e-08
1.39951e-08
1.41099e-08
1.42126e-08
1.42926e-08
1.43367e-08
1.43377e-08
1.4282e-08
1.41584e-08
1.39565e-08
1.36674e-08
1.32847e-08
1.28048e-08
1.22287e-08
1.15625e-08
1.08177e-08
1.00121e-08
9.16818e-09
8.31261e-09
7.47334e-09
6.67734e-09
5.94794e-09
5.30324e-09
4.75629e-09
4.31772e-09
4.0027e-09
3.84855e-09
3.91976e-09
4.419e-09
5.99032e-09
1.24605e-08
1.91137e-07
9.03254e-08
6.28873e-08
5.0512e-08
4.36235e-08
3.93272e-08
3.64411e-08
3.43897e-08
3.28601e-08
3.16677e-08
3.06972e-08
2.98726e-08
2.91419e-08
2.84683e-08
2.78258e-08
2.71956e-08
2.65651e-08
2.59277e-08
2.52789e-08
2.46135e-08
2.39285e-08
2.32191e-08
2.25005e-08
2.17841e-08
2.10825e-08
2.04035e-08
1.97543e-08
1.91449e-08
1.85785e-08
1.80563e-08
1.75807e-08
1.71556e-08
1.67833e-08
1.64651e-08
1.62013e-08
1.59915e-08
1.58339e-08
1.57263e-08
1.56655e-08
1.56476e-08
1.56675e-08
1.57201e-08
1.57995e-08
1.58989e-08
1.6011e-08
1.61279e-08
1.62408e-08
1.63403e-08
1.64162e-08
1.64566e-08
1.64519e-08
1.6389e-08
1.62556e-08
1.60394e-08
1.5729e-08
1.53146e-08
1.47891e-08
1.41493e-08
1.33973e-08
1.25421e-08
1.16001e-08
1.05956e-08
9.55948e-09
8.52759e-09
7.53699e-09
6.62226e-09
5.81202e-09
5.12728e-09
4.58252e-09
4.1919e-09
3.9913e-09
4.03355e-09
4.52152e-09
6.11231e-09
1.27076e-08
1.85934e-07
8.78494e-08
6.11314e-08
4.9064e-08
4.23356e-08
3.81328e-08
3.53096e-08
3.33102e-08
3.18335e-08
3.07027e-08
2.98071e-08
2.90735e-08
2.84507e-08
2.79026e-08
2.74043e-08
2.6933e-08
2.64686e-08
2.59936e-08
2.55002e-08
2.49945e-08
2.44811e-08
2.39685e-08
2.34572e-08
2.29529e-08
2.24641e-08
2.19949e-08
2.15462e-08
2.11184e-08
2.07157e-08
2.03424e-08
2.00017e-08
1.96963e-08
1.9428e-08
1.91982e-08
1.90073e-08
1.88553e-08
1.87411e-08
1.86631e-08
1.86192e-08
1.86063e-08
1.86206e-08
1.86581e-08
1.87142e-08
1.87832e-08
1.8859e-08
1.89348e-08
1.90031e-08
1.90557e-08
1.90832e-08
1.90758e-08
1.90227e-08
1.8912e-08
1.87312e-08
1.84673e-08
1.81075e-08
1.76393e-08
1.70522e-08
1.63384e-08
1.54952e-08
1.45264e-08
1.34444e-08
1.22715e-08
1.10402e-08
9.79166e-09
8.57282e-09
7.43128e-09
6.40995e-09
5.54231e-09
4.85134e-09
4.35358e-09
4.08429e-09
4.08177e-09
4.54964e-09
6.13465e-09
1.27474e-08
1.81747e-07
8.58265e-08
5.9657e-08
4.78133e-08
4.11997e-08
3.70707e-08
3.43106e-08
3.23807e-08
3.09901e-08
2.99676e-08
2.92052e-08
2.86315e-08
2.81917e-08
2.78388e-08
2.75312e-08
2.72515e-08
2.69916e-08
2.67458e-08
2.65091e-08
2.62743e-08
2.60408e-08
2.58128e-08
2.55875e-08
2.53617e-08
2.51331e-08
2.49027e-08
2.46741e-08
2.44498e-08
2.42324e-08
2.40245e-08
2.38284e-08
2.36461e-08
2.34795e-08
2.33298e-08
2.31978e-08
2.3084e-08
2.29883e-08
2.291e-08
2.2848e-08
2.28005e-08
2.27655e-08
2.274e-08
2.27209e-08
2.27042e-08
2.26853e-08
2.26592e-08
2.262e-08
2.25611e-08
2.24751e-08
2.23535e-08
2.21872e-08
2.19656e-08
2.16773e-08
2.131e-08
2.08506e-08
2.02855e-08
1.96019e-08
1.87884e-08
1.78373e-08
1.67461e-08
1.55208e-08
1.41779e-08
1.27468e-08
1.12698e-08
9.80024e-09
8.39802e-09
7.1223e-09
6.024e-09
5.1402e-09
4.49558e-09
4.1239e-09
4.06464e-09
4.49165e-09
6.03618e-09
1.25396e-08
1.78425e-07
8.41769e-08
5.84083e-08
4.67257e-08
4.02066e-08
3.61602e-08
3.3496e-08
3.16893e-08
3.04562e-08
2.96304e-08
2.90929e-08
2.87521e-08
2.85521e-08
2.84633e-08
2.84596e-08
2.85185e-08
2.86192e-08
2.87493e-08
2.89022e-08
2.90616e-08
2.92158e-08
2.9354e-08
2.94725e-08
2.95698e-08
2.96441e-08
2.96949e-08
2.97223e-08
2.97272e-08
2.97112e-08
2.96752e-08
2.96212e-08
2.95513e-08
2.94674e-08
2.9371e-08
2.92637e-08
2.91472e-08
2.90224e-08
2.88904e-08
2.87515e-08
2.86058e-08
2.8453e-08
2.82921e-08
2.81219e-08
2.79404e-08
2.77452e-08
2.75334e-08
2.73013e-08
2.70445e-08
2.67579e-08
2.64354e-08
2.60699e-08
2.56534e-08
2.51764e-08
2.46283e-08
2.39973e-08
2.32705e-08
2.24345e-08
2.14761e-08
2.03837e-08
1.91495e-08
1.77718e-08
1.62589e-08
1.46325e-08
1.29298e-08
1.12046e-08
9.52432e-09
7.96289e-09
6.5913e-09
5.46716e-09
4.63002e-09
4.11765e-09
3.96571e-09
4.32342e-09
5.78324e-09
1.20124e-08
1.75299e-07
8.25812e-08
5.71788e-08
4.56686e-08
3.92883e-08
3.53961e-08
3.29238e-08
3.13583e-08
3.04096e-08
2.98829e-08
2.96769e-08
2.97176e-08
2.99561e-08
3.03446e-08
3.08486e-08
3.14407e-08
3.20859e-08
3.27558e-08
3.34233e-08
3.40751e-08
3.46981e-08
3.52812e-08
3.5816e-08
3.62967e-08
3.67188e-08
3.70795e-08
3.73773e-08
3.76121e-08
3.77844e-08
3.78958e-08
3.79485e-08
3.79452e-08
3.78921e-08
3.77856e-08
3.76325e-08
3.74361e-08
3.71999e-08
3.69266e-08
3.66192e-08
3.628e-08
3.59113e-08
3.55145e-08
3.5091e-08
3.46415e-08
3.41661e-08
3.36645e-08
3.31356e-08
3.25777e-08
3.19882e-08
3.13639e-08
3.07007e-08
2.9993e-08
2.92344e-08
2.84168e-08
2.75308e-08
2.65653e-08
2.5508e-08
2.43455e-08
2.30648e-08
2.1654e-08
2.01056e-08
1.84192e-08
1.66062e-08
1.46938e-08
1.27286e-08
1.07775e-08
8.9225e-09
7.25172e-09
5.84623e-09
4.76767e-09
4.06415e-09
3.78164e-09
4.03404e-09
5.35608e-09
1.11236e-08
1.70823e-07
8.03246e-08
5.55267e-08
4.43681e-08
3.83043e-08
3.47568e-08
3.26828e-08
3.15591e-08
3.10934e-08
3.11152e-08
3.15262e-08
3.22412e-08
3.31984e-08
3.43345e-08
3.55899e-08
3.69106e-08
3.826e-08
3.96047e-08
4.09157e-08
4.21698e-08
4.33481e-08
4.44354e-08
4.54203e-08
4.62945e-08
4.70527e-08
4.7692e-08
4.82111e-08
4.86111e-08
4.88943e-08
4.90641e-08
4.91251e-08
4.90853e-08
4.89491e-08
4.87148e-08
4.83946e-08
4.79949e-08
4.75218e-08
4.69815e-08
4.63799e-08
4.57225e-08
4.50145e-08
4.42605e-08
4.34649e-08
4.26313e-08
4.17628e-08
4.08618e-08
3.99302e-08
3.89691e-08
3.79786e-08
3.69583e-08
3.59067e-08
3.48214e-08
3.36984e-08
3.25325e-08
3.13169e-08
3.0043e-08
2.87005e-08
2.72774e-08
2.5761e-08
2.4138e-08
2.23972e-08
2.05317e-08
1.85427e-08
1.64452e-08
1.4273e-08
1.20828e-08
9.95492e-09
7.98703e-09
6.2803e-09
4.92333e-09
3.98075e-09
3.51912e-09
3.61995e-09
4.74069e-09
9.839e-09
1.62136e-07
7.6129e-08
5.27073e-08
4.24047e-08
3.70896e-08
3.43075e-08
3.30446e-08
3.2753e-08
3.31885e-08
3.41837e-08
3.56194e-08
3.73896e-08
3.93877e-08
4.15315e-08
4.37518e-08
4.59866e-08
4.81845e-08
5.03037e-08
5.23102e-08
5.41773e-08
5.58847e-08
5.74173e-08
5.87651e-08
5.99222e-08
6.08867e-08
6.16592e-08
6.22423e-08
6.26409e-08
6.2862e-08
6.29119e-08
6.2812e-08
6.25567e-08
6.21539e-08
6.16204e-08
6.09666e-08
6.02029e-08
5.93391e-08
5.83852e-08
5.73503e-08
5.62435e-08
5.5073e-08
5.38466e-08
5.25713e-08
5.12535e-08
4.98992e-08
4.85132e-08
4.70999e-08
4.5663e-08
4.4205e-08
4.27277e-08
4.12318e-08
3.97169e-08
3.81812e-08
3.66218e-08
3.50339e-08
3.34113e-08
3.17459e-08
3.00278e-08
2.82455e-08
2.63867e-08
2.44388e-08
2.23916e-08
2.024e-08
1.79885e-08
1.5657e-08
1.32869e-08
1.09459e-08
8.7275e-09
6.74191e-09
5.09891e-09
3.8894e-09
3.19535e-09
3.09234e-09
3.93973e-09
8.15539e-09
1.4473e-07
6.80717e-08
4.77123e-08
3.93681e-08
3.5737e-08
3.4575e-08
3.48011e-08
3.60483e-08
3.80375e-08
4.05816e-08
4.352e-08
4.67002e-08
5.00056e-08
5.33367e-08
5.66105e-08
5.97607e-08
6.27365e-08
6.54993e-08
6.80218e-08
7.02851e-08
7.22775e-08
7.39928e-08
7.54295e-08
7.65906e-08
7.74829e-08
7.81152e-08
7.8496e-08
7.86367e-08
7.85586e-08
7.82785e-08
7.77812e-08
7.71016e-08
7.6253e-08
7.52501e-08
7.41074e-08
7.28388e-08
7.14578e-08
6.99773e-08
6.84095e-08
6.67658e-08
6.5057e-08
6.32931e-08
6.14832e-08
5.96358e-08
5.77584e-08
5.58579e-08
5.39403e-08
5.20108e-08
5.00732e-08
4.81306e-08
4.61847e-08
4.42364e-08
4.22853e-08
4.03297e-08
3.83669e-08
3.63922e-08
3.43997e-08
3.23817e-08
3.03286e-08
2.82298e-08
2.60737e-08
2.38498e-08
2.15499e-08
1.91725e-08
1.67272e-08
1.42408e-08
1.17637e-08
9.37387e-09
7.17459e-09
5.28247e-09
3.80676e-09
2.84451e-09
2.48608e-09
2.98599e-09
6.13148e-09
1.12841e-07
5.39601e-08
3.9811e-08
3.56203e-08
3.54338e-08
3.71772e-08
4.01751e-08
4.39927e-08
4.83292e-08
5.29528e-08
5.76901e-08
6.24068e-08
6.69845e-08
7.13384e-08
7.54083e-08
7.91538e-08
8.25483e-08
8.55764e-08
8.82317e-08
9.05142e-08
9.24281e-08
9.39813e-08
9.51838e-08
9.60489e-08
9.65946e-08
9.68363e-08
9.67916e-08
9.65104e-08
9.59373e-08
9.51281e-08
9.41001e-08
9.28716e-08
9.14604e-08
8.98843e-08
8.81601e-08
8.63045e-08
8.43331e-08
8.22609e-08
8.01021e-08
7.78698e-08
7.55766e-08
7.32339e-08
7.08521e-08
6.8441e-08
6.60098e-08
6.35671e-08
6.11201e-08
5.86745e-08
5.62344e-08
5.3803e-08
5.13826e-08
4.89749e-08
4.65804e-08
4.41987e-08
4.18282e-08
3.94663e-08
3.71088e-08
3.47501e-08
3.23832e-08
3e-08
2.75913e-08
2.51478e-08
2.26619e-08
2.01303e-08
1.75575e-08
1.49615e-08
1.23793e-08
9.87248e-09
7.52825e-09
5.4533e-09
3.75755e-09
2.52691e-09
1.85696e-09
1.94534e-09
3.88542e-09
6.34831e-08
3.36031e-08
3.10272e-08
3.50188e-08
4.11054e-08
4.82718e-08
5.5896e-08
6.35987e-08
7.11439e-08
7.83769e-08
8.51924e-08
9.15388e-08
9.73938e-08
1.02744e-07
1.07581e-07
1.11906e-07
1.15722e-07
1.19035e-07
1.21857e-07
1.242e-07
1.26076e-07
1.27501e-07
1.28488e-07
1.29052e-07
1.29223e-07
1.29066e-07
1.28567e-07
1.27685e-07
1.2649e-07
1.25004e-07
1.2325e-07
1.21251e-07
1.19029e-07
1.16607e-07
1.14008e-07
1.11252e-07
1.08359e-07
1.0535e-07
1.02242e-07
9.90535e-08
9.57998e-08
9.24958e-08
8.91554e-08
8.57911e-08
8.24159e-08
7.90479e-08
7.56956e-08
7.23609e-08
6.90463e-08
6.57552e-08
6.24911e-08
5.92566e-08
5.60537e-08
5.28834e-08
4.97455e-08
4.66385e-08
4.356e-08
4.0506e-08
3.74716e-08
3.44511e-08
3.14382e-08
2.8427e-08
2.54135e-08
2.23979e-08
1.93878e-08
1.64024e-08
1.34784e-08
1.06732e-08
8.06679e-09
5.75472e-09
3.83259e-09
2.37613e-09
1.42019e-09
1.00473e-09
1.63339e-09
1.03883e-08
1.9296e-08
3.99263e-08
6.16878e-08
8.31091e-08
1.03388e-07
1.22217e-07
1.39558e-07
1.55474e-07
1.70058e-07
1.83398e-07
1.95569e-07
2.06621e-07
2.16588e-07
2.25499e-07
2.33374e-07
2.40233e-07
2.46094e-07
2.50981e-07
2.54918e-07
2.57931e-07
2.60044e-07
2.61279e-07
2.6163e-07
2.61333e-07
2.60365e-07
2.58554e-07
2.56079e-07
2.52988e-07
2.49327e-07
2.45146e-07
2.40493e-07
2.35417e-07
2.29966e-07
2.24185e-07
2.18119e-07
2.11811e-07
2.05302e-07
1.98628e-07
1.91824e-07
1.84923e-07
1.77955e-07
1.70946e-07
1.6392e-07
1.56902e-07
1.49944e-07
1.43048e-07
1.36206e-07
1.29422e-07
1.22707e-07
1.16068e-07
1.09513e-07
1.03044e-07
9.66654e-08
9.03754e-08
8.4172e-08
7.80509e-08
7.2006e-08
6.60303e-08
6.01165e-08
5.42582e-08
4.84527e-08
4.27037e-08
3.70262e-08
3.14526e-08
2.60389e-08
2.08709e-08
1.60651e-08
1.17602e-08
8.09536e-09
5.17297e-09
3.01963e-09
1.56476e-09
6.53964e-10
3.45063e-10
)
;

boundaryField
{
    movingWall
    {
        type            epsilonWallFunction;
        value           nonuniform List<scalar> 
75
(
1.03883e-08
1.9296e-08
3.99263e-08
6.16878e-08
8.31091e-08
1.03388e-07
1.22217e-07
1.39558e-07
1.55474e-07
1.70058e-07
1.83398e-07
1.95569e-07
2.06621e-07
2.16588e-07
2.25499e-07
2.33374e-07
2.40233e-07
2.46094e-07
2.50981e-07
2.54918e-07
2.57931e-07
2.60044e-07
2.61279e-07
2.6163e-07
2.61333e-07
2.60365e-07
2.58554e-07
2.56079e-07
2.52988e-07
2.49327e-07
2.45146e-07
2.40493e-07
2.35417e-07
2.29966e-07
2.24185e-07
2.18119e-07
2.11811e-07
2.05302e-07
1.98628e-07
1.91824e-07
1.84923e-07
1.77955e-07
1.70946e-07
1.6392e-07
1.56902e-07
1.49944e-07
1.43048e-07
1.36206e-07
1.29422e-07
1.22707e-07
1.16068e-07
1.09513e-07
1.03044e-07
9.66654e-08
9.03754e-08
8.4172e-08
7.80509e-08
7.2006e-08
6.60303e-08
6.01165e-08
5.42582e-08
4.84527e-08
4.27037e-08
3.70262e-08
3.14526e-08
2.60389e-08
2.08709e-08
1.60651e-08
1.17602e-08
8.09536e-09
5.17297e-09
3.01963e-09
1.56476e-09
6.53964e-10
3.45063e-10
)
;
    }
    fixedWalls
    {
        type            epsilonWallFunction;
        value           nonuniform List<scalar> 
225
(
5.27423e-10
3.56744e-09
7.93135e-09
1.31201e-08
1.89017e-08
2.513e-08
3.16978e-08
3.85191e-08
4.55221e-08
5.26442e-08
5.98304e-08
6.70319e-08
7.42052e-08
8.13118e-08
8.83178e-08
9.51942e-08
1.01916e-07
1.08465e-07
1.14823e-07
1.20982e-07
1.26935e-07
1.3268e-07
1.38221e-07
1.43565e-07
1.48724e-07
1.53713e-07
1.58552e-07
1.63261e-07
1.67866e-07
1.72392e-07
1.76866e-07
1.81315e-07
1.85764e-07
1.90236e-07
1.94752e-07
1.99325e-07
2.03966e-07
2.08674e-07
2.13442e-07
2.18253e-07
2.23077e-07
2.27873e-07
2.32588e-07
2.37156e-07
2.415e-07
2.45531e-07
2.49156e-07
2.52273e-07
2.54779e-07
2.56577e-07
2.57576e-07
2.57703e-07
2.5694e-07
2.55162e-07
2.52372e-07
2.48616e-07
2.43947e-07
2.38453e-07
2.32254e-07
2.25505e-07
2.18394e-07
2.11141e-07
2.03998e-07
1.97238e-07
1.91137e-07
1.85934e-07
1.81747e-07
1.78425e-07
1.75299e-07
1.70823e-07
1.62136e-07
1.4473e-07
1.12841e-07
6.34831e-08
1.03883e-08
5.14466e-10
3.47981e-09
7.73547e-09
1.27923e-08
1.84205e-08
2.44727e-08
3.08384e-08
3.74264e-08
4.41579e-08
5.09617e-08
5.77723e-08
6.45283e-08
7.11715e-08
7.76466e-08
8.39003e-08
8.98814e-08
9.55406e-08
1.0083e-07
1.05704e-07
1.10119e-07
1.14032e-07
1.17403e-07
1.20195e-07
1.22372e-07
1.23903e-07
1.24759e-07
1.24917e-07
1.24359e-07
1.23071e-07
1.21046e-07
1.18289e-07
1.14809e-07
1.1063e-07
1.05786e-07
1.00324e-07
9.43043e-08
8.78037e-08
8.09129e-08
7.37376e-08
6.63967e-08
5.90202e-08
5.17455e-08
4.47127e-08
3.80585e-08
3.19092e-08
2.63735e-08
2.15348e-08
1.74461e-08
1.41253e-08
1.15555e-08
9.68751e-09
8.4467e-09
7.74771e-09
7.47901e-09
7.52337e-09
7.812e-09
8.27403e-09
8.85035e-09
9.49379e-09
1.0166e-08
1.08333e-08
1.14628e-08
1.2019e-08
1.24605e-08
1.27076e-08
1.27474e-08
1.25396e-08
1.20124e-08
1.11236e-08
9.839e-09
8.15539e-09
6.13148e-09
3.88542e-09
1.63339e-09
3.45063e-10
5.27423e-10
9.95927e-10
2.1105e-09
3.44021e-09
4.93717e-09
6.5652e-09
8.2978e-09
1.01145e-08
1.19985e-08
1.39351e-08
1.59114e-08
1.79152e-08
1.99353e-08
2.19612e-08
2.39826e-08
2.599e-08
2.7974e-08
2.99258e-08
3.18368e-08
3.36988e-08
3.55042e-08
3.72453e-08
3.89151e-08
4.05069e-08
4.20145e-08
4.34318e-08
4.47534e-08
4.59743e-08
4.70897e-08
4.80955e-08
4.8988e-08
4.97639e-08
5.04203e-08
5.09549e-08
5.13658e-08
5.16517e-08
5.18116e-08
5.18451e-08
5.17523e-08
5.15336e-08
5.11902e-08
5.07233e-08
5.01351e-08
4.94277e-08
4.86041e-08
4.76675e-08
4.66217e-08
4.54706e-08
4.42188e-08
4.28712e-08
4.1433e-08
3.991e-08
3.83079e-08
3.66333e-08
3.48927e-08
3.30932e-08
3.12419e-08
2.93465e-08
2.74149e-08
2.54553e-08
2.34762e-08
2.14864e-08
1.94952e-08
1.75123e-08
1.55476e-08
1.36119e-08
1.17167e-08
9.87448e-09
8.09912e-09
6.40685e-09
4.81738e-09
3.35635e-09
2.05887e-09
9.71504e-10
5.14466e-10
)
;
    }
    frontAndBack
    {
        type            empty;
    }
}


// ************************************************************************* //
