/*--------------------------------*- C++ -*----------------------------------*\
  =========                 |
  \\      /  F ield         | OpenFOAM: The Open Source CFD Toolbox
   \\    /   O peration     | Website:  https://openfoam.org
    \\  /    A nd           | Version:  12
     \\/     M anipulation  |
\*---------------------------------------------------------------------------*/
FoamFile
{
    format      ascii;
    class       volScalarField;
    location    "4";
    object      k;
}
// * * * * * * * * * * * * * * * * * * * * * * * * * * * * * * * * * * * * * //

dimensions      [0 2 -2 0 0 0 0];

internalField   nonuniform List<scalar> 
5625
(
1.15412e-13
8.71728e-13
1.8473e-12
3.01119e-12
4.32147e-12
5.74648e-12
7.26301e-12
8.85316e-12
1.05022e-11
1.21973e-11
1.39271e-11
1.5681e-11
1.74493e-11
1.92225e-11
2.09918e-11
2.27489e-11
2.44855e-11
2.61938e-11
2.78665e-11
2.94964e-11
3.10765e-11
3.26005e-11
3.40621e-11
3.54554e-11
3.6775e-11
3.80156e-11
3.91724e-11
4.0241e-11
4.12173e-11
4.20977e-11
4.28789e-11
4.3558e-11
4.41325e-11
4.46005e-11
4.49601e-11
4.52104e-11
4.53503e-11
4.53796e-11
4.52984e-11
4.51071e-11
4.48064e-11
4.43978e-11
4.38829e-11
4.32638e-11
4.25429e-11
4.17231e-11
4.08076e-11
3.98001e-11
3.87044e-11
3.75249e-11
3.62661e-11
3.49329e-11
3.35307e-11
3.20649e-11
3.05414e-11
2.89662e-11
2.73458e-11
2.56868e-11
2.39961e-11
2.22808e-11
2.05485e-11
1.88069e-11
1.70641e-11
1.53284e-11
1.36087e-11
1.19144e-11
1.02556e-11
8.64307e-12
7.08911e-12
5.60788e-12
4.21662e-12
2.93779e-12
1.80212e-12
8.50352e-13
1.12577e-13
7.8064e-13
6.94879e-12
1.58309e-11
2.64474e-11
3.83373e-11
5.12231e-11
6.49095e-11
7.92442e-11
9.40994e-11
1.09363e-10
1.24935e-10
1.4072e-10
1.56632e-10
1.72586e-10
1.88504e-10
2.04311e-10
2.19932e-10
2.35299e-10
2.50345e-10
2.65004e-10
2.79217e-10
2.92923e-10
3.06068e-10
3.186e-10
3.30467e-10
3.41624e-10
3.52027e-10
3.61638e-10
3.70418e-10
3.78335e-10
3.8536e-10
3.91467e-10
3.96634e-10
4.00842e-10
4.04076e-10
4.06327e-10
4.07585e-10
4.07849e-10
4.07118e-10
4.05396e-10
4.02692e-10
3.99017e-10
3.94386e-10
3.88817e-10
3.82334e-10
3.74961e-10
3.66728e-10
3.57667e-10
3.47813e-10
3.37205e-10
3.25884e-10
3.13895e-10
3.01284e-10
2.88101e-10
2.74399e-10
2.60232e-10
2.45658e-10
2.30736e-10
2.15529e-10
2.001e-10
1.84517e-10
1.68849e-10
1.53169e-10
1.37551e-10
1.22075e-10
1.06824e-10
9.18872e-11
7.73616e-11
6.33539e-11
4.99866e-11
3.74065e-11
2.58024e-11
1.54435e-11
6.77838e-12
7.61464e-13
1.73556e-12
1.55649e-11
3.56932e-11
5.9921e-11
8.71661e-11
1.1676e-10
1.48232e-10
1.81215e-10
2.15407e-10
2.50545e-10
2.86393e-10
3.22735e-10
3.59366e-10
3.96096e-10
4.32742e-10
4.69128e-10
5.05089e-10
5.40462e-10
5.75094e-10
6.08837e-10
6.4155e-10
6.73099e-10
7.03354e-10
7.32195e-10
7.59508e-10
7.85185e-10
8.09128e-10
8.31245e-10
8.51451e-10
8.69671e-10
8.85838e-10
8.9989e-10
9.11779e-10
9.21461e-10
9.28903e-10
9.34079e-10
9.36973e-10
9.37577e-10
9.35893e-10
9.31929e-10
9.25704e-10
9.17244e-10
9.06584e-10
8.93768e-10
8.78845e-10
8.61876e-10
8.42928e-10
8.22073e-10
7.99394e-10
7.74979e-10
7.48923e-10
7.21328e-10
6.92303e-10
6.61962e-10
6.30425e-10
5.97818e-10
5.64273e-10
5.29928e-10
4.94924e-10
4.59411e-10
4.23541e-10
3.87476e-10
3.5138e-10
3.15428e-10
2.79803e-10
2.44697e-10
2.10316e-10
1.76887e-10
1.44661e-10
1.13927e-10
8.50385e-11
5.84518e-11
3.48152e-11
1.51811e-11
1.6927e-12
2.87098e-12
2.57898e-11
5.92657e-11
9.96996e-11
1.45297e-10
1.94929e-10
2.47786e-10
3.03238e-10
3.60761e-10
4.19904e-10
4.80261e-10
5.41461e-10
6.03158e-10
6.65026e-10
7.26756e-10
7.88053e-10
8.48632e-10
9.08224e-10
9.66567e-10
1.02341e-09
1.07852e-09
1.13167e-09
1.18264e-09
1.23122e-09
1.27723e-09
1.32048e-09
1.36081e-09
1.39807e-09
1.4321e-09
1.46279e-09
1.49001e-09
1.51368e-09
1.5337e-09
1.55e-09
1.56253e-09
1.57124e-09
1.5761e-09
1.57711e-09
1.57427e-09
1.56758e-09
1.55709e-09
1.54283e-09
1.52486e-09
1.50327e-09
1.47812e-09
1.44953e-09
1.4176e-09
1.38247e-09
1.34426e-09
1.30313e-09
1.25923e-09
1.21275e-09
1.16385e-09
1.11274e-09
1.05961e-09
1.00469e-09
9.48181e-10
8.90328e-10
8.31367e-10
7.7155e-10
7.11135e-10
6.50393e-10
5.89606e-10
5.29067e-10
4.69087e-10
4.09994e-10
3.52141e-10
2.95915e-10
2.41749e-10
1.90145e-10
1.4171e-10
9.72271e-11
5.77909e-11
2.51466e-11
2.79926e-12
4.13613e-12
3.71769e-11
8.55125e-11
1.44002e-10
2.10076e-10
2.82103e-10
3.58905e-10
4.39554e-10
5.23279e-10
6.09407e-10
6.97342e-10
7.86532e-10
8.76469e-10
9.66671e-10
1.05668e-09
1.14607e-09
1.23442e-09
1.32134e-09
1.40643e-09
1.48935e-09
1.56973e-09
1.64725e-09
1.72159e-09
1.79245e-09
1.85956e-09
1.92265e-09
1.98146e-09
2.03579e-09
2.08543e-09
2.13017e-09
2.16987e-09
2.20438e-09
2.23356e-09
2.25732e-09
2.27557e-09
2.28826e-09
2.29533e-09
2.29678e-09
2.29261e-09
2.28284e-09
2.26751e-09
2.24669e-09
2.22046e-09
2.18894e-09
2.15225e-09
2.11053e-09
2.06394e-09
2.01268e-09
1.95693e-09
1.89693e-09
1.83289e-09
1.76508e-09
1.69376e-09
1.61921e-09
1.54172e-09
1.46161e-09
1.37921e-09
1.29484e-09
1.20886e-09
1.12165e-09
1.03357e-09
9.4502e-10
8.56422e-10
7.68204e-10
6.80822e-10
5.94762e-10
5.10546e-10
4.28744e-10
3.49999e-10
2.75051e-10
2.04792e-10
1.40363e-10
8.33443e-11
3.6232e-11
4.03084e-12
5.49903e-12
4.94411e-11
1.13777e-10
1.91709e-10
2.79843e-10
3.76018e-10
4.78663e-10
5.86535e-10
6.98593e-10
8.13931e-10
9.31739e-10
1.05127e-09
1.17184e-09
1.29279e-09
1.41351e-09
1.5334e-09
1.65192e-09
1.76852e-09
1.88268e-09
1.99392e-09
2.10177e-09
2.20578e-09
2.30552e-09
2.4006e-09
2.49064e-09
2.57527e-09
2.65418e-09
2.72706e-09
2.79364e-09
2.85366e-09
2.9069e-09
2.95317e-09
2.99229e-09
3.02413e-09
3.04859e-09
3.06557e-09
3.07502e-09
3.07692e-09
3.07128e-09
3.05812e-09
3.03751e-09
3.00952e-09
2.97429e-09
2.93196e-09
2.88268e-09
2.82666e-09
2.76412e-09
2.6953e-09
2.62048e-09
2.53994e-09
2.45401e-09
2.36301e-09
2.2673e-09
2.16727e-09
2.06331e-09
1.95584e-09
1.8453e-09
1.73214e-09
1.61683e-09
1.49987e-09
1.38178e-09
1.26308e-09
1.14434e-09
1.02613e-09
9.09088e-10
7.93855e-10
6.81143e-10
5.71725e-10
4.66467e-10
3.66364e-10
2.72614e-10
1.86733e-10
1.10813e-10
4.81501e-11
5.35521e-12
6.93621e-12
6.23721e-11
1.43574e-10
2.42e-10
3.53391e-10
4.75032e-10
6.04944e-10
7.41554e-10
8.83543e-10
1.02976e-09
1.17916e-09
1.3308e-09
1.4838e-09
1.63732e-09
1.79057e-09
1.9428e-09
2.0933e-09
2.24137e-09
2.38637e-09
2.52766e-09
2.66464e-09
2.79675e-09
2.92344e-09
3.0442e-09
3.15855e-09
3.26604e-09
3.36625e-09
3.4588e-09
3.54334e-09
3.61954e-09
3.68712e-09
3.74584e-09
3.79548e-09
3.83587e-09
3.86686e-09
3.88836e-09
3.90029e-09
3.90263e-09
3.89539e-09
3.87859e-09
3.85232e-09
3.8167e-09
3.77187e-09
3.71801e-09
3.65535e-09
3.58412e-09
3.50461e-09
3.41714e-09
3.32205e-09
3.2197e-09
3.1105e-09
2.99489e-09
2.8733e-09
2.74624e-09
2.6142e-09
2.47772e-09
2.33735e-09
2.19367e-09
2.0473e-09
1.89885e-09
1.74898e-09
1.59838e-09
1.44776e-09
1.29786e-09
1.14948e-09
1.00346e-09
8.60688e-10
7.2216e-10
5.88975e-10
4.62395e-10
3.43931e-10
2.3549e-10
1.39697e-10
6.06838e-11
6.74816e-12
8.42888e-12
7.58016e-11
1.74517e-10
2.94223e-10
4.2976e-10
5.77845e-10
7.36076e-10
9.02544e-10
1.07564e-09
1.25396e-09
1.43622e-09
1.62128e-09
1.80803e-09
1.99545e-09
2.18259e-09
2.36851e-09
2.55232e-09
2.7332e-09
2.91033e-09
3.08294e-09
3.25029e-09
3.41168e-09
3.56646e-09
3.71399e-09
3.85368e-09
3.98498e-09
4.10738e-09
4.22041e-09
4.32364e-09
4.41668e-09
4.49917e-09
4.57083e-09
4.63139e-09
4.68063e-09
4.71839e-09
4.74454e-09
4.75899e-09
4.76172e-09
4.75274e-09
4.73209e-09
4.69987e-09
4.65621e-09
4.60131e-09
4.53538e-09
4.45869e-09
4.37156e-09
4.27431e-09
4.16734e-09
4.05107e-09
3.92596e-09
3.79248e-09
3.65118e-09
3.50261e-09
3.34736e-09
3.18606e-09
3.01935e-09
2.84791e-09
2.67247e-09
2.49376e-09
2.31255e-09
2.12965e-09
1.94589e-09
1.76215e-09
1.57935e-09
1.39845e-09
1.22048e-09
1.04655e-09
8.77864e-10
7.15757e-10
5.61767e-10
4.17726e-10
2.85942e-10
1.69587e-10
7.36547e-11
8.18977e-12
9.96129e-12
8.95879e-11
2.06281e-10
3.47826e-10
5.08145e-10
6.83368e-10
8.70665e-10
1.06778e-09
1.27281e-09
1.48409e-09
1.70011e-09
1.91949e-09
2.14092e-09
2.3632e-09
2.58516e-09
2.80571e-09
3.02379e-09
3.2384e-09
3.44856e-09
3.65337e-09
3.85195e-09
4.04346e-09
4.2271e-09
4.40214e-09
4.56787e-09
4.72364e-09
4.86882e-09
5.00288e-09
5.12528e-09
5.23558e-09
5.33335e-09
5.41825e-09
5.48997e-09
5.54824e-09
5.59288e-09
5.62372e-09
5.64069e-09
5.64373e-09
5.63288e-09
5.60817e-09
5.56973e-09
5.51772e-09
5.45237e-09
5.37395e-09
5.28277e-09
5.1792e-09
5.06365e-09
4.93657e-09
4.79847e-09
4.64989e-09
4.49142e-09
4.32368e-09
4.14734e-09
3.96311e-09
3.77171e-09
3.57394e-09
3.3706e-09
3.16254e-09
2.95063e-09
2.73582e-09
2.51903e-09
2.30129e-09
2.08362e-09
1.86712e-09
1.65293e-09
1.44228e-09
1.23648e-09
1.03696e-09
8.45287e-10
6.63288e-10
4.93116e-10
3.37485e-10
2.00125e-10
8.69075e-11
9.66278e-12
1.15198e-11
1.03608e-10
2.38582e-10
4.02333e-10
5.87847e-10
7.90659e-10
1.0075e-09
1.23578e-09
1.47328e-09
1.71808e-09
1.96842e-09
2.22269e-09
2.4794e-09
2.73712e-09
2.99451e-09
3.25028e-09
3.50321e-09
3.75212e-09
3.99588e-09
4.23344e-09
4.46377e-09
4.68588e-09
4.89887e-09
5.10186e-09
5.29403e-09
5.47463e-09
5.64294e-09
5.79831e-09
5.94015e-09
6.06792e-09
6.18115e-09
6.27942e-09
6.36238e-09
6.42973e-09
6.48125e-09
6.51676e-09
6.53616e-09
6.5394e-09
6.52652e-09
6.49757e-09
6.45268e-09
6.39207e-09
6.31599e-09
6.22476e-09
6.11874e-09
5.99836e-09
5.8641e-09
5.7165e-09
5.55614e-09
5.38365e-09
5.19972e-09
5.00507e-09
4.80048e-09
4.58676e-09
4.36479e-09
4.13546e-09
3.89971e-09
3.65854e-09
3.41297e-09
3.16406e-09
2.91294e-09
2.66075e-09
2.40871e-09
2.15809e-09
1.91021e-09
1.6665e-09
1.42846e-09
1.19775e-09
9.76199e-10
7.6589e-10
5.69308e-10
3.89578e-10
2.30989e-10
1.00302e-10
1.11516e-11
1.30923e-11
1.17755e-10
2.71172e-10
4.57324e-10
6.68252e-10
8.98892e-10
1.14554e-09
1.40523e-09
1.67547e-09
1.95406e-09
2.23901e-09
2.52848e-09
2.82075e-09
3.11421e-09
3.4073e-09
3.69858e-09
3.98663e-09
4.27011e-09
4.54773e-09
4.81827e-09
5.08057e-09
5.3335e-09
5.57601e-09
5.80711e-09
6.02587e-09
6.23142e-09
6.42294e-09
6.5997e-09
6.76101e-09
6.90627e-09
7.03495e-09
7.14656e-09
7.2407e-09
7.31706e-09
7.37535e-09
7.41541e-09
7.4371e-09
7.44039e-09
7.4253e-09
7.39191e-09
7.34039e-09
7.27096e-09
7.18393e-09
7.07966e-09
6.95856e-09
6.82114e-09
6.66795e-09
6.49958e-09
6.31672e-09
6.12009e-09
5.91047e-09
5.68868e-09
5.45562e-09
5.21223e-09
4.95947e-09
4.6984e-09
4.43007e-09
4.15563e-09
3.87623e-09
3.5931e-09
3.30751e-09
3.02077e-09
2.73427e-09
2.44944e-09
2.1678e-09
1.89096e-09
1.62064e-09
1.35871e-09
1.10723e-09
8.68586e-10
6.4557e-10
4.41719e-10
2.61882e-10
1.1371e-10
1.26419e-11
1.46681e-11
1.31931e-10
3.03829e-10
5.12426e-10
7.48815e-10
1.00733e-09
1.28382e-09
1.57498e-09
1.87801e-09
2.19043e-09
2.51002e-09
2.83471e-09
3.16257e-09
3.49178e-09
3.82061e-09
4.14739e-09
4.47056e-09
4.78859e-09
5.10004e-09
5.40353e-09
5.69775e-09
5.98143e-09
6.25339e-09
6.51251e-09
6.75775e-09
6.98812e-09
7.20272e-09
7.40071e-09
7.58134e-09
7.74392e-09
7.88786e-09
8.01262e-09
8.11775e-09
8.2029e-09
8.26777e-09
8.31216e-09
8.33594e-09
8.33906e-09
8.32157e-09
8.28356e-09
8.2252e-09
8.14678e-09
8.04864e-09
7.93117e-09
7.79487e-09
7.64029e-09
7.46806e-09
7.27886e-09
7.07344e-09
6.85263e-09
6.61729e-09
6.36838e-09
6.10689e-09
5.83385e-09
5.5504e-09
5.25767e-09
4.95688e-09
4.6493e-09
4.33623e-09
4.01906e-09
3.69919e-09
3.3781e-09
3.05735e-09
2.73855e-09
2.42338e-09
2.11365e-09
1.81129e-09
1.51837e-09
1.23722e-09
9.70456e-10
7.21218e-10
4.9344e-10
2.92528e-10
1.2701e-10
1.41203e-11
1.62378e-11
1.46051e-10
3.36357e-10
5.67306e-10
8.29047e-10
1.11531e-09
1.42152e-09
1.74399e-09
2.07964e-09
2.42573e-09
2.77978e-09
3.13949e-09
3.50274e-09
3.86748e-09
4.2318e-09
4.59385e-09
4.95188e-09
5.3042e-09
5.6492e-09
5.98535e-09
6.31118e-09
6.6253e-09
6.92639e-09
7.2132e-09
7.48458e-09
7.73943e-09
7.97676e-09
8.19563e-09
8.39522e-09
8.57477e-09
8.73361e-09
8.87117e-09
8.98696e-09
9.08057e-09
9.1517e-09
9.20012e-09
9.2257e-09
9.2284e-09
9.20827e-09
9.16541e-09
9.10005e-09
9.01249e-09
8.9031e-09
8.77236e-09
8.62081e-09
8.44906e-09
8.25781e-09
8.04783e-09
7.81995e-09
7.5751e-09
7.31424e-09
7.03842e-09
6.74873e-09
6.44636e-09
6.13252e-09
5.8085e-09
5.47564e-09
5.13533e-09
4.78904e-09
4.43828e-09
4.08461e-09
3.72968e-09
3.3752e-09
3.02293e-09
2.67476e-09
2.33267e-09
1.99878e-09
1.67539e-09
1.36503e-09
1.07063e-09
7.95603e-10
5.44298e-10
3.22661e-10
1.40089e-10
1.5574e-11
1.77929e-11
1.6004e-10
3.68579e-10
6.21669e-10
9.08519e-10
1.22226e-09
1.55788e-09
1.91136e-09
2.27929e-09
2.65867e-09
3.0468e-09
3.44114e-09
3.83935e-09
4.23919e-09
4.63855e-09
5.0354e-09
5.42781e-09
5.81393e-09
6.19198e-09
6.56027e-09
6.91719e-09
7.2612e-09
7.59087e-09
7.90483e-09
8.20179e-09
8.48057e-09
8.74006e-09
8.97927e-09
9.19728e-09
9.39325e-09
9.56649e-09
9.71634e-09
9.8423e-09
9.94392e-09
1.00209e-08
1.00729e-08
1.01e-08
1.01019e-08
1.00789e-08
1.00309e-08
9.95836e-09
9.86151e-09
9.7408e-09
9.59675e-09
9.42995e-09
9.24111e-09
9.03097e-09
8.8004e-09
8.55032e-09
8.28173e-09
7.99569e-09
7.69337e-09
7.37596e-09
7.04476e-09
6.70109e-09
6.34638e-09
5.98208e-09
5.60973e-09
5.23092e-09
4.84731e-09
4.4606e-09
4.07261e-09
3.68517e-09
3.30024e-09
2.91986e-09
2.5462e-09
2.18156e-09
1.82844e-09
1.48962e-09
1.16826e-09
8.68105e-10
5.93867e-10
3.52031e-10
1.52836e-10
1.69909e-11
1.9326e-11
1.7383e-10
4.00345e-10
6.75258e-10
9.86852e-10
1.32767e-09
1.69227e-09
2.07627e-09
2.47598e-09
2.88814e-09
3.30978e-09
3.73817e-09
4.17074e-09
4.60506e-09
5.03881e-09
5.4698e-09
5.89591e-09
6.31512e-09
6.7255e-09
7.1252e-09
7.51247e-09
7.88563e-09
8.24313e-09
8.58346e-09
8.90524e-09
9.20719e-09
9.48811e-09
9.74691e-09
9.98261e-09
1.01943e-08
1.03812e-08
1.05428e-08
1.06783e-08
1.07873e-08
1.08695e-08
1.09247e-08
1.09527e-08
1.09535e-08
1.09272e-08
1.0874e-08
1.0794e-08
1.06877e-08
1.05556e-08
1.03982e-08
1.02163e-08
1.00105e-08
9.7817e-09
9.53084e-09
9.25892e-09
8.96703e-09
8.65635e-09
8.32811e-09
7.98363e-09
7.62431e-09
7.25159e-09
6.86701e-09
6.47215e-09
6.06868e-09
5.65831e-09
5.24284e-09
4.82412e-09
4.40409e-09
3.98476e-09
3.56822e-09
3.15669e-09
2.75249e-09
2.35813e-09
1.97629e-09
1.60997e-09
1.26257e-09
9.38131e-10
6.41743e-10
3.80397e-10
1.65147e-10
1.83594e-11
2.08307e-11
1.87365e-10
4.31521e-10
7.27848e-10
1.06372e-09
1.4311e-09
1.82411e-09
2.23803e-09
2.66888e-09
3.11314e-09
3.5676e-09
4.0293e-09
4.49546e-09
4.96346e-09
5.4308e-09
5.89508e-09
6.35402e-09
6.80543e-09
7.24723e-09
7.67742e-09
8.09411e-09
8.49548e-09
8.87985e-09
9.2456e-09
9.59126e-09
9.91543e-09
1.02168e-08
1.04943e-08
1.07468e-08
1.09733e-08
1.11731e-08
1.13455e-08
1.14897e-08
1.16055e-08
1.16923e-08
1.17501e-08
1.17785e-08
1.17777e-08
1.17478e-08
1.16888e-08
1.16012e-08
1.14853e-08
1.13417e-08
1.11711e-08
1.09741e-08
1.07516e-08
1.05044e-08
1.02337e-08
9.94042e-09
9.62582e-09
9.29115e-09
8.93774e-09
8.56703e-09
8.18049e-09
7.7797e-09
7.36629e-09
6.94198e-09
6.50854e-09
6.06781e-09
5.62172e-09
5.17225e-09
4.72147e-09
4.27154e-09
3.82471e-09
3.38332e-09
2.94989e-09
2.52706e-09
2.11773e-09
1.72508e-09
1.35277e-09
1.00511e-09
6.87533e-10
4.07527e-10
1.76922e-10
1.96682e-11
2.23017e-11
2.00597e-10
4.61996e-10
7.79253e-10
1.13885e-09
1.53217e-09
1.95293e-09
2.39606e-09
2.8573e-09
3.33286e-09
3.81929e-09
4.31343e-09
4.81228e-09
5.31303e-09
5.81297e-09
6.30954e-09
6.80028e-09
7.28285e-09
7.755e-09
8.21458e-09
8.65957e-09
9.08802e-09
9.49813e-09
9.88817e-09
1.02566e-08
1.06018e-08
1.09226e-08
1.12176e-08
1.14858e-08
1.17262e-08
1.19378e-08
1.212e-08
1.22721e-08
1.23937e-08
1.24844e-08
1.25439e-08
1.25722e-08
1.25692e-08
1.25351e-08
1.24701e-08
1.23745e-08
1.22489e-08
1.20938e-08
1.19099e-08
1.16981e-08
1.14591e-08
1.11939e-08
1.09038e-08
1.05898e-08
1.02531e-08
9.89528e-09
9.51761e-09
9.12165e-09
8.70898e-09
8.28129e-09
7.8403e-09
7.38784e-09
6.9258e-09
6.45614e-09
5.98089e-09
5.50218e-09
5.02219e-09
4.54321e-09
4.06762e-09
3.59792e-09
3.13676e-09
2.68697e-09
2.25159e-09
1.83403e-09
1.43813e-09
1.06849e-09
7.30861e-10
4.33197e-10
1.88063e-10
2.09065e-11
2.37346e-11
2.13485e-10
4.91679e-10
8.29319e-10
1.21201e-09
1.63059e-09
2.07834e-09
2.54988e-09
3.04065e-09
3.54661e-09
4.06408e-09
4.58967e-09
5.12019e-09
5.6526e-09
6.18405e-09
6.71177e-09
7.23315e-09
7.74567e-09
8.24694e-09
8.73466e-09
9.20667e-09
9.66091e-09
1.00955e-08
1.05085e-08
1.08983e-08
1.12633e-08
1.16021e-08
1.19135e-08
1.21961e-08
1.2449e-08
1.26713e-08
1.28623e-08
1.30212e-08
1.31476e-08
1.32412e-08
1.33017e-08
1.3329e-08
1.33232e-08
1.32844e-08
1.32129e-08
1.31091e-08
1.29735e-08
1.28068e-08
1.26097e-08
1.23831e-08
1.21279e-08
1.18452e-08
1.15362e-08
1.12021e-08
1.08443e-08
1.04642e-08
1.00633e-08
9.64319e-09
9.20565e-09
8.75239e-09
8.28525e-09
7.80616e-09
7.3171e-09
6.82015e-09
6.31744e-09
5.81121e-09
5.30376e-09
4.7975e-09
4.29494e-09
3.7987e-09
3.31157e-09
2.83652e-09
2.37677e-09
1.93589e-09
1.51794e-09
1.12773e-09
7.71362e-10
4.57192e-10
1.98476e-10
2.2064e-11
2.5126e-11
2.26001e-10
5.20503e-10
8.77929e-10
1.28304e-09
1.72612e-09
2.20005e-09
2.69913e-09
3.2185e-09
3.75387e-09
4.30135e-09
4.85731e-09
5.41836e-09
5.98128e-09
6.54302e-09
7.10064e-09
7.65136e-09
8.1925e-09
8.72152e-09
9.23598e-09
9.73359e-09
1.02122e-08
1.06697e-08
1.11042e-08
1.15139e-08
1.18973e-08
1.22527e-08
1.25788e-08
1.28745e-08
1.31386e-08
1.33703e-08
1.35686e-08
1.37331e-08
1.38632e-08
1.39586e-08
1.40191e-08
1.40446e-08
1.40352e-08
1.3991e-08
1.39125e-08
1.38e-08
1.36542e-08
1.34758e-08
1.32655e-08
1.30243e-08
1.27533e-08
1.24535e-08
1.21263e-08
1.17729e-08
1.13947e-08
1.09934e-08
1.05704e-08
1.01275e-08
9.66652e-09
9.18921e-09
8.69754e-09
8.19351e-09
7.67922e-09
7.15682e-09
6.62855e-09
6.09675e-09
5.56382e-09
5.03227e-09
4.50473e-09
3.98394e-09
3.47281e-09
2.97444e-09
2.49219e-09
2.02979e-09
1.59149e-09
1.18234e-09
8.08685e-10
4.79303e-10
2.08072e-10
2.31306e-11
2.64737e-11
2.38123e-10
5.48417e-10
9.25002e-10
1.35181e-09
1.81859e-09
2.31784e-09
2.84352e-09
3.39051e-09
3.95426e-09
4.53065e-09
5.11583e-09
5.70622e-09
6.29839e-09
6.88911e-09
7.47528e-09
8.05394e-09
8.62226e-09
9.17754e-09
9.71722e-09
1.02389e-08
1.07402e-08
1.12191e-08
1.16734e-08
1.21015e-08
1.25015e-08
1.28718e-08
1.32112e-08
1.35183e-08
1.3792e-08
1.40314e-08
1.42358e-08
1.44045e-08
1.4537e-08
1.4633e-08
1.46923e-08
1.47149e-08
1.4701e-08
1.46508e-08
1.45646e-08
1.4443e-08
1.42867e-08
1.40964e-08
1.38729e-08
1.36174e-08
1.33308e-08
1.30144e-08
1.26696e-08
1.22977e-08
1.19002e-08
1.14787e-08
1.1035e-08
1.05707e-08
1.00878e-08
9.5881e-09
9.07367e-09
8.54659e-09
8.00903e-09
7.46322e-09
6.91151e-09
6.35629e-09
5.80006e-09
5.24544e-09
4.69514e-09
4.152e-09
3.61904e-09
3.09948e-09
2.59681e-09
2.11489e-09
1.65814e-09
1.2318e-09
8.42495e-10
4.99331e-10
2.16763e-10
2.40966e-11
2.77763e-11
2.49839e-10
5.75395e-10
9.70491e-10
1.41826e-09
1.90793e-09
2.4316e-09
2.98293e-09
3.55651e-09
4.14756e-09
4.75171e-09
5.36492e-09
5.98338e-09
6.60349e-09
7.22182e-09
7.83511e-09
8.44022e-09
9.03417e-09
9.61412e-09
1.01774e-08
1.07214e-08
1.12437e-08
1.17422e-08
1.22147e-08
1.26592e-08
1.3074e-08
1.34575e-08
1.38083e-08
1.4125e-08
1.44066e-08
1.46522e-08
1.48609e-08
1.50322e-08
1.51656e-08
1.52608e-08
1.53177e-08
1.53364e-08
1.5317e-08
1.52598e-08
1.51653e-08
1.5034e-08
1.48668e-08
1.46643e-08
1.44277e-08
1.41579e-08
1.38561e-08
1.35237e-08
1.31619e-08
1.27724e-08
1.23566e-08
1.19163e-08
1.14532e-08
1.0969e-08
1.04658e-08
9.94559e-09
9.41034e-09
8.86226e-09
8.30357e-09
7.73659e-09
7.16372e-09
6.58743e-09
6.01031e-09
5.43502e-09
4.86437e-09
4.30129e-09
3.74888e-09
3.21046e-09
2.68963e-09
2.19037e-09
1.71724e-09
1.27566e-09
8.72467e-10
5.17084e-10
2.24466e-10
2.49528e-11
2.90335e-11
2.61146e-10
6.0143e-10
1.01439e-09
1.48236e-09
1.99409e-09
2.54129e-09
3.11729e-09
3.71644e-09
4.33368e-09
4.96443e-09
5.60443e-09
6.24968e-09
6.89637e-09
7.54089e-09
8.1798e-09
8.8098e-09
9.42777e-09
1.00307e-08
1.06158e-08
1.11804e-08
1.17219e-08
1.22381e-08
1.27267e-08
1.31857e-08
1.36134e-08
1.40081e-08
1.43683e-08
1.46928e-08
1.49804e-08
1.52302e-08
1.54414e-08
1.56136e-08
1.57462e-08
1.58391e-08
1.58922e-08
1.59056e-08
1.58796e-08
1.58144e-08
1.57108e-08
1.55692e-08
1.53905e-08
1.51757e-08
1.49258e-08
1.46419e-08
1.43252e-08
1.39772e-08
1.35993e-08
1.31931e-08
1.27602e-08
1.23023e-08
1.18212e-08
1.13188e-08
1.07972e-08
1.02584e-08
9.70438e-09
9.1375e-09
8.56001e-09
7.97426e-09
7.38272e-09
6.7879e-09
6.19246e-09
5.59911e-09
5.01073e-09
4.4303e-09
3.86101e-09
3.30625e-09
2.76971e-09
2.25547e-09
1.7682e-09
1.31347e-09
8.98296e-10
5.3238e-10
2.31104e-10
2.56905e-11
3.0246e-11
2.72051e-10
6.26537e-10
1.05671e-09
1.54416e-09
2.07713e-09
2.64696e-09
3.24668e-09
3.87035e-09
4.51269e-09
5.16888e-09
5.83444e-09
6.50516e-09
7.17704e-09
7.8463e-09
8.5093e-09
9.16259e-09
9.80288e-09
1.04271e-08
1.10322e-08
1.16154e-08
1.21741e-08
1.2706e-08
1.32087e-08
1.36802e-08
1.41187e-08
1.45224e-08
1.48899e-08
1.522e-08
1.55114e-08
1.57634e-08
1.59752e-08
1.61463e-08
1.62764e-08
1.63653e-08
1.6413e-08
1.64197e-08
1.63857e-08
1.63115e-08
1.61977e-08
1.60451e-08
1.58545e-08
1.56269e-08
1.53636e-08
1.50656e-08
1.47344e-08
1.43714e-08
1.39781e-08
1.35561e-08
1.31072e-08
1.2633e-08
1.21356e-08
1.16168e-08
1.10787e-08
1.05233e-08
9.9528e-09
9.36948e-09
8.77566e-09
8.17372e-09
7.56616e-09
6.95554e-09
6.34454e-09
5.73593e-09
5.13261e-09
4.53762e-09
3.9542e-09
3.3858e-09
2.83616e-09
2.30945e-09
1.81044e-09
1.34479e-09
9.19692e-10
5.45049e-10
2.366e-10
2.63014e-11
3.14154e-11
2.82569e-10
6.50749e-10
1.09752e-09
1.60373e-09
2.15715e-09
2.74875e-09
3.37125e-09
4.01845e-09
4.68481e-09
5.36528e-09
6.05517e-09
6.75006e-09
7.44575e-09
8.13827e-09
8.8238e-09
9.49874e-09
1.01596e-08
1.08032e-08
1.14264e-08
1.20263e-08
1.26003e-08
1.31457e-08
1.36603e-08
1.4142e-08
1.4589e-08
1.49994e-08
1.5372e-08
1.57053e-08
1.59983e-08
1.62503e-08
1.64605e-08
1.66285e-08
1.6754e-08
1.6837e-08
1.68775e-08
1.68759e-08
1.68325e-08
1.6748e-08
1.6623e-08
1.64584e-08
1.62553e-08
1.60146e-08
1.57376e-08
1.54257e-08
1.50802e-08
1.47027e-08
1.42947e-08
1.3858e-08
1.33942e-08
1.29053e-08
1.23932e-08
1.18598e-08
1.13071e-08
1.07374e-08
1.01528e-08
9.55556e-09
8.94803e-09
8.33263e-09
7.71187e-09
7.08833e-09
6.46471e-09
5.84379e-09
5.22851e-09
4.62192e-09
4.02729e-09
3.4481e-09
2.88815e-09
2.35165e-09
1.84343e-09
1.36925e-09
9.36388e-10
5.54932e-10
2.40887e-10
2.67778e-11
3.25443e-11
2.92721e-10
6.74119e-10
1.1369e-09
1.6612e-09
2.23432e-09
2.84687e-09
3.49127e-09
4.16103e-09
4.85037e-09
5.55402e-09
6.26704e-09
6.98482e-09
7.70295e-09
8.41726e-09
9.12377e-09
9.81868e-09
1.04984e-08
1.11595e-08
1.17989e-08
1.24134e-08
1.30004e-08
1.35571e-08
1.40813e-08
1.45709e-08
1.50239e-08
1.54387e-08
1.58137e-08
1.61478e-08
1.644e-08
1.66895e-08
1.68957e-08
1.70583e-08
1.71771e-08
1.72521e-08
1.72836e-08
1.72719e-08
1.72175e-08
1.71213e-08
1.69839e-08
1.68065e-08
1.659e-08
1.63357e-08
1.60448e-08
1.57189e-08
1.53594e-08
1.49679e-08
1.4546e-08
1.40955e-08
1.36183e-08
1.31161e-08
1.25909e-08
1.20448e-08
1.14798e-08
1.08981e-08
1.03018e-08
9.69326e-09
9.07479e-09
8.44882e-09
7.81783e-09
7.18442e-09
6.55127e-09
5.92118e-09
5.29706e-09
4.68198e-09
4.07922e-09
3.49226e-09
2.92493e-09
2.38145e-09
1.8667e-09
1.38647e-09
9.48139e-10
5.61884e-10
2.43901e-10
2.71128e-11
3.3636e-11
3.02539e-10
6.96717e-10
1.17497e-09
1.71675e-09
2.30889e-09
2.94162e-09
3.60708e-09
4.2985e-09
5.00985e-09
5.73561e-09
6.47062e-09
7.21004e-09
7.94927e-09
8.68393e-09
9.40985e-09
1.01231e-08
1.08199e-08
1.14966e-08
1.21501e-08
1.27771e-08
1.33748e-08
1.39406e-08
1.4472e-08
1.49669e-08
1.54234e-08
1.58398e-08
1.62147e-08
1.6547e-08
1.68357e-08
1.70801e-08
1.72798e-08
1.74346e-08
1.75442e-08
1.7609e-08
1.76293e-08
1.76056e-08
1.75385e-08
1.7429e-08
1.7278e-08
1.70866e-08
1.68559e-08
1.65874e-08
1.62824e-08
1.59424e-08
1.55691e-08
1.51641e-08
1.47291e-08
1.42659e-08
1.37764e-08
1.32625e-08
1.27261e-08
1.21693e-08
1.15942e-08
1.10028e-08
1.03975e-08
9.7804e-09
9.15388e-09
8.52034e-09
7.88223e-09
7.24214e-09
6.6027e-09
5.9667e-09
5.33702e-09
4.71672e-09
4.10904e-09
3.51747e-09
2.94581e-09
2.3983e-09
1.8798e-09
1.39615e-09
9.54729e-10
5.65777e-10
2.45588e-10
2.73002e-11
3.46948e-11
3.1206e-10
7.18629e-10
1.21188e-09
1.77059e-09
2.38111e-09
3.03336e-09
3.71912e-09
4.43138e-09
5.16383e-09
5.91071e-09
6.66663e-09
7.42651e-09
8.18553e-09
8.93913e-09
9.68293e-09
1.04128e-08
1.11248e-08
1.18153e-08
1.24808e-08
1.31181e-08
1.37243e-08
1.42966e-08
1.48327e-08
1.53303e-08
1.57875e-08
1.62028e-08
1.65748e-08
1.69025e-08
1.71848e-08
1.74214e-08
1.76119e-08
1.7756e-08
1.78541e-08
1.79062e-08
1.7913e-08
1.78752e-08
1.77936e-08
1.76692e-08
1.7503e-08
1.72964e-08
1.70507e-08
1.67673e-08
1.64478e-08
1.60937e-08
1.57068e-08
1.52887e-08
1.48414e-08
1.43665e-08
1.38661e-08
1.3342e-08
1.27963e-08
1.22309e-08
1.16479e-08
1.10495e-08
1.04378e-08
9.81502e-09
9.18347e-09
8.54549e-09
7.90351e-09
7.26004e-09
6.61769e-09
5.97917e-09
5.34734e-09
4.7252e-09
4.11595e-09
3.52304e-09
2.95023e-09
2.40173e-09
1.8824e-09
1.39802e-09
9.55975e-10
5.66504e-10
2.459e-10
2.73348e-11
3.57253e-11
3.21327e-10
7.39953e-10
1.24779e-09
1.82295e-09
2.45134e-09
3.12248e-09
3.8279e-09
4.56025e-09
5.31298e-09
6.08007e-09
6.85589e-09
7.63511e-09
8.41271e-09
9.18387e-09
9.94404e-09
1.06889e-08
1.14144e-08
1.21166e-08
1.27921e-08
1.34374e-08
1.40497e-08
1.4626e-08
1.5164e-08
1.56615e-08
1.61167e-08
1.6528e-08
1.68941e-08
1.72141e-08
1.74871e-08
1.77129e-08
1.78911e-08
1.80219e-08
1.81055e-08
1.81424e-08
1.81334e-08
1.80793e-08
1.79811e-08
1.78399e-08
1.76571e-08
1.7434e-08
1.71722e-08
1.68732e-08
1.65387e-08
1.61704e-08
1.577e-08
1.53395e-08
1.48806e-08
1.43952e-08
1.38852e-08
1.33527e-08
1.27995e-08
1.22276e-08
1.16392e-08
1.10363e-08
1.0421e-08
9.79556e-09
9.1621e-09
8.52293e-09
7.88043e-09
7.23701e-09
6.59522e-09
5.9577e-09
5.32723e-09
4.70674e-09
4.09935e-09
3.50846e-09
2.93776e-09
2.39142e-09
1.8742e-09
1.39187e-09
9.51743e-10
5.63984e-10
2.44803e-10
2.72127e-11
3.6733e-11
3.30388e-10
7.608e-10
1.28289e-09
1.87411e-09
2.51991e-09
3.20947e-09
3.93396e-09
4.68577e-09
5.45807e-09
6.24456e-09
7.03935e-09
7.83688e-09
8.63187e-09
9.41929e-09
1.01944e-08
1.09526e-08
1.16897e-08
1.24018e-08
1.3085e-08
1.37361e-08
1.43519e-08
1.49297e-08
1.54669e-08
1.59615e-08
1.64116e-08
1.68157e-08
1.71728e-08
1.74819e-08
1.77424e-08
1.79542e-08
1.81171e-08
1.82316e-08
1.82978e-08
1.83167e-08
1.82893e-08
1.82164e-08
1.80994e-08
1.79396e-08
1.77384e-08
1.74975e-08
1.72186e-08
1.69032e-08
1.65533e-08
1.61707e-08
1.57571e-08
1.53146e-08
1.48449e-08
1.43501e-08
1.3832e-08
1.32927e-08
1.2734e-08
1.21579e-08
1.15666e-08
1.09619e-08
1.03459e-08
9.72076e-09
9.08858e-09
8.45155e-09
7.81195e-09
7.17209e-09
6.53443e-09
5.9015e-09
5.27597e-09
4.6607e-09
4.0587e-09
3.47327e-09
2.90803e-09
2.36704e-09
1.85499e-09
1.37754e-09
9.41916e-10
5.58149e-10
2.42268e-10
2.69308e-11
3.77234e-11
3.39293e-10
7.81287e-10
1.31738e-09
1.92436e-09
2.58723e-09
3.29479e-09
4.03791e-09
4.80865e-09
5.5999e-09
6.40508e-09
7.21803e-09
8.03291e-09
8.8442e-09
9.64662e-09
1.04352e-08
1.12052e-08
1.19522e-08
1.26721e-08
1.3361e-08
1.40154e-08
1.46322e-08
1.52087e-08
1.57422e-08
1.62308e-08
1.66726e-08
1.70664e-08
1.74111e-08
1.7706e-08
1.79507e-08
1.81451e-08
1.82895e-08
1.83843e-08
1.84301e-08
1.84282e-08
1.83796e-08
1.82855e-08
1.81474e-08
1.7967e-08
1.77458e-08
1.74857e-08
1.71885e-08
1.68561e-08
1.64903e-08
1.60931e-08
1.56666e-08
1.52125e-08
1.4733e-08
1.42299e-08
1.37052e-08
1.31608e-08
1.25987e-08
1.20207e-08
1.14289e-08
1.08252e-08
1.02114e-08
9.58976e-09
8.96214e-09
8.33066e-09
7.69745e-09
7.06475e-09
6.43484e-09
5.81015e-09
5.19323e-09
4.5868e-09
3.99376e-09
3.41729e-09
2.86088e-09
2.32848e-09
1.82467e-09
1.35497e-09
9.26452e-10
5.48975e-10
2.38283e-10
2.64878e-11
3.87024e-11
3.48096e-10
8.01536e-10
1.35146e-09
1.974e-09
2.6537e-09
3.37898e-09
4.14036e-09
4.92962e-09
5.73932e-09
6.56258e-09
7.39295e-09
8.22433e-09
9.0509e-09
9.86715e-09
1.06678e-08
1.1448e-08
1.22031e-08
1.29288e-08
1.36211e-08
1.42765e-08
1.48918e-08
1.5464e-08
1.59909e-08
1.64703e-08
1.69006e-08
1.72806e-08
1.76094e-08
1.78866e-08
1.81119e-08
1.82855e-08
1.84078e-08
1.84795e-08
1.85018e-08
1.84761e-08
1.84035e-08
1.82856e-08
1.81242e-08
1.79211e-08
1.76781e-08
1.73973e-08
1.70807e-08
1.67304e-08
1.63483e-08
1.59366e-08
1.54973e-08
1.50324e-08
1.45439e-08
1.40337e-08
1.35039e-08
1.29564e-08
1.23929e-08
1.18154e-08
1.12258e-08
1.06258e-08
1.00174e-08
9.40234e-09
8.78261e-09
8.16012e-09
7.53687e-09
6.91492e-09
6.29643e-09
5.68367e-09
5.07902e-09
4.48507e-09
3.90457e-09
3.34055e-09
2.79635e-09
2.27578e-09
1.78327e-09
1.32417e-09
9.05369e-10
5.36473e-10
2.32855e-10
2.58843e-11
3.96759e-11
3.56848e-10
8.21668e-10
1.38534e-09
2.02332e-09
2.7197e-09
3.46252e-09
4.24194e-09
5.04941e-09
5.87716e-09
6.718e-09
7.56518e-09
8.41227e-09
9.25319e-09
1.00821e-08
1.08936e-08
1.16825e-08
1.24439e-08
1.31733e-08
1.38668e-08
1.45207e-08
1.51316e-08
1.56967e-08
1.62138e-08
1.66807e-08
1.7096e-08
1.74587e-08
1.7768e-08
1.80237e-08
1.82259e-08
1.8375e-08
1.84717e-08
1.85168e-08
1.85125e-08
1.84597e-08
1.83602e-08
1.82158e-08
1.80287e-08
1.78008e-08
1.75343e-08
1.72314e-08
1.68944e-08
1.65254e-08
1.61267e-08
1.57004e-08
1.52487e-08
1.47736e-08
1.42772e-08
1.37614e-08
1.32281e-08
1.26793e-08
1.21167e-08
1.15422e-08
1.09574e-08
1.03641e-08
9.76396e-09
9.15881e-09
8.55034e-09
7.94032e-09
7.33058e-09
6.72302e-09
6.1196e-09
5.52243e-09
4.93371e-09
4.35585e-09
3.79144e-09
3.24332e-09
2.71468e-09
2.20915e-09
1.73096e-09
1.28528e-09
8.78756e-10
5.20696e-10
2.26005e-10
2.51229e-11
4.06494e-11
3.65601e-10
8.41799e-10
1.4192e-09
2.07262e-09
2.78564e-09
3.54591e-09
4.34324e-09
5.16871e-09
6.01423e-09
6.87226e-09
7.7357e-09
8.59782e-09
9.45221e-09
1.02928e-08
1.11137e-08
1.19097e-08
1.26756e-08
1.34068e-08
1.40992e-08
1.47489e-08
1.53526e-08
1.59077e-08
1.64116e-08
1.68626e-08
1.72593e-08
1.76009e-08
1.78868e-08
1.81172e-08
1.82924e-08
1.84132e-08
1.84803e-08
1.84958e-08
1.84611e-08
1.83781e-08
1.82488e-08
1.80754e-08
1.78601e-08
1.76054e-08
1.73137e-08
1.69874e-08
1.6629e-08
1.62408e-08
1.58252e-08
1.53845e-08
1.49208e-08
1.44363e-08
1.39331e-08
1.34131e-08
1.28782e-08
1.23302e-08
1.17708e-08
1.12017e-08
1.06245e-08
1.00408e-08
9.4522e-09
8.86018e-09
8.26634e-09
7.67226e-09
7.07958e-09
6.48998e-09
5.90526e-09
5.32729e-09
4.7581e-09
4.19988e-09
3.65502e-09
3.12619e-09
2.61637e-09
2.12898e-09
1.66806e-09
1.23853e-09
8.46779e-10
5.01744e-10
2.17779e-10
2.42085e-11
4.1628e-11
3.744e-10
8.62033e-10
1.45324e-09
2.12214e-09
2.85185e-09
3.62959e-09
4.4448e-09
5.28817e-09
6.15126e-09
7.02617e-09
7.90543e-09
8.78195e-09
9.64899e-09
1.05001e-08
1.13293e-08
1.21308e-08
1.28994e-08
1.36303e-08
1.43191e-08
1.4962e-08
1.55557e-08
1.60973e-08
1.65847e-08
1.70162e-08
1.73905e-08
1.7707e-08
1.79657e-08
1.81668e-08
1.8311e-08
1.83994e-08
1.84333e-08
1.84154e-08
1.8347e-08
1.82306e-08
1.80685e-08
1.78633e-08
1.76177e-08
1.73343e-08
1.70158e-08
1.66649e-08
1.62843e-08
1.58765e-08
1.54439e-08
1.49891e-08
1.45142e-08
1.40214e-08
1.35128e-08
1.29902e-08
1.24556e-08
1.19105e-08
1.13568e-08
1.07957e-08
1.0229e-08
9.65791e-09
9.08388e-09
8.50825e-09
7.93239e-09
7.35768e-09
6.78553e-09
6.21742e-09
5.6549e-09
5.09965e-09
4.55346e-09
4.0183e-09
3.49635e-09
2.99006e-09
2.50218e-09
2.03591e-09
1.59507e-09
1.18431e-09
8.09697e-10
4.79771e-10
2.08242e-10
2.31485e-11
4.26162e-11
3.83283e-10
8.82461e-10
1.48759e-09
2.17211e-09
2.91863e-09
3.71394e-09
4.54707e-09
5.40833e-09
6.28888e-09
7.18042e-09
8.07511e-09
8.96548e-09
9.84438e-09
1.07051e-08
1.15412e-08
1.23467e-08
1.31161e-08
1.38445e-08
1.45273e-08
1.51606e-08
1.5741e-08
1.6266e-08
1.67332e-08
1.71413e-08
1.74892e-08
1.77767e-08
1.8004e-08
1.81716e-08
1.82807e-08
1.83324e-08
1.83298e-08
1.82746e-08
1.81691e-08
1.80161e-08
1.78184e-08
1.7579e-08
1.73009e-08
1.6987e-08
1.66404e-08
1.6264e-08
1.58606e-08
1.5433e-08
1.49838e-08
1.45154e-08
1.40302e-08
1.35304e-08
1.30179e-08
1.24946e-08
1.19623e-08
1.14227e-08
1.0877e-08
1.03269e-08
9.77344e-09
9.21799e-09
8.6617e-09
8.10569e-09
7.55112e-09
6.99913e-09
6.45089e-09
5.90765e-09
5.37072e-09
4.84153e-09
4.32163e-09
3.81277e-09
3.31689e-09
2.83618e-09
2.37317e-09
1.93083e-09
1.51268e-09
1.12312e-09
7.67869e-10
4.5499e-10
1.97488e-10
2.19532e-11
4.3617e-11
3.92281e-10
9.03151e-10
1.52238e-09
2.22271e-09
2.98621e-09
3.79925e-09
4.65041e-09
5.5296e-09
6.42755e-09
7.33554e-09
8.24532e-09
9.14897e-09
1.0039e-08
1.09082e-08
1.17499e-08
1.25578e-08
1.33261e-08
1.40496e-08
1.47238e-08
1.53445e-08
1.59086e-08
1.64132e-08
1.68566e-08
1.72373e-08
1.75548e-08
1.7809e-08
1.80004e-08
1.81304e-08
1.81996e-08
1.82115e-08
1.81681e-08
1.8072e-08
1.79261e-08
1.77335e-08
1.74976e-08
1.72217e-08
1.69092e-08
1.65634e-08
1.61876e-08
1.57851e-08
1.53588e-08
1.49116e-08
1.44462e-08
1.39652e-08
1.3471e-08
1.29657e-08
1.24512e-08
1.19294e-08
1.14018e-08
1.087e-08
1.03352e-08
9.79874e-09
9.26161e-09
8.72485e-09
8.18941e-09
7.6562e-09
7.12612e-09
6.60006e-09
6.07895e-09
5.56378e-09
5.0556e-09
4.55559e-09
4.06506e-09
3.58549e-09
3.11856e-09
2.66623e-09
2.23077e-09
1.81488e-09
1.42182e-09
1.05566e-09
7.21759e-10
4.27678e-10
1.85636e-10
2.0636e-11
4.46324e-11
4.0141e-10
9.24141e-10
1.55768e-09
2.27402e-09
3.05473e-09
3.88568e-09
4.75502e-09
5.65222e-09
6.56754e-09
7.49182e-09
8.41633e-09
9.33272e-09
1.0233e-08
1.11097e-08
1.19556e-08
1.27642e-08
1.35293e-08
1.42456e-08
1.49083e-08
1.55134e-08
1.60576e-08
1.65383e-08
1.69538e-08
1.7303e-08
1.75856e-08
1.78021e-08
1.79536e-08
1.80408e-08
1.80668e-08
1.80347e-08
1.79466e-08
1.78061e-08
1.76165e-08
1.73816e-08
1.71051e-08
1.67907e-08
1.64423e-08
1.60636e-08
1.56581e-08
1.52292e-08
1.47802e-08
1.4314e-08
1.38336e-08
1.33414e-08
1.28398e-08
1.23309e-08
1.18167e-08
1.12987e-08
1.07784e-08
1.02572e-08
9.73615e-09
9.21628e-09
8.69844e-09
8.18341e-09
7.6719e-09
7.16456e-09
6.66203e-09
6.16494e-09
5.67395e-09
5.18979e-09
4.71326e-09
4.24525e-09
3.78682e-09
3.33919e-09
2.90378e-09
2.48229e-09
2.07672e-09
1.68951e-09
1.32361e-09
9.8277e-10
6.71947e-10
3.98178e-10
1.72836e-10
1.92135e-11
4.56627e-11
4.10672e-10
9.45438e-10
1.59348e-09
2.32607e-09
3.1242e-09
3.97326e-09
4.86093e-09
5.7762e-09
6.70886e-09
7.64924e-09
8.58813e-09
9.51667e-09
1.04264e-08
1.13094e-08
1.2158e-08
1.29654e-08
1.37251e-08
1.44316e-08
1.50799e-08
1.5666e-08
1.61867e-08
1.66395e-08
1.70229e-08
1.73363e-08
1.75797e-08
1.77541e-08
1.78604e-08
1.79011e-08
1.788e-08
1.77996e-08
1.76633e-08
1.74751e-08
1.7239e-08
1.69593e-08
1.66401e-08
1.62859e-08
1.59006e-08
1.54883e-08
1.5053e-08
1.45982e-08
1.41273e-08
1.36434e-08
1.31494e-08
1.26478e-08
1.2141e-08
1.1631e-08
1.11195e-08
1.06081e-08
1.0098e-08
9.59031e-09
9.08598e-09
8.58574e-09
8.09021e-09
7.59992e-09
7.1153e-09
6.63674e-09
6.1646e-09
5.69926e-09
5.2411e-09
4.79057e-09
4.34821e-09
3.91465e-09
3.49068e-09
3.07724e-09
2.67551e-09
2.28691e-09
1.91317e-09
1.55645e-09
1.21941e-09
9.0546e-10
6.1913e-10
3.66903e-10
1.59268e-10
1.77056e-11
4.67062e-11
4.20053e-10
9.67007e-10
1.62974e-09
2.37876e-09
3.1945e-09
4.06184e-09
4.96796e-09
5.90134e-09
6.85125e-09
7.80749e-09
8.76031e-09
9.70033e-09
1.06186e-08
1.15065e-08
1.23563e-08
1.31604e-08
1.39123e-08
1.46062e-08
1.52369e-08
1.58005e-08
1.62938e-08
1.67146e-08
1.70616e-08
1.73347e-08
1.75344e-08
1.76617e-08
1.77182e-08
1.77091e-08
1.76364e-08
1.75039e-08
1.73161e-08
1.70772e-08
1.67922e-08
1.64657e-08
1.61025e-08
1.57074e-08
1.52848e-08
1.48392e-08
1.43746e-08
1.38949e-08
1.34036e-08
1.29038e-08
1.23984e-08
1.18899e-08
1.13806e-08
1.08723e-08
1.03666e-08
9.86474e-09
9.36792e-09
8.87692e-09
8.39241e-09
7.91487e-09
7.44464e-09
6.98199e-09
6.52705e-09
6.07996e-09
5.64079e-09
5.20964e-09
4.78663e-09
4.37195e-09
3.96584e-09
3.56871e-09
3.18105e-09
2.80358e-09
2.43718e-09
2.08304e-09
1.7426e-09
1.41775e-09
1.11083e-09
8.24916e-10
5.64115e-10
3.34332e-10
1.4514e-10
1.61355e-11
4.77589e-11
4.29517e-10
9.88766e-10
1.66631e-09
2.43191e-09
3.26539e-09
4.1511e-09
5.0757e-09
6.02713e-09
6.9941e-09
7.96586e-09
8.93205e-09
9.88272e-09
1.08083e-08
1.16999e-08
1.25488e-08
1.33475e-08
1.4089e-08
1.47672e-08
1.53769e-08
1.59142e-08
1.63761e-08
1.67605e-08
1.70667e-08
1.72949e-08
1.74461e-08
1.75208e-08
1.75251e-08
1.74612e-08
1.73331e-08
1.71453e-08
1.69028e-08
1.6611e-08
1.62751e-08
1.59005e-08
1.54926e-08
1.50564e-08
1.4597e-08
1.41189e-08
1.36265e-08
1.31237e-08
1.26142e-08
1.21011e-08
1.15872e-08
1.10749e-08
1.05662e-08
1.00629e-08
9.56635e-09
9.07756e-09
8.59736e-09
8.12632e-09
7.66479e-09
7.21299e-09
6.77096e-09
6.33866e-09
5.91597e-09
5.50272e-09
5.09871e-09
4.70378e-09
4.31778e-09
3.94064e-09
3.57236e-09
3.21307e-09
2.86304e-09
2.52271e-09
2.19275e-09
1.87405e-09
1.56784e-09
1.27569e-09
9.99659e-10
7.42473e-10
5.07815e-10
3.01005e-10
1.30684e-10
1.45292e-11
4.88145e-11
4.39006e-10
1.01059e-09
1.70299e-09
2.48518e-09
3.33641e-09
4.24047e-09
5.18346e-09
6.15275e-09
7.13646e-09
8.12322e-09
9.10205e-09
1.00624e-08
1.0994e-08
1.18874e-08
1.27336e-08
1.35244e-08
1.42525e-08
1.49117e-08
1.54968e-08
1.60039e-08
1.643e-08
1.67736e-08
1.70345e-08
1.72131e-08
1.73097e-08
1.73299e-08
1.7277e-08
1.71545e-08
1.69675e-08
1.67215e-08
1.64222e-08
1.60756e-08
1.56878e-08
1.52646e-08
1.48121e-08
1.43356e-08
1.38406e-08
1.33319e-08
1.2814e-08
1.22909e-08
1.17663e-08
1.12432e-08
1.07243e-08
1.02118e-08
9.70764e-09
9.21317e-09
8.7295e-09
8.25739e-09
7.79734e-09
7.34959e-09
6.91421e-09
6.49107e-09
6.07993e-09
5.68044e-09
5.29218e-09
4.91473e-09
4.54761e-09
4.1904e-09
3.84271e-09
3.50421e-09
3.17469e-09
2.85402e-09
2.54227e-09
2.23964e-09
1.94656e-09
1.66369e-09
1.392e-09
1.1328e-09
8.87876e-10
6.59596e-10
4.51229e-10
2.67513e-10
1.16158e-10
1.2915e-11
4.9864e-11
4.48441e-10
1.03228e-09
1.73944e-09
2.53813e-09
3.40697e-09
4.32918e-09
5.29028e-09
6.27705e-09
7.27697e-09
8.278e-09
9.26849e-09
1.02372e-08
1.11733e-08
1.20666e-08
1.29076e-08
1.36877e-08
1.43994e-08
1.50361e-08
1.55928e-08
1.60653e-08
1.64514e-08
1.67498e-08
1.69606e-08
1.70837e-08
1.71235e-08
1.70847e-08
1.69705e-08
1.67862e-08
1.65377e-08
1.62313e-08
1.58736e-08
1.54715e-08
1.50315e-08
1.45604e-08
1.40644e-08
1.35495e-08
1.30213e-08
1.24849e-08
1.19448e-08
1.14051e-08
1.08693e-08
1.03403e-08
9.82073e-09
9.31245e-09
8.81702e-09
8.33555e-09
7.86879e-09
7.41718e-09
6.98084e-09
6.5597e-09
6.15345e-09
5.76166e-09
5.38376e-09
5.01912e-09
4.66703e-09
4.3268e-09
3.99771e-09
3.67909e-09
3.37033e-09
3.0709e-09
2.78035e-09
2.49839e-09
2.22485e-09
1.95973e-09
1.70327e-09
1.45591e-09
1.21839e-09
9.91782e-10
7.77579e-10
5.77838e-10
3.95413e-10
2.34481e-10
1.01833e-10
1.13231e-11
5.08957e-11
4.57716e-10
1.0536e-09
1.77528e-09
2.59017e-09
3.47626e-09
4.4162e-09
5.39492e-09
6.39853e-09
7.41386e-09
8.42816e-09
9.42905e-09
1.04046e-08
1.13432e-08
1.22342e-08
1.30674e-08
1.38339e-08
1.45257e-08
1.51362e-08
1.56603e-08
1.60941e-08
1.64358e-08
1.66845e-08
1.68398e-08
1.6904e-08
1.68839e-08
1.67818e-08
1.66033e-08
1.63546e-08
1.60426e-08
1.56747e-08
1.52582e-08
1.48008e-08
1.43098e-08
1.37924e-08
1.32554e-08
1.27051e-08
1.21473e-08
1.15872e-08
1.10293e-08
1.04776e-08
9.93548e-09
9.40563e-09
8.89024e-09
8.39095e-09
7.90892e-09
7.44488e-09
6.99921e-09
6.57191e-09
6.16276e-09
5.7713e-09
5.39687e-09
5.03871e-09
4.69593e-09
4.36763e-09
4.05282e-09
3.75057e-09
3.45994e-09
3.18005e-09
2.9101e-09
2.64937e-09
2.39725e-09
2.15326e-09
1.91709e-09
1.68855e-09
1.46771e-09
1.25483e-09
1.05044e-09
8.55387e-10
6.7092e-10
4.98784e-10
3.4145e-10
2.02546e-10
8.79833e-11
9.78417e-12
5.18952e-11
4.66702e-10
1.07426e-09
1.81e-09
2.64055e-09
3.54331e-09
4.5003e-09
5.49583e-09
6.51535e-09
7.54497e-09
8.5712e-09
9.58091e-09
1.05614e-08
1.15003e-08
1.23864e-08
1.32089e-08
1.39584e-08
1.46267e-08
1.52071e-08
1.56945e-08
1.60855e-08
1.63786e-08
1.65728e-08
1.66675e-08
1.66718e-08
1.65872e-08
1.6419e-08
1.61739e-08
1.58593e-08
1.54832e-08
1.50537e-08
1.45793e-08
1.40682e-08
1.35286e-08
1.29681e-08
1.23939e-08
1.18125e-08
1.12299e-08
1.06512e-08
1.0081e-08
9.52296e-09
8.98014e-09
8.45497e-09
7.94921e-09
7.4641e-09
7.00035e-09
6.55826e-09
6.13775e-09
5.73841e-09
5.35961e-09
5.00049e-09
4.66006e-09
4.33721e-09
4.03079e-09
3.73959e-09
3.46243e-09
3.19812e-09
2.94557e-09
2.70372e-09
2.47161e-09
2.24838e-09
2.0333e-09
1.82576e-09
1.6253e-09
1.43163e-09
1.24465e-09
1.06449e-09
8.91493e-10
7.26328e-10
5.70004e-10
4.2399e-10
2.90393e-10
1.72331e-10
7.48798e-11
8.32808e-12
5.28457e-11
4.75247e-10
1.09391e-09
1.843e-09
2.68843e-09
3.60695e-09
4.57999e-09
5.59119e-09
6.62533e-09
7.66776e-09
8.70422e-09
9.72077e-09
1.07039e-08
1.16407e-08
1.25189e-08
1.33275e-08
1.40565e-08
1.46976e-08
1.52439e-08
1.56906e-08
1.6035e-08
1.6275e-08
1.64091e-08
1.64437e-08
1.63832e-08
1.62315e-08
1.59955e-08
1.56829e-08
1.53022e-08
1.48625e-08
1.4373e-08
1.38429e-08
1.32814e-08
1.26971e-08
1.20981e-08
1.14919e-08
1.08851e-08
1.02837e-08
9.69285e-09
9.11668e-09
8.55864e-09
8.02142e-09
7.50696e-09
7.01656e-09
6.55094e-09
6.11033e-09
5.69452e-09
5.30295e-09
4.93478e-09
4.58893e-09
4.26419e-09
3.95922e-09
3.67261e-09
3.40293e-09
3.14876e-09
2.9087e-09
2.68143e-09
2.46567e-09
2.26027e-09
2.06415e-09
1.87636e-09
1.69608e-09
1.52262e-09
1.35544e-09
1.19415e-09
1.03856e-09
8.88666e-10
7.44689e-10
6.07126e-10
4.76789e-10
3.54895e-10
2.43221e-10
1.44412e-10
6.27711e-11
6.98248e-12
5.3728e-11
4.83179e-10
1.11215e-09
1.87363e-09
2.73282e-09
3.66587e-09
4.65359e-09
5.67895e-09
6.72602e-09
7.77937e-09
8.82394e-09
9.84497e-09
1.08281e-08
1.17598e-08
1.2627e-08
1.34183e-08
1.41232e-08
1.47332e-08
1.52417e-08
1.56446e-08
1.59378e-08
1.612e-08
1.61928e-08
1.61645e-08
1.6037e-08
1.58171e-08
1.55127e-08
1.5133e-08
1.46875e-08
1.41865e-08
1.36401e-08
1.30584e-08
1.24513e-08
1.18278e-08
1.11964e-08
1.05648e-08
9.93963e-09
9.32669e-09
8.7308e-09
8.15584e-09
7.60479e-09
7.07981e-09
6.58229e-09
6.11298e-09
5.67202e-09
5.25908e-09
4.87342e-09
4.51399e-09
4.17948e-09
3.86844e-09
3.57926e-09
3.3103e-09
3.0599e-09
2.82639e-09
2.60819e-09
2.40374e-09
2.21161e-09
2.03043e-09
1.85898e-09
1.69612e-09
1.54087e-09
1.39235e-09
1.24985e-09
1.11277e-09
9.80695e-10
8.53351e-10
7.30659e-10
6.12744e-10
4.99964e-10
3.92964e-10
2.92742e-10
2.00776e-10
1.19284e-10
5.18712e-11
5.77113e-12
5.45212e-11
4.90309e-10
1.12854e-09
1.90114e-09
2.77266e-09
3.71864e-09
4.71928e-09
5.75687e-09
6.81475e-09
7.8767e-09
8.92684e-09
9.94959e-09
1.09298e-08
1.18531e-08
1.2706e-08
1.34763e-08
1.41535e-08
1.4729e-08
1.51968e-08
1.5551e-08
1.57903e-08
1.59109e-08
1.59234e-08
1.58292e-08
1.56341e-08
1.53461e-08
1.49746e-08
1.45297e-08
1.40226e-08
1.34643e-08
1.28659e-08
1.22385e-08
1.15922e-08
1.09366e-08
1.02804e-08
9.63126e-09
8.99568e-09
8.37919e-09
7.78619e-09
7.22005e-09
6.68318e-09
6.17711e-09
5.70262e-09
5.25978e-09
4.84813e-09
4.46675e-09
4.11436e-09
3.78939e-09
3.49013e-09
3.21471e-09
2.96124e-09
2.72781e-09
2.51253e-09
2.3136e-09
2.12929e-09
1.95797e-09
1.79814e-09
1.64842e-09
1.50756e-09
1.37443e-09
1.24804e-09
1.12754e-09
1.01221e-09
9.01459e-10
7.94846e-10
6.92081e-10
5.93039e-10
4.9777e-10
4.06535e-10
3.19838e-10
2.38489e-10
1.63707e-10
9.73296e-11
4.2345e-11
4.71232e-12
5.52032e-11
4.96439e-10
1.14263e-09
1.92479e-09
2.80683e-09
3.76375e-09
4.77513e-09
5.82259e-09
6.88872e-09
7.95652e-09
9.00927e-09
1.00306e-08
1.10045e-08
1.1916e-08
1.27509e-08
1.34968e-08
1.41432e-08
1.46814e-08
1.51039e-08
1.54075e-08
1.55882e-08
1.56499e-08
1.55994e-08
1.54393e-08
1.51775e-08
1.48234e-08
1.43876e-08
1.38818e-08
1.33179e-08
1.27081e-08
1.20646e-08
1.13988e-08
1.07213e-08
1.00421e-08
9.36982e-09
8.71192e-09
8.07469e-09
7.46316e-09
6.88118e-09
6.33148e-09
5.81579e-09
5.33492e-09
4.88894e-09
4.47723e-09
4.09869e-09
3.75179e-09
3.43471e-09
3.14545e-09
2.88186e-09
2.64178e-09
2.42303e-09
2.22352e-09
2.04122e-09
1.87422e-09
1.72075e-09
1.57916e-09
1.44796e-09
1.32579e-09
1.21145e-09
1.10387e-09
1.00209e-09
9.05324e-10
8.12888e-10
7.24234e-10
6.38944e-10
5.5673e-10
4.77451e-10
4.01117e-10
3.27915e-10
2.5824e-10
1.92744e-10
1.32423e-10
7.8789e-11
3.42965e-11
3.8176e-12
5.57516e-11
5.01369e-10
1.15396e-09
1.94377e-09
2.83419e-09
3.79967e-09
4.8192e-09
5.87373e-09
6.94512e-09
8.01557e-09
9.06758e-09
1.00839e-08
1.1048e-08
1.1944e-08
1.27576e-08
1.34764e-08
1.40888e-08
1.45854e-08
1.49609e-08
1.52116e-08
1.53327e-08
1.53366e-08
1.5223e-08
1.49987e-08
1.4673e-08
1.42566e-08
1.37614e-08
1.32004e-08
1.25865e-08
1.19331e-08
1.12527e-08
1.05573e-08
9.85799e-09
9.1646e-09
8.48567e-09
7.82835e-09
7.19844e-09
6.60036e-09
6.03727e-09
5.51115e-09
5.02295e-09
4.5727e-09
4.15972e-09
3.78268e-09
3.43984e-09
3.12909e-09
2.84812e-09
2.59451e-09
2.3658e-09
2.15954e-09
1.9734e-09
1.80514e-09
1.65268e-09
1.51409e-09
1.3876e-09
1.27162e-09
1.16472e-09
1.06565e-09
9.73273e-10
8.86617e-10
8.04838e-10
7.27215e-10
6.53148e-10
5.82155e-10
5.13863e-10
4.48019e-10
3.84486e-10
3.2326e-10
2.6448e-10
2.08457e-10
1.55716e-10
1.07067e-10
6.37454e-11
2.77615e-11
3.09094e-12
5.6145e-11
5.04905e-10
1.16208e-09
1.95734e-09
2.85363e-09
3.82491e-09
4.8496e-09
5.908e-09
6.98124e-09
8.05079e-09
9.09838e-09
1.0106e-08
1.10566e-08
1.19342e-08
1.27238e-08
1.34113e-08
1.39857e-08
1.44392e-08
1.47664e-08
1.49614e-08
1.50278e-08
1.49727e-08
1.47985e-08
1.45136e-08
1.41286e-08
1.36556e-08
1.31078e-08
1.24993e-08
1.1844e-08
1.11559e-08
1.04483e-08
9.73334e-09
9.02222e-09
8.32461e-09
7.64873e-09
7.00124e-09
6.38729e-09
5.81056e-09
5.27341e-09
4.77699e-09
4.3214e-09
3.9059e-09
3.52901e-09
3.18875e-09
2.88274e-09
2.60838e-09
2.36293e-09
2.14361e-09
1.94772e-09
1.77266e-09
1.61598e-09
1.47541e-09
1.34887e-09
1.23448e-09
1.13056e-09
1.03562e-09
9.48348e-10
8.67624e-10
7.92458e-10
7.22002e-10
6.55531e-10
5.9244e-10
5.32228e-10
4.74495e-10
4.1894e-10
3.65356e-10
3.13636e-10
2.63774e-10
2.15886e-10
1.70222e-10
1.2721e-10
8.75053e-11
5.21208e-11
2.27063e-11
2.52861e-12
5.63636e-11
5.0687e-10
1.16659e-09
1.96482e-09
2.86416e-09
3.83813e-09
4.86461e-09
5.92329e-09
6.99462e-09
8.05941e-09
9.09885e-09
1.00947e-08
1.10289e-08
1.18841e-08
1.26446e-08
1.32977e-08
1.38328e-08
1.42421e-08
1.45204e-08
1.46606e-08
1.46748e-08
1.45633e-08
1.43325e-08
1.39923e-08
1.35545e-08
1.30324e-08
1.24405e-08
1.17937e-08
1.11068e-08
1.03944e-08
9.66997e-09
8.94594e-09
8.23326e-09
7.54131e-09
6.87777e-09
6.24866e-09
5.65835e-09
5.10971e-09
4.60419e-09
4.1421e-09
3.72267e-09
3.34438e-09
3.00503e-09
2.70201e-09
2.43242e-09
2.19321e-09
1.9813e-09
1.79369e-09
1.62749e-09
1.48002e-09
1.34885e-09
1.23175e-09
1.12673e-09
1.03201e-09
9.46018e-10
8.67383e-10
7.95015e-10
7.27953e-10
6.65368e-10
6.06559e-10
5.50939e-10
4.98026e-10
4.47432e-10
3.98855e-10
3.52071e-10
3.06934e-10
2.63374e-10
2.21402e-10
1.81123e-10
1.42756e-10
1.06653e-10
7.33531e-11
4.36894e-11
1.90336e-11
2.11985e-12
5.63914e-11
5.07117e-10
1.16713e-09
1.96561e-09
2.86491e-09
3.83824e-09
4.86306e-09
5.91854e-09
6.98453e-09
8.04117e-09
9.06878e-09
1.00478e-08
1.096e-08
1.17883e-08
1.25178e-08
1.31352e-08
1.36301e-08
1.39949e-08
1.42233e-08
1.43143e-08
1.42779e-08
1.41147e-08
1.38333e-08
1.34448e-08
1.29623e-08
1.24002e-08
1.1774e-08
1.10992e-08
1.03915e-08
9.66561e-09
8.93515e-09
8.21241e-09
7.50803e-09
6.83087e-09
6.18796e-09
5.58451e-09
5.02407e-09
4.50859e-09
4.03865e-09
3.61368e-09
3.23212e-09
2.8917e-09
2.5896e-09
2.32266e-09
2.08755e-09
1.88089e-09
1.69938e-09
1.53988e-09
1.39941e-09
1.27523e-09
1.16509e-09
1.06693e-09
9.78893e-10
8.99335e-10
8.26873e-10
7.6036e-10
6.98744e-10
6.41191e-10
5.87032e-10
5.35735e-10
4.86876e-10
4.40124e-10
3.95229e-10
3.52007e-10
3.10335e-10
2.70147e-10
2.31429e-10
1.94228e-10
1.58647e-10
1.24866e-10
9.31753e-11
6.40235e-11
3.81081e-11
1.6596e-11
1.84833e-12
5.62245e-11
5.05619e-10
1.16369e-09
1.95973e-09
2.856e-09
3.82537e-09
4.84478e-09
5.8928e-09
6.94862e-09
7.9918e-09
9.0022e-09
9.96038e-09
1.08479e-08
1.16474e-08
1.23438e-08
1.29241e-08
1.33783e-08
1.36996e-08
1.38803e-08
1.39269e-08
1.38437e-08
1.3635e-08
1.33104e-08
1.28821e-08
1.23644e-08
1.17725e-08
1.11226e-08
1.04311e-08
9.71352e-09
8.98491e-09
8.25877e-09
7.54703e-09
6.85982e-09
6.20532e-09
5.58978e-09
5.01759e-09
4.49138e-09
4.01222e-09
3.57985e-09
3.19287e-09
2.84901e-09
2.54536e-09
2.27859e-09
2.04512e-09
1.8413e-09
1.66349e-09
1.50838e-09
1.37287e-09
1.2541e-09
1.14954e-09
1.05675e-09
9.73766e-10
8.98788e-10
8.30316e-10
7.67163e-10
7.08373e-10
6.53172e-10
6.00949e-10
5.51228e-10
5.03645e-10
4.57928e-10
4.13879e-10
3.71364e-10
3.30302e-10
2.90659e-10
2.52443e-10
2.15701e-10
1.80517e-10
1.47019e-10
1.15389e-10
8.58855e-11
5.88898e-11
3.49973e-11
1.5226e-11
1.69537e-12
5.58354e-11
5.02118e-10
1.15561e-09
1.94598e-09
2.83547e-09
3.79672e-09
4.80632e-09
5.84243e-09
6.88386e-09
7.90974e-09
8.89962e-09
9.83377e-09
1.06935e-08
1.14618e-08
1.21235e-08
1.26663e-08
1.30805e-08
1.336e-08
1.34968e-08
1.35037e-08
1.338e-08
1.31331e-08
1.27739e-08
1.23155e-08
1.17728e-08
1.11621e-08
1.04997e-08
9.80235e-09
9.08578e-09
8.36472e-09
7.65238e-09
6.96016e-09
6.29752e-09
5.67188e-09
5.08865e-09
4.55136e-09
4.06177e-09
3.62012e-09
3.22537e-09
2.87544e-09
2.56745e-09
2.29801e-09
2.06335e-09
1.85967e-09
1.68327e-09
1.5306e-09
1.39827e-09
1.28302e-09
1.18181e-09
1.09208e-09
1.01155e-09
9.38264e-10
8.70884e-10
8.08396e-10
7.4992e-10
6.94733e-10
6.42266e-10
5.92076e-10
5.43834e-10
4.97298e-10
4.52297e-10
4.08723e-10
3.66515e-10
3.25655e-10
2.86164e-10
2.48097e-10
2.11541e-10
1.76616e-10
1.43474e-10
1.12311e-10
8.33828e-11
5.70438e-11
3.38379e-11
1.4703e-11
1.63658e-12
5.5225e-11
4.96627e-10
1.14295e-09
1.9245e-09
2.80369e-09
3.75305e-09
4.74891e-09
5.76909e-09
6.79202e-09
7.79656e-09
8.76209e-09
9.6688e-09
1.04981e-08
1.12332e-08
1.18594e-08
1.23648e-08
1.27408e-08
1.29803e-08
1.30804e-08
1.30518e-08
1.28948e-08
1.26183e-08
1.22339e-08
1.17556e-08
1.11989e-08
1.05802e-08
9.91636e-09
9.22385e-09
8.51829e-09
7.81399e-09
7.12361e-09
6.45789e-09
5.82552e-09
5.2331e-09
4.6852e-09
4.18452e-09
3.73205e-09
3.3273e-09
2.9686e-09
2.65331e-09
2.37814e-09
2.13932e-09
1.933e-09
1.7553e-09
1.60224e-09
1.46991e-09
1.3546e-09
1.25325e-09
1.16335e-09
1.0827e-09
1.00947e-09
9.42157e-10
8.79487e-10
8.20443e-10
7.64269e-10
7.10406e-10
6.58453e-10
6.08131e-10
5.59255e-10
5.11715e-10
4.65451e-10
4.20449e-10
3.76726e-10
3.3433e-10
2.93335e-10
2.53842e-10
2.15979e-10
1.79897e-10
1.45776e-10
1.13826e-10
8.43051e-11
5.75536e-11
3.40842e-11
1.47938e-11
1.64628e-12
5.44029e-11
4.89233e-10
1.12591e-09
1.89565e-09
2.76116e-09
3.69495e-09
4.67318e-09
5.67342e-09
6.67389e-09
7.6533e-09
8.591e-09
9.46731e-09
1.02639e-08
1.09645e-08
1.15549e-08
1.20241e-08
1.23642e-08
1.25678e-08
1.2637e-08
1.25791e-08
1.23967e-08
1.20995e-08
1.16999e-08
1.12121e-08
1.0652e-08
1.00362e-08
9.38121e-09
8.70333e-09
8.01769e-09
7.338e-09
6.67622e-09
6.0423e-09
5.44413e-09
4.88749e-09
4.37618e-09
3.91215e-09
3.49572e-09
3.12584e-09
2.80034e-09
2.51623e-09
2.26992e-09
2.0575e-09
1.87485e-09
1.71772e-09
1.58219e-09
1.46468e-09
1.36198e-09
1.27122e-09
1.18988e-09
1.11586e-09
1.04745e-09
9.83301e-10
9.22366e-10
8.63853e-10
8.072e-10
7.52033e-10
6.98128e-10
6.45371e-10
5.93728e-10
5.43213e-10
4.93876e-10
4.45784e-10
3.99018e-10
3.53673e-10
3.09857e-10
2.67699e-10
2.27351e-10
1.88988e-10
1.52811e-10
1.19051e-10
8.79805e-11
5.99424e-11
3.54409e-11
1.53654e-11
1.70944e-12
5.33812e-11
4.80043e-10
1.10473e-09
1.85982e-09
2.70843e-09
3.62317e-09
4.58011e-09
5.55669e-09
6.53104e-09
7.48187e-09
8.38869e-09
9.23213e-09
9.9944e-09
1.06597e-08
1.12149e-08
1.16495e-08
1.19568e-08
1.21295e-08
1.21735e-08
1.20934e-08
1.18939e-08
1.15853e-08
1.11802e-08
1.06932e-08
1.014e-08
9.53693e-09
8.90026e-09
8.2456e-09
7.58744e-09
6.93873e-09
6.3106e-09
5.71217e-09
5.15053e-09
4.6307e-09
4.15579e-09
3.72712e-09
3.34452e-09
3.00651e-09
2.7106e-09
2.45356e-09
2.23166e-09
2.04083e-09
1.87704e-09
1.7363e-09
1.61478e-09
1.50894e-09
1.41564e-09
1.33214e-09
1.2561e-09
1.18559e-09
1.11907e-09
1.05534e-09
9.93498e-10
9.32983e-10
8.73437e-10
8.14669e-10
7.56633e-10
6.9939e-10
6.43066e-10
5.87816e-10
5.33802e-10
4.81178e-10
4.30083e-10
3.80646e-10
3.3299e-10
2.87248e-10
2.4357e-10
2.02136e-10
1.63157e-10
1.2688e-10
9.35937e-11
6.36571e-11
3.75832e-11
1.62775e-11
1.81054e-12
5.2179e-11
4.69229e-10
1.0798e-09
1.81767e-09
2.64646e-09
3.53897e-09
4.47129e-09
5.42086e-09
6.36583e-09
7.28509e-09
8.15849e-09
8.96717e-09
9.694e-09
1.0324e-08
1.0845e-08
1.12475e-08
1.15256e-08
1.16728e-08
1.16975e-08
1.16026e-08
1.13943e-08
1.10833e-08
1.06822e-08
1.02055e-08
9.6686e-09
9.08727e-09
8.47711e-09
7.85296e-09
7.22842e-09
6.61559e-09
6.02469e-09
5.46405e-09
4.93995e-09
4.45677e-09
4.01703e-09
3.62162e-09
3.26999e-09
2.9605e-09
2.69034e-09
2.45611e-09
2.2541e-09
2.0808e-09
1.9322e-09
1.80425e-09
1.69323e-09
1.59575e-09
1.5088e-09
1.42975e-09
1.35639e-09
1.28692e-09
1.21993e-09
1.15437e-09
1.08951e-09
1.02492e-09
9.60385e-10
8.95933e-10
8.31728e-10
7.68029e-10
7.05145e-10
6.43401e-10
5.83101e-10
5.24506e-10
4.67826e-10
4.13222e-10
3.60819e-10
3.10728e-10
2.63071e-10
2.17998e-10
1.75703e-10
1.36432e-10
1.00489e-10
6.82478e-11
4.02436e-11
1.7414e-11
1.93666e-12
5.08226e-11
4.57026e-10
1.05167e-09
1.77008e-09
2.57653e-09
3.44407e-09
4.34891e-09
5.26858e-09
6.18142e-09
7.06667e-09
7.90467e-09
8.67726e-09
9.36818e-09
9.96345e-09
1.04518e-08
1.0825e-08
1.10781e-08
1.12053e-08
1.12168e-08
1.11144e-08
1.09054e-08
1.06005e-08
1.02122e-08
9.75449e-09
9.24222e-09
8.69038e-09
8.11366e-09
7.52592e-09
6.93982e-09
6.36644e-09
5.81515e-09
5.29345e-09
4.80695e-09
4.35945e-09
3.95306e-09
3.58839e-09
3.26426e-09
2.97855e-09
2.72942e-09
2.51418e-09
2.32933e-09
2.17056e-09
2.03389e-09
1.91556e-09
1.8121e-09
1.72027e-09
1.63719e-09
1.56035e-09
1.48763e-09
1.41731e-09
1.34806e-09
1.27893e-09
1.20928e-09
1.1388e-09
1.06746e-09
9.95454e-10
9.23149e-10
8.51027e-10
7.79628e-10
7.09494e-10
6.41126e-10
5.74942e-10
5.11262e-10
4.50299e-10
3.92182e-10
3.36983e-10
2.84759e-10
2.35589e-10
1.8961e-10
1.47033e-10
1.08153e-10
7.336e-11
4.32101e-11
1.8682e-11
2.07746e-12
4.93458e-11
4.43737e-10
1.02102e-09
1.71822e-09
2.50031e-09
3.34067e-09
4.21571e-09
5.10317e-09
5.98172e-09
6.8311e-09
7.63233e-09
8.36814e-09
9.02327e-09
9.58486e-09
1.00428e-08
1.039e-08
1.06222e-08
1.07353e-08
1.07395e-08
1.06366e-08
1.04345e-08
1.01435e-08
9.7759e-09
9.3449e-09
8.86446e-09
8.34863e-09
7.811e-09
7.26436e-09
6.72027e-09
6.18884e-09
5.67855e-09
5.19616e-09
4.74669e-09
4.33339e-09
3.95729e-09
3.61851e-09
3.31777e-09
3.05418e-09
2.82478e-09
2.62607e-09
2.45448e-09
2.30646e-09
2.17842e-09
2.06683e-09
1.96834e-09
1.87987e-09
1.79864e-09
1.72221e-09
1.64852e-09
1.57588e-09
1.50299e-09
1.42891e-09
1.35309e-09
1.27527e-09
1.19555e-09
1.11427e-09
1.032e-09
9.49469e-10
8.67486e-10
7.86875e-10
7.08403e-10
6.32723e-10
5.60333e-10
4.91556e-10
4.2655e-10
3.65347e-10
3.0791e-10
2.54201e-10
2.04241e-10
1.58151e-10
1.1618e-10
7.87088e-11
4.63113e-11
2.00065e-11
2.22455e-12
4.77896e-11
4.29732e-10
9.88704e-10
1.6635e-09
2.41982e-09
3.23143e-09
4.07499e-09
4.92858e-09
5.77133e-09
6.58363e-09
7.34738e-09
8.04633e-09
8.66641e-09
9.19598e-09
9.62613e-09
9.95085e-09
1.0167e-08
1.02715e-08
1.02743e-08
1.01776e-08
9.9893e-09
9.71943e-09
9.37941e-09
8.98169e-09
8.53914e-09
8.06464e-09
7.5706e-09
7.06861e-09
6.56913e-09
6.08128e-09
5.61266e-09
5.16931e-09
4.75451e-09
4.37102e-09
4.02245e-09
3.71031e-09
3.43302e-09
3.18851e-09
2.97446e-09
2.78817e-09
2.62653e-09
2.48628e-09
2.36406e-09
2.2566e-09
2.16075e-09
2.07356e-09
1.99235e-09
1.91474e-09
1.83869e-09
1.76249e-09
1.68482e-09
1.60472e-09
1.52161e-09
1.43527e-09
1.34585e-09
1.2538e-09
1.15987e-09
1.06502e-09
9.70366e-10
8.77057e-10
7.86214e-10
6.98824e-10
6.15667e-10
5.37266e-10
4.63879e-10
3.95528e-10
3.32075e-10
2.73316e-10
2.19084e-10
1.69338e-10
1.24215e-10
8.40451e-11
4.93968e-11
2.13214e-11
2.37058e-12
4.62026e-11
4.15445e-10
9.55706e-10
1.60755e-09
2.33741e-09
3.11942e-09
3.93058e-09
4.74936e-09
5.55551e-09
6.33024e-09
7.0565e-09
7.71924e-09
8.30567e-09
8.80546e-09
9.21095e-09
9.51723e-09
9.72215e-09
9.82377e-09
9.83087e-09
9.74668e-09
9.57866e-09
9.33618e-09
9.02984e-09
8.67099e-09
8.27133e-09
7.84246e-09
7.3955e-09
6.94082e-09
6.48775e-09
6.04452e-09
5.61664e-09
5.20838e-09
4.8266e-09
4.47557e-09
4.15574e-09
3.86686e-09
3.60847e-09
3.3793e-09
3.17746e-09
3.00054e-09
2.84582e-09
2.71038e-09
2.5912e-09
2.48525e-09
2.38962e-09
2.30152e-09
2.21838e-09
2.13788e-09
2.05797e-09
1.97693e-09
1.89337e-09
1.80625e-09
1.71491e-09
1.6191e-09
1.51893e-09
1.41491e-09
1.3079e-09
1.19906e-09
1.08979e-09
9.81613e-10
8.76057e-10
7.74549e-10
6.78275e-10
5.88091e-10
5.0447e-10
4.27507e-10
3.5699e-10
2.92524e-10
2.33686e-10
1.80175e-10
1.31917e-10
8.91248e-11
5.23192e-11
2.25621e-11
2.50832e-12
4.46396e-11
4.01367e-10
9.23153e-10
1.55225e-09
2.25575e-09
3.00815e-09
3.78677e-09
4.57061e-09
5.34016e-09
6.07763e-09
6.76718e-09
7.39513e-09
7.95007e-09
8.42307e-09
8.80768e-09
9.10004e-09
9.29884e-09
9.40324e-09
9.42043e-09
9.35478e-09
9.21296e-09
9.00356e-09
8.73617e-09
8.42094e-09
8.06828e-09
7.68844e-09
7.29125e-09
6.8859e-09
6.47974e-09
6.07777e-09
5.6886e-09
5.31968e-09
4.9737e-09
4.65221e-09
4.35683e-09
4.08814e-09
3.84591e-09
3.62922e-09
3.43654e-09
3.26589e-09
3.11496e-09
2.98123e-09
2.86202e-09
2.75464e-09
2.65642e-09
2.56478e-09
2.47728e-09
2.3917e-09
2.306e-09
2.21845e-09
2.12756e-09
2.03222e-09
1.93164e-09
1.82546e-09
1.7137e-09
1.59682e-09
1.4757e-09
1.35163e-09
1.22621e-09
1.10132e-09
9.78918e-10
8.60947e-10
7.4912e-10
6.4478e-10
5.48776e-10
4.61416e-10
3.82505e-10
3.11479e-10
2.47608e-10
1.90223e-10
1.38923e-10
9.36862e-11
5.49199e-11
2.36591e-11
2.63003e-12
4.31603e-11
3.88035e-10
8.9227e-10
1.49962e-09
2.17773e-09
2.90136e-09
3.64821e-09
4.39783e-09
5.13164e-09
5.83304e-09
6.48757e-09
7.08305e-09
7.60958e-09
8.05958e-09
8.42782e-09
8.71139e-09
8.90959e-09
9.02267e-09
9.05577e-09
9.01449e-09
8.90443e-09
8.73326e-09
8.50943e-09
8.24183e-09
7.9395e-09
7.6113e-09
7.26551e-09
6.90757e-09
6.54535e-09
6.18888e-09
5.84342e-09
5.51204e-09
5.19784e-09
4.90334e-09
4.63017e-09
4.37913e-09
4.15028e-09
3.94304e-09
3.75633e-09
3.58861e-09
3.43802e-09
3.30246e-09
3.17968e-09
3.06732e-09
2.96303e-09
2.8645e-09
2.76947e-09
2.67584e-09
2.58166e-09
2.48518e-09
2.38492e-09
2.27964e-09
2.16846e-09
2.05084e-09
1.92666e-09
1.79625e-09
1.6604e-09
1.52039e-09
1.37794e-09
1.23514e-09
1.09436e-09
9.58038e-10
8.28504e-10
7.07723e-10
5.97106e-10
4.97368e-10
4.08494e-10
3.29846e-10
2.6039e-10
1.99011e-10
1.44833e-10
9.74396e-11
5.70199e-11
2.45324e-11
2.72664e-12
4.18253e-11
3.75991e-10
8.64296e-10
1.45173e-09
2.10628e-09
2.80287e-09
3.51954e-09
4.23655e-09
4.93638e-09
5.60382e-09
6.226e-09
6.79235e-09
7.2945e-09
7.72623e-09
8.08341e-09
8.36394e-09
8.56756e-09
8.69538e-09
8.75034e-09
8.73904e-09
8.66591e-09
8.53758e-09
8.36126e-09
8.14452e-09
7.89514e-09
7.61867e-09
7.32059e-09
7.01192e-09
6.70052e-09
6.39015e-09
6.08467e-09
5.78817e-09
5.50384e-09
5.2341e-09
4.98065e-09
4.74449e-09
4.52598e-09
4.32493e-09
4.14069e-09
3.97219e-09
3.81804e-09
3.67661e-09
3.54609e-09
3.42454e-09
3.30996e-09
3.20035e-09
3.09373e-09
2.98819e-09
2.88192e-09
2.77327e-09
2.66074e-09
2.54309e-09
2.41933e-09
2.2888e-09
2.15119e-09
2.00665e-09
1.85578e-09
1.69971e-09
1.54012e-09
1.37916e-09
1.21945e-09
1.06384e-09
9.15234e-10
7.76301e-10
6.49167e-10
5.35169e-10
4.34699e-10
3.47234e-10
2.71527e-10
2.05991e-10
1.49043e-10
9.98274e-11
5.82517e-11
2.50219e-11
2.78072e-12
4.06867e-11
3.65704e-10
8.40299e-10
1.41033e-09
2.04386e-09
2.71585e-09
3.40466e-09
4.09137e-09
4.75976e-09
5.39621e-09
5.9896e-09
6.53107e-09
7.01378e-09
7.43279e-09
7.78489e-09
8.06855e-09
8.28378e-09
8.432e-09
8.51528e-09
8.53859e-09
8.5067e-09
8.42468e-09
8.2986e-09
8.13406e-09
7.93428e-09
7.70838e-09
7.46597e-09
7.21075e-09
6.9467e-09
6.67881e-09
6.41123e-09
6.14757e-09
5.89078e-09
5.64324e-09
5.40671e-09
5.18239e-09
4.97094e-09
4.77256e-09
4.58703e-09
4.41376e-09
4.25185e-09
4.10015e-09
3.95732e-09
3.82189e-09
3.69228e-09
3.56685e-09
3.44396e-09
3.32199e-09
3.19937e-09
3.07458e-09
2.94625e-09
2.81315e-09
2.6743e-09
2.52895e-09
2.37667e-09
2.21738e-09
2.05146e-09
1.87979e-09
1.70381e-09
1.52558e-09
1.34772e-09
1.17329e-09
1.00563e-09
8.48029e-10
7.03397e-10
5.7386e-10
4.60477e-10
3.63084e-10
2.80435e-10
2.10308e-10
1.5086e-10
1.00575e-10
5.85337e-11
2.51039e-11
2.78941e-12
3.97705e-11
3.57403e-10
8.20801e-10
1.37626e-09
1.99159e-09
2.64162e-09
3.30508e-09
3.96405e-09
4.60381e-09
5.21259e-09
5.78116e-09
6.30238e-09
6.77089e-09
7.18281e-09
7.53569e-09
7.82836e-09
8.06079e-09
8.23399e-09
8.34998e-09
8.41134e-09
8.42267e-09
8.38789e-09
8.31118e-09
8.1962e-09
8.05214e-09
7.883e-09
7.69227e-09
7.48495e-09
7.2654e-09
7.03767e-09
6.80543e-09
6.57191e-09
6.33987e-09
6.11162e-09
5.889e-09
5.67339e-09
5.46574e-09
5.26661e-09
5.07619e-09
4.89437e-09
4.72072e-09
4.5546e-09
4.39518e-09
4.24145e-09
4.0923e-09
3.94654e-09
3.80294e-09
3.66023e-09
3.51716e-09
3.37243e-09
3.22484e-09
3.07329e-09
2.91685e-09
2.75481e-09
2.58676e-09
2.41243e-09
2.2319e-09
2.04575e-09
1.85513e-09
1.6618e-09
1.46816e-09
1.27722e-09
1.09245e-09
9.17559e-10
7.56118e-10
6.11091e-10
4.84383e-10
3.76459e-10
2.86117e-10
2.11723e-10
1.5046e-10
9.96264e-11
5.77356e-11
2.47019e-11
2.74396e-12
3.90435e-11
3.50788e-10
8.05092e-10
1.34823e-09
1.94744e-09
2.57728e-09
3.21693e-09
3.84972e-09
4.46277e-09
5.04636e-09
5.59323e-09
6.09793e-09
6.55635e-09
6.96549e-09
7.32328e-09
7.62858e-09
7.88103e-09
8.08114e-09
8.23015e-09
8.33002e-09
8.38335e-09
8.39347e-09
8.36579e-09
8.30398e-09
8.21091e-09
8.09078e-09
7.94737e-09
7.78448e-09
7.60574e-09
7.41456e-09
7.21416e-09
7.00743e-09
6.79698e-09
6.58504e-09
6.37352e-09
6.16393e-09
5.9575e-09
5.75509e-09
5.5573e-09
5.36441e-09
5.1765e-09
4.99339e-09
4.81475e-09
4.64006e-09
4.46869e-09
4.29991e-09
4.13295e-09
3.96704e-09
3.80137e-09
3.63478e-09
3.46617e-09
3.29465e-09
3.11945e-09
2.9399e-09
2.75545e-09
2.56596e-09
2.37158e-09
2.17277e-09
1.97042e-09
1.76589e-09
1.56115e-09
1.35876e-09
1.1619e-09
9.74198e-10
7.9947e-10
6.41291e-10
5.02476e-10
3.84614e-10
2.87817e-10
2.09726e-10
1.46978e-10
9.63508e-11
5.55017e-11
2.36711e-11
2.62858e-12
3.83595e-11
3.44535e-10
7.90077e-10
1.32086e-09
1.90326e-09
2.51152e-09
3.12556e-09
3.7304e-09
4.31537e-09
4.87304e-09
5.39807e-09
5.88647e-09
6.33511e-09
6.74155e-09
7.10391e-09
7.42078e-09
7.69135e-09
7.91538e-09
8.09315e-09
8.22524e-09
8.31438e-09
8.36395e-09
8.37634e-09
8.35734e-09
8.3081e-09
8.23077e-09
8.12847e-09
8.00418e-09
7.86082e-09
7.70111e-09
7.52798e-09
7.3442e-09
7.1522e-09
6.95415e-09
6.75197e-09
6.54727e-09
6.34145e-09
6.13563e-09
5.93073e-09
5.7274e-09
5.52611e-09
5.32714e-09
5.13057e-09
4.93636e-09
4.74429e-09
4.55403e-09
4.36511e-09
4.17687e-09
3.98861e-09
3.79998e-09
3.61065e-09
3.42014e-09
3.22794e-09
3.03356e-09
2.83659e-09
2.63673e-09
2.4339e-09
2.22826e-09
2.02033e-09
1.81105e-09
1.60194e-09
1.39513e-09
1.19345e-09
1.00034e-09
8.19616e-10
6.55105e-10
5.10059e-10
3.86524e-10
2.84806e-10
2.03591e-10
1.40052e-10
9.04916e-11
5.16577e-11
2.19303e-11
2.4341e-12
3.738e-11
3.35572e-10
7.68552e-10
1.28166e-09
1.84028e-09
2.41868e-09
2.9983e-09
3.56664e-09
4.11571e-09
4.6403e-09
5.13675e-09
5.6023e-09
6.03453e-09
6.43124e-09
6.79043e-09
7.11035e-09
7.38963e-09
7.62733e-09
7.82338e-09
7.97952e-09
8.09659e-09
8.17586e-09
8.21834e-09
8.22594e-09
8.20339e-09
8.15188e-09
8.07439e-09
7.97414e-09
7.85401e-09
7.7172e-09
7.56573e-09
7.40136e-09
7.22601e-09
7.04156e-09
6.8498e-09
6.65233e-09
6.45062e-09
6.24594e-09
6.0394e-09
5.83192e-09
5.62425e-09
5.41698e-09
5.21057e-09
5.0053e-09
4.80134e-09
4.59872e-09
4.39734e-09
4.19691e-09
3.99697e-09
3.79754e-09
3.5985e-09
3.39965e-09
3.20074e-09
3.00149e-09
2.80161e-09
2.60087e-09
2.39911e-09
2.19632e-09
1.99274e-09
1.78888e-09
1.58569e-09
1.38466e-09
1.18788e-09
9.98112e-10
8.18718e-10
6.53425e-10
5.05898e-10
3.79112e-10
2.74641e-10
1.92124e-10
1.29114e-10
8.1745e-11
4.6039e-11
1.94107e-11
2.153e-12
3.54792e-11
3.18221e-10
7.27165e-10
1.20756e-09
1.72442e-09
2.2535e-09
2.77933e-09
3.29281e-09
3.78861e-09
4.2635e-09
4.71514e-09
5.14128e-09
5.5396e-09
5.90775e-09
6.24356e-09
6.54518e-09
6.81137e-09
7.04177e-09
7.23648e-09
7.39501e-09
7.51805e-09
7.60656e-09
7.66168e-09
7.68495e-09
7.67928e-09
7.64802e-09
7.58998e-09
7.50943e-09
7.40857e-09
7.28927e-09
7.15383e-09
7.00456e-09
6.84348e-09
6.67242e-09
6.49304e-09
6.30688e-09
6.11533e-09
5.91964e-09
5.7209e-09
5.5201e-09
5.31805e-09
5.11545e-09
4.91288e-09
4.71081e-09
4.50957e-09
4.30944e-09
4.11062e-09
3.91329e-09
3.71775e-09
3.52391e-09
3.33167e-09
3.1409e-09
2.95144e-09
2.7631e-09
2.57568e-09
2.38897e-09
2.20278e-09
2.017e-09
1.83163e-09
1.64687e-09
1.46321e-09
1.28155e-09
1.10327e-09
9.30408e-10
7.65614e-10
6.12105e-10
4.73372e-10
3.52674e-10
2.52335e-10
1.73021e-10
1.13317e-10
6.9893e-11
3.85973e-11
1.61044e-11
1.78458e-12
3.16704e-11
2.83536e-10
6.44943e-10
1.0631e-09
1.50555e-09
1.95271e-09
2.39373e-09
2.82286e-09
3.2368e-09
3.63312e-09
4.00943e-09
4.36344e-09
4.69289e-09
4.9957e-09
5.27018e-09
5.51515e-09
5.7301e-09
5.91499e-09
6.07031e-09
6.197e-09
6.29547e-09
6.36632e-09
6.4105e-09
6.42922e-09
6.4248e-09
6.40048e-09
6.35331e-09
6.28737e-09
6.20435e-09
6.10589e-09
5.99375e-09
5.86959e-09
5.73502e-09
5.59155e-09
5.44054e-09
5.28329e-09
5.12097e-09
4.95465e-09
4.7853e-09
4.61379e-09
4.4409e-09
4.2673e-09
4.0936e-09
3.9203e-09
3.74782e-09
3.57653e-09
3.40671e-09
3.23864e-09
3.07257e-09
2.90849e-09
2.74641e-09
2.58628e-09
2.42801e-09
2.27151e-09
2.11662e-09
1.96319e-09
1.81104e-09
1.66001e-09
1.51e-09
1.36099e-09
1.21313e-09
1.06683e-09
9.22865e-10
7.82476e-10
6.47472e-10
5.20234e-10
4.03598e-10
3.00523e-10
2.13559e-10
1.44147e-10
9.20163e-11
5.49934e-11
2.95332e-11
1.21265e-11
1.34171e-12
2.46923e-11
2.20166e-10
4.96042e-10
8.07749e-10
1.13108e-09
1.45349e-09
1.76824e-09
2.07147e-09
2.3605e-09
2.63322e-09
2.88795e-09
3.12339e-09
3.33864e-09
3.53315e-09
3.70672e-09
3.85942e-09
3.99152e-09
4.10347e-09
4.19591e-09
4.26955e-09
4.3251e-09
4.36322e-09
4.3846e-09
4.38991e-09
4.38233e-09
4.3613e-09
4.32614e-09
4.27911e-09
4.22131e-09
4.15374e-09
4.07741e-09
3.9933e-09
3.90236e-09
3.8055e-09
3.70358e-09
3.5974e-09
3.48772e-09
3.37523e-09
3.26055e-09
3.14427e-09
3.02691e-09
2.90894e-09
2.79076e-09
2.67274e-09
2.5552e-09
2.43837e-09
2.32249e-09
2.20773e-09
2.09428e-09
1.98224e-09
1.87168e-09
1.76262e-09
1.65507e-09
1.54899e-09
1.4443e-09
1.34093e-09
1.23876e-09
1.13766e-09
1.03752e-09
9.38258e-10
8.39841e-10
7.4237e-10
6.46139e-10
5.51718e-10
4.60057e-10
3.72547e-10
2.91026e-10
2.17638e-10
1.5452e-10
1.03294e-10
6.45034e-11
3.72412e-11
1.92488e-11
7.70481e-12
8.50218e-13
1.38916e-11
1.2208e-10
2.69527e-10
4.31004e-10
5.94339e-10
7.52788e-10
9.0303e-10
1.04363e-09
1.17408e-09
1.2943e-09
1.40442e-09
1.50466e-09
1.59525e-09
1.67648e-09
1.7486e-09
1.81185e-09
1.86649e-09
1.91276e-09
1.95094e-09
1.98133e-09
2.00419e-09
2.01979e-09
2.02836e-09
2.02999e-09
2.02664e-09
2.0175e-09
2.00207e-09
1.9815e-09
1.95617e-09
1.92649e-09
1.89284e-09
1.85562e-09
1.81523e-09
1.77203e-09
1.7264e-09
1.67869e-09
1.62921e-09
1.57829e-09
1.5262e-09
1.47322e-09
1.41958e-09
1.36551e-09
1.31121e-09
1.25684e-09
1.20256e-09
1.14842e-09
1.09451e-09
1.04099e-09
9.87956e-10
9.35511e-10
8.83717e-10
8.32619e-10
7.82239e-10
7.32585e-10
6.83644e-10
6.3539e-10
5.8778e-10
5.40763e-10
4.94278e-10
4.48269e-10
4.02692e-10
3.5754e-10
3.12867e-10
2.68836e-10
2.25765e-10
1.84183e-10
1.4487e-10
1.08846e-10
7.72704e-11
5.12032e-11
3.12664e-11
1.7333e-11
8.4689e-12
3.23421e-12
3.57422e-13
2.2732e-12
1.68896e-11
3.49472e-11
5.39948e-11
7.27448e-11
9.04944e-11
1.06976e-10
1.22154e-10
1.36085e-10
1.4885e-10
1.60527e-10
1.7118e-10
1.80854e-10
1.89578e-10
1.97377e-10
2.04271e-10
2.10274e-10
2.15405e-10
2.19682e-10
2.23128e-10
2.25765e-10
2.27615e-10
2.28695e-10
2.29003e-10
2.28743e-10
2.27896e-10
2.2631e-10
2.24144e-10
2.21438e-10
2.18234e-10
2.14575e-10
2.10502e-10
2.06059e-10
2.01287e-10
1.96227e-10
1.90918e-10
1.85397e-10
1.79699e-10
1.73857e-10
1.67902e-10
1.61862e-10
1.55763e-10
1.49627e-10
1.43478e-10
1.37335e-10
1.31245e-10
1.25209e-10
1.1922e-10
1.13282e-10
1.07404e-10
1.01594e-10
9.58555e-11
9.01938e-11
8.46104e-11
7.91048e-11
7.36751e-11
6.83173e-11
6.30263e-11
5.77958e-11
5.26194e-11
4.74917e-11
4.24102e-11
3.73782e-11
3.24087e-11
2.75302e-11
2.27916e-11
1.82681e-11
1.40616e-11
1.02936e-11
7.0858e-12
4.52785e-12
2.64306e-12
1.36962e-12
5.72409e-13
7.55076e-14
)
;

boundaryField
{
    movingWall
    {
        type            kqRWallFunction;
        value           nonuniform List<scalar> 
75
(
2.2732e-12
1.68896e-11
3.49472e-11
5.39948e-11
7.27448e-11
9.04944e-11
1.06976e-10
1.22154e-10
1.36085e-10
1.4885e-10
1.60527e-10
1.7118e-10
1.80854e-10
1.89578e-10
1.97377e-10
2.04271e-10
2.10274e-10
2.15405e-10
2.19682e-10
2.23128e-10
2.25765e-10
2.27615e-10
2.28695e-10
2.29003e-10
2.28743e-10
2.27896e-10
2.2631e-10
2.24144e-10
2.21438e-10
2.18234e-10
2.14575e-10
2.10502e-10
2.06059e-10
2.01287e-10
1.96227e-10
1.90918e-10
1.85397e-10
1.79699e-10
1.73857e-10
1.67902e-10
1.61862e-10
1.55763e-10
1.49627e-10
1.43478e-10
1.37335e-10
1.31245e-10
1.25209e-10
1.1922e-10
1.13282e-10
1.07404e-10
1.01594e-10
9.58555e-11
9.01938e-11
8.46104e-11
7.91048e-11
7.36751e-11
6.83173e-11
6.30263e-11
5.77958e-11
5.26194e-11
4.74917e-11
4.24102e-11
3.73782e-11
3.24087e-11
2.75302e-11
2.27916e-11
1.82681e-11
1.40616e-11
1.02936e-11
7.0858e-12
4.52785e-12
2.64306e-12
1.36962e-12
5.72409e-13
7.55076e-14
)
;
    }
    fixedWalls
    {
        type            kqRWallFunction;
        value           nonuniform List<scalar> 
225
(
1.15412e-13
7.8064e-13
1.73556e-12
2.87098e-12
4.13613e-12
5.49903e-12
6.93621e-12
8.42888e-12
9.96129e-12
1.15198e-11
1.30923e-11
1.46681e-11
1.62378e-11
1.77929e-11
1.9326e-11
2.08307e-11
2.23017e-11
2.37346e-11
2.5126e-11
2.64737e-11
2.77763e-11
2.90335e-11
3.0246e-11
3.14154e-11
3.25443e-11
3.3636e-11
3.46948e-11
3.57253e-11
3.6733e-11
3.77234e-11
3.87024e-11
3.96759e-11
4.06494e-11
4.1628e-11
4.26162e-11
4.3617e-11
4.46324e-11
4.56627e-11
4.67062e-11
4.77589e-11
4.88145e-11
4.9864e-11
5.08957e-11
5.18952e-11
5.28457e-11
5.3728e-11
5.45212e-11
5.52032e-11
5.57516e-11
5.6145e-11
5.63636e-11
5.63914e-11
5.62245e-11
5.58354e-11
5.5225e-11
5.44029e-11
5.33812e-11
5.2179e-11
5.08226e-11
4.93458e-11
4.77896e-11
4.62026e-11
4.46396e-11
4.31603e-11
4.18253e-11
4.06867e-11
3.97705e-11
3.90435e-11
3.83595e-11
3.738e-11
3.54792e-11
3.16704e-11
2.46923e-11
1.38916e-11
2.2732e-12
1.12577e-13
7.61464e-13
1.6927e-12
2.79926e-12
4.03084e-12
5.35521e-12
6.74816e-12
8.18977e-12
9.66278e-12
1.11516e-11
1.26419e-11
1.41203e-11
1.5574e-11
1.69909e-11
1.83594e-11
1.96682e-11
2.09065e-11
2.2064e-11
2.31306e-11
2.40966e-11
2.49528e-11
2.56905e-11
2.63014e-11
2.67778e-11
2.71128e-11
2.73002e-11
2.73348e-11
2.72127e-11
2.69308e-11
2.64878e-11
2.58843e-11
2.51229e-11
2.42085e-11
2.31485e-11
2.19532e-11
2.0636e-11
1.92135e-11
1.77056e-11
1.61355e-11
1.45292e-11
1.2915e-11
1.13231e-11
9.78417e-12
8.32808e-12
6.98248e-12
5.77113e-12
4.71232e-12
3.8176e-12
3.09094e-12
2.52861e-12
2.11985e-12
1.84833e-12
1.69537e-12
1.63658e-12
1.64628e-12
1.70944e-12
1.81054e-12
1.93666e-12
2.07746e-12
2.22455e-12
2.37058e-12
2.50832e-12
2.63003e-12
2.72664e-12
2.78072e-12
2.78941e-12
2.74396e-12
2.62858e-12
2.4341e-12
2.153e-12
1.78458e-12
1.34171e-12
8.50218e-13
3.57422e-13
7.55076e-14
1.15412e-13
8.71728e-13
1.8473e-12
3.01119e-12
4.32147e-12
5.74648e-12
7.26301e-12
8.85316e-12
1.05022e-11
1.21973e-11
1.39271e-11
1.5681e-11
1.74493e-11
1.92225e-11
2.09918e-11
2.27489e-11
2.44855e-11
2.61938e-11
2.78665e-11
2.94964e-11
3.10765e-11
3.26005e-11
3.40621e-11
3.54554e-11
3.6775e-11
3.80156e-11
3.91724e-11
4.0241e-11
4.12173e-11
4.20977e-11
4.28789e-11
4.3558e-11
4.41325e-11
4.46005e-11
4.49601e-11
4.52104e-11
4.53503e-11
4.53796e-11
4.52984e-11
4.51071e-11
4.48064e-11
4.43978e-11
4.38829e-11
4.32638e-11
4.25429e-11
4.17231e-11
4.08076e-11
3.98001e-11
3.87044e-11
3.75249e-11
3.62661e-11
3.49329e-11
3.35307e-11
3.20649e-11
3.05414e-11
2.89662e-11
2.73458e-11
2.56868e-11
2.39961e-11
2.22808e-11
2.05485e-11
1.88069e-11
1.70641e-11
1.53284e-11
1.36087e-11
1.19144e-11
1.02556e-11
8.64307e-12
7.08911e-12
5.60788e-12
4.21662e-12
2.93779e-12
1.80212e-12
8.50352e-13
1.12577e-13
)
;
    }
    frontAndBack
    {
        type            empty;
    }
}


// ************************************************************************* //
